1	A	-0.472	-
2	A	0.287	-
3	T	0.291	-
4	C	0.372	-
5	T	-0.319	-
6	G	-0.311	-0.09392064
7	A	-0.368	-0.01799
8	A	-0.233	-0.00691
9	G	-0.254	0.001035545
10	T	-0.323	0.013639
11	T	0.298	0.03137727
12	T	0.362	0.02633064
13	C	0.409	0.03244891
14	C	0.378	0.02653709
15	C	0.511	0.02879645
16	T	-0.124	0.03356018
17	T	-0.366	0.01937782
18	A	-0.301	0.02173473
19	A	-0.298	-0.007488045
20	C	-0.229	-0.001657591
21	A	-0.270	-0.01503023
22	C	0.142	0.03253768
23	T	0.388	0.0669171
24	G	0.088	0.1001953
25	C	0.442	0.153985
26	C	0.364	0.1402539
27	T	0.398	0.1833761
28	C	0.011	0.1906145
29	T	0.064	0.1748163
30	T	0.292	0.1943506
31	T	-0.380	0.156315
32	T	0.203	0.1500411
33	C	0.222	0.1455972
34	C	0.214	0.1142879
35	T	0.303	0.06795247
36	T	0.024	0.07159984
37	C	0.295	0.1454282
38	T	0.349	0.168858
39	T	-0.333	0.1846109
40	T	-0.445	0.1678141
41	A	0.333	0.1284382
42	T	0.431	0.1313021
43	C	0.461	0.07946199
44	T	0.395	0.05671751
45	T	0.030	0.08700887
46	T	-0.130	0.1487731
47	C	0.055	0.1335442
48	A	-0.274	0.09548627
49	C	0.099	0.07822891
50	A	0	0.01533473
 51	G	0.234	0.0462827
52	G	0.165	0.03157897
53	T	0.013	0.03474792
54	A	0.271	0.0583566
55	T	-0.296	0.0597589
56	T	0.370	0.1012441
57	C	-0.291	0.1219392
58	A	0.090	0.1397281
59	T	-0.015	0.1116597
60	C	0.115	0.1036861
61	C	0.456	0.100387
62	C	0.461	0.02413541
63	A	0.361	0.009039955
64	G	-0.295	0.006799555
65	T	0.183	0.0468316
66	G	-0.332	0.07264533
67	A	-0.468	0.07064769
68	A	-0.457	0.06789051
69	T	0.066	0.05515878
70	C	0.425	0.1089281
71	T	0.399	0.1313259
72	C	0.434	0.2035795
73	C	0.431	0.2260241
74	T	0.221	0.2577562
75	G	0.295	0.2662312
76	C	0.430	0.243187
77	A	0.462	0.1860186
78	T	-0.221	0.1318226
79	G	-0.108	0.06681473
80	T	0.159	0.086182
81	C	0.171	0.07153182
82	A	-0.229	0.01813273
83	A	-0.161	-0.03382664
84	A	-0.283	0.01895418
85	C	0.434	0.05375945
86	A	0.134	0.01236009
87	T	-0.157	-0.03173545
88	G	-0.109	-0.01085582
89	T	0.359	0.02424609
90	C	0.274	0.08041736
91	T	-0.296	0.06469864
92	T	-0.313	0.07457636
93	G	0	0.1286936
 94	G	0.224	0.1615758
95	T	0.334	0.09903827
96	G	0.261	0.04148264
97	C	0.243	0.1037835
98	C	0.437	0.1030305
99	T	0.252	0.1436176
100	G	-0.328	0.1351149
101	A	-0.359	0.1204128
102	T	0.389	0.08474436
103	T	-0.321	0.022545
104	C	0.446	-0.06667327
105	T	0.130	-0.06321118
106	G	0.172	-0.02229755
107	A	-0.131	0.04847
108	G	-0.440	0.04525782
109	A	-0.543	0.03589755
110	A	0.290	-0.04950327
111	C	0.121	-0.08794973
112	C	0.419	-0.1454035
113	C	0.353	-0.09515527
114	A	-0.424	-0.04031927
115	A	-0.492	0.02776282
116	A	-0.292	0.03539582
117	C	-0.459	0.06398027
118	T	0.421	0.05683645
119	A	0.162	0.01208518
120	G	0.205	0.04770562
121	C	0.374	0.0452478
122	G	0.435	0.02893898
123	C	0.340	0.07255125
124	A	-0.138	0.05148888
125	G	-0.032	0.07483088
126	A	-0.519	0.06654234
127	A	-0.471	0.0339503
128	G	0.020	-0.003620518
129	G	0.189	-0.07728761
130	T	0.419	-0.02912934
131	C	0.114	-0.05357841
132	A	0.015	-0.04588241
133	A	0.022	-0.01134351
134	G	-0.469	0.01618159
135	G	0.391	0.01240605
136	G	-0.301	-0.01731415
137	A	-0.435	-0.03155303
138	A	-0.091	-0.06704181
139	G	0.323	-0.06253563
140	G	0.148	0.01781374
141	A	0.092	0.001831191
142	G	-0.042	0.07516392
143	G	-0.374	0.1170461
144	A	0.072	0.10349
145	C	0.414	0.0358583
146	T	0.215	0.04905403
147	C	0.504	0.0217315
148	T	0.025	0.06436483
149	A	-0.240	0.139133
150	G	-0.420	0.1758816
151	G	0.293	0.1072964
152	G	-0.208	0.08024643
153	A	0.426	0.01144579
154	C	0.447	-0.01522413
155	C	0.476	-0.02602276
156	A	-0.340	-0.02061376
157	T	-0.081	-0.06433849
158	T	-0.251	-0.04110298
159	T	-0.267	-0.04564516
160	A	-0.359	-0.04334198
161	T	-0.361	-0.0451278
162	T	-0.187	0.006800109
163	T	0.047	0.01241847
164	C	0.376	0.01637111
165	C	0.473	0.02114747
166	T	0.456	0.006194291
167	T	0.231	0.007912655
168	C	-0.020	-0.01924144
169	A	-0.208	-0.06328849
170	T	-0.215	-0.1127285
171	A	-0.523	-0.1538236
172	A	-0.342	-0.1687227
173	A	-0.486	-0.1481925
174	A	-0.437	-0.09846662
175	T	-0.167	-0.03443807
176	A	0.021	-0.04998162
177	C	0.292	-0.0231798
178	T	0.456	0.001908127
179	C	0.526	0.06477285
180	T	0.495	0.1156109
181	A	-0.386	0.1697182
182	T	-0.229	0.1785273
183	T	-0.066	0.1574533
184	C	0.205	0.09533627
185	A	0.121	0.0548149
186	C	0.427	0.02315408
187	T	0.118	0.06832017
188	G	0.060	0.1072974
189	A	-0.226	0.1486059
190	G	0.081	0.160688
191	G	0.147	0.1230316
192	A	0.110	0.05840997
193	T	0.199	0.0598427
194	C	0.387	0.02603581
195	C	0.338	0.06564117
196	A	-0.292	0.09818873
197	A	-0.282	0.126238
198	G	0.133	0.09340436
199	A	-0.310	0.06818938
200	G	0.209	-0.004272618
201	C	0.439	-0.05683498
202	C	0.456	-0.04535062
203	T	-0.250	-0.01047944
204	A	-0.077	-0.0254764
205	G	-0.409	-0.0003412727
206	A	-0.239	0.02151409
207	T	-0.166	0.008098273
208	T	0.100	-0.02712253
209	T	-0.031	-0.0083524
210	G	-0.034	0.03616513
211	C	0.449	0.1111956
212	T	0.291	0.1020174
213	T	0.068	0.1552499
214	T	-0.044	0.1099027
215	C	0.411	0.08423927
216	T	0.416	0.04051342
217	C	-0.340	-0.01859785
218	A	0.419	-0.07172622
219	T	-0.398	-0.09854678
220	G	-0.313	-0.09849228
221	A	-0.515	-0.1415272
222	A	-0.200	-0.1699831
223	G	-0.292	-0.1206882
224	G	-0.226	-0.1213141
225	A	-0.043	-0.04460442
226	T	-0.061	-0.005666509
227	G	0.103	0.05823213
228	A	0.201	0.1166642
229	C	0.412	0.1598863
230	C	0.445	0.1569439
231	A	0.114	0.196939
232	C	0.187	0.1717486
233	T	0.442	0.1342156
234	G	0.182	0.1648612
235	G	-0.258	0.08585091
236	T	0.396	0.02620882
237	T	-0.338	0.008667745
238	G	-0.309	0.009186836
239	T	0.538	-0.01693462
240	T	-0.456	0.004429836
241	A	-0.210	0.06864438
242	C	-0.078	0.04927447
243	T	0.193	0.1102652
244	G	0.154	0.1507087
245	T	0.417	0.1035074
246	C	0.447	0.1649731
247	T	0.183	0.1934795
248	C	0.332	0.2078837
249	A	0.135	0.1768955
250	G	0.019	0.1589229
251	C	0.219	0.127268
252	A	0.103	0.09896742
253	T	0.080	0.09754105
254	G	-0.147	0.04184624
255	T	-0.042	0.01889878
256	G	0.069	0.05982879
257	C	0.136	0.0213327
258	T	0.167	0.02133943
259	G	-0.280	0.05823299
260	T	-0.117	0.08673499
261	T	0.469	0.0875061
262	T	-0.203	0.120444
263	C	0.103	0.1517633
264	C	0.486	0.1463973
265	T	0.165	0.2085758
266	A	-0.034	0.1853787
267	C	0.431	0.1807441
268	C	0.480	0.2033518
269	C	0.108	0.1679863
270	A	0.403	0.1576802
271	C	-0.372	0.1775785
272	T	0.418	0.214648
273	G	0.044	0.2170098
274	G	-0.285	0.1388442
275	A	0.372	0.1036678
276	G	0.384	0.01833014
277	C	0.373	0.06101009
278	T	0.457	0.02776221
279	T	-0.378	0.008243255
280	G	-0.278	0.06092262
281	A	-0.535	-0.01318065
282	T	0.097	-0.03586238
283	G	0.052	-0.07865671
284	G	-0.169	-0.1593542
285	G	0.293	-0.1611123
286	A	-0.442	-0.1614195
287	A	0.135	-0.1204738
288	T	-0.097	-0.1292942
289	G	-0.429	-0.1288711
290	T	-0.398	-0.07127101
291	A	-0.281	-0.1025707
292	A	-0.084	-0.08715877
293	C	0	-0.07040441
 294	G	0.057	-0.03386881
295	C	0.463	0.02281183
296	A	-0.050	0.08991501
297	T	-0.272	0.1362015
298	T	0.319	0.1841705
299	C	0.304	0.199391
300	T	0.193	0.1638336
301	G	0.339	0.119101
302	G	0.227	0.1252549
303	C	0.443	0.1072707
304	C	0.167	0.0410016
305	A	-0.333	-0.0195784
306	A	-0.028	-0.0754844
307	T	0.017	-0.1313646
308	G	-0.470	-0.166131
309	A	-0.409	-0.2081598
310	A	-0.361	-0.2423553
311	A	-0.421	-0.2148776
312	T	-0.274	-0.1963976
313	A	-0.155	-0.1621993
314	T	-0.019	-0.09072725
315	G	-0.208	-0.02453425
316	A	-0.031	-0.01084888
317	G	0.175	0.01052612
318	C	0.393	0.01334857
319	A	0.315	0.03096782
320	G	0.318	0.04547217
321	G	-0.211	0.09811845
322	A	-0.186	0.1414402
323	G	-0.243	0.1385282
324	T	0.038	0.1166502
325	T	0.140	0.0865366
326	C	0.370	0.05621553
327	C	0.445	0.09505116
328	T	0.142	0.1204777
329	G	0.152	0.1608182
330	T	-0.015	0.1436669
331	A	-0.014	0.1195936
332	T	0.215	0.07109873
333	C	0.093	0.07064373
334	A	0.200	0.076728
335	G	-0.149	0.06285018
336	T	-0.124	0.06326434
337	T	-0.163	0.02355005
338	C	0.440	0.02680205
339	C	0.209	0.01073219
340	A	0	-0.02220463
 341	G	-0.011	-0.03515326
342	A	-0.451	-0.06905326
343	T	0.251	-0.03846099
344	C	-0.083	-0.04014299
345	A	-0.162	-0.0354089
346	A	-0.292	0.004168009
347	G	-0.497	0.03473886
348	T	0.173	0.11693
349	C	0.421	0.1354861
350	A	0.261	0.1596932
351	C	0.435	0.2136074
352	C	0.325	0.2309457
353	T	0.452	0.2907924
354	T	0.455	0.2965124
355	C	0.182	0.2643264
356	T	0.430	0.2835577
357	T	-0.101	0.2452777
358	G	0.160	0.2077582
359	A	0.236	0.1533068
360	C	0.067	0.1008212
361	C	0.473	0.1235523
362	A	0.014	0.1256117
363	T	-0.087	0.1759636
364	T	-0.146	0.2002535
365	G	-0.121	0.1938064
366	T	0.432	0.1690561
367	C	0.453	0.1542352
368	C	0.452	0.1863989
369	A	0.428	0.2264086
370	T	0.165	0.2583106
371	G	-0.204	0.2988765
372	T	0.310	0.2317069
373	A	0.368	0.162936
374	T	0.352	0.09567927
375	C	0.204	0.01901755
376	T	0.324	-0.03284645
377	T	-0.305	-0.05424018
378	A	-0.303	-0.1153283
379	A	-0.287	-0.1754307
380	T	-0.415	-0.2429584
381	T	-0.405	-
382	A	-0.439	-
383	A	-0.361	-
384	A	-0.293	-
385	G	-0.390	-
