1	T	0.347	-
2	T	0.049	-
3	T	-0.451	-
4	G	-0.355	-
5	A	-0.456	0.04043604
6	A	0.387	-0.001576667
7	C	0.327	-0.0329656
8	C	0.313	0.04389407
9	T	0.201	0.1018996
10	A	-0.030	0.1277303
11	G	-0.232	0.1008735
12	A	0.239	0.04299673
13	T	0.166	-0.02504893
14	C	-0.224	-0.02820549
15	T	0.145	-0.01221333
16	A	-0.193	-0.01293711
17	A	-0.298	0.009551
18	C	0.173	0.01988256
19	T	0.113	0.09764256
20	G	-0.239	0.07314006
21	G	0.442	0.08289372
22	C	0.259	0.08450806
23	T	0.475	0.01905261
24	T	-0.074	-0.04222272
25	T	-0.105	-0.0412795
26	T	-0.284	-0.09219263
27	A	-0.415	-0.08827486
28	T	-0.437	-0.08290186
29	A	-0.230	-0.02139802
30	T	-0.015	-0.03722769
31	T	0.294	0.05486509
32	A	0.523	0.0628102
33	C	0.478	0.1315586
34	A	-0.248	0.1994309
35	T	0.544	0.242693
36	T	-0.344	0.1686146
37	A	0.180	0.07886244
38	T	0.379	-0.007823111
39	C	0.373	0.05756644
40	T	-0.372	-0.01929567
41	A	-0.283	0.009566022
42	A	-0.301	-0.02094589
43	C	0.340	-0.06445171
44	A	-0.146	-0.1187445
45	A	-0.084	-0.1070908
46	G	-0.093	-0.1267428
47	A	-0.011	-0.1375106
48	G	-0.115	-0.2334986
49	G	-0.267	-0.2301707
50	A	-0.460	-0.1799413
51	A	-0.398	-0.185904
52	A	-0.523	-0.1816528
53	A	-0.116	-0.2209466
54	C	0.367	-0.2163236
55	A	-0.147	-0.1436689
56	T	0.026	-0.09575998
57	A	-0.468	-0.0678582
58	A	-0.225	-0.09158331
59	G	0.193	-0.1659744
60	C	0.032	-0.1696923
61	A	-0.272	-0.1245175
62	A	-0.330	-0.1014171
63	A	-0.301	-0.1272442
64	T	-0.180	-0.1523897
65	C	0.433	-0.1877403
66	A	-0.260	-0.1203263
67	T	-0.457	-0.03969017
68	T	-0.033	0.05263483
69	T	-0.285	0.09147561
70	G	0.334	0.02314572
71	C	0.395	0.03920894
72	T	0.529	0.03921328
73	G	0.168	0.001304222
74	A	-0.181	0.07938389
75	T	-0.116	0.08567211
76	T	-0.457	0.09205267
77	A	-0.374	0.08231944
78	C	0.417	0.1124556
79	T	0.390	0.1500359
80	T	0.452	0.1287596
81	C	0.441	0.1206321
82	T	0.440	0.12524
83	G	0.156	0.06681722
84	T	-0.307	0.0251525
85	A	-0.531	-0.02716826
86	A	-0.332	-0.0699035
87	C	-0.108	-0.09637906
88	A	0.015	-0.1248554
89	C	-0.018	-0.07369952
90	A	0.056	0.03703959
91	G	0.201	0.04078248
92	A	-0.099	0.0026967
93	C	0.152	-0.02361813
94	T	0.465	-0.03055871
95	G	-0.299	-0.0866248
96	A	-0.451	-0.1629911
97	A	-0.220	-0.1878881
98	T	-0.080	-0.2344581
99	G	-0.447	-0.3411571
100	A	-0.485	-0.3567481
101	G	-0.323	-0.3353722
102	A	-0.266	-0.2853573
103	A	-0.494	-0.2223654
104	A	-0.439	-0.1392683
105	A	-0.258	-0.1051647
106	G	0.229	-0.02833433
107	C	0.486	0.04083578
108	T	0.300	0.1297638
109	T	-0.178	0.1328433
110	A	0.367	0.1113703
111	C	0.356	0.08589444
112	T	0.305	0.02885374
113	G	-0.411	0.01296686
114	G	-0.452	0.01560763
115	A	0	-0.07388903
 116	A	-0.027	-0.06858314
117	G	0.157	-0.0878417
118	A	-0.154	-0.1005988
119	G	-0.437	-0.1088188
120	A	0.403	-0.119396
121	C	0.132	-0.1282944
122	A	-0.526	-0.1415933
123	A	-0.526	-0.06412032
124	A	-0.095	0.03070168
125	G	-0.107	0.0005845667
126	T	0.037	-0.05237699
127	C	0.542	-0.04755866
128	T	0.415	-0.005752433
129	T	0.132	0.04320738
130	T	-0.344	0.0803856
131	G	-0.483	0.04883456
132	G	-0.149	-0.004102567
133	A	0.345	-0.07834168
134	G	0.227	-0.1093283
135	T	-0.246	-0.07800884
136	A	0.065	-0.005890622
137	G	-0.252	-0.03914162
138	G	-0.146	-0.1313478
139	A	-0.062	-0.1340843
140	T	0.165	-0.05977207
141	G	-0.449	-0.0243375
142	A	-0.484	0.05260683
143	T	0.202	0.05563217
144	C	0.422	0.03273256
145	T	0.384	-0.01305044
146	G	0.439	0.00904
147	G	-0.118	0.04763289
148	A	-0.268	0.06271889
149	A	-0.246	0.06082478
150	T	-0.250	0.06588422
151	T	-0.137	0.04209856
152	G	0.338	0.07273967
153	C	0.405	0.1513699
154	A	0.430	0.2079892
155	G	0.225	0.2658458
156	G	0.156	0.3242239
157	C	0.439	0.3335949
158	A	0.263	0.3292421
159	G	0.270	0.3349668
160	G	0.388	0.332508
161	C	0.422	0.3105272
162	T	0.366	0.2348072
163	C	0.481	0.1973925
164	T	0.203	0.1493325
165	T	-0.040	0.08755296
166	T	-0.242	0.06572062
167	T	-0.073	-0.02004904
168	G	-0.162	-0.06793423
169	A	-0.167	-0.1336462
170	T	0.226	-0.1290917
171	T	-0.405	-0.1271363
172	T	0.050	-0.1008
173	A	-0.387	-0.07080474
174	T	0	-0.07116141
 175	A	-0.224	-0.09631341
176	T	0.163	-0.003339189
177	C	0.107	0.04065522
178	T	-0.170	0.049416
179	A	0	0.02872478
 180	C	0.430	0.02183967
181	C	0.446	0.017694
182	T	-0.308	0.05181367
183	G	-0.186	0.1206031
184	A	-0.286	0.1329281
185	A	0.126	0.1025988
186	G	0.414	0.06879078
187	C	0.448	0.06713178
188	C	0.110	0.09331272
189	T	0.158	0.08192461
190	T	0.142	0.0359835
191	C	-0.323	-0.03429417
192	A	0.049	-0.04355494
193	A	-0.389	-0.0655076
194	G	-0.287	-0.05685516
195	T	-0.217	-0.1321536
196	T	0.364	-0.08158927
197	T	-0.086	-0.09150071
198	T	0.235	0.0007750667
199	A	-0.535	0.06972384
200	G	0.131	0.1309953
201	G	-0.039	0.1431738
202	T	0.441	0.1547797
203	C	0.333	0.07771716
204	T	0.333	0.1844622
205	C	0.474	0.2151988
206	T	0.017	0.2676234
207	A	-0.457	0.258278
208	C	0.425	0.2700471
209	T	0.407	0.2490152
210	C	0.432	0.1488679
211	G	0.357	0.1019077
212	C	0.439	0.1017439
213	C	0.144	0.004324778
214	A	-0.426	-0.06455578
215	A	-0.404	-0.1390369
216	A	-0.459	-0.2250733
217	A	-0.451	-0.3160146
218	T	-0.212	-0.3777354
219	A	-0.238	-0.3817567
220	A	-0.417	-0.3706563
221	A	-0.379	-0.3659439
222	G	-0.411	-0.3709036
223	A	-0.463	-0.3832552
224	T	-0.304	-0.3893257
225	A	-0.416	-0.3827882
226	A	-0.495	-0.3479368
227	T	-0.323	-0.3292495
228	A	-0.292	-0.2395625
229	A	-0.358	-0.2104076
230	T	-0.065	-0.1408479
231	A	-0.242	-0.06040423
232	T	0.344	-0.002807567
233	C	-0.042	0.06759288
234	T	0.209	0.06685266
235	A	0.228	0.03923924
236	C	0.195	0.0586566
237	T	0.340	-0.03361951
238	T	-0.365	-0.05500776
239	G	-0.313	-0.09108253
240	T	-0.068	-0.06602787
241	A	-0.486	-
242	T	-0.235	-
243	G	-0.115	-
244	G	0.453	-
