1	G	0.333	-
2	G	0.157	-
3	G	0.071	-
4	A	0.047	-
5	T	-0.155	-
6	G	0.282	-
7	C	0.315	-
8	C	0.275	-
9	A	0.088	-
10	G	0.432	-
11	T	0.493	-
12	G	0.131	-
13	T	0.423	-
14	C	0.371	-
15	T	-0.221	0.06463662
16	A	-0.136	0.06228005
17	T	0.469	0.04458615
18	A	-0.409	0.03938494
19	T	0.207	0.03008899
20	A	-0.416	0.01984612
21	T	0	-0.005921847
 22	T	0.553	-0.002727213
23	T	-0.371	-0.00476328
24	T	-0.138	0.006593893
25	T	-0.014	-0.00161844
26	C	-0.238	-0.009896807
27	A	-0.343	-0.01209926
28	T	-0.259	-0.04029239
29	A	-0.356	-0.06779749
30	C	0.347	-0.07466606
31	A	0.262	-0.08645706
32	G	-0.373	-0.1117535
33	C	-0.084	-0.1013708
34	A	-0.231	-0.1109084
35	A	-0.463	-0.08461415
36	A	-0.490	-0.07051865
37	T	0.411	-0.07675891
38	G	0.213	-0.05683545
39	C	0.429	-0.04842468
40	C	0.186	-0.03396194
41	A	0.245	-0.02947407
42	C	0.065	-0.004043507
43	T	-0.422	0.01877543
44	A	-0.453	0.04469579
45	A	-0.427	0.03779463
46	A	-0.489	0.03668309
47	A	-0.289	0.06052496
48	T	-0.098	0.06608427
49	G	-0.078	0.06047514
50	G	0.372	0.08154344
51	C	0.422	0.1110976
52	T	0.365	0.0987926
53	G	0.225	0.1061805
54	C	0.113	0.1045363
55	T	0.419	0.1120174
56	G	-0.103	0.09260293
57	C	0.419	0.07398585
58	C	0.425	0.07227865
59	T	0.421	0.07272581
60	C	0.140	0.07071981
61	T	0.229	0.09369441
62	C	0.341	0.1107986
63	T	0.081	0.1303999
64	G	-0.400	0.1317747
65	T	0.169	0.101632
66	T	0.396	0.09992957
67	T	0.042	0.09289423
68	C	0.435	0.0959629
69	C	0.380	0.08127467
70	T	0.410	0.07665117
71	T	-0.336	0.0957776
72	A	-0.492	0.09620857
73	G	-0.473	0.07695767
74	A	-0.440	0.0775302
75	A	-0.487	0.0878029
76	A	0.199	0.09147527
77	C	0.223	0.0796665
78	C	0.489	0.07804676
79	G	-0.036	0.08444276
80	A	-0.532	0.0719354
81	T	0.371	0.05821027
82	G	0.154	0.05923518
83	A	0.317	0.05464195
84	G	-0.327	0.05724605
85	T	0.280	0.05038715
86	C	0.470	0.07366632
87	T	0.431	0.09533302
88	T	-0.152	0.1081995
89	C	0.438	0.1196681
90	C	0.448	0.1266362
91	T	0.339	0.1145953
92	C	-0.012	0.102956
93	A	0.033	0.08243574
94	G	-0.208	0.07914331
95	C	-0.206	0.1046757
96	A	-0.015	0.1072862
97	G	0.073	0.1156146
98	C	0.297	0.1162269
99	T	0.458	0.1412752
100	G	0.204	0.1464825
101	C	0.361	0.1334462
102	C	0.157	0.1339852
103	G	-0.087	0.133269
104	A	-0.096	0.1266286
105	A	-0.278	0.1244518
106	A	-0.161	0.128634
107	C	-0.125	0.1295839
108	T	-0.125	0.120108
109	T	-0.135	0.1417996
110	G	0.233	0.1589145
111	C	0.450	0.1667822
112	G	0.404	0.1769786
113	G	0.336	0.1792965
114	C	0.424	0.1802527
115	G	0.436	0.1752684
116	G	0.078	0.1470751
117	T	0.448	0.1324199
118	T	-0.173	0.1424472
119	G	0.239	0.1602133
120	C	0.383	0.1836303
121	T	0.464	0.2010769
122	T	0.015	0.2181712
123	G	-0.251	0.2366605
124	C	0.442	0.2516217
125	T	0.307	0.2498264
126	C	0.220	0.2483948
127	A	0.379	0.2501151
128	C	0.367	0.2566034
129	C	0.486	0.2560099
130	T	0.055	0.2478447
131	T	-0.484	0.230625
132	T	-0.282	0.2033767
133	G	0.212	0.1960623
134	C	0.436	0.1715873
135	T	0.424	0.1412758
136	G	0.361	0.1095644
137	C	0.387	0.1189936
138	C	0.429	0.1371862
139	T	0.313	0.1217726
140	C	0.179	0.124716
141	C	0.407	0.1298734
142	C	0.456	0.1158321
143	C	0.530	0.1020339
144	T	0.406	0.07702526
145	T	0.191	0.0885534
146	C	-0.437	0.1105951
147	A	-0.369	0.1274633
148	G	-0.392	0.1153981
149	A	-0.495	0.08852096
150	A	-0.525	0.07708064
151	A	-0.486	0.0746945
152	G	0.298	0.07597017
153	G	0.294	0.0713383
154	G	-0.019	0.06358578
155	C	0.395	0.05397525
156	T	0.375	0.03118071
157	G	-0.042	0.00879448
158	G	-0.046	-0.02422479
159	A	-0.263	-0.05364115
160	G	0.401	-0.05137822
161	G	0.176	-0.02819285
162	G	0.223	-0.00344022
163	G	-0.149	0.01628261
164	A	-0.369	0.03278651
165	G	0.080	0.05684201
166	G	0.289	0.07946048
167	G	0.425	0.07584721
168	C	0.290	0.07351608
169	G	0.080	0.06882842
170	A	-0.108	0.06691119
171	G	-0.276	0.06831529
172	G	-0.215	0.07848936
173	A	-0.459	0.08335412
174	A	-0.475	0.1064692
175	G	0.259	0.1053872
176	G	0.257	0.1084935
177	C	0.373	0.1035399
178	T	0.198	0.1226945
179	T	0	0.144977
 180	G	0.195	0.13524
181	G	0.192	0.1212901
182	C	0.190	0.1227693
183	G	0.224	0.1082125
184	T	-0.160	0.1055276
185	G	0.338	0.10111
186	G	0.417	0.1245239
187	G	0.263	0.1436151
188	G	0.099	0.1750251
189	C	0.430	0.2044632
190	C	0.368	0.2106528
191	G	0.270	0.2059383
192	C	0.075	0.1880949
193	C	0.425	0.1883692
194	C	0.298	0.1912008
195	G	-0.211	0.1764095
196	T	-0.128	0.156376
197	C	0.470	0.1570373
198	G	-0.146	0.1440055
199	A	0	0.1351955
 200	G	-0.241	0.1174103
201	T	0.425	0.09018543
202	C	0.357	0.07839703
203	T	0.482	0.05912466
204	C	0.407	0.03193576
205	T	0.445	0.01345109
206	C	0.116	0.00647653
207	A	-0.162	-0.006760447
208	G	0.206	-0.006594247
209	T	0.084	-0.005233747
210	G	-0.247	0.003743287
211	A	-0.408	0.01924029
212	G	0.210	0.01404189
213	G	-0.166	0.03165335
214	A	-0.424	0.03961089
215	A	-0.195	0.05307899
216	T	-0.399	0.05129365
217	G	-0.090	0.05010472
218	A	-0.478	0.04438722
219	G	-0.385	0.04413245
220	A	-0.185	0.03175644
221	G	0.060	0.02293624
222	G	-0.321	0.04365264
223	C	0.430	0.05071534
224	C	0.339	0.06130712
225	A	0.058	0.08438459
226	G	0.336	0.1139282
227	C	0.314	0.1078873
228	T	0.381	0.1003766
229	T	0.238	0.1208343
230	C	0.163	0.1186533
231	T	0.372	0.1403043
232	C	0.321	0.1461665
233	C	0.311	0.154644
234	C	0.399	0.1554491
235	A	0.074	0.149878
236	C	-0.148	0.1309798
237	G	0.459	0.1286591
238	G	0.418	0.1192479
239	G	0.402	0.09694994
240	C	0.444	0.09556417
241	T	0.477	0.07842711
242	T	0.028	0.06795451
243	T	-0.391	0.05890554
244	T	0.189	0.04359827
245	T	-0.260	0.02479174
246	T	0.250	0.00391974
247	A	0.085	-0.01323779
248	C	-0.224	-0.03304406
249	T	-0.361	-0.0485579
250	A	-0.353	-0.04667295
251	T	-0.506	-0.04714965
252	A	-0.391	-0.05843852
253	C	0.148	-0.08660642
254	A	-0.329	-0.1035591
255	G	0.016	-0.1100158
256	G	-0.177	-0.1088346
257	T	0	-0.1097957
 258	A	0.110	-0.1068856
259	T	-0.220	-0.1302909
260	G	-0.401	-0.1071575
261	A	-0.253	-0.1072396
262	A	-0.192	-0.09505194
263	G	-0.283	-0.07264781
264	G	-0.065	-0.04293367
265	A	0.130	-0.01986761
266	G	-0.162	-0.006423273
267	G	0.120	-0.00587834
268	A	-0.426	-0.02459007
269	A	-0.105	-0.008554173
270	C	0.250	-0.01017695
271	T	0.512	-0.01722841
272	G	0	-0.02700488
 273	T	-0.304	-0.03440278
274	A	-0.513	-0.04377468
275	T	0.433	-0.03880668
276	C	0.247	-0.04417255
277	T	0.450	-0.05134585
278	C	0.447	-0.03609031
279	C	0.530	-0.03234707
280	T	0.338	-0.03403848
281	A	-0.102	-0.01314675
282	T	-0.375	-0.01166038
283	A	-0.413	0.01886119
284	T	0.151	0.01337359
285	A	-0.032	0.01682519
286	T	-0.389	-0.0002680133
287	A	-0.293	-0.01640175
288	T	-0.111	-0.01081545
289	T	-0.501	-0.007192913
290	A	-0.252	-0.03550971
291	A	-0.414	-0.06120305
292	G	-0.408	-0.08716145
293	T	0.174	-0.08316775
294	T	0.046	-0.1022126
295	T	0.080	-0.09989654
296	C	0.464	-0.08181597
297	A	0.165	-0.07310257
298	T	0.489	-0.0641226
299	T	-0.270	-0.07466964
300	T	0.354	-0.07023016
301	A	0	-0.06522536
 302	T	-0.484	-0.06104386
303	T	-0.136	-0.05938586
304	A	-0.404	-0.03437633
305	A	-0.416	-0.011017
306	A	-0.522	0.0174588
307	A	-0.327	0.04474514
308	C	0.567	0.0317988
309	A	-0.041	0.03105541
310	T	0.408	0.02238526
311	C	0.439	-0.002869843
312	A	-0.113	-0.002293077
313	G	-0.143	-0.00588481
314	A	-0.164	-0.004034743
315	G	0.100	-0.01936328
316	A	-0.239	-0.02986761
317	G	-0.167	-0.01185395
318	C	-0.061	0.005152053
319	A	0.248	0.005301287
320	C	0.448	0.009445453
321	C	0.439	0.03307805
322	T	0.410	0.04882015
323	G	-0.213	0.04576055
324	A	0.024	0.06187764
325	G	-0.180	0.05410274
326	A	-0.293	0.04905811
327	A	0.182	0.05756064
328	T	0.381	0.04699401
329	G	-0.215	0.04378414
330	T	-0.105	0.02261438
331	T	-0.315	0.01503061
332	T	0.056	0.02662364
333	C	0.373	0.02964751
334	A	-0.399	0.03894734
335	A	-0.292	0.03902664
336	G	0.186	0.03316494
337	G	0.144	0.03057288
338	T	0.475	0.03094268
339	C	0.442	0.02953622
340	A	0.175	0.02108682
341	C	0.288	0.01779505
342	C	0.141	-0.00352048
343	A	-0.460	-0.01759797
344	A	-0.260	-0.009448123
345	A	-0.534	-0.00959979
346	A	-0.466	-0.001126733
347	G	0.179	0.01225744
348	C	0.028	0.001381503
349	T	0.527	0.01140752
350	T	0.451	0.02385939
351	T	0.263	0.02360399
352	C	0.332	0.007441027
353	C	-0.202	-0.001449207
354	G	-0.018	-0.005272307
355	A	-0.433	-0.02521791
356	A	-0.392	-0.03416157
357	A	-0.456	-0.05406787
358	A	-0.040	-0.04822344
359	T	0.029	-0.04868744
360	G	-0.110	-0.03669707
361	G	-0.060	-0.02898061
362	C	0.457	-0.05079537
363	T	0.047	-0.04193851
364	T	-0.099	-0.05725824
365	T	0.081	-0.06993904
366	C	0.178	-0.06518227
367	T	-0.340	-0.07712683
368	G	0.208	-0.0777634
369	C	0.327	-0.08652292
370	A	-0.423	-0.08320185
371	A	0.019	-0.07384785
372	A	-0.455	-0.07689582
373	G	-0.285	-0.06725803
374	A	-0.274	-0.07397011
375	A	-0.174	-0.08566648
376	G	-0.235	-0.07838387
377	A	-0.474	-0.09400595
378	T	0.294	-0.09422633
379	T	0.068	-0.08644255
380	T	0.070	-0.09817212
381	C	0.406	-0.1213492
382	C	-0.025	-0.113603
383	A	-0.221	-0.1280012
384	A	-0.280	-0.1440872
385	G	-0.333	-0.12764
386	T	-0.111	-0.1326871
387	A	-0.548	-0.1340594
388	A	0.248	-0.140033
389	G	-0.171	-0.1404285
390	G	-0.461	-0.1415401
391	A	0.157	-0.145679
392	G	-0.010	-0.12106
393	C	0.040	-0.1198821
394	T	0.134	-0.1106899
395	A	-0.270	-0.09768252
396	G	-0.516	-0.1086716
397	A	-0.108	-0.09379347
398	G	-0.222	-0.08741221
399	G	-0.155	-0.08636548
400	A	0.070	-0.08103144
401	G	-0.131	-0.07840909
402	A	-0.497	-0.05073272
403	A	-0.464	-0.05478532
404	A	-0.286	-0.04630994
405	G	-0.207	-0.03683641
406	G	-0.359	-0.04425077
407	A	0.264	-0.04467845
408	G	0.329	-0.05702396
409	C	0.343	-0.07142559
410	T	0.460	-0.07990319
411	G	0.076	-0.06824929
412	C	0.420	-0.05880223
413	A	-0.030	-0.05198442
414	C	-0.249	-0.05099112
415	A	-0.173	-0.05656724
416	T	-0.032	-0.04540407
417	C	0.282	-0.03183989
418	A	0.126	-0.009080757
419	C	0.082	0.01544268
420	G	-0.176	0.03678931
421	T	-0.064	0.06150648
422	A	-0.023	0.05175123
423	T	-0.329	0.04506106
424	T	-0.297	0.03710856
425	A	-0.524	0.02524189
426	T	-0.167	0.01267701
427	C	0.175	-0.003997407
428	A	-0.018	-0.01275347
429	C	-0.125	0.006590997
430	A	-0.097	0.02683583
431	C	0.203	0.03328218
432	A	-0.090	0.03370974
433	G	0.218	0.01403494
434	G	0.449	0.01844963
435	C	0.432	0.02245122
436	T	0.382	0.04036168
437	T	-0.028	0.05640747
438	G	0.129	0.06509973
439	G	0.105	0.0731844
440	A	0.104	0.1047954
441	G	-0.300	0.1152884
442	T	-0.079	0.1269391
443	T	-0.293	0.1324161
444	G	0.330	0.1214971
445	C	0.433	0.1100083
446	C	0.160	0.09774033
447	A	0.294	0.08861348
448	T	-0.463	0.09243432
449	A	0.214	0.07165518
450	G	-0.056	0.06017624
451	C	0.472	0.04224444
452	T	0.457	0.03271382
453	T	-0.068	0.01374502
454	T	-0.055	-0.00310518
455	G	0.423	-0.01524048
456	G	0.147	-0.01196641
457	T	0.524	0.007598903
458	T	0.145	0.009101903
459	A	-0.452	-0.00895103
460	T	-0.441	-0.0136048
461	G	-0.164	-0.0263352
462	A	-0.364	-0.0399031
463	T	0.332	-0.009282663
464	A	-0.174	-0.00024103
465	C	0.088	-0.003998787
466	T	-0.155	-0.03400985
467	A	-0.314	-0.06250575
468	A	-0.439	-0.06112563
469	T	-0.400	-0.07387303
470	A	-0.259	-0.08010317
471	A	-0.202	-0.09376567
472	T	0.507	-0.1128903
473	A	-0.248	-0.128429
474	G	-0.210	-0.1252623
475	T	0.293	-0.1175065
476	T	-0.221	-0.1112993
477	A	-0.112	-0.09538778
478	C	0.455	-0.09179021
479	C	0.486	-0.07158658
480	A	-0.169	-0.0625272
481	T	-0.427	-0.0528335
482	T	-0.397	-0.02648503
483	T	-0.027	-0.006473967
484	A	-0.437	-0.001084833
485	T	0.236	0.0218885
486	T	-0.262	0.0385939
487	G	-0.048	0.02168133
488	A	-0.320	0.02738136
489	A	-0.357	0.01824209
490	C	-0.209	-0.002914343
491	A	0.021	0.0008717233
492	T	0.113	0.009484057
493	C	0.440	0.007799323
494	C	0.431	0.006119857
495	A	0.360	0.02677602
496	C	0.135	0.05628906
497	T	0.475	0.07802662
498	G	0.160	0.08002988
499	A	-0.238	0.1022564
500	G	0.429	0.1039582
501	T	0.298	0.1083714
502	G	0	0.1079668
 503	T	-0.077	0.1240245
504	T	-0.484	0.1375104
505	A	-0.340	0.1526682
506	G	-0.107	0.164656
507	A	0.146	0.1753372
508	C	0.404	0.1761388
509	C	0.435	0.1563712
510	C	0.450	0.1277155
511	T	0.457	0.1214591
512	G	0.255	0.1161938
513	T	0.032	0.1087594
514	G	0.229	0.1226919
515	C	0.287	0.10277
516	A	-0.130	0.08598409
517	G	-0.061	0.07840846
518	C	0.161	0.07063057
519	A	0.046	0.0718665
520	C	0.245	0.06950324
521	T	0.381	0.08320364
522	C	0.433	0.08133438
523	C	0.464	0.07317228
524	T	-0.161	0.07327148
525	T	-0.499	0.05135628
526	G	-0.052	0.05114018
527	G	0.317	0.03983053
528	A	-0.062	0.02748847
529	T	0.179	0.0175872
530	G	-0.167	0.0006691667
531	T	-0.204	0.009582033
532	G	-0.227	0.02441967
533	T	-0.310	0.0239623
534	G	-0.447	0.03595892
535	A	-0.411	0.04324956
536	T	0.303	0.02745849
537	C	0.090	-0.0007957433
538	C	0.159	-0.02579331
539	G	0.438	-0.02563394
540	G	-0.207	0.004539023
541	T	0.450	0.01134154
542	T	-0.084	0.01412981
543	T	-0.337	0.03241253
544	A	-0.067	0.04397006
545	A	-0.219	0.04435613
546	T	0.137	0.04332136
547	C	0.384	0.05309867
548	T	0.147	0.0462254
549	T	0.406	0.04390527
550	C	0.464	0.0685589
551	A	-0.092	0.07137344
552	G	-0.413	0.08008136
553	A	-0.285	0.07075196
554	A	-0.156	0.0414578
555	C	0.405	0.0413045
556	A	0.151	0.03747273
557	C	0.401	0.05239141
558	T	0.485	0.07869334
559	C	0.526	0.07856734
560	T	-0.156	0.07625028
561	A	-0.235	0.06175864
562	T	0.066	0.03155804
563	G	-0.516	0.01841084
564	A	-0.517	0.002371743
565	G	0.327	-0.006484257
566	G	0.387	0.00087501
567	C	0.351	0.02249821
568	A	-0.120	0.04782844
569	G	-0.440	0.04373944
570	A	-0.211	0.02253848
571	G	0.336	0.03205258
572	C	0.363	0.02845464
573	C	0.451	0.02751228
574	A	-0.071	0.02472194
575	G	-0.289	0.04135421
576	A	-0.297	0.03489468
577	A	-0.521	0.0168847
578	G	-0.246	0.01606197
579	G	-0.074	0.02076577
580	A	0.198	0.00436637
581	C	0.128	-0.0229394
582	A	0.234	-0.01997453
583	C	0.474	-0.01513573
584	T	-0.279	-0.00365121
585	A	-0.230	-0.006528977
586	C	0.436	-0.03389508
587	T	0.293	-0.05960128
588	C	0.457	-0.09079604
589	C	0.442	-0.09834325
590	A	0.342	-0.07350091
591	C	-0.429	-0.05416368
592	A	-0.474	-0.02113291
593	A	-0.541	-0.003425313
594	A	-0.376	0.001354207
595	G	-0.164	-0.01996806
596	A	-0.431	-0.02784179
597	G	0.440	-0.04863443
598	C	0.025	-0.08047066
599	A	-0.095	-0.07274488
600	A	-0.298	-0.07183262
601	T	-0.484	-0.1010576
602	A	-0.407	-0.1238983
603	A	-0.484	-0.1535222
604	A	-0.298	-0.1841966
605	T	0.455	-0.1983935
606	C	0.282	-0.1927085
607	C	0.468	-0.1906032
608	T	0.284	-0.1750004
609	T	0.068	-0.1756991
610	G	-0.441	-0.1562724
611	A	-0.107	-0.1392955
612	A	-0.388	-0.1487671
613	A	-0.480	-0.1615055
614	A	-0.047	-0.1723185
615	T	-0.203	-0.1782621
616	G	-0.439	-0.1759376
617	T	-0.391	-0.1729127
618	A	-0.431	-0.1643872
619	A	-0.477	-0.1649349
620	T	-0.083	-0.1911755
621	G	-0.258	-0.2103913
622	A	-0.411	-0.2265597
623	A	-0.073	-0.2400315
624	A	-0.397	-0.2405367
625	T	0.418	-0.2395327
626	A	0.077	-0.2436776
627	T	0.156	-0.2153967
628	T	-0.356	-0.1928826
629	G	-0.420	-0.1946836
630	A	-0.476	-0.185222
631	A	-0.415	-0.1793
632	A	-0.317	-0.1701452
633	A	-0.228	-0.1499114
634	T	-0.314	-0.1246548
635	G	-0.331	-0.1240674
636	A	-0.293	-0.1208348
637	T	-0.016	-0.1192875
638	A	-0.119	-0.1161962
639	T	0.053	-0.1055106
640	G	-0.410	-0.1194674
641	T	-0.232	-0.1279109
642	A	0.459	-0.133118
643	T	0.195	-0.1195167
644	C	-0.101	-0.09087303
645	A	0.080	-0.07849133
646	G	-0.262	-0.05608473
647	T	-0.116	-0.03527333
648	A	0.175	-0.0390934
649	C	0.279	-0.03619803
650	T	-0.065	-0.03893327
651	T	-0.161	-0.04378047
652	T	-0.364	-0.04801036
653	C	0.019	-0.05312066
654	A	-0.076	-0.05491168
655	G	0	-0.05153435
 656	G	-0.175	-0.04599258
657	G	0	-0.06691191
 658	A	0.051	-0.06213664
659	G	0.439	-0.06299741
660	A	-0.105	-0.07670165
661	G	0.256	-0.06448418
662	T	0.307	-0.07361312
663	G	-0.343	-0.07436848
664	T	-0.227	-0.09131122
665	T	-0.413	-0.08669471
666	A	-0.439	-0.09553198
667	A	-0.142	-0.09658235
668	T	-0.272	-0.1081553
669	T	0	-0.1002213
 670	G	-0.309	-0.0868666
671	G	-0.065	-0.07855142
672	A	-0.168	-0.06568082
673	T	0.338	-0.05424042
674	T	-0.127	-0.06888382
675	G	-0.330	-0.07306975
676	G	0.104	-0.09002938
677	A	-0.390	-0.1150063
678	A	0.153	-0.1130107
679	G	-0.228	-0.1156202
680	G	0.073	-0.08917552
681	A	-0.427	-0.07023328
682	A	-0.396	-0.05705985
683	G	-0.327	-0.03923365
684	A	0.161	-0.02814472
685	C	0.400	-0.01095922
686	A	0.074	-0.004639723
687	C	0.386	0.003358553
688	T	0.394	-0.02061268
689	G	0	-0.02244828
 690	A	-0.230	-0.01948301
691	T	-0.251	-0.03109751
692	G	-0.442	-0.02805698
693	A	-0.283	-0.03316271
694	G	-0.305	-0.01947388
695	C	0.379	-0.00832678
696	T	0.129	0.002477253
697	G	0.252	0.001859787
698	C	0.261	-0.00218528
699	T	0.332	-0.00403958
700	G	0.205	-0.01901937
701	G	0.123	-0.009445343
702	G	0.071	-0.01125904
703	A	-0.380	-0.01518104
704	G	-0.182	-0.00456391
705	T	-0.241	-0.00534241
706	G	-0.244	-0.01359244
707	A	-0.299	0.006185023
708	G	0	0.0140774
 709	A	0.182	0.02495252
710	G	0.407	0.00858939
711	T	-0.102	0.01091776
712	G	-0.414	0.01365752
713	A	-0.448	-0.007273743
714	G	0.105	-0.03345724
715	A	-0.048	-0.04913148
716	C	0.361	-0.04418241
717	C	0.331	-0.05606972
718	C	0.276	-0.05023985
719	T	0.318	-0.03576099
720	T	-0.254	-0.01199295
721	G	-0.499	0.01104755
722	A	0.151	0.02103198
723	G	-0.046	0.0199412
724	G	0.020	0.002444337
725	A	-0.110	-0.02514643
726	G	0.198	-0.03885043
727	T	0.334	-0.03646196
728	T	-0.366	-0.03884103
729	T	-0.452	-0.0313143
730	A	-0.264	-0.04576074
731	C	0.272	-0.05651576
732	A	-0.284	-0.0757424
733	G	-0.205	-0.06889823
734	T	0.252	-0.08290856
735	G	0.471	-0.07911856
736	C	0.447	-0.07944676
737	A	0	-0.0742547
 738	T	-0.032	-0.06376647
739	T	-0.342	-0.05913113
740	T	-0.420	-0.0410588
741	T	-0.514	-0.04380466
742	A	-0.343	-0.05337133
743	A	-0.520	-0.04717089
744	G	0.331	-0.04411593
745	G	-0.482	-0.03712917
746	A	0.038	-0.05831594
747	G	-0.245	-0.06328007
748	T	0.481	-0.05896166
749	G	-0.101	-0.08213536
750	T	-0.140	-0.1008973
751	A	-0.509	-0.1209926
752	G	0.307	-0.132896
753	C	0.267	-0.1263872
754	C	0.159	-0.1149649
755	C	0.431	-0.08680417
756	T	0.116	-0.05620804
757	G	0.047	-0.02846434
758	A	-0.180	-0.0003898367
759	T	-0.361	-0.01589507
760	G	-0.054	-0.01261547
761	A	-0.363	-0.01839652
762	A	-0.433	-0.01880962
763	T	-0.076	-0.03803094
764	T	-0.443	-0.0292046
765	G	-0.091	-0.03311134
766	C	-0.155	-0.02539174
767	A	-0.357	-0.02162937
768	A	0.162	-0.02378544
769	G	0	-0.01650907
 770	G	0.424	-0.03371828
771	C	0.403	-0.04498251
772	C	0.489	-0.05283415
773	T	0.321	-0.03916465
774	T	-0.133	-0.01752515
775	T	-0.383	-0.01435572
776	G	-0.134	0.002700483
777	T	-0.257	0.03031038
778	T	-0.094	0.0431932
779	T	0.162	0.0730204
780	T	-0.257	0.09023622
781	G	-0.277	0.1052347
782	C	0.419	0.1279271
783	T	0.203	0.1377206
784	G	0.377	0.1529505
785	T	-0.085	0.1387973
786	G	-0.221	0.114268
787	T	-0.188	0.09847156
788	G	0.229	0.09349946
789	G	0.287	0.1100284
790	G	0.040	0.1375027
791	G	0.148	0.1438333
792	G	0.394	0.1416958
793	C	0.310	0.1337043
794	C	0.451	0.1111099
795	C	0.425	0.1100596
796	T	0.294	0.114153
797	G	0.323	0.08479453
798	C	0.456	0.06265766
799	C	0.456	0.03401939
800	T	0	0.03935944
 801	T	-0.332	0.03827478
802	T	0.015	0.05053304
803	T	0.172	0.03817978
804	C	0.362	0.01486054
805	T	0.440	0.003028127
806	C	0.055	0.001380073
807	T	-0.321	-0.004482993
808	A	-0.334	-0.008681893
809	A	-0.514	-0.01366346
810	A	-0.289	-0.009819393
811	G	-0.154	-0.03037083
812	A	-0.460	-0.03885814
813	G	-0.460	-0.05928034
814	A	-0.481	-0.07509296
815	A	0.075	-0.08999676
816	G	-0.253	-0.09448009
817	T	0.179	-0.1095908
818	T	-0.140	-0.1313405
819	G	-0.411	-0.1564897
820	A	-0.314	-0.1891215
821	A	0.098	-0.1987017
822	G	0.218	-0.1811465
823	A	0.184	-0.1749307
824	C	0.302	-0.1468809
825	T	0.540	-0.1233524
826	T	-0.322	-0.100532
827	A	0.069	-0.06863284
828	T	-0.156	-0.06616351
829	T	-0.017	-0.05431714
830	T	-0.447	-0.07192705
831	A	-0.466	-0.07535742
832	A	-0.437	-0.09791749
833	A	-0.479	-0.1069348
834	G	-0.392	-0.08622465
835	A	-0.538	-0.09157465
836	A	-0.232	-0.09293639
837	C	0.205	-0.08357899
838	A	-0.147	-0.08347206
839	T	0.326	-0.08427229
840	C	0.416	-0.09495236
841	C	0.529	-0.07599963
842	T	0.496	-0.09419665
843	T	-0.386	-0.1050495
844	T	-0.126	-0.1191692
845	C	-0.453	-0.1178714
846	G	-0.356	-0.107342
847	A	-0.497	-0.07830119
848	A	-0.411	-0.06009789
849	G	0.209	-0.04316929
850	G	-0.475	-0.02370542
851	A	0.057	-0.01560436
852	G	0.499	-0.02829356
853	C	0.187	-0.01665183
854	A	0.278	-0.01307386
855	C	0.220	-0.01341406
856	C	0.246	-0.02434246
857	A	-0.476	-0.05839879
858	A	-0.481	-0.03346623
859	A	-0.441	-0.02376776
860	A	-0.408	-0.004071193
861	A	-0.150	-0.001886893
862	T	0.433	-6.146e-05
863	C	0.066	0.007649507
864	A	0.115	0.006833907
865	C	0.045	0.02950557
866	T	0.010	0.0326447
867	A	-0.175	0.02284637
868	G	0.201	0.011881
869	C	0.433	-0.005308933
870	T	0.406	-0.007987867
871	C	0.202	-0.006436833
872	A	-0.525	0.02491473
873	T	0.361	0.0324478
874	C	0.164	0.02985137
875	C	0.137	0.049938
876	A	-0.291	0.0698491
877	G	-0.442	0.06828617
878	A	-0.179	0.07500886
879	G	0.185	0.07420063
880	C	0.205	0.08612733
881	G	0.152	0.08901909
882	T	0.205	0.1057502
883	G	-0.141	0.1131272
884	T	-0.237	0.1064748
885	G	0.139	0.1005616
886	C	0.292	0.1074786
887	A	0.463	0.1400152
888	T	-0.255	0.1412138
889	G	-0.518	0.1307745
890	T	0.194	0.1156404
891	C	0.446	0.1075146
892	T	0.386	0.1236807
893	C	0.268	0.1432905
894	C	0.091	0.1362726
895	A	0.403	0.1323666
896	T	0.097	0.1261304
897	C	0.326	0.1204647
898	C	0.422	0.1242805
899	A	0.234	0.1248984
900	G	0.229	0.1310303
901	C	0.409	0.1350406
902	C	0.450	0.1138505
903	C	0.397	0.1197049
904	T	-0.148	0.126121
905	A	-0.316	0.1082084
906	G	-0.535	0.08386949
907	A	0.042	0.08204042
908	G	0.408	0.07536474
909	G	-0.025	0.0874163
910	A	0.087	0.08059587
911	A	-0.035	0.09236994
912	G	0.035	0.08041451
913	G	-0.027	0.05636614
914	T	-0.218	0.04636623
915	A	0.323	0.04972593
916	C	0.413	0.02488883
917	G	-0.172	-0.005804333
918	A	-0.080	-0.009461767
919	G	-0.326	0.01147207
920	T	-0.342	0.0358547
921	A	-0.283	0.06980297
922	A	0.331	0.08049072
923	C	0.067	0.06456149
924	T	0.452	0.04889976
925	C	0.198	0.03481345
926	C	0.450	0.03177083
927	A	-0.032	0.01638402
928	A	-0.298	0.02999896
929	G	-0.065	0.04503816
930	A	0.33	0.04543866
931	T	-0.335	0.03772506
932	A	-0.470	0.03873106
933	C	0.287	0.02515828
934	T	0.479	0.03219248
935	C	0.415	0.04921631
936	A	0.483	0.06957325
937	C	0.363	0.06586318
938	T	-0.069	0.0714187
939	A	-0.495	0.05019833
940	A	-0.334	0.04357773
941	G	-0.126	0.01290637
942	A	-0.426	0.01010453
943	C	0.381	0.0326254
944	G	0.232	0.03733406
945	C	0.335	0.03590419
946	T	0.181	0.06037626
947	G	-0.141	0.08692043
948	A	-0.487	0.07506249
949	A	-0.115	0.04170446
950	C	0.167	0.03001779
951	T	0.327	0.01790512
952	C	0.220	0.01954125
953	A	0.234	0.03545468
954	G	-0.183	0.06394588
955	G	0	0.08485801
 956	A	-0.469	0.09275458
957	A	-0.116	0.113928
958	G	0.376	0.104561
959	G	0.075	0.1021862
960	G	0.287	0.09481294
961	T	0.398	0.08706299
962	C	0.326	0.07889173
963	T	-0.068	0.08866626
964	A	-0.521	0.08056423
965	A	0.064	0.06462959
966	C	0.120	0.06394916
967	C	0.412	0.05326799
968	C	0.408	0.0474612
969	A	0.359	0.06193923
970	G	0.292	0.06112591
971	C	0.110	0.08937745
972	T	0.209	0.1048005
973	A	0.100	0.1056331
974	C	0.160	0.1071378
975	A	0.114	0.0941241
976	G	-0.050	0.06337656
977	G	-0.386	0.06033623
978	A	-0.194	0.0762028
979	G	-0.358	0.1049418
980	A	-0.310	0.1068486
981	T	0.306	0.1011674
982	G	-0.100	0.08530251
983	G	0.060	0.05871121
984	G	0.250	0.03684068
985	G	-0.024	0.03069328
986	C	0.378	0.01127918
987	C	0.346	0.007445127
988	C	0.401	0.01754429
989	C	0.120	0.02500319
990	A	-0.103	0.02671189
991	G	-0.523	0.04348024
992	A	0.234	0.06123064
993	G	0.407	0.07588721
994	C	0.341	0.09781401
995	T	0.121	0.1224128
996	G	-0.050	0.1076023
997	A	-0.063	0.09547618
998	A	-0.389	0.09346911
999	T	-0.296	0.09918151
1000	T	0.108	0.09096159
1001	T	-0.471	0.08432709
1002	G	0.094	0.07867409
1003	G	0.403	0.05150146
1004	G	0.384	0.02944059
1005	T	0.165	0.03349429
1006	C	0.452	0.05967649
1007	T	0.145	0.06655315
1008	G	0.245	0.06425122
1009	T	0.299	0.06729902
1010	C	0.427	0.07580519
1011	T	-0.137	0.08394708
1012	G	-0.464	0.1001786
1013	A	0	0.1131692
 1014	T	0.421	0.1222929
1015	T	-0.270	0.1158319
1016	C	0.179	0.1411713
1017	C	0.176	0.1327311
1018	A	-0.413	0.1186598
1019	A	-0.541	0.1076395
1020	A	0.018	0.1002826
1021	C	0.261	0.0783817
1022	C	0.441	0.07243118
1023	C	0.338	0.07132748
1024	T	0.432	0.06572201
1025	T	0.377	0.03763968
1026	G	0.193	0.02942308
1027	C	0.423	0.02873974
1028	A	0	0.01989524
 1029	C	-0.022	0.01534608
1030	A	-0.085	0.03797654
1031	T	0.288	0.04764964
1032	C	-0.159	0.04527698
1033	A	-0.018	0.04797188
1034	G	0.054	0.05856631
1035	T	-0.054	0.07182581
1036	G	-0.204	0.06612275
1037	A	-0.032	0.06313892
1038	T	0.212	0.05059465
1039	G	0.131	0.03983881
1040	G	-0.414	0.04073568
1041	T	-0.384	0.04979648
1042	A	-0.484	0.03153105
1043	T	-0.265	0.02284701
1044	C	0.285	0.01790389
1045	C	0.407	0.00929331
1046	C	0.469	-0.01284112
1047	T	0.105	-0.02267162
1048	G	-0.332	-0.03301234
1049	T	-0.223	-0.02430634
1050	T	0.416	-0.02730566
1051	T	0.090	-0.01878989
1052	C	0.351	-0.00680933
1053	T	-0.037	0.0005722367
1054	G	0.109	-0.00648767
1055	C	0.403	0.00588657
1056	C	0.465	0.00231707
1057	A	-0.124	0.005107037
1058	G	-0.260	0.0241199
1059	T	-0.171	0.0261451
1060	A	-0.343	0.02017237
1061	G	-0.375	0.0134183
1062	A	-0.454	0.02357194
1063	A	-0.329	0.04921604
1064	T	0.315	0.05806742
1065	G	-0.144	0.03548795
1066	G	0.050	0.04561505
1067	C	0.326	0.05174445
1068	A	0.433	0.05537655
1069	G	-0.080	0.05608172
1070	T	-0.043	0.03300302
1071	A	-0.491	0.01569154
1072	T	-0.400	0.03080047
1073	A	0.305	0.03275894
1074	G	0.346	0.036494
1075	G	0.228	0.04282727
1076	G	0.266	0.06929514
1077	C	0.410	0.1002961
1078	A	0.436	0.1272661
1079	T	0.042	0.1313572
1080	G	-0.261	0.1502835
1081	T	0.394	0.1479942
1082	C	0.535	0.1230501
1083	T	0.071	0.0949058
1084	A	0.131	0.0900834
1085	C	-0.288	0.1027421
1086	A	-0.053	0.1128877
1087	A	0.328	0.1262481
1088	T	-0.201	0.1255684
1089	G	-0.059	0.114027
1090	A	-0.153	0.09036443
1091	C	0.418	0.0687364
1092	T	0.475	0.04538673
1093	C	0.479	0.0272686
1094	T	0.438	0.03382591
1095	C	0.422	0.02766151
1096	C	-0.018	0.0003976133
1097	A	-0.421	-0.03060469
1098	G	-0.410	-0.04240195
1099	A	-0.225	-0.06209295
1100	G	0.336	-0.04523025
1101	G	-0.186	-0.051889
1102	G	0	-0.05268174
 1103	T	0.284	-0.06124917
1104	A	0	-0.0630146
 1105	A	-0.481	-0.07394577
1106	G	-0.382	-0.1021623
1107	A	-0.290	-0.13248
1108	A	-0.106	-0.1442733
1109	C	0.239	-0.1594317
1110	A	-0.446	-0.1742878
1111	A	-0.423	-0.1624688
1112	A	-0.394	-0.154803
1113	A	-0.282	-0.1257164
1114	T	-0.459	-0.1010757
1115	A	0.217	-0.1022353
1116	G	-0.253	-0.107102
1117	T	0.304	-0.1168709
1118	T	-0.458	-0.1335264
1119	A	-0.112	-0.1473105
1120	T	-0.481	-0.1393744
1121	A	-0.428	-0.1272585
1122	A	-0.433	-0.1256409
1123	A	0.126	-0.1292908
1124	T	-0.016	-0.1537365
1125	C	-0.022	-0.1530174
1126	A	0.336	-0.1530676
1127	G	-0.191	-0.1525183
1128	T	0.462	-0.1527248
1129	T	0.513	-0.1461007
1130	T	0.301	-0.1591346
1131	T	-0.332	-0.157155
1132	T	-0.293	-0.1822916
1133	T	-0.215	-0.1630172
1134	A	-0.413	-0.173825
1135	A	-0.243	-0.170232
1136	T	-0.018	-0.163802
1137	G	-0.241	-0.1395799
1138	T	-0.216	-0.1366801
1139	A	-0.494	-0.131665
1140	A	-0.424	-0.1230275
1141	A	-0.425	-0.1365095
1142	A	-0.378	-0.1279992
1143	A	-0.288	-0.1302437
1144	T	-0.260	-0.1342839
1145	A	-0.173	-0.1516587
1146	G	-0.194	-0.1542692
1147	A	-0.449	-0.1392606
1148	G	0.119	-0.1369816
1149	A	-0.436	-0.1392754
1150	A	-0.374	-0.1471166
1151	A	-0.235	-0.1625134
1152	T	0.293	-0.1682547
1153	G	0.213	-0.1686119
1154	T	0.133	-0.1648836
1155	G	0.236	-0.145725
1156	T	-0.067	-0.125599
1157	G	0.063	-0.1096229
1158	A	0.394	-0.09915857
1159	G	0.392	-0.0904604
1160	G	-0.219	-0.08720897
1161	A	-0.411	-0.08651623
1162	A	0.157	-0.0620814
1163	T	-0.146	-0.05476533
1164	T	-0.482	-0.02535773
1165	A	-0.478	-0.01577594
1166	A	-0.480	-0.02326491
1167	A	-0.414	-0.04520071
1168	A	-0.227	-0.07066374
1169	A	-0.382	-0.08724161
1170	C	0.150	-0.1050951
1171	T	0.178	-0.08801078
1172	A	0.101	-0.08512894
1173	G	0.025	-0.08285687
1174	A	0	-0.08728304
 1175	G	-0.076	-0.07154011
1176	A	-0.173	-0.07174644
1177	T	0.283	-0.07597875
1178	C	0.338	-0.0729481
1179	C	0.445	-0.06615457
1180	T	-0.086	-0.05466277
1181	T	-0.459	-0.03550439
1182	A	-0.364	-0.01674609
1183	A	-0.550	0.005119347
1184	A	-0.363	0.03393675
1185	A	-0.299	0.02145205
1186	C	0.444	0.00037038
1187	G	0.149	-0.01548882
1188	T	0.462	-0.002749823
1189	C	0.259	0.01478014
1190	A	0.252	0.02185181
1191	G	-0.417	0.04281348
1192	G	0.030	0.04848851
1193	A	-0.055	0.05485134
1194	A	-0.278	0.05633628
1195	T	-0.133	0.04391749
1196	A	0.094	0.05451955
1197	G	0.148	0.06180459
1198	C	0.428	0.07331242
1199	T	0.482	0.07900342
1200	T	-0.224	0.07824992
1201	T	-0.453	0.05267162
1202	A	-0.374	0.04032132
1203	C	0.407	0.03210722
1204	T	0.525	0.02931895
1205	G	0.136	0.03294619
1206	T	0.455	0.04861727
1207	C	0.453	0.04817408
1208	C	0.529	0.05589843
1209	T	0.490	0.05547166
1210	A	-0.459	0.0428525
1211	T	-0.141	0.05428615
1212	A	-0.146	0.05325582
1213	G	-0.205	0.03185715
1214	A	-0.192	0.002991383
1215	T	-0.321	-0.004822183
1216	T	-0.322	0.00350495
1217	A	-0.220	0.002880683
1218	T	0.216	-0.0003303833
1219	C	0.176	-0.004078417
1220	T	0.361	-0.00817311
1221	T	0.052	-0.02738341
1222	G	0.016	-0.05507788
1223	T	0.176	-0.07031824
1224	G	-0.291	-0.1006233
1225	A	-0.512	-0.08162471
1226	T	0.437	-0.08489634
1227	C	0.117	-0.07633808
1228	T	-0.213	-0.08592521
1229	G	-0.383	-0.08736258
1230	A	-0.458	-0.06892654
1231	A	-0.203	-0.04621621
1232	A	-0.393	-0.03031124
1233	G	0.310	-0.04111328
1234	G	0.413	-0.03941344
1235	G	0.013	-0.04825288
1236	A	-0.120	-0.0573798
1237	T	-0.376	-0.06795117
1238	T	0.072	-0.08844887
1239	T	-0.418	-0.08369443
1240	G	0.110	-0.06662383
1241	A	-0.240	-0.07076523
1242	T	0.110	-0.07295498
1243	T	-0.493	-0.06858404
1244	G	-0.235	-0.04744971
1245	C	0.231	-0.01931341
1246	T	0.358	-0.01905094
1247	G	0.256	-0.01733741
1248	G	-0.107	-0.03506601
1249	T	0.227	-0.05460794
1250	C	0.096	-0.06604458
1251	A	-0.220	-0.07913641
1252	A	-0.300	-0.08253548
1253	G	-0.438	-0.08394711
1254	T	-0.148	-0.06800387
1255	A	0	-0.08272907
 1256	C	0.312	-0.08319824
1257	T	0.052	-0.09968141
1258	A	-0.081	-0.08565053
1259	C	0.250	-0.07167273
1260	A	0.385	-0.07735172
1261	G	-0.196	-0.07502542
1262	G	-0.341	-0.06897352
1263	A	-0.220	-0.06247614
1264	A	-0.172	-0.0592055
1265	T	-0.329	-0.05557126
1266	A	-0.513	-0.03467206
1267	A	-0.478	-0.03605413
1268	A	0.030	-0.0351675
1269	G	0.059	-0.0402438
1270	G	-0.330	-0.05117273
1271	A	-0.254	-0.06299782
1272	A	-0.384	-0.07881454
1273	A	-0.072	-0.08837671
1274	C	0.183	-0.1070269
1275	T	0.060	-0.1228574
1276	C	0.428	-0.101309
1277	T	0.438	-0.1011625
1278	G	0.087	-0.1031183
1279	C	0.325	-0.08701284
1280	T	0.205	-0.0851109
1281	G	0.406	-0.074421
1282	A	-0.341	-0.05898953
1283	T	-0.412	-0.0731252
1284	A	-0.300	-0.08712344
1285	A	-0.327	-0.08497317
1286	T	-0.041	-0.08635407
1287	T	-0.422	-0.09076777
1288	A	-0.368	-0.1052672
1289	G	-0.309	-0.1281428
1290	T	-0.089	-0.1369164
1291	T	0.450	-0.1661243
1292	A	-0.337	-0.1649723
1293	T	-0.279	-0.1819597
1294	T	0.310	-0.2085766
1295	A	-0.272	-0.2292569
1296	T	-0.192	-0.2579478
1297	A	-0.015	-0.2597977
1298	G	-0.393	-0.2632549
1299	T	-0.360	-0.2615792
1300	A	-0.266	-0.2471885
1301	T	-0.295	-0.2550505
1302	T	-0.516	-0.2302031
1303	A	-0.507	-0.2221394
1304	A	-0.502	-0.2027306
1305	G	-0.202	-0.1836583
1306	A	-0.447	-0.2015936
1307	G	0.472	-0.193348
1308	A	-0.422	-0.2013739
1309	A	-0.473	-0.1990171
1310	A	-0.415	-0.1769092
1311	A	-0.454	-0.1556515
1312	A	-0.397	-0.1519562
1313	A	-0.516	-0.1330325
1314	A	-0.250	-0.1145967
1315	T	0.103	-0.09607579
1316	G	-0.277	-0.07568113
1317	G	0.322	-0.05846219
1318	G	-0.126	-0.05286683
1319	C	0.272	-0.03248243
1320	T	0.482	-0.03437363
1321	T	-0.087	-0.01067853
1322	T	-0.090	-0.03263863
1323	T	-0.520	-0.02711606
1324	G	0.381	-0.005759893
1325	C	0.390	-0.00808876
1326	T	0.444	-0.009603793
1327	T	0.094	-0.00088416
1328	G	0.173	0.01672664
1329	G	0.192	0.04111267
1330	A	0.289	0.05337034
1331	T	0.316	0.0585077
1332	T	0	0.02980457
 1333	G	-0.339	0.01991034
1334	G	0.108	-0.002609997
1335	A	-0.259	-0.03507083
1336	T	0.262	-0.03312355
1337	G	-0.186	-0.02271627
1338	G	-0.256	0.00652523
1339	G	0.167	-0.0190099
1340	A	-0.485	-0.04942724
1341	A	-0.500	-0.07546387
1342	A	-0.135	-0.08828095
1343	G	0.012	-0.1006381
1344	G	0.480	-0.1143443
1345	C	0.471	-0.1379909
1346	A	-0.123	-0.1566995
1347	A	-0.538	-0.1613603
1348	A	-0.423	-0.1330349
1349	G	-0.402	-0.1413931
1350	A	-0.491	-0.1427022
1351	A	-0.029	-0.1435665
1352	C	0.222	-0.1476809
1353	C	0.356	-0.1442702
1354	A	-0.384	-0.1635582
1355	A	-0.522	-0.1466878
1356	A	-0.336	-0.1405711
1357	G	-0.289	-0.1360517
1358	A	-0.196	-0.1215004
1359	A	-0.218	-0.125357
1360	T	-0.420	-0.1343167
1361	A	-0.244	-0.120355
1362	T	-0.139	-0.08803434
1363	T	0.510	-0.05848161
1364	T	-0.142	-0.02804688
1365	A	-0.298	0.00359899
1366	T	0.237	-0.0092316
1367	T	-0.309	-0.03102497
1368	T	-0.154	-0.05803097
1369	A	-0.411	-0.0628315
1370	T	0.020	-0.06347327
1371	T	-0.316	-0.06494113
1372	T	0	-0.06798683
 1373	C	0.448	-0.07635487
1374	T	0.365	-0.07943973
1375	C	0.202	-0.07568897
1376	T	0.295	-0.0795177
1377	C	0.431	-0.0872039
1378	T	0.462	-0.1105278
1379	C	0.510	-0.1128437
1380	T	0.458	-0.09835653
1381	T	-0.414	-0.09538547
1382	T	-0.431	-0.08667494
1383	A	-0.453	-0.07700214
1384	A	-0.529	-0.07119268
1385	A	-0.541	-0.08316158
1386	A	-0.380	-0.06793974
1387	G	-0.380	-0.07034094
1388	A	-0.447	-0.08414967
1389	A	-0.310	-0.09333479
1390	C	-0.307	-0.08644656
1391	A	-0.359	-0.08218712
1392	T	-0.370	-0.08261642
1393	A	-0.189	-0.09142729
1394	A	-0.211	-0.1223626
1395	T	0.136	-0.1545434
1396	G	0.326	-0.1587426
1397	T	-0.048	-0.1501725
1398	A	0.135	-0.1256535
1399	T	-0.236	-0.1164991
1400	G	-0.338	-0.1109927
1401	T	0.140	-0.09502671
1402	C	-0.072	-0.07701428
1403	A	0.034	-0.04793775
1404	G	0.089	-0.02750678
1405	T	0.409	-0.001968747
1406	C	0.423	0.01395252
1407	C	0.418	0.02093772
1408	C	0.198	0.04202785
1409	A	-0.417	0.04699382
1410	A	-0.507	0.03753229
1411	A	-0.540	0.01165269
1412	A	-0.174	0.0083163
1413	G	0.282	-0.002894333
1414	A	-0.254	-0.004666733
1415	G	-0.376	0.01773393
1416	C	0.098	0.02213547
1417	A	0.159	0.04170289
1418	C	0.424	0.05040393
1419	A	0.302	0.03372288
1420	T	0.458	0.01829047
1421	G	0.117	-0.009067
1422	T	-0.160	-0.03084043
1423	T	0.443	-0.0425989
1424	G	-0.062	-0.0247761
1425	T	-0.147	-0.002348133
1426	A	-0.450	0.006937
1427	T	-0.148	0.01210362
1428	T	-0.200	-0.0004685167
1429	A	-0.289	-0.004736383
1430	T	0.333	-0.00122785
1431	C	0.272	0.01019971
1432	C	0.514	0.01941584
1433	T	0.295	0.02014137
1434	A	-0.410	0.02520334
1435	T	-0.053	0.02597501
1436	T	-0.397	0.01859187
1437	T	-0.234	0.009140107
1438	A	-0.154	-0.02143089
1439	T	0.116	-0.03433276
1440	G	0.165	-0.0440077
1441	T	-0.261	-0.04441276
1442	G	-0.019	-0.03765673
1443	A	-0.094	-0.01988729
1444	A	-0.382	-0.01348783
1445	A	-0.270	-0.033049
1446	C	0.441	-0.05735217
1447	T	0.435	-0.08650567
1448	T	0.446	-0.09919396
1449	C	0.453	-0.07861906
1450	C	0.481	-0.06392702
1451	A	-0.103	-0.06725848
1452	G	-0.444	-0.06951458
1453	A	-0.473	-0.07460945
1454	A	-0.449	-0.08365165
1455	A	-0.437	-0.09782682
1456	A	-0.462	-0.09751528
1457	A	0.054	-0.1074554
1458	G	0.332	-0.08865043
1459	C	-0.098	-0.08267557
1460	G	-0.252	-0.08170623
1461	A	-0.457	-0.1108961
1462	A	-0.359	-0.1373089
1463	T	-0.085	-0.1679598
1464	C	0.206	-0.1910982
1465	T	0.387	-0.2138571
1466	A	-0.497	-0.2229919
1467	T	-0.302	-0.2110067
1468	A	-0.307	-0.2100039
1469	G	-0.154	-0.1800141
1470	A	-0.259	-0.1802122
1471	G	-0.252	-0.1524203
1472	A	-0.317	-0.1406728
1473	T	0.469	-0.1517615
1474	G	-0.203	-0.1494009
1475	G	-0.241	-0.1470392
1476	A	-0.434	-0.1256604
1477	A	-0.356	-0.1051864
1478	A	-0.473	-0.1005391
1479	G	-0.240	-0.0922973
1480	T	-0.201	-0.08925774
1481	A	-0.377	-0.08799347
1482	G	-0.084	-0.08835737
1483	A	-0.443	-0.08797904
1484	T	0.449	-0.0765996
1485	T	-0.443	-0.06051877
1486	A	0.371	-0.04435524
1487	G	0.406	-0.02042297
1488	G	0	-0.02739387
 1489	G	-0.027	-0.01616447
1490	A	-0.182	-0.01052943
1491	T	0.184	0.0103245
1492	T	0.254	0.03129707
1493	G	0.054	0.05588064
1494	C	0.453	0.0734174
1495	C	0.478	0.0922971
1496	T	-0.459	0.1114223
1497	A	-0.313	0.1037788
1498	A	-0.295	0.1136098
1499	G	0.187	0.08377334
1500	T	0.222	0.08188484
1501	C	0.232	0.05162114
1502	T	0.400	0.03506864
1503	G	0.260	0.03308424
1504	G	0.133	0.0279017
1505	G	-0.072	0.0273959
1506	A	0.191	0.02624397
1507	G	0.272	0.00565137
1508	G	0.264	-0.001190887
1509	T	0.285	-0.01631352
1510	G	0.365	-0.01736905
1511	G	0.196	0.002431913
1512	G	-0.314	0.01995268
1513	A	-0.148	0.04507965
1514	A	-0.445	0.05593198
1515	T	-0.500	0.03430181
1516	A	-0.536	0.01956511
1517	A	-0.089	-0.001038953
1518	G	-0.059	-0.02416002
1519	G	-0.182	-0.03021638
1520	G	-0.197	-0.01965158
1521	A	0.149	-0.01216498
1522	T	-0.363	-0.009479417
1523	G	-0.150	-0.01632236
1524	A	0	-0.03543616
 1525	C	0.446	-0.06041913
1526	T	0.134	-0.08201576
1527	G	0.212	-0.08540563
1528	C	0.458	-0.08233187
1529	A	0.512	-0.07895391
1530	G	-0.426	-0.04948594
1531	A	-0.209	-0.01574334
1532	T	-0.217	-0.003695207
1533	G	-0.433	0.01478595
1534	G	-0.047	0.03642309
1535	A	0.244	0.03580039
1536	C	0.416	0.01975912
1537	C	0.353	0.02292659
1538	T	0.058	0.01480195
1539	G	-0.287	0.00875632
1540	A	-0.384	-0.009711113
1541	A	-0.451	-0.02724108
1542	A	-0.415	-0.04380141
1543	A	-0.056	-0.06456625
1544	A	-0.343	-0.06539245
1545	T	0.383	-0.05705028
1546	C	0.475	-0.06408571
1547	T	0.271	-0.06591388
1548	T	0.494	-0.06511738
1549	C	0.466	-0.07624096
1550	T	-0.215	-0.08174234
1551	A	-0.331	-0.09034861
1552	G	-0.268	-0.1070751
1553	A	-0.394	-0.1030872
1554	A	-0.181	-0.08926049
1555	A	-0.107	-0.07437447
1556	T	-0.391	-0.04455877
1557	G	-0.284	-0.02557933
1558	A	-0.164	-0.01570336
1559	T	0.487	0.007678877
1560	C	-0.176	0.004569277
1561	T	-0.420	-0.01295249
1562	A	-0.272	-0.02302091
1563	A	-0.409	-0.02662778
1564	A	-0.381	-0.05938021
1565	A	0.079	-0.04600895
1566	T	0.157	-0.03496031
1567	T	-0.148	-0.02060381
1568	G	0.178	-0.01502195
1569	G	0.127	0.00088492
1570	A	0.062	-0.00539268
1571	C	0.442	0.01747362
1572	T	0.153	0.01948719
1573	G	0.239	0.01840605
1574	T	0.357	0.004182667
1575	G	0.290	0.008899137
1576	G	-0.049	0.03692777
1577	T	-0.030	0.05219394
1578	G	0.386	0.08280514
1579	A	-0.516	0.08626664
1580	T	0.185	0.06729345
1581	G	0	0.04893622
 1582	G	0.162	0.03958235
1583	A	-0.227	0.02482522
1584	T	0.295	0.02058512
1585	A	-0.295	0.02304699
1586	C	0.294	0.01484069
1587	A	-0.223	0.01635396
1588	C	-0.197	0.01151805
1589	A	0.061	-0.01057015
1590	A	-0.034	-0.03593815
1591	C	0.420	-0.04972428
1592	T	0.185	-0.06200756
1593	C	0.508	-0.07962846
1594	T	-0.277	-0.06669719
1595	A	-0.490	-0.07071956
1596	T	-0.392	-0.08428189
1597	A	-0.429	-0.102766
1598	A	-0.264	-0.09078283
1599	A	0	-0.08883656
 1600	T	0.136	-0.06458136
1601	C	0.196	-0.05734873
1602	T	0.198	-0.05449376
1603	T	0.094	-0.06032646
1604	T	-0.304	-0.07843597
1605	A	-0.470	-0.08578848
1606	A	-0.463	-0.09513321
1607	T	-0.398	-0.1115874
1608	A	-0.141	-0.1214124
1609	A	-0.128	-0.1140584
1610	C	0.064	-0.1061722
1611	A	-0.406	-0.1077718
1612	A	-0.391	-0.1004711
1613	T	0.132	-0.09380994
1614	C	0.354	-0.09885547
1615	A	0.432	-0.1180337
1616	T	0.511	-0.1355915
1617	C	-0.138	-0.1562441
1618	A	-0.372	-0.1770724
1619	A	-0.482	-0.1779939
1620	A	-0.255	-0.1575448
1621	T	0.140	-0.1507747
1622	G	-0.308	-0.147579
1623	G	0.213	-0.142848
1624	T	-0.057	-0.1311165
1625	A	-0.253	-0.1235543
1626	T	-0.440	-0.1099919
1627	A	-0.210	-0.1076565
1628	G	-0.064	-0.1159937
1629	T	-0.151	-0.1260698
1630	T	-0.439	-0.1486562
1631	A	-0.330	-0.1657029
1632	A	-0.420	-0.1779808
1633	A	-0.530	-0.1649375
1634	A	-0.332	-0.1630895
1635	T	0.142	-0.1655614
1636	G	-0.260	-0.1579569
1637	A	-0.303	-0.1510829
1638	G	0	-0.1661161
 1639	T	0.223	-0.1561295
1640	G	0.291	-0.1399647
1641	A	0	-0.1355596
 1642	G	-0.321	-0.1451276
1643	T	-0.117	-0.1555309
1644	T	0.051	-0.1651156
1645	T	-0.245	-0.1599357
1646	T	0	-0.1557992
 1647	A	-0.506	-0.1259327
1648	T	0.019	-0.09369617
1649	A	-0.426	-0.07602253
1650	G	-0.329	-0.06489627
1651	T	0.368	-0.06536067
1652	A	-0.102	-0.06741057
1653	T	-0.236	-0.0717285
1654	G	0.242	-0.09475557
1655	C	0.231	-0.1154481
1656	A	-0.308	-0.1293199
1657	A	-0.497	-0.1337665
1658	A	-0.376	-0.1454928
1659	T	-0.438	-0.1317422
1660	T	-0.283	-0.1295583
1661	A	-0.206	-0.1224492
1662	T	0.475	-0.1175048
1663	C	0.437	-0.1246171
1664	T	0.197	-0.123664
1665	C	0.476	-0.1253237
1666	A	-0.274	-0.1426937
1667	G	-0.364	-0.1465497
1668	T	-0.129	-0.1522316
1669	A	-0.467	-0.1703137
1670	A	-0.329	-0.1760194
1671	A	-0.416	-0.1798684
1672	A	-0.455	-0.1741332
1673	A	-0.469	-0.1595742
1674	T	0.464	-0.1521385
1675	G	-0.180	-0.1517101
1676	T	0.213	-0.1575699
1677	T	-0.358	-0.1873544
1678	A	-0.194	-0.2155038
1679	A	-0.398	-0.2265419
1680	G	-0.379	-0.2379707
1681	T	-0.152	-0.2209211
1682	A	-0.217	-0.1989477
1683	A	-0.407	-0.1965969
1684	A	-0.300	-0.1642809
1685	T	0.060	-0.1609615
1686	T	-0.424	-0.1640897
1687	A	-0.325	-0.153568
1688	T	0.060	-0.1382667
1689	T	-0.215	-0.1471609
1690	A	-0.270	-0.1456822
1691	A	-0.381	-0.1546413
1692	T	-0.418	-0.1512727
1693	G	-0.407	-0.134235
1694	A	-0.133	-0.1277564
1695	A	0.133	-0.1160375
1696	C	0.237	-0.1274838
1697	C	0.294	-0.1341978
1698	C	-0.059	-0.136902
1699	A	0.502	-0.1408125
1700	T	-0.229	-0.1590877
1701	A	-0.509	-0.1483432
1702	T	-0.139	-0.1397666
1703	G	-0.010	-0.1528393
1704	G	0.197	-0.1587424
1705	A	-0.135	-0.1446586
1706	G	-0.055	-0.1421999
1707	A	-0.257	-0.1256162
1708	G	0.316	-0.1080633
1709	G	-0.203	-0.09008401
1710	A	-0.027	-0.09838707
1711	A	-0.496	-0.09832947
1712	A	-0.419	-0.1243845
1713	A	-0.488	-0.1366729
1714	A	-0.417	-0.1715373
1715	T	-0.487	-0.1675957
1716	A	-0.101	-0.1512428
1717	T	-0.067	-0.1336816
1718	G	-0.331	-0.1185141
1719	A	-0.392	-0.1206718
1720	T	0.151	-0.1223488
1721	T	-0.308	-0.1254258
1722	G	0.079	-0.1319372
1723	A	0.119	-0.1558568
1724	T	0.405	-0.1628348
1725	C	-0.115	-0.1636609
1726	T	0.238	-0.1324082
1727	T	-0.487	-0.1160215
1728	T	-0.427	-0.1102062
1729	T	-0.543	-0.111087
1730	G	-0.111	-0.1050535
1731	G	-0.019	-0.1183773
1732	G	0.387	-0.1207751
1733	G	0.444	-0.103149
1734	G	0.132	-0.08518219
1735	G	-0.185	-0.09202858
1736	A	-0.147	-0.09134565
1737	A	-0.452	-0.08226572
1738	A	-0.400	-0.1008748
1739	T	-0.413	-0.1133495
1740	A	-0.052	-0.1202214
1741	C	0.441	-0.136965
1742	A	0.072	-0.1364765
1743	G	-0.314	-0.1377094
1744	G	-0.443	-0.1361839
1745	A	-0.306	-0.1495682
1746	A	-0.501	-0.1601055
1747	A	-0.139	-0.1689223
1748	G	0.196	-0.1919905
1749	T	0.146	-0.2116246
1750	G	-0.053	-0.2207768
1751	T	-0.287	-0.2295507
1752	A	0.351	-0.2304139
1753	G	-0.439	-0.2311362
1754	G	0.031	-0.2255895
1755	A	-0.321	-0.2274615
1756	G	-0.263	-0.2316886
1757	A	-0.472	-0.2199365
1758	A	-0.464	-0.2011302
1759	A	-0.497	-0.1778854
1760	A	-0.513	-0.1618376
1761	A	-0.335	-0.1581178
1762	G	0.122	-0.1646534
1763	T	-0.247	-0.182112
1764	A	-0.456	-0.189015
1765	A	-0.460	-0.1911019
1766	A	-0.411	-0.173355
1767	A	-0.478	-0.1752167
1768	A	-0.422	-0.1624477
1769	T	-0.246	-0.147052
1770	T	-0.108	-0.1338006
1771	A	0.314	-0.1244115
1772	C	0.424	-0.09233429
1773	C	0.250	-0.06237076
1774	C	0.253	-0.04367287
1775	A	0.174	-0.03601153
1776	T	-0.389	-0.04131937
1777	A	-0.335	-0.04661057
1778	A	-0.326	-0.0321668
1779	T	-0.061	-0.03131267
1780	T	-0.116	-0.00893507
1781	C	0.244	-0.009497637
1782	C	0.295	-0.00762297
1783	A	-0.056	-0.00738127
1784	T	0.493	-0.001074367
1785	C	0.075	0.0078609
1786	A	0.018	0.01215173
1787	C	0.489	0.0007041533
1788	C	0.434	-0.01709535
1789	T	0.063	-0.03122988
1790	A	-0.283	-0.04579018
1791	G	-0.494	-0.03521244
1792	A	-0.036	-0.009972373
1793	G	0.185	-0.00483564
1794	G	-0.430	-0.01659189
1795	T	0.210	0.001382747
1796	A	-0.427	-0.01353242
1797	A	-0.422	-0.03886102
1798	T	-0.415	-0.03298837
1799	A	-0.057	-0.04046127
1800	C	0.159	-0.03339601
1801	T	0.443	-0.02263138
1802	G	0.081	-0.03647939
1803	T	-0.283	-0.04330349
1804	T	-0.170	-0.05098134
1805	A	-0.262	-0.05535058
1806	A	-0.072	-0.05265758
1807	T	0.421	-0.06746904
1808	A	-0.172	-0.08620217
1809	T	-0.413	-0.07045317
1810	T	0.422	-0.0827314
1811	T	-0.202	-0.06265507
1812	T	-0.463	-0.06155314
1813	A	0.120	-0.05262044
1814	G	0.269	-0.05755067
1815	T	0.287	-0.06895861
1816	G	0.341	-0.08119065
1817	C	0.074	-0.06758074
1818	A	0.229	-0.0431668
1819	T	-0.167	-0.03990191
1820	T	-0.414	-0.02272691
1821	T	-0.413	-0.01371832
1822	A	-0.480	-0.01022785
1823	A	-0.376	0.007858647
1824	T	0.041	0.007991513
1825	T	-0.157	-0.01259885
1826	C	0.174	-0.02037835
1827	T	-0.389	-0.01725575
1828	A	-0.147	-0.03382752
1829	A	-0.205	-0.05893979
1830	A	-0.182	-0.08242089
1831	C	0.076	-0.1102251
1832	T	0.489	-0.1192933
1833	T	0.448	-0.141915
1834	T	-0.072	-0.1474549
1835	T	0.252	-0.1437383
1836	C	0.197	-0.1215416
1837	T	0.526	-0.11134
1838	A	0.369	-0.1124881
1839	T	-0.409	-0.1247057
1840	T	-0.194	-0.1255807
1841	A	-0.436	-0.1163426
1842	T	-0.370	-0.1163515
1843	A	-0.377	-0.1146228
1844	A	-0.484	-0.1106116
1845	A	-0.416	-0.1006981
1846	A	-0.492	-0.08960614
1847	A	-0.197	-0.1013764
1848	G	-0.449	-0.1196359
1849	A	-0.333	-0.1192202
1850	T	-0.302	-0.1228317
1851	A	0.251	-0.1186837
1852	C	-0.174	-0.1273979
1853	A	-0.410	-0.137596
1854	A	-0.324	-0.1173848
1855	T	-0.183	-0.1139967
1856	C	0.451	-0.09630006
1857	A	-0.389	-0.06961562
1858	A	-0.095	-0.04201332
1859	G	-0.085	-0.01790576
1860	G	0.114	0.01111528
1861	C	0.408	0.03296918
1862	C	0.136	0.04358071
1863	A	-0.099	0.06266484
1864	A	-0.060	0.07263877
1865	G	0.144	0.0737081
1866	C	0.322	0.0805969
1867	A	0.264	0.1032398
1868	C	0.063	0.1217279
1869	A	0.196	0.1343009
1870	G	-0.093	0.1280794
1871	T	0.094	0.1118003
1872	G	0.430	0.1325642
1873	G	0.451	0.14945
1874	C	0.239	0.1658676
1875	T	0.454	0.1737284
1876	C	0.162	0.1578613
1877	A	0.120	0.157607
1878	C	0.123	0.1747549
1879	A	-0.034	0.1874167
1880	T	-0.270	0.1990395
1881	C	0.458	0.1998749
1882	T	0.504	0.1754749
1883	G	0.143	0.1670965
1884	T	0.052	0.1653728
1885	A	-0.370	0.1777445
1886	G	-0.036	0.1753752
1887	T	0.233	0.1714019
1888	C	0.411	0.1594743
1889	C	0.407	0.1523191
1890	C	0.350	0.1485185
1891	A	-0.067	0.1446374
1892	G	0.128	0.1369128
1893	C	0.415	0.1226469
1894	A	0.319	0.1283118
1895	C	0.493	0.1493468
1896	T	0.347	0.1491019
1897	T	-0.467	0.1353617
1898	T	-0.187	0.1405386
1899	G	0.144	0.134231
1900	G	0.277	0.1435536
1901	G	0.023	0.1342419
1902	A	0.311	0.1177549
1903	G	0.093	0.09145127
1904	G	0.024	0.07635723
1905	C	0.340	0.07456733
1906	C	0.046	0.08325627
1907	A	-0.110	0.09368817
1908	A	-0.304	0.09426953
1909	G	0.135	0.08969467
1910	G	0.360	0.0637628
1911	C	0.451	0.04363473
1912	A	0.092	0.05331113
1913	G	0.299	0.05458183
1914	G	-0.136	0.06381663
1915	A	-0.090	0.06858483
1916	G	-0.316	0.07602661
1917	G	-0.261	0.07443891
1918	A	-0.377	0.06463931
1919	T	-0.045	0.05774873
1920	T	0.296	0.03249526
1921	G	0.193	0.04060923
1922	C	0.441	0.04925023
1923	C	0.432	0.06399059
1924	T	0.182	0.05405419
1925	G	-0.284	0.02731403
1926	A	-0.256	0.001689427
1927	G	-0.176	-0.01686246
1928	A	-0.149	-0.01720469
1929	C	0.421	-0.00735679
1930	C	0.420	-0.00799268
1931	A	0.246	0.01008349
1932	G	0.263	0.02453272
1933	G	-0.200	0.04380865
1934	A	-0.182	0.05867237
1935	G	-0.417	0.0614724
1936	T	0.289	0.06885497
1937	T	0.148	0.0671824
1938	C	0.137	0.0571724
1939	A	-0.162	0.06561763
1940	A	-0.441	0.0811103
1941	G	-0.317	0.1042817
1942	A	-0.463	0.1009116
1943	C	0.288	0.08943853
1944	C	0.158	0.07041053
1945	A	-0.109	0.05209403
1946	G	0.226	0.0433068
1947	C	0.172	0.0193734
1948	C	0.200	0.01390837
1949	A	0.400	0.00913567
1950	G	0.380	0.01237604
1951	G	0.415	0.01557044
1952	G	0.391	0.02087304
1953	C	0.132	0.0307932
1954	A	0.435	0.05172147
1955	A	0.180	0.07892307
1956	C	0.438	0.1023615
1957	A	-0.278	0.1230083
1958	T	-0.493	0.1232526
1959	A	-0.148	0.1341462
1960	G	-0.128	0.1541858
1961	T	-0.016	0.1585063
1962	G	-0.454	0.146943
1963	A	-0.364	0.133228
1964	G	-0.325	0.1054641
1965	A	-0.320	0.07990437
1966	C	0.385	0.05268347
1967	C	0.307	0.02913777
1968	C	0.435	0.0104462
1969	C	0.465	-0.0137746
1970	C	0.374	-0.01938237
1971	A	0.385	-0.04020583
1972	T	0.155	-0.04167737
1973	C	0.296	-0.04125443
1974	T	0.485	-0.05229707
1975	C	0.491	-0.06434493
1976	T	0.355	-0.07996054
1977	A	-0.174	-0.07922064
1978	C	-0.211	-0.07977244
1979	A	-0.432	-0.0803462
1980	A	-0.385	-0.07706897
1981	A	-0.401	-0.1049658
1982	A	-0.314	-0.1303674
1983	A	-0.428	-0.1581985
1984	T	-0.290	-0.1875088
1985	T	0.011	-0.210054
1986	T	-0.186	-0.2179799
1987	T	-0.322	-0.2316881
1988	T	-0.480	-0.2513893
1989	A	-0.480	-0.2798636
1990	A	-0.489	-0.3100287
1991	A	-0.485	-0.3301689
1992	A	-0.432	-0.3291113
1993	A	-0.381	-0.3291433
1994	A	-0.342	-0.3103476
1995	T	-0.221	-0.311589
1996	A	-0.451	-0.3130462
1997	A	-0.454	-0.3084722
1998	A	-0.399	-0.2961253
1999	A	-0.413	-0.2975127
2000	A	-0.302	-0.3005017
2001	T	0.147	-0.2779568
2002	T	-0.255	-0.2527707
2003	A	-0.294	-0.2486601
2004	G	-0.368	-0.2373315
2005	A	-0.413	-0.2284898
2006	A	-0.248	-0.2041087
2007	G	-0.142	-0.2006674
2008	T	-0.212	-0.1838391
2009	G	0.131	-0.184352
2010	A	-0.423	-0.183117
2011	T	-0.445	-0.1638223
2012	A	-0.177	-0.1339613
2013	T	-0.058	-0.1050525
2014	G	-0.332	-0.07960628
2015	A	-0.077	-0.06338375
2016	T	0.490	-0.066248
2017	C	0.433	-0.0702844
2018	A	-0.357	-0.0786538
2019	T	-0.140	-0.06874937
2020	A	-0.224	-0.04062473
2021	C	0.246	-0.0370078
2022	A	-0.329	-0.026827
2023	T	0.123	-0.01821777
2024	G	-0.357	-0.03310313
2025	T	-0.184	-0.02192187
2026	A	0.127	-0.007079637
2027	C	0.441	-0.01362454
2028	C	0.467	-0.01290095
2029	C	0.349	-0.00936705
2030	A	0.184	-0.006774717
2031	C	0.061	-0.01336925
2032	A	-0.376	-0.04008225
2033	A	-0.545	-0.01993062
2034	A	-0.071	-0.02221585
2035	C	0.430	-0.02456325
2036	A	-0.139	-0.04291668
2037	T	0.162	-0.02597415
2038	A	0.046	-0.02193875
2039	T	-0.315	-0.00445245
2040	A	-0.087	-0.004535283
2041	C	0	0.00626455
 2042	A	-0.373	-0.01504608
2043	T	-0.036	-0.04408155
2044	A	-0.226	-0.05814963
2045	T	0	-0.0732384
 2046	A	0.292	-0.07018785
2047	T	-0.368	-0.05238778
2048	G	0.247	-0.03419435
2049	T	-0.208	-0.02294371
2050	A	-0.295	-0.02217418
2051	T	-0.304	-0.001058747
2052	A	0.179	-0.02012721
2053	T	0.244	-0.03114971
2054	G	0.166	-0.02357398
2055	T	-0.187	-0.01408178
2056	A	0.451	-0.00125048
2057	T	-0.198	0.02821452
2058	A	-0.403	0.01592495
2059	T	-0.072	0.02857112
2060	A	-0.268	0.04225488
2061	T	0.153	0.03834672
2062	G	0.157	0.05910608
2063	T	0	0.05227687
 2064	G	0.266	0.06226536
2065	C	0.453	0.06876133
2066	C	0.493	0.06339566
2067	T	-0.409	0.0430708
2068	A	-0.284	0.0266375
2069	T	-0.087	0.0139836
2070	C	0.197	0.00649073
2071	A	0.384	-0.01488337
2072	T	0.510	-0.01808424
2073	G	-0.405	0.01191186
2074	T	0.153	0.006284943
2075	A	0.410	0.006806177
2076	T	0.175	-0.01158152
2077	G	0.254	-0.00412119
2078	T	0.042	-0.008992723
2079	G	0.090	-0.02927856
2080	T	-0.100	-0.03769372
2081	A	-0.465	-0.03765282
2082	T	-0.430	-0.03715232
2083	A	-0.248	-0.04476929
2084	G	-0.213	-0.05929212
2085	A	-0.412	-0.05571615
2086	T	-0.189	-
2087	A	-0.294	-
2088	C	0.496	-
2089	A	-0.241	-
2090	T	-0.252	-
2091	A	-0.398	-
2092	T	0.381	-
2093	A	-0.146	-
2094	T	-0.342	-
2095	T	0.200	-
2096	C	0.494	-
2097	A	-0.394	-
2098	A	-0.512	-
2099	A	-0.523	-
2100	C	0.304	-
