1	G	-0.518	-
2	G	0.167	-
3	A	0.125	-
4	G	0.460	-
5	C	0.166	-0.007062
6	T	0.516	0.023025
7	T	-0.176	0.03615333
8	T	-0.537	0.0139222
9	A	-0.267	-0.004361356
10	C	-0.247	-0.001331689
11	A	0.286	-0.02444424
12	G	-0.074	0.0370102
13	T	0.295	0.07978331
14	G	0.193	0.09709664
15	G	0.308	0.07279898
16	G	0.376	-0.009786467
17	T	-0.152	-0.03820011
18	A	-0.111	-0.1309098
19	A	-0.466	-0.2028476
20	G	-0.457	-0.2835309
21	A	-0.330	-0.3756713
22	A	-0.538	-0.3523663
23	A	-0.453	-0.3194125
24	G	-0.417	-0.226409
25	A	-0.452	-0.1386834
26	A	0.056	-0.04848964
27	C	0.184	0.01138936
28	C	0.370	0.05027802
29	A	0.332	0.08263558
30	G	0.481	0.1401454
31	C	0	0.1166604
 32	A	-0.103	0.08918899
33	T	-0.126	0.03067221
34	T	0.065	0.02145988
35	T	-0.154	-0.008218122
36	G	-0.062	0.01169466
37	G	-0.155	-0.007134122
38	G	0.249	-0.02730734
39	A	0.213	-0.0715861
40	A	0.179	-0.08570388
41	C	-0.273	-0.07877967
42	A	-0.307	-0.01767433
43	G	-0.333	-0.01037
44	T	-0.281	-0.01423844
45	A	0	-0.09036178
 46	C	0.393	-0.032276
47	C	0.315	0.02835844
48	A	0.179	0.01539056
49	G	-0.505	-0.007518444
50	A	0.249	-0.05439878
51	G	0.238	-0.1425787
52	A	-0.449	-0.2122808
53	G	-0.487	-0.1979661
54	A	-0.421	-0.1332847
55	A	-0.399	-0.1191359
56	A	-0.312	-0.1280499
57	C	0.308	-0.02352638
58	A	0.076	0.09079384
59	C	0.376	0.1082451
60	A	0.157	0.1361753
61	C	0.490	0.1668545
62	A	0.541	0.09178391
63	T	-0.264	0.06930051
64	T	-0.148	0.06790007
65	T	-0.035	0.07264684
66	A	-0.367	0.06561829
67	G	-0.126	0.03403729
68	A	0.364	0.08223151
69	C	0.200	0.07135662
70	T	0.427	0.1222067
71	T	0.256	0.1685357
72	G	0.168	0.1649147
73	G	-0.246	0.1215621
74	T	0.421	0.07202161
75	A	0.049	-0.02357272
76	G	-0.158	-0.09165317
77	T	-0.025	-0.1377685
78	G	-0.245	-0.1320009
79	A	-0.432	-0.2292908
80	A	-0.355	-0.2668347
81	G	-0.246	-0.221856
82	A	-0.194	-0.1927431
83	G	-0.453	-0.1601768
84	A	-0.288	-0.1034601
85	G	0.246	-0.08821251
86	C	0.236	-0.0304754
87	A	0.047	0.009735489
88	T	0.077	0.1104019
89	G	-0.218	0.1866149
90	G	0.273	0.1004014
91	G	0.167	0.01661304
92	C	0.452	0.004125067
93	T	0.397	-0.04454779
94	T	-0.529	-0.03911823
95	A	-0.518	-0.06469706
96	C	-0.064	-0.03499061
97	T	-0.360	-0.03361294
98	A	-0.169	-0.02539483
99	G	0.043	0.008698056
100	C	0.435	0.1220034
101	C	0.464	0.07120973
102	A	0.471	0.07737107
103	G	-0.222	0.1504803
104	T	0.501	0.1953227
105	T	-0.521	0.1152171
106	A	-0.304	0.07512444
107	C	0.488	-0.030094
108	C	0.446	0.01753389
109	A	-0.285	-0.002277222
110	T	0.103	0.1037969
111	G	-0.475	0.1858194
112	T	0.205	0.153602
113	T	0.323	0.082454
114	C	0.433	0.1514737
115	C	0.433	0.1871684
116	T	0.198	0.2103481
117	G	-0.193	0.2252184
118	G	0.335	0.2413716
119	G	0.424	0.2181984
120	A	-0.267	0.1774023
121	G	0.339	0.1824395
122	C	0.468	0.1820866
123	T	0.224	0.1364753
124	T	0.066	0.07229911
125	T	0.243	0.05790478
126	G	-0.196	-0.002333889
127	A	-0.075	-0.01794778
128	T	-0.152	-0.007900889
129	G	-0.396	0.03501881
130	A	-0.202	0.03506392
131	T	0.328	0.1006733
132	C	0.314	0.09808298
133	T	0.452	0.1014318
134	G	0.243	0.1057915
135	C	0.393	0.06854076
136	C	-0.098	-0.004357356
137	A	-0.122	-0.04610882
138	A	-0.357	-0.09321283
139	A	-0.537	-0.07870272
140	A	-0.327	-0.1429515
141	C	-0.060	-0.1347094
142	A	0.028	-0.08877694
143	T	0.374	-0.04484534
144	G	-0.184	0.01327152
145	A	-0.024	0.03942622
146	C	0.290	0.09243536
147	A	0.038	0.06068014
148	G	-0.014	0.05179214
149	A	-0.092	0.1104645
150	T	0.416	0.09484061
151	G	-0.257	0.03577583
152	T	0.294	-0.01284399
153	T	0.343	-0.06402697
154	C	-0.165	-0.1054896
155	A	-0.240	-0.1813293
156	G	-0.399	-0.1659882
157	A	-0.475	-0.1537976
158	A	-0.465	-0.1665262
159	A	-0.266	-0.173988
160	G	-0.119	-0.1977366
161	G	0.404	-0.1635467
162	T	0.229	-0.09063527
163	G	-0.232	-0.06511149
164	A	-0.454	-0.07846938
165	T	-0.091	-0.09735471
166	G	0.180	-0.1151238
167	T	-0.235	-0.1218819
168	A	-0.386	-0.1204023
169	A	-0.289	-0.04736549
170	T	0.244	-0.04558252
171	C	0.168	-0.01739808
172	T	-0.218	0.03314603
173	G	0.202	0.108798
174	A	-0.075	0.1409437
175	C	0.434	0.1350499
176	T	0.219	0.1330428
177	G	0.294	0.1641797
178	G	0	0.1062219
 179	A	0.191	0.0797629
180	T	0.150	-0.01357388
181	G	0.061	-0.01674043
182	G	-0.318	-0.05438926
183	A	-0.313	-0.09049792
184	G	-0.405	-0.09584281
185	A	0.190	-0.1331276
186	G	-0.044	-0.1722268
187	A	-0.324	-0.1723737
188	G	0.143	-0.1947988
189	A	-0.185	-0.208907
190	T	-0.290	-0.2436675
191	A	-0.320	-0.2780686
192	G	-0.515	-0.2161583
193	A	-0.532	-0.2382195
194	A	-0.122	-0.2456211
195	G	-0.354	-0.2513812
196	C	0.232	-0.1685688
197	A	-0.055	-0.09310117
198	A	-0.251	-0.03515874
199	G	-0.342	0.01272603
200	A	0.425	0.07116848
201	T	0.163	0.01820092
202	C	-0.011	-0.01489302
203	A	0.308	-6.968889e-05
204	G	0.171	0.01774609
205	T	-0.244	-0.002910244
206	T	-0.353	0.03462198
207	A	-0.118	0.04050021
208	A	-0.182	0.03997477
209	C	0.239	0.03881921
210	C	0.501	0.04603277
211	G	0.041	0.05477677
212	T	0.303	0.0492631
213	T	0.161	0.02718121
214	A	-0.179	-0.04515623
215	T	-0.274	-0.1448728
216	T	-0.168	-0.1106807
217	G	-0.380	-0.1262298
218	A	-0.411	-0.1012654
219	A	-0.396	-0.03028522
220	G	0.349	0.04687522
221	C	0.163	0.09613422
222	A	0.386	0.1617134
223	C	0.459	0.2578678
224	C	0.419	0.2615716
225	T	0.275	0.2205605
226	C	0.209	0.2287699
227	T	0.453	0.2189806
228	G	-0.362	0.2154412
229	A	-0.019	0.1877344
230	G	0.237	0.1269394
231	C	0.297	0.1329192
232	T	0.427	0.1223628
233	G	0.170	0.1706177
234	A	-0.272	0.1169184
235	G	0.263	0.06648509
236	G	0.358	-0.01513113
237	T	0.071	-0.08131624
238	A	-0.502	-0.08425413
239	A	-0.216	-
240	G	-0.436	-
241	T	-0.168	-
242	A	0.144	-
