1	C	0.322	-
2	T	0.388	-
3	C	0.503	-
4	A	-0.407	-
5	A	-0.333	-
6	T	-0.275	-
7	T	-0.287	-
8	G	0.238	-
9	C	0.403	-
10	C	0.066	-
11	A	0.181	-
12	T	-0.142	-
13	T	-0.403	-
14	A	-0.529	-
15	A	-0.422	-
16	C	-0.333	-
17	A	-0.067	-0.05385525
18	T	-0.135	-0.07620695
19	G	-0.034	-0.08343359
20	G	0.381	-0.0889635
21	C	0.428	-0.06509592
22	T	0.353	-0.04104832
23	G	0.371	-0.02818007
24	G	-0.290	-0.01856612
25	A	-0.531	-0.03849512
26	A	-0.378	-0.05883634
27	G	0.336	-0.05748948
28	G	-0.142	-0.06626072
29	A	0.030	-0.04706094
30	G	-0.263	-0.04496212
31	T	-0.156	-0.042827
32	G	-0.125	-0.04275145
33	A	-0.522	-0.017774
34	A	-0.414	0.0004772121
35	G	0.150	0.01411909
36	C	0.320	0.02602893
37	G	0.380	0.0278666
38	G	0.460	0.009490964
39	T	0.148	-0.001849236
40	T	0.029	-0.01195024
41	T	-0.419	-0.0046815
42	A	-0.267	0.01594629
43	T	0.110	0.02822106
44	C	-0.108	0.01407661
45	A	0.491	0.006899242
46	A	-0.334	-0.005758439
47	T	-0.459	-0.006768015
48	A	-0.420	0.01287726
49	T	0.490	0.01767445
50	C	0.534	0.0250769
51	T	0.314	0.03253842
52	T	0.358	0.03123854
53	C	0.441	0.01153248
54	A	-0.177	-0.01322583
55	A	-0.021	-0.03635819
56	C	0.038	-0.05077298
57	T	-0.050	-0.06350117
58	T	0.149	-0.06438672
59	A	0.026	-0.06854502
60	G	-0.130	-0.08803762
61	A	-0.379	-0.09239005
62	T	-0.386	-0.1224409
63	A	-0.296	-0.09995372
64	T	0.492	-0.07526465
65	C	0.033	-0.04971356
66	A	-0.278	-0.05744499
67	A	-0.168	-0.06258132
68	G	0.107	-0.0622225
69	A	-0.329	-0.07644987
70	A	-0.436	-0.09411847
71	A	-0.302	-0.0893459
72	T	-0.326	-0.09941128
73	T	-0.390	-0.09870141
74	A	-0.448	-0.08658794
75	A	-0.404	-0.08607772
76	A	-0.532	-0.08028325
77	A	-0.251	-0.06479328
78	C	-0.500	-0.04000559
79	A	0.408	-0.01785295
80	C	0.355	-0.008859012
81	C	0.423	-0.02257009
82	T	0.235	-0.01358513
83	C	0.365	-0.0009295545
84	T	0.326	-0.004848039
85	G	-0.111	-0.01682565
86	T	-0.141	-0.01965755
87	T	-0.020	-0.01442486
88	T	-0.353	-0.01215849
89	C	0.062	-0.005086309
90	T	0.348	-0.006095612
91	G	0.166	-0.008636521
92	G	0.217	-0.009511521
93	G	0.380	0.007323888
94	G	0.438	0.004585161
95	T	0.344	0.03051125
96	C	0	0.0263848
 97	A	0.039	0.02856746
98	T	0.329	0.02898052
99	C	0.139	0.03244743
100	A	-0.297	0.03491925
101	G	-0.287	0.0285398
102	A	-0.423	0.04454725
103	A	-0.264	0.06172265
104	A	-0.228	0.07445877
105	C	-0.093	0.07151847
106	A	-0.423	0.05718133
107	A	-0.532	0.03059648
108	A	-0.433	0.009591755
109	G	0.023	-0.001204033
110	A	-0.342	-0.02048888
111	C	0.355	-0.019093
112	C	0.271	-0.0194784
113	C	0.427	-0.0138117
114	T	0.436	-0.009003133
115	G	0.350	-0.01610518
116	C	0.446	-0.03464818
117	T	0.116	-0.0369727
118	C	0.416	-0.04084597
119	A	0.425	-0.04261603
120	C	0.399	-0.02423646
121	A	-0.450	-0.005346397
122	A	-0.411	0.01139693
123	A	-0.528	0.04064054
124	A	-0.526	0.05393805
125	T	-0.138	0.06159484
126	G	-0.255	0.05356388
127	T	0.484	0.07059685
128	C	0.331	0.07133543
129	T	0.187	0.07320164
130	T	0.198	0.06389628
131	G	0.095	0.04273906
132	G	-0.472	0.03008052
133	A	-0.374	0.01729642
134	A	-0.415	0.0007675121
135	A	-0.481	-0.026505
136	C	0.342	-0.04869358
137	C	0.395	-0.076422
138	C	0.459	-0.07553831
139	C	0.541	-0.06738334
140	T	-0.093	-0.06181861
141	A	-0.180	-0.05326618
142	T	-0.241	-0.03999503
143	G	0.219	-0.0303575
144	G	0.379	-0.04444355
145	C	0.333	-0.06017867
146	T	0.120	-0.05726321
147	C	-0.261	-0.07246658
148	A	-0.067	-0.09025052
149	T	0.024	-0.08841998
150	C	-0.429	-0.08666195
151	A	-0.483	-0.08535655
152	G	-0.306	-0.07583355
153	A	-0.515	-0.09188568
154	A	-0.421	-0.09005477
155	G	-0.142	-0.0901444
156	A	-0.344	-0.1047541
157	G	-0.244	-0.09224968
158	G	0.299	-0.1000759
159	T	0.062	-0.07790653
160	G	0.019	-0.0918475
161	A	-0.187	-0.09576195
162	C	0.283	-0.1010702
163	A	-0.303	-0.1147562
164	A	-0.491	-0.09536905
165	T	-0.412	-0.08745238
166	A	-0.316	-0.08352707
167	A	-0.372	-0.05901619
168	C	-0.167	-0.03745707
169	A	-0.187	-0.01582298
170	C	0.455	0.006091112
171	T	0.456	0.01272996
172	G	0.059	0.007825385
173	T	0.318	0.02183893
174	G	-0.439	0.03351266
175	T	0.489	0.03823523
176	A	-0.240	0.04145419
177	G	0.250	0.03463011
178	C	0.158	0.03546172
179	A	-0.331	0.02330726
180	G	0.378	0.04461235
181	T	0.193	0.06810244
182	C	0.154	0.08318648
183	G	0.379	0.09774494
184	C	0.228	0.105267
185	C	0.407	0.1103374
186	A	0.208	0.1147749
187	G	-0.202	0.1098403
188	T	-0.303	0.1073269
189	A	0.117	0.1184586
190	G	0.140	0.1150446
191	C	0.454	0.1194775
192	A	0.168	0.0961269
193	G	-0.205	0.09010702
194	C	-0.160	0.0721565
195	A	-0.117	0.05817093
196	T	0.399	0.08051668
197	C	0.283	0.08092787
198	C	0.085	0.08585975
199	A	0.163	0.07810405
200	G	-0.124	0.06729866
201	T	0	0.06037697
 202	G	-0.041	0.05507051
203	G	0.292	0.05476175
204	G	0.373	0.07253478
205	G	0.426	0.09278488
206	G	0.206	0.1033538
207	A	-0.292	0.1146349
208	G	-0.280	0.09607039
209	A	-0.438	0.08158433
210	T	-0.341	0.07136721
211	A	-0.303	0.06578985
212	T	0.405	0.072845
213	C	0.391	0.06417442
214	C	0.356	0.0571427
215	G	-0.101	0.05771684
216	G	0.023	0.06375936
217	A	0	0.08067381
 218	G	0.232	0.08986102
219	C	0.197	0.09326502
220	T	0.384	0.0843922
221	G	0.364	0.06588981
222	C	0.466	0.0564092
223	C	0.513	0.04320226
224	T	-0.157	0.05737456
225	A	-0.309	0.07599414
226	A	-0.542	0.09994999
227	G	-0.344	0.1205307
228	G	0.114	0.1250042
229	A	0.113	0.1183612
230	C	0.051	0.1113346
231	A	0.104	0.09722472
232	G	0.363	0.08959284
233	C	0.433	0.09837928
234	C	0.303	0.09881535
235	A	0.071	0.07808004
236	C	0	0.06405316
 237	G	-0.237	0.03611719
238	A	0.113	0.01626819
239	T	-0.229	0.00920777
240	G	0.174	-0.003451706
241	G	0.333	0.01306481
242	C	0.351	0.02206379
243	T	0.337	0.04695436
244	G	-0.155	0.06967779
245	G	0.186	0.07786052
246	T	0.159	0.08492582
247	G	-0.109	0.07450966
248	A	-0.353	0.06831393
249	G	0.313	0.05230121
250	T	0.014	0.03135936
251	G	-0.452	0.03512115
252	A	-0.264	0.04141884
253	A	-0.537	0.03210454
254	G	-0.290	0.03423002
255	C	0.233	0.0254839
256	C	0.095	0.02632929
257	A	0.387	0.0206588
258	T	-0.012	0.0007771061
259	C	0.278	-0.02396868
260	C	0.405	-0.02151747
261	C	0.384	-0.01210735
262	T	0.346	-0.002576318
263	G	-0.292	-0.002259985
264	T	-0.100	-0.01049841
265	G	-0.165	-0.01001762
266	A	-0.257	-0.02986926
267	C	0.427	-0.04231781
268	C	0.279	-0.04101135
269	A	-0.307	-0.0409092
270	G	-0.167	-0.03488447
271	A	-0.174	-0.04034317
272	G	-0.201	-0.05997172
273	C	-0.012	-0.07908939
274	A	-0.322	-0.09957215
275	A	-0.464	-0.1027899
276	G	0.418	-0.1271503
277	G	0.154	-0.1456459
278	G	0.501	-0.1637041
279	T	0.170	-0.1857106
280	A	-0.381	-0.1864709
281	A	-0.337	-0.1809742
282	A	-0.342	-0.1861528
283	G	-0.396	-0.1831219
284	A	-0.408	-0.1941312
285	A	-0.261	-0.2050755
286	T	-0.338	-0.1990985
287	A	-0.470	-0.1993138
288	A	-0.414	-0.1860692
289	T	-0.535	-0.1776091
290	A	-0.288	-0.1781613
291	C	-0.118	-0.1663742
292	A	-0.525	-0.1590935
293	A	-0.204	-0.1720686
294	T	-0.210	-0.1800853
295	G	-0.379	-0.1976916
296	A	-0.317	-0.1973078
297	A	0.081	-0.1731374
298	G	-0.336	-0.1533702
299	A	-0.157	-0.1331014
300	T	0.064	-0.1182512
301	T	-0.082	-0.1055009
302	T	-0.110	-0.08329413
303	A	-0.174	-0.05999543
304	G	0.262	-0.03225855
305	T	0.077	-0.009193218
306	T	-0.030	0.01952742
307	T	0.066	0.03575505
308	G	-0.224	0.05311996
309	T	-0.010	0.06904069
310	A	-0.109	0.07079124
311	T	-0.079	0.06726369
312	C	0.183	0.06319642
313	G	0.416	0.05659139
314	G	0.314	0.040205
315	C	0.326	0.06622582
316	A	0.093	0.06070291
317	C	0.011	0.05319521
318	T	0.471	0.04371579
319	C	0.430	0.03735346
320	T	0.444	0.04594412
321	C	0.346	0.0277547
322	T	0.412	0.02073337
323	G	0.246	0.01331566
324	C	0.454	0.01626015
325	A	0	0.01599652
 326	T	-0.147	0.008346718
327	T	-0.327	0.01842966
328	A	-0.513	0.03279728
329	A	-0.535	0.03756298
330	G	-0.459	0.03234034
331	T	0.522	0.03472492
332	G	-0.339	0.03924592
333	T	-0.183	0.02468411
334	A	-0.394	0.01098776
335	A	-0.320	-0.001132745
336	G	0.109	-0.02372908
337	A	-0.338	-0.04934696
338	G	-0.154	-0.07088075
339	A	-0.275	-0.09602741
340	C	0.163	-0.1129156
341	A	-0.233	-0.1218309
342	T	-0.262	-0.1159783
343	G	0.223	-0.1002968
344	T	0.394	-0.07697775
345	C	0.340	-0.05015444
346	C	0.244	-0.02608835
347	C	0.393	-0.001046745
348	C	0.476	-0.001190382
349	A	-0.386	0.001799709
350	A	-0.440	-0.0003141091
351	A	0.071	0.0161801
352	T	-0.315	0.02587971
353	G	-0.400	0.009280497
354	A	-0.363	0.03413374
355	A	-0.417	0.0366591
356	T	-0.310	0.03575971
357	T	0.160	0.02973537
358	G	0.193	0.02990473
359	C	0.370	0.02894134
360	A	0.442	0.01819958
361	G	0.371	0.011129
362	T	0.259	-0.001919864
363	C	0.366	0.003862712
364	T	0.517	0.004825864
365	T	-0.240	0.002013136
366	T	-0.253	0.01449028
367	T	0.149	0.01911852
368	C	0	0.001841724
 369	G	-0.438	-0.0009659727
370	A	0.482	-0.001528397
371	C	-0.070	-0.004629306
372	A	-0.305	-0.007743518
373	A	-0.035	-0.01484837
374	T	-0.227	-0.03427543
375	G	-0.294	-0.04500625
376	A	-0.131	-0.0634257
377	T	0.161	-0.06865822
378	G	-0.090	-0.0782659
379	C	0.434	-0.09194142
380	T	0.425	-0.1111844
381	C	0.383	-0.1393885
382	T	0.024	-0.1435128
383	A	-0.287	-0.1488587
384	G	-0.498	-0.1559798
385	G	-0.408	-0.1471783
386	A	-0.419	-0.1407916
387	A	-0.466	-0.1452937
388	A	-0.520	-0.136128
389	A	-0.544	-0.1198036
390	A	-0.480	-0.1066252
391	G	-0.160	-0.08628978
392	A	-0.237	-0.06353502
393	G	0.269	-0.06466456
394	C	0.054	-0.06736279
395	A	-0.192	-0.0720431
396	A	-0.268	-0.09530992
397	A	-0.412	-0.115128
398	T	-0.376	-0.1375027
399	A	-0.429	-0.1329294
400	T	-0.085	-0.1290201
401	T	0.290	-0.09877292
402	G	-0.227	-0.08867068
403	A	0.333	-0.07454184
404	C	0.231	-0.07317941
405	A	0.233	-0.05282444
406	C	0.399	-0.02910853
407	T	0.443	-0.003519442
408	T	0.456	0.002745155
409	C	-0.168	0.02035073
410	A	0.072	0.01604843
411	A	-0.244	0.001842476
412	T	-0.332	-0.004738767
413	A	-0.228	0.01179529
414	A	-0.355	0.03446802
415	T	0.175	0.03510378
416	G	-0.158	0.04522609
417	T	0.499	0.04239698
418	T	-0.074	0.02837746
419	T	0.046	0.04117692
420	A	-0.421	0.04181888
421	C	0.151	0.04411985
422	C	0.237	0.05158916
423	C	0.363	0.05155316
424	A	0.045	0.03933596
425	G	0.343	0.01284156
426	C	0.127	0.02016161
427	A	-0.414	0.01049359
428	A	-0.409	0.01263168
429	T	0.277	0.03134356
430	C	0.335	0.05007886
431	A	-0.355	0.07056138
432	G	-0.095	0.07936686
433	T	-0.178	0.09709389
434	G	-0.172	0.09519807
435	A	0.194	0.08872656
436	G	0.354	0.0838426
437	C	0.307	0.1038276
438	T	0.480	0.109728
439	G	0.398	0.1102191
440	T	0.040	0.1092413
441	A	-0.417	0.1018635
442	T	0.072	0.09145361
443	A	-0.247	0.1010375
444	C	-0.174	0.1228548
445	A	0.284	0.1420781
446	G	0.389	0.12365
447	C	0.320	0.1174117
448	C	0.466	0.1321007
449	C	0.426	0.1405861
450	T	0.436	0.1519703
451	C	-0.288	0.1702985
452	A	-0.114	0.1707793
453	G	0.238	0.1639087
454	C	0.345	0.1423362
455	G	0.254	0.1322726
456	T	0.331	0.119717
457	A	-0.197	0.1331145
458	T	0	0.1457719
 459	C	0.443	0.1301224
460	T	0.305	0.138008
461	A	0.224	0.1329245
462	T	-0.330	0.1168704
463	G	0.129	0.0891986
464	T	0.128	0.0802482
465	T	0.184	0.05703017
466	A	0.196	0.03083417
467	C	0.432	0.009198473
468	T	0.210	0.009521655
469	G	0.127	0.01334563
470	G	-0.404	0.01121514
471	A	0.148	0.006870506
472	A	-0.015	0.009400627
473	T	0.482	-0.004266252
474	C	0	-0.009321433
 475	A	-0.443	-0.02377065
476	A	0.013	-0.04034931
477	T	-0.341	-0.04902032
478	T	-0.245	-0.06718192
479	A	-0.523	-0.06578528
480	G	0.025	-0.07783932
481	G	-0.299	-0.07636556
482	A	-0.437	-0.09639471
483	A	-0.277	-0.09151459
484	A	-0.277	-0.09294401
485	A	0.011	-0.1044872
486	G	0.168	-0.1036278
487	G	0.202	-0.07781398
488	G	0.337	-0.07340822
489	A	-0.119	-0.07626397
490	G	-0.364	-0.1002975
491	A	-0.476	-0.09707248
492	A	-0.103	-0.09373627
493	T	0.019	-0.108985
494	T	-0.374	-0.1002624
495	G	-0.284	-0.1058486
496	A	-0.268	-0.09699983
497	T	0.177	-0.1105635
498	A	-0.476	-0.112458
499	T	0.357	-0.1106856
500	C	0.385	-0.1093782
501	T	-0.170	-0.1121659
502	G	0.156	-0.1034335
503	T	0.447	-0.09643346
504	C	0.293	-0.1153214
505	A	-0.110	-0.1240066
506	A	-0.310	-0.123589
507	T	0.106	-0.1153537
508	G	-0.333	-0.09598818
509	A	-0.490	-0.08909428
510	G	-0.054	-0.09388879
511	A	-0.429	-0.07061594
512	A	-0.231	-0.04892912
513	A	-0.422	-0.04454018
514	T	-0.362	-0.04187052
515	A	-0.379	-0.02575182
516	T	-0.234	-0.04363422
517	A	-0.369	-0.04867355
518	T	0.300	-0.04418958
519	G	0.399	-0.04731229
520	G	-0.420	-0.04833814
521	T	0.050	-0.04903251
522	A	-0.105	-0.04257499
523	A	-0.092	-0.04361899
524	C	0.162	-0.0576709
525	T	0.124	-0.06405251
526	G	-0.138	-0.05885478
527	C	0.393	-0.05309547
528	T	0.431	-0.0553902
529	G	-0.123	-0.03698674
530	A	0.265	-0.02327771
531	C	0.055	-0.011693
532	A	-0.232	0.01072554
533	T	0.219	0.02986872
534	T	-0.022	0.05459221
535	A	0.053	0.058435
536	C	0.413	0.05994327
537	C	0.270	0.05864218
538	G	0.103	0.05905334
539	A	-0.345	0.05012071
540	T	-0.357	0.04769088
541	A	-0.544	0.03015472
542	A	-0.318	0.03776433
543	C	0.135	0.0538486
544	G	-0.505	0.03628272
545	T	0.375	0.01981633
546	G	0.030	0.02578522
547	G	0.019	0.0236011
548	C	0.360	0.03454198
549	C	0.397	0.04294784
550	T	0.446	0.04240845
551	C	0.426	0.02873048
552	T	0.448	0.01376065
553	G	-0.463	-0.004818597
554	C	0.064	0.0005146758
555	A	-0.400	0.008172221
556	A	-0.172	0.02896334
557	A	-0.416	0.05324222
558	T	0.375	0.08588128
559	C	0.392	0.08068922
560	A	-0.186	0.08097543
561	T	-0.112	0.1098771
562	T	0.073	0.1119795
563	T	0.193	0.1194451
564	C	0.416	0.1290085
565	T	0.045	0.1309525
566	G	0.201	0.1165773
567	A	-0.473	0.08744123
568	A	-0.440	0.06929656
569	G	-0.199	0.06362326
570	T	0.446	0.07654196
571	C	0.355	0.08634768
572	C	0.340	0.114107
573	C	0.443	0.1144573
574	A	0.533	0.1338234
575	G	-0.489	0.1236018
576	A	0.145	0.1055616
577	C	0.448	0.1122447
578	C	0.445	0.1006336
579	T	0.276	0.1030413
580	G	0.335	0.09717466
581	C	0.424	0.09091093
582	C	-0.076	0.1026802
583	A	-0.515	0.1076454
584	A	-0.171	0.1323502
585	C	0.261	0.1326415
586	A	-0.037	0.1358933
587	C	0.388	0.1274965
588	T	0.515	0.1213089
589	G	-0.161	0.1009378
590	T	0.222	0.09079595
591	C	0.037	0.06022295
592	A	-0.203	0.08756611
593	T	0.034	0.09057423
594	T	-0.495	0.09119738
595	G	0.153	0.08919305
596	G	0	0.09494702
 597	T	0.209	0.09194632
598	G	0.433	0.08308592
599	C	0.365	0.08878127
600	T	0.341	0.08986099
601	T	-0.431	0.0825216
602	A	-0.092	0.0610766
603	G	0.169	0.06870647
604	G	0.151	0.07006041
605	G	-0.331	0.05476548
606	A	0.109	0.06398524
607	A	-0.475	0.05811869
608	T	0.412	0.05566855
609	C	0.244	0.07285828
610	T	0.469	0.08370415
611	G	0.378	0.1104216
612	T	0.466	0.1046562
613	C	0.236	0.08960534
614	T	0.132	0.08829665
615	G	0.111	0.0784544
616	A	-0.479	0.07054213
617	G	-0.414	0.06409649
618	A	-0.446	0.08949883
619	A	0.214	0.09366587
620	C	0.432	0.07715324
621	A	0.010	0.07516798
622	C	0.142	0.0713085
623	A	0.029	0.06918028
624	G	-0.042	0.09639388
625	T	0.363	0.0823766
626	C	0.392	0.08089372
627	C	0.386	0.0715583
628	T	-0.037	0.07208778
629	A	-0.496	0.07000378
630	A	0.166	0.07640027
631	C	0.108	0.085671
632	T	0.104	0.08722327
633	T	0.128	0.106555
634	C	0.407	0.1249234
635	A	0.045	0.1425578
636	G	-0.375	0.1479587
637	T	0.085	0.146931
638	T	-0.458	0.1617857
639	G	0.039	0.1701026
640	T	0.422	0.1575203
641	G	-0.050	0.1457975
642	C	0.195	0.1376345
643	T	0.161	0.1355884
644	G	0.396	0.1208738
645	T	0.397	0.1258317
646	C	0.447	0.1545586
647	C	0.438	0.1620269
648	A	0.162	0.1714741
649	C	0.158	0.1823461
650	T	0.192	0.1880507
651	G	0.135	0.1757128
652	T	0.392	0.1806836
653	G	0.398	0.1992711
654	C	0.501	0.2079466
655	T	0.417	0.2354592
656	T	-0.386	0.2425062
657	A	-0.429	0.2383579
658	C	0.094	0.2482615
659	C	0.324	0.2300059
660	A	-0.099	0.2155718
661	G	0.126	0.2090123
662	A	0.451	0.1969621
663	C	0.412	0.185956
664	T	0.420	0.1864706
665	C	0.462	0.1904144
666	T	0.316	0.1800344
667	T	0	0.1819594
 668	T	0.209	0.1785714
669	C	0.237	0.1724684
670	C	0.372	0.1570318
671	T	0.449	0.1429281
672	C	0.271	0.1339563
673	C	0.285	0.1382998
674	A	0.276	0.1417777
675	A	-0.406	0.1502463
676	T	-0.315	0.1518498
677	A	0.179	0.1601339
678	T	0	0.1461213
 679	G	0.084	0.1324452
680	C	0.455	0.1199389
681	G	0.292	0.1010242
682	G	-0.184	0.07447287
683	T	0.255	0.05906517
684	T	0.024	0.04724417
685	T	0.191	0.03791098
686	C	-0.110	0.03122761
687	C	0.035	0.01383579
688	A	0.121	-0.003047694
689	T	-0.242	-0.01893878
690	G	-0.314	-0.02626022
691	C	0.374	-0.02684567
692	C	0.377	-0.0005382788
693	A	0.174	0.02297666
694	T	-0.336	0.03076348
695	G	0	0.02449099
 696	C	0	0.02338215
 697	A	-0.203	0.02220157
698	A	-0.413	0.02723248
699	T	-0.191	0.04744003
700	T	-0.390	0.02515121
701	A	-0.098	0.03503465
702	A	0.017	0.04497335
703	C	-0.201	0.05713486
704	T	-0.107	0.04357931
705	A	-0.252	0.04275276
706	T	0.043	0.06665037
707	T	0.257	0.07776964
708	C	0.461	0.05131679
709	C	0.460	0.03324485
710	T	0.436	0.02888754
711	A	-0.206	0.02761517
712	G	0.047	0.03830784
713	T	0.416	0.05052375
714	C	0.458	0.04508275
715	A	0.482	0.04984972
716	T	-0.479	0.05952311
717	T	0.350	0.07134411
718	C	0.519	0.06758809
719	A	0.290	0.05605504
720	T	-0.411	0.0682141
721	T	0.093	0.07636737
722	C	0.545	0.07739055
723	A	0.051	0.07805289
724	T	-0.498	0.07765086
725	T	-0.218	0.05142532
726	T	0.030	0.02562319
727	G	-0.378	0.01082658
728	T	0.352	0.006815673
729	T	0.403	0.003746724
730	C	-0.383	-0.009746579
731	A	-0.255	-0.02209268
732	T	0.127	-0.04511865
733	T	0	-0.0193755
 734	G	-0.222	-0.03925826
735	A	-0.363	-0.06187056
736	T	0.199	-0.07263016
737	T	0.161	-0.06568234
738	C	-0.219	-0.0829701
739	A	0.065	-0.109156
740	G	0.244	-0.1093771
741	C	-0.403	-0.08272342
742	A	-0.390	-0.07710181
743	A	-0.051	-0.07318628
744	A	-0.339	-0.04951725
745	T	-0.053	-0.04809465
746	G	-0.029	-0.04858147
747	T	0.051	-0.02313804
748	G	-0.277	-0.02504783
749	T	0.369	-0.01832707
750	T	-0.305	-0.01218547
751	G	-0.226	-0.0001657394
752	A	-0.064	0.02341547
753	C	-0.182	0.006317018
754	A	-0.476	0.01228975
755	A	-0.318	0.03167453
756	C	0.044	0.03768066
757	C	0.380	0.0463623
758	T	-0.033	0.06354981
759	A	0.159	0.06576351
760	C	0.403	0.06652777
761	C	0.399	0.06611937
762	T	0.387	0.05345553
763	T	0.456	0.04972471
764	G	-0.319	0.06070803
765	T	0.349	0.06259066
766	G	0.202	0.05058151
767	C	0.174	0.07371951
768	T	0.414	0.07290781
769	A	-0.364	0.08275229
770	G	0.358	0.09338498
771	C	0.420	0.1208117
772	A	0.263	0.1449154
773	C	0.530	0.1397685
774	T	0.163	0.1134993
775	A	-0.317	0.1264223
776	T	-0.026	0.1133169
777	T	-0.352	0.111435
778	T	-0.471	0.09238516
779	T	-0.152	0.07985837
780	A	0.413	0.07074879
781	G	-0.215	0.09366273
782	A	-0.026	0.08702364
783	G	0.457	0.08613188
784	T	-0.253	0.08599537
785	T	0.260	0.07868985
786	C	0.168	0.08291097
787	C	0.428	0.08142918
788	T	0.477	0.06473885
789	G	-0.125	0.04939328
790	G	-0.486	0.03686825
791	T	0.393	0.04573273
792	T	-0.272	0.06612749
793	G	0.340	0.06938812
794	G	-0.228	0.06802948
795	G	-0.026	0.08451005
796	A	0.155	0.1009707
797	G	0.437	0.08041414
798	G	0.130	0.08464739
799	G	0.173	0.08514404
800	G	0.169	0.05788344
801	A	0.173	0.05172713
802	G	-0.225	0.03145971
803	G	0.309	0.01953356
804	A	-0.130	0.005674233
805	G	-0.242	-0.01615037
806	A	0.117	-0.02798752
807	G	0.455	-0.004461918
808	G	0.355	-0.02180158
809	G	0.081	-0.02746755
810	A	-0.397	-0.04824907
811	A	0.072	-0.05562871
812	G	0.390	-0.07000446
813	G	-0.264	-0.09009595
814	A	-0.075	-0.1169108
815	T	-0.010	-0.1296897
816	A	-0.441	-0.1468615
817	T	-0.456	-0.1504611
818	A	-0.408	-0.1625148
819	A	-0.225	-0.1653368
820	A	-0.028	-0.1887832
821	C	-0.243	-0.1938196
822	A	-0.515	-0.1981905
823	A	0.290	-0.2084559
824	T	-0.178	-0.2351874
825	G	-0.459	-0.2503538
826	A	-0.344	-0.2508094
827	A	-0.472	-0.2372426
828	A	-0.500	-0.251261
829	A	-0.507	-0.2730212
830	A	-0.447	-0.2764963
831	G	-0.291	-0.2854394
832	T	-0.393	-0.2937274
833	A	0.050	-0.2749897
834	C	-0.223	-0.2486018
835	A	-0.318	-0.2417929
836	T	-0.464	-0.2294519
837	A	-0.296	-0.2178362
838	G	-0.386	-0.204554
839	T	-0.221	-0.1927518
840	A	-0.426	-0.2152377
841	A	-0.145	-0.2173757
842	G	0.066	-0.2160933
843	T	0.050	-0.2146753
844	G	-0.390	-0.2043914
845	A	-0.327	-0.2027231
846	T	-0.379	-0.1991449
847	A	-0.370	-0.2015595
848	T	-0.283	-0.1853621
849	A	0.176	-0.1747045
850	T	0.413	-0.1833569
851	T	-0.183	-0.1891267
852	G	0.182	-0.1739915
853	T	0.354	-0.1568578
854	G	0.195	-0.1460092
855	T	-0.126	-0.143276
856	G	-0.451	-0.1276175
857	A	-0.249	-0.1226075
858	A	-0.417	-0.1152725
859	A	-0.298	-0.1224256
860	A	-0.132	-0.1318246
861	T	-0.445	-0.1105964
862	G	-0.389	-0.1083301
863	A	-0.527	-0.09683145
864	A	0.243	-0.0983923
865	C	-0.041	-0.08936108
866	A	-0.234	-0.09133602
867	A	-0.414	-0.09667199
868	G	0.180	-0.08609918
869	T	0.101	-0.09585954
870	C	0.061	-0.1190751
871	A	-0.296	-0.1395513
872	T	0.295	-0.1513764
873	G	-0.261	-0.1503516
874	T	0.096	-0.1449044
875	G	-0.169	-0.134827
876	A	-0.260	-0.1242845
877	A	0.310	-0.1295463
878	G	-0.252	-0.1166888
879	A	0	-0.09243057
 880	T	-0.422	-0.07737761
881	T	0.014	-0.07733461
882	T	0.111	-0.06383103
883	G	0.237	-0.04300285
884	G	0.165	-0.01915378
885	G	-0.139	-0.01578075
886	T	-0.411	-0.0193776
887	A	-0.480	-0.02789188
888	A	-0.516	-0.01021561
889	A	-0.418	-0.006956758
890	G	-0.069	0.00959803
891	A	-0.085	0.006176839
892	G	0.049	-0.002088252
893	G	-0.306	0.00876463
894	A	-0.021	-0.001270094
895	T	0.411	-0.01045334
896	T	-0.030	-0.009078752
897	C	0.244	0.01516337
898	C	0.403	0.02579882
899	C	0.452	0.03041155
900	T	0.372	0.0193904
901	C	0.292	0.01061806
902	C	-0.017	0.008075761
903	A	-0.219	0.01136967
904	G	0.286	0.03003994
905	G	0.402	0.05431458
906	G	0.285	0.07869885
907	G	-0.015	0.09264785
908	A	-0.442	0.1074526
909	T	0.098	0.1219635
910	C	-0.020	0.1187209
911	A	-0.555	0.1065832
912	A	0.045	0.09341495
913	C	0.377	0.08575908
914	T	0.365	0.0665196
915	G	0.263	0.06205532
916	C	-0.125	0.05069128
917	A	-0.124	0.05361495
918	G	-0.223	0.05732225
919	A	-0.302	0.06676407
920	G	0.135	0.08826465
921	G	0.284	0.08132942
922	C	0.386	0.05965585
923	C	0.390	0.05310492
924	C	0.403	0.06079328
925	T	0.528	0.08622477
926	G	-0.413	0.09072298
927	A	-0.421	0.1042212
928	A	-0.023	0.1357188
929	G	-0.283	0.1343442
930	T	-0.390	0.1159115
931	A	0.256	0.1098023
932	T	0.077	0.1018186
933	C	0.469	0.103048
934	T	0.414	0.1124034
935	G	0.293	0.1191875
936	T	0.490	0.1329933
937	C	0.057	0.1206111
938	A	-0.312	0.1260002
939	A	0.069	0.1236226
940	C	0.237	0.1077462
941	T	0.396	0.1091204
942	G	0.246	0.1035779
943	C	0.424	0.1172017
944	C	0.484	0.1422049
945	T	0	0.1526823
 946	T	-0.230	0.1688873
947	A	0.163	0.1853981
948	T	0	0.1869102
 949	C	-0.085	0.1982256
950	T	0.184	0.1813371
951	T	0	0.1726336
 952	G	0.152	0.1677879
953	G	-0.273	0.1618363
954	A	0.462	0.1504599
955	C	0.308	0.1507546
956	A	-0.133	0.1490586
957	C	0.448	0.1557253
958	T	0.345	0.1481985
959	G	0.035	0.1517616
960	C	0.403	0.1420756
961	T	0.322	0.138913
962	G	0.251	0.1518282
963	G	0.154	0.1723865
964	T	0.306	0.1610867
965	G	0.451	0.1651277
966	T	-0.088	0.1695457
967	G	0.127	0.1659585
968	T	0.134	0.1806911
969	T	0.293	0.1860066
970	T	-0.317	0.2050448
971	G	-0.302	0.2031228
972	G	0.013	0.1961617
973	T	0.457	0.1982386
974	T	0.148	0.1868165
975	G	0.364	0.1864255
976	A	0.105	0.1784267
977	T	0.379	0.1651976
978	C	0.426	0.1651921
979	T	0.448	0.1707323
980	T	-0.209	0.1740443
981	T	0.133	0.1785541
982	G	0.060	0.1600775
983	G	0.066	0.1477279
984	T	0.486	0.1408064
985	C	0.328	0.1325388
986	T	0.355	0.1163834
987	C	0.398	0.1378639
988	T	0.078	0.1544143
989	G	-0.064	0.1565183
990	G	0.071	0.1500417
991	T	0.332	0.1571975
992	T	-0.228	0.1372151
993	G	-0.033	0.1298625
994	C	0.322	0.1314758
995	T	0.434	0.1233546
996	T	0.263	0.1189345
997	C	0.455	0.1379014
998	T	-0.158	0.1469041
999	T	-0.495	0.1440877
1000	A	-0.100	0.155654
1001	G	-0.138	0.1548678
1002	A	-0.239	0.1585621
1003	C	0.391	0.1468238
1004	T	0.243	0.1445035
1005	G	0.082	0.1492788
1006	G	0.244	0.1558932
1007	T	0.384	0.1556279
1008	T	-0.295	0.1439239
1009	G	-0.137	0.1650502
1010	C	0.432	0.1548839
1011	T	0.158	0.1408237
1012	C	0.302	0.1276643
1013	C	0.416	0.1224725
1014	T	0.430	0.1200929
1015	T	-0.032	0.1266591
1016	C	0.447	0.1482084
1017	C	0.460	0.1645368
1018	T	0.450	0.1762016
1019	T	-0.032	0.1938358
1020	C	0.322	0.1951897
1021	C	0.236	0.2012651
1022	T	0.153	0.2118524
1023	T	0.063	0.2080288
1024	C	-0.053	0.2101103
1025	T	0.469	0.2286682
1026	T	-0.368	0.2370258
1027	T	-0.141	0.2383185
1028	T	0	0.2391639
 1029	C	0.092	0.2433753
1030	T	0.376	0.2203393
1031	T	0.058	0.2188197
1032	C	0.215	0.2331963
1033	C	0.437	0.222973
1034	T	0.246	0.2159459
1035	C	0.342	0.2019862
1036	C	0.435	0.2162744
1037	C	0.443	0.2086126
1038	C	0.431	0.207256
1039	A	0.117	0.2125881
1040	C	0.453	0.2229845
1041	C	0.317	0.23004
1042	T	0.138	0.222558
1043	T	0.475	0.2486014
1044	C	0.186	0.2645903
1045	T	0.441	0.2615958
1046	T	-0.343	0.2542828
1047	C	0.380	0.2351985
1048	C	0.441	0.2376635
1049	T	0.110	0.221372
1050	T	0.228	0.2051532
1051	C	-0.010	0.1932625
1052	T	0.439	0.1734009
1053	T	0.069	0.1470136
1054	C	0.191	0.1275011
1055	T	0.329	0.1027056
1056	C	0.406	0.1040951
1057	T	0.179	0.09451813
1058	C	0.222	0.07867519
1059	T	0.490	0.07672026
1060	C	0.386	0.07523868
1061	T	-0.098	0.08596208
1062	T	-0.148	0.07659484
1063	T	-0.253	0.09506687
1064	T	0.139	0.06790617
1065	A	-0.322	0.04298584
1066	T	-0.097	0.03262841
1067	T	-0.146	0.0155529
1068	T	-0.312	0.004023021
1069	T	-0.434	-0.007899033
1070	A	-0.199	-0.02346248
1071	T	-0.386	-0.04026991
1072	T	0.163	-0.04420752
1073	A	0.137	-0.04233679
1074	T	-0.205	-0.04844511
1075	T	0.073	-0.0407762
1076	T	0.426	-0.05248117
1077	C	0.539	-0.07992699
1078	T	0.132	-0.09184474
1079	T	0.265	-0.09432955
1080	A	-0.516	-0.09395931
1081	A	-0.380	-0.08445892
1082	G	-0.231	-0.06382998
1083	A	-0.335	-0.04555682
1084	T	-0.391	-0.05360785
1085	A	0.045	-0.05302031
1086	T	-0.444	-0.05533291
1087	A	-0.363	-0.05908509
1088	C	0.199	-0.04737825
1089	T	0.468	-0.05683394
1090	G	-0.022	-0.07670497
1091	T	0.475	-0.080144
1092	C	0.104	-0.09110474
1093	A	-0.519	-0.108649
1094	A	-0.492	-0.1205067
1095	A	-0.230	-0.1340107
1096	G	-0.240	-0.1481338
1097	T	0.452	-0.1366662
1098	C	0.358	-0.1231189
1099	T	0.505	-0.1225289
1100	T	-0.411	-0.1034054
1101	T	-0.293	-0.08090587
1102	T	-0.511	-0.07657167
1103	A	-0.323	-0.05799406
1104	A	0	-0.05784536
 1105	G	-0.148	-0.07355912
1106	G	-0.518	-0.1023738
1107	A	-0.319	-0.1126146
1108	A	-0.288	-0.1365757
1109	G	-0.152	-0.1462314
1110	T	0.148	-0.1250889
1111	T	-0.313	-0.09956904
1112	G	-0.200	-0.07698216
1113	A	-0.137	-0.06686465
1114	T	0.066	-0.09287008
1115	G	-0.211	-0.1061601
1116	G	0.295	-0.1171437
1117	C	0.351	-0.09747698
1118	C	0.188	-0.07651098
1119	A	0.169	-0.07023495
1120	T	-0.358	-0.07308847
1121	G	-0.318	-0.08865959
1122	A	-0.482	-0.09926283
1123	A	-0.360	-0.07798783
1124	G	-0.315	-0.08470089
1125	A	-0.214	-0.07892205
1126	T	0.177	-0.06061396
1127	C	0.350	-0.07166253
1128	C	0.514	-0.07134696
1129	T	0.093	-0.05911499
1130	A	-0.405	-0.06220275
1131	C	-0.079	-0.0534351
1132	A	0.143	-0.04330589
1133	C	0.237	-0.04852001
1134	C	0.398	-0.0453424
1135	G	-0.304	-0.03516622
1136	T	-0.417	-0.03555237
1137	A	-0.513	-0.03843231
1138	A	-0.498	-0.04454316
1139	A	0.183	-0.03578786
1140	G	-0.540	-0.03184677
1141	A	-0.097	-0.02984686
1142	C	0.451	-0.02850304
1143	T	-0.215	-0.02093922
1144	T	-0.303	-0.02470486
1145	A	0.203	-0.0293894
1146	T	-0.239	-0.02982368
1147	C	0.356	-0.01475373
1148	T	0.122	-0.01537734
1149	T	0.123	-0.01709824
1150	C	0.456	-0.01829821
1151	C	0.524	-0.03999366
1152	T	0.156	-0.01633402
1153	A	-0.453	0.006935703
1154	T	-0.520	0.02209223
1155	T	-0.193	0.03049911
1156	A	-0.229	0.01548372
1157	G	-0.249	0.03401045
1158	A	-0.169	0.04519442
1159	T	0.427	0.01998679
1160	C	0.225	0.03498873
1161	T	0.360	0.0585467
1162	G	0.078	0.05386341
1163	T	0.092	0.04588662
1164	G	-0.100	0.02281953
1165	T	0.086	0.02576529
1166	T	0.197	0.0322802
1167	G	-0.317	0.03245592
1168	T	0.476	0.02903868
1169	T	0.349	0.01678938
1170	G	-0.013	0.04461268
1171	T	-0.220	0.07350426
1172	T	-0.311	0.09329771
1173	A	0.070	0.1142361
1174	T	0.271	0.136427
1175	T	-0.379	0.1554831
1176	C	0.279	0.1558955
1177	A	0.474	0.142745
1178	C	0.048	0.1245939
1179	A	-0.502	0.1200274
1180	T	-0.405	0.1150293
1181	G	0.219	0.1129854
1182	T	0.338	0.1113291
1183	C	0.461	0.09147857
1184	T	0.412	0.09260345
1185	G	-0.247	0.07521203
1186	T	0.464	0.07039651
1187	C	0.432	0.06552841
1188	T	0.459	0.07151443
1189	C	0.460	0.07877208
1190	T	0.482	0.07490555
1191	C	0.458	0.06997265
1192	T	0.441	0.0751878
1193	C	-0.208	0.06519372
1194	A	-0.238	0.0617116
1195	A	-0.071	0.07104386
1196	C	-0.072	0.09000671
1197	A	-0.167	0.1073306
1198	T	0.031	0.1075842
1199	A	-0.457	0.1075783
1200	T	-0.280	0.08405956
1201	A	-0.097	0.05762265
1202	G	0.191	0.05710295
1203	A	-0.174	0.03022804
1204	T	-0.023	0.008067558
1205	T	-0.072	-0.01882747
1206	T	-0.057	-0.03562371
1207	T	0.108	-0.06650489
1208	T	-0.207	-0.0937332
1209	G	-0.050	-0.1026168
1210	C	0.359	-0.1046127
1211	T	0.356	-0.1060191
1212	T	0.123	-0.1055347
1213	C	0.166	-0.09974905
1214	C	0.228	-0.08891592
1215	T	0.338	-0.07856513
1216	T	-0.314	-0.05571477
1217	G	-0.460	-0.04123968
1218	A	-0.265	-0.02439301
1219	A	-0.422	-0.03018274
1220	G	-0.298	-0.03954971
1221	A	-0.428	-0.03512815
1222	T	-0.093	-0.01786975
1223	A	-0.536	-0.004769039
1224	A	-0.439	0.006916052
1225	G	0.148	0.02550632
1226	G	-0.274	0.03079173
1227	A	-0.285	0.005517033
1228	T	-0.055	-0.005299785
1229	A	0.118	-0.003513724
1230	C	0.189	0.002775427
1231	A	0.373	-0.007770906
1232	C	0.296	-0.02801406
1233	T	0.197	-0.02979303
1234	C	0.458	-0.02377909
1235	A	0	-0.01219391
 1236	A	-0.483	-0.008943664
1237	G	0.122	0.005425609
1238	T	0.497	0.006535397
1239	G	0.375	0.01278221
1240	T	0.494	0.02539218
1241	C	0.405	0.03058033
1242	T	0.123	0.0227403
1243	T	-0.474	0.02698194
1244	A	0	0.04888297
 1245	G	0.182	0.06002485
1246	A	0.374	0.07194964
1247	T	-0.119	0.06508799
1248	T	-0.329	0.04721669
1249	T	-0.372	0.02532896
1250	T	-0.261	0.01350378
1251	T	0.117	-0.004412976
1252	A	-0.314	-0.01449658
1253	T	0.175	0.00549957
1254	G	-0.391	0.01523454
1255	G	0.112	0.01513893
1256	A	-0.120	0.001900939
1257	T	-0.268	-0.009621848
1258	T	-0.110	-0.0214235
1259	T	-0.134	-0.0350008
1260	C	0.437	-0.03245153
1261	C	0.311	-0.0400038
1262	C	0.511	-0.0584998
1263	A	-0.036	-0.07811704
1264	A	-0.216	-0.07021235
1265	A	-0.425	-0.06913265
1266	G	-0.192	-0.05258786
1267	T	-0.132	-0.03113835
1268	A	-0.332	-0.02827459
1269	T	0.176	-0.008579376
1270	C	0.443	-0.00889583
1271	C	0.493	0.006957958
1272	A	-0.061	-0.004933406
1273	A	0.114	-0.0163915
1274	T	0.016	-0.009995624
1275	G	-0.324	-0.01494468
1276	T	-0.390	-0.01689253
1277	A	-0.249	-0.02369741
1278	A	-0.428	-0.02693384
1279	T	-0.273	-0.04303425
1280	G	0.140	-0.03878191
1281	A	-0.293	-0.02317166
1282	G	0.173	-0.008720009
1283	G	0.445	0.01050157
1284	G	0.211	0.02556096
1285	G	0.334	0.04546593
1286	C	0.165	0.04011945
1287	A	0.131	0.04149466
1288	G	-0.279	0.02868888
1289	A	-0.498	0.03055385
1290	T	-0.057	0.01635757
1291	A	-0.273	0.009319252
1292	G	-0.198	0.006064585
1293	G	0.212	0.02338592
1294	A	0.204	0.02182131
1295	G	-0.019	0.01992092
1296	A	0.103	0.01908971
1297	G	0.298	0.01239103
1298	G	0.051	0.014109
1299	C	0.441	0.009228452
1300	T	0.364	0.003858088
1301	C	0.324	-0.004258982
1302	A	0	-0.003392891
 1303	G	0.489	0.004693655
1304	C	0.071	0.0143702
1305	A	0	0.0259129
 1306	T	-0.354	0.03741268
1307	A	-0.216	0.0457366
1308	A	-0.431	0.06764215
1309	T	0.181	0.08730133
1310	G	-0.300	0.09349033
1311	A	-0.491	0.08075593
1312	A	-0.300	0.06884677
1313	A	-0.080	0.05097886
1314	G	-0.237	0.02835962
1315	T	0.012	0.03560835
1316	T	0.268	0.02646126
1317	G	-0.056	0.01684236
1318	G	0.363	0.01175972
1319	C	0.432	0.006499539
1320	T	0.450	-0.005449627
1321	C	0.101	-0.01525128
1322	A	-0.118	-0.03044697
1323	G	0.217	-0.01312691
1324	T	0.448	0.006521845
1325	C	0.450	0.030932
1326	T	0.417	0.0392533
1327	G	-0.215	0.04694386
1328	A	-0.412	0.06284253
1329	A	-0.486	0.05620559
1330	A	-0.447	0.04248978
1331	C	0.290	0.04967302
1332	G	0.139	0.06172369
1333	C	0.046	0.06245199
1334	T	0.156	0.07112437
1335	A	-0.173	0.06080016
1336	T	0.094	0.04145355
1337	G	-0.252	0.01467185
1338	A	-0.501	0.01297003
1339	G	0.217	0.003683152
1340	C	0.432	-0.01399309
1341	C	0.373	-0.02314488
1342	G	0.455	-0.02274909
1343	G	-0.047	-0.02685761
1344	A	0.033	-0.03213694
1345	G	-0.519	-0.03463491
1346	A	-0.532	-0.02687158
1347	A	0	-0.006696909
 1348	G	0.409	-0.02404048
1349	C	0.292	-0.01873855
1350	T	0.230	-0.008249215
1351	T	0.022	0.0002237242
1352	A	-0.206	0.01844894
1353	T	-0.432	0.02769107
1354	T	0.045	0.04809256
1355	G	-0.425	0.07534535
1356	A	-0.366	0.0649921
1357	T	0.146	0.03960444
1358	G	0.463	0.01186144
1359	C	0.281	-0.006312958
1360	A	-0.389	-0.01527882
1361	A	-0.495	-0.02323422
1362	A	-0.230	0.003907845
1363	T	0.218	0.01928099
1364	G	-0.282	0.03437129
1365	T	0.314	0.03435066
1366	G	0.393	0.02847287
1367	C	0.435	0.01294284
1368	C	0.427	0.0014855
1369	C	0.399	-0.007048197
1370	A	0.421	0.003924848
1371	C	0.397	0.004162736
1372	C	-0.124	0.03253865
1373	A	-0.405	0.04978604
1374	A	-0.541	0.03912383
1375	A	-0.144	0.02246517
1376	G	-0.342	0.01362139
1377	A	-0.228	0.02118803
1378	T	0.375	0.0320293
1379	A	-0.025	0.04570273
1380	C	0.497	0.03784191
1381	T	0.409	0.04074488
1382	T	0.098	0.04481882
1383	T	-0.282	0.04542324
1384	T	-0.355	0.0328818
1385	T	-0.487	0.0106785
1386	A	-0.070	-0.009545958
1387	G	0.053	-0.02870272
1388	A	0.511	-0.04510029
1389	T	0.203	-0.05259344
1390	A	-0.204	-0.03046478
1391	T	-0.086	-0.002034048
1392	T	-0.010	0.01455268
1393	T	-0.139	0.03816104
1394	T	-0.137	0.05789256
1395	T	0.221	0.04874797
1396	G	-0.041	0.04841332
1397	G	-0.186	0.03004326
1398	A	0.448	0.004118321
1399	C	0.413	-0.001208515
1400	T	0.022	0.01983576
1401	A	-0.304	0.03577318
1402	T	-0.267	0.05548206
1403	A	-0.211	0.05510371
1404	T	-0.143	0.0515376
1405	G	-0.371	0.04895115
1406	T	0.324	0.05851448
1407	T	0.396	0.06279773
1408	C	0.403	0.05852939
1409	T	0.436	0.06508992
1410	T	0.422	0.08508346
1411	G	0.074	0.08999457
1412	A	-0.036	0.09577982
1413	T	-0.108	0.09021197
1414	T	-0.446	0.08341091
1415	G	-0.077	0.05891318
1416	C	0.411	0.06122439
1417	T	0.170	0.05047514
1418	C	0.162	0.06620041
1419	T	-0.083	0.06505608
1420	G	-0.064	0.08136711
1421	C	0.425	0.08217505
1422	T	0.518	0.08499174
1423	T	-0.063	0.06710871
1424	T	-0.227	0.05476386
1425	T	0.206	0.05240802
1426	G	0.519	0.05191517
1427	T	0.024	0.03152926
1428	T	0.412	0.02111266
1429	T	-0.225	0.03627974
1430	G	-0.410	0.04004915
1431	T	-0.359	0.06110606
1432	T	0.489	0.06344126
1433	A	-0.332	0.06465866
1434	T	0.214	0.06328251
1435	A	-0.305	0.07253072
1436	T	0.327	0.08851808
1437	A	-0.116	0.09308469
1438	T	-0.278	0.07534175
1439	A	-0.265	0.05401494
1440	T	-0.010	0.06131008
1441	T	0.325	0.08255915
1442	T	0.419	0.07631342
1443	G	-0.250	0.05694796
1444	A	-0.269	0.05386492
1445	T	0.463	0.03350441
1446	C	0.016	0.02579423
1447	T	0.248	0.02829498
1448	A	0	0.03918998
 1449	T	0.452	0.01680732
1450	C	0.125	0.02370156
1451	T	0.467	0.01761988
1452	C	0.444	0.0292455
1453	T	0.086	0.009800836
1454	A	-0.159	-0.0004478606
1455	G	-0.185	-0.004701194
1456	G	0.177	-0.00583683
1457	G	0.474	-0.02117968
1458	A	0	-0.04622983
 1459	A	-0.119	-0.06839016
1460	C	-0.077	-0.07332416
1461	T	-0.259	-0.06913844
1462	A	-0.479	-0.07500589
1463	A	-0.328	-0.06447639
1464	C	0	-0.05858039
 1465	A	-0.249	-0.046755
1466	T	-0.105	-0.05481106
1467	T	0.013	-0.05983686
1468	A	0.078	-0.06758826
1469	T	-0.314	-0.07599256
1470	T	-0.454	-0.08031758
1471	T	-0.418	-0.08534143
1472	A	-0.302	-0.09123298
1473	A	-0.517	-0.1095384
1474	A	-0.501	-0.1402244
1475	G	-0.311	-0.1462445
1476	T	-0.413	-0.136465
1477	A	-0.131	-0.1226875
1478	C	0.270	-0.1027101
1479	T	0.363	-0.08062775
1480	C	0.443	-0.07275405
1481	T	0.390	-0.08673696
1482	C	0.186	-0.09037296
1483	G	-0.040	-0.09542332
1484	G	0.211	-0.09902534
1485	G	0.166	-0.114605
1486	A	-0.056	-0.1024711
1487	A	-0.325	-0.07746685
1488	G	-0.379	-0.07569515
1489	A	-0.426	-0.06335409
1490	A	-0.538	-0.04565144
1491	A	-0.198	-0.02446329
1492	G	0.203	-0.01158011
1493	C	0.377	0.0074068
1494	C	0.399	0.01034875
1495	C	0.249	0.01392687
1496	T	-0.068	0.01802323
1497	A	-0.461	0.02025147
1498	G	-0.369	-0.002618436
1499	A	-0.271	-0.01362635
1500	A	-0.105	0.0007018848
1501	G	-0.435	-0.01140618
1502	T	0.085	-0.01699204
1503	C	0.370	-0.01311288
1504	G	-0.360	-0.009327391
1505	T	0.104	-0.01457539
1506	T	0.067	-0.002257764
1507	G	0.198	0.02966875
1508	A	0.113	0.04838824
1509	T	0.213	0.02903784
1510	G	-0.034	0.02903184
1511	G	0.388	0.02836463
1512	T	0.498	0.02347074
1513	T	0.516	0.0128885
1514	T	-0.364	0.03996486
1515	T	-0.176	0.06439565
1516	T	0.432	0.06303014
1517	G	-0.187	0.07512117
1518	T	-0.017	0.07803841
1519	T	0.071	0.06829348
1520	T	-0.200	0.04292575
1521	T	-0.552	0.04703882
1522	G	-0.020	0.05615036
1523	C	0.515	0.05476898
1524	T	0.419	0.03714528
1525	A	-0.434	0.04157513
1526	C	0.377	0.03752531
1527	C	0.377	0.05137955
1528	T	0.087	0.05179073
1529	T	-0.417	0.04055039
1530	C	0.432	0.03343888
1531	G	0.436	0.04448339
1532	G	-0.316	0.05379233
1533	A	0.293	0.05439239
1534	G	-0.339	0.07282852
1535	T	-0.235	0.06138047
1536	A	-0.466	0.0684361
1537	T	-0.224	0.05994761
1538	C	0.405	0.06093079
1539	A	0.021	0.04779989
1540	G	-0.383	0.01775732
1541	T	0.259	-0.002834318
1542	T	0.079	0.02205214
1543	C	0.422	0.01407647
1544	C	0.401	0.001172409
1545	C	0.127	-0.004045676
1546	A	0.281	-0.00183607
1547	T	0	-0.01794793
 1548	C	0.130	-0.04282844
1549	C	0.452	-0.04185747
1550	T	0.420	-0.05349798
1551	G	-0.395	-0.03634453
1552	T	0.304	-0.03794135
1553	G	-0.480	-0.009338864
1554	A	-0.520	0.01303377
1555	A	-0.453	0.01569192
1556	G	-0.476	0.01304971
1557	T	-0.260	0.02921135
1558	A	0.386	0.03172844
1559	A	0.114	0.02066289
1560	C	-0.048	-0.004308624
1561	T	-0.084	-0.02592735
1562	A	-0.344	-0.0440259
1563	T	-0.099	-0.06840693
1564	T	-0.384	-0.07811938
1565	A	-0.284	-0.08697162
1566	A	-0.090	-0.09461447
1567	T	0.226	-0.1038668
1568	G	-0.288	-0.0885015
1569	T	0.477	-0.09771935
1570	C	0.513	-0.06961505
1571	T	0.492	-0.04195829
1572	A	-0.065	-0.01922032
1573	T	0.149	-0.0143649
1574	T	0.342	-0.01790487
1575	G	-0.285	-0.04069441
1576	A	-0.401	-0.06020499
1577	T	-0.311	-0.0675432
1578	A	-0.469	-0.07804135
1579	A	-0.522	-0.08002271
1580	A	-0.320	-0.08937692
1581	A	-0.161	-0.08572473
1582	G	0.199	-0.07513732
1583	C	0.115	-0.06843999
1584	A	0.111	-0.07920208
1585	G	0	-0.05489632
 1586	T	0.446	-0.07058122
1587	C	0.392	-0.09871879
1588	C	0.296	-0.1216482
1589	A	-0.316	-0.1280574
1590	G	-0.377	-0.145707
1591	T	-0.365	-0.1462677
1592	A	-0.529	-0.140423
1593	A	-0.290	-0.1361903
1594	C	-0.430	-0.1410035
1595	A	-0.410	-0.136468
1596	A	-0.408	-0.1179343
1597	A	-0.263	-0.09993651
1598	T	0.064	-0.08152557
1599	C	0.130	-0.0914606
1600	G	-0.128	-0.1013816
1601	T	0.513	-0.1030942
1602	T	-0.040	-0.08939856
1603	T	-0.414	-0.09648868
1604	T	-0.263	-0.09745486
1605	T	-0.277	-0.1040808
1606	A	-0.432	-0.09625854
1607	T	0.324	-0.08771305
1608	G	-0.092	-0.07727048
1609	T	-0.261	-0.0482833
1610	G	-0.470	-0.0265823
1611	A	-0.319	-0.003031909
1612	A	0.088	0.008462942
1613	A	0.273	0.02051761
1614	C	0.445	0.01571907
1615	T	-0.127	0.002016806
1616	A	-0.212	-0.01061798
1617	G	0.055	0.003852139
1618	G	0.451	0.000556897
1619	T	0.212	-0.01065633
1620	A	0.360	0.007053548
1621	T	0.077	0.02616976
1622	G	-0.058	0.04627137
1623	T	-0.095	0.07160788
1624	A	-0.021	0.05365412
1625	C	0.426	0.04797329
1626	A	0.425	0.04914705
1627	G	0.346	0.05917969
1628	T	-0.030	0.05261657
1629	G	-0.010	0.03585521
1630	T	-0.421	0.03797448
1631	A	-0.387	0.01710891
1632	A	-0.286	0.02540285
1633	T	0.348	0.02817224
1634	C	0.405	0.01198408
1635	A	-0.410	-0.01205383
1636	G	0.169	-0.02374943
1637	G	0.366	-0.04440652
1638	C	0.386	-0.06074111
1639	T	0.403	-0.06936218
1640	G	-0.268	-0.07737958
1641	G	-0.280	-0.09262451
1642	A	-0.222	-0.1129735
1643	T	-0.139	-0.1347126
1644	A	-0.536	-0.1560174
1645	A	-0.464	-0.1418335
1646	A	0.343	-0.1295719
1647	G	-0.242	-0.1098838
1648	T	0.145	-0.104464
1649	T	-0.120	-0.1104761
1650	G	-0.478	-0.1341267
1651	A	-0.341	-0.1627405
1652	A	-0.173	-0.1551388
1653	A	-0.321	-0.1458721
1654	G	-0.461	-0.1453231
1655	A	-0.342	-0.1444082
1656	T	-0.359	-0.1432945
1657	A	-0.524	-0.1205572
1658	A	-0.244	-0.09755594
1659	A	-0.291	-0.08057867
1660	G	-0.356	-0.08839118
1661	C	0.437	-0.07985288
1662	T	0.394	-0.08100103
1663	C	0.227	-0.1046972
1664	A	-0.208	-0.1113588
1665	T	-0.484	-0.1269185
1666	T	-0.431	-0.1285982
1667	A	-0.539	-0.1185806
1668	G	-0.159	-0.117682
1669	C	0.475	-0.1041716
1670	T	0.385	-0.1071196
1671	T	0.416	-0.1062753
1672	C	0.440	-0.1054885
1673	T	0.482	-0.08136815
1674	C	0.478	-0.06607018
1675	T	0.337	-0.04657063
1676	T	-0.396	-0.03127336
1677	A	-0.254	-0.03290318
1678	A	-0.502	-0.06161324
1679	T	-0.438	-0.08958391
1680	A	-0.462	-0.1018178
1681	G	-0.367	-0.1000512
1682	A	-0.176	-0.08360803
1683	A	-0.148	-0.05699421
1684	G	-0.311	-0.02767078
1685	A	0.272	-0.02443981
1686	T	-0.418	-0.05133908
1687	G	-0.433	-0.07147981
1688	A	-0.316	-0.09333381
1689	T	0.436	-0.1125718
1690	T	-0.019	-0.1400964
1691	C	0.398	-0.1568397
1692	C	0.212	-0.1703156
1693	A	-0.410	-0.1679505
1694	A	-0.510	-0.1514039
1695	A	-0.528	-0.1352411
1696	G	-0.175	-0.1321598
1697	A	-0.150	-0.1306557
1698	G	0.057	-0.1293526
1699	C	0.446	-0.1272697
1700	C	0.428	-0.1276963
1701	A	-0.053	-0.122473
1702	A	-0.412	-0.1247521
1703	G	-0.279	-0.1207763
1704	T	-0.304	-0.1097094
1705	A	-0.194	-0.09566185
1706	A	-0.425	-0.1062944
1707	T	-0.073	-0.09604316
1708	G	-0.107	-0.1016795
1709	A	-0.318	-0.0965651
1710	T	0.291	-0.0874925
1711	T	0.031	-0.08858222
1712	T	-0.336	-0.07790683
1713	A	-0.413	-0.0885435
1714	T	-0.324	-0.09034759
1715	A	-0.107	-0.07902804
1716	T	-0.162	-0.0804895
1717	A	-0.139	-0.08498232
1718	G	0.197	-0.07226081
1719	G	-0.287	-0.07346362
1720	T	-0.068	-0.07793475
1721	T	0.147	-0.0829672
1722	T	0.085	-0.08838075
1723	G	0.318	-0.06069414
1724	G	0.212	-0.05608652
1725	G	0.381	-0.05695534
1726	G	-0.111	-0.05078404
1727	A	-0.546	-0.0643634
1728	A	-0.176	-0.05650132
1729	A	-0.526	-0.03076244
1730	G	-0.209	-0.02303341
1731	C	0.431	-0.02347444
1732	C	0.398	-0.02528126
1733	C	0.280	-0.03483071
1734	C	0.366	-0.0460532
1735	A	-0.452	-0.06048392
1736	A	-0.427	-0.04163471
1737	A	-0.470	-0.02620873
1738	A	-0.373	-0.01588958
1739	C	0.487	-0.02164523
1740	T	0.078	-0.04560644
1741	T	-0.135	-0.06614056
1742	A	-0.115	-0.09165026
1743	A	-0.156	-0.1030368
1744	C	0.290	-0.09849423
1745	T	0.512	-0.1003703
1746	T	-0.158	-0.09452244
1747	T	-0.339	-0.1019756
1748	T	-0.167	-0.1228551
1749	G	-0.477	-0.1342928
1750	A	-0.509	-0.1283375
1751	A	-0.278	-0.1511934
1752	G	0.334	-0.141396
1753	C	0.440	-0.1297463
1754	C	0.487	-0.1142401
1755	A	-0.104	-0.09787989
1756	A	-0.471	-0.1020863
1757	T	-0.464	-0.08930681
1758	A	-0.460	-0.07205323
1759	A	-0.487	-0.05888732
1760	A	-0.396	-0.04985314
1761	A	-0.238	-0.05302654
1762	A	-0.334	-0.06117138
1763	T	-0.455	-0.05224005
1764	T	-0.257	-0.03364172
1765	T	0.021	-0.02135493
1766	T	0.476	7.594848e-05
1767	A	-0.387	0.02792852
1768	T	-0.128	0.04242898
1769	T	-0.042	0.04722162
1770	T	0.040	0.01858349
1771	T	0.166	-0.009259173
1772	C	0.348	-0.01920672
1773	T	0.500	-0.01130735
1774	C	0.433	0.002777555
1775	A	0.319	0.01671837
1776	C	0.141	0.01762098
1777	T	0.185	0.02611849
1778	G	0.243	0.03213261
1779	C	0.136	0.02946712
1780	A	0.274	0.03154855
1781	C	0.238	0.02913576
1782	C	0.229	0.03098505
1783	T	0.409	0.005704415
1784	C	0.199	0.02308926
1785	T	0.492	0.01915632
1786	T	-0.504	0.01352163
1787	T	-0.431	0.01095277
1788	T	-0.432	0.01663471
1789	G	-0.211	0.01116562
1790	A	0	-0.0009408636
 1791	G	0	-0.01254881
 1792	A	-0.457	-0.03117508
1793	G	-0.115	-0.02437142
1794	A	-0.040	-0.01751863
1795	G	-0.421	-0.01350514
1796	G	-0.387	-0.005202233
1797	A	-0.337	-0.002917021
1798	A	0.082	-0.0176732
1799	A	-0.357	-0.03388023
1800	G	0.186	-0.04537151
1801	A	-0.258	-0.06093842
1802	T	-0.228	-0.08728121
1803	G	-0.044	-0.08086818
1804	T	0.354	-0.07653524
1805	C	0.168	-0.06588506
1806	A	0.100	-0.05785076
1807	T	0.050	-0.06047353
1808	G	-0.295	-0.05406795
1809	C	0.366	-0.04150629
1810	C	0.412	-0.02717208
1811	C	0.376	-0.0211848
1812	C	0.410	0.002033897
1813	T	0.349	0.009880382
1814	G	-0.248	0.02584353
1815	G	-0.305	0.03610146
1816	A	0.030	0.05467134
1817	T	-0.313	0.04574898
1818	G	-0.376	0.05658162
1819	A	-0.292	0.0541081
1820	G	-0.288	0.04271551
1821	G	-0.081	0.04355488
1822	T	0.053	0.04068969
1823	G	-0.086	0.03169172
1824	G	0.211	0.02016539
1825	G	-0.042	0.02141336
1826	G	0.357	0.003115603
1827	T	0.157	-0.0004735788
1828	G	0.344	0.003603391
1829	G	-0.128	-0.01224622
1830	T	0.189	-0.02742212
1831	G	0.420	-0.03265976
1832	G	0.255	-0.0349884
1833	G	-0.108	-0.04553536
1834	G	0.098	-0.03131942
1835	A	-0.310	-0.03458818
1836	A	-0.420	-0.01315215
1837	G	0.381	0.005084848
1838	G	0.073	0.02095855
1839	T	-0.196	0.01240452
1840	T	-0.330	0.01502729
1841	T	-0.254	0.02096308
1842	A	-0.237	0.03588991
1843	C	0.293	0.03337091
1844	C	0.510	0.03992194
1845	G	-0.112	0.02502897
1846	T	-0.150	0.03551618
1847	A	-0.421	0.03794939
1848	A	-0.381	0.02259805
1849	A	-0.317	0.02168648
1850	T	0.155	0.02393814
1851	T	-0.484	0.007153224
1852	C	0.414	0.001741982
1853	T	0.313	0.01446932
1854	C	0.442	-0.003451776
1855	A	-0.228	-0.01848974
1856	G	0	-0.006569073
 1857	C	0.407	0.0040474
1858	C	0.449	0.01073785
1859	T	0.274	0.01061837
1860	G	0.373	0.006343248
1861	T	-0.147	0.003914855
1862	G	0.217	0.01222152
1863	T	0.269	0.02860401
1864	A	-0.085	0.05549201
1865	T	0.225	0.05900534
1866	T	-0.033	0.06649862
1867	T	-0.455	0.05248578
1868	T	-0.488	0.07990035
1869	A	0	0.06962475
 1870	G	-0.209	0.06918268
1871	G	-0.422	0.06746947
1872	A	0.197	0.08808947
1873	T	0.020	0.101377
1874	C	-0.033	0.07758559
1875	A	-0.241	0.06720659
1876	C	0.152	0.07228778
1877	A	0.430	0.07441596
1878	G	0.161	0.07564956
1879	C	0.389	0.0671164
1880	T	0.465	0.05119698
1881	T	-0.266	0.04257055
1882	T	-0.070	0.03809095
1883	G	-0.307	0.04808105
1884	G	0.420	0.06983193
1885	C	0.075	0.09728333
1886	A	0.298	0.1096873
1887	C	0.385	0.131289
1888	C	0.452	0.1473907
1889	C	0.438	0.1272107
1890	A	-0.377	0.1208775
1891	A	0.107	0.1072494
1892	C	0.441	0.1242782
1893	C	0.443	0.1137756
1894	T	-0.106	0.08706528
1895	A	-0.063	0.07286079
1896	C	-0.255	0.04875885
1897	A	-0.370	0.02861831
1898	A	0.077	0.02116398
1899	C	0.295	0.02041974
1900	C	0.262	0.03667102
1901	A	0.417	0.03431874
1902	G	0.409	0.03593611
1903	T	0.503	0.03033347
1904	G	0.108	0.01968732
1905	T	-0.468	-0.005681194
1906	A	-0.188	-0.03508307
1907	G	-0.483	-0.03648741
1908	A	0.320	-0.02812701
1909	T	-0.193	-0.04694501
1910	G	-0.450	-0.05338156
1911	A	-0.306	-0.0470418
1912	A	-0.405	-0.04035133
1913	G	-0.198	-0.02142918
1914	A	-0.512	-0.01402109
1915	G	-0.095	-0.02188934
1916	G	0.229	-0.03894873
1917	G	0.342	-0.0416644
1918	G	0.129	-0.04955307
1919	T	0.114	-0.04931879
1920	T	0.034	-0.05886855
1921	T	-0.384	-0.06144721
1922	T	-0.531	-0.03570912
1923	A	-0.424	-0.02277045
1924	C	0.383	0.005025424
1925	A	-0.179	0.00915797
1926	G	0.231	0.007050485
1927	C	0.102	0.006684424
1928	A	0.156	0.02665152
1929	G	0.368	0.02874442
1930	T	-0.126	0.02296239
1931	G	-0.182	0.02452967
1932	G	-0.267	0.01178143
1933	G	0.173	-0.008076385
1934	C	0.156	-0.03355581
1935	T	0.417	-0.04121605
1936	G	0.188	-0.03887399
1937	G	0.023	-0.0456503
1938	T	0.380	-0.03479367
1939	G	0.238	-0.01916943
1940	C	0.434	-0.009221642
1941	C	0.456	-0.007648127
1942	A	-0.263	-0.003833739
1943	T	-0.463	0.002569139
1944	A	0.351	0.009033958
1945	G	-0.336	0.001300318
1946	T	-0.389	-0.02426602
1947	G	-0.460	-0.02664129
1948	A	-0.515	-0.02111735
1949	T	-0.426	-0.01682183
1950	A	-0.497	-0.01919715
1951	G	-0.123	-0.02790309
1952	G	0.191	-0.04391625
1953	A	-0.189	-0.04146497
1954	T	-0.026	-0.0403557
1955	G	-0.016	-0.03734095
1956	G	-0.095	-0.05371355
1957	T	0.435	-0.07934598
1958	T	-0.053	-0.09984182
1959	G	0.442	-0.09371399
1960	C	0.316	-0.08197108
1961	T	-0.098	-0.08729757
1962	A	-0.474	-0.06476666
1963	A	-0.204	-0.05750557
1964	G	0	-0.03316869
 1965	G	-0.125	-0.01681115
1966	A	0.094	-0.004758703
1967	T	-0.130	-0.001394036
1968	G	-0.111	0.008881327
1969	T	0.269	-0.006629188
1970	C	0.060	0.001171833
1971	A	0.479	0.01547872
1972	T	-0.302	0.0293383
1973	T	-0.411	0.02489651
1974	A	-0.219	0.0001164212
1975	T	-0.061	0.01271697
1976	C	-0.075	-0.01197066
1977	A	0.176	-0.008060755
1978	C	0.406	0.006808794
1979	T	-0.149	0.02054614
1980	C	0.342	0.02739559
1981	T	0.024	0.02820351
1982	G	-0.028	0.04629581
1983	A	-0.386	0.03678253
1984	T	0.215	0.02710859
1985	T	-0.320	0.01921962
1986	G	0.068	0.01556344
1987	C	0.445	0.01728392
1988	A	0.441	-0.01220838
1989	G	-0.242	-0.01036851
1990	G	-0.382	-0.004862658
1991	A	0.362	0.004086003
1992	A	-0.371	-0.00629777
1993	T	0.445	-0.01570083
1994	C	0.392	-0.02764731
1995	A	-0.021	-0.04435825
1996	G	0.021	-0.04297989
1997	A	0.026	-0.05234353
1998	G	0.471	-0.04897083
1999	T	-0.219	-0.04583193
2000	G	-0.449	-0.02815602
2001	A	-0.371	-0.04315905
2002	T	0.148	-0.04864747
2003	T	0.117	-0.06331846
2004	G	-0.493	-0.06514098
2005	A	-0.241	-0.06884319
2006	G	-0.230	-0.05089834
2007	T	0.075	-0.03507213
2008	T	-0.403	-0.03172804
2009	A	-0.385	-0.02902846
2010	A	-0.218	-0.0539288
2011	T	-0.144	-0.062959
2012	T	-0.104	-0.06497535
2013	G	0.033	-0.05187372
2014	G	0.135	-0.05339304
2015	C	0.075	-0.06054535
2016	A	0.196	-0.04037641
2017	T	-0.279	-0.01504716
2018	G	-0.501	0.003438988
2019	A	-0.415	-0.003454527
2020	C	0.385	-0.009748852
2021	C	0.319	0.01263354
2022	T	0.349	0.02531745
2023	C	0.139	0.0450366
2024	A	0.472	0.05598391
2025	T	-0.282	0.08282276
2026	T	-0.376	0.08012434
2027	C	0.094	0.07114112
2028	T	-0.088	0.08058279
2029	G	0.453	0.09770264
2030	G	-0.023	0.1067138
2031	T	0.235	0.1004373
2032	C	0.446	0.1117367
2033	C	0.386	0.102842
2034	T	0.238	0.1066305
2035	C	-0.079	0.1330609
2036	A	-0.090	0.1612419
2037	G	0.245	0.1373649
2038	G	0.177	0.1201667
2039	G	0.420	0.09603511
2040	C	0.436	0.08334986
2041	C	0.481	0.05990765
2042	T	-0.474	0.05492953
2043	A	-0.514	0.05302735
2044	C	0.166	0.0349754
2045	C	0.460	0.03014438
2046	T	0.331	0.003088739
2047	G	-0.071	0.006446367
2048	T	0.448	0.01311173
2049	T	-0.097	0.007890942
2050	C	-0.154	0.001001336
2051	A	0.370	-0.0136653
2052	C	0.514	-0.02475797
2053	A	-0.402	-0.03271879
2054	A	-0.248	-0.05377019
2055	A	-0.446	-0.07450737
2056	T	-0.278	-0.1028675
2057	T	-0.300	-0.1250436
2058	A	-0.447	-0.1418173
2059	T	-0.439	-0.1212663
2060	A	-0.501	-0.107462
2061	A	-0.247	-0.1097844
2062	A	-0.439	-0.1332477
2063	G	0.087	-0.1315771
2064	G	0.455	-0.1236981
2065	A	0.274	-0.1327295
2066	G	0.158	-0.1338344
2067	A	-0.245	-0.1351406
2068	G	-0.445	-0.153831
2069	A	-0.353	-0.1655442
2070	A	-0.449	-0.169232
2071	A	-0.507	-0.1766134
2072	A	-0.515	-0.1794912
2073	A	-0.295	-0.1658916
2074	G	-0.071	-0.1602229
2075	T	0.203	-0.1498268
2076	T	-0.058	-0.1309295
2077	G	0.090	-0.1035916
2078	A	-0.313	-0.1088615
2079	T	0.386	-0.08744399
2080	C	0.188	-0.1013339
2081	T	0.149	-0.1216356
2082	T	-0.133	-0.119957
2083	T	-0.197	-0.1144947
2084	T	-0.246	-0.09475678
2085	T	0.127	-0.07682587
2086	A	-0.524	-0.07302529
2087	T	-0.492	-0.0570727
2088	A	-0.541	-0.04846037
2089	G	0.169	-0.01944128
2090	T	-0.113	0.001261994
2091	G	-0.103	0.0160195
2092	T	0.184	0.01986259
2093	C	0.400	0.01388515
2094	A	-0.421	0.003367682
2095	G	0.267	-0.0007828636
2096	G	-0.371	-0.01922314
2097	A	-0.214	-0.02098238
2098	G	0.329	-0.03150598
2099	G	0.338	-0.02679288
2100	C	0.405	-0.01683716
2101	A	0.146	-0.0219784
2102	G	-0.227	-0.03077722
2103	C	0.077	-0.02949028
2104	A	-0.222	5.208485e-05
2105	C	0.442	0.007855024
2106	C	0.388	-0.003285521
2107	T	0.415	-0.01024852
2108	G	0.330	-0.01094885
2109	T	-0.256	-0.001355764
2110	T	-0.256	0.002484721
2111	A	-0.450	0.02062445
2112	A	-0.222	0.01199845
2113	C	0.130	0.01356361
2114	A	-0.197	0.007888515
2115	T	0.021	-0.01230561
2116	T	0.130	-0.03118958
2117	T	-0.415	-0.05529203
2118	A	-0.162	-0.04940485
2119	A	-0.481	-0.03654521
2120	C	0.482	-0.02752111
2121	A	-0.284	-0.006493379
2122	T	-0.197	-0.006455955
2123	A	-0.343	-0.01676809
2124	G	-0.127	-0.04236357
2125	C	0.500	-0.06506669
2126	A	0.527	-0.0724133
2127	T	0.177	-0.07732327
2128	T	-0.016	-0.07444857
2129	T	-0.319	-0.069447
2130	G	-0.401	-0.06382315
2131	A	-0.336	-0.05089345
2132	A	-0.284	-0.04883898
2133	A	-0.389	-0.04093035
2134	C	0.340	-0.03245925
2135	C	0.196	-0.03250159
2136	A	0.374	-0.03084247
2137	G	0.471	-0.03418759
2138	C	0.443	-0.03569135
2139	T	0.047	-0.03977813
2140	A	-0.429	-0.03305107
2141	T	-0.419	-0.03259486
2142	A	-0.498	-0.0324781
2143	A	-0.418	-0.04962583
2144	T	-0.355	-0.05982392
2145	A	-0.057	-0.04565066
2146	C	0.315	-0.02187505
2147	A	0.229	0.0004431909
2148	C	0.089	0.01207522
2149	A	0.391	0.03708519
2150	T	-0.136	0.04483698
2151	T	-0.164	0.02222007
2152	A	-0.427	0.02529435
2153	T	0.372	0.0257211
2154	T	-0.333	0.01736071
2155	T	-0.332	0.002950103
2156	A	-0.121	0.002624148
2157	T	-0.112	0.02592397
2158	C	0.504	0.048062
2159	T	-0.038	0.07648791
2160	A	-0.159	0.1024429
2161	C	0.450	0.1208133
2162	C	0.465	0.1347913
2163	T	0.334	0.1404057
2164	G	0.046	0.1248357
2165	T	0.541	0.1128315
2166	T	-0.133	0.09996405
2167	A	-0.405	0.1049399
2168	T	0.298	0.1034426
2169	C	0.388	0.1254707
2170	T	0.195	0.1185309
2171	T	-0.031	0.1405112
2172	T	0.037	0.1636999
2173	T	0.339	0.1771848
2174	C	0.311	0.1932485
2175	C	0.439	0.1923106
2176	T	0.437	0.2061575
2177	C	0.250	0.2118376
2178	A	0.404	0.2113172
2179	C	0.501	0.2067824
2180	A	-0.284	0.205333
2181	T	-0.306	0.2186023
2182	T	-0.032	0.2155324
2183	G	0.027	0.2185273
2184	T	-0.213	0.2318553
2185	G	0.299	0.230068
2186	T	0.143	0.2171773
2187	C	0.391	0.2240999
2188	C	0.432	0.218716
2189	T	0.323	0.2146163
2190	C	0.418	0.1982751
2191	C	0.473	0.1909452
2192	T	0.418	0.1703625
2193	T	0.028	0.1434756
2194	C	0.433	0.1228068
2195	T	0.315	0.1112036
2196	C	0.286	0.09054475
2197	T	0.484	0.08491487
2198	C	0.439	0.08599514
2199	T	-0.035	0.08154995
2200	A	0.034	0.07526671
2201	C	0.239	0.09572383
2202	T	-0.036	0.09134559
2203	A	0.423	0.08524494
2204	C	-0.209	0.07337848
2205	A	-0.098	0.07313942
2206	T	-0.199	0.07442109
2207	A	0.069	0.0748066
2208	G	-0.239	0.072199
2209	A	-0.449	0.07000991
2210	A	-0.431	0.0855122
2211	T	0.021	0.07904362
2212	T	-0.180	0.05617632
2213	A	-0.470	0.03334005
2214	A	-0.270	0.005799382
2215	G	-0.179	-0.01512507
2216	A	-0.179	-0.03012618
2217	C	0.461	-0.04366213
2218	A	0.155	-0.06425704
2219	T	-0.057	-0.07658555
2220	G	0	-0.1008621
 2221	C	0.424	-0.08503734
2222	C	0.365	-0.08105612
2223	C	0.430	-0.06269257
2224	T	0.387	-0.06627911
2225	T	0.346	-0.04355329
2226	C	0.539	-0.04278623
2227	T	0.220	-0.03779235
2228	T	-0.439	-0.03372612
2229	A	-0.466	-0.0149377
2230	A	-0.423	0.003230815
2231	A	-0.250	0.01276238
2232	A	-0.530	0.01376826
2233	A	-0.412	0.01883209
2234	A	-0.440	0.01657827
2235	A	-0.443	0.02547194
2236	T	-0.377	0.02722744
2237	T	0.312	0.01939647
2238	T	0.033	0.001085836
2239	T	0.406	-0.0200975
2240	T	-0.048	-0.04607325
2241	T	0.510	-0.0700211
2242	T	-0.424	-0.08624256
2243	T	-0.266	-0.09509901
2244	T	0.155	-0.1009532
2245	C	0.439	-0.07848659
2246	A	0.129	-0.05580132
2247	T	0.043	-0.04344675
2248	T	-0.146	-0.04283605
2249	G	-0.012	-0.02677275
2250	C	0.387	-0.02016341
2251	T	0.448	-0.002456382
2252	C	0	0.02481135
 2253	T	-0.258	0.0498448
2254	A	-0.179	0.05496316
2255	T	-0.333	0.05462177
2256	T	-0.426	0.03668211
2257	T	-0.402	0.02246858
2258	T	-0.188	-0.007125515
2259	T	0.247	0.01001048
2260	C	0.026	0.03067382
2261	T	0.302	0.01626327
2262	C	0.281	-0.01347924
2263	C	-0.016	-0.01444795
2264	A	-0.230	-0.01853672
2265	T	0	-0.01962442
 2266	T	-0.194	-0.008735224
2267	G	0.143	-0.01727841
2268	C	0.456	-0.03957053
2269	C	0.448	-0.04344341
2270	T	0.481	-0.03859481
2271	C	0.021	-0.03606462
2272	T	-0.185	-0.02596923
2273	A	-0.517	-0.0116599
2274	G	-0.466	-0.002831173
2275	A	0.141	-0.005493567
2276	G	0.415	-0.02137311
2277	G	-0.320	-0.03057562
2278	A	-0.542	-0.04812172
2279	A	0.097	-0.06737829
2280	G	-0.091	-0.07192926
2281	G	-0.182	-0.06670198
2282	G	0.347	-0.06834469
2283	G	0.105	-0.05094954
2284	A	-0.286	-0.05583198
2285	T	-0.127	-0.07413337
2286	T	-0.098	-0.07573995
2287	T	-0.096	-0.07746634
2288	T	0	-0.08120601
 2289	T	0.045	-0.08830841
2290	T	-0.111	-0.08766122
2291	T	-0.276	-0.08500953
2292	T	-0.276	-0.1025806
2293	T	-0.276	-0.1316751
2294	T	-0.276	-0.1266631
2295	T	-0.353	-0.1021488
2296	T	-0.166	-0.09531585
2297	T	-0.058	-0.08817182
2298	T	-0.054	-0.06886809
2299	T	0.379	-0.07346949
2300	T	-0.017	-0.07625822
2301	G	-0.147	-0.07249983
2302	T	0.395	-0.08252074
2303	C	0.424	-0.0922877
2304	T	-0.101	-0.09776525
2305	G	-0.420	-0.1062943
2306	A	-0.496	-0.09706449
2307	A	-0.378	-0.08642828
2308	A	-0.438	-0.09219152
2309	A	-0.545	-0.0982837
2310	T	-0.154	-0.1010826
2311	C	0.266	-0.1077288
2312	A	0.322	-0.1069452
2313	G	0.144	-0.1075623
2314	C	0.454	-0.105803
2315	C	0.195	-0.1032149
2316	A	0.013	-0.1022466
2317	T	-0.162	-0.09001669
2318	T	-0.458	-0.0768379
2319	A	-0.420	-0.0921593
2320	A	-0.276	-0.107991
2321	A	-0.281	-0.1124244
2322	C	0.350	-0.1111451
2323	T	0.239	-0.1027823
2324	G	-0.466	-0.1070926
2325	A	-0.477	-0.1050534
2326	A	-0.369	-0.09709397
2327	G	-0.496	-0.1045644
2328	A	-0.327	-0.1139575
2329	A	-0.186	-0.1230929
2330	G	0	-0.1234907
 2331	G	0.031	-0.140412
2332	C	0.411	-0.1539852
2333	T	0.386	-0.1670194
2334	C	0.287	-0.1785363
2335	A	-0.110	-0.1729372
2336	A	-0.097	-0.1669783
2337	G	-0.247	-0.1715792
2338	G	-0.378	-0.1478942
2339	A	-0.220	-0.1452972
2340	A	-0.521	-0.138755
2341	A	-0.371	-0.113576
2342	T	-0.282	-0.1024059
2343	G	-0.401	-0.09999383
2344	A	-0.043	-0.08575714
2345	A	0.021	-0.08959072
2346	C	0.131	-0.08065766
2347	T	-0.103	-0.07833405
2348	G	-0.252	-0.08819312
2349	A	-0.416	-0.1148257
2350	A	-0.542	-0.140276
2351	A	-0.273	-0.1627527
2352	T	-0.224	-0.1712123
2353	G	-0.428	-0.1783111
2354	T	0.500	-0.1863668
2355	C	0.436	-0.1842362
2356	T	0.455	-0.1824166
2357	C	0.364	-0.163344
2358	G	-0.109	-0.1391756
2359	T	-0.289	-0.1291114
2360	A	-0.026	-0.1086817
2361	G	-0.454	-0.1048216
2362	G	0.107	-0.1082542
2363	A	0.076	-0.1211949
2364	A	-0.294	-0.1331065
2365	G	-0.467	-0.1405977
2366	A	-0.453	-0.1364808
2367	A	-0.454	-0.1253985
2368	A	-0.389	-0.1214342
2369	A	-0.332	-0.1086095
2370	A	-0.513	-0.1042187
2371	T	-0.307	-0.130714
2372	A	-0.160	-0.1583436
2373	G	0.108	-0.1816812
2374	C	0.426	-0.2066766
2375	A	0.049	-0.2194823
2376	C	0.272	-0.2269259
2377	T	0.084	-0.2266849
2378	A	-0.091	-0.2165069
2379	T	-0.295	-0.2084015
2380	G	-0.496	-0.1999978
2381	A	-0.499	-0.1811562
2382	A	-0.281	-0.1617414
2383	G	-0.177	-0.1333933
2384	A	-0.142	-0.1274284
2385	T	0.199	-0.113728
2386	G	-0.283	-0.1153667
2387	A	-0.374	-0.1049368
2388	A	-0.475	-0.1004658
2389	A	-0.314	-0.09353607
2390	A	-0.460	-0.09125101
2391	A	-0.531	-0.1077096
2392	A	-0.535	-0.09577313
2393	A	-0.018	-0.1092344
2394	G	-0.118	-0.1190964
2395	C	0.375	-0.1024768
2396	C	0.354	-0.1066862
2397	C	0.327	-0.1029829
2398	A	0.173	-0.09579826
2399	G	0.481	-0.07738153
2400	G	-0.257	-0.05838992
2401	A	0.062	-0.05261109
2402	T	-0.386	-0.04533472
2403	A	-0.169	-0.02677285
2404	A	-0.160	-0.0002281485
2405	T	0.068	0.02283222
2406	G	0.183	0.02132364
2407	G	-0.116	0.04782291
2408	A	0.443	0.07418361
2409	G	-0.171	0.1062997
2410	A	-0.241	0.1046146
2411	T	0.456	0.1184729
2412	T	-0.434	0.1197463
2413	G	-0.374	0.1160972
2414	A	-0.262	0.1120505
2415	T	0.326	0.09779625
2416	C	0.449	0.09024188
2417	G	0.047	0.1079035
2418	C	0.439	0.1162386
2419	T	0.328	-
2420	C	0.501	-
2421	G	0.285	-
2422	A	-0.364	-
2423	T	0.413	-
2424	C	0.338	-
2425	T	0.524	-
2426	A	-0.073	-
2427	T	0.339	-
2428	C	0.417	-
2429	T	0.233	-
2430	A	0.194	-
2431	T	-0.296	-
2432	G	0.232	-
2433	G	0.325	-
2434	C	0.337	-
