1	G	-0.418	-
2	A	-0.131	-
3	A	-0.221	-
4	A	-0.193	-
5	C	0.393	-
6	T	0.450	-
7	G	-0.483	-0.1155059
8	C	0.234	-0.05164161
9	A	-0.223	-0.007613464
10	A	-0.471	-0.01209018
11	A	-0.445	-0.01574418
12	T	0.163	-0.06636254
13	T	0.068	-0.136254
14	G	-0.339	-0.1257162
15	T	0.475	-0.1706068
16	C	0.485	-0.1299545
17	A	-0.284	-0.06845304
18	A	-0.244	-0.03663111
19	T	-0.315	-0.08102896
20	G	-0.527	-0.1154718
21	A	-0.336	-0.1220266
22	G	-0.394	-0.1856014
23	A	0.345	-0.2246049
24	C	0.389	-0.2125677
25	C	0	-0.1893304
 26	A	-0.458	-0.1707768
27	A	-0.413	-0.1502744
28	A	-0.431	-0.1231131
29	A	-0.414	-0.06493543
30	T	-0.060	-0.08057293
31	A	-0.115	-0.08605829
32	T	0.081	-0.1184945
33	G	-0.055	-0.1077981
34	G	-0.240	-0.1014861
35	A	0.044	-0.08854993
36	C	0.420	-0.06508366
37	T	0.127	-0.05360811
38	G	0.313	-0.04836482
39	T	-0.454	-0.03262187
40	G	-0.308	-0.02376917
41	A	-0.324	0.01883861
42	G	-0.250	0.03129712
43	T	-0.086	0.01812798
44	T	0.099	-0.004970093
45	G	-0.042	-0.04612731
46	T	0.301	-0.01618054
47	G	0.068	0.02132889
48	C	0.356	0.03413024
49	A	0.218	0.06552331
50	G	0.235	0.05423484
51	T	-0.196	0.009537736
52	G	-0.263	0.01887436
53	A	-0.034	0.0308535
54	C	0.216	0.04741174
55	A	-0.145	0.0555551
56	G	0.188	0.0742711
57	T	-0.244	0.0244456
58	G	-0.525	0.01579689
59	A	0.088	0.0364336
60	C	0.469	0.06941834
61	C	0.299	0.06024271
62	A	0.470	0.05602957
63	C	0.480	0.03033764
64	A	-0.461	0.03849364
65	A	-0.317	0.07352032
66	G	0.025	0.08331813
67	T	0.426	0.07054934
68	G	0.088	0.07492849
69	G	-0.204	0.05972063
70	A	-0.170	0.05150741
71	G	-0.129	0.1054608
72	A	-0.035	0.1386674
73	G	0.225	0.1494146
74	G	0.290	0.1445092
75	T	0.361	0.1545717
76	G	0.257	0.1638393
77	C	0.365	0.2040809
78	C	0.293	0.2454435
79	A	0.147	0.2803369
80	G	0.176	0.2894568
81	G	0.358	0.2696401
82	T	0.229	0.2241493
83	G	-0.074	0.2158744
84	A	0.392	0.2219652
85	C	0.449	0.2303242
86	C	0.453	0.2506893
87	T	0.353	0.2653747
88	T	0.012	0.273712
89	C	-0.275	0.2253509
90	A	0.141	0.1951106
91	T	0.450	0.1315774
92	C	0.410	0.0871758
93	C	0.432	0.08020473
94	C	0.381	0.07250537
95	C	0.474	0.09711936
96	A	-0.447	0.1260194
97	A	-0.498	0.1277184
98	A	-0.496	0.1172299
99	A	-0.172	0.1024055
100	G	0.355	0.06895809
101	G	0.245	0.05754501
102	T	0.357	0.05222716
103	G	0.128	0.1134539
104	C	0.165	0.172556
105	A	0.304	0.2229359
106	C	0.203	0.2635914
107	C	-0.035	0.2681414
108	T	0.222	0.2599589
109	C	0.400	0.2516694
110	T	0.409	0.2622312
111	C	0.329	0.2456147
112	C	0.208	0.2219155
113	C	0.396	0.2386246
114	T	0.419	0.2490249
115	C	0.131	0.2541937
116	C	0.241	0.2589754
117	T	0.276	0.2557938
118	C	-0.067	0.2451038
119	A	-0.027	0.2085022
120	G	0.437	0.1442491
121	G	0.109	0.09448023
122	T	0.294	0.08038274
123	C	0.467	0.03742688
124	T	0.364	-0.006950764
125	G	0.179	-0.02746467
126	T	-0.304	-0.003385279
127	G	-0.502	-0.007998779
128	A	-0.277	-0.003697636
129	A	-0.066	0.004913364
130	G	-0.359	-0.01285721
131	A	-0.344	-0.00557985
132	A	-0.354	-0.03081056
133	C	0.309	-0.04813135
134	G	0.372	-0.04294399
135	G	0.170	-0.05563999
136	C	0.414	-0.08345107
137	G	0.218	-0.07764843
138	C	0.466	-0.04908996
139	T	-0.173	-0.001818179
140	A	-0.546	-0.02023294
141	A	-0.430	-0.03571801
142	G	-0.455	-0.01822179
143	A	-0.455	-0.02172644
144	C	-0.278	-0.03622513
145	A	0.055	-0.06000184
146	C	0.307	-0.06427063
147	A	0.051	-0.03284241
148	G	0.155	-0.005322357
149	G	0.415	0.0180685
150	T	0.365	0.08136743
151	G	0.015	0.1332909
152	G	0.133	0.1555986
153	A	-0.233	0.1524968
154	C	-0.106	0.1803346
155	A	-0.044	0.1956818
156	T	-0.127	0.1936136
157	C	0.430	0.1830938
158	C	0.448	0.2134376
159	T	0.367	0.225234
160	C	0.263	0.2181538
161	T	0.441	0.2432038
162	G	0.370	0.2624144
163	C	0.386	0.3038916
164	A	0.218	0.2878631
165	C	0.440	0.2794919
166	C	0.298	0.2640934
167	T	-0.332	0.2511396
168	A	0.244	0.2465281
169	C	0.224	0.244674
170	C	0.452	0.2472586
171	T	0.206	0.2618846
172	G	0.331	0.2561738
173	C	0.152	0.2530388
174	A	0.082	0.2443934
175	G	0.376	0.2110751
176	C	0.344	0.1634186
177	C	0.422	0.1476483
178	C	0.423	0.1502696
179	C	0.360	0.1429811
180	T	0.255	0.1606655
181	C	-0.453	0.170655
182	A	-0.222	0.1739694
183	G	-0.443	0.1434719
184	T	0.232	0.1284426
185	G	0.242	0.1289866
186	G	0.229	0.1206635
187	C	0.399	0.1301887
188	C	0.222	0.1809764
189	C	0.423	0.2124137
190	A	-0.082	0.276649
191	G	0.211	0.2976916
192	C	0.430	0.2613035
193	T	0.244	0.2064966
194	C	0.388	0.1616098
195	T	0.257	0.1109114
196	G	0.217	0.05151151
197	C	0.456	0.06089291
198	C	0.526	0.04738004
199	T	-0.266	0.01252019
200	A	-0.538	0.01738961
201	T	-0.228	0.01933861
202	C	-0.487	-0.0006417357
203	A	-0.408	-0.001786164
204	A	0.048	-0.05296366
205	G	0.022	-0.08118681
206	C	-0.057	-0.05552698
207	A	0.312	0.01544738
208	G	0.415	0.0379111
209	G	-0.022	0.08857131
210	T	0.201	0.1011687
211	G	-0.260	0.0623594
212	T	0.131	0.06189341
213	T	0.092	0.08027941
214	C	0.455	0.08266891
215	C	0.085	0.06737205
216	A	0.221	0.07551019
217	T	-0.232	0.03748262
218	G	-0.494	0.05731386
219	A	0.016	0.07449836
220	G	0.200	0.1003548
221	C	0.345	0.09043246
222	T	0.201	0.1111437
223	G	0.091	0.1208481
224	A	-0.330	0.1688218
225	G	0.017	0.1971521
226	C	0.372	0.2048953
227	C	0.454	0.2191232
228	A	0.316	0.2303778
229	G	0.375	0.2280771
230	C	0.357	0.222654
231	A	0.439	0.2636879
232	G	-0.097	0.2883287
233	A	0.124	0.2658002
234	C	0.399	0.2535955
235	C	0.503	0.2343167
236	C	0.169	0.1947784
237	A	0.015	0.1809791
238	C	0.243	0.1455804
239	G	0.362	0.1829396
240	G	0.056	0.194787
241	C	0.283	0.1974839
242	A	0.046	0.1548009
243	T	-0.177	0.1582732
244	C	0.164	0.1880358
245	A	-0.056	0.1947823
246	C	0.425	0.1829858
247	C	0.290	0.2025609
248	C	0.437	0.2055664
249	G	-0.094	0.2212674
250	G	0.217	0.2614434
251	C	0.432	0.2844862
252	T	0.338	0.3221856
253	G	0.197	0.2932893
254	G	0.330	0.2653153
255	G	0.325	0.2291936
256	C	0.266	0.232659
257	C	0.384	0.2016832
258	C	0.486	0.1679262
259	C	0.471	0.1756102
260	T	0.020	0.1806496
261	A	-0.101	0.1666776
262	C	-0.068	0.1364533
263	T	-0.045	0.1258361
264	T	-0.215	0.1271616
265	T	-0.040	0.05974526
266	C	0.445	-0.002358236
267	T	0.267	-0.0315188
268	G	0.135	-0.03950423
269	G	-0.097	-0.03368722
270	A	0.117	-0.01701234
271	C	0.403	0.02071602
272	A	-0.456	0.02917355
273	A	-0.397	0.02759648
274	A	-0.387	0.03817755
275	G	-0.212	0.05739441
276	A	0.013	0.08012355
277	C	0.187	0.07171005
278	A	0.312	0.01913926
279	G	0.078	0.04807178
280	C	0.423	0.1131589
281	C	0.415	0.1237787
282	T	0.404	0.1100385
283	C	0.220	0.06974271
284	T	0	0.01961679
 285	A	-0.332	0.002962064
286	C	-0.051	0.003855271
287	C	0.513	0.006670986
288	T	-0.238	-0.02302659
289	T	-0.405	-0.08676559
290	A	-0.551	-0.1346861
291	A	-0.514	-0.1509385
292	C	0.079	-0.1594766
293	G	0.090	-0.1919298
294	G	0.463	-0.2400161
295	T	0	-0.2471178
 296	T	-0.488	-0.2414395
297	A	-0.450	-0.1769965
298	C	-0.227	-0.1235632
299	A	-0.452	-0.09877359
300	A	-0.506	-0.09808843
301	T	-0.159	-0.1204932
302	G	-0.338	-0.1354626
303	A	-0.325	-0.106069
304	A	0.351	-0.06031333
305	C	0.233	-0.0124769
306	C	0.426	0.005107171
307	T	0.100	0.04126996
308	G	0.149	0.0427686
309	G	-0.209	0.06557776
310	T	-0.076	0.06554704
311	C	0.190	0.0132154
312	C	0.442	-0.003494314
313	A	-0.206	-0.0007247429
314	G	0	0.02202411
 315	A	-0.138	0.0376359
316	T	-0.018	0.08549554
317	G	-0.326	0.1212348
318	A	-0.381	0.1047631
319	G	0	0.06269651
 320	C	0.465	0.04901651
321	C	0.418	0.01139044
322	T	0.368	-0.001530993
323	C	0.460	0.02612221
324	C	0.423	0.07989356
325	T	-0.040	0.1379308
326	A	-0.146	0.1642443
327	C	-0.397	0.1491608
328	A	-0.526	0.1059489
329	A	-0.319	0.04559871
330	C	0.368	-0.001678793
331	T	0.426	-0.003214579
332	C	0.430	0.02964857
333	C	0.368	0.05747357
334	C	0.254	0.115151
335	A	-0.186	0.1819774
336	A	-0.476	0.2160349
337	G	-0.201	0.2210324
338	C	0.402	0.2234424
339	C	0.420	0.2170955
340	A	0.242	0.1690919
341	G	0.409	0.137087
342	C	0.408	0.1295981
343	C	0.157	0.1443312
344	A	0.438	0.1718967
345	C	0.460	0.1739476
346	C	0.342	0.1745427
347	A	-0.303	0.1881097
348	C	-0.194	0.1842871
349	A	-0.291	0.1866521
350	T	-0.270	0.2022509
351	T	0.184	0.1898297
352	C	0.430	0.1693316
353	C	0.428	0.1759725
354	T	0.432	0.2138329
355	G	0.356	0.2377607
356	C	0.441	0.2963201
357	C	0.375	0.3315991
358	T	0.264	0.3358016
359	C	0.173	0.3091923
360	C	0.435	0.2516229
361	T	0.226	0.1993433
362	C	0.140	0.1356761
363	T	0.528	0.0926312
364	G	0.223	0.06674968
365	T	0.243	0.07594439
366	C	0.058	0.08449782
367	A	-0.377	0.05059729
368	G	-0.299	0.01330215
369	A	-0.535	-0.01899528
370	A	-0.160	-0.08728414
371	G	0.013	-0.1255754
372	C	0.392	-0.1429561
373	C	0.293	-0.1554363
374	A	-0.039	-0.1509491
375	C	-0.295	-0.105809
376	A	-0.311	-0.07854762
377	A	-0.427	-0.04993391
378	C	-0.312	-0.05519794
379	A	0	-0.06818244
 380	G	-0.116	-0.07430536
381	G	-0.314	-0.08989526
382	T	0.332	-0.04120141
383	A	-0.153	0.01317009
384	T	0.239	0.07174431
385	C	-0.060	0.127053
386	T	0.211	0.1614938
387	G	0.207	0.1598883
388	G	-0.257	0.1639358
389	G	0.385	0.1212295
390	G	0.449	0.1065407
391	T	0.392	0.06942631
392	C	0.461	0.07541849
393	C	0.482	0.08701806
394	A	-0.138	0.1033644
395	T	-0.258	0.1542217
396	T	-0.265	0.1613038
397	T	-0.359	0.1608423
398	T	-0.279	0.1289282
399	T	0.023	0.06334886
400	C	0.373	-0.006347136
401	C	0.436	-0.02698171
402	T	0.454	-0.03297042
403	C	0.485	-0.02772685
404	C	0.443	-0.01450592
405	T	-0.054	0.005474364
406	C	-0.456	-0.0075332
407	A	-0.493	-0.06355484
408	A	-0.427	-0.1039207
409	A	-0.341	-0.169804
410	G	-0.191	-0.1885858
411	A	-0.173	-0.2240936
412	T	0	-0.2439213
 413	T	-0.158	-0.1948058
414	A	-0.410	-0.1289832
415	G	-0.128	-0.07189766
416	A	-0.468	-0.06074601
417	C	0.222	-0.08471866
418	T	-0.053	-0.07327626
419	A	-0.331	-0.09389712
420	G	0.231	-0.1125746
421	C	0.427	-0.10478
422	A	0.371	-0.08038726
423	G	-0.185	-0.03188841
424	T	-0.527	-0.07463726
425	T	-0.013	-0.07777053
426	C	-0.288	-0.07664253
427	A	-0.420	-0.0708966
428	A	-0.301	-0.07735203
429	T	0.212	-0.07239274
430	C	0.210	-0.02720853
431	A	-0.376	0.04178511
432	G	-0.097	0.05509151
433	A	-0.315	0.1065919
434	C	0.311	0.1673086
435	A	0.337	0.2066393
436	C	0.440	0.2190489
437	C	0.446	0.1993671
438	T	0.438	0.2036187
439	G	0.172	0.1968046
440	C	0.432	0.1923007
441	C	0.429	0.1354889
442	C	0.249	0.09577186
443	T	0.386	0.07351971
444	C	-0.064	0.07014721
445	G	-0.316	0.0618
446	T	-0.192	0.08055057
447	A	-0.378	0.0729785
448	G	-0.483	0.04956379
449	A	-0.218	0.04054971
450	G	0.129	0.0003492857
451	C	0.399	-0.005994429
452	C	0.321	0.007361071
453	C	0.435	0.05869
454	C	0.326	0.1130189
455	C	0.102	0.1429426
456	C	0.122	0.1408851
457	A	-0.176	0.1137833
458	A	-0.153	0.06405614
459	T	-0.129	0.01818257
460	T	0.525	-0.029846
461	T	0.381	-0.0856625
462	T	-0.064	-0.1242414
463	A	-0.247	-0.1630824
464	T	-0.250	-0.1701434
465	G	-0.296	-0.1944348
466	A	-0.320	-0.2214247
467	A	-0.237	-0.2913981
468	A	-0.455	-0.3109551
469	T	-0.438	-0.3241195
470	A	-0.420	-0.293381
471	A	-0.275	-0.2785023
472	A	-0.493	-0.2290813
473	T	-0.507	-0.1718276
474	A	-0.453	-0.139547
475	G	0.107	-0.1125507
476	A	-0.249	-0.1097009
477	C	0.183	-0.1054271
478	C	-0.041	-0.1172308
479	A	0.395	-0.1099373
480	T	0.481	-0.09820407
481	C	0.214	-0.03595986
482	A	-0.077	-0.009630929
483	T	-0.398	-0.002434643
484	A	-0.361	0.0009825
485	A	-0.440	0.02494154
486	T	-0.391	0.002449343
487	A	-0.343	-0.05486323
488	T	0.417	-0.08909873
489	C	0.476	-0.1210471
490	A	-0.148	-0.1020856
491	G	0.230	-0.0882872
492	A	0.293	-0.08303184
493	T	0.080	-0.03768284
494	G	-0.321	0.007307086
495	T	-0.264	-0.007039986
496	T	-0.524	-0.05692056
497	T	-0.132	-0.07625863
498	T	-0.167	-0.1228387
499	G	-0.367	-0.1613963
500	G	0.243	-0.1849167
501	G	0.286	-0.1634371
502	G	0.216	-0.1177108
503	T	-0.221	-0.04796849
504	G	-0.419	-0.006777986
505	A	-0.421	0.03774973
506	G	-0.246	0.09365673
507	A	-0.248	0.1112606
508	C	-0.020	0.1064682
509	A	0.375	0.1009025
510	C	0.451	0.08859566
511	C	0.443	0.08571966
512	T	0.455	0.08233709
513	G	0.415	0.1139244
514	G	0.489	0.1317052
515	C	0.219	0.116924
516	A	0.138	0.06593414
517	T	-0.394	0.005697714
518	A	-0.459	-0.06084721
519	A	-0.468	-0.1292871
520	T	0.196	-0.1921681
521	T	0	-0.2343156
 522	G	-0.227	-0.249174
523	G	-0.338	-0.2432485
524	A	-0.391	-0.2391103
525	A	-0.487	-0.2163826
526	A	-0.502	-0.1943528
527	G	-0.464	-0.1956164
528	G	-0.100	-0.1851813
529	A	0.011	-0.137699
530	G	0.221	-0.1022276
531	G	-0.336	-0.05399056
532	A	-0.141	0.001682586
533	G	-0.160	0.05206294
534	G	0.178	0.09068823
535	G	0.146	0.1298497
536	C	0.437	0.1185308
537	T	0.158	0.1164518
538	T	0.283	0.1404715
539	T	0.291	0.1341126
540	C	0.202	0.144486
541	T	0.076	0.1317412
542	G	0.448	0.09399956
543	G	-0.147	0.07022684
544	A	0.192	0.04248127
545	G	0	0.0170375
 546	A	-0.230	0.0004061786
547	A	-0.014	0.006535321
548	A	0	0.02950939
 549	G	-0.382	0.01413911
550	T	0.104	0.01989501
551	T	-0.230	-0.02033749
552	T	-0.072	-0.03483777
553	C	0.058	-0.0559467
554	A	0.288	-0.03530133
555	C	0.397	-0.03142779
556	C	0.232	-0.004121221
557	T	-0.066	0.006344993
558	G	-0.370	0.05344699
559	A	-0.203	0.09243262
560	A	-0.525	0.1154134
561	C	0.274	0.1215802
562	T	0.054	0.06954737
563	G	0	0.0154738
 564	A	0.250	-0.003394464
565	G	0.429	0.01360168
566	T	0.473	0.03927646
567	C	0.380	0.05400611
568	T	0.374	0.05003146
569	T	-0.330	0.04038166
570	T	-0.524	0.01373273
571	A	-0.330	-0.03118313
572	A	-0.132	-0.08790584
573	G	0.156	-0.1391319
574	G	-0.319	-0.1976038
575	A	0.218	-0.2449869
576	T	-0.080	-0.225126
577	G	-0.373	-0.2003281
578	A	-0.377	-0.1460495
579	G	-0.364	-0.1298364
580	T	-0.243	-0.1565889
581	A	-0.437	-0.1644958
582	A	-0.288	-0.1986694
583	G	-0.052	-0.1870496
584	A	-0.176	-0.1534495
585	G	0.429	-0.1241745
586	T	0.094	-0.1034315
587	G	-0.218	-0.05458975
588	A	-0.430	0.01043982
589	T	-0.259	0.01924646
590	T	0.081	-0.005433193
591	C	0.097	-0.02627884
592	A	0.031	-0.09366362
593	G	-0.074	-0.1218162
594	G	0.440	-0.1208878
595	C	0.472	-0.08174861
596	A	-0.165	-0.04068804
597	A	-0.398	-0.0374051
598	A	-0.468	-0.05020782
599	T	-0.514	-0.06311886
600	A	-0.299	-0.08454084
601	G	-0.205	-0.1201561
602	G	0.117	-0.1868916
603	G	0.314	-0.1940062
604	T	0.127	-0.183433
605	A	-0.081	-0.1742717
606	T	-0.148	-0.1408397
607	G	-0.374	-0.1422351
608	A	-0.058	-0.157829
609	A	-0.461	-0.2034788
610	T	-0.264	-0.2186651
611	A	-0.250	-0.2116737
612	G	-0.340	-0.1963713
613	T	-0.046	-0.2122401
614	A	-0.319	-0.2166152
615	T	-0.423	-0.2491727
616	A	-0.521	-0.2504178
617	A	0.102	-0.2217453
618	C	0.225	-0.2231942
619	T	0.132	-0.1722929
620	G	-0.370	-0.1564184
621	A	-0.435	-0.1258639
622	A	-0.514	-0.1079597
623	A	-0.479	-0.06532186
624	G	0.136	-0.05614136
625	A	-0.270	-0.04067608
626	G	0.372	-0.02423108
627	G	0.176	0.02104706
628	G	0.108	0.06874592
629	G	-0.172	0.09427828
630	A	0.075	0.1030994
631	G	0.230	0.1021762
632	T	0.442	0.1276005
633	C	0.362	0.07135794
634	C	0.262	0.02089166
635	A	0.232	-0.01222413
636	T	-0.156	-0.01063127
637	G	-0.355	0.01141931
638	A	0.123	0.01043316
639	A	0.085	0.00360645
640	C	-0.415	-0.004545193
641	A	-0.530	-0.02844244
642	A	-0.355	-0.06046415
643	A	-0.150	-0.05350057
644	G	0.384	-0.05753493
645	C	0.216	-0.06483474
646	C	0.346	-0.05020534
647	T	0.248	0.009490021
648	C	-0.071	0.06283709
649	A	-0.216	0.10576
650	G	-0.059	0.09707338
651	T	-0.412	0.03950109
652	G	0.021	-0.01487162
653	G	0.290	-0.04619064
654	C	0.420	-0.04632892
655	C	0.216	-0.03027761
656	A	0.245	0.001543179
657	G	-0.272	0.03803317
658	A	-0.421	0.05081489
659	A	-0.544	0.02690006
660	A	-0.091	0.01988277
661	C	0.246	0.003177914
662	A	0.153	-0.0281198
663	G	0.229	-0.06643109
664	C	0.451	-0.06103644
665	A	-0.233	-0.06040451
666	T	-0.313	-0.02391898
667	A	0.192	-0.02243227
668	G	0.186	-0.04400247
669	A	-0.221	-0.05287266
670	G	-0.290	-0.06070537
671	T	-0.196	-0.1173339
672	A	-0.412	-0.1222979
673	T	-0.033	-0.1347197
674	A	-0.071	-0.1536353
675	C	-0.055	-0.162655
676	G	0.028	-0.1202406
677	G	0.119	-0.1067196
678	A	-0.341	-0.1146926
679	G	-0.302	-0.1207686
680	A	-0.487	-0.1417507
681	A	-0.072	-0.1347707
682	G	0.060	-0.1486127
683	T	0.372	-0.1740937
684	G	-0.101	-0.1826395
685	A	-0.308	-0.1447095
686	G	-0.497	-0.1504262
687	A	-0.327	-0.145219
688	G	0.026	-0.126003
689	G	-0.249	-0.1324377
690	A	-0.327	-0.1411605
691	A	0	-0.1057533
 692	T	0.189	-0.07122439
693	T	-0.382	-0.05552246
694	T	-0.414	-0.002903957
695	G	0.196	0.02866987
696	G	-0.029	0.0253638
697	T	0.249	0.03049459
698	T	0.394	0.007097514
699	T	0.175	-0.03891799
700	G	-0.278	-0.03974256
701	C	0.409	-0.002477771
702	A	0.468	-0.04432627
703	T	-0.295	-0.03518902
704	G	-0.256	-0.05304274
705	A	-0.327	-0.04931795
706	A	-0.454	-0.06899309
707	A	-0.394	-0.06089031
708	C	0.107	-
709	A	-0.389	-
710	T	0.098	-
711	A	0	-
 712	C	0.446	-
713	A	-0.100	-
714	G	-0.164	-
