1	A	0	-
 2	T	0.285	-
3	C	0.497	-
4	T	0.483	-
5	A	-0.259	-
6	T	0	-
 7	T	-0.262	-
8	T	-0.191	0.05197753
9	A	-0.152	0.05090351
10	T	-0.197	0.01763644
11	G	-0.041	-0.02944109
12	G	-0.086	-0.09155576
13	A	0.053	-0.07163789
14	G	0.347	-0.04242609
15	G	0.302	-0.01145536
16	A	-0.016	0.01370204
17	G	-0.213	0.04690537
18	T	-0.208	0.06737891
19	T	-0.447	0.1002562
20	T	0.039	0.1191413
21	C	0.438	0.1300709
22	T	0.201	0.1257104
23	G	0.185	0.1010973
24	C	0.345	0.1215044
25	T	0.109	0.1199478
26	C	0.451	0.1556535
27	A	0.196	0.1748808
28	C	0.217	0.1512167
29	C	0.281	0.1073208
30	G	-0.066	0.0938785
31	T	0.289	0.0746933
32	A	-0.236	0.06318403
33	G	0.327	0.05453033
34	T	-0.159	0.04661673
35	G	-0.315	0.04357659
36	T	-0.220	0.002239327
37	A	0	-0.004183807
 38	T	-0.102	-0.01898484
39	G	0.173	-0.05100677
40	G	-0.020	-0.01042911
41	A	0.333	-0.00133884
42	T	0.151	-0.00543504
43	T	-0.402	0.01474015
44	A	0.185	0.06065362
45	A	-0.288	0.07738422
46	T	-0.190	0.07404942
47	G	0.371	0.05084555
48	G	0.463	0.04639218
49	T	-0.220	-0.002078553
50	T	-0.012	-0.04032249
51	A	0.468	-0.01898361
52	C	0.250	-0.03633348
53	A	-0.152	-0.01816143
54	T	-0.174	-0.02097003
55	T	-0.086	-0.07108723
56	T	-0.394	-0.1300282
57	A	-0.422	-0.1478718
58	A	-0.082	-0.171107
59	C	-0.074	-0.1769503
60	T	-0.015	-0.1659837
61	A	-0.232	-0.1574448
62	T	-0.379	-0.1243908
63	A	-0.420	-0.1155812
64	A	-0.488	-0.1158008
65	A	-0.361	-0.1085793
66	T	0.380	-0.1298875
67	C	0.415	-0.1392817
68	C	-0.024	-0.1539367
69	A	0.321	-0.1361399
70	T	0.045	-0.09084959
71	T	-0.397	-0.05090859
72	A	-0.314	0.01259955
73	A	-0.401	0.005799147
74	T	-0.215	-0.004559387
75	A	-0.235	-0.02916047
76	T	0.034	-0.03065507
77	G	0.299	-0.03237267
78	T	0.178	-0.04161075
79	G	0.464	-0.04724762
80	A	-0.463	-0.05245129
81	T	0.225	-0.03644669
82	T	0.046	-0.05013222
83	T	-0.046	-0.0292055
84	C	0.295	-0.008309
85	T	-0.093	-0.008992467
86	T	-0.481	-0.009934333
87	A	-0.392	-0.01132267
88	A	-0.161	0.05001727
89	A	-0.420	0.06377027
90	T	0.078	0.02988761
91	C	0.347	-0.00056224
92	T	0.289	0.001287293
93	T	0.164	-0.005867347
94	C	0.443	0.05221239
95	C	0.456	0.1138973
96	T	0.431	0.1189255
97	T	-0.461	0.1675898
98	T	-0.503	0.1979828
99	T	0.322	0.1924199
100	C	-0.200	0.1808472
101	T	0.389	0.1541715
102	T	0.533	0.1319346
103	C	-0.086	0.132772
104	A	0.309	0.1373532
105	C	0.534	0.1681397
106	G	0.264	0.1979178
107	T	0.115	0.1969543
108	A	-0.235	0.1927814
109	A	0.109	0.152223
110	G	0.469	0.1114771
111	T	0.500	0.1142859
112	T	0	0.08039947
 113	T	-0.056	0.0471296
114	T	0.308	0.03487579
115	G	-0.263	-0.005665873
116	T	-0.219	0.02602393
117	T	-0.078	0.03745979
118	A	-0.044	0.01518459
119	G	-0.199	0.002282193
120	A	0.035	0.002282193
121	G	0.080	0.01996148
122	G	-0.492	0.02901801
123	A	0.239	0.04841416
124	C	0.281	0.08665209
125	A	0.135	0.1160383
126	C	0.306	0.1305948
127	A	0	0.1423651
 128	G	0.208	0.1613889
129	T	0.444	0.1773714
130	C	0.027	0.2126188
131	A	0.354	0.2105008
132	C	0.362	0.2093896
133	T	0.174	0.1978905
134	G	-0.022	0.1795328
135	C	0.320	0.1932958
136	T	0.320	0.1755762
137	A	0.036	0.1707302
138	G	0.207	0.1554388
139	G	0.264	0.1005812
140	T	-0.037	0.09739815
141	G	0.031	0.07915194
142	T	0.206	0.105636
143	T	-0.057	0.1071172
144	G	0.371	0.1030848
145	A	-0.201	0.1188874
146	T	-0.468	0.119236
147	T	0.314	0.0847924
148	T	-0.099	0.0929358
149	T	0.374	0.1072727
150	C	0.342	0.1100411
151	C	0.259	0.1172457
152	C	0.273	0.1178877
153	A	0.213	0.1472243
154	C	-0.252	0.2063795
155	A	0.084	0.2062144
156	C	0.246	0.2401544
157	C	0.247	0.2404739
158	A	0.050	0.235667
159	G	0.381	0.2485775
160	C	0.238	0.2569215
161	T	0.418	0.264649
162	C	0.312	0.2714438
163	C	0.409	0.2922347
164	T	0.379	0.2942995
165	C	0.270	0.2777681
166	T	0.453	0.2798596
167	C	0.398	0.2803707
168	T	0.329	0.2937014
169	C	-0.150	0.2381234
170	T	0.396	0.1978375
171	G	0.277	0.1673344
172	G	0	0.1552483
 173	G	0.082	0.1599497
174	C	0.389	0.1262176
175	A	0.438	0.09965277
176	T	-0.414	0.08900997
177	G	-0.291	0.1182666
178	A	-0.047	0.09510205
179	G	0.198	0.09495939
180	T	0.341	0.08187485
181	G	-0.052	0.07753822
182	G	0	0.03592482
 183	A	0.169	0.02381642
184	T	0.288	0.03894775
185	G	0.049	0.06648742
186	C	0.275	0.05323645
187	A	-0.196	0.02649372
188	T	0.016	-0.00355828
189	A	-0.235	0.01330745
190	C	0.256	0.004714313
191	A	-0.187	0.001510313
192	G	0.121	-0.03995422
193	C	-0.246	-0.05957744
194	A	-0.203	-0.08970851
195	A	-0.109	-0.105706
196	G	0.200	-0.1276029
197	A	-0.128	-0.1304135
198	G	0.121	-0.1173139
199	G	-0.333	-0.07705193
200	A	-0.245	-0.07559513
201	T	-0.176	-0.0474592
202	A	-0.436	-0.05620947
203	A	-0.311	-0.0680676
204	A	-0.277	-0.0702914
205	T	0.453	-0.08897633
206	C	0.416	-0.1312771
207	A	0.143	-0.1434593
208	G	0.175	-0.1245429
209	G	-0.334	-0.120962
210	A	-0.287	-0.1207703
211	A	0.167	-0.07201286
212	T	-0.409	-0.02111039
213	A	-0.513	-0.02164479
214	A	-0.515	-0.02502453
215	T	0.038	-0.01238766
216	G	-0.122	-0.04576053
217	A	-0.433	-0.03741133
218	C	0.419	-0.01823673
219	T	0.486	-0.01481326
220	C	0.445	-0.005923793
221	T	0.365	0.05316487
222	C	0.332	0.09979101
223	A	-0.325	0.1089599
224	C	-0.209	0.1018017
225	A	0	0.1306919
 226	G	0.218	0.08318567
227	G	-0.275	0.03683807
228	G	0.373	-0.0246518
229	C	0.183	-0.04665693
230	A	0.176	-0.0813466
231	T	-0.230	-0.09197707
232	G	0	-0.06155293
 233	A	-0.292	-0.05781583
234	G	-0.209	-0.06223029
235	T	-0.477	-0.05658103
236	A	0.035	-0.0803292
237	G	-0.187	-0.1082361
238	A	-0.484	-0.1028626
239	T	0.247	-0.1000303
240	G	0.056	-0.09194253
241	C	0.152	-0.0888706
242	A	-0.191	-0.08846833
243	T	0.016	-0.06396807
244	A	-0.235	-0.05295627
245	C	0.256	-0.0490412
246	A	-0.187	-0.008639667
247	G	0.121	-0.04734627
248	C	-0.246	-0.06743431
249	A	-0.203	-0.08936331
250	A	-0.109	-0.105706
251	G	0.200	-0.1276029
252	A	-0.128	-0.1304135
253	G	0.121	-0.1173139
254	G	-0.333	-0.07705193
255	A	-0.245	-0.07559513
256	T	-0.176	-0.0474592
257	A	-0.436	-0.05620947
258	A	-0.311	-0.0680676
259	A	-0.277	-0.0702914
260	T	0.453	-0.087842
261	C	0.416	-0.1298243
262	A	0.143	-0.1396475
263	G	0.175	-0.1126551
264	G	-0.334	-0.1156446
265	A	-0.287	-0.1167563
266	A	0.167	-0.1224138
267	T	-0.392	-0.1333137
268	A	-0.508	-0.1527353
269	A	-0.480	-0.2033793
270	T	0.159	-0.1837681
271	G	-0.221	-0.1892915
272	A	-0.452	-0.1833776
273	A	-0.396	-0.1750024
274	A	-0.440	-0.2143894
275	G	0.161	-0.195929
276	A	-0.343	-0.1938528
277	C	0.437	-0.1727483
278	C	0.092	-0.2105556
279	A	-0.245	-0.2321326
280	T	-0.161	-0.2181627
281	A	-0.423	-0.2065794
282	C	-0.115	-0.1958526
283	A	-0.477	-0.2160791
284	A	-0.164	-0.195014
285	C	-0.407	-0.2110856
286	A	-0.545	-0.2018625
287	A	-0.243	-0.1731338
288	C	-0.222	-0.1483106
289	A	-0.279	-0.1101421
290	A	-0.141	-0.07731707
291	C	-0.027	-0.04195583
292	A	0.196	-0.02250409
293	C	0.230	0.02365791
294	C	0.185	0.08696191
295	A	0.210	0.1217281
296	C	0.148	0.166104
297	C	0.377	0.1911706
298	A	0.053	0.2282121
299	C	0.127	0.2474434
300	C	0.284	0.2222657
301	A	0.404	0.1936522
302	C	0.278	0.1516978
303	C	0.443	0.1286821
304	T	0.096	0.1367929
305	C	0.414	0.1253257
306	C	0.260	0.1526271
307	A	-0.181	0.1705359
308	T	-0.198	0.1462634
309	A	-0.443	0.1087927
310	T	-0.134	0.06114454
311	T	0.270	0.00256554
312	T	0.205	0.02310307
313	C	0.462	0.02534101
314	C	0.396	0.02068574
315	A	-0.079	0.05341954
316	T	-0.157	0.08721174
317	A	-0.436	0.1272749
318	A	-0.435	0.138253
319	T	0.404	0.1291574
320	C	0.447	0.1084739
321	T	0.191	0.04959561
322	C	0.309	0.001447413
323	A	0.308	-0.02087126
324	G	0.157	-0.02010046
325	C	0.029	-0.01215093
326	A	0.134	-0.01490453
327	T	-0.105	-0.06680979
328	A	-0.420	-0.1251591
329	G	-0.325	-0.1544371
330	A	-0.413	-0.1632103
331	A	-0.145	-0.1951113
332	G	-0.317	-0.1732303
333	A	-0.476	-0.1538317
334	G	-0.374	-0.1745898
335	A	-0.427	-0.1675809
336	A	-0.248	-0.166183
337	G	0.178	-0.1748753
338	A	-0.169	-0.1794967
339	G	0.485	-0.2054277
340	T	0.320	-0.2025686
341	G	-0.177	-0.1684112
342	T	0	-0.1349336
 343	A	-0.399	-0.1191734
344	G	-0.456	-0.08370495
345	A	-0.483	-0.06601529
346	A	-0.534	-0.02493195
347	A	-0.274	-0.07486582
348	G	0.035	-0.1084158
349	C	0.127	-0.1157274
350	A	-0.191	-0.1414452
351	T	0.284	-0.1328253
352	C	0.443	-0.08324349
353	T	0.446	-0.02698909
354	G	-0.263	0.02904905
355	A	-0.182	0.06860998
356	T	-0.286	0.04506787
357	G	-0.385	0.01045293
358	A	-0.270	-0.01404073
359	C	0.287	-0.001438467
360	C	0.360	0.004293867
361	T	0.305	-0.03618653
362	G	0.318	-0.005344533
363	G	-0.317	0.01457133
364	A	-0.391	0.063565
365	A	-0.558	0.09003924
366	C	0.473	0.1003456
367	C	0.529	0.06532844
368	T	-0.160	0.03011331
369	A	0.198	0.008795407
370	C	0.116	-0.03953333
371	C	0.448	-0.04549206
372	A	0.011	-0.04881419
373	A	-0.115	-0.03295059
374	G	-0.237	-0.09497059
375	A	-0.167	-0.1108475
376	T	-0.014	-0.09894119
377	G	-0.405	-0.1085031
378	A	-0.407	-0.1129177
379	A	-0.441	-0.1570303
380	A	-0.320	-0.1845415
381	A	-0.457	-0.199558
382	C	0.291	-0.208716
383	C	0.017	-0.2102785
384	A	0.055	-0.2365219
385	T	0.050	-0.2247641
386	G	-0.213	-0.1783566
387	A	-0.401	-0.137649
388	G	-0.340	-0.08644793
389	A	-0.375	-0.0281326
390	A	-0.191	-0.0405238
391	A	-0.407	-0.02609353
392	G	-0.229	-0.01548845
393	T	0.289	-0.05185473
394	G	0.169	-0.0376122
395	T	0.447	-0.03936253
396	C	0.417	0.008975333
397	C	0.105	0.0655108
398	A	0.234	0.07175391
399	A	0.214	0.08299018
400	G	-0.495	0.1285616
401	A	0	0.1341382
 402	G	-0.427	0.1365232
403	T	0.384	0.08776831
404	T	0.472	0.07067851
405	G	-0.097	0.09819291
406	T	-0.239	0.07879139
407	G	0.453	0.04367239
408	T	0.372	0.05685319
409	A	0.205	0.02893893
410	G	-0.284	0.05843656
411	G	0.161	0.03181882
412	T	0.518	-0.01539465
413	T	-0.056	-0.03432189
414	T	-0.312	-0.04488576
415	A	-0.297	-0.09228363
416	A	-0.418	-0.1325438
417	G	0.014	-0.1564904
418	T	-0.015	-0.1234621
419	A	-0.235	-0.147543
420	T	-0.381	-0.1585792
421	A	-0.397	-0.1501135
422	T	-0.257	-0.1111518
423	A	-0.231	-0.07679258
424	T	-0.154	-0.02018171
425	C	0.211	-0.01716376
426	G	-0.200	0.002850713
427	A	0.352	0.04635891
428	C	0.070	0.09943745
429	A	0.272	0.150345
430	C	0.217	0.1755324
431	T	0.430	0.171078
432	T	0.060	0.1900108
433	C	0.285	0.1522821
434	C	0.417	0.1831223
435	C	0.414	0.1413467
436	C	0.365	0.104802
437	T	0.120	0.05734772
438	T	-0.298	0.01086745
439	T	0.129	0.00021072
440	G	-0.354	0.016525
441	C	0.262	0.02690373
442	A	-0.274	-0.02459667
443	A	-0.478	-0.0238136
444	A	-0.439	-0.06442887
445	A	-0.479	-0.06925384
446	A	0.270	-0.07867944
447	C	0.304	-0.111305
448	C	0.440	-0.1051735
449	A	-0.355	-0.1207069
450	A	0.426	-0.1043823
451	G	-0.243	-0.07358617
452	G	0.048	-0.02605731
453	A	-0.439	0.03215569
454	T	-0.359	0.04038376
455	A	-0.262	0.03958789
456	A	0.029	0.02543863
457	G	-0.029	0.07058509
458	T	-0.016	0.06676096
459	T	0.273	0.08119779
460	C	0.393	0.05356743
461	T	0.394	0.1158415
462	T	0.292	0.1261898
463	C	0.228	0.121883
464	T	0.322	0.1037809
465	C	0.369	0.08126639
466	A	-0.026	0.0616707
467	A	-0.366	0.03347643
468	T	0.494	-0.0019517
469	A	-0.204	-0.01773703
470	T	-0.327	-0.008255967
471	A	-0.242	0.006194167
472	T	-0.366	0.01356563
473	T	-0.310	0.0195783
474	A	-0.149	0.02136367
475	T	-0.137	0.01517827
476	C	0.157	-0.04768193
477	C	0.435	-0.07051747
478	T	0.445	-0.08020707
479	C	0.432	-0.04975493
480	C	0.459	-0.02282865
481	C	0	0.01718929
 482	A	-0.458	0.04784102
483	A	-0.448	0.08450435
484	A	-0.546	0.09598675
485	A	-0.472	0.09607755
486	C	0.214	0.09457229
487	T	0.036	0.09272035
488	C	0.290	0.06785779
489	A	0.310	0.09037633
490	C	0.412	0.144051
491	C	0.329	0.1966163
492	C	0.436	0.2424669
493	C	0.422	0.3062169
494	C	0.404	0.2972286
495	C	0.086	0.2838138
496	A	0.337	0.2335118
497	C	0.346	0.1814058
498	C	0.340	0.1237512
499	G	0.140	0.07186882
500	C	0.483	0.02704715
501	C	0.079	-0.02869971
502	A	-0.164	-0.08536631
503	A	-0.464	-0.122984
504	A	-0.471	-0.1720042
505	A	-0.452	-0.2234172
506	A	-0.448	-0.2724372
507	A	-0.235	-0.2997292
508	A	-0.413	-0.3223664
509	A	-0.445	-0.3551212
510	A	-0.477	-0.3761709
511	A	-0.397	-0.3674034
512	A	-0.424	-0.3685512
513	A	-0.395	-0.3659163
514	A	-0.268	-0.3716703
515	T	0.144	-0.3860664
516	T	-0.411	-0.3350269
517	A	-0.480	-0.2807126
518	T	-0.332	-0.2208749
519	A	-0.488	-0.1639935
520	A	-0.413	-0.1046935
521	A	-0.535	-0.07686161
522	A	-0.451	-0.07159987
523	C	0.352	-0.1124146
524	A	0.369	-0.1161063
525	C	0.419	-0.1122815
526	C	0.455	-0.1258679
527	A	0.464	-0.1068444
528	G	0.022	-0.05489094
529	T	-0.189	-0.05007554
530	G	-0.468	0.01273486
531	A	-0.466	0.01120786
532	A	-0.422	-0.02422961
533	A	-0.536	-0.03867894
534	A	-0.203	-0.03530567
535	C	0.366	-0.03284621
536	A	-0.462	-0.04176553
537	C	0.490	-0.05178787
538	T	0.329	0.003740067
539	T	-0.162	0.04424853
540	T	0.203	0.1044429
541	C	0.506	0.1749913
542	T	0.501	0.1782027
543	A	-0.111	0.1223184
544	T	-0.339	0.1218753
545	T	0.364	0.05868647
546	G	0.140	0.0015944
547	C	0.480	-0.0224022
548	T	0.521	-0.05229813
549	T	-0.155	-0.0933572
550	T	-0.472	-0.1067927
551	A	-0.469	-0.08512313
552	A	-0.457	-0.05878737
553	A	-0.527	-0.1007429
554	A	-0.521	-0.1225026
555	A	-0.245	-0.1793364
556	G	-0.109	-0.226477
557	C	0.299	-0.1999945
558	T	0.213	-0.1638425
559	A	0.055	-0.1479143
560	G	-0.264	-0.1186125
561	G	-0.185	-0.05986157
562	A	-0.372	0.0001421667
563	A	-0.185	0.0199875
564	C	0.242	0.01540883
565	A	0.070	-0.0347525
566	G	-0.230	-0.0761617
567	A	-0.017	-0.1051654
568	C	0.354	-0.1230614
569	T	0.378	-0.1225859
570	G	0.052	-0.08336206
571	T	-0.178	-0.05325699
572	A	-0.452	-0.03914006
573	T	-0.407	-0.0244379
574	A	-0.379	0.01615057
575	A	-0.532	0.030833
576	T	-0.178	0.037136
577	T	0.216	-0.01352773
578	G	0.266	-0.0352552
579	T	0.453	-0.04250207
580	G	0.290	0.01229453
581	G	0.378	0.04265308
582	C	0.202	0.05680535
583	T	0.448	0.08828864
584	T	-0.381	0.1121478
585	G	-0.273	0.1127815
586	A	-0.286	0.1213763
587	C	0.369	0.1166614
588	T	0.047	0.1200701
589	T	-0.167	0.08259337
590	G	-0.060	0.09418404
591	G	0.179	0.09510717
592	T	0.225	0.1205667
593	C	0.395	0.1377115
594	C	0.383	0.1856827
595	T	0.341	0.1900992
596	T	-0.183	0.1690317
597	C	0.376	0.1502582
598	T	0.462	0.1606212
599	T	0	0.1503017
 600	G	-0.016	0.1193043
601	C	0.432	0.09296832
602	T	0.435	0.03259472
603	G	-0.268	-0.001518147
604	A	-0.449	-0.005008947
605	T	0.094	-0.03758695
606	T	0.024	-0.07970195
607	G	-0.239	-0.08923328
608	C	0	-0.07675085
 609	A	-0.522	-0.07958032
610	A	-0.169	-0.08417825
611	C	-0.236	-0.05308185
612	A	-0.112	-0.01708972
613	A	-0.169	0.00171688
614	C	-0.142	0.007018133
615	A	0.170	0.01742695
616	T	0.390	-0.0005801133
617	G	0.366	0.04765109
618	G	0.198	0.06084629
619	A	0.090	0.1043254
620	C	0.376	0.120758
621	A	0.104	0.1475902
622	C	-0.083	0.1614849
623	A	-0.270	0.1682798
624	C	0.200	0.1649461
625	A	0.028	0.1191474
626	C	0.415	0.1059229
627	A	0.134	0.1097575
628	C	0.233	0.09189013
629	A	0.065	0.1056713
630	C	0.272	0.1057028
631	T	0.340	0.1384335
632	G	-0.320	0.1526802
633	T	0	0.1753829
 634	T	0.148	0.1604748
635	T	0.108	0.1631793
636	G	0.310	0.1432372
637	G	-0.082	0.1072991
638	A	0.220	0.08598042
639	C	0.414	0.03354062
640	T	0.368	0.02575022
641	T	0.192	0.02131326
642	C	0.174	0.01143613
643	A	-0.065	0.01856753
644	G	-0.473	0.00692106
645	A	-0.047	0.03424053
646	A	-0.446	0.03393427
647	A	-0.437	0.03354813
648	C	-0.066	0.0235792
649	A	0	0.01571281
 650	T	0.215	0.03023834
651	G	0.136	0.02165019
652	T	0.327	0.04373453
653	G	0.216	0.01223245
654	G	0.408	0.03316725
655	C	0.219	0.07195778
656	A	0.074	0.08418061
657	C	0.392	0.1023845
658	A	-0.194	0.05865214
659	G	-0.142	0.01532107
660	A	-0.519	-0.02002333
661	A	-0.132	-0.00567966
662	C	0.144	-0.00930806
663	A	0.116	0.004588073
664	C	0.273	0.03224613
665	A	-0.440	0.03439927
666	A	-0.513	0.07809333
667	A	-0.203	0.08537593
668	C	0.431	0.1429002
669	T	0.354	0.1266174
670	C	0.427	0.1275547
671	T	0.489	0.1116943
672	C	0.424	0.07838059
673	A	0.460	0.1013083
674	C	-0.033	0.1164316
675	T	0.343	0.1325929
676	T	-0.376	0.07278419
677	G	0.158	0.04283856
678	T	-0.121	-0.00845124
679	A	-0.226	-0.03269917
680	G	-0.096	-0.04776697
681	G	-0.286	-0.06317984
682	A	0.039	-0.03854323
683	A	-0.465	-0.03415057
684	T	-0.094	-0.004720513
685	A	-0.341	-0.003054447
686	G	0.125	-0.001491733
687	T	0.198	0.02554533
688	C	0.229	0.05812906
689	A	0.336	0.08295894
690	T	0.409	0.0754887
691	C	0.064	0.1326066
692	A	0.183	0.1665795
693	G	-0.097	0.2192485
694	A	0.178	0.2410588
695	C	0.392	0.2474149
696	T	0.085	0.2132131
697	T	-0.072	0.2045683
698	T	0.391	0.1507912
699	C	0.414	0.1198133
700	C	0.448	0.08262341
701	C	0.452	0.05894723
702	T	0.294	0.01468929
703	G	-0.283	-0.04322157
704	A	0.206	-0.07720499
705	G	-0.397	-0.1029233
706	A	-0.399	-0.1463438
707	A	-0.373	-0.1922837
708	T	-0.452	-0.2289738
709	A	-0.484	-0.2729437
710	A	-0.476	-0.305312
711	A	-0.424	-0.293248
712	A	-0.458	-0.3079853
713	A	-0.260	-0.2560089
714	T	-0.274	-0.2075987
715	T	-0.102	-0.1847354
716	A	-0.206	-0.1442046
717	G	-0.191	-0.1441824
718	T	-0.102	-0.147372
719	G	-0.014	-0.1411136
720	A	0.382	-0.1220912
721	C	0.326	-0.1145047
722	A	-0.031	-0.092637
723	C	0.155	-0.08582853
724	A	-0.484	-0.07702801
725	A	-0.523	-0.07812408
726	A	-0.330	-0.08197535
727	G	-0.173	-0.08908809
728	T	-0.146	-0.1297443
729	G	0.053	-0.1241914
730	A	0	-0.09165184
 731	A	-0.074	-0.09032444
732	T	-0.207	-0.04565144
733	C	-0.160	-0.02342224
734	A	-0.120	-0.02266731
735	T	-0.227	-0.04129644
736	A	0.409	-0.06652844
737	C	0.457	-0.08885888
738	C	0.175	-0.1002281
739	T	0.185	-0.1243625
740	T	-0.190	-0.1193366
741	T	-0.318	-0.09436067
742	A	-0.452	-0.06327227
743	A	-0.524	-0.01759013
744	A	-0.281	-0.03523847
745	A	-0.170	-0.078805
746	T	-0.436	-0.0892504
747	T	-0.132	-0.1060096
748	G	0.214	-0.1114932
749	C	0.345	-0.08901137
750	C	0.457	-0.08853131
751	T	0.144	-
752	T	-0.196	-
753	T	0.018	-
754	C	-0.065	-
755	A	-0.272	-
756	A	0.018	-
757	G	-0.445	-
