1	A	0.345	-
2	T	-0.268	-
3	G	-0.385	-
4	A	-0.506	-
5	A	-0.479	-
6	G	-0.103	-0.02713912
7	A	-0.157	-0.02049238
8	G	-0.047	-0.03791479
9	C	0.321	-0.04294321
10	T	0.157	-0.002522117
11	T	0.382	0.001999717
12	C	0.417	-0.0193667
13	C	0.424	-0.03133887
14	A	-0.477	-0.001469075
15	G	-0.445	-0.008340908
16	A	-0.021	-0.02143533
17	A	-0.425	-0.02385441
18	G	-0.359	-0.08006799
19	A	-0.301	-0.1400933
20	T	0.310	-0.08712924
21	G	0.238	-0.08420291
22	G	0	-0.1006172
 23	A	0.353	-0.08537408
24	T	-0.257	-0.03829358
25	G	-0.295	0.02473475
26	A	0.157	0.03615042
27	A	-0.410	0.045319
28	G	-0.218	0.007057
29	A	-0.242	-0.04387267
30	G	0.205	-0.05648608
31	T	0.455	-0.03637314
32	C	0.447	-0.07382247
33	T	0.348	-0.008359642
34	G	-0.459	0.01380732
35	T	-0.257	0.03664355
36	A	-0.408	0.00152905
37	A	-0.054	-0.05442703
38	A	-0.291	-0.1281747
39	T	0.375	-0.1753237
40	T	0.047	-0.1287994
41	T	0.031	-0.1098493
42	G	-0.216	-0.05262588
43	G	-0.216	-0.01004916
44	A	-0.437	0.03825651
45	A	-0.216	-0.0006913917
46	G	0.099	-0.04632977
47	A	-0.030	-0.09390775
48	G	0.277	-0.1132621
49	G	0.456	-0.1207672
50	C	0.288	-0.112967
51	A	-0.092	-0.1076021
52	G	-0.500	-0.1578392
53	A	-0.539	-0.197465
54	A	-0.448	-0.2120738
55	G	-0.306	-0.278235
56	A	-0.343	-0.3085437
57	T	-0.152	-0.3283896
58	A	-0.503	-0.304864
59	G	-0.505	-0.2777052
60	C	0.102	-0.255642
61	A	-0.337	-0.1971175
62	A	-0.075	-0.1931038
63	T	-0.330	-0.2255066
64	G	-0.218	-0.2069651
65	A	-0.213	-0.12896
66	G	-0.183	-0.1272451
67	G	0.396	-0.07665915
68	T	-0.295	-0.03080467
69	A	-0.541	0.01024367
70	A	-0.281	-0.01304417
71	T	0.430	0.0223855
72	G	0.123	0.017718
73	C	0.269	-0.02688708
74	T	0.474	0.02915767
75	G	0.162	0.09886783
76	A	-0.497	0.1370337
77	T	0.211	0.1365838
78	T	-0.239	0.09410433
79	G	-0.139	0.1031727
80	C	0.376	0.09628183
81	T	0.295	0.09883392
82	C	0.176	0.1260732
83	T	0.424	0.07416817
84	C	-0.386	0.1308907
85	C	0.378	0.1215113
86	T	0.391	0.1004664
87	C	0.192	0.05053408
88	A	-0.170	0.007338333
89	T	-0.410	-0.0258575
90	G	0.441	0.00798515
91	G	-0.251	-0.03028561
92	T	0.124	-0.09381394
93	A	-0.304	-0.1032941
94	G	-0.341	-0.07613527
95	T	0.026	-0.03710247
96	A	0.019	-0.0488393
97	C	-0.080	0.001986867
98	A	-0.370	0.02597845
99	G	0.079	0.05702352
100	T	0.155	0.10339
101	T	0.057	0.05867794
102	A	0.300	0.02342612
103	C	0.358	0.01558705
104	C	0.412	0.0857693
105	A	0.068	0.06726446
106	C	0.214	0.01661121
107	A	-0.509	-0.01130609
108	A	-0.403	-0.01746567
109	G	-0.174	-0.02935526
110	C	0.471	-0.04111542
111	T	-0.142	-0.0155785
112	A	-0.452	-0.02142583
113	A	-0.277	0.03084233
114	T	0.226	0.06807171
115	G	0.215	0.08621182
116	T	0.271	0.0732779
117	G	0.374	0.1213973
118	G	0.144	0.1963232
119	A	0.117	0.2371543
120	C	0.043	0.2306684
121	T	0.043	0.2452556
122	T	0.316	0.2507881
123	C	0.434	0.2027896
124	T	0.446	0.1881797
125	T	0.212	0.1681884
126	G	0.148	0.1941355
127	C	0.390	0.2138094
128	T	0.337	0.1854102
129	G	-0.201	0.1746627
130	G	-0.030	0.1711779
131	A	-0.122	0.1899694
132	C	0.354	0.2141124
133	A	0.279	0.1985596
134	G	-0.024	0.1823792
135	A	0.305	0.1870586
136	C	0.404	0.1470615
137	T	0.437	0.1452547
138	G	0.438	0.1253907
139	G	0.203	0.1344677
140	G	0.143	0.1752207
141	T	-0.144	0.1627267
142	A	-0.510	0.1069487
143	A	-0.144	0.04307658
144	T	0.116	-0.02759742
145	G	0.388	-0.08875108
146	C	0.464	-0.1448776
147	A	0.155	-0.1166178
148	T	-0.264	-0.07125802
149	G	-0.328	-0.02454902
150	A	-0.409	-0.007310267
151	A	-0.529	-0.0273571
152	A	-0.530	-0.0529901
153	T	0.194	-0.1007253
154	G	0.033	-0.0828426
155	C	0.416	-0.100887
156	C	0.322	-0.07232299
157	T	0.147	-0.05579199
158	T	0.157	-0.02715733
159	C	-0.417	-0.03554958
160	T	-0.050	-0.03835815
161	A	-0.545	-0.07990285
162	A	-0.067	-0.1097435
163	G	-0.331	-0.08033562
164	G	-0.186	-0.07804104
165	A	0.093	-0.05878412
166	T	0	-0.03934854
 167	G	-0.082	-0.03313396
168	T	-0.035	-0.06826732
169	G	0.500	-0.0786299
170	G	0.184	-0.1029981
171	A	-0.186	-0.1362071
172	T	0.183	-0.172042
173	A	-0.470	-0.2076852
174	T	-0.488	-0.2359803
175	A	-0.455	-0.2403087
176	A	-0.479	-0.2362772
177	A	-0.305	-0.1839627
178	A	-0.430	-0.2095537
179	A	-0.510	-0.1832991
180	A	-0.374	-0.1839767
181	C	0.448	-0.1325407
182	T	0.233	-0.0835655
183	C	0.441	-0.02177667
184	A	-0.124	0.03149192
185	G	-0.155	0.107039
186	A	-0.496	0.1052291
187	T	0.161	0.0584665
188	G	0.108	0.05237833
189	G	0.436	0.009992467
190	C	0.209	-0.01150953
191	A	0.396	-0.03434187
192	G	-0.396	-0.03349737
193	A	-0.112	-0.07899078
194	C	0.160	-0.1277931
195	A	-0.066	-0.2005764
196	T	-0.382	-0.2442076
197	A	-0.429	-0.2872515
198	T	-0.486	-0.2198339
199	A	-0.384	-0.1835083
200	A	-0.477	-0.1612134
201	A	-0.436	-0.1306443
202	A	-0.314	-0.08455358
203	A	-0.120	-0.01173008
204	C	0.412	0.01845083
205	C	0.323	0.060798
206	C	0.427	0.1103381
207	A	0.299	0.1153131
208	C	0.171	0.096964
209	T	0.444	0.1024958
210	T	-0.124	0.07446752
211	C	0.123	0.01497668
212	T	0.117	-0.02420948
213	A	-0.377	-0.06553464
214	A	-0.534	-0.06068247
215	A	-0.053	-0.1086634
216	G	0.076	-0.06177464
217	A	-0.390	-0.07523607
218	C	-0.042	-0.09586948
219	A	-0.195	-0.09190998
220	T	0.229	-0.02507673
221	T	-0.131	-0.02970326
222	C	0.438	-0.01475792
223	T	-0.037	0.0141675
224	G	-0.130	-0.008312342
225	A	-0.329	-0.02687334
226	G	0.267	-0.04598043
227	G	-0.109	-0.008264842
228	G	0.255	-0.01541642
229	G	-0.043	-0.01739027
230	A	-0.312	-0.008653683
231	A	-0.418	0.009742067
232	T	0	-0.02934535
 233	T	0.321	0.01641315
234	C	0.352	0.02666123
235	A	-0.061	0.03029523
236	G	-0.025	0.07755898
237	T	-0.109	0.1538332
238	G	-0.201	0.1761047
239	C	0.439	0.1804441
240	T	0.378	0.1492552
241	G	0	0.1124742
 242	C	0.254	0.113441
243	T	0.496	0.09152975
244	C	0.267	0.1194543
245	T	0.373	0.0827925
246	C	-0.021	0.0365585
247	A	-0.503	0.01605692
248	G	-0.013	0.0080035
249	A	-0.371	0.006238833
250	G	0.133	-0.01603258
251	C	0	-0.05500905
 252	A	-0.176	-0.04420451
253	A	-0.246	-0.02706193
254	G	0.158	-0.07041222
255	C	0.475	-0.07175163
256	G	0	-0.07008305
 257	T	-0.094	-0.06081522
258	T	0.107	-0.005802217
259	T	-0.297	0.02009091
260	T	-0.533	0.01355172
261	A	-0.388	0.000468225
262	C	0.153	0.01264381
263	A	0.111	0.0276622
264	T	0.483	0.06114962
265	C	0.064	0.0813195
266	T	0.079	0.0922545
267	A	0.318	0.1610349
268	C	0.146	0.1147636
269	T	0.085	0.07234617
270	C	0.509	-0.007234333
271	A	-0.055	-0.04881579
272	A	-0.402	-0.08983953
273	T	0.437	-0.1375769
274	T	-0.401	-0.1497525
275	T	-0.397	-0.1815184
276	A	-0.470	-0.1918324
277	A	-0.434	-0.1674061
278	A	-0.412	-0.1470486
279	A	-0.254	-0.1687363
280	C	0	-0.1288469
 281	T	-0.295	-0.09933202
282	A	0.385	-0.06599112
283	T	0.237	-0.07451587
284	G	-0.158	-0.04715507
285	T	0.177	-0.03485298
286	G	0.076	-0.0191419
287	T	-0.043	0.03937468
288	T	-0.070	0.00722535
289	A	-0.536	-0.03179607
290	T	-0.084	-0.01194419
291	G	-0.106	-0.0320287
292	G	0.188	-0.06284025
293	A	0.406	-0.03716202
294	T	0	-0.04174983
 295	A	-0.230	-0.0228655
296	A	0.079	-0.01340546
297	T	-0.063	0.01124329
298	T	-0.292	0.01308412
299	T	0.264	-0.03591796
300	T	-0.125	-0.02253913
301	A	-0.309	-0.006509275
302	G	0.029	0.02715785
303	A	0.188	0.02777989
304	T	0.210	0.08203106
305	A	-0.181	0.02690306
306	T	0.160	0.05233064
307	T	-0.038	0.07330731
308	T	0.483	0.0708673
309	A	-0.056	0.05511847
310	T	0.358	0.0064103
311	T	-0.397	-0.002102367
312	T	0.179	-0.0154812
313	T	-0.058	-0.01694297
314	T	0	-0.01399555
 315	T	0	0.02097792
 316	A	-0.373	-0.04447508
317	T	-0.283	-0.05356367
318	T	0	-0.07936617
 319	T	-0.055	-0.06958573
320	C	0.519	-0.0885579
321	A	0.363	-0.1157066
322	A	-0.427	-0.1096892
323	T	-0.506	-0.1242587
324	A	-0.130	-0.1564928
325	T	0.059	-0.1681049
326	G	-0.227	-0.2133144
327	A	-0.325	-0.2435824
328	G	-0.301	-0.2287192
329	G	-0.458	-0.206235
330	A	-0.386	-0.2317059
331	A	-0.194	-0.2750774
332	G	-0.023	-0.2579607
333	A	0	-0.2266225
 334	G	-0.248	-0.1919563
335	G	-0.236	-0.15667
336	A	-0.436	-0.1408492
337	A	-0.461	-0.1603067
338	A	-0.022	-0.1937216
339	C	0.050	-0.1556817
340	T	0.114	-0.1526939
341	C	-0.034	-0.1477223
342	A	-0.196	-0.08448991
343	A	-0.428	-0.02458499
344	A	-0.424	-0.03476885
345	T	0.456	-0.07578913
346	G	-0.213	-0.1058826
347	A	-0.176	-0.1372932
348	C	0.322	-0.1192889
349	T	0.257	-0.04884618
350	T	-0.144	-0.03721602
351	T	-0.441	-0.07249813
352	T	-0.246	-0.06981322
353	T	-0.411	-0.02797722
354	C	0.019	-0.06667813
355	T	0.416	-0.0897639
356	G	-0.284	-0.06986904
357	T	0.033	-0.04119362
358	G	-0.180	-0.0089257
359	C	0.325	0.03705797
360	T	-0.141	0.07019165
361	G	-0.019	0.04873698
362	A	0.094	0.08356757
363	T	-0.097	0.07840396
364	G	0.140	0.1246836
365	C	0.140	0.1220345
366	T	0.416	0.1702802
367	G	0.159	0.2110299
368	G	0.133	0.2367409
369	A	-0.028	0.2587899
370	T	0.374	0.2117875
371	T	0.293	0.1746658
372	C	0.437	0.1003149
373	T	0.469	0.05636686
374	G	0.402	0.05848777
375	T	0.166	0.075873
376	A	-0.423	0.084174
377	T	-0.305	0.09508833
378	A	-0.475	0.07558058
379	T	-0.367	0.056775
380	A	0.158	0.01127192
381	G	0.179	-0.035193
382	C	0.474	-0.02055375
383	C	0.424	-0.002274175
384	T	0.203	0.04261461
385	C	0.243	0.04806394
386	A	-0.143	0.02409369
387	G	-0.390	0.03743078
388	A	-0.247	0.03640394
389	A	-0.085	0.03841661
390	T	0.063	0.01665552
391	G	-0.302	-0.03058315
392	A	-0.128	-0.00555065
393	G	0.339	0.05643985
394	T	0.461	0.04990968
395	C	0.448	0.02758361
396	T	-0.057	-0.01462984
397	G	-0.323	-0.02861626
398	A	0.157	-0.06086176
399	C	0.353	-0.1307519
400	A	-0.326	-0.2031478
401	T	-0.353	-0.2756092
402	T	-0.443	-0.3065607
403	A	-0.470	-0.3179098
404	A	-0.515	-0.3553396
405	A	-0.498	-0.4183872
406	A	-0.406	-0.4341362
407	G	-0.420	-0.4176251
408	T	-0.429	-0.3679605
409	A	-0.459	-0.3525129
410	A	-0.292	-0.3439499
411	A	-0.403	-0.3286501
412	A	-0.515	-0.292206
413	A	-0.155	-0.2608309
414	T	0.152	-0.259569
415	G	-0.285	-0.2617296
416	A	-0.413	-0.2638946
417	G	-0.315	-0.2337954
418	T	0.030	-0.1722234
419	T	-0.044	-0.1246921
420	A	-0.414	-0.0975999
421	A	-0.485	-0.04175357
422	A	-0.317	0.0006647417
423	T	-0.042	0.04960532
424	T	0.223	0.02475235
425	C	0.414	0.04123938
426	T	0.477	0.114001
427	C	0.385	0.187941
428	A	0.095	0.1875295
429	T	0.272	0.1805588
430	A	-0.267	0.1245031
431	T	0.153	0.05668672
432	C	0.458	-0.01619503
433	T	0.402	-0.07062652
434	T	-0.322	-0.1224462
435	T	-0.125	-0.1440977
436	T	-0.449	-0.1239769
437	T	-0.399	-0.1287931
438	T	-0.396	-0.1975598
439	T	-0.268	-0.2719329
440	T	-0.525	-0.2730736
441	T	0.012	-0.2969491
442	G	-0.026	-0.3030404
443	G	0.095	-0.2725654
444	A	-0.366	-0.2669914
445	A	-0.490	-0.2765463
446	A	-0.336	-0.269204
447	A	-0.412	-0.3146458
448	A	-0.522	-0.2816828
449	A	-0.033	-0.2582079
450	C	-0.330	-0.1910215
451	A	-0.382	-0.1295961
452	T	-0.437	-0.1291192
453	A	-0.533	-0.126932
454	A	0.369	-0.09240961
455	C	0.377	-0.05292408
456	C	0.439	0.01062892
457	C	0.246	0.07659083
458	A	-0.330	0.1498005
459	A	-0.386	0.1679053
460	A	-0.107	0.09610375
461	C	0.440	0.03042758
462	C	0.432	0.02595942
463	C	0.408	0.03809425
464	C	0.440	0.06390455
465	A	-0.315	0.128996
466	A	-0.492	0.149965
467	A	-0.410	0.1102368
468	C	0.386	0.09318152
469	T	0.392	0.05021893
470	G	-0.021	-0.0257474
471	T	0.394	0.03648818
472	G	0.143	0.05647685
473	T	-0.036	0.07998868
474	G	0.227	0.03557952
475	G	-0.106	-0.02269848
476	G	-0.470	-0.05974737
477	A	0.430	-0.08897776
478	G	-0.252	-0.0952933
479	G	-0.128	-0.06302568
480	A	-0.146	-
481	A	-0.306	-
482	G	-0.465	-
483	A	0.044	-
484	G	0.067	-
485	G	0.350	-
