1	A	-0.170	-
2	G	0.173	-
3	A	0.486	-
4	G	0.384	-
5	A	-0.226	-
6	C	0.470	-
7	T	0.458	-
8	T	-0.065	0.167075
9	T	0.146	0.2112868
10	C	0.460	0.1766152
11	T	0.488	0.117004
12	A	-0.260	0.06445959
13	A	-0.381	0.04837715
14	T	-0.240	-0.01119129
15	T	0.459	-0.06612347
16	T	0.490	-0.09351137
17	C	0.536	-0.1285147
18	T	-0.381	-0.1466001
19	A	-0.467	-0.1912502
20	A	-0.456	-0.1627646
21	A	-0.483	-0.1080702
22	A	-0.482	-0.0633875
23	A	-0.420	-0.07899287
24	A	-0.503	-0.084429
25	A	-0.414	-0.1317567
26	T	0.170	-0.1134965
27	A	-0.226	-0.1037377
28	C	0.195	-0.09122295
29	A	0.493	-0.08585926
30	C	0.474	-0.07391889
31	T	0.209	-0.06192351
32	T	0.403	-0.04439851
33	G	-0.220	-0.02812039
34	G	-0.089	-0.06571945
35	A	-0.310	-0.02582695
36	A	-0.256	-0.02225326
37	A	-0.397	-0.07189132
38	T	-0.291	-0.07360376
39	T	-0.228	-0.0685482
40	T	-0.223	-0.0651607
41	G	-0.153	-0.05487394
42	A	-0.430	-0.05623606
43	G	0.412	-0.03190749
44	G	0.252	-0.04464418
45	G	-0.301	-0.02169848
46	G	0.446	-0.01053566
47	A	0.290	-0.01750648
48	T	0.458	-0.02928598
49	T	-0.055	-0.00413785
50	A	-0.111	0.03861534
51	C	0.078	0.04032746
52	A	-0.460	0.04392821
53	T	-0.030	0.04704271
54	T	-0.112	0.01782017
55	G	-0.339	-0.02653227
56	A	-0.411	-0.07670308
57	A	0.248	-0.07320802
58	T	0.253	-0.06038116
59	C	0.439	-0.06959849
60	T	0.310	-0.04919624
61	G	-0.251	-0.05794664
62	T	-0.020	-0.06281564
63	A	-0.419	-0.06128426
64	A	-0.344	-0.02938505
65	A	0	-0.06079436
 66	T	0.094	-0.07895468
67	C	-0.069	-0.1222265
68	A	-0.133	-0.1197227
69	A	-0.170	-0.101311
70	T	-0.190	-0.07138818
71	T	-0.315	-0.02279199
72	T	0.098	-0.01432487
73	A	-0.253	-0.03140462
74	T	-0.037	-0.04721736
75	A	-0.252	-0.05478259
76	G	0.350	-0.05709246
77	G	0.043	-0.07289015
78	G	0.458	-0.08367421
79	T	0.358	-0.06970014
80	A	-0.209	-0.06400748
81	T	-0.273	-0.03156704
82	T	-0.158	-0.02148686
83	G	-0.190	-0.03214417
84	T	-0.170	-0.05224819
85	T	-0.423	-0.07510702
86	A	-0.363	-0.1143072
87	T	-0.091	-0.1501026
88	C	0.189	-0.1602557
89	C	0.265	-0.1612319
90	G	0.124	-0.164524
91	A	-0.423	-0.1585334
92	A	0.028	-0.1574278
93	G	-0.322	-0.1398249
94	A	-0.169	-0.1040431
95	A	-0.214	-0.09562646
96	T	-0.371	-0.07654234
97	A	-0.288	-0.09826186
98	T	-0.211	-0.09545548
99	T	-0.094	-0.09197211
100	A	-0.152	-0.1202521
101	A	-0.141	-0.1298236
102	G	0.209	-0.1334831
103	T	0.042	-0.1458808
104	A	0.495	-0.1383684
105	T	-0.082	-0.1493005
106	T	0.169	-0.1557139
107	T	-0.367	-0.14913
108	T	-0.423	-0.1531801
109	T	-0.475	-0.1520645
110	A	-0.227	-0.1741032
111	A	-0.412	-0.1900949
112	A	-0.251	-0.2265849
113	A	-0.463	-0.1980891
114	T	-0.314	-0.2041448
115	T	0.010	-0.2052634
116	A	-0.217	-0.1756045
117	T	-0.123	-0.1687908
118	T	-0.143	-0.1701436
119	G	-0.213	-0.17138
120	T	-0.088	-0.1326082
121	A	0.373	-0.11171
122	G	0.072	-0.1106251
123	G	-0.385	-0.1364316
124	T	0.050	-0.1390762
125	A	-0.366	-0.1574427
126	T	-0.249	-0.1768463
127	A	-0.432	-0.1541528
128	C	0.369	-0.1636406
129	A	-0.129	-0.1603653
130	T	-0.296	-0.1426773
131	A	-0.401	-0.09996178
132	A	-0.260	-0.1041705
133	G	-0.417	-0.1071557
134	T	-0.453	-0.1061203
135	A	0.150	-0.06734083
136	T	-0.240	-0.08462724
137	G	0.426	-0.05058656
138	G	0.355	-0.03513858
139	G	0.298	-0.02715252
140	T	-0.016	0.01514492
141	T	-0.414	0.06208861
142	A	-0.232	0.08973798
143	C	0.187	0.08035698
144	A	0.092	0.1032271
145	T	0.415	0.06655492
146	G	-0.049	0.03247748
147	G	-0.274	-0.002403331
148	G	0.416	-0.02914769
149	A	0.333	-0.01950819
150	T	-0.011	-0.01768969
151	G	0	-0.02312856
 152	T	0.125	-0.000392775
153	T	-0.160	-0.01461359
154	T	-0.190	0.003486937
155	T	-0.260	0.04840844
156	G	-0.444	0.036703
157	A	-0.260	0.003982938
158	T	-0.203	-0.0279515
159	A	0.100	-0.03586375
160	C	0.456	-0.06673669
161	A	0.187	-0.04514006
162	G	0.239	-0.04733825
163	G	0.444	-0.02254519
164	C	0.229	0.004408331
165	A	-0.190	0.001481769
166	T	-0.522	0.01191329
167	A	-0.126	-0.01389527
168	C	-0.368	-0.07363164
169	A	0.184	-0.113978
170	G	-0.225	-0.1559309
171	T	0.136	-0.2103813
172	G	-0.013	-0.2352746
173	C	-0.306	-0.1935206
174	A	-0.036	-0.1394561
175	T	-0.312	-0.1302022
176	A	-0.499	-0.07875672
177	A	-0.457	-0.06741528
178	T	-0.431	-0.02734997
179	A	-0.426	-0.03679401
180	A	-0.168	-0.04759828
181	T	0.477	-0.02718081
182	C	0.342	-0.02211007
183	A	0.021	0.01194443
184	C	0.454	0.05754431
185	T	0.366	0.1041261
186	C	0.415	0.1185187
187	A	-0.014	0.1529999
188	C	-0.185	0.1728126
189	A	0.019	0.1664356
190	T	0.044	0.1581972
191	C	0.232	0.1528012
192	C	0.230	0.1266253
193	T	0.287	0.09767984
194	G	-0.201	0.08806165
195	G	0.125	0.09781769
196	A	0.148	0.09887844
197	G	0.375	0.08646734
198	G	0.210	0.05175164
199	G	-0.064	0.02122271
200	T	0.035	0.01567996
201	A	-0.096	-0.006889606
202	G	0.261	0.01937583
203	G	0.141	0.02974602
204	G	-0.168	0.03418877
205	T	-0.178	0.03511964
206	A	-0.510	0.04980139
207	T	-0.255	0.07606927
208	C	0.141	0.08792268
209	C	-0.073	0.1160109
210	A	0.219	0.07443125
211	T	0.290	0.04146938
212	C	0.219	0.02221425
213	C	0.390	0.05562569
214	C	0.445	0.1079391
215	C	0.355	0.1408678
216	T	0.225	0.1454362
217	C	0.352	0.1762108
218	A	-0.403	0.1898509
219	A	-0.385	0.1856978
220	A	-0.477	0.2000763
221	C	0.355	0.2045575
222	A	0.326	0.1938863
223	T	0.271	0.1816188
224	G	0.214	0.1471206
225	T	0.418	0.13498
226	G	0.437	0.1897968
227	T	0.224	0.2460153
228	C	0.449	0.2705434
229	C	0.462	0.2161335
230	T	0.274	0.1665987
231	T	0.159	0.1197379
232	T	-0.326	0.08072354
233	G	0.158	0.02921367
234	T	0.473	-0.01104964
235	C	0.513	-0.03291902
236	T	-0.084	-0.06741052
237	T	-0.514	-0.1080539
238	A	-0.466	-0.1129359
239	G	-0.478	-0.09677902
240	A	-0.409	-0.05697033
241	A	-0.405	-0.06686914
242	A	-0.206	-0.07429114
243	C	-0.125	-0.07884796
244	A	-0.102	-0.0536825
245	G	-0.187	-0.008424437
246	A	0.196	0.04510287
247	C	0.417	0.051264
248	C	0.310	0.06619944
249	A	0	0.06223144
 250	T	0.354	0.08266919
251	C	0.440	0.07793788
252	C	0.318	0.06327437
253	T	0.209	0.04168419
254	T	0.389	0.005485
255	G	-0.380	-0.03371556
256	A	-0.170	-0.07313594
257	A	-0.468	-0.07913334
258	C	0.120	-0.1270789
259	A	-0.201	-0.1672354
260	T	-0.337	-0.1839657
261	A	-0.533	-0.1831488
262	A	-0.382	-0.1929588
263	G	-0.209	-0.1546645
264	A	-0.320	-0.1162714
265	T	-0.095	-0.09018997
266	G	-0.412	-0.09574622
267	A	-0.201	-0.09729691
268	C	0.050	-0.04603822
269	T	0.222	-0.02965609
270	T	0.232	-0.03148853
271	C	0.232	-0.03880628
272	C	0.443	-0.02274334
273	A	-0.051	-0.007996619
274	G	0.031	0.04919344
275	T	-0.225	0.07295551
276	T	0.482	0.06191684
277	A	-0.271	0.05187736
278	T	-0.411	0.04709129
279	T	-0.326	0.008220106
280	T	-0.063	-0.01082702
281	T	0.139	0.02302633
282	C	0.502	0.04558783
283	A	0.178	0.06595422
284	G	-0.126	0.01893134
285	T	0.061	0.06453747
286	T	0.156	0.09188261
287	T	-0.389	0.09825317
288	A	0.138	0.1001603
289	T	0.490	0.07106078
290	C	0.392	0.01486903
291	T	0.099	0.03162953
292	T	-0.269	0.05306409
293	T	0.458	0.07380883
294	G	0.025	0.06240109
295	A	-0.224	0.1069512
296	T	-0.032	0.1244465
297	T	-0.325	0.1241422
298	T	-0.396	0.1224955
299	C	0.446	0.1461065
300	T	0.216	0.1415464
301	T	0.393	0.09366589
302	T	-0.026	0.08600843
303	C	0.323	0.1000533
304	C	0.418	0.0933595
305	G	0.485	0.08935731
306	C	0.365	0.1055399
307	A	0.477	0.09145913
308	T	-0.342	0.09338569
309	T	-0.307	0.09465825
310	A	-0.096	0.09202457
311	C	0	0.05318433
 312	A	-0.139	0.01871701
313	A	-0.389	-0.03651917
314	A	-0.137	-0.08030605
315	T	0.221	-0.1421346
316	T	0.247	-0.1421109
317	G	0.414	-0.1221251
318	T	-0.068	-0.1193048
319	G	-0.298	-0.09350521
320	T	-0.132	-0.05507684
321	A	-0.398	-0.03379258
322	A	-0.334	-0.01769176
323	A	-0.511	-0.04410383
324	A	-0.341	-0.05957408
325	T	0.012	-0.06542939
326	T	-0.051	-0.03791022
327	C	0.412	-0.005458594
328	C	0.475	0.03128341
329	T	-0.049	0.08567034
330	G	0.120	0.1359053
331	T	-0.201	0.1705058
332	A	0	0.163567
 333	C	0.320	0.1362098
334	C	0.372	0.1326127
335	T	0.221	0.1099556
336	C	0.455	0.06729933
337	T	0.471	0.05069926
338	C	0.469	0.04004861
339	T	0.042	0.05550838
340	T	-0.453	0.05729877
341	A	-0.425	0.05238928
342	A	-0.109	0.05211046
343	A	0.050	0.05524702
344	T	-0.207	0.03471709
345	T	-0.314	0.01732002
346	T	-0.050	-0.03728285
347	T	0.046	-0.06479533
348	T	0.028	-0.05605902
349	T	0.241	-0.05188321
350	C	0.367	-0.06423477
351	T	0.271	-0.07146337
352	C	0.126	-0.02924931
353	T	0.193	0.004615812
354	T	-0.404	0.02492346
355	A	-0.398	-0.003704688
356	A	-0.313	0.01080242
357	T	-0.358	-0.03004052
358	G	-0.306	-0.05814173
359	T	-0.065	-0.0942416
360	T	0.468	-0.1178172
361	T	0.227	-0.1042832
362	T	0.274	-0.09054254
363	T	-0.411	-0.06566035
364	T	0.260	-0.02422004
365	A	-0.411	0.02825184
366	T	-0.082	0.07982321
367	T	-0.306	0.1125463
368	G	-0.250	0.05871267
369	A	0.409	0.02384336
370	T	-0.184	-0.02728627
371	A	0	-0.02623752
 372	C	0.349	-0.06125108
373	C	0.480	-0.02249027
374	G	0.518	-0.000607125
375	T	0.458	0.001129937
376	T	-0.393	0.003054312
377	A	-0.330	-0.03132513
378	T	-0.543	-0.04770594
379	A	-0.395	-0.03905681
380	A	-0.299	-0.02778944
381	A	0.208	-0.05363321
382	T	0.268	-0.06792859
383	G	-0.278	-0.06594909
384	G	-0.219	-0.04697206
385	A	-0.140	-0.04507656
386	A	-0.446	-0.004261625
387	T	0.138	0.02583963
388	T	0.530	0.04636535
389	G	0.067	0.02197523
390	T	0.289	0.0205146
391	T	0.489	0.02781916
392	T	-0.089	0.04076696
393	A	-0.300	0.04664147
394	T	0.109	0.06439072
395	T	0.086	0.04500516
396	T	0.028	-0.003808594
397	T	-0.181	-0.03932269
398	A	0.244	-0.08545001
399	T	-0.161	-0.1142358
400	T	-0.012	-0.1258501
401	T	-0.046	-0.08687213
402	T	-0.162	-0.06609601
403	T	-0.171	-0.04730745
404	A	-0.250	-0.03412167
405	A	-0.500	0.006033581
406	T	-0.448	-0.003413825
407	T	0.029	0.01068945
408	G	-0.275	0.03906441
409	T	0.323	0.04891496
410	T	0.442	0.06543052
411	G	0.387	0.06448621
412	G	0.239	0.08228154
413	T	0.460	0.08643292
414	T	0.093	0.08562692
415	G	0.064	0.05297489
416	C	0.441	0.05156302
417	T	0.111	0.005543331
418	T	0.101	-0.04300742
419	T	-0.186	-0.1001917
420	T	0.033	-0.1089589
421	A	-0.434	-0.131248
422	T	-0.461	-0.1266104
423	A	-0.493	-0.145718
424	T	-0.298	-0.1942582
425	A	-0.413	-0.2167712
426	A	-0.334	-0.2092907
427	A	-0.527	-0.1963376
428	C	0.099	-0.2113365
429	C	0.104	-0.1668454
430	A	0.167	-0.1193833
431	T	-0.241	-0.08759248
432	A	-0.335	-0.06465337
433	A	-0.248	-0.02479787
434	T	0.221	0.009988563
435	C	0.020	0.06289137
436	T	-0.206	0.05785114
437	A	0.277	0.06224014
438	C	0.298	0.04049989
439	T	0.015	0.04079408
440	T	0.068	0.08727883
441	T	0.224	0.1316865
442	G	0.221	0.1304733
443	G	0.318	0.0999562
444	C	0.019	0.1036606
445	A	0.174	0.1096334
446	T	-0.180	0.1105256
447	G	-0.236	0.1300834
448	C	0.408	0.1537243
449	C	0.461	0.1651803
450	A	0.201	0.1390899
451	G	-0.467	0.14828
452	T	-0.146	0.1603515
453	T	0.372	0.1753196
454	T	0.312	0.1593584
455	T	0.328	0.178196
456	C	0.447	0.1290628
457	T	0.407	0.07559984
458	G	-0.195	0.07931746
459	T	0.465	0.1364596
460	C	0.212	0.1346628
461	T	0.413	0.1250422
462	T	-0.435	0.1330751
463	G	0.064	0.106608
464	T	-0.377	0.05787942
465	A	-0.393	0.02298854
466	A	0.261	0.009140419
467	C	0.446	-0.03467571
468	A	-0.175	-0.0514675
469	T	0.219	-0.07935869
470	G	0.440	-0.02589038
471	G	-0.095	-0.02201684
472	A	-0.332	0.01535128
473	T	-0.150	0.06900122
474	A	-0.417	0.05918828
475	A	-0.235	0.02977979
476	G	-0.056	0.03062385
477	T	-0.032	-0.002226525
478	T	0.420	-0.05560077
479	T	0.126	-0.07023911
480	G	0.220	-0.07769654
481	T	0.464	-0.09878723
482	G	0.104	-0.07846346
483	T	-0.024	-0.06444657
484	A	-0.162	-0.04928009
485	T	-0.306	-0.05171541
486	T	-0.413	-0.0610336
487	A	-0.329	-0.06088116
488	A	-0.451	-0.04570454
489	T	-0.487	-0.06999581
490	T	-0.091	-0.09430987
491	C	-0.011	-0.1082965
492	T	0.186	-0.1093267
493	A	-0.071	-0.06704019
494	C	0.270	-0.05170719
495	T	0.128	-0.04590037
496	C	0.462	-0.02823844
497	A	0.075	-0.003922069
498	T	-0.284	-0.008864406
499	A	-0.247	-0.01543348
500	T	-0.178	-0.05531566
501	T	0.369	-0.06366365
502	T	-0.167	-0.06641771
503	T	-0.236	-0.06141596
504	A	-0.169	-0.07253184
505	G	-0.098	-0.04777488
506	T	-0.170	-0.01611163
507	G	-0.116	-0.003011781
508	A	-0.451	0.002378119
509	A	-0.204	-0.04085188
510	T	0.226	-0.05909307
511	C	0.208	-0.06942213
512	C	0.285	-0.06178714
513	C	0.472	-0.08529176
514	T	0.221	-0.08634039
515	T	-0.038	-0.08879945
516	T	-0.092	-0.08444414
517	T	-0.321	-0.09823451
518	T	-0.459	-0.1363402
519	T	-0.401	-0.1783597
520	T	-0.047	-0.1981836
521	A	-0.474	-0.2428111
522	C	-0.187	-0.2823114
523	A	-0.155	-0.2988552
524	G	-0.382	-0.3066671
525	A	-0.425	-0.2667209
526	A	-0.382	-0.2054281
527	A	-0.463	-0.1795539
528	A	-0.032	-0.1927642
529	T	-0.241	-0.1844152
530	T	-0.410	-0.2049256
531	A	-0.303	-0.200879
532	T	-0.217	-0.1982357
533	T	0.317	-0.1740241
534	T	0.521	-0.1614002
535	C	0.012	-0.1336271
536	A	-0.258	-0.1583139
537	T	-0.341	-0.1727157
538	T	-0.515	-0.1797406
539	T	-0.090	-0.1637788
540	G	-0.339	-0.1612815
541	C	-0.038	-0.1896978
542	A	-0.180	-0.2054895
543	A	-0.019	-0.1780821
544	T	-0.427	-0.1448167
545	A	-0.472	-0.1502228
546	A	-0.522	-0.1084326
547	T	-0.047	-0.08536352
548	G	-0.177	-0.03076189
549	A	-0.137	-0.02266335
550	C	0.268	0.0002367125
551	A	0.450	-0.001204875
552	G	0.273	0.010492
553	T	-0.427	0.02440719
554	T	0.152	0.07773744
555	C	0.278	0.0631745
556	T	0.533	0.05424219
557	A	0.091	0.05416012
558	T	0.185	0.007333687
559	T	-0.042	-0.03954356
560	T	-0.239	-0.08063888
561	T	-0.249	-0.044005
562	T	0.330	-0.0589754
563	A	-0.280	-0.05641128
564	T	-0.320	-0.06175296
565	T	-0.138	-0.04256297
566	T	-0.480	-0.04545178
567	T	-0.299	-0.04032666
568	A	-0.383	-0.01165653
569	A	0.158	0.007144969
570	A	-0.086	-0.02452097
571	T	0.319	0.02127078
572	C	0.448	0.02740878
573	T	0.398	0.03767536
574	G	0.139	0.08296236
575	G	0.039	0.08578805
576	A	0.218	0.09607424
577	C	0.051	0.07649361
578	A	-0.175	0.1033703
579	A	0.451	0.0834147
580	T	-0.222	0.06086914
581	T	0.025	0.04724614
582	T	0.243	0.009474394
583	T	-0.253	0.03823634
584	T	-0.219	0.04242159
585	T	-0.154	0.03021559
586	T	0.343	0.02833977
587	T	0	0.006930212
 588	C	0.087	0.01112746
589	T	0.180	-0.02159956
590	G	-0.465	-0.06241087
591	T	0.500	-0.06644718
592	T	0.285	-0.07183787
593	G	-0.144	-0.06215712
594	T	-0.205	-0.05949206
595	A	0.109	-0.04763162
596	G	-0.154	-0.02694387
597	A	-0.497	-0.02198912
598	A	-0.409	0.01861156
599	T	-0.318	-0.00274425
600	T	-0.305	0.008452562
601	T	0	0.005739125
 602	C	0.385	0.01675039
603	C	0.189	-0.01833761
604	C	0.418	-0.01899136
605	T	0.259	-0.01604849
606	G	0.184	0.03314558
607	G	0.158	0.08128208
608	C	0.464	0.1281797
609	T	-0.187	0.1506314
610	A	-0.029	0.1577441
611	A	-0.451	0.12239
612	T	-0.165	0.07325207
613	A	-0.450	0.06663639
614	C	0.377	0.03458826
615	C	0.451	0.02932013
616	T	0.445	-0.0006115313
617	C	0.359	0.03059066
618	C	0.499	0.04161021
619	A	-0.375	0.05845552
620	G	-0.367	0.09140164
621	T	0.153	0.1445304
622	A	-0.328	0.1097199
623	C	0.074	0.06058558
624	A	-0.013	0.01169777
625	C	0.311	-0.04343067
626	T	0.146	-0.08842667
627	G	-0.182	-0.06493304
628	C	0.361	-0.01516117
629	T	0.399	-0.05132717
630	G	-0.179	-0.02506773
631	A	-0.334	-0.02512111
632	G	-0.337	-0.04020564
633	T	-0.522	-0.05967964
634	A	-0.220	-0.09638201
635	G	0	-0.1164436
 636	A	0.428	-0.1593825
637	G	-0.424	-0.2124541
638	T	0.091	-0.1783236
639	G	0.073	-0.1506171
640	G	-0.255	-0.1365001
641	T	0	-0.1080042
 642	T	-0.440	-0.08955957
643	A	-0.503	-0.1027309
644	A	-0.325	-0.1403306
645	A	-0.449	-0.1169231
646	G	0.367	-0.1321097
647	T	0.108	-0.1086584
648	G	-0.111	-0.07371761
649	G	-0.066	-0.04542755
650	A	0.074	-0.03075824
651	A	-0.210	0.02238545
652	A	-0.173	0.06910608
653	T	-0.050	0.1234982
654	T	-0.151	0.1317078
655	C	0.448	0.1506283
656	T	0.303	0.1697264
657	T	0.452	0.177725
658	G	-0.205	0.1718681
659	C	0.346	0.1749537
660	C	0.422	0.1708268
661	T	0.420	0.1965251
662	T	0.498	0.2164084
663	C	0.411	0.2016742
664	T	0.194	0.1677379
665	C	0.061	0.1655904
666	A	-0.018	0.1851557
667	A	-0.161	0.1349415
668	A	-0.239	0.1040108
669	C	0.360	0.07349016
670	T	0.167	0.0321531
671	T	0.212	0.03116491
672	T	-0.239	0.02550829
673	C	0.418	0.053135
674	A	0.107	0.06543454
675	G	-0.456	0.06890767
676	T	-0.072	0.06089667
677	T	-0.067	0.01002148
678	T	-0.162	0.009379606
679	A	0.395	-0.01708227
680	C	0.103	-0.01841908
681	T	0.503	-0.06963852
682	T	0.177	-0.04562896
683	T	-0.105	0.003352294
684	T	-0.367	-0.006777994
685	A	-0.453	-0.01055875
686	T	0.156	-0.02476569
687	A	-0.210	-0.07871537
688	A	-0.260	-0.09420913
689	T	-0.401	-0.09696837
690	T	0.491	-0.09415869
691	T	0.327	-0.05997513
692	G	-0.234	-0.03393006
693	T	-0.128	-0.005614619
694	A	-0.390	-0.03521193
695	C	-0.467	-0.02061346
696	A	-0.144	-0.01666152
697	T	0.458	-0.007756206
698	C	0.222	-0.05645314
699	C	0.441	-0.08064431
700	A	0.049	-0.06998034
701	A	0	-0.07427965
 702	G	-0.316	-0.05060971
703	A	0.022	-0.01118796
704	T	-0.197	0.002580419
705	A	-0.258	0.0006768563
706	T	-0.287	-5.295625e-05
707	T	-0.059	0.001179544
708	G	-0.064	-0.01650778
709	A	-0.197	-0.01094143
710	T	-0.011	0.004068344
711	T	0.163	0.008906994
712	T	0.076	0.03578156
713	C	0.428	0.0548608
714	T	0.211	0.1034767
715	C	0.460	0.1275822
716	G	-0.233	0.1591904
717	A	0.089	0.1707596
718	C	-0.076	0.1702956
719	T	0.100	0.1719204
720	G	0.232	0.1586479
721	G	0.046	0.1367792
722	G	0.489	0.144122
723	T	0.325	0.1424829
724	G	0.441	0.1655004
725	C	-0.012	0.1829853
726	A	-0.018	0.1877693
727	G	0.189	0.1929152
728	T	-0.136	0.1859617
729	G	0.078	0.2058627
730	G	0.328	0.2035522
731	C	0.434	0.2123544
732	T	0.134	0.1698254
733	C	0.368	0.1890362
734	A	0	0.1620729
 735	C	0.182	0.1309432
736	A	0.121	0.1476178
737	C	0.364	0.1694309
738	C	0.452	0.1737351
739	T	0.466	0.1659838
740	G	-0.238	0.1720183
741	T	0.295	0.1631877
742	A	-0.450	0.1891349
743	A	-0.308	0.1977021
744	T	0.130	0.2209499
745	C	0.427	0.2198431
746	C	0.397	0.1623292
747	C	0.310	0.1214521
748	A	0.231	0.1454392
749	G	0.227	0.1210281
750	C	0.415	0.1375811
751	A	0.319	0.1826589
752	C	0.493	0.1586884
753	T	0.347	0.1510587
754	T	-0.467	0.1501721
755	T	-0.187	0.1297735
756	G	0.144	0.102834
757	G	-0.095	0.07090821
758	G	-0.185	0.04672568
759	A	0.412	0.008706244
760	G	-0.252	-0.006056131
761	G	0.305	-0.02580219
762	C	0.383	0.01176
763	T	-0.015	0.01361994
764	G	-0.199	0.01982675
765	A	-0.283	0.005212044
766	G	0.028	0.01182334
767	G	-0.288	-0.008467831
768	C	0.257	0.0002955438
769	G	0.031	-0.01880089
770	G	0.133	-0.04942077
771	G	-0.157	-0.04979896
772	T	0.244	-0.07115659
773	G	-0.329	-0.0685894
774	G	-0.079	-0.09435556
775	A	0.087	-0.06380068
776	T	-0.112	-0.05623649
777	C	0	-0.046441
 778	A	-0.106	-0.04354706
779	C	-0.021	-0.03369225
780	A	-0.541	-0.05640944
781	A	-0.242	-0.05068338
782	G	-0.384	-0.06945436
783	G	0.200	-0.1022076
784	T	0.378	-0.0829675
785	C	0.188	-0.07445894
786	A	0.180	-0.06928208
787	G	0	-0.08704345
 788	G	-0.119	-0.06335295
789	A	-0.237	-0.0332732
790	G	-0.380	0.01480161
791	A	-0.436	0.004485931
792	T	0.195	-0.02405897
793	C	0.136	-0.03273094
794	G	-0.023	-0.05327094
795	A	-0.306	-0.02754988
796	G	-0.162	0.0004006875
797	A	0.239	0.03038313
798	C	0.385	0.07008687
799	C	0.035	0.1274022
800	A	-0.078	0.09886181
801	T	0.049	0.05634775
802	C	-0.148	0.04725407
803	T	0.411	0.07151484
804	T	0.327	0.07763772
805	G	0.242	0.0894426
806	G	0.255	0.08658923
807	C	0.480	0.1137286
808	T	-0.261	0.1186397
809	A	-0.544	0.1000942
810	A	-0.169	0.08107259
811	C	0.082	0.02114602
812	A	-0.064	-0.0208361
813	C	0.427	-0.02337897
814	G	0.339	-0.01610697
815	G	0.469	-0.0195476
816	T	0	0.02324971
 817	G	-0.247	0.08351403
818	A	-0.452	0.1201789
819	A	-0.547	0.1363788
820	A	-0.343	0.1684844
821	C	0.201	0.1525014
822	C	0.371	0.1604109
823	C	0.425	0.1193351
824	C	0.423	0.1489729
825	G	0.420	0.1386709
826	C	0.417	0.1470248
827	C	0.341	0.1500104
828	T	0.449	0.1448071
829	C	0.172	0.1019855
830	T	0.466	0.05294437
831	A	-0.187	0.006448812
832	C	0.474	-0.01830247
833	T	-0.412	-0.02329778
834	A	-0.319	-0.07606403
835	A	-0.499	-0.124535
836	A	-0.427	-0.1661905
837	A	-0.483	-0.156464
838	A	-0.413	-0.1943007
839	T	-0.318	-0.201913
840	A	0.027	-0.2573748
841	C	0.340	-0.2439519
842	A	-0.426	-0.2341872
843	A	-0.434	-0.2099647
844	A	-0.217	-0.1596057
845	A	0.327	-0.1017469
846	C	-0.139	-0.06044622
847	A	-0.309	-0.03126447
848	T	-0.413	-0.02646281
849	T	-0.197	-0.0444774
850	A	-0.163	-0.02176787
851	G	-0.111	-0.01890637
852	C	0.378	0.001125625
853	C	0.442	-0.03728431
854	A	0.247	-0.03286441
855	G	0.148	-0.00839975
856	G	0.104	0.03636863
857	T	0.051	0.06842306
858	G	-0.063	-
859	C	-0.388	-
860	A	0.103	-
861	G	-0.286	-
862	T	-0.068	-
863	G	0.081	-
864	G	0.303	-
865	C	0.315	-
