1	T	0.190	-
2	T	-0.278	-
3	A	-0.053	-
4	G	-0.500	-
5	A	0.143	-
6	G	0.095	-
7	T	0	-
 8	C	0.081	-0.1030317
9	A	-0.479	-0.1248387
10	A	-0.417	-0.07672144
11	A	-0.497	-0.04281302
12	A	-0.189	0.01524358
13	C	0.243	-0.01224502
14	T	0.394	-0.006451407
15	T	-0.278	0.01114733
16	G	-0.136	0.02523973
17	T	0.442	0.05220383
18	C	0.455	0.109254
19	C	0.369	0.1701848
20	A	-0.269	0.1869096
21	G	0.182	0.1649727
22	A	0.263	0.1594975
23	C	0.293	0.2016456
24	A	-0.074	0.2051062
25	C	0.438	0.154916
26	C	0.416	0.1198702
27	G	0.061	0.1094913
28	C	-0.085	0.1555777
29	T	0.312	0.168204
30	C	0.354	0.1401109
31	A	-0.084	0.1290372
32	T	-0.309	0.1601373
33	G	-0.070	0.1201546
34	T	0.214	0.0584714
35	C	0.422	0.03860737
36	T	0.371	0.01853819
37	G	-0.157	0.003095913
38	C	0.127	-0.01816575
39	C	0.391	-0.01985237
40	A	-0.161	0.01973116
41	A	-0.508	0.03667039
42	A	-0.236	0.04268953
43	T	-0.386	0.03477226
44	G	0.081	-0.01287941
45	G	0.035	-0.02355281
46	A	-0.109	-0.05174521
47	T	0.283	-0.1014197
48	G	0.183	-0.07772621
49	G	0.304	-0.05397994
50	T	0.303	-0.04653987
51	G	-0.343	-0.03430047
52	A	-0.317	-0.04434776
53	G	-0.295	-0.07696697
54	A	-0.353	-0.0780959
55	C	0.194	-0.0829549
56	A	-0.152	-0.08866723
57	G	-0.125	-0.1046856
58	G	-0.202	-0.1090147
59	A	-0.069	-0.06501239
60	G	-0.454	-0.01315065
61	G	-0.126	0.01705008
62	T	0.210	0.01234935
63	C	0.098	-0.02309392
64	A	0.064	-0.03463212
65	G	0.238	-0.05436305
66	A	0.316	-0.07462852
67	C	0.460	-0.09446829
68	T	0.157	-0.08218135
69	G	-0.424	-0.103223
70	A	-0.337	-0.1111676
71	A	-0.325	-0.1238544
72	T	-0.421	-0.1133403
73	T	-0.506	-0.133697
74	A	-0.367	-0.1494376
75	A	-0.269	-0.1660517
76	T	-0.442	-0.1765366
77	T	0.091	-0.1643199
78	T	-0.092	-0.1495256
79	G	0.222	-0.1052549
80	C	-0.066	-0.06607547
81	A	0.080	-0.01603
82	C	0.211	0.03979153
83	A	0	0.06315283
 84	G	-0.240	0.06817776
85	T	-0.115	0.04375097
86	T	0.338	0.06096831
87	T	0.166	0.07546864
88	C	0.243	0.09872205
89	C	0.470	0.08329329
90	C	0.080	0.09770856
91	A	-0.366	0.1272112
92	T	-0.274	0.1542405
93	C	0.165	0.1870427
94	T	0.439	0.152549
95	G	0.281	0.1266898
96	G	-0.150	0.08506063
97	C	0.427	0.07861449
98	G	0.442	0.07511891
99	T	0.164	0.1165833
100	C	0.376	0.1176041
101	T	-0.179	0.1171555
102	G	-0.221	0.09444112
103	A	-0.380	0.1056392
104	T	0.373	0.1460148
105	T	0.028	0.1032939
106	C	0.255	0.09111712
107	A	-0.259	0.04540032
108	T	0.159	0.01582793
109	T	0.098	0.03592399
110	C	0.449	0.04443275
111	T	0.455	0.09493675
112	G	-0.213	0.09414589
113	T	0.259	0.1071626
114	G	-0.521	0.1119636
115	A	-0.066	0.1489827
116	G	0.122	0.152225
117	G	-0.093	0.1178602
118	C	0.376	0.06415657
119	T	0.361	0.0005209
120	G	0.223	0.0241807
121	C	0.327	-0.02342457
122	T	0.295	-3.223333e-05
123	G	0.207	-0.003814973
124	G	-0.416	-0.02329577
125	A	-0.355	-0.03004427
126	A	-0.499	-0.06884427
127	A	0.141	-0.09996047
128	C	-0.454	-0.098053
129	A	-0.170	-0.1374525
130	G	-0.123	-0.1571822
131	A	-0.169	-0.1964596
132	G	-0.195	-0.2025475
133	G	-0.205	-0.1711659
134	A	-0.105	-0.1308287
135	G	0.252	-0.1579453
136	G	-0.263	-0.1177145
137	T	0	-0.1156959
 138	A	-0.381	-0.1086483
139	T	-0.507	-0.1074113
140	A	0.115	-0.08830003
141	C	0.105	-0.04556116
142	A	-0.265	-0.01792996
143	G	0.149	-0.006224027
144	A	-0.140	0.02473917
145	T	-0.017	0.03514917
146	G	-0.151	0.04826571
147	A	0.091	0.10166
148	C	0.435	0.09240974
149	T	0.309	0.05390214
150	G	0.427	0.04365261
151	C	0.200	0.01716854
152	T	0.156	0.007666807
153	A	-0.184	0.01563659
154	C	0.292	0.03980099
155	T	-0.023	0.05339517
156	A	-0.472	0.02934155
157	A	-0.418	0.00572062
158	A	-0.247	0.00668982
159	A	-0.282	0.0005511533
160	C	0.101	-0.01532273
161	A	0.211	-0.03623907
162	T	0.295	-0.08539567
163	G	0.075	-0.1183266
164	A	-0.045	-0.06890263
165	C	0.442	-0.02841023
166	C	0.108	0.0005946333
167	A	-0.081	0.04353303
168	T	-0.498	0.05098683
169	A	-0.444	0.02576877
170	T	-0.517	0.0101102
171	G	0.269	0.005100813
172	G	0.188	0.004733307
173	G	0.187	-0.04271143
174	C	0.361	-0.07635203
175	G	0.213	-0.08721814
176	C	-0.167	-0.04345287
177	A	0.060	0.01469953
178	T	0	0.08177286
 179	C	-0.050	0.09255699
180	A	-0.269	0.09782959
181	A	-0.396	0.1139709
182	C	-0.244	0.09874259
183	A	0.158	0.1114271
184	T	0.427	0.09603833
185	C	0.488	0.07844669
186	C	0.431	0.04669076
187	A	0.267	0.04437968
188	C	0.429	0.09156868
189	A	0.133	0.1191059
190	G	0.403	0.1386822
191	G	-0.398	0.124931
192	A	-0.203	0.12189
193	A	-0.476	0.1098436
194	A	-0.085	0.1137016
195	C	0.438	0.122614
196	T	0.016	0.1097971
197	G	0.048	0.1272364
198	G	-0.048	0.1232193
199	A	0.382	0.159793
200	G	0.307	0.1872606
201	T	0.488	0.2416254
202	C	0.401	0.2745227
203	T	0.236	0.2524768
204	C	0.394	0.2645432
205	T	0.343	0.2510047
206	G	0.150	0.2831859
207	G	0.208	0.2481097
208	G	0.339	0.2544391
209	G	0.408	0.2295575
210	T	0.107	0.2245627
211	G	0.197	0.2171861
212	G	-0.154	0.1805648
213	T	0.434	0.1361309
214	G	-0.143	0.1476431
215	G	0.402	0.1080755
216	C	0.115	0.0697386
217	T	0.326	0.03346993
218	T	0.126	0.03555453
219	C	-0.154	0.001018
220	A	-0.323	-0.005875667
221	C	0.323	-0.07005827
222	A	-0.384	-0.09405887
223	T	-0.235	-0.1072137
224	G	-0.135	-0.1117563
225	G	0.138	-0.1388867
226	A	-0.320	-0.1266479
227	A	-0.257	-0.1359897
228	G	-0.528	-0.1383245
229	A	-0.503	-0.1878311
230	C	0.205	-0.1918864
231	A	0.047	-0.1959717
232	A	-0.080	-0.2177401
233	C	0.309	-0.2593134
234	A	-0.294	-0.2268413
235	G	-0.358	-0.2179023
236	A	-0.419	-0.1706339
237	A	-0.445	-0.1184228
238	A	-0.297	-0.1298059
239	G	-0.462	-0.1592788
240	A	-0.484	-0.1878005
241	A	0.166	-0.2307949
242	G	-0.123	-0.2096734
243	T	0.180	-0.220018
244	C	0.279	-0.2196091
245	A	0.034	-0.2161499
246	G	-0.394	-0.2321291
247	A	-0.508	-0.2165439
248	A	-0.335	-0.1757008
249	C	0.022	-0.2120253
250	A	-0.513	-0.2335682
251	A	-0.413	-0.2407445
252	A	-0.393	-0.2566686
253	G	-0.536	-0.24373
254	A	-0.228	-0.2124764
255	C	0.127	-0.1499946
256	A	-0.377	-0.1083138
257	A	-0.446	-0.09975393
258	A	0.073	-0.03751686
259	T	0.040	-0.00432716
260	C	0.228	0.02984451
261	G	0.074	0.09037331
262	C	0.428	0.1161864
263	T	0.290	0.1347634
264	C	0.150	0.1818064
265	T	0.420	0.2115962
266	G	0.084	0.2344622
267	C	0.118	0.263821
268	A	0.371	0.2764218
269	C	0.158	0.2358963
270	T	0.406	0.1999312
271	G	0.327	0.2035408
272	G	0	0.2147539
 273	G	0.416	0.1696282
274	C	0.480	0.1745638
275	T	0.417	0.1929129
276	T	-0.533	0.1937855
277	T	-0.110	0.1631019
278	C	0.344	0.1017988
279	C	0.318	0.1076766
280	A	-0.256	0.1304803
281	G	0.158	0.09403287
282	C	0.394	0.0308562
283	T	0.384	-0.01641773
284	G	-0.301	0.02755793
285	A	-0.512	0.05737293
286	G	0.415	0.06535653
287	C	0.342	0.03411047
288	A	-0.130	0.02688427
289	G	-0.466	-0.0058582
290	A	-0.291	-0.06607847
291	T	0.126	-0.09466332
292	C	0.336	-0.09708865
293	C	0.464	-0.08431752
294	A	-0.150	-0.1426329
295	G	-0.365	-0.1668023
296	A	-0.332	-0.1475275
297	A	-0.509	-0.134745
298	A	-0.044	-0.1320488
299	G	-0.337	-0.1540984
300	A	-0.321	-0.1681134
301	G	-0.458	-0.1702864
302	A	-0.020	-0.1463458
303	C	0.158	-0.1191822
304	A	-0.275	-0.1210716
305	A	-0.250	-0.09992063
306	C	-0.204	-0.1245461
307	A	0.126	-0.1247606
308	T	0.431	-0.1360688
309	C	0.209	-0.1236464
310	A	0.042	-0.1404853
311	G	-0.360	-0.1693241
312	A	-0.191	-0.1720513
313	A	-0.414	-0.1863419
314	G	-0.341	-0.2018265
315	A	-0.490	-0.2165682
316	A	-0.272	-0.2577482
317	A	-0.273	-0.2707397
318	G	-0.273	-0.243643
319	T	-0.316	-0.2041978
320	A	-0.465	-0.1656879
321	A	-0.436	-0.1633402
322	T	-0.094	-0.1226198
323	T	-0.186	-0.08437149
324	T	0.014	-0.05794949
325	C	0.448	-0.01199495
326	A	0.230	0.02017605
327	G	0.385	0.04623795
328	G	-0.378	0.05978929
329	T	0.269	0.1084373
330	T	0.082	0.134025
331	T	0.123	0.1689736
332	C	0.416	0.165901
333	C	0.208	0.147843
334	A	0.074	0.1582803
335	G	-0.262	0.1506509
336	T	0.292	0.1813408
337	T	0.288	0.193514
338	C	0.338	0.2176402
339	T	-0.031	0.2251959
340	T	0.178	0.2304893
341	C	0.387	0.1938629
342	T	0.271	0.1708444
343	T	0.081	0.1592129
344	C	0.452	0.1057443
345	C	0.444	0.06650121
346	A	0.237	0.02456001
347	T	0.495	0.04664067
348	C	-0.340	0.06025653
349	T	-0.270	0.05670613
350	T	-0.436	0.05553133
351	A	-0.509	0.05345561
352	A	-0.299	-0.001397527
353	A	-0.291	-0.01676973
354	G	0.299	-0.02733331
355	G	0.382	-0.04140537
356	T	0.334	0.001822227
357	G	0.253	0.01706153
358	T	0.050	0.04180366
359	T	-0.370	0.05906019
360	T	0.214	0.1038029
361	T	0.078	0.1496888
362	G	0.284	0.1402347
363	T	0.307	0.1397943
364	G	-0.041	0.1126913
365	T	-0.065	0.1095736
366	G	-0.250	0.1186599
367	T	0.371	0.1644382
368	C	0.397	0.1605486
369	C	0.157	0.1578215
370	A	0.375	0.1616652
371	G	-0.072	0.1607605
372	G	0.206	0.173968
373	G	0.186	0.1757118
374	C	0.316	0.2141678
375	T	0.155	0.2001807
376	G	0.037	0.191122
377	A	0.342	0.2087805
378	C	0.294	0.2037194
379	T	0.156	0.2363448
380	G	-0.039	0.2516904
381	T	0.326	0.2646563
382	G	0.161	0.2164177
383	G	0.261	0.1916793
384	C	0.422	0.2003754
385	C	0.299	0.1812329
386	C	0.417	0.187097
387	C	0.437	0.2022684
388	T	0.381	0.2116663
389	G	-0.407	0.2096226
390	G	-0.215	0.1943473
391	A	0.168	0.1882255
392	T	0.055	0.1509269
393	C	0.382	0.1550184
394	T	0.383	0.131154
395	G	0.101	0.09263897
396	C	0.295	0.05406544
397	A	-0.067	0.08570575
398	G	0.169	0.1176199
399	G	-0.137	0.1204186
400	T	0.361	0.1460429
401	G	0.059	0.1342692
402	G	-0.140	0.1345023
403	G	-0.197	0.156046
404	A	0.067	0.1559316
405	G	0.263	0.1888303
406	C	0.210	0.1931817
407	C	0.439	0.2226167
408	T	0.205	0.2222412
409	C	0.387	0.2183036
410	C	0.424	0.2334422
411	C	0.294	0.2567112
412	C	0.425	0.2816261
413	T	0.234	0.2927307
414	C	0.304	0.3052277
415	C	0.355	0.2948242
416	A	0	0.2887983
 417	T	0.086	0.2923455
418	C	0.151	0.2890931
419	C	0.440	0.2994172
420	T	0.429	0.2954319
421	C	0.397	0.2746139
422	C	0.283	0.2263814
423	C	0.115	0.1825699
424	G	0.440	0.1645857
425	C	0.376	0.13699
426	G	0.448	0.1537452
427	T	0.366	0.1439341
428	C	-0.077	0.1442017
429	A	-0.419	0.1455759
430	T	-0.301	0.1381844
431	T	-0.269	0.1493211
432	T	-0.327	0.142453
433	C	0.402	0.1306371
434	C	0.293	0.07473345
435	C	0.433	0.05150051
436	T	0.418	0.06154215
437	C	0.172	0.1047556
438	C	0.282	0.1248682
439	T	0.337	0.1692814
440	T	0.198	0.224687
441	G	-0.389	0.1968731
442	A	0.017	0.1650656
443	C	0.073	0.1187984
444	T	0.229	0.06699237
445	T	0	0.05461933
 446	C	0.396	0.05372759
447	C	0.503	0.05067719
448	T	-0.014	0.02433506
449	T	-0.183	0.07339893
450	T	-0.260	0.1017464
451	A	-0.358	0.106193
452	C	-0.013	0.1079868
453	C	0.268	0.08241157
454	T	0.291	0.03168104
455	G	-0.196	-0.02831749
456	C	0.346	-0.05450631
457	C	0.442	-0.02525211
458	C	0.139	-0.00791458
459	T	0.256	0.01771277
460	T	-0.383	0.00429142
461	T	-0.364	-0.02551078
462	A	-0.396	-0.04894798
463	T	-0.407	-0.01207191
464	C	0.255	-0.001641047
465	A	0	-0.002630713
 466	C	0.025	0.001444553
467	A	-0.214	-0.005991513
468	T	-0.178	0.03043029
469	T	-0.059	0.02895835
470	G	0.356	0.05299051
471	C	0.502	0.1018676
472	T	0.428	0.1065139
473	T	0.200	0.1364827
474	C	0.144	0.1408519
475	C	0.162	0.150674
476	T	-0.386	0.1597893
477	A	-0.035	0.1833104
478	C	0.326	0.1775727
479	C	0.325	0.1415231
480	C	0.449	0.1161445
481	A	0.091	0.1274897
482	G	-0.067	0.1235664
483	G	-0.041	0.1289788
484	G	0.293	0.1762602
485	C	0.270	0.197905
486	A	-0.037	0.1696785
487	A	0.047	0.1449163
488	T	0.371	0.08893873
489	C	0.085	0.05831419
490	T	0.243	0.07051867
491	T	0.322	0.09516271
492	G	0.288	0.1040141
493	T	-0.097	0.1097084
494	G	-0.046	0.08843095
495	A	-0.390	0.05051478
496	T	-0.368	0.01174911
497	A	0.116	0.02071791
498	C	0.328	0.02464471
499	C	0.425	0.01494978
500	A	0.356	-0.02920389
501	T	-0.357	-0.04400807
502	T	-0.521	-0.0120678
503	A	-0.210	0.02065773
504	G	0.220	0.03764347
505	C	0.302	0.05711193
506	T	0.177	0.06528627
507	G	-0.373	0.04116615
508	A	-0.319	0.005762813
509	T	0.432	0.02466433
510	T	0.100	0.03188373
511	G	-0.113	0.01504533
512	G	0.408	-0.03288907
513	A	0.450	-0.07368073
514	G	0.064	-0.0939418
515	A	-0.174	-0.0830446
516	T	-0.073	-0.0739614
517	T	-0.413	-0.1040777
518	A	-0.462	-0.1440335
519	A	-0.498	-0.1440624
520	T	-0.309	-0.18679
521	A	-0.126	-0.2305042
522	G	-0.210	-0.2494258
523	G	-0.183	-0.225609
524	A	-0.018	-0.2164899
525	G	-0.498	-0.1948506
526	A	-0.113	-0.1764718
527	G	-0.232	-0.1445738
528	A	-0.204	-0.1070131
529	G	-0.219	-0.0807295
530	G	0.182	-0.03465317
531	A	0.063	0.002627567
532	G	-0.088	0.0147238
533	G	-0.187	0.06891807
534	A	-0.020	0.07941605
535	T	0.254	0.08672885
536	C	0.267	0.09108419
537	C	0.481	0.1048106
538	C	0.376	0.09907157
539	A	0.162	0.07096242
540	C	0.314	0.06243079
541	A	0.043	0.05291186
542	G	-0.123	0.06407184
543	G	-0.139	0.07455844
544	A	-0.013	0.06030676
545	C	0.096	0.007919827
546	A	-0.358	0.00094796
547	A	-0.216	0.02326756
548	A	-0.330	-0.007292973
549	C	0.147	-0.01674269
550	C	0.411	0.00326198
551	A	0.053	0.01909338
552	A	-0.304	0.0083026
553	C	0.271	-0.002560633
554	C	0.497	0.04701877
555	A	-0.144	0.07211377
556	A	-0.098	0.1194809
557	C	0.176	0.1394878
558	C	0.097	0.1315319
559	A	-0.175	0.1564272
560	A	-0.066	0.2073724
561	C	0.385	0.2131684
562	C	0.159	0.2133627
563	C	0.380	0.2123024
564	T	0.447	0.1918829
565	G	0.292	0.1494797
566	C	0.427	0.1072446
567	C	0.459	0.1081493
568	T	0.358	0.07673467
569	T	0.500	0.03599967
570	T	-0.159	0.03974113
571	T	-0.404	0.01604435
572	T	-0.459	0.01528415
573	G	-0.535	0.01549095
574	A	-0.162	0.006342947
575	A	-0.537	-0.01739379
576	A	-0.225	-0.01182072
577	G	0.216	-0.05368845
578	C	0.024	-0.05651945
579	C	0.435	-0.01107932
580	T	0.295	0.008950613
581	G	0.289	0.03159868
582	G	0.103	0.0384617
583	C	0.442	0.06714997
584	T	-0.127	0.0489095
585	G	-0.202	0.0193853
586	T	0.277	0.04954435
587	C	-0.158	0.05039642
588	A	-0.195	0.04698935
589	G	-0.059	0.04744875
590	A	-0.107	0.04435603
591	A	-0.499	0.01143857
592	G	-0.226	0.04716491
593	C	0.477	0.08982157
594	T	0.448	0.05132931
595	T	0.244	0.07139464
596	C	0.296	0.1053018
597	T	0.056	0.1335324
598	G	-0.051	0.1443131
599	C	0.408	0.1695045
600	C	0.437	0.1950677
601	G	-0.300	0.1777444
602	G	0.142	0.1628959
603	C	0.312	0.1644642
604	A	0.364	0.1725624
605	G	0.054	0.1581738
606	G	-0.121	0.1634195
607	T	0.156	0.1551783
608	G	0.217	0.1214682
609	G	0.225	0.1431454
610	C	0.267	0.1598334
611	T	0.418	0.1403643
612	G	-0.158	0.1094075
613	C	0.026	0.07433755
614	A	0.284	0.05182009
615	G	-0.068	0.01326529
616	G	0.024	-0.03685965
617	T	0.392	-0.06284831
618	C	0.020	-0.06461131
619	A	-0.100	-0.08560698
620	T	-0.471	-0.04978771
621	A	-0.459	-0.05778585
622	A	-0.421	-0.04973799
623	A	-0.534	-0.0552943
624	A	-0.164	-0.07364483
625	C	0.241	-0.1169703
626	C	0.103	-0.1236709
627	G	0.378	-0.1112782
628	A	-0.093	-0.07010021
629	T	0.405	-0.007744347
630	T	-0.151	0.01339559
631	G	-0.250	0.02899825
632	G	-0.257	0.02505072
633	A	-0.079	0.02549972
634	A	0.085	0.04327239
635	G	0.145	0.04289119
636	C	0.476	0.06476753
637	A	-0.104	0.05477659
638	T	-0.300	0.07280466
639	T	-0.223	0.1231547
640	T	0.248	0.1502375
641	C	0.369	0.1255155
642	C	0.372	0.0946278
643	A	0.235	0.05346273
644	C	0.255	0.001281333
645	T	0.118	-0.0195212
646	T	0.504	-0.008099067
647	T	0.148	0.0299922
648	G	-0.450	0.0227078
649	T	-0.377	0.008067933
650	A	-0.471	0.0006814
651	A	-0.306	0.0001139333
652	A	-0.416	0.01146107
653	G	-0.128	0.02250087
654	C	0.348	-0.008302973
655	A	0.138	-0.04801231
656	G	0.150	-0.03769884
657	A	0.261	-0.04924237
658	C	0.226	-0.01635039
659	C	0.425	0.001531027
660	C	0.284	0.04495116
661	C	0.042	0.07236149
662	A	-0.446	0.02304429
663	A	-0.296	-0.02076111
664	A	-0.550	-0.01820564
665	A	0.021	-0.03045423
666	G	-0.038	-0.0179045
667	G	0.234	-0.0632859
668	C	0.282	-0.0612631
669	A	-0.391	-0.07680606
670	A	-0.518	-0.07118959
671	A	0.188	-0.05145473
672	C	0.078	-0.00476146
673	G	0.414	0.01890949
674	T	-0.255	0.00392114
675	G	0.314	-0.009829287
676	G	-0.190	-0.05271482
677	A	-0.362	-0.006596153
678	A	0	0.02795411
 679	T	0.149	0.02010591
680	C	0.376	0.03630743
681	A	-0.263	-0.002525233
682	G	0.028	0.006532833
683	G	-0.361	-0.01324587
684	A	0.300	0.03276799
685	T	0	0.05985907
 686	T	0.070	0.04203933
687	C	0.321	0.04112693
688	A	-0.167	-0.0118274
689	G	-0.119	-0.02890893
690	G	0.018	-0.03080551
691	T	0.499	-0.03207637
692	T	0.043	-0.05860575
693	A	-0.267	-0.04636921
694	C	0.136	-0.02780921
695	A	-0.417	-0.03232787
696	T	-0.519	0.00831386
697	A	0	0.03893793
 698	G	-0.380	0.04584123
699	C	-0.097	0.03010683
700	A	0.183	0.02606349
701	T	0.349	0.05230009
702	C	0.253	0.04814393
703	C	0.441	0.08854586
704	T	0.340	0.1429553
705	G	0.121	0.1714763
706	C	0.263	0.2238103
707	A	-0.016	0.2604558
708	C	0.126	0.2678904
709	G	0.073	0.2728988
710	T	0.188	0.2601583
711	G	0.296	0.2500039
712	C	0.427	0.2441019
713	C	0.404	0.250302
714	C	0.451	0.2465673
715	C	0.295	0.2605449
716	T	0.424	0.2702834
717	C	0.062	0.2963252
718	C	0.289	0.2837561
719	G	0.251	0.2531592
720	C	0.214	0.2141406
721	T	0.207	0.1615936
722	C	0.192	0.1227002
723	C	0.272	0.09037155
724	T	0.464	0.08978222
725	G	0	0.1122227
 726	A	-0.162	0.1166227
727	T	-0.157	0.1298808
728	G	-0.383	0.1301632
729	A	-0.131	0.1436534
730	A	-0.189	0.1183683
731	C	0.415	0.0670362
732	T	0.398	0.01528693
733	G	0.355	-0.01205113
734	C	0.450	-0.02252913
735	T	0.218	0.005648467
736	C	0.410	0.04484967
737	A	-0.186	0.06227053
738	G	-0.497	0.1072814
739	G	-0.311	0.06193673
740	A	-0.410	0.03051215
741	A	-0.319	-0.01774632
742	G	0.265	-0.06188279
743	C	0.204	-0.09657399
744	A	0.129	-0.1192161
745	G	0.485	-0.08138892
746	G	-0.264	-0.02797079
747	T	-0.072	0.003287413
748	G	-0.368	0.04673941
749	A	-0.211	0.05595221
750	G	-0.301	0.02091268
751	A	0.070	0.01221677
752	A	0.381	0.00157864
753	C	0.303	-0.009213827
754	T	0.156	0.02856697
755	G	0.241	0.05130643
756	G	-0.181	0.08124598
757	A	-0.260	0.1017565
758	A	0.074	0.1036798
759	G	-0.029	0.08416526
760	C	0.323	0.03381206
761	A	0.302	-0.01704007
762	C	0.268	-0.04786054
763	A	0.080	-0.03430661
764	C	0.095	-0.005566207
765	A	-0.272	-0.00631534
766	G	-0.222	-
767	A	-0.374	-
768	A	-0.459	-
769	A	-0.305	-
770	G	0.445	-
771	T	0.249	-
772	G	-0.271	-
