1	G	0.192	-
2	G	0.364	-
3	C	0.452	-
4	C	0.295	-
5	A	0.404	-0.0402421
6	G	-0.123	-0.0782148
7	A	-0.464	-0.0886801
8	A	-0.514	-0.1468895
9	A	-0.490	-0.2191657
10	A	-0.518	-0.2965962
11	G	-0.187	-0.3272164
12	C	0.260	-0.3137664
13	A	-0.129	-0.3030004
14	A	-0.427	-0.2914976
15	A	-0.370	-0.2841349
16	T	-0.429	-0.2495061
17	T	-0.329	-0.2797702
18	A	-0.407	-0.3002223
19	A	-0.375	-0.2673254
20	A	-0.444	-0.2476036
21	T	0.158	-0.2080206
22	T	-0.042	-0.1704659
23	G	-0.333	-0.09120229
24	G	-0.098	-0.06385119
25	A	-0.172	-0.07210459
26	A	-0.034	-0.1351783
27	T	0.045	-0.1156369
28	G	0.385	-0.06601625
29	T	-0.102	-0.08052342
30	G	-0.527	-0.1022107
31	A	-0.471	-0.1433446
32	T	0.153	-0.1350126
33	G	0.162	-0.1292742
34	G	-0.243	-0.0916356
35	A	-0.389	0.0043279
36	G	-0.445	0.0515205
37	A	0.129	0.0158261
38	C	0.442	0.00910511
39	C	0.274	0.00329551
40	A	0.432	0.08440951
41	C	0	0.1674188
 42	T	-0.203	0.1821631
43	A	0.095	0.1815055
44	T	-0.301	0.1833463
45	C	0.421	0.181204
46	C	0.384	0.2198959
47	C	0.276	0.2743078
48	T	0.436	0.2897666
49	G	0.292	0.3664447
50	C	0.410	0.3524852
51	C	0.386	0.2715342
52	T	0.340	0.2630715
53	C	0.249	0.2597087
54	C	0.465	0.2759417
55	T	0.281	0.2392924
56	T	-0.424	0.175736
57	T	0.191	0.1932798
58	C	0.402	0.1718012
59	C	0.454	0.09117205
60	T	0.044	0.02320395
61	T	-0.248	0.02737445
62	C	0.515	-0.01223025
63	G	0.035	-0.06028955
64	T	-0.340	-0.09382175
65	T	-0.397	-0.09825407
66	A	-0.383	-0.04414877
67	A	-0.204	-0.1165392
68	A	-0.078	-0.0798391
69	G	0.119	-0.0054199
70	G	0	0.062689
 71	T	0.292	0.1493198
72	G	-0.208	0.2249193
73	G	0.402	0.203785
74	C	0.403	0.1605842
75	A	0.283	0.1530262
76	C	0.483	0.1350471
77	T	0.551	0.198321
78	A	-0.289	0.2050978
79	A	-0.312	0.1608843
80	T	-0.075	0.1797456
81	T	0.112	0.1170535
82	T	0.424	0.01066751
83	C	0.469	0.00850371
84	T	-0.038	0.06273531
85	G	0.471	0.115932
86	T	-0.143	0.149572
87	A	-0.511	0.1586249
88	A	-0.311	0.07581493
89	T	0.229	0.0533652
90	T	0.456	0.00017521
91	C	0.449	-0.03128669
92	T	0.515	0.00727231
93	T	-0.358	0.00445481
94	T	-0.263	-0.06106109
95	T	-0.060	-0.1369745
96	C	-0.458	-0.2106989
97	A	-0.126	-0.2689318
98	A	-0.339	-0.1897732
99	G	-0.425	-0.1214298
100	A	-0.302	-0.08085274
101	T	-0.288	0.01042496
102	G	-0.067	0.05864546
103	T	0.433	0.07281206
104	G	0.420	0.07825546
105	G	0.345	0.1420916
106	C	0.454	0.2186432
107	T	0.355	0.2546581
108	T	-0.197	0.2554868
109	T	-0.370	0.2247103
110	C	0.335	0.2369508
111	C	0.477	0.1684756
112	T	0.292	0.0936088
113	T	0.441	0.0855691
114	C	0.112	0.0804087
115	T	0.468	0.05596702
116	G	-0.230	-0.02852838
117	A	-0.392	-0.01344978
118	T	-0.277	-0.05335712
119	A	-0.422	-0.09511702
120	T	0.091	-0.122952
121	A	-0.367	-0.05744912
122	C	0.443	-0.02425972
123	C	0.042	-0.01057932
124	A	-0.305	0.01000038
125	T	0.189	-0.00141307
126	C	0.424	0.07900683
127	A	-0.060	0.05724613
128	T	-0.141	0.0454544
129	G	-0.216	0.0491821
130	G	-0.022	-0.0132926
131	C	0.436	-0.0821674
132	T	0.226	-0.0890182
133	G	-0.075	-0.1171488
134	G	-0.268	-0.1131073
135	A	-0.435	-0.1416176
136	A	-0.263	-0.2009103
137	G	-0.129	-0.2628844
138	A	-0.422	-0.2482053
139	G	-0.176	-0.2213969
140	A	-0.308	-0.2244056
141	A	-0.156	-0.2051757
142	G	-0.393	-0.2159708
143	A	0.071	-0.1562922
144	C	0	-0.1019676
 145	A	-0.465	-0.02598347
146	T	-0.071	0.02029483
147	A	-0.237	0.02636923
148	G	0.174	-0.00811877
149	C	0.366	-0.002843
150	G	0.451	-0.0034272
151	C	0.306	-0.01351393
152	G	-0.332	0.01572322
153	A	-0.273	0.01359002
154	C	0.052	0.01931262
155	A	-0.470	0.00085162
156	A	-0.172	-0.00529248
157	G	0.055	0.00514642
158	G	0.152	0.04807202
159	T	0.424	0.07031105
160	C	0.267	0.1299229
161	T	0.244	0.1740409
162	T	-0.228	0.1486738
163	C	0.155	0.1770501
164	T	0.275	0.1715719
165	A	0.125	0.1712159
166	G	0.268	0.1392066
167	G	-0.198	0.1631561
168	C	0.436	0.1313275
169	T	0.369	0.1471181
170	C	0.263	0.1620647
171	A	-0.075	0.1557302
172	T	0.010	0.1961776
173	T	-0.162	0.18801
174	C	0.433	0.1907287
175	C	0.274	0.2061647
176	T	0.205	0.2492759
177	G	0.205	0.224886
178	C	0.355	0.2269098
179	T	0.396	0.1909813
180	C	0.417	0.1561915
181	C	0.355	0.1427683
182	A	-0.232	0.1657726
183	G	-0.142	0.09021764
184	A	0.073	0.01528174
185	C	-0.073	-0.07006526
186	A	0.071	-0.15851
187	C	0.435	-0.1056075
188	G	-0.400	-0.04818796
189	A	-0.352	-0.06952359
190	A	-0.435	-0.01813899
191	A	-0.528	0.015296
192	T	0.296	0.0203839
193	C	0.432	0.0553065
194	A	-0.139	0.0549592
195	T	0.440	0.0495491
196	C	0.405	0.09289378
197	C	0.486	0.07443188
198	A	-0.051	0.05396358
199	T	-0.356	0.1145479
200	T	-0.489	0.05907948
201	T	-0.095	0.03989708
202	T	0.111	-0.06432422
203	C	0.227	-0.0577646
204	C	0.466	-0.0416253
205	C	-0.114	-0.00190122
206	A	0.213	0.03592
207	A	-0.555	0.0564454
208	G	0.014	0.0764453
209	G	-0.194	0.0786264
210	A	-0.092	0.1258339
211	G	0.283	0.1032877
212	C	0.316	0.1152157
213	C	0.427	0.0937522
214	C	0.488	0.0892324
215	T	0.357	0.06824242
216	T	-0.011	0.03317842
217	C	-0.436	-0.04961118
218	A	-0.200	-0.07747208
219	G	-0.240	-0.1195078
220	A	-0.302	-0.1451598
221	G	-0.067	-0.1733938
222	A	-0.511	-0.1666612
223	T	0.148	-0.1745039
224	C	0.067	-0.1086931
225	A	0.101	-0.07846919
226	C	-0.294	-0.03103759
227	G	-0.368	0.06091781
228	A	-0.278	0.06793641
229	T	0.417	0.0918182
230	C	0	0.1282865
 231	T	0.406	0.208721
232	G	0.408	0.2430625
233	G	0.218	0.2575938
234	C	0.306	0.170216
235	A	0.466	0.1846514
236	C	0.510	0.190248
237	T	-0.025	0.1465639
238	A	-0.133	0.1643764
239	G	-0.455	0.1546161
240	A	0.144	0.1504002
241	G	0.462	0.1452925
242	G	-0.028	0.1603955
243	T	0.397	0.1856553
244	C	0.208	0.2767985
245	C	0.423	0.2314394
246	T	0.459	0.173019
247	C	0.125	0.231363
248	G	0.119	0.1960941
249	T	0.455	0.1530784
250	T	-0.309	0.06298647
251	G	-0.121	0.05668267
252	C	0.554	0.03941395
253	T	0.044	0.00896345
254	A	-0.221	-0.04028188
255	T	-0.476	0.02903292
256	T	0.396	0.07663012
257	G	-0.047	0.00287352
258	G	-0.185	0.01821755
259	G	-0.036	0.05914245
260	T	0.383	0.1565915
261	T	0.354	0.1253642
262	G	-0.182	0.1480922
263	G	0.197	0.1395638
264	T	0.188	0.1146118
265	C	0.497	0.04245288
266	A	0.083	0.01286368
267	A	0.180	-0.01080732
268	T	-0.270	-0.03934404
269	G	-0.286	-0.104294
270	T	-0.337	-0.1999102
271	A	0.058	-0.2353427
272	T	-0.419	-0.3006511
273	G	-0.087	-0.232144
274	A	-0.461	-0.1549465
275	A	-0.458	-0.1026049
276	G	-0.270	-0.1111097
277	A	-0.472	-0.08851381
278	C	0.414	-0.09011549
279	C	0.485	-0.05092263
280	T	0.185	0.03597967
281	G	-0.026	0.08509007
282	T	-0.193	0.1470188
283	T	-0.103	0.09511887
284	T	-0.069	0.06657417
285	C	0.410	0.03486667
286	C	0.220	0.08359716
287	T	0.146	0.09316498
288	G	-0.104	0.09113038
289	G	0.200	0.07281472
290	A	-0.131	0.07262212
291	C	0.460	0.08180482
292	A	-0.097	0.08201722
293	G	-0.123	0.07053962
294	A	-0.252	0.00539492
295	G	0.408	-0.02108838
296	C	0.312	-0.1080172
297	T	0.148	-0.1016415
298	A	-0.219	-0.1028648
299	G	-0.451	-0.0726354
300	A	-0.396	-0.0921647
301	A	-0.408	-0.1401697
302	A	-0.033	-0.1173607
303	T	-0.136	-0.0586228
304	A	0.049	-0.0134948
305	T	0.213	0.0459909
306	G	-0.167	0.1340117
307	T	0.376	0.1087995
308	T	0.368	0.115139
309	T	0	0.1268578
 310	T	0.198	0.09539412
311	T	0.471	-
312	G	-0.286	-
313	T	-0.072	-
314	T	0.166	-
315	T	-0.101	-
