1	G	-0.056	-
2	A	-0.197	-
3	C	0.433	-
4	T	0.393	-
5	G	0.374	-
6	G	-0.150	0.2031418
7	T	0.450	0.2229692
8	G	0.245	0.2583786
9	T	-0.135	0.2133867
10	G	0.371	0.1990221
11	T	0.264	0.1858065
12	C	0.445	0.2180628
13	T	0.181	0.2170375
14	G	0.227	0.2209216
15	T	-0.106	0.2500504
16	G	0.221	0.2103022
17	G	0.215	0.1678237
18	C	0.236	0.1396332
19	C	0.438	0.1266559
20	T	0.291	0.09752061
21	G	0.213	0.09019228
22	A	-0.105	0.08573294
23	G	-0.245	0.09345036
24	G	0.107	0.09246711
25	A	0.025	0.04320252
26	T	-0.122	0.02143026
27	G	-0.194	0.0081682
28	G	0.167	0.05273728
29	C	0.308	0.1037194
30	A	0.224	0.1279656
31	C	-0.153	0.1461357
32	G	0.030	0.1759598
33	T	0.054	0.2237299
34	C	0.428	0.2375789
35	C	0.366	0.2487931
36	C	0.398	0.2546958
37	G	0.243	0.2837654
38	G	0.235	0.2736013
39	G	0.378	0.2502007
40	G	0.333	0.1883816
41	T	0.442	0.1150859
42	C	0.295	0.06569165
43	C	0.195	0.06470023
44	C	-0.091	0.0804139
45	A	-0.226	0.08417615
46	A	-0.312	0.07199648
47	A	-0.512	0.06886948
48	G	-0.194	0.08323765
49	C	0.231	0.07999573
50	C	0.424	0.1175757
51	A	0.424	0.1492312
52	G	0.187	0.2068353
53	C	0.405	0.2709861
54	C	0.467	0.2976435
55	C	0.156	0.3093386
56	A	0.359	0.2986159
57	C	0.153	0.2793407
58	T	0.378	0.2929182
59	G	0.256	0.2458065
60	G	0.125	0.1780559
61	C	0.371	0.1228645
62	G	0.295	0.0993259
63	C	0.192	0.08007246
64	T	0.350	0.02672254
65	C	-0.159	0.03523296
66	A	-0.345	0.06439779
67	T	-0.505	0.02809231
68	T	0.077	-0.04096736
69	T	-0.077	-0.08192127
70	G	-0.261	-0.1258951
71	C	0.358	-0.08443686
72	A	0.475	-0.02515836
73	C	-0.063	0.05196189
74	A	-0.533	0.06329091
75	A	-0.298	0.1050094
76	A	-0.176	0.1593935
77	G	0.337	0.1634961
78	G	0.366	0.1087959
79	C	0.420	0.1459901
80	T	0.213	0.2248667
81	C	0.423	0.2889588
82	T	0.390	0.3453933
83	C	0.408	0.3116141
84	A	-0.180	0.2361087
85	G	0.382	0.179597
86	C	0.413	0.1497413
87	C	0.470	0.1262585
88	C	0.500	0.1235182
89	T	-0.067	0.110235
90	T	-0.539	0.164121
91	A	-0.258	0.1630788
92	G	-0.145	0.1446342
93	G	0.141	0.07049962
94	G	0.357	0.0653032
95	T	0.248	0.09825833
96	C	0.465	0.1335055
97	T	0.369	0.1805177
98	G	0.192	0.2039864
99	T	-0.419	0.2108348
100	C	0.437	0.1863655
101	C	0.327	0.1801438
102	T	-0.117	0.1492193
103	T	0.306	0.1413139
104	C	0.136	0.1521044
105	T	0.223	0.2067114
106	C	0.064	0.203617
107	T	0.174	0.2089886
108	G	0.094	0.2569458
109	G	0.275	0.2477508
110	T	0.321	0.2607193
111	T	0.236	0.2733698
112	C	0.400	0.2608617
113	C	0.392	0.2614803
114	C	0.458	0.287643
115	T	0.195	0.2782745
116	C	0.292	0.2742954
117	C	0.375	0.2856539
118	A	-0.085	0.2729541
119	G	0.181	0.2771972
120	C	0.408	0.276554
121	T	0.162	0.2845133
122	G	0.273	0.2918087
123	G	0.372	0.2702495
124	G	0.248	0.2731885
125	T	0.442	0.2682891
126	C	0.450	0.2398123
127	C	0.291	0.2497936
128	A	0.379	0.2402976
129	C	0.116	0.2442967
130	C	-0.050	0.2445149
131	A	0.122	0.2396784
132	G	0.066	0.1842976
133	G	0.282	0.1197038
134	G	0.159	0.0614117
135	C	0.420	0.0516827
136	T	0.250	0.08991403
137	C	0.384	0.1125922
138	C	-0.213	0.1373648
139	A	-0.483	0.1234407
140	G	-0.319	0.09996217
141	A	0	0.03117275
 142	G	0.408	0.01896667
143	C	0.394	-0.03807367
144	C	0.364	0.004360583
145	C	0.115	0.06423367
146	A	-0.121	0.1268287
147	A	-0.405	0.1223431
148	G	0.104	0.1309554
149	A	-0.299	0.1409824
150	C	0.295	0.08432798
151	C	0.234	0.03370223
152	C	0.431	0.0200014
153	A	-0.053	0.08743765
154	G	0.511	0.08161464
155	C	0.515	0.07340506
156	A	-0.315	0.06885406
157	T	-0.492	0.06397914
158	T	-0.286	0.06339364
159	C	0.404	0.1029691
160	A	0.034	0.09166141
161	T	-0.398	0.02393874
162	G	0.240	0.08403116
163	G	0.176	0.1293481
164	G	0.424	0.1777296
165	C	0.421	0.1625793
166	G	0.375	0.1547867
167	G	-0.297	0.1848179
168	C	0.405	0.1788837
169	T	0.051	0.1295865
170	C	0.294	0.08596975
171	T	0.222	0.06222242
172	G	-0.058	0.06053867
173	G	-0.037	0.1215925
174	G	0.169	0.1098512
175	A	-0.415	0.1214524
176	A	-0.099	0.1173718
177	G	0.136	0.120183
178	C	0.355	0.1208101
179	C	0.435	0.1480662
180	T	0.264	0.147071
181	G	0.190	0.2089827
182	G	0.245	0.252819
183	C	0.256	0.2712309
184	A	-0.051	0.2616077
185	G	0.289	0.2682076
186	C	0.157	0.2375511
187	T	0.327	0.1777501
188	C	0.426	0.1353818
189	C	0.357	0.1417254
190	C	0.240	0.1795531
191	C	0.514	0.1831858
192	T	-0.103	0.2103821
193	A	-0.526	0.1669313
194	A	-0.263	0.1117313
195	C	0.332	0.06739533
196	G	0.402	0.0239205
197	C	0.332	0.01096708
198	C	0.483	0.05474175
199	A	-0.193	0.120691
200	A	-0.235	0.1725493
201	C	-0.174	0.1807189
202	A	-0.281	0.1884626
203	T	0.358	0.1962515
204	T	0.421	0.1157929
205	C	0.264	0.09119058
206	C	0.359	0.07577983
207	T	0.430	0.08097933
208	C	0.495	0.1274782
209	A	0.426	0.1331557
210	T	-0.481	0.08067342
211	T	-0.489	0.03611233
212	T	-0.420	0.0349795
213	G	-0.112	-0.03524892
214	A	0.276	-0.08256401
215	C	0.427	-0.1418676
216	A	-0.207	-0.07217384
217	G	-0.270	-0.04763867
218	C	0.345	0.007270658
219	A	-0.412	0.007087992
220	A	-0.072	-0.03207684
221	A	-0.285	-0.03174193
222	T	0.354	0.000567325
223	G	-0.194	0.04615882
224	C	0.238	0.02462907
225	G	-0.114	0.04929116
226	A	-0.193	0.04801837
227	C	0.431	0.03204404
228	G	0.179	-0.03129312
229	G	0.276	-0.05918204
230	G	0.087	-0.1092576
231	A	-0.116	-0.1138118
232	G	-0.087	-0.08672537
233	A	-0.476	-0.1120149
234	T	-0.405	-0.1581636
235	A	-0.529	-0.1788003
236	A	-0.362	-0.2221781
237	C	-0.169	-0.2481416
238	A	0.131	-0.2766177
239	C	0.127	-0.2578182
240	G	-0.373	-0.2408561
241	A	0.029	-0.2001867
242	A	-0.433	-0.171199
243	A	-0.428	-0.1846096
244	G	-0.429	-0.1667005
245	A	-0.251	-0.1616974
246	G	-0.201	-0.1180108
247	C	-0.041	-0.1110963
248	A	-0.014	-0.09018308
249	A	-0.330	-0.04660111
250	G	0.346	-0.03453586
251	T	0.187	-0.003276775
252	G	0.150	-0.02219403
253	G	0.112	-0.06354375
254	A	-0.182	-0.07849495
255	T	0.094	-0.03385445
256	G	-0.284	-0.04844312
257	G	0.123	-0.0302917
258	A	-0.428	-0.006807283
259	A	-0.537	0.0003248
260	A	-0.193	0.02051079
261	T	0.205	0.003024075
262	G	0.171	0.03732916
263	C	0.405	0.03474677
264	T	0.432	0.04548178
265	G	0.197	0.04538652
266	G	0.060	0.04408161
267	G	-0.115	0.05907894
268	A	0.127	0.05884711
269	C	0.092	0.03388261
270	A	-0.299	0.004348358
271	A	-0.538	-0.04599881
272	T	-0.209	-0.04801978
273	G	0.385	-0.01309687
274	G	0.168	-0.03966595
275	G	0.105	-0.09183823
276	A	0.077	-0.06956746
277	G	-0.406	-0.01866864
278	A	0.035	-0.002323725
279	C	0.304	-0.07336739
280	A	-0.191	-0.1200033
281	T	-0.533	-0.1499989
282	A	-0.032	-0.1540549
283	C	0.072	-0.08444448
284	A	-0.013	-0.06289108
285	A	-0.467	-0.079621
286	G	-0.391	-0.02930733
287	A	-0.254	-0.01780542
288	A	0.029	-0.03694369
289	C	0.429	-0.05823117
290	A	0.294	-0.08856709
291	C	0.103	-0.08159251
292	T	0.412	-0.06972684
293	G	-0.395	-0.03331484
294	A	-0.262	-0.02711092
295	T	-0.183	-0.06737505
296	A	-0.377	-0.07547605
297	G	-0.383	-0.1142328
298	A	-0.248	-0.1547604
299	T	0.182	-0.128296
300	C	0.103	-0.1284801
301	G	-0.054	-0.1494931
302	A	0.197	-0.1538556
303	G	-0.361	-0.1677524
304	T	-0.074	-0.1413753
305	A	-0.077	-0.1247547
306	T	-0.264	-0.1345466
307	A	-0.435	-0.1040047
308	T	-0.429	-0.1036173
309	A	-0.550	-0.07952162
310	A	0.067	-0.09292073
311	G	0.382	-0.1171612
312	G	-0.013	-0.06119086
313	G	0.312	0.01380764
314	C	0.201	0.07000956
315	A	-0.072	0.1294541
316	T	-0.235	0.1185764
317	T	-0.368	0.05567699
318	C	0.407	0.05038441
319	C	0.464	-0.006159925
320	C	0.244	0.004275908
321	A	0.163	-0.01741043
322	T	-0.062	0.02691682
323	G	-0.372	0.07387982
324	A	-0.077	0.0762699
325	A	-0.366	0.05579148
326	C	0.327	0.0650319
327	A	-0.332	0.08682832
328	T	0.296	0.1133414
329	C	0.195	0.1628895
330	C	0.435	0.1995567
331	G	0.218	0.237915
332	G	0.355	0.1833354
333	G	0.424	0.1944151
334	G	0.255	0.2068274
335	C	0.222	0.2111153
336	C	0.362	0.1594443
337	A	0.094	0.1541664
338	A	-0.327	0.1502627
339	G	-0.199	0.1063076
340	T	0.445	0.1121558
341	G	0.246	0.1215066
342	T	-0.184	0.09951988
343	G	0.155	0.1132635
344	G	0.308	0.1749833
345	T	-0.102	0.2278043
346	C	0.325	0.2247566
347	A	0.334	0.2100673
348	G	0.098	0.2563695
349	T	0.259	0.2846357
350	C	0.412	0.2265354
351	C	0.433	0.2129745
352	T	0.409	0.1511952
353	G	0.070	0.1495101
354	C	0.371	0.130221
355	T	0.494	0.0841508
356	G	-0.388	0.04543939
357	A	-0.265	-0.003916858
358	A	-0.415	-0.07474469
359	C	0.314	-0.1106023
360	G	-0.132	-0.1328874
361	T	-0.293	-0.2088193
362	A	-0.051	-0.2099954
363	C	-0.158	-0.2082194
364	A	-0.440	-0.1519598
365	A	-0.360	-0.2005591
366	C	0.103	-0.2279099
367	A	-0.416	-0.1790509
368	A	-0.402	-0.1834168
369	A	-0.244	-0.135928
370	T	0.259	-0.07748017
371	C	-0.269	-0.071353
372	A	-0.460	-0.1191335
373	A	0.292	-0.1220477
374	G	-0.104	-0.1227792
375	T	0.411	-0.1481171
376	C	0.260	-0.1762323
377	G	-0.286	-0.1179443
378	A	-0.469	-0.05224264
379	A	-0.451	-0.04232523
380	A	-0.411	0.001982692
381	A	-0.548	-0.05038722
382	A	-0.077	-0.1044496
383	C	0.430	-0.1143452
384	C	0.327	-0.09019431
385	C	0.411	-0.04287447
386	C	0.427	-0.04026664
387	A	-0.216	-0.006647558
388	G	-0.388	-0.02006008
389	A	-0.405	-0.03171358
390	A	-0.179	-0.09363083
391	C	0.116	-0.1517154
392	A	-0.380	-0.1683544
393	T	-0.144	-0.1753698
394	A	-0.238	-0.1320512
395	C	0.290	-0.1034468
396	A	-0.415	-0.09303882
397	A	-0.285	-0.06914315
398	G	0.227	-0.0008434
399	G	-0.301	0.04607085
400	T	0.131	0.09056635
401	A	-0.062	0.03841877
402	C	-0.054	0.09019077
403	G	0.402	0.1430283
404	C	0.439	0.1620836
405	T	0.418	0.1871733
406	C	0.294	0.1844878
407	A	-0.335	0.1633159
408	G	0.205	0.1813365
409	C	0.348	0.147754
410	C	0.456	0.1373161
411	A	0	0.08873333
 412	G	0.099	0.01986467
413	A	-0.316	0.03823833
414	G	0.161	0.0093915
415	C	0	-0.05247142
 416	A	0.314	-0.1111716
417	C	-0.164	-0.1306266
418	A	-0.531	-0.1318419
419	A	-0.114	-0.07232076
420	C	-0.140	-0.1173683
421	A	-0.393	-0.1101884
422	A	-0.247	-0.1429286
423	A	-0.233	-0.1373902
424	C	0.084	-0.05663009
425	A	0.398	-0.03235451
426	G	-0.378	-0.03598726
427	G	0.086	0.01750149
428	A	-0.078	0.03009527
429	C	-0.098	0.06659452
430	A	0.437	0.03790352
431	G	0.176	0.02065794
432	G	-0.184	0.08686277
433	T	0.248	0.1133859
434	T	-0.096	0.139655
435	G	0.204	0.1783443
436	T	-0.259	0.1324817
437	G	0.191	0.1071499
438	T	0.415	0.1437164
439	C	0.404	0.154745
440	C	0.236	0.1901242
441	G	0.365	0.19439
442	G	-0.112	0.2270311
443	A	-0.127	0.2352785
444	G	0.254	0.2284257
445	C	0.380	0.2289882
446	C	0.327	0.2443748
447	C	0.255	0.2463063
448	A	0.132	0.2919843
449	G	0.290	0.3187598
450	G	0.333	0.3216979
451	T	0.411	0.3069653
452	C	0.421	0.3122918
453	T	0.388	0.3166497
454	C	0.435	0.3012508
455	C	0.193	0.291205
456	A	0.289	0.2820496
457	G	0.203	0.2557771
458	C	0.391	0.2449405
459	T	0.308	0.2145453
460	G	-0.052	0.18961
461	G	0.169	0.1807202
462	A	0.223	0.1627028
463	G	0.095	0.1542763
464	G	0.291	0.09215167
465	G	0.024	0.03221609
466	A	0.136	0.03658284
467	G	0.087	0.05404276
468	C	0.073	0.06733159
469	A	0.102	0.09550608
470	T	-0.353	0.1066311
471	C	-0.411	0.1140775
472	A	0	0.1216395
 473	C	0.379	0.1119307
474	G	0.382	0.1268134
475	C	0.434	0.1518092
476	C	0.424	0.1961966
477	C	0.113	0.2480882
478	A	0.226	0.2508187
479	G	-0.029	0.2556072
480	G	0.252	0.2595824
481	C	0.402	0.2121467
482	T	0.178	0.1900829
483	G	0.211	0.2091645
484	G	0.032	0.2141963
485	C	0.436	0.1982638
486	G	0.430	0.2058938
487	G	-0.135	0.208491
488	G	0.159	0.2124131
489	T	0.342	0.171643
490	G	0.287	0.1562615
491	G	-0.220	0.1086254
492	G	0.343	0.0843635
493	T	0.433	0.1245442
494	G	0.225	0.1358148
495	G	-0.277	0.142853
496	G	-0.151	0.1538886
497	A	-0.135	0.1535805
498	T	0.139	0.1556006
499	G	0.346	0.117822
500	G	0.295	0.0925643
501	T	0.427	0.1534811
502	C	0.419	0.1876443
503	A	-0.224	0.1952005
504	G	0.368	0.1647559
505	A	-0.019	0.128479
506	T	-0.077	0.1017609
507	G	0.453	0.09768986
508	C	0.258	0.09884853
509	A	-0.044	0.1507718
510	C	-0.225	0.1563318
511	A	-0.088	0.1764563
512	T	-0.025	0.1991936
513	C	0.378	0.1481681
514	C	0.433	0.1572132
515	T	0.398	0.1670041
516	G	0.434	-
517	G	0.221	-
518	G	0.195	-
519	C	-0.159	-
520	A	0.366	-
521	C	0.073	-
