1	T	-0.138	-
2	T	0.424	-
3	C	0.457	-
4	C	0.204	-
5	A	0.032	-
6	A	-0.433	-
7	G	-0.201	-
8	A	-0.051	-
9	G	0.039	-
10	C	0.182	-
11	C	0.423	0.02220831
12	A	-0.119	0.04980522
13	T	-0.389	0.02175955
14	T	-0.388	-0.02094326
15	T	-0.390	-0.02145045
16	G	-0.319	-0.01648092
17	A	-0.332	-0.01305245
18	T	0.475	-0.02662102
19	C	0.153	-0.013925
20	T	0.434	-0.02845657
21	C	0.404	-0.05503448
22	C	0.441	-0.08301605
23	A	-0.164	-0.08778829
24	A	-0.438	-0.04993757
25	G	0.193	-0.02813303
26	A	0.136	0.0024813
27	T	-0.361	0.03790373
28	G	-0.486	0.06186449
29	T	0.214	0.04802297
30	T	-0.265	0.06201463
31	A	-0.375	0.06044692
32	T	-0.164	0.06556044
33	A	-0.219	0.06282611
34	T	0.405	0.06013016
35	G	0.069	0.08794473
36	A	0.252	0.07560913
37	G	0.424	0.06202799
38	T	0.170	0.1003072
39	G	0.184	0.1451952
40	T	0.446	0.117373
41	C	0.401	0.1300351
42	T	0.512	0.1513192
43	T	0.383	0.1720087
44	T	-0.221	0.1824736
45	T	0.145	0.1648019
46	T	-0.065	0.1571223
47	G	-0.148	0.1255079
48	T	0.442	0.09872563
49	A	0.456	0.08548949
50	T	-0.369	0.08861811
51	T	0	0.08437092
 52	T	0.071	0.08728349
53	T	0.270	0.08633073
54	A	0	0.0773423
 55	T	0.034	0.07026892
56	T	-0.092	0.04154116
57	T	-0.411	0.02702804
58	T	-0.138	0.008961324
59	T	-0.107	-0.03219949
60	T	0.250	-0.06857963
61	C	0.357	-0.0717632
62	C	0.462	-0.07122358
63	C	0.492	-0.09232479
64	T	0.195	-0.1304185
65	T	-0.369	-0.1513258
66	A	-0.457	-0.1782312
67	G	-0.369	-0.1644402
68	A	-0.528	-0.1282478
69	A	-0.422	-0.1104824
70	A	-0.307	-0.118036
71	A	-0.436	-0.1509406
72	G	0.011	-0.1650686
73	A	-0.371	-0.2064296
74	A	-0.529	-0.2393165
75	A	-0.439	-0.2528688
76	A	-0.530	-0.2452525
77	G	0.197	-0.2129388
78	C	0.348	-0.1966734
79	T	0.234	-0.1524095
80	G	-0.265	-0.110271
81	A	-0.440	-0.1060659
82	T	0.060	-0.1075317
83	G	-0.405	-0.1332397
84	G	-0.198	-0.1387864
85	T	-0.089	-0.1332129
86	T	-0.209	-0.1326302
87	T	0.220	-0.1274997
88	G	-0.028	-0.1626165
89	C	0.401	-0.1876615
90	C	0.462	-0.2195006
91	A	-0.219	-0.2262841
92	A	-0.466	-0.2158145
93	A	-0.528	-0.2247824
94	A	-0.488	-0.1937536
95	G	-0.412	-0.1784331
96	A	-0.426	-0.1528201
97	A	-0.422	-0.1192923
98	A	-0.539	-0.1479913
99	A	-0.177	-0.1687548
100	T	-0.433	-0.2034735
101	G	-0.408	-0.2104998
102	A	-0.220	-0.1854187
103	A	-0.127	-0.149092
104	C	0.245	-0.1041239
105	T	0.123	-0.05973767
106	C	0.448	-0.03915611
107	C	0.494	-0.01883149
108	A	-0.382	0.002078062
109	A	-0.464	0.03831911
110	A	-0.327	0.05531311
111	C	0.315	0.09143363
112	T	0.307	0.1287846
113	C	0.295	0.121102
114	T	0.415	0.1102702
115	C	0.443	0.1017636
116	G	0.019	0.1035512
117	G	0	0.1001251
 118	G	0.016	0.080033
119	G	0.221	0.1194403
120	T	0.179	0.1459934
121	C	0.324	0.1661801
122	T	0.375	0.1647721
123	G	-0.381	0.1681612
124	A	-0.354	0.145157
125	A	0.066	0.1095228
126	C	0.160	0.07523834
127	T	0.376	0.07184327
128	G	0.072	0.0888107
129	G	0.445	0.1102488
130	G	0.093	0.1200217
131	T	0.096	0.09355572
132	T	0.285	0.06175291
133	C	0.378	0.02241529
134	A	-0.187	0.05163734
135	A	-0.332	0.08046139
136	G	-0.276	0.09469406
137	C	-0.051	0.0986143
138	A	0.356	0.05981249
139	T	0.466	0.07560778
140	C	0.426	0.05691837
141	A	-0.376	0.02957188
142	G	-0.343	0.01278246
143	A	-0.450	0.01116703
144	T	0.231	0.01215075
145	C	0.250	0.04191065
146	C	0.365	0.06952751
147	A	0.243	0.08625923
148	G	-0.438	0.1012556
149	G	0.404	0.09546645
150	G	0.053	0.08860002
151	A	-0.481	0.08451845
152	A	-0.256	0.07897721
153	G	0.251	0.105767
154	C	0.399	0.1292862
155	C	0.437	0.1200708
156	C	0.247	0.116543
157	A	0.075	0.1229778
158	G	0.262	0.1059577
159	G	0.234	0.148191
160	G	0.322	0.1059628
161	G	0.340	0.07831376
162	G	-0.492	0.08186447
163	T	0.219	0.09925904
164	T	0.043	0.08412913
165	G	0.038	0.08466322
166	C	0.176	0.06049294
167	T	0.500	0.06178799
168	G	-0.114	0.07690899
169	T	0.448	0.08473546
170	T	-0.482	0.08217403
171	T	-0.527	0.08851732
172	A	-0.406	0.08261713
173	G	0.109	0.1222382
174	T	-0.066	0.1089794
175	C	0.410	0.08761361
176	A	-0.069	0.06013355
177	G	0.274	0.03144179
178	G	0.392	0.01736517
179	G	0.427	0.02137466
180	G	0.180	-0.004141062
181	C	0.455	0.03689289
182	C	0.216	0.08205399
183	T	0.339	0.1201662
184	C	-0.059	0.1228262
185	A	-0.404	0.1425989
186	A	-0.538	0.1250711
187	A	-0.426	0.1483325
188	T	0.205	0.1390036
189	G	-0.029	0.1197965
190	T	-0.087	0.08355865
191	T	0.379	0.06811612
192	C	0.420	0.04137084
193	T	0.393	0.05124427
194	C	0.164	0.0485527
195	T	0.349	0.07263343
196	G	0.042	0.10391
197	C	0.418	0.143706
198	A	0.078	0.1807494
199	C	-0.010	0.159661
200	A	-0.333	0.1421639
201	A	-0.143	0.1207952
202	G	-0.105	0.07913647
203	C	0.424	0.07853713
204	C	0.282	0.07016832
205	A	0.446	0.06890509
206	G	0.251	0.03749547
207	G	0.296	0.01265894
208	C	0.351	-0.02751411
209	A	-0.237	-0.0544273
210	A	-0.397	-0.05969895
211	A	-0.536	-0.02782924
212	A	-0.495	-0.01129171
213	C	0.408	-0.003520586
214	A	0.218	-0.03186454
215	G	0.138	-0.04745564
216	G	-0.310	-0.05263579
217	A	-0.479	-0.05609879
218	A	-0.424	-0.07803326
219	A	-0.486	-0.0755385
220	A	-0.121	-0.0433064
221	C	0.335	-0.021059
222	C	0.203	-0.004169948
223	A	0.057	0.009731195
224	G	-0.171	0.001363671
225	A	-0.044	-0.02161328
226	C	0.337	-0.01666609
227	C	0.179	-0.0100979
228	A	-0.163	0.01271586
229	G	0.404	0.01529234
230	C	0.439	0.02937681
231	A	0.069	0.0191351
232	G	-0.181	-0.01719719
233	A	-0.203	-0.05097447
234	G	0.232	-0.05022993
235	A	-0.264	-0.02052269
236	G	0.242	0.001933224
237	G	-0.172	-0.02860411
238	A	0	-0.03713516
 239	G	-0.370	-0.02329406
240	A	-0.190	-0.04922711
241	G	-0.336	-0.08446682
242	A	-0.427	-0.08982125
243	G	-0.505	-0.06629444
244	A	0.072	-0.0661954
245	C	0.452	-0.0849464
246	C	0.426	-0.05941144
247	A	-0.303	-0.05032501
248	G	0	-0.03108916
 249	C	0.126	-0.01102492
250	A	-0.140	0.02785727
251	A	-0.300	0.05705408
252	T	-0.042	0.09435256
253	C	0.312	0.1279991
254	A	-0.201	0.1381386
255	G	-0.161	0.1221173
256	A	0.271	0.09518427
257	C	0.433	0.05773617
258	C	0.231	0.0744715
259	C	0.421	0.0744715
260	T	0.445	0.04739969
261	C	0.422	0.04108516
262	C	0.446	0.06985254
263	C	0.279	0.0697893
264	A	-0.292	0.06528321
265	G	-0.263	0.09517607
266	A	-0.112	0.1192056
267	G	-0.359	0.1016828
268	A	0.048	0.08553874
269	C	0	0.06094217
 270	A	-0.441	0.02588641
271	A	-0.273	-0.007243686
272	T	0.303	-0.02101588
273	C	-0.043	-0.041078
274	A	0.217	-0.05118168
275	C	0.425	-0.03977285
276	T	0.343	-0.0196198
277	G	-0.096	0.004440629
278	T	0.094	0.03098768
279	T	-0.285	0.02245345
280	A	-0.314	0.04329607
281	A	-0.250	0.07995735
282	C	0.133	0.1081191
283	A	0.025	0.1004948
284	C	0.066	0.09768266
285	A	-0.052	0.07965118
286	C	0.159	0.07620728
287	T	0.392	0.07013718
288	G	0.197	0.09383296
289	G	-0.131	0.1075068
290	T	0.437	0.1291694
291	G	0.328	0.1604399
292	C	0.318	0.1937539
293	A	0.143	0.2075564
294	G	-0.103	0.2272354
295	A	-0.160	0.2206671
296	C	0.353	0.217139
297	C	0.215	0.2102569
298	T	0.401	0.2099692
299	T	0.381	0.2113707
300	T	0.169	0.2403925
301	C	0.341	0.2200524
302	C	0.449	0.2089181
303	T	0.423	0.1922552
304	A	0.438	0.1760735
305	A	-0.070	0.1809796
306	T	-0.126	0.1687927
307	T	0.015	0.1283223
308	T	0.386	0.1107672
309	C	0.227	0.08051751
310	T	0.478	0.04201884
311	T	0.010	0.0214767
312	T	0.094	-0.009563871
313	T	-0.031	-0.01088835
314	C	-0.196	-0.02461901
315	T	0	-0.02238335
 316	A	-0.416	-0.0160738
317	T	-0.496	-0.01499866
318	A	-0.152	-0.03197575
319	G	-0.233	-0.04258637
320	A	-0.427	-0.05970232
321	T	-0.261	-0.08915304
322	A	-0.309	-0.090745
323	T	0.421	-0.09524023
324	A	0.134	-0.09829864
325	T	0.485	-0.09716202
326	G	0.061	-0.08593202
327	T	-0.104	-0.05529721
328	T	-0.341	-0.01293912
329	A	0.163	0.01594055
330	T	-0.132	0.0519174
331	A	-0.140	0.09599155
332	C	-0.022	0.09424012
333	T	0	0.08664755
 334	T	-0.095	0.04570093
335	T	-0.172	0.01604955
336	C	0.235	-0.02676231
337	C	0.226	-0.04921695
338	C	0.393	-0.06863543
339	T	0.453	-0.06161205
340	C	0.521	-0.09189852
341	T	0.498	-0.1047207
342	T	-0.298	-0.1227792
343	T	-0.469	-0.1195194
344	A	-0.438	-0.1120672
345	A	-0.487	-0.09999873
346	A	-0.413	-0.1008219
347	A	-0.409	-0.1323807
348	A	-0.512	-0.1582573
349	T	-0.193	-0.194567
350	A	-0.472	-0.2105497
351	G	-0.401	-0.2515054
352	A	-0.519	-0.2806965
353	A	0.045	-0.2595615
354	C	0.156	-0.2103716
355	C	0.157	-0.1803703
356	A	-0.189	-0.1721823
357	A	-0.426	-0.1579879
358	A	-0.316	-0.1603064
359	T	-0.369	-0.113735
360	T	0.118	-0.1045004
361	A	-0.338	-0.09454745
362	T	-0.114	-0.06589778
363	T	0.145	-0.02696054
364	C	0.563	-0.01960314
365	T	0.191	-0.02121162
366	A	-0.315	-0.018888
367	T	-0.115	-0.01161003
368	T	-0.458	0.009953757
369	T	0.465	0.03534071
370	T	0	0.07265304
 371	G	-0.263	0.04838319
372	T	0.200	0.046742
373	A	0.298	0.04414295
374	G	0.200	0.03940051
375	T	0.122	0.007263795
376	C	0.206	-0.01599468
377	T	-0.037	-0.00317839
378	G	0.025	-0.01662291
379	A	0.216	-0.009720152
380	T	0.414	-0.04378787
381	T	-0.391	-0.06067849
382	T	-0.372	-0.03036049
383	T	-0.169	-0.0151271
384	T	0.045	-0.03280336
385	T	-0.111	-0.05419541
386	T	-0.296	-0.05237212
387	T	-0.046	-0.04158527
388	T	-0.397	-0.0364861
389	T	-0.313	-0.02412669
390	T	-0.249	-0.02832631
391	T	-0.354	-0.06434683
392	C	0.373	-0.04886085
393	C	0.520	-0.03004342
394	A	-0.072	-0.009253424
395	A	-0.249	0.005782443
396	C	0.161	0.03273811
397	T	0.432	0.04423667
398	T	0.070	0.04044505
399	A	0.285	0.06732324
400	C	0.128	0.1032293
401	G	-0.342	0.1318676
402	A	-0.066	0.1560032
403	C	0.022	0.1616713
404	A	0.267	0.1256347
405	G	0.361	0.1161279
406	C	0.454	0.1148696
407	G	-0.055	0.09100259
408	A	-0.126	0.05869102
409	T	0.166	0.04369535
410	G	0.440	0.03836678
411	G	0.351	0.01913007
412	T	0.152	0.05081397
413	T	0.492	0.06785327
414	T	-0.236	0.08997028
415	A	-0.272	0.08439575
416	A	-0.275	0.05374042
417	T	-0.340	0.008622657
418	T	-0.245	0.01794538
419	T	-0.244	0.04684929
420	T	0.173	0.05426619
421	A	-0.275	0.04241905
422	T	0.323	0.03634833
423	G	0.291	0.038627
424	C	0.486	0.02244038
425	A	0.150	0.01887633
426	T	-0.282	0.00874981
427	T	-0.492	0.003273714
428	A	0.140	0.02792624
429	C	0.480	0.05182771
430	C	0.322	0.08455252
431	T	0.191	0.07021452
432	T	0.224	0.07872728
433	G	0.199	0.04400385
434	G	0.152	0.02492004
435	T	-0.311	0.01749766
436	T	-0.485	0.02062842
437	A	-0.390	0.05300442
438	G	0.177	0.07464794
439	G	0.256	0.08786522
440	T	0.442	0.07549284
441	T	-0.127	0.06255997
442	A	-0.096	0.04067073
443	T	-0.405	0.03621016
444	G	-0.109	0.01617382
445	G	0.330	2.377619e-05
446	T	0.215	0.0259304
447	G	0.397	0.06874501
448	C	-0.038	0.07624859
449	A	0.418	0.06779611
450	C	0.220	0.06551816
451	A	0.051	0.06727887
452	G	-0.268	0.07854987
453	T	0.130	0.06687764
454	T	-0.220	0.07182607
455	G	-0.186	0.05488231
456	T	0.232	0.0368541
457	T	0.413	0.01860662
458	T	-0.232	0.021418
459	G	0	0.04782534
 460	G	0.208	0.0169103
461	T	0.479	0.002653695
462	C	0.109	0.01461186
463	A	-0.342	0.04442295
464	A	-0.302	0.03993498
465	A	-0.465	0.04595654
466	C	-0.047	0.0386633
467	A	-0.167	0.02102363
468	C	0.456	-0.009031271
469	C	0.516	-0.01393165
470	A	-0.230	0.006142205
471	A	-0.078	-0.01322037
472	T	0.302	-0.0401281
473	C	0.357	-0.02170562
474	T	0.036	-0.005417143
475	A	-0.094	0.01843657
476	G	-0.340	0.02367467
477	A	-0.137	0.001311019
478	T	-0.217	-0.01145817
479	G	-0.335	-0.0302952
480	T	0.421	-0.07435991
481	T	-0.198	-0.06489359
482	G	-0.085	-0.06039133
483	C	0.496	-0.07300437
484	T	0	-0.08642619
 485	A	0.198	-0.07894665
486	T	-0.355	-0.05002878
487	G	-0.517	-0.02050225
488	A	-0.435	-0.002547967
489	A	0.061	0.01564451
490	G	-0.409	0.0232198
491	G	-0.032	-0.01773306
492	T	0.015	-0.02137049
493	A	0.037	-0.03421257
494	T	0.076	-0.0726669
495	G	0.193	-0.09320319
496	T	0.512	-0.1244723
497	C	0.280	-0.1308436
498	A	0.239	-0.09366919
499	C	0.164	-0.07121682
500	A	-0.176	-0.06587432
501	T	-0.438	-0.03266318
502	A	-0.274	-0.02031884
503	A	-0.355	-0.01589907
504	G	-0.311	0.004479262
505	A	-0.431	0.0174786
506	A	-0.457	0.01409118
507	A	-0.488	-0.01766182
508	T	0.263	-0.0403724
509	G	0.036	-0.06998649
510	T	0.173	-0.09564911
511	G	0.288	-0.08536688
512	C	0.227	-0.05487869
513	A	0.108	-0.03936596
514	C	0.465	-0.0012492
515	C	0.349	0.03125518
516	T	0.122	0.06584194
517	A	-0.153	0.09518642
518	C	-0.196	0.1382093
519	A	-0.382	0.1416021
520	A	-0.374	0.1546978
521	T	0.039	0.1544802
522	C	0.201	0.1187326
523	A	0.051	0.08773643
524	G	0.445	0.06402905
525	C	0.371	0.02675115
526	T	0.295	-0.01077123
527	G	0.158	-0.03434866
528	A	0.414	-0.05204152
529	C	0.334	-0.04136753
530	T	0.311	-0.02977663
531	T	0.168	0.005724705
532	T	-0.462	-0.006940286
533	A	-0.423	-0.02412643
534	A	-0.389	-0.04435468
535	A	-0.317	-0.08260754
536	T	-0.438	-0.1262607
537	A	-0.372	-0.1498975
538	A	-0.525	-0.1409267
539	A	0.027	-0.1377475
540	G	-0.139	-0.1418466
541	G	0.371	-0.1579756
542	A	-0.226	-0.1687448
543	G	-0.159	-0.1620419
544	A	-0.373	-0.1556109
545	T	-0.358	-0.1278103
546	T	-0.545	-0.1289309
547	A	-0.201	-0.1021509
548	C	0.346	-0.08524249
549	C	0.481	-0.06579897
550	T	0.248	-0.0615701
551	T	-0.027	-0.0408071
552	T	-0.057	-0.04843281
553	G	-0.321	-0.0219849
554	A	-0.288	-0.003169
555	T	0.194	0.0294679
556	A	-0.341	0.04856515
557	A	0.123	0.08296748
558	T	-0.017	0.1018336
559	G	-0.117	0.09858715
560	T	0.116	0.07257025
561	G	0.296	0.04817258
562	G	0.211	0.06923161
563	G	0.328	0.06159399
564	T	0.236	0.09711994
565	G	0.311	0.1301776
566	G	0.042	0.1053529
567	G	0.176	0.09969485
568	C	0.194	0.1122472
569	T	0.278	0.1348963
570	T	-0.065	0.133043
571	C	-0.263	0.1335588
572	A	0.414	0.125422
573	T	-0.217	0.0968522
574	C	0.424	0.07087839
575	C	0.405	0.03555887
576	A	-0.326	0.04088891
577	A	-0.459	0.0407058
578	T	0.387	0.03875385
579	C	0.457	0.04884637
580	A	-0.156	0.05210799
581	T	0.126	0.0613948
582	G	0.125	0.06152165
583	T	-0.388	0.01793546
584	G	-0.216	0.0106628
585	A	-0.505	-0.01752887
586	A	0.423	-0.01855573
587	G	0.038	0.005541938
588	G	0.135	0.04939084
589	T	0.406	0.01102003
590	C	0.347	-0.03202659
591	T	0.129	-0.04155616
592	T	-0.261	-0.05741668
593	A	-0.500	-0.05344201
594	G	-0.370	-0.01999278
595	A	-0.167	-0.02048073
596	G	0.383	-0.01585625
597	C	0.179	-0.01785268
598	C	0.460	-0.0249581
599	A	-0.418	-0.01246652
600	A	-0.446	-0.03889548
601	A	-0.356	-0.04784962
602	A	-0.206	-0.03297876
603	C	0.209	0.0002474762
604	T	0.313	0.03928605
605	G	-0.227	0.05536116
606	A	-0.408	0.06841135
607	G	0.381	0.05116236
608	G	-0.110	0.01881389
609	T	0.398	-0.02574792
610	T	-0.148	-0.01604707
611	T	0.159	-0.009504781
612	C	0.442	-0.01554288
613	C	0.436	0.005490362
614	T	0.319	-0.0246613
615	G	-0.032	-0.05820892
616	G	0.106	-0.05910007
617	A	0.021	-0.03878408
618	G	-0.499	-0.05282688
619	A	-0.474	-0.03751479
620	A	-0.215	-0.03688955
621	G	-0.308	-0.03811602
622	A	-0.482	-0.06253455
623	A	0.235	-0.09993112
624	G	-0.423	-0.1409321
625	G	-0.390	-0.1674766
626	A	-0.245	-0.1574238
627	A	0.018	-0.1381274
628	C	0.086	-0.1242479
629	A	0.211	-0.08177177
630	T	0.411	-0.03768881
631	G	-0.173	-0.00981729
632	G	-0.353	0.01681585
633	A	-0.343	0.05520057
634	A	-0.424	0.05714442
635	A	-0.238	0.06367342
636	T	0.178	0.1082146
637	C	0.511	0.0993158
638	T	0.313	0.1140155
639	T	0.392	0.1111378
640	C	0.450	0.1275678
641	C	0.370	0.09978154
642	T	0.250	0.1090265
643	C	0.323	0.1470569
644	A	0.276	0.1775364
645	G	-0.286	0.2078285
646	T	0.544	0.2309659
647	T	-0.432	0.2224807
648	T	0.326	0.2010814
649	C	0.026	0.1811544
650	C	0.556	0.1724358
651	A	-0.172	0.1683536
652	A	0.020	0.1727904
653	C	0.445	0.1726153
654	C	0.296	0.171515
655	T	0.211	0.1659868
656	G	0.247	0.182572
657	A	0	0.1498856
 658	C	0.062	0.1547617
659	A	-0.105	0.1209009
660	G	0.208	0.09670195
661	C	0.365	0.07423967
662	C	0.463	0.1006732
663	T	0.246	0.1191481
664	G	0.300	0.09795733
665	C	0.160	0.1041822
666	A	0.061	0.1153875
667	G	-0.141	0.1217436
668	A	-0.330	0.1380796
669	T	-0.384	0.1553268
670	T	-0.481	0.1806126
671	T	0.084	0.1920386
672	C	0.382	0.1790536
673	A	0.408	0.1529359
674	G	0	0.120778
 675	A	0.427	0.0921606
676	C	0.447	0.09148399
677	T	0.381	0.09957628
678	G	0.343	0.1285564
679	G	0.424	0.1585405
680	G	0.425	0.1886721
681	C	0.448	0.213665
682	T	0.092	0.2193812
683	A	-0.085	0.201996
684	T	-0.428	0.1962209
685	A	-0.300	0.2086133
686	G	0.146	0.1976752
687	C	0.231	0.1633189
688	A	0.466	0.152352
689	T	0.299	0.1553933
690	C	0.248	0.1529619
691	A	0.043	0.1364839
692	G	0.204	0.1276327
693	C	0.017	0.1335591
694	T	0.286	0.1609465
695	C	0.260	0.1978181
696	T	0.197	0.1968993
697	T	-0.274	0.204347
698	G	0.150	0.1964299
699	T	0.406	0.1921532
700	C	0.373	0.1632204
701	T	0.079	0.1597406
702	G	0.263	0.1777849
703	A	0.216	0.1842963
704	G	0.490	0.2013625
705	T	0.345	0.1877009
706	T	-0.320	0.1930586
707	T	0.302	0.1934455
708	C	0.065	0.2133664
709	T	0.376	0.2177803
710	A	-0.308	0.2122238
711	G	0.175	0.21896
712	C	0.422	0.2337649
713	C	0.341	0.2352016
714	T	0.376	0.2457917
715	G	0	0.2382266
 716	C	0.372	0.247842
717	C	0.206	0.2614728
718	A	0.143	0.2390809
719	G	0.243	0.2517633
720	C	0.290	0.2222679
721	C	0.514	0.2230283
722	T	0.390	0.1931398
723	A	0.293	0.1638859
724	C	0.439	0.1641787
725	C	0.331	0.1646248
726	C	0.547	0.1865582
727	T	-0.033	0.1588788
728	A	-0.167	0.1551253
729	C	0.331	0.1444883
730	A	-0.242	0.1559628
731	A	-0.292	0.1435555
732	A	-0.452	0.1085436
733	T	-0.192	0.0944534
734	T	0.347	0.08049207
735	T	0.385	0.08066573
736	C	0.460	0.06489359
737	A	-0.208	0.03311516
738	G	0.127	0.0410498
739	A	-0.079	0.07052985
740	C	0.484	0.07469409
741	G	0.029	0.1069617
742	T	-0.220	0.1327611
743	G	0.094	0.1641058
744	A	0	0.1949515
 745	C	0.442	0.1998399
746	A	0	0.1705463
 747	G	-0.119	0.1254032
748	T	0.132	0.1362516
749	C	0.451	0.151696
750	T	0.418	0.1584324
751	C	0.435	0.1559124
752	C	0.249	0.1404383
753	G	0.205	0.1582072
754	C	0.455	0.130279
755	C	0.450	0.1183353
756	A	-0.229	0.09628711
757	A	-0.487	0.1174098
758	T	0.019	0.1425642
759	C	0.451	0.1317097
760	A	0.062	0.08889885
761	T	0.431	0.08977309
762	G	-0.295	0.08623114
763	T	0.152	0.09689861
764	A	-0.491	0.1118805
765	A	-0.250	0.08651686
766	G	-0.020	0.06644313
767	C	0.443	0.05565456
768	C	0.408	0.0619056
769	A	-0.095	0.0640177
770	A	-0.447	0.02166098
771	T	0.437	0.02026794
772	T	0.360	0.02021794
773	C	0.473	0.05543561
774	C	0.520	0.06898132
775	T	-0.077	0.1107108
776	T	0.028	0.1392401
777	A	-0.456	0.1542098
778	A	-0.356	0.1478611
779	A	0.063	0.1454124
780	A	-0.437	0.1551486
781	T	0.032	0.1853539
782	C	0.430	0.1798669
783	T	0.444	0.1822439
784	C	0.437	0.16805
785	T	0.384	0.1633685
786	C	0.348	0.1885102
787	T	0.294	0.1956581
788	C	0.310	0.2173804
789	T	0.357	0.2532116
790	G	0.109	0.2472617
791	T	0.186	0.2521083
792	C	0.322	0.2432016
793	T	0.410	0.2088982
794	T	0.175	0.1967239
795	C	0.422	0.1561552
796	C	0.450	0.1445097
797	T	0.178	0.1140492
798	G	0	0.08866098
 799	A	0.396	0.08551755
800	A	-0.061	0.0887687
801	T	-0.336	0.1077367
802	T	-0.154	0.1175796
803	T	-0.289	0.108833
804	T	0.188	0.09265788
805	G	-0.414	0.06928516
806	T	0.139	0.02829654
807	T	-0.291	-0.0052126
808	T	-0.238	-0.0199675
809	C	0.244	-0.001524314
810	C	0.425	-0.005121362
811	C	0.507	0.01440109
812	T	0.393	0.0360559
813	A	0.138	0.03717128
814	G	0.070	0.0423128
815	A	-0.315	0.03673969
816	G	-0.438	0.05863364
817	A	-0.252	0.03741217
818	A	-0.131	0.05128707
819	C	0.387	0.05962207
820	C	0.320	0.04194774
821	C	0.348	0.00263531
822	T	0.118	-0.04607002
823	G	-0.130	-0.07420536
824	A	-0.181	-0.08736026
825	T	0.071	-0.09835906
826	G	0.045	-0.08691922
827	G	-0.305	-0.05298389
828	A	0	-0.02417694
 829	C	-0.063	-0.0142363
830	A	-0.126	-0.01486197
831	T	-0.399	-0.006002067
832	A	-0.515	0.002199695
833	A	-0.197	-0.02634688
834	T	-0.137	-0.04323411
835	G	-0.160	-0.03280868
836	A	-0.075	-0.04286662
837	C	0.274	-0.04096739
838	C	0.352	-0.02576368
839	A	0.077	-0.03958268
840	C	0.374	-0.05729672
841	C	0.506	-0.0754763
842	T	0.520	-0.06613291
843	T	-0.480	-0.0275763
844	T	-0.485	-0.004116343
845	T	0.037	0.005040681
846	G	-0.139	0.02096268
847	A	0.085	0.01990357
848	T	0.013	0.02719385
849	G	-0.290	0.0136983
850	T	-0.435	0.0183748
851	A	-0.508	-0.01057034
852	A	-0.203	-0.06017029
853	G	0.294	-0.07573058
854	C	0.295	-0.0576061
855	A	0.054	-0.02341053
856	G	0.174	-0.007197676
857	A	-0.097	0.02004056
858	G	0.427	0.04034419
859	G	0.068	0.04384339
860	C	0.175	0.03454615
861	A	-0.233	0.06753015
862	T	-0.534	0.1093521
863	A	0.194	0.1380832
864	C	-0.100	0.131042
865	A	0.232	0.1232293
866	C	0.377	0.1237281
867	T	0.432	0.1356313
868	C	0.511	0.1633521
869	T	0.086	0.1477328
870	A	-0.485	0.1549985
871	T	0.256	0.1399223
872	C	0.369	0.1616915
873	C	0.399	0.2112842
874	T	0.146	0.1878973
875	T	0.131	0.1851317
876	T	0.064	0.1527931
877	C	0.424	0.1484157
878	T	0.484	0.1492793
879	C	0.099	0.1469926
880	T	0.221	0.1679927
881	A	-0.140	0.1930263
882	C	0.223	0.1583444
883	C	0.506	0.1185139
884	A	-0.296	0.07961152
885	T	-0.158	0.04860129
886	A	-0.446	0.02601767
887	T	0.285	0.0109544
888	T	0.450	-0.0002934048
889	C	0.463	-0.02389161
890	C	0.527	-0.009436943
891	T	0.040	-0.003056705
892	T	-0.471	0.02396282
893	A	-0.466	0.02247377
894	A	-0.417	0.00126849
895	A	-0.504	0.03609559
896	A	-0.343	0.05692187
897	T	-0.251	0.1016502
898	G	0.188	0.1052366
899	A	-0.010	0.08260925
900	G	0.402	0.08204001
901	G	0.355	0.04095301
902	C	0.426	0.0234009
903	A	0.192	0.03945909
904	C	0.061	0.04865075
905	A	0.434	0.05557228
906	C	0.279	0.09387904
907	C	0.492	0.1268816
908	C	0.360	0.1600757
909	A	-0.024	0.1393995
910	T	0.451	0.1562823
911	C	-0.334	0.1573858
912	G	-0.328	0.1582922
913	T	-0.134	0.1469045
914	A	-0.273	0.1542201
915	T	-0.271	0.1698184
916	G	0.299	0.1605381
917	C	0.349	0.1688826
918	T	0.445	0.155867
919	T	-0.246	0.1334245
920	G	0.343	0.1204314
921	C	0.425	0.08927852
922	T	0.374	0.126114
923	C	0.187	0.1273346
924	T	0.345	0.153568
925	G	0.388	0.1754602
926	T	0.239	0.1760231
927	C	0.454	0.1673808
928	C	0.219	0.1599315
929	T	-0.110	0.1598402
930	T	-0.297	0.1876673
931	T	-0.202	0.19209
932	C	0.438	0.1977808
933	A	-0.302	0.2034976
934	C	0.416	0.1712546
935	C	0.185	0.1547866
936	A	-0.260	0.1392451
937	A	0.118	0.1147388
938	C	0.193	0.07872224
939	T	0.443	0.05186957
940	C	0.338	0.05113681
941	C	0.436	0.05466914
942	C	0.545	0.0651892
943	T	0.494	0.04213885
944	A	-0.489	0.04018761
945	T	0	-0.001787719
 946	T	0.062	-0.03361358
947	G	-0.275	-0.041421
948	A	-0.302	-0.05861777
949	T	-0.344	-0.07070392
950	A	-0.125	-0.08336968
951	G	-0.223	-0.1088748
952	A	0.018	-0.129665
953	C	-0.045	-0.1322696
954	A	-0.343	-0.1317184
955	T	-0.464	-0.08628278
956	A	-0.482	-0.07388492
957	A	-0.424	-0.09297778
958	A	-0.242	-0.06084606
959	A	-0.060	-0.05957882
960	C	0.177	-0.02229549
961	A	-0.197	0.005666414
962	A	0	0.02859127
 963	T	0.490	0.02987206
964	C	0.506	0.03946954
965	T	0.464	0.07712883
966	T	0.260	0.1080484
967	T	-0.338	0.1398544
968	T	0.399	0.1815201
969	T	-0.275	0.1752097
970	G	0.438	0.1642382
971	C	0.461	0.1358431
972	T	0.258	0.1257878
973	T	0.045	0.1108115
974	C	0.156	0.09016086
975	T	0.447	0.05024077
976	T	0.184	0.01275377
977	C	0.185	0.01241591
978	T	0.450	0.04116224
979	T	-0.375	0.03705024
980	A	-0.290	0.06290915
981	T	-0.418	0.03378991
982	T	-0.408	0.01010926
983	A	-0.314	-0.01585236
984	A	0.057	-0.01232053
985	C	-0.332	-0.0009638667
986	A	-0.322	-0.03113239
987	G	0.253	-0.05861815
988	C	0.265	-0.07364639
989	C	0.313	-0.1156871
990	C	0.267	-0.1161138
991	A	-0.172	-0.1102962
992	G	-0.035	-0.1026517
993	A	-0.287	-0.09839182
994	G	0.119	-0.09862891
995	C	0.394	-0.1000126
996	A	-0.186	-0.07120207
997	A	-0.392	-0.03410259
998	A	-0.130	-0.0242663
999	T	-0.431	-0.03924268
1000	T	-0.384	-0.0739344
1001	T	-0.168	-0.1022098
1002	A	-0.258	-0.1125517
1003	A	-0.319	-0.1318678
1004	T	-0.319	-0.1011321
1005	T	0.028	-0.08972165
1006	G	0.272	-0.08510803
1007	T	0.456	-0.06629941
1008	C	0.459	-0.04412671
1009	T	-0.049	-0.03662629
1010	G	-0.415	-0.03521729
1011	A	-0.326	-0.03828977
1012	A	-0.390	-0.04254705
1013	A	-0.441	-0.03849058
1014	G	0.358	-0.03010424
1015	G	0.358	-0.03574772
1016	G	0.491	-0.04576521
1017	A	0.208	-0.07757864
1018	A	0.072	-0.1207737
1019	T	0.027	-0.1637808
1020	T	-0.402	-0.1809879
1021	A	-0.448	-0.1746697
1022	G	-0.258	-0.1804637
1023	A	-0.172	-0.172563
1024	A	-0.142	-0.1665549
1025	A	-0.437	-0.182476
1026	T	-0.182	-0.2154785
1027	T	-0.395	-0.2299702
1028	T	-0.450	-0.2471641
1029	T	-0.443	-0.2304798
1030	A	-0.410	-0.2396513
1031	A	-0.282	-0.2204894
1032	A	-0.447	-0.1959579
1033	T	-0.224	-0.2037976
1034	G	-0.315	-0.2094801
1035	T	0.024	-0.2235234
1036	A	-0.334	-0.2255226
1037	G	0.187	-0.237475
1038	A	-0.152	-0.2410485
1039	G	0.423	-0.2455751
1040	G	-0.165	-0.2028709
1041	A	0	-0.1638185
 1042	G	0.066	-0.129567
1043	A	-0.422	-0.08822488
1044	A	-0.292	-0.06372231
1045	T	-0.437	-0.0257626
1046	A	-0.479	-0.03780235
1047	A	-0.433	-0.0447514
1048	A	-0.470	-0.0752794
1049	A	-0.545	-0.0489054
1050	T	0.453	-0.04735469
1051	C	0.409	-0.02190292
1052	C	0.436	-0.00858921
1053	C	0.420	-0.02408071
1054	C	0.290	-0.01679376
1055	C	0.481	0.00234181
1056	A	-0.228	0.02467981
1057	A	-0.480	0.07102758
1058	A	-0.453	0.081068
1059	T	0.401	0.116413
1060	T	0.455	0.1371269
1061	C	0.369	0.1066859
1062	T	0.279	0.07028381
1063	G	-0.259	0.04655192
1064	A	-0.269	0.0195072
1065	A	0.109	0.01947578
1066	A	0.031	0.0009876952
1067	C	0.493	-0.009493543
1068	A	-0.222	-0.008097114
1069	T	0.271	-0.00660521
1070	A	-0.110	-0.04211892
1071	T	-0.185	-0.07500588
1072	T	-0.354	-0.1057661
1073	T	-0.061	-0.1322555
1074	A	-0.147	-0.1330959
1075	C	0.289	-0.1334319
1076	T	0.093	-0.1554885
1077	T	-0.448	-0.1649047
1078	T	-0.450	-0.191161
1079	T	-0.422	-0.1831478
1080	T	-0.344	-0.2061984
1081	T	-0.234	-0.1999094
1082	T	-0.276	-0.1824128
1083	T	-0.276	-0.1418819
1084	T	-0.276	-0.140443
1085	T	-0.276	-0.1357283
1086	T	-0.353	-0.1732299
1087	T	-0.166	-0.2038897
1088	T	-0.058	-0.1947168
1089	T	-0.054	-0.1917038
1090	T	-0.212	-0.1877038
1091	T	0.021	-0.1919083
1092	G	0.181	-0.1813347
1093	T	0.496	-0.1606865
1094	C	-0.031	-0.1690702
1095	T	-0.048	-0.1765586
1096	A	-0.497	-0.1881837
1097	A	-0.550	-0.1965959
1098	A	-0.256	-0.2113984
1099	G	-0.387	-0.2193743
1100	G	-0.338	-0.1990711
1101	A	-0.432	-0.1689166
1102	A	-0.012	-0.1750032
1103	C	0.156	-0.1888114
1104	A	-0.452	-0.2328384
1105	A	-0.433	-0.2561705
1106	A	-0.520	-0.2798369
1107	A	-0.530	-0.2805983
1108	A	-0.477	-0.2593807
1109	G	-0.225	-0.2378258
1110	G	0.372	-0.2063516
1111	T	0.421	-0.1922203
1112	C	-0.106	-0.150637
1113	A	-0.108	-0.1294432
1114	T	-0.428	-0.1204928
1115	A	-0.521	-0.09292651
1116	A	-0.545	-0.09239494
1117	A	-0.513	-0.07778908
1118	G	-0.104	-0.07671608
1119	C	0.196	-0.03645537
1120	T	0.273	-0.03160708
1121	A	-0.041	-0.0266358
1122	C	0.440	-0.02941884
1123	T	0.432	-0.0421768
1124	C	0.344	-0.03701746
1125	C	0.126	-0.03446151
1126	A	-0.422	-0.0323916
1127	C	-0.214	-0.02686275
1128	A	-0.507	-0.02405527
1129	G	0.368	-0.04239199
1130	G	-0.123	-0.07117784
1131	G	0.476	-0.08954141
1132	G	0.362	-0.08918093
1133	A	-0.374	-0.09248412
1134	T	0	-0.09426136
 1135	T	-0.374	-0.08899331
1136	G	-0.477	-0.08336927
1137	A	-0.429	-0.05426346
1138	A	-0.454	-0.02585003
1139	A	-0.489	0.01940302
1140	T	-0.408	0.0247113
1141	T	-0.112	0.03824507
1142	A	-0.034	0.011865
1143	C	0.371	-0.01786467
1144	C	0.395	-0.01418743
1145	T	0.455	-0.02270729
1146	G	0.244	0.004988948
1147	C	0.188	0.02100676
1148	A	0.382	0.03345728
1149	C	0.442	0.06601342
1150	C	0.479	0.1087652
1151	C	0.160	0.1135709
1152	A	-0.077	0.1045077
1153	T	-0.261	0.08835245
1154	G	-0.297	0.0750092
1155	A	-0.178	0.07248815
1156	T	0.206	0.0743982
1157	T	-0.141	0.08820106
1158	G	-0.168	0.06523177
1159	C	0.228	0.03005487
1160	A	0.407	-0.01064328
1161	A	-0.307	-0.04329451
1162	T	-0.302	-0.06289775
1163	A	-0.373	-0.0756472
1164	T	0.090	-0.05407401
1165	T	0.342	-0.01801397
1166	C	0.495	-0.02343654
1167	T	0.534	-0.04775763
1168	T	-0.293	-0.05243082
1169	T	-0.356	-0.03052873
1170	T	-0.411	-0.04870349
1171	C	-0.206	-0.07081937
1172	A	-0.251	-0.03200642
1173	A	-0.345	-0.02019261
1174	C	0.191	0.006890529
1175	C	0.460	0.01274135
1176	A	-0.292	0.01722883
1177	A	-0.303	-0.01471193
1178	A	-0.239	-0.04101549
1179	T	0.291	-0.05204225
1180	T	-0.152	-0.02795139
1181	G	-0.056	0.01163809
1182	T	0.507	0.01263256
1183	C	-0.054	0.003554133
1184	A	0.195	0.03032404
1185	C	0.213	0.01251232
1186	A	0.436	-0.005808043
1187	G	-0.175	0.01680286
1188	A	-0.018	0.04196924
1189	G	-0.525	0.07086091
1190	A	0.149	0.077197
1191	C	0.419	0.08578121
1192	T	-0.185	0.09076048
1193	A	-0.441	0.06209523
1194	C	0.217	0.08067395
1195	A	-0.182	0.09171838
1196	C	0.075	0.09758766
1197	T	0.182	0.08950504
1198	G	0.224	0.1171707
1199	C	0.367	0.1435655
1200	C	0.424	0.1888235
1201	A	0.027	0.1628094
1202	T	0.048	0.1376103
1203	T	-0.094	0.1395264
1204	G	0.335	0.1819859
1205	C	0.427	0.1616272
1206	C	0.337	0.1932827
1207	A	0.266	0.1821942
1208	C	0.405	0.176221
1209	C	0.536	0.1554338
1210	A	0.424	0.1170461
1211	T	-0.396	0.08276466
1212	T	-0.109	0.06502602
1213	G	-0.144	0.08337744
1214	T	0.449	0.09164962
1215	G	-0.210	0.06013943
1216	T	0.481	0.01810433
1217	T	-0.157	-0.01248833
1218	T	0.056	-0.01730705
1219	T	-0.211	-0.01516629
1220	C	-0.439	-0.01655014
1221	A	-0.294	-0.05040019
1222	A	-0.345	-0.0556389
1223	C	0.433	-0.05114935
1224	C	0.079	-0.0662994
1225	A	-0.326	-0.1113078
1226	A	-0.455	-0.1246408
1227	A	-0.305	-0.1520248
1228	T	0.165	-0.1243415
1229	C	0.450	-0.1128871
1230	C	0.506	-0.08277358
1231	A	-0.285	-0.04175158
1232	A	-0.506	-0.005475624
1233	T	-0.015	-0.006749862
1234	G	-0.463	-0.04252567
1235	A	-0.495	-0.06714645
1236	A	-0.490	-0.07582993
1237	G	-0.093	-0.05949536
1238	C	0.423	-0.03919169
1239	C	0.297	-0.03432783
1240	A	0.420	-0.05165227
1241	C	0.422	-0.06519603
1242	T	0.466	-0.03032722
1243	G	-0.371	0.01945411
1244	T	-0.317	0.02120767
1245	A	-0.437	0.03128867
1246	A	-0.508	0.04173295
1247	A	-0.112	0.04960148
1248	C	0.121	0.030328
1249	C	0.267	-0.01004823
1250	A	0.086	-0.02651507
1251	G	0.222	-0.05374383
1252	G	0.446	-0.06387045
1253	C	0.538	-0.0777754
1254	T	0.021	-0.04107474
1255	A	-0.251	-0.03234236
1256	T	-0.276	-0.03228945
1257	G	-0.325	0.0061575
1258	A	-0.497	0.03305645
1259	T	-0.424	0.04415693
1260	A	-0.048	0.0256494
1261	G	-0.151	0.006851081
1262	G	0.209	0.001620367
1263	A	0.174	-0.03219763
1264	C	0.398	-0.07656692
1265	A	-0.134	-0.0871656
1266	T	-0.436	-0.07964009
1267	T	0.299	-0.08496652
1268	C	0.452	-0.07755319
1269	T	0.354	-0.07178714
1270	T	-0.121	-0.03900157
1271	G	-0.307	-0.0520524
1272	T	0.112	-0.02240035
1273	A	-0.263	-0.04665954
1274	A	-0.392	-0.03875749
1275	T	-0.201	-0.07031706
1276	T	-0.093	-0.05228763
1277	A	-0.387	-0.02322544
1278	A	-0.169	-0.01372673
1279	A	-0.376	-0.05040806
1280	T	0.264	-0.07042154
1281	T	-0.322	-0.06099118
1282	T	0.471	-0.05251356
1283	T	-0.299	-0.05112951
1284	T	0.340	-0.01749532
1285	T	-0.263	0.02291392
1286	G	0.244	0.0439483
1287	C	0.173	0.03231046
1288	A	0.498	0.03162684
1289	C	-0.317	0.02213946
1290	A	-0.066	0.03260046
1291	C	0.076	0.0007503619
1292	A	-0.129	-0.004770448
1293	T	0.141	-0.04931359
1294	C	0.442	-
1295	C	0.455	-
1296	T	0.240	-
1297	G	-0.337	-
1298	A	-0.402	-
1299	A	-0.368	-
1300	A	-0.157	-
1301	A	-0.404	-
1302	T	-0.438	-
1303	A	-0.463	-
