1	T	0	-
 2	T	-0.090	-
3	T	-0.151	-
4	T	0.126	-0.0434424
5	T	-0.123	0.002204225
6	T	-0.144	0.02945714
7	T	0.120	0.06244451
8	T	-0.085	0.06342876
9	T	0.365	0.06766702
10	T	0.127	0.0529669
11	C	0.112	0.03790452
12	T	0.134	0.06551476
13	T	-0.089	0.02170019
14	T	-0.261	0.05136544
15	T	0	0.05328269
 16	T	0.135	0.05057031
17	T	0.014	0.0785843
18	T	0.365	0.1000471
19	T	0.127	0.06863319
20	C	0.112	0.01749431
21	T	0.134	-0.03423224
22	T	-0.089	-0.1323589
23	T	-0.251	-0.2124372
24	T	-0.273	-0.2562405
25	T	-0.399	-0.2343685
26	T	-0.419	-0.1953469
27	T	-0.512	-0.165317
28	T	-0.237	-0.08379775
29	T	0.309	0.02290312
30	G	0.222	0.08074836
31	G	-0.011	0.1551055
32	G	0.378	0.1246039
33	C	0.454	0.06356899
34	T	0.042	0.01795299
35	G	0.082	0.03436336
36	T	-0.481	0.03306736
37	A	-0.179	-0.02646325
38	G	-0.142	-0.08574824
39	G	0.120	-0.1226539
40	G	0.368	-0.01511086
41	A	-0.021	0.02197614
42	G	-0.431	0.04878425
43	A	-0.213	-0.017894
44	G	0.378	-0.1132311
45	G	0.117	-0.1519461
46	A	0.071	-0.1315638
47	G	-0.413	-0.04972326
48	A	-0.394	-0.1347903
49	T	-0.331	-0.1860163
50	A	-0.268	-0.1833289
51	C	0.441	-0.08554852
52	A	-0.302	0.0255326
53	G	-0.292	0.0160021
54	T	0.093	0.02240922
55	T	0.369	-0.08628765
56	C	0.494	-0.08143528
57	T	-0.407	-0.09925815
58	T	-0.217	-0.115302
59	A	-0.428	-0.09970665
60	A	-0.263	-0.1049706
61	T	-0.434	-0.03562215
62	G	-0.035	0.04656173
63	T	0.493	0.1226657
64	C	0.452	0.100378
65	A	0.147	0.1169441
66	C	0.440	0.05656725
67	T	0.180	-0.03516313
68	G	-0.441	-0.08484828
69	G	-0.302	-0.0779959
70	A	-0.518	-0.09767003
71	A	-0.240	-0.08355903
72	G	0.054	-0.08866503
73	A	0.201	-0.04323189
74	G	0.283	0.03032097
75	T	0.293	0.01797272
76	G	-0.482	-0.04995425
77	G	0.061	-0.113817
78	A	0.070	-0.1491965
79	A	-0.338	-0.1750493
80	G	-0.488	-0.1050225
81	A	-0.309	-0.1587355
82	G	0	-0.1620026
 83	T	0.086	-0.175199
84	A	0.077	-0.136856
85	G	-0.368	-0.09322418
86	G	0.044	-0.0776503
87	A	-0.444	-0.05787704
88	A	-0.181	-0.01183654
89	T	0.040	0.08632334
90	C	0.124	0.1387328
91	G	0.245	0.2173379
92	T	0.446	0.1915324
93	C	0.416	0.1190934
94	C	0.463	0.05563625
95	T	0.184	0.001293375
96	G	-0.388	-0.03351263
97	A	-0.539	-0.09899237
98	A	-0.383	-0.1569305
99	G	-0.189	-0.1309302
100	A	0.167	-0.03345125
101	T	-0.107	0.08054888
102	T	0	0.08769725
 103	C	0.392	0.09257125
104	T	0.391	0.09602662
105	T	0.372	0.1008701
106	C	-0.325	0.14733
107	T	-0.150	0.1449368
108	G	0.195	0.06295396
109	G	-0.068	-0.01543841
110	T	0.371	0.02125557
111	G	0.373	0.009418575
112	G	-0.264	0.005329075
113	A	-0.254	0.05678549
114	G	-0.032	0.06216399
115	A	-0.245	0.07082624
116	T	0.162	0.1389465
117	C	0.343	0.2310427
118	C	0.414	0.2879403
119	T	0.442	0.2578771
120	G	0.280	0.1776879
121	C	0.482	0.1225742
122	C	0.422	0.1165155
123	T	-0.485	0.1013055
124	A	-0.478	0.08260734
125	G	-0.097	0.05386859
126	G	0.366	-0.01811479
127	G	0.320	0.06436546
128	G	0.131	0.1476897
129	A	0.252	0.2138053
130	G	-0.153	0.2179741
131	C	0.173	0.2327841
132	A	0.187	0.2644959
133	C	0.431	0.2885114
134	C	0.399	0.3649596
135	C	0.439	0.3513237
136	T	0.384	0.2940309
137	C	0.444	0.2270406
138	C	0.458	0.2138332
139	A	0.064	0.09715786
140	T	-0.270	-0.01893364
141	G	-0.104	-0.09412489
142	C	0.293	-0.2081715
143	A	-0.494	-0.2033009
144	A	-0.543	-0.1323758
145	A	-0.157	-0.07071425
146	G	-0.453	-0.04992913
147	G	0.103	0.006934037
148	G	0.296	0.04522104
149	C	0.388	0.09430479
150	G	0.460	0.1947143
151	T	-0.039	0.1862039
152	G	-0.237	0.09116188
153	T	0.235	-0.0146255
154	C	0.349	-0.1358806
155	T	0.035	-0.1628875
156	T	-0.463	-0.1467563
157	G	-0.457	-0.1669547
158	A	-0.509	-0.1880211
159	A	-0.255	-0.2422399
160	A	-0.108	-0.1952631
161	G	0.073	-0.1136014
162	G	0.180	-0.01178239
163	A	-0.397	0.02853608
164	G	-0.087	0.09887845
165	G	0.195	0.1025418
166	T	0.304	0.09788721
167	G	0.067	0.09363521
168	G	0.454	0.05486496
169	G	0.103	-0.002283912
170	T	0.143	-0.1047435
171	G	-0.432	-0.1525452
172	A	-0.397	-0.2017552
173	A	-0.261	-0.2251597
174	A	-0.514	-0.247368
175	A	-0.315	-0.1396463
176	G	0.060	-0.07327643
177	T	-0.084	-
178	G	-0.033	-
179	G	0.429	-
180	T	0.132	-
