1	T	-0.255	-
2	T	-0.281	-
3	T	-0.266	-
4	G	-0.477	-
5	T	0.517	-
6	T	0.224	-0.04406609
7	T	0.492	-0.0684
8	C	0.206	-0.07069264
9	T	0.103	-0.03080391
10	T	-0.326	0.03351682
11	A	-0.421	0.02481318
12	T	-0.523	-0.008219
13	A	-0.306	-0.06749582
14	T	0.171	-0.100172
15	G	0.229	-0.09586445
16	C	0.421	-0.08905682
17	T	-0.138	-0.05438146
18	A	-0.159	0.03842954
19	A	-0.152	0.04126781
20	T	0.150	0.04493345
21	A	-0.251	0.04859163
22	T	-0.040	0.0334739
23	T	0.497	0.0233759
24	T	-0.275	0.07162772
25	T	0.212	0.1224704
26	T	0.269	0.1407115
27	C	0.255	0.202571
28	A	-0.249	0.2457871
29	C	0.371	0.2153389
30	T	0.406	0.275722
31	C	0.351	0.2759514
32	C	0.429	0.2301541
33	C	0.435	0.1861635
34	T	0.162	0.1875745
35	G	0.388	0.167572
36	C	0.214	0.1077525
37	T	-0.233	0.07214499
38	A	-0.228	0.07834608
39	A	-0.233	0.01370654
40	T	0.150	-0.002868773
41	A	-0.251	-0.002927318
42	T	-0.040	0.01649741
43	T	0.497	0.0552285
44	T	-0.275	0.09294968
45	T	-0.019	0.1219123
46	T	0.387	0.09475226
47	C	0.428	0.08999672
48	A	0.192	0.1283146
49	C	0.186	0.123849
50	T	0.084	0.1651046
51	T	-0.147	0.1744027
52	G	-0.303	0.1417316
53	T	0.381	0.1238184
54	C	0.448	0.1147744
55	T	0.178	0.1021862
56	T	0.082	0.1381468
57	C	0.028	0.1898674
58	T	0.231	0.2041875
59	A	0.092	0.130852
60	C	0.048	0.06064159
61	T	0.480	0.07806432
62	C	0.421	0.1088204
63	T	-0.146	0.1453177
64	T	-0.425	0.1634615
65	A	-0.324	0.1894637
66	G	0.369	0.2146648
67	C	0.420	0.2064725
68	C	0.429	0.1439121
69	C	0.430	0.1312614
70	C	0.378	0.1720668
71	C	0.325	0.2095986
72	A	0.390	0.2022693
73	T	-0.267	0.198485
74	T	-0.285	0.1691688
75	C	0.023	0.1582978
76	A	0.088	0.1449757
77	C	0.289	0.1502877
78	T	0.379	0.1295591
79	G	0.107	0.1171999
80	G	0.311	0.0940108
81	G	0.232	0.09541479
82	G	0.383	0.06003298
83	A	0.162	0.01053335
84	G	-0.402	-0.05024475
85	A	-0.540	-0.08142547
86	A	0.039	-0.1367617
87	T	-0.300	-0.2016036
88	G	-0.255	-0.2645983
89	G	-0.289	-0.3200189
90	A	-0.235	-0.3228776
91	A	-0.297	-0.3199007
92	A	-0.481	-0.3689905
93	G	-0.309	-0.3483647
94	A	-0.447	-0.3484585
95	A	-0.434	-0.3279891
96	A	-0.507	-0.2654827
97	A	-0.500	-0.2443776
98	C	-0.073	-0.2117147
99	A	-0.256	-0.1847462
100	A	-0.064	-0.1055724
101	C	0.452	-0.1027262
102	T	-0.065	-0.06968435
103	G	-0.121	-0.05478081
104	A	-0.012	-0.05586119
105	C	0.423	0.006917809
106	A	-0.403	0.05393059
107	A	-0.144	0.05367259
108	C	-0.336	0.102438
109	A	-0.085	0.08231456
110	T	0.434	0.04676554
111	C	0.452	-0.02509401
112	C	0.449	-0.01742955
113	T	0.471	0.02187963
114	C	-0.343	0.03390945
115	A	-0.403	6.918182e-05
116	A	-0.367	-0.08069627
117	A	-0.318	-0.1177043
118	T	0.288	-0.1600292
119	G	-0.204	-0.1737795
120	T	-0.457	-0.1338705
121	A	-0.454	-0.08424915
122	A	0.045	-0.07944206
123	A	-0.016	-0.07345079
124	C	0.320	-0.1396087
125	T	0.095	-0.1115822
126	C	0.142	-0.06227345
127	A	-0.314	-0.009507909
128	A	-0.252	0.009735845
129	T	-0.439	0.05089924
130	T	0.103	0.06141869
131	T	0.084	0.09000788
132	G	0.126	0.1160142
133	C	0.257	0.1911905
134	C	0.436	0.2349131
135	T	0.435	0.2605211
136	C	0.410	0.2910818
137	C	0.428	0.323783
138	C	0.512	0.3594212
139	T	0.228	0.3536524
140	A	-0.157	0.3512897
141	C	0.439	0.3301912
142	C	0.444	0.2887087
143	T	0.518	0.2365027
144	C	0.193	0.1634906
145	A	0.410	0.1012747
146	C	0.203	0.0852293
147	A	-0.045	-0.003437791
148	C	-0.145	-0.06959897
149	A	-0.290	-0.144872
150	A	-0.456	-0.1250542
151	G	-0.334	-0.13598
152	A	-0.535	-0.1376508
153	A	-0.283	-0.1699739
154	G	-0.309	-0.1938067
155	C	0.411	-0.1853532
156	C	0.290	-0.1584375
157	A	0.185	-0.08696736
158	G	-0.401	0.0001020909
159	A	-0.408	0.06023482
160	G	-0.197	0.1148615
161	A	-0.160	0.1224897
162	T	0.451	0.09610009
163	C	0.422	0.04353682
164	T	0.378	0.03905018
165	G	0.291	0.03482236
166	C	0.495	0.005918455
167	T	0	-0.028927
 168	T	-0.392	-0.07962855
169	A	-0.450	-0.1097352
170	A	-0.454	-0.1365841
171	A	-0.515	-0.1280307
172	A	-0.543	-0.1276159
173	A	-0.105	-0.0842211
174	G	0.091	-0.09192755
175	G	0.082	-0.04328235
176	C	0.385	0.02174311
177	T	0.500	0.1125648
178	C	0.477	0.1552288
179	A	-0.477	0.1694115
180	T	0.084	0.1461444
181	C	0.260	0.1851098
182	C	0.483	0.197564
183	A	-0.074	0.1197874
184	T	0.050	0.08458651
185	T	-0.164	0.09196151
186	C	0.511	0.06943166
187	T	0.522	0.08603839
188	T	-0.355	0.08369848
189	T	0.090	0.08517009
190	A	-0.396	0.07091285
191	G	-0.163	0.07737116
192	A	0.443	-0.01114447
193	C	0.457	-0.0965182
194	A	-0.058	-0.1131458
195	C	-0.106	-0.1538452
196	A	-0.093	-0.08216741
197	T	-0.462	-0.05362577
198	T	-0.416	-0.08377632
199	A	-0.538	-0.1394744
200	A	-0.357	-0.0932105
201	C	0.391	-0.06280123
202	T	0.150	-0.05252498
203	G	0.111	-0.01984853
204	G	-0.154	-0.02131535
205	G	0.450	0.05733675
206	A	0.227	0.1174148
207	A	0.019	0.1134647
208	G	-0.102	0.0968362
209	A	-0.433	0.09687738
210	A	0.327	0.1458001
211	C	0.303	0.09632408
212	T	0.348	0.09903235
213	T	-0.032	0.1377103
214	C	0.112	0.1734008
215	T	0.383	0.197995
216	G	-0.093	0.144315
217	G	0.257	0.07131488
218	C	0.444	0.01052188
219	T	0.289	0.02858343
220	G	-0.162	-0.001231573
221	G	-0.263	-0.004965845
222	A	-0.499	0.04008882
223	A	-0.320	0.004834182
224	A	0.166	-0.06469982
225	G	-0.215	-0.134569
226	G	0.342	-0.1289725
227	T	0.402	-0.06781836
228	G	-0.130	0.01456418
229	G	-0.320	0.08308527
230	A	-0.478	0.108181
231	G	-0.100	0.1589199
232	C	0.409	0.1635237
233	C	0.406	0.1717521
234	C	0.433	0.1824815
235	C	0.442	0.1723332
236	C	0.342	0.1807092
237	C	0.392	0.1403284
238	C	0.492	0.08473908
239	T	-0.012	0.009496718
240	T	-0.431	-0.0155881
241	T	-0.386	-0.03885265
242	A	-0.545	-0.04091792
243	A	-0.202	-0.03701319
244	A	-0.421	-0.07816435
245	C	0.157	-0.09773888
246	C	0.186	-0.08822797
247	T	0.319	-0.04234388
248	C	0.435	0.02575075
249	T	0.040	0.04575985
250	G	-0.227	0.06413921
251	T	-0.327	0.02337994
252	T	0.118	-0.03845752
253	G	0.203	-0.1070192
254	G	0.017	-0.1706394
255	T	-0.218	-0.191664
256	A	-0.290	-0.2142447
257	A	-0.493	-0.2249129
258	G	-0.434	-0.2070035
259	T	-0.263	-0.2292832
260	A	-0.191	-0.2509781
261	T	-0.475	-0.2611894
262	A	-0.444	-0.265358
263	C	0.315	-0.2634275
264	A	-0.041	-0.2478795
265	T	-0.220	-0.2059004
266	G	-0.331	-0.1677927
267	A	-0.336	-0.1429672
268	A	-0.472	-0.1355219
269	A	-0.263	-0.200847
270	G	0.197	-0.2340241
271	C	0.227	-0.2522322
272	A	-0.202	-0.2596985
273	T	-0.362	-0.2710419
274	A	-0.403	-0.2040941
275	T	-0.406	-0.1483935
276	A	-0.421	-0.1282299
277	A	-0.413	-0.1732489
278	T	-0.461	-0.1704761
279	T	0.263	-0.1558551
280	G	0.349	-0.09391555
281	G	0.419	-0.08304255
282	G	-0.267	-0.07047109
283	T	-0.172	-0.03288555
284	G	-0.201	0.04488945
285	C	0.277	0.05885009
286	A	-0.286	0.06542636
287	A	-0.282	0.055846
288	G	0	0.08013818
 289	G	0.394	0.07526627
290	G	0.417	0.06831264
291	C	0.421	-0.001904455
292	T	0.314	0.04459536
293	C	0	0.1132752
 294	A	-0.225	0.1569777
295	T	-0.278	0.1371697
296	A	-0.494	0.09923164
297	C	0.224	0.01996882
298	C	0.472	-0.04253145
299	T	0.480	-0.0008498182
300	G	0.176	0.05850755
301	T	0	0.1224337
 302	A	-0.450	0.2041226
303	A	-0.373	0.1438273
304	T	0.458	0.08358155
305	C	0.427	-0.008058545
306	C	0.424	-0.06202945
307	C	0.403	-0.01574055
308	A	-0.438	0.01155727
309	A	-0.189	0.02735773
310	A	-0.527	-0.051225
311	A	-0.417	-0.1367304
312	C	0.509	-0.224678
313	T	-0.150	-0.301468
314	T	-0.199	-0.2504586
315	T	-0.405	-0.2260914
316	A	-0.513	-0.1479727
317	A	-0.542	-0.08059629
318	A	-0.440	-0.1005207
319	G	0.122	-0.09485191
320	G	0.078	-0.1031921
321	G	0.331	-0.08855773
322	C	0.323	-0.007609545
323	T	0.290	0.06593291
324	G	-0.087	0.09997199
325	A	-0.291	0.08060275
326	G	-0.244	0.03872213
327	G	0.376	0.008541036
328	T	0.266	-0.004097236
329	G	-0.066	0.008902491
330	G	-0.090	0.02556533
331	G	-0.382	0.03546396
332	A	0	0.0614538
 333	G	0.184	0.03572861
334	G	0.433	0.02868997
335	A	0.095	0.02843677
336	T	-0.182	0.007853836
337	T	0.040	-0.004399436
338	G	0.093	-0.01746162
339	T	0.188	-0.03265771
340	T	-0.069	-0.03982207
341	T	-0.316	-0.02549956
342	G	-0.517	0.02452089
343	A	-0.143	0.03110105
344	A	0.017	0.002718882
345	G	0.354	-0.04913394
346	C	0.253	-0.06627045
347	C	0.367	-0.07576045
348	A	0.113	-0.004603727
349	G	-0.218	0.01909618
350	A	-0.381	0.01396773
351	A	-0.257	-0.02427734
352	G	-0.421	-0.08745661
353	T	0.265	-0.1497685
354	T	0.117	-0.1682138
355	C	-0.038	-0.121114
356	A	-0.066	-0.06869545
357	A	-0.441	-0.02817782
358	G	-0.317	0.01317347
359	A	-0.089	0.01312538
360	C	0.299	0.01617075
361	C	0.195	0.01971184
362	A	0.188	0.04951299
363	G	0.033	0.1206573
364	C	0.264	0.1865993
365	A	0.150	0.2183443
366	T	0	0.1987452
 367	G	0.261	0.1660025
368	G	0.340	0.194369
369	G	0.407	0.1648598
370	C	0.259	0.1042021
371	A	0.084	0.05344815
372	A	-0.164	0.007942509
373	C	0.500	-0.004253036
374	A	-0.290	-0.0831294
375	T	-0.402	-0.142121
376	A	-0.407	-0.182042
377	A	-0.500	-0.1886161
378	C	0.127	-0.1466615
379	A	-0.526	-0.1757821
380	A	-0.241	-0.1124326
381	G	-0.179	-0.06634975
382	A	0.011	-0.01683957
383	C	0.296	0.05472506
384	T	0.179	0.06977452
385	T	0.406	0.1541171
386	C	0.104	0.1787543
387	A	0.136	0.242877
388	T	0.286	0.267291
389	C	0.292	-
390	T	0.400	-
391	C	0.029	-
392	T	0.525	-
393	A	0.280	-
