1	C	0.407	-
2	C	0.373	-
3	T	-0.144	-
4	T	0.152	-
5	C	0.174	-
6	C	0.223	-
7	A	0.179	-
8	G	0.071	0.1347817
9	G	-0.354	0.1327907
10	A	0.456	0.09044879
11	T	-0.275	0.06568973
12	A	-0.530	0.04146635
13	T	0.268	0.0567366
14	C	0.371	0.06276454
15	T	0.347	0.0842991
16	T	0.433	0.09193425
17	C	0.376	0.1227626
18	A	-0.304	0.1049481
19	A	-0.540	0.1243334
20	A	-0.235	0.1557751
21	C	0.418	0.16188
22	T	0.320	0.1657954
23	C	0.524	0.1531605
24	T	0.193	0.1537501
25	T	0.139	0.1392933
26	C	0.171	0.1717338
27	A	0.034	0.2321969
28	G	-0.027	0.2759842
29	C	0.366	0.2806341
30	T	0.433	0.2267055
31	C	0.145	0.1751768
32	C	0.442	0.1780806
33	A	0.144	0.1760272
34	G	0.214	0.1709072
35	C	0.426	0.1750271
36	C	0.465	0.1653396
37	C	0.493	0.1180816
38	A	-0.542	0.1170117
39	A	-0.300	0.1366994
40	C	0.240	0.1257714
41	G	0.106	0.1439601
42	G	0.089	0.1586349
43	G	0.100	0.12215
44	T	-0.182	0.07952487
45	A	-0.389	0.04339403
46	C	0.416	0.09057559
47	C	0.460	0.1028862
48	G	0.267	0.09615216
49	T	0.435	0.1010666
50	G	0.449	0.09842349
51	G	-0.157	0.1072155
52	A	-0.216	0.112821
53	C	-0.084	0.1460638
54	A	0.212	0.1465733
55	T	-0.103	0.1316645
56	G	0.132	0.09721278
57	C	0.184	0.04277372
58	A	0.046	-0.01571053
59	C	0.241	-0.03404772
60	A	-0.092	-0.04144972
61	G	0.142	-0.01792982
62	C	0.424	-0.03120513
63	A	0.222	0.002298619
64	T	-0.283	0.02017293
65	G	-0.435	0.02988843
66	A	-0.486	0.04764266
67	A	-0.450	0.05821091
68	A	-0.334	0.07329069
69	G	0.291	0.05670037
70	G	0	0.02698719
 71	C	0.432	0.03300969
72	G	0.418	0.07933269
73	C	0.340	0.09870431
74	C	0.330	0.1128351
75	C	0.410	0.1324014
76	T	0.148	0.1452984
77	A	-0.123	0.1312222
78	G	-0.050	0.1485604
79	G	0.318	0.1487332
80	C	0.457	0.1507825
81	A	-0.125	0.1577644
82	A	-0.259	0.1281847
83	T	-0.137	0.09625586
84	G	-0.128	0.09140164
85	T	0.066	0.09636362
86	G	0.277	0.07930143
87	G	0.435	0.07646643
88	G	0.451	0.04459952
89	T	0.452	0.06738133
90	A	-0.142	0.1021613
91	T	-0.100	0.1038866
92	C	0.071	0.1403026
93	C	-0.043	0.152962
94	A	-0.323	0.1650433
95	A	0.273	0.1593911
96	C	-0.052	0.1261952
97	T	0.239	0.1253068
98	G	0.296	0.1498349
99	A	-0.109	0.1791747
100	G	0.454	0.1701226
101	T	0.268	0.1600494
102	C	0.470	0.1525495
103	C	0.345	0.1270098
104	A	-0.079	0.1539462
105	C	0.437	0.1247149
106	A	0.250	0.07817681
107	G	0.368	0.09545762
108	G	-0.073	0.09462124
109	A	-0.204	0.07404123
110	G	-0.443	0.06842411
111	A	-0.135	0.06122086
112	C	0.378	0.07581511
113	A	-0.228	0.07409043
114	T	-0.448	0.08560667
115	T	0.166	0.07424049
116	C	0.440	0.1031667
117	G	-0.060	0.1266441
118	A	0.380	0.1536403
119	G	0.229	0.1860882
120	G	0.153	0.1870977
121	C	0.410	0.2067219
122	T	0.434	0.2505283
123	C	0.186	0.2542037
124	T	0.389	0.247608
125	G	0.170	0.269527
126	C	-0.011	0.2277048
127	C	0.383	0.226627
128	G	0.394	0.2227357
129	C	0.085	0.217206
130	A	0.252	0.2008605
131	G	0.225	0.1815502
132	G	0.335	0.1446298
133	T	0.290	0.1184391
134	G	-0.288	0.132855
135	G	0.212	0.1131714
136	A	0.091	0.1038658
137	C	0.321	0.09229464
138	T	0.172	0.103335
139	T	-0.122	0.1032396
140	G	-0.201	0.08795747
141	G	-0.248	0.0560571
142	A	0.218	0.07544287
143	T	0.068	0.06072727
144	G	0.246	0.08025889
145	G	-0.099	0.08236896
146	T	0.429	0.08360552
147	G	0.223	0.1094581
148	G	0.090	0.1114743
149	G	-0.220	0.1127566
150	T	0.021	0.1141303
151	G	-0.022	0.1273585
152	C	0.404	0.1393835
153	C	0.355	0.1571172
154	C	0.192	0.09908208
155	C	0.291	0.1096237
156	A	-0.169	0.1310657
157	T	-0.227	0.1638651
158	C	0.240	0.1842097
159	C	0.280	0.1939081
160	C	0.438	0.1839896
161	T	0.184	0.1546901
162	G	-0.499	0.1604332
163	T	0.392	0.1422077
164	C	0.433	0.1668602
165	C	0.304	0.2054906
166	T	0.347	0.2035584
167	C	0.132	0.2123634
168	T	0.245	0.2023081
169	T	-0.113	0.21465
170	G	0.284	0.2620547
171	T	0	0.2473126
 172	C	0.225	0.2423135
173	C	0.390	0.2375859
174	C	0.209	0.2390726
175	C	0.421	0.2403978
176	T	0.277	0.2367653
177	C	0.381	0.2705077
178	C	0.259	0.2755986
179	C	0.156	0.2779664
180	A	0.353	0.2889764
181	C	0.229	0.2917527
182	C	0.371	0.2797542
183	T	0.153	0.2748698
184	C	0.187	0.2749277
185	C	0.426	0.280343
186	A	0.366	0.2785008
187	G	0.037	0.2771161
188	G	0.401	0.2733551
189	C	0.434	0.253013
190	A	0.017	0.1974976
191	T	0.343	0.1715064
192	C	0.278	0.1363441
193	C	0.468	0.08313921
194	T	0.229	0.03479033
195	T	0.134	0.004596338
196	C	0.293	-0.01435628
197	T	-0.096	-0.06849852
198	A	-0.517	-0.05215574
199	A	-0.262	-0.04624537
200	A	-0.375	-0.03732799
201	G	-0.424	-0.04115199
202	A	-0.407	-0.03061512
203	A	-0.445	-0.01375699
204	T	0.098	-0.002185994
205	A	-0.431	0.02376295
206	C	0.279	0.07257989
207	C	0.437	0.116163
208	T	0.421	0.1683253
209	C	0.406	0.1999472
210	C	0.398	0.2404147
211	C	0.404	0.273297
212	C	0.478	0.2446102
213	T	0.318	0.2446243
214	T	0.263	0.1985686
215	C	0.435	0.138034
216	C	0.459	0.1333222
217	C	0.081	0.1353342
218	A	0.239	0.1324253
219	C	0.080	0.1218147
220	A	-0.360	0.07553739
221	A	-0.431	0.04800964
222	A	-0.457	0.05819421
223	A	-0.530	0.05783427
224	T	0.345	0.05379177
225	C	0.439	0.05603593
226	C	0.351	0.0525508
227	T	0.234	0.0589355
228	A	-0.261	0.1067206
229	G	-0.121	0.1410596
230	C	0.426	0.1774072
231	C	0.429	0.2247549
232	T	0.394	0.2112669
233	G	0.117	0.1824451
234	G	0.184	0.1322757
235	T	0.183	0.09067556
236	C	0.403	0.08816719
237	C	0.118	0.06245375
238	T	0.124	0.002728937
239	A	0.226	-0.050526
240	T	0.129	-0.07404962
241	T	-0.021	-0.05806962
242	T	-0.450	-0.04426337
243	T	-0.431	-0.02792049
244	A	-0.301	-0.02811149
245	A	-0.533	-0.005216556
246	A	-0.528	-0.001567119
247	G	-0.422	0.005717756
248	T	0.018	-0.03470162
249	T	0.372	-0.06654537
250	C	0.405	-0.05365281
251	C	0.444	-0.04291112
252	C	0.400	-0.04365874
253	T	0.484	-0.02415212
254	C	0.182	-0.01051974
255	T	0.343	-0.01064393
256	T	-0.516	0.003064062
257	A	-0.531	0.0006123125
258	C	-0.244	-0.002455125
259	A	-0.259	-0.01170063
260	G	-0.313	-0.01767331
261	G	-0.220	-0.02128669
262	A	-0.310	-0.00687425
263	A	-0.424	-0.007133063
264	G	0.237	0.04570069
265	C	0.333	0.09094019
266	C	0.355	0.1062181
267	T	0.296	0.1443959
268	G	0.305	0.1919018
269	C	0.426	0.2066136
270	C	0.413	0.2024236
271	C	0.339	0.2254992
272	T	0.328	0.2199974
273	G	0.192	0.2106939
274	A	0	0.2060177
 275	C	0.351	0.2163536
276	C	0.446	0.2280054
277	A	0.014	0.2319024
278	A	-0.377	0.1867309
279	C	-0.055	0.1778101
280	A	0.149	0.1484947
281	C	0.184	0.1440212
282	A	0.281	0.1505992
283	C	0.461	0.1383098
284	C	0.491	0.1162139
285	T	0.488	0.1083229
286	A	-0.309	0.1154856
287	T	0.196	0.1430038
288	C	-0.140	0.1555873
289	T	0.120	0.1472485
290	C	0.105	0.1257408
291	A	0.154	0.08289659
292	T	0.092	0.02804609
293	G	-0.111	-0.02732353
294	G	-0.262	-0.01188136
295	C	0.384	-0.0348333
296	C	0.350	-0.04200055
297	T	0.051	-0.03944442
298	G	-0.062	-0.04790195
299	T	-0.223	-0.05347019
300	A	-0.386	-0.02665762
301	A	-0.397	-0.02690449
302	A	-0.062	-0.007986544
303	C	-0.170	-0.04402623
304	G	-0.255	-0.03664236
305	T	0.161	-0.02467037
306	T	-0.030	0.008206544
307	G	0.065	0.004833731
308	C	0.521	0.04290779
309	T	-0.115	0.04207723
310	A	0.039	0.01775975
311	C	-0.191	0.01897206
312	T	0.468	0.03832324
313	G	0.243	0.03698306
314	T	0.463	0.06346533
315	G	-0.277	0.04493276
316	T	0.223	-0.01581337
317	T	-0.410	-0.004753106
318	A	-0.451	0.01089019
319	A	-0.151	0.03100107
320	T	0.054	0.02702482
321	C	0.140	0.01984101
322	C	0.393	-0.02689874
323	T	-0.230	-0.03242099
324	A	-0.450	-0.03897699
325	A	0.061	-0.01435254
326	T	0.29	0.003012087
327	C	0.129	0.02201621
328	C	0.405	0.008036719
329	T	0.128	-0.02480234
330	G	-0.284	-0.06724684
331	A	-0.365	-0.05136458
332	T	0.118	-0.007087519
333	T	-0.016	0.01384616
334	T	-0.173	0.02290728
335	G	0.152	0.04122178
336	G	-0.169	0.02040116
337	G	-0.385	-0.01260053
338	A	-0.285	-0.01014521
339	A	0.023	0.02303504
340	C	0.258	0.03846216
341	C	0.396	0.05418314
342	C	0.434	0.07359764
343	C	0.422	0.08553289
344	C	0.072	0.1245036
345	A	-0.399	0.1635468
346	A	-0.245	0.1983019
347	G	0.165	0.2273119
348	G	0.365	0.2180529
349	C	0.235	0.1735778
350	A	0.136	0.1274964
351	C	0.343	0.07482932
352	G	0.454	0.04590687
353	G	0.239	0.09770687
354	G	0.270	0.1407722
355	T	0.487	0.1539562
356	C	0.110	0.1512435
357	A	-0.315	0.1618588
358	T	-0.302	0.176581
359	T	-0.419	0.1863836
360	T	-0.390	0.1893847
361	C	0.428	0.1432792
362	T	0.443	0.1102821
363	C	0.375	0.06930562
364	C	0.321	0.03798781
365	C	0.405	0.02415575
366	C	0.372	0.04113544
367	C	0.500	0.06912035
368	A	0.502	0.1123381
369	T	-0.498	0.09996454
370	T	-0.257	0.06351191
371	C	-0.168	0.0552871
372	A	-0.390	0.06077879
373	A	-0.536	0.05372247
374	A	-0.030	0.05843154
375	C	0.028	0.04828972
376	T	0.300	0.03175891
377	A	0.230	0.0897431
378	G	-0.139	0.1345415
379	G	0.244	0.1607763
380	G	0.409	0.2088484
381	T	0.292	0.2274456
382	C	0.447	0.237518
383	T	0.338	0.2480284
384	G	0.237	0.2394128
385	C	0.429	0.2459245
386	C	0.459	0.2489728
387	C	0.251	0.2468147
388	T	0.378	0.1886337
389	T	-0.239	0.196145
390	G	0.130	0.176704
391	G	0.196	0.1813006
392	C	0.163	0.1885477
393	T	0.335	0.1423737
394	A	-0.090	0.1040367
395	G	0.209	0.09522829
396	A	-0.521	0.09564785
397	G	0.412	0.1364871
398	G	0.136	0.1310193
399	C	0.411	0.1111248
400	A	0.353	0.08762238
401	G	-0.309	0.08473363
402	G	-0.153	0.119923
403	A	0.110	0.1330112
404	C	0.384	0.1949271
405	T	0.414	0.1932043
406	A	0.043	0.1772589
407	G	-0.122	0.1340815
408	A	-0.212	0.08312616
409	T	0.288	0.08574066
410	T	0.472	0.07253084
411	C	0.419	0.09332766
412	T	0.469	0.09657647
413	C	0.384	0.08605272
414	T	-0.118	0.07120669
415	A	-0.279	0.0729717
416	A	-0.461	0.06035339
417	C	-0.267	0.03656538
418	A	-0.365	0.02988375
419	C	0.443	0.02721006
420	C	0.436	0.02133475
421	T	0.245	0.024242
422	G	-0.194	0.06035925
423	G	-0.093	0.06349625
424	A	-0.414	0.1169158
425	A	-0.091	0.139707
426	C	0.365	0.1812404
427	T	0.376	0.1762644
428	G	0.375	0.158308
429	C	0.431	0.173494
430	C	0.459	0.2131007
431	A	-0.228	0.2471556
432	G	0.393	0.2795492
433	C	0.097	0.2963808
434	A	0.299	0.2690603
435	G	0.363	0.2393793
436	G	0.149	0.1835492
437	C	0.488	0.1421063
438	A	0.439	0.1273441
439	T	0.451	0.1672935
440	C	0.103	0.1702045
441	T	0.177	0.1708217
442	G	-0.071	0.1649818
443	T	-0.098	0.1568858
444	A	-0.518	0.1709589
445	A	-0.231	0.1539914
446	G	0.223	0.1534708
447	G	0.410	0.153242
448	C	0.439	0.1699118
449	A	0.107	0.1571251
450	G	0.205	0.1701586
451	G	0.234	0.14624
452	C	0.374	0.1946994
453	C	0.217	0.2261109
454	T	0.430	0.2203311
455	T	0.447	0.2188402
456	C	0.370	0.2142709
457	T	-0.027	0.2232822
458	G	0.136	0.2328341
459	C	-0.481	0.2323653
460	A	0.257	0.2022704
461	G	0.270	0.2012447
462	G	0.130	0.1920776
463	G	0.386	0.1916667
464	G	0.366	0.1997634
465	C	0.251	0.2283043
466	A	0.358	0.2141629
467	G	0.226	0.2479462
468	G	-0.106	0.2318624
469	C	0.200	0.2156215
470	A	0.284	0.2307359
471	C	0.440	0.2317822
472	C	0.499	0.2290035
473	C	0.429	0.2387618
474	A	-0.089	0.243241
475	C	0.059	0.2562742
476	A	0	0.290248
 477	G	0.010	0.3051071
478	C	0.372	0.2905881
479	G	0.403	0.2869699
480	C	0.322	0.2626755
481	C	0.407	0.258405
482	C	0.430	0.283487
483	C	0.435	0.3016798
484	C	0.436	0.3238712
485	T	0.438	0.3449005
486	C	0.051	0.3475804
487	T	0.382	0.3479553
488	C	0.110	0.3485126
489	C	0.361	0.3429522
490	T	0.311	0.341202
491	C	0.350	0.2957234
492	T	0.355	0.2611384
493	C	0.347	0.2439537
494	T	0.415	0.256003
495	C	0.409	0.2397675
496	C	0.331	0.2230998
497	C	0.318	0.1942642
498	C	0.402	0.1665125
499	A	-0.292	0.1514618
500	G	-0.116	0.1157736
501	G	0.163	0.08658981
502	T	0.244	0.06276184
503	G	0.123	0.06128328
504	T	-0.155	0.01650053
505	T	-0.100	-0.02890747
506	G	-0.132	-0.06874954
507	G	0.109	-0.07735573
508	A	-0.215	-0.05215748
509	A	-0.119	-0.02886391
510	T	0.034	-0.01677816
511	C	0.385	-0.00659185
512	G	-0.385	-0.00042685
513	T	-0.408	-0.01020435
514	A	-0.235	0.02484534
515	A	-0.429	0.03764396
516	G	0.286	0.06468746
517	C	0.536	0.07447857
518	T	0.438	0.08033161
519	T	0.286	0.08156111
520	C	-0.057	0.09301098
521	A	-0.256	0.1281913
522	G	0.428	0.169329
523	T	0.314	0.211317
524	G	0.216	0.2007513
525	A	0.037	0.1868625
526	C	0.127	0.1889653
527	T	0.405	0.1967527
528	T	-0.202	0.191957
529	C	0.154	0.2358653
530	C	0.423	0.2420037
531	T	0.241	0.2392254
532	G	0.117	0.2354419
533	G	0.314	0.2317495
534	G	0.471	0.2129224
535	T	0.410	0.1760907
536	G	-0.133	0.1965196
537	T	0.446	0.1633813
538	C	0.526	0.1148375
539	T	0.270	0.08893393
540	T	0.156	0.06958237
541	C	-0.021	0.03873393
542	A	-0.173	0.009253119
543	A	-0.184	0.003338431
544	T	0.124	0.02724637
545	G	-0.375	0.02162018
546	A	-0.353	0.01686899
547	C	-0.172	0.01214743
548	A	-0.192	0.02359249
549	A	-0.179	0.03274325
550	C	0	0.04653302
 551	C	0.316	0.06157573
552	A	0.248	0.07188473
553	C	0.355	0.1135164
554	C	0.450	0.1596132
555	G	0.194	0.1832492
556	C	0.339	0.2144834
557	T	0.124	0.252907
558	T	0.047	0.227935
559	G	0.056	0.1985117
560	G	0.289	0.2014675
561	C	0.290	0.1907187
562	T	0.383	0.1461082
563	C	0.205	0.1201807
564	A	0.307	0.09897242
565	G	0.435	0.1050684
566	T	-0.399	0.1047517
567	G	-0.154	0.1140758
568	C	0.296	0.06376118
569	A	0.184	0.07214274
570	T	-0.263	0.07249424
571	G	-0.220	0.08683505
572	G	0	0.07898174
 573	G	0.221	0.07825136
574	T	0.042	0.08812555
575	G	0.205	0.0923848
576	A	-0.515	0.08151649
577	G	0.424	0.08302836
578	G	0.389	0.119051
579	G	0.435	0.1437355
580	G	0.182	0.1622562
581	C	0.423	0.1617853
582	A	-0.241	0.1685316
583	A	-0.086	0.1532589
584	G	0.122	0.1533643
585	G	0.208	0.1174795
586	C	0.313	0.105007
587	T	0.174	0.08358501
588	G	0.296	0.06579876
589	G	0.214	0.02133864
590	T	0.150	0.03128072
591	G	-0.038	0.02368634
592	G	-0.513	0.03610541
593	A	-0.149	0.03832134
594	G	0.189	0.04142022
595	G	0.092	0.04891484
596	A	-0.102	0.03636306
597	G	-0.287	0.03329924
598	G	-0.082	0.05015449
599	G	-0.208	0.07162576
600	G	0.320	0.1284076
601	T	0.243	0.1517367
602	G	0.362	0.1692408
603	G	0.294	0.1941385
604	G	0.095	0.1825359
605	C	0.165	0.1888828
606	C	0.419	0.1921334
607	T	0.304	0.2191338
608	G	0.394	0.2250457
609	G	0.223	0.2248964
610	C	0.469	0.1836957
611	C	0.490	0.1386369
612	T	-0.288	0.1522233
613	A	-0.186	0.1628563
614	G	-0.030	0.1570751
615	G	0.223	0.1646097
616	G	0.415	0.166513
617	G	0.241	0.1776494
618	G	-0.296	0.1729578
619	A	-0.426	0.1667673
620	G	0.312	0.208854
621	C	0.335	0.2513046
622	C	0.327	0.2739657
623	C	0.425	0.2761338
624	C	0.425	0.2540918
625	C	0.402	0.2439564
626	T	0.394	0.2886072
627	C	0.391	0.3421909
628	C	0.385	0.3512712
629	T	0.493	0.3580646
630	C	0.332	0.3506996
631	A	0.258	0.3308982
632	C	0.062	0.3162286
633	G	0.079	0.3065323
634	C	0.418	0.3023707
635	T	0.430	0.2867874
636	C	0.458	0.2380577
637	C	0.444	0.187729
638	T	0.209	0.1562112
639	T	0.108	0.1162394
640	C	0.190	0.1023903
641	A	0.246	0.07704563
642	C	0.328	0.05925631
643	C	0.142	0.048967
644	T	-0.394	0.04649062
645	T	-0.312	0.02760956
646	T	-0.172	0.03490081
647	T	-0.380	0.02018562
648	T	-0.158	-0.01531756
649	T	-0.326	-0.04832631
650	G	0.133	-0.04315719
651	T	0.266	-0.02411588
652	C	0.418	0.01260494
653	C	0.142	0.02219344
654	C	0.326	0.05793919
655	A	-0.126	0.06844912
656	A	-0.377	0.06757681
657	G	-0.281	0.07220494
658	C	0.411	0.06695435
659	C	0.446	0.06506804
660	G	0.193	0.04140237
661	G	-0.158	0.005976369
662	G	0.399	-0.03173144
663	T	-0.212	-0.03532644
664	G	-0.172	0.001733619
665	A	-0.252	0.03235206
666	C	0.049	0.02893156
667	G	0.236	0.01910637
668	A	0.039	-0.003810381
669	A	-0.424	0.01990281
670	C	-0.277	0.01957756
671	A	-0.184	0.05696656
672	G	0.215	0.07853956
673	C	0.208	0.08319574
674	C	0.356	0.112333
675	A	0.289	0.1159913
676	G	-0.173	0.1174766
677	G	0.220	0.1697957
678	T	0.394	0.203474
679	C	0.385	0.2418119
680	T	0.172	0.2542785
681	G	-0.177	0.2518353
682	C	0.515	0.2258065
683	G	0.294	0.2315592
684	A	0.063	0.2547158
685	C	0.412	0.2531976
686	C	0.261	0.2512277
687	C	0.429	0.2542376
688	C	0.414	0.2681291
689	C	0.169	0.2916828
690	A	-0.060	0.2588173
691	G	0.381	0.2419281
692	G	0.196	0.2132524
693	G	0.196	0.1884438
694	A	0.363	0.1893427
695	C	0.433	0.1877421
696	T	0.394	0.1883389
697	G	0.198	0.2096525
698	C	-0.010	0.1876596
699	A	0.024	0.1430057
700	G	-0.395	0.1343345
701	A	0.015	0.1488181
702	C	0.276	0.1397464
703	C	0.403	0.1398316
704	C	0.424	0.1043882
705	T	0.510	0.09195121
706	G	-0.412	0.09176983
707	T	-0.332	0.05636896
708	T	0.058	0.07370258
709	C	0.428	0.08219398
710	T	0.217	0.09204379
711	T	0.435	0.08650941
712	G	-0.172	0.0825966
713	G	0	0.02987972
 714	A	-0.013	0.04079785
715	A	-0.542	0.06045726
716	A	-0.117	0.04129359
717	T	0.151	0.01124886
718	G	0.433	-0.02487439
719	C	0.314	-0.04482326
720	T	0.361	-0.008109388
721	A	-0.332	0.006905675
722	T	-0.237	0.009156213
723	T	-0.018	0.05215534
724	C	-0.248	0.0679059
725	A	-0.052	0.07323234
726	A	-0.360	0.05767171
727	G	0.115	0.05236109
728	C	0.414	0.05313003
729	T	0.240	0.09671384
730	G	0.022	0.135107
731	C	0.145	0.1527869
732	T	0.134	0.1929168
733	G	0.236	0.2214169
734	G	0.184	0.2707387
735	G	0.230	0.2625571
736	C	0.374	0.2303931
737	C	0.364	0.1959747
738	G	0.376	0.1890889
739	G	0.264	0.161443
740	G	0.393	0.1759403
741	G	0.403	0.188348
742	C	0.429	0.2037769
743	T	-0.015	0.2136447
744	T	-0.099	0.2157034
745	T	-0.310	0.2034583
746	G	-0.087	0.1886924
747	T	-0.296	0.1457062
748	G	0.366	0.08970881
749	C	0.435	0.04766768
750	C	0.431	0.01145424
751	C	0.387	0.004559287
752	T	0.407	0.01811079
753	C	0.168	0.04603023
754	C	0.140	0.08091956
755	A	-0.423	0.1039337
756	A	-0.502	0.08560667
757	G	-0.269	0.03760804
758	T	-0.150	0.01063692
759	T	-0.125	-0.02538114
760	A	0.117	-0.04206571
761	G	0.136	-0.04772407
762	C	0.470	-0.03992513
763	A	0.071	-0.02502144
764	C	0.072	0.007104731
765	A	-0.332	0.02703757
766	G	0	0.04001915
 767	G	-0.188	0.03737371
768	A	0.140	0.005877025
769	G	0.078	-0.02264923
770	G	0.265	-0.06855729
771	T	-0.184	-0.04840898
772	G	0.011	-0.07188333
773	A	0.049	-0.02583589
774	T	0.057	0.002319981
775	G	-0.167	-0.004789894
776	A	-0.386	-0.04440752
777	G	-0.320	-0.08172147
778	A	-0.263	-0.07176128
779	T	0.394	-0.03274447
780	T	-0.302	-0.02269314
781	C	0.403	-0.01333761
782	C	0.450	-0.00917425
783	T	-0.302	0.01964431
784	A	-0.493	0.03062781
785	A	-0.518	0.034159
786	C	0.424	0.03993744
787	C	0.439	0.03538087
788	T	0.172	0.05235751
789	G	0.199	0.05524539
790	G	0.123	0.03580882
791	A	0.293	0.06868745
792	G	-0.211	0.1134829
793	G	-0.263	0.1758944
794	A	-0.171	0.1692047
795	G	0.321	0.1676696
796	T	-0.031	0.1602165
797	C	0.450	0.1747071
798	G	0.139	0.1797196
799	G	0.223	0.1663541
800	C	0.223	0.1721094
801	G	0.479	0.1577341
802	C	0.317	0.1754562
803	T	0.415	0.1652061
804	C	0.053	0.1949784
805	C	0.431	0.1944274
806	C	0.204	0.2002715
807	G	0.079	0.1683491
808	G	-0.118	0.1640331
809	A	-0.493	0.1384599
810	A	0.112	0.1369033
811	C	0.157	0.1257591
812	G	0.445	0.1152679
813	C	0.441	0.08667137
814	A	0.233	0.06242293
815	G	-0.286	0.03973801
816	G	0.153	0.06145063
817	A	0.070	0.112234
818	C	0.292	0.1265508
819	A	0.236	0.1419238
820	C	-0.114	0.1286696
821	G	-0.026	0.1148274
822	A	-0.183	0.1211339
823	A	-0.283	0.1623613
824	G	0.228	0.1755489
825	C	0.318	0.1602992
826	C	0.341	0.1683575
827	C	0.403	0.1736317
828	A	0.233	0.1962848
829	G	0.219	0.2154313
830	C	0.333	0.2409031
831	C	0.372	0.2854835
832	G	0.364	0.2975354
833	C	-0.173	0.2967942
834	G	0.421	0.279587
835	G	0.321	-
836	G	0.247	-
837	C	0.280	-
838	C	0.223	-
839	C	0.429	-
840	C	0.421	-
841	G	0.307	-
842	G	0.066	-
