1	T	0.272	-
2	G	0.356	-
3	C	0.459	-
4	C	0.420	-
5	T	0.266	-
6	C	0.083	0.3416546
7	A	0.295	0.3168913
8	G	0.351	0.3218523
9	C	0.415	0.3001871
10	C	0.444	0.2221308
11	T	0.392	0.2233269
12	C	0	0.1734379
 13	C	0.411	0.1200847
14	C	0.221	0.06126627
15	G	-0.438	0.04593291
16	A	0.279	0.03196727
17	G	-0.464	0.03374409
18	G	-0.291	0.03374409
19	A	-0.295	0.007312273
20	G	0.246	-0.03909764
21	C	0.291	0.02128327
22	T	0.411	0.03387318
23	G	0	0.1156272
 24	G	0.120	0.1538927
25	G	-0.288	0.1914603
26	A	0.225	0.204696
27	C	0.417	0.1643419
28	C	0.434	0.1613956
29	G	0.129	0.18869
30	C	0.118	0.2077074
31	A	0.392	0.2723411
32	G	-0.152	0.2711207
33	G	0.379	0.2577469
34	C	0.300	0.2400675
35	G	0.329	0.2620973
36	C	0.422	0.2896946
37	C	0.212	0.2909891
38	G	0.270	0.3387539
39	C	0.239	0.3376561
40	C	0.371	0.3428975
41	A	0.421	0.3566196
42	C	0.406	0.3483654
43	C	0.372	0.3347912
44	A	0.367	0.3040184
45	C	0.357	0.2658122
46	G	0.480	0.2720651
47	C	0.331	0.2521136
48	A	0.062	0.2238492
49	G	-0.067	0.1855681
50	A	-0.180	0.1307482
51	G	0.440	0.1082676
52	G	0.202	0.1093906
53	T	0.095	0.06800985
54	A	-0.048	0.07805878
55	A	-0.235	0.06777225
56	T	0.110	0.09163089
57	T	0.493	0.09739316
58	T	-0.123	0.1082424
59	T	0.173	0.08044462
60	T	-0.181	0.07742953
61	G	0.082	0.08234444
62	T	0.503	0.03514344
63	A	0.321	-0.05112747
64	T	-0.210	-0.07216775
65	T	-0.081	-0.1320807
66	T	-0.181	-0.1327247
67	T	-0.408	-0.1484725
68	T	-0.455	-0.2119583
69	A	-0.355	-0.2742557
70	G	-0.485	-0.2728355
71	T	-0.188	-0.3089816
72	A	-0.091	-0.2709774
73	G	-0.194	-0.2117132
74	A	-0.363	-0.1611307
75	G	-0.194	-0.09071452
76	A	-0.479	-0.03112325
77	C	0.236	-0.0008989727
78	G	0.243	-0.03584064
79	G	0.100	-0.002199909
80	G	0.419	-0.01233791
81	G	0.169	0.024145
82	T	0.144	0.09429245
83	T	-0.475	0.09031709
84	T	0.175	0.102623
85	C	-0.475	0.07227855
86	A	0.206	0.009478636
87	C	0.292	0.01812773
88	C	0.192	0.03590891
89	G	0.378	0.1066285
90	T	-0.233	0.1173822
91	G	-0.271	0.1751861
92	T	0.264	0.1895867
93	C	0.339	0.204048
94	G	0.302	0.1616799
95	G	0.293	0.1145793
96	C	0.160	0.1093376
97	C	0.365	0.1014905
98	A	0.451	0.05518164
99	G	-0.273	0.005253636
100	G	-0.139	-0.002377182
101	A	-0.290	-0.02514988
102	T	-0.357	-0.006799336
103	G	-0.244	-0.001652245
104	G	-0.209	-0.04422003
105	T	0.218	0.01991815
106	C	0.043	0.07498206
107	T	0.362	0.1258599
108	C	0.421	0.1976174
109	C	-0.016	0.2598398
110	A	0.432	0.3021363
111	T	0.466	0.3230805
112	C	0.268	0.3076605
113	T	0.431	0.3009245
114	C	0.440	0.3067478
115	C	0.255	0.3460721
116	T	0.448	0.3319276
117	G	-0.126	0.330608
118	A	0.288	0.3369311
119	C	0.485	0.2997727
120	C	0.415	0.2703972
121	T	0.276	0.2122066
122	C	0.451	0.1729838
123	G	0.338	0.2143418
124	T	0.022	0.2007179
125	G	0.116	0.1777439
126	A	-0.384	0.1780283
127	T	0.017	0.1914291
128	C	0.328	0.182518
129	C	0.138	0.1909439
130	A	0.233	0.2249903
131	C	0.418	0.2294339
132	C	0.423	0.2808541
133	C	0.353	0.3114889
134	G	0.431	0.3140439
135	C	0.397	0.3373975
136	C	0.165	0.3577371
137	T	0.181	0.359526
138	C	0.354	0.3611862
139	G	0.356	0.3500369
140	G	0.395	0.3546416
141	C	0.456	0.3118585
142	C	0.438	0.2495022
143	T	0.442	0.1855737
144	C	0.231	0.1265535
145	C	0.481	0.066892
146	C	-0.073	0.01583291
147	A	-0.520	-0.02266192
148	A	-0.521	-0.03122783
149	A	-0.294	-0.03842646
150	G	-0.299	-0.0355301
151	T	-0.166	-0.06937846
152	G	0.033	-0.05456783
153	C	0.344	-0.0008106
154	T	0.363	0.09249104
155	G	0.262	0.1600437
156	G	0.109	0.2084915
157	G	0.089	0.2140355
158	A	0.071	0.2110076
159	C	0.504	0.179709
160	C	0.448	0.1569264
161	A	0.233	0.1690331
162	C	-0.105	0.1994929
163	A	0	0.1655352
 164	G	0	0.1321731
 165	G	0.112	0.07107991
166	C	0.396	0.04519191
167	G	0.444	0.06796018
168	T	-0.284	0.09418336
169	G	-0.295	0.08853877
170	A	-0.167	0.1216836
171	G	0.163	0.1335402
172	C	0.483	0.116368
173	C	0.183	0.07717576
174	A	-0.062	0.1345611
175	C	0.364	0.1937057
176	C	0.242	0.2454779
177	G	0.207	0.2694037
178	C	0.013	0.2263943
179	G	0.347	0.2324889
180	C	0.354	0.2685242
181	C	0.402	0.2464052
182	C	0.426	0.2009509
183	G	0.010	0.1558101
184	G	0.250	0.1746833
185	C	0.334	0.1725577
186	C	0.121	0.1787568
187	A	-0.257	0.1823954
188	A	-0.289	0.1795183
189	G	0.220	0.2156718
190	C	0.323	0.2071064
191	C	0.422	0.1711592
192	C	0.442	0.1912364
193	C	0.395	0.2377612
194	G	0.408	0.2826425
195	T	0.155	0.2959637
196	T	-0.061	0.2450071
197	C	0.342	0.2483824
198	A	0.254	0.1960076
199	C	0.204	0.1951777
200	T	0.367	0.1457963
201	G	-0.236	0.1475914
202	T	0.460	0.1922243
203	T	-0.134	0.1959559
204	T	0.385	0.1754329
205	T	-0.134	0.161638
206	C	0.175	0.1344643
207	C	0.429	0.1626693
208	T	0.383	0.1581579
209	C	0.028	0.1970846
210	A	0.052	0.2026294
211	C	0.068	0.2517365
212	T	0.073	0.2652598
213	C	0.410	0.2337905
214	C	0.294	0.1726853
215	G	0.446	0.1869328
216	C	0.405	0.2212578
217	T	0.324	0.2237424
218	T	0.083	0.2012889
219	C	-0.288	0.1800175
220	C	0.185	0.1238204
221	C	0.430	0.1206268
222	T	0.095	0.1211722
223	G	-0.173	0.1021063
224	G	0.176	0.1333544
225	G	-0.324	0.181805
226	T	0.411	0.1767641
227	G	0.411	0.1814626
228	G	0.114	0.1683138
229	T	0.427	0.1642418
230	G	0.243	0.1783398
231	C	0.130	0.2091928
232	T	0.481	0.183169
233	T	-0.048	0.1272106
234	G	-0.218	0.1447612
235	T	0.331	0.1329974
236	T	0.015	0.1399495
237	C	0.125	0.1668553
238	A	-0.204	0.143717
239	T	0.307	0.1865947
240	C	0.298	0.2440813
241	C	0.320	0.2267665
242	G	0.426	0.2407295
243	C	0.227	0.1961368
244	G	0.422	0.2237428
245	C	0.414	0.2045794
246	T	0.141	0.2146117
247	G	0.168	0.2243213
248	G	-0.364	0.2143845
249	A	0.099	0.2196145
250	G	0.096	0.2120054
251	G	0.408	0.2050018
252	C	0.427	0.2115631
253	T	0.316	0.22293
254	C	0.284	0.2916118
255	C	0.339	0.2913202
256	G	0.337	0.2901247
257	G	0.213	0.2721915
258	G	0.293	0.2415121
259	T	0.390	0.2504237
260	C	0.096	0.2558286
261	T	0.083	0.2627189
262	T	0.211	0.2070041
263	C	0.089	0.1996504
264	T	0.414	0.1862951
265	C	0.344	0.1806704
266	T	0.415	0.2104047
267	G	-0.275	0.2292923
268	T	0.132	0.2434992
269	G	0.147	0.2475999
270	T	0.328	0.2307025
271	C	0.423	0.2221051
272	C	0.291	0.1961472
273	T	0.367	0.2628031
274	C	0.134	0.2879865
275	T	0.228	0.2861467
276	T	0.249	0.2957083
277	C	0.129	0.2960017
278	C	0.457	0.2568512
279	T	0.409	0.2625655
280	G	0.126	0.2818467
281	C	0.433	0.292095
282	T	0.426	0.2871723
283	G	-0.139	0.2526055
284	C	0.430	0.2048445
285	T	0.346	0.1712033
286	G	0.341	0.1612418
287	T	0.195	0.1643889
288	T	-0.250	0.1680787
289	G	-0.067	0.212343
290	A	0.039	0.1814117
291	A	0.017	0.1278373
292	T	0.468	0.07211877
293	C	0.467	0.01418423
294	T	0.347	0.007692409
295	G	0.089	0.005776655
296	T	-0.242	0.03428505
297	T	-0.271	0.07420505
298	A	-0.441	0.04274995
299	G	-0.322	-0.002917709
300	A	-0.089	-0.02035562
301	G	0.352	-0.05168253
302	G	0.456	0.009466109
303	G	0.122	0.02690047
304	T	-0.035	0.1099547
305	G	0.156	0.1162994
306	A	-0.254	0.09935506
307	C	0.430	0.0360657
308	T	-0.079	-0.03038766
309	T	0.471	-0.04555708
310	T	-0.252	-0.01835615
311	G	-0.275	0.007483673
312	A	-0.343	0.03062985
313	A	-0.274	-0.01405676
314	C	-0.044	0.001371609
315	A	0.263	-0.02612985
316	C	0.440	0.02369825
317	T	0	0.08232006
 318	G	-0.061	0.1260342
319	G	0.090	0.156223
320	G	0.169	0.1723548
321	C	0.295	0.1231068
322	T	0.369	0.06573319
323	G	0.137	0.09459201
324	G	0.057	0.08786481
325	G	0.133	0.08084807
326	A	-0.277	0.0595076
327	G	-0.190	0.08128496
328	T	0.317	0.05558658
329	C	-0.135	0.03443359
330	A	0.013	0.06106852
331	T	-0.065	0.06955779
332	C	0.535	0.1262999
333	G	0.086	0.1799872
334	A	-0.095	0.1830788
335	C	0.350	0.2257808
336	T	0.226	0.2479762
337	G	0.346	0.2517823
338	C	0.399	0.2181979
339	C	0.351	0.2043621
340	C	0.334	0.1692047
341	C	0.257	0.1299571
342	T	-0.023	0.08256658
343	C	0.165	0.06359304
344	C	-0.065	-0.001977782
345	A	-0.481	-0.06195587
346	T	-0.081	-0.1113772
347	G	-0.294	-0.1178477
348	G	0.137	-0.1113941
349	A	-0.321	-0.1513653
350	G	-0.308	-0.1783184
351	A	-0.209	-0.1751927
352	C	0.186	-0.1678053
353	G	0.047	-0.125601
354	G	-0.273	-0.1147059
355	A	-0.361	-0.08547261
356	G	-0.447	-0.06981525
357	A	0	-0.04254725
 358	C	0.169	-0.06450312
359	G	0.257	-0.02805605
360	G	0	0.03069367
 361	A	-0.136	0.09121213
362	G	0.090	0.1603633
363	A	-0.055	0.1835634
364	C	0.448	0.1891559
365	T	0.372	0.2056421
366	C	0.303	0.2248232
367	C	0.313	0.273238
368	G	0.255	0.3031607
369	C	0.230	0.3469257
370	G	0.438	0.3270886
371	G	0.210	0.3061042
372	G	0.396	0.2486948
373	C	0.419	0.196504
374	G	0.425	0.1813129
375	C	0.230	0.1889894
376	C	0.141	-
377	G	-0.327	-
378	A	-0.260	-
379	G	0.088	-
380	G	0.315	-
