1	T	-0.434	-
2	T	-0.239	-
3	A	-0.402	-
4	A	-0.342	-
5	A	-0.201	-0.0487704
6	T	0.165	0.0442641
7	C	0.438	0.1057024
8	A	-0.180	0.1219772
9	T	0.443	0.1237727
10	T	0.267	0.114784
11	C	0.495	0.0741037
12	A	0.374	0.0647203
13	T	-0.239	0.1329847
14	T	-0.325	0.08479079
15	A	-0.291	0.1051065
16	T	-0.241	0.05555709
17	T	0.344	0.04031919
18	C	0.501	0.1123164
19	T	-0.038	0.1676493
20	T	0.470	0.1692626
21	T	0	0.1915582
 22	G	0.222	0.1262294
23	A	0.480	0.06163681
24	C	0.228	0.07219394
25	A	-0.274	0.00134704
26	T	-0.018	0.03525644
27	T	-0.309	-0.01406796
28	T	-0.143	-0.08815976
29	A	0.066	-0.09788446
30	T	-0.237	-0.03877346
31	T	0.339	-0.07904788
32	T	-0.271	-0.05090876
33	A	-0.260	-0.07505496
34	T	0.131	-0.03778828
35	T	0.316	-0.015083
36	G	-0.420	-0.0022839
37	A	-0.027	0.0747319
38	G	-0.385	0.09164668
39	T	0.439	0.03257778
40	A	-0.010	-0.03060392
41	C	0.467	-0.01922832
42	C	0.498	-0.06085574
43	T	-0.091	-0.03665284
44	A	-0.459	-0.1209304
45	A	-0.315	-0.1343821
46	A	-0.307	-0.1472535
47	A	-0.443	-0.1696651
48	T	-0.143	-0.1130698
49	A	-0.403	-0.0385806
50	T	-0.145	-0.0199519
51	G	0.338	-0.0227293
52	C	0.274	-0.0272336
53	C	0.474	-0.00672575
54	A	0.285	0.02936561
55	T	-0.129	0.03571004
56	T	-0.335	0.00663136
57	T	-0.488	-0.01237755
58	T	0.061	-0.01119145
59	C	-0.042	-0.03145496
60	A	-0.081	-0.03722726
61	T	0.047	0.03488734
62	C	0.084	0.1305532
63	C	0.486	0.1290269
64	T	0.082	0.1298151
65	A	-0.187	0.1833093
66	G	0.386	0.1940818
67	G	0.467	0.1795993
68	G	0.046	0.1291677
69	A	-0.034	0.1331502
70	C	0.453	0.1639568
71	T	0.155	0.103489
72	G	-0.060	0.04676069
73	A	-0.018	0.03861072
74	G	0.122	-0.00143469
75	G	0.120	-0.08206319
76	A	-0.218	-0.1516124
77	T	-0.099	-0.191552
78	T	-0.035	-0.2167972
79	C	-0.434	-0.278534
80	A	-0.353	-0.3068404
81	A	-0.540	-0.3324557
82	A	-0.459	-0.3435619
83	G	-0.270	-0.3111501
84	A	-0.494	-0.2591155
85	G	-0.162	-0.2154191
86	A	-0.474	-0.177812
87	A	-0.210	-0.1409919
88	C	0.289	-0.1337526
89	A	0.085	-0.08425957
90	G	0.083	-0.02599747
91	C	-0.164	0.05596823
92	A	-0.091	0.1170717
93	A	-0.198	0.1350443
94	T	0	0.123989
 95	C	0.420	0.160417
96	A	0.344	0.2240132
97	C	0.400	0.2207536
98	T	0.468	0.2170038
99	G	-0.025	0.1946659
100	C	0.448	0.1237507
101	C	0.471	0.06446797
102	A	-0.123	0.01390317
103	T	-0.235	-0.01531653
104	A	-0.223	0.0330125
105	A	-0.288	0.0327301
106	T	-0.247	0.0323553
107	G	-0.105	0.0912651
108	T	0.176	0.0792248
109	T	0.458	0.0749686
110	G	0.445	0.131903
111	C	0.468	0.1355925
112	T	0.465	0.1003264
113	T	-0.356	0.065922
114	A	-0.265	0.0370669
115	C	0.280	0.0432147
116	A	-0.210	-0.017197
117	T	-0.457	-0.0804376
118	A	-0.167	-0.006246
119	C	0.169	0.0076676
120	T	0.506	0.0034984
121	A	-0.136	0.03138081
122	G	-0.167	0.04368411
123	T	0.385	0.00836431
124	G	-0.126	-0.02752839
125	G	0.239	-0.1151682
126	A	0.067	-0.104118
127	G	-0.334	-0.1145591
128	A	-0.520	-0.1576296
129	A	-0.189	-0.1969216
130	T	-0.369	-0.2520077
131	G	-0.025	-0.2270367
132	A	-0.271	-0.209728
133	A	-0.044	-0.2047109
134	G	-0.519	-0.2382464
135	A	-0.311	-0.2554295
136	C	0.317	-0.2940664
137	A	-0.161	-0.2988503
138	A	-0.470	-0.3395506
139	A	-0.524	-0.3141427
140	A	-0.541	-0.3165709
141	A	-0.411	-0.4003454
142	G	-0.319	-0.3498682
143	A	-0.451	-0.2846669
144	T	-0.265	-0.2523956
145	A	-0.336	-0.2133836
146	A	-0.520	-0.2230196
147	C	0.342	-0.2224855
148	C	0.181	-0.2042222
149	G	-0.201	-0.2018564
150	T	-0.151	-0.2144505
151	A	-0.508	-0.1911748
152	A	-0.314	-0.2697892
153	G	-0.269	-0.3315485
154	A	-0.241	-0.3523236
155	A	-0.462	-0.3666539
156	A	-0.287	-0.3456153
157	T	-0.443	-0.2869635
158	A	-0.436	-0.2815982
159	T	-0.409	-0.2132773
160	A	-0.294	-0.2065857
161	A	-0.297	-0.2148332
162	T	0.272	-0.2176851
163	A	-0.215	-0.2147248
164	T	0.441	-0.2212816
165	G	-0.395	-0.2292517
166	T	-0.369	-0.2149093
167	T	-0.471	-0.2759928
168	A	-0.406	-0.2479533
169	A	-0.475	-0.3242196
170	A	-0.374	-0.3342065
171	C	-0.154	-0.3423212
172	A	-0.338	-0.3406254
173	G	0.064	-0.347048
174	A	-0.321	-0.3416891
175	A	-0.495	-0.3455884
176	A	-0.451	-0.374554
177	A	-0.454	-0.3028907
178	A	-0.470	-0.289947
179	A	-0.421	-0.2040704
180	A	-0.413	-0.1077347
181	A	-0.444	-0.0355183
182	T	0.378	0.01955093
183	T	0.194	0.04599183
184	C	0.537	0.08814843
185	T	0.468	0.11015
186	T	0.271	0.1184695
187	C	0.095	0.07278657
188	A	-0.206	0.03559127
189	G	0	-0.06743783
 190	G	-0.193	-0.1235843
191	A	-0.360	-0.1789952
192	T	-0.078	-0.1371086
193	A	-0.177	-0.1595509
194	A	-0.492	-0.1506328
195	T	-0.093	-0.131296
196	G	-0.282	-0.06594395
197	T	0.514	-0.01185829
198	T	-0.430	0.01424362
199	T	0.089	0.02792582
200	A	0	0.00128345
 201	C	0.292	-0.01892745
202	C	0.462	-0.07040965
203	T	0.083	-0.00785565
204	G	-0.356	0.02892681
205	A	-0.359	0.03059074
206	A	-0.485	0.00279059
207	G	0	-0.06190181
 208	T	0.194	-0.117337
209	G	0.457	-0.133761
210	G	0.016	-0.1464137
211	A	0.014	-0.1425137
212	G	-0.184	-0.1764769
213	A	-0.471	-0.2414203
214	A	-0.520	-0.3377357
215	A	-0.486	-0.3405285
216	A	-0.446	-0.3045307
217	G	-0.339	-0.2391931
218	A	-0.454	-0.1996993
219	A	-0.506	-0.1912416
220	A	-0.011	-0.192037
221	G	0.374	-0.1802339
222	G	0.468	-0.1909022
223	A	-0.076	-0.1856198
224	G	-0.435	-0.1822383
225	A	-0.494	-0.1887336
226	A	-0.328	-0.2120456
227	A	-0.446	-0.2273256
228	A	-0.401	-0.2277426
229	T	-0.472	-0.152853
230	A	-0.076	-0.1079615
231	T	0.141	-0.06014129
232	G	0.315	-0.05543639
233	G	-0.080	-0.06967919
234	G	0.313	-0.07700089
235	G	-0.045	-0.07465166
236	A	0.150	-0.04166266
237	T	-0.399	-0.09772086
238	A	-0.544	-0.1069839
239	A	-0.545	-0.1739312
240	A	-0.052	-0.2090694
241	C	0.471	-0.2395399
242	G	-0.244	-0.2019021
243	T	-0.172	-0.1679878
244	G	-0.356	-0.09606269
245	A	-0.396	-0.09763763
246	A	-0.154	-0.1223958
247	C	-0.022	-0.06710933
248	T	-0.205	-0.00301873
249	A	0.173	0.06137507
250	T	-0.068	0.08845787
251	C	0.223	0.1244375
252	C	0.308	0.0924421
253	C	0.467	0.1156182
254	A	0.287	0.09289429
255	G	-0.125	0.09774419
256	T	0.205	0.06365499
257	T	-0.342	0.04469379
258	T	0.026	-0.01688111
259	T	-0.053	-0.05347422
260	A	-0.02	-0.07087772
261	G	-0.117	-0.08110762
262	A	0.118	-0.07791252
263	T	-0.147	-0.04551856
264	T	-0.078	-0.02153281
265	T	-0.299	-0.0294769
266	T	0.102	-0.0057533
267	G	-0.310	-0.0052573
268	T	0.350	0.0530955
269	A	0.186	0.1066796
270	T	-0.099	0.1824815
271	C	0.120	0.2083209
272	A	0.123	0.2688095
273	G	0.435	0.2266
274	T	0.457	0.1801499
275	C	0.458	0.1521174
276	T	0.361	0.1197934
277	G	0.293	0.1165352
278	C	-0.071	0.04493878
279	A	-0.278	-0.01008503
280	A	-0.379	-0.06496744
281	A	-0.203	-0.125548
282	G	0.091	-0.1619959
283	T	-0.280	-0.1945644
284	A	-0.092	-0.1830744
285	T	-0.090	-0.1728481
286	T	-0.244	-0.1559445
287	T	-0.070	-0.1681615
288	A	-0.397	-0.0974609
289	A	-0.163	-0.04345979
290	A	-0.277	-0.06407998
291	G	-0.034	-0.06427248
292	T	-0.031	-0.1040423
293	T	0.426	-0.01705813
294	T	0.447	0.02704387
295	T	-0.296	0.05311099
296	T	-0.246	0.08549923
297	A	-0.468	0.1303742
298	C	0.472	0.1313274
299	C	0.277	0.1174647
300	A	-0.016	0.1652952
301	A	0.289	0.2328496
302	C	0.417	0.2480204
303	T	0.436	0.2052184
304	G	0.308	0.1774446
305	G	0.181	0.1473123
306	C	0.429	0.1173042
307	A	-0.316	0.1176714
308	A	0.044	0.09084948
309	A	0	0.07166428
 310	T	-0.318	0.05039861
311	G	-0.010	0.05535381
312	C	0.421	0.1341522
313	A	0.168	0.1222705
314	C	0.116	0.09091842
315	T	-0.031	0.08324362
316	A	0.478	0.03404352
317	C	0.471	-0.05436898
318	T	-0.074	-0.09986908
319	A	-0.313	-0.1482645
320	A	-0.394	-0.1723507
321	A	-0.502	-0.2736259
322	T	-0.462	-0.3326697
323	A	-0.286	-0.3332048
324	G	-0.367	-0.2991518
325	T	-0.271	-0.2879549
326	A	-0.534	-0.279714
327	A	-0.118	-0.2753493
328	G	-0.079	-0.2417138
329	C	0.027	-0.1641859
330	A	-0.282	-0.09399935
331	A	-0.419	0.00303575
332	A	-0.419	0.03243765
333	T	0.049	0.05041431
334	T	0.408	0.00597457
335	C	0.429	-0.00431973
336	T	0.436	0.01450547
337	G	0.175	0.08043347
338	G	0.100	0.0544931
339	T	-0.417	-0.0278721
340	A	-0.385	-0.1157034
341	A	-0.231	-0.1593318
342	G	0.240	-0.1880301
343	T	-0.209	-0.1555399
344	G	-0.415	-0.0790616
345	A	-0.448	-0.0616536
346	A	0	-0.0779459
 347	T	-0.111	-0.1364621
348	C	0.425	-0.1510442
349	A	0.347	-0.0708278
350	G	-0.211	-0.0099774
351	G	-0.394	0.0308454
352	A	-0.345	0.03405956
353	A	-0.355	0.02807226
354	C	0.386	-0.03584074
355	A	0.160	-0.04187444
356	G	0.408	-0.04271864
357	G	-0.079	-0.05437754
358	G	0.365	-0.06697724
359	T	-0.291	-
360	A	-0.272	-
361	T	-0.402	-
362	A	-0.461	-
363	A	-0.481	-
