1	A	0.293	-
2	C	0.144	-
3	C	0.317	-
4	A	-0.451	-
5	A	-0.454	-
6	A	-0.527	-
7	A	-0.225	-
8	C	0.439	-0.0841804
9	T	-0.280	-0.1129194
10	A	0.338	-0.1007903
11	T	-0.341	-0.1313129
12	A	-0.399	-0.1064329
13	T	0	-0.1031454
 14	A	-0.316	-0.101084
15	G	0.200	-0.09646564
16	A	-0.137	-0.1335696
17	G	0.326	-0.129708
18	G	-0.140	-0.1360166
19	A	-0.078	-0.1062564
20	G	-0.405	-0.1009078
21	A	-0.496	-0.09735333
22	A	-0.155	-0.1048035
23	A	-0.116	-0.1181765
24	G	-0.222	-0.1326859
25	T	0.244	-0.1227695
26	A	0.104	-0.1118249
27	G	-0.319	-0.08024463
28	G	0.053	-0.04687733
29	A	-0.428	-0.04469993
30	C	0	-0.06511553
 31	A	-0.355	-0.08216987
32	A	0.475	-0.07995753
33	C	0.023	-0.08247233
34	T	0.395	-0.1022029
35	T	0.095	-0.09178433
36	T	-0.463	-0.05980171
37	A	-0.462	-0.05099778
38	G	-0.372	-0.06977451
39	A	-0.189	-0.05641151
40	A	0.206	-0.09816611
41	G	-0.191	-0.1270935
42	T	-0.163	-0.1796346
43	T	0.533	-0.2087481
44	T	-0.296	-0.196919
45	A	-0.281	-0.1738448
46	T	-0.154	-0.1543181
47	G	-0.150	-0.1166777
48	A	-0.410	-0.1304506
49	G	-0.393	-0.1444405
50	A	-0.341	-0.1579524
51	T	-0.286	-0.2222621
52	G	-0.116	-0.2290215
53	A	-0.079	-0.2374208
54	C	0.375	-0.2548048
55	A	0	-0.2673709
 56	T	-0.401	-0.2538793
57	G	-0.365	-0.2534623
58	A	-0.431	-0.2517849
59	A	-0.397	-0.242097
60	A	-0.407	-0.2244838
61	A	-0.415	-0.2191627
62	T	-0.339	-0.2646415
63	G	-0.208	-0.2858677
64	A	-0.386	-0.2828532
65	G	-0.316	-0.2858538
66	A	-0.141	-0.2925288
67	C	0.148	-0.2806098
68	A	0	-0.270224
 69	T	-0.306	-0.2753407
70	G	-0.318	-0.2619558
71	A	-0.355	-0.2205937
72	A	-0.410	-0.1772803
73	A	-0.531	-0.1266113
74	A	-0.219	-0.1078272
75	C	-0.251	-0.09052913
76	A	-0.492	-0.07778993
77	A	-0.138	-0.04718047
78	T	0.412	0.0007632
79	C	0.262	0.040321
80	C	0.443	0.04254673
81	A	0.140	0.05351073
82	G	0.407	0.09928793
83	G	0.191	0.1462491
84	G	0.152	0.2045386
85	G	0.400	0.2006661
86	C	0.237	0.1549419
87	A	-0.377	0.1145894
88	A	-0.367	0.06956347
89	C	0.467	0.03395287
90	G	0.452	-0.019856
91	T	0.382	-0.06017787
92	G	-0.196	-0.08826207
93	A	-0.273	-0.1364583
94	G	-0.342	-0.1433304
95	A	-0.231	-0.1356931
96	A	-0.393	-0.1333948
97	T	-0.399	-0.1467011
98	A	-0.413	-0.1753002
99	T	-0.268	-0.1690501
100	A	-0.322	-0.1388337
101	T	0.134	-0.1042788
102	A	-0.262	-0.07943657
103	T	-0.332	-0.05648184
104	T	0.267	-0.05676531
105	T	0.023	-0.04719997
106	C	0.475	-0.03261511
107	A	0.256	0.01598129
108	G	0.244	0.06708603
109	T	0.030	0.05289525
110	G	0.112	0.05204772
111	G	-0.397	0.06418872
112	A	-0.256	0.06571919
113	A	-0.194	0.09360829
114	C	0.460	0.08697889
115	C	0.444	0.08947743
116	A	-0.078	0.100881
117	T	-0.275	0.1232022
118	G	-0.150	0.1368531
119	T	0.290	0.1759018
120	C	0.441	0.2255085
121	C	0.376	0.2527422
122	T	0.294	0.2488584
123	C	0.415	0.2528226
124	T	0.365	0.2930668
125	G	0.317	0.2912059
126	C	0.188	0.2798153
127	C	0.488	0.2626359
128	A	0.213	0.239951
129	T	0.401	0.2435806
130	C	0.503	0.2538263
131	C	0.525	0.236688
132	A	-0.303	0.2212618
133	T	-0.321	0.1961842
134	A	0.033	0.2083366
135	G	0.101	0.2056373
136	C	0.430	0.220407
137	T	0.447	0.2175481
138	G	0.158	0.188823
139	T	0.133	0.1270024
140	C	-0.058	0.124502
141	A	0.370	0.119755
142	T	0.447	0.1027642
143	C	0.435	0.07027645
144	C	0.358	0.04154665
145	A	0.072	-0.00978728
146	G	-0.402	-0.03407641
147	A	-0.341	-0.05533921
148	A	-0.392	-0.01916698
149	A	-0.221	-0.06603098
150	A	-0.385	-0.06920545
151	T	0	-0.1187379
 152	A	-0.322	-0.1649814
153	T	-0.205	-0.1905615
154	T	-0.185	-0.1926637
155	T	0.484	-0.2004127
156	A	-0.332	-0.181713
157	T	0.399	-0.1407436
158	T	-0.307	-0.089434
159	G	-0.334	-0.07487627
160	A	-0.310	-0.03393053
161	A	-0.433	-0.0168849
162	T	-0.457	0.01718663
163	A	-0.112	-0.02176823
164	C	0.392	-0.0070877
165	C	0.383	-0.003749767
166	C	0.218	0.04041137
167	A	0.291	0.07451777
168	C	0.050	0.07234983
169	T	0.325	0.0913873
170	A	-0.100	0.08942903
171	C	-0.112	0.06845537
172	T	0.449	0.0219221
173	C	0.354	-0.02750683
174	T	0.176	-0.06987037
175	A	-0.343	-0.08226283
176	T	-0.148	-0.0935218
177	T	-0.486	-0.1435984
178	A	-0.426	-0.1625227
179	G	-0.305	-0.1735189
180	A	-0.357	-0.1760373
181	A	-0.417	-0.1945148
182	A	0.106	-0.2396084
183	A	-0.118	-0.2441965
184	T	-0.425	-0.2693201
185	G	-0.384	-0.2444406
186	A	-0.277	-0.188453
187	T	0.412	-0.1368966
188	C	0.077	-0.08588171
189	A	-0.499	-0.03242605
190	T	-0.412	-0.02292098
191	A	-0.524	0.01416202
192	A	-0.113	0.06672055
193	C	0.412	0.1184222
194	T	0.468	0.1647146
195	C	0.407	0.1662027
196	T	0.384	0.1939417
197	C	0.248	0.2262734
198	C	0.437	0.2455876
199	T	0.363	0.2793682
200	C	0.391	0.263021
201	C	0.417	0.2636412
202	C	0.434	0.2051945
203	T	0.493	0.1751624
204	C	-0.014	0.1575758
205	T	-0.122	0.112102
206	T	-0.018	0.1094617
207	A	-0.358	0.1005032
208	C	0.422	0.09885744
209	A	-0.408	0.1020648
210	T	-0.042	0.04784557
211	T	0.120	-0.01101009
212	A	-0.433	-0.02977738
213	T	0.397	-0.01353398
214	C	0.228	-0.01231917
215	C	0.366	0.03194323
216	A	0.465	-0.01061451
217	T	-0.378	0.02838096
218	T	-0.389	0.038603
219	A	-0.296	0.06024053
220	T	0.121	0.112172
221	T	0	0.1110062
 222	T	0.305	0.07200253
223	G	-0.216	0.05004237
224	G	0.176	0.007158107
225	A	0.110	0.02192277
226	C	0.445	0.03023731
227	C	0.345	0.04244671
228	T	0.380	0.00668364
229	G	-0.356	-4.933333e-07
230	A	0.037	-0.05429916
231	G	-0.178	-0.01294616
232	G	-0.157	-0.05426309
233	T	-0.264	-0.05984299
234	A	-0.112	-0.1042191
235	A	-0.415	-0.1395877
236	A	-0.100	-0.1909979
237	A	-0.509	-0.1845573
238	T	0.404	-0.1744528
239	G	-0.443	-0.1611651
240	T	0.026	-0.1637805
241	T	-0.220	-0.1612722
242	G	-0.185	-0.1343435
243	A	-0.390	-0.1344651
244	A	-0.259	-0.157267
245	T	0.188	-0.1584512
246	C	0.021	-0.2194088
247	G	-0.196	-0.1938273
248	A	-0.227	-0.2067369
249	T	0.290	-0.2159761
250	C	-0.416	-0.1989244
251	A	-0.442	-0.1668201
252	A	-0.527	-0.1592303
253	A	-0.510	-0.1595189
254	A	-0.059	-0.1343398
255	G	-0.166	-0.09755685
256	T	-0.358	-0.08337555
257	A	0.070	-0.06949481
258	T	0.090	-0.02814408
259	T	-0.145	-0.02460735
260	T	0.184	-0.01198435
261	C	0.398	0.001898387
262	T	0.355	-0.01394517
263	C	-0.014	0.0002642333
264	A	0.499	0.04444797
265	C	0.203	0.06885986
266	A	-0.389	0.07505598
267	T	-0.337	0.1109554
268	T	-0.301	0.1093362
269	T	-0.297	0.1158124
270	T	0.046	0.08614889
271	T	0.304	0.06517605
272	G	0.436	0.02373425
273	G	0.183	-0.02161788
274	T	0.392	0.006075327
275	C	0.160	0.00716966
276	T	0.495	0.02527013
277	T	-0.089	0.03964649
278	T	-0.328	0.05169562
279	A	-0.122	0.01725355
280	T	-0.476	-0.01966898
281	T	0.026	-0.04614685
282	T	-0.321	-0.1001694
283	G	-0.030	-0.1317727
284	A	-0.081	-0.1783832
285	T	0.227	-0.1671917
286	G	-0.212	-0.1677363
287	G	-0.116	-0.1305637
288	A	-0.213	-0.06733148
289	A	-0.417	-0.03783095
290	A	-0.313	-0.02987522
291	A	-0.203	-0.05577089
292	T	0.078	-0.08639545
293	G	-0.337	-0.1277114
294	C	0.435	-0.1383194
295	T	0.471	-0.1422638
296	C	0.468	-0.1147059
297	A	-0.201	-0.08083059
298	A	-0.418	-0.07289406
299	T	-0.540	-0.07657193
300	A	-0.392	-0.06615474
301	A	-0.371	-0.04368161
302	A	-0.176	-0.1041576
303	T	0.199	-0.1629115
304	T	0.090	-0.2140117
305	G	-0.194	-0.1975276
306	G	-0.258	-0.1405779
307	A	0.234	-0.08392353
308	C	0	-0.03341926
 309	A	-0.471	0.009616873
310	A	-0.409	0.02362387
311	T	-0.297	-0.00053766
312	T	0.045	-0.00015436
313	C	0.435	0.01807651
314	A	0.308	0.05022751
315	C	0.364	0.06584738
316	T	0.273	0.03178665
317	G	0.034	0.03728871
318	G	-0.162	0.07780991
319	A	0.096	0.1269769
320	C	0.078	0.1412806
321	T	0.223	0.09011057
322	T	0.468	0.04223303
323	G	-0.510	-0.0128753
324	A	-0.389	-0.05049863
325	G	0.198	-0.05045613
326	C	0.439	-0.007044593
327	T	0.259	0.00330278
328	T	-0.332	0.008470907
329	A	-0.409	0.01936671
330	A	-0.461	-0.01407942
331	G	-0.290	0.00168758
332	A	0.034	0.007981247
333	T	0.488	-0.02685329
334	C	0.251	-0.03693729
335	T	0.156	-0.07312855
336	A	0.387	-0.05608375
337	C	-0.032	-0.00340988
338	T	-0.274	0.03341521
339	A	-0.295	0.04260461
340	T	-0.324	0.02716404
341	T	0.288	-0.03363856
342	G	-0.283	-0.03988269
343	A	-0.076	-0.07191829
344	T	0.380	-0.1194929
345	T	0.090	-0.1255451
346	G	-0.152	-0.1218073
347	A	-0.196	-0.09840562
348	T	-0.423	-0.08887215
349	A	0.157	-0.1300399
350	T	-0.324	-0.08983075
351	T	-0.326	-0.06739936
352	A	-0.123	-0.06245463
353	T	-0.218	-0.06218616
354	T	0.055	-0.04554587
355	A	-0.181	-0.04481427
356	T	-0.329	-0.01658701
357	T	0.320	-0.04220494
358	T	0.259	-0.04951674
359	C	0.454	-0.02128327
360	A	0.094	-0.03425553
361	T	0.096	-0.05104813
362	G	-0.185	-0.08642428
363	T	0	-0.1066663
 364	A	-0.226	-0.1126799
365	T	-0.433	-0.16493
366	T	0.097	-0.2074425
367	C	-0.318	-0.2274359
368	A	-0.470	-0.2592484
369	A	-0.474	-0.2350049
370	A	-0.485	-0.1879194
371	A	-0.419	-0.1740027
372	A	-0.463	-0.1525518
373	A	-0.377	-0.09289815
374	T	0.155	-0.07200089
375	A	-0.382	-0.03738682
376	C	0.460	0.00784058
377	T	0.520	0.0386943
378	T	0.208	0.09532383
379	A	0.095	0.1334856
380	C	0.460	0.1981867
381	T	0.410	0.2141515
382	G	0.200	0.2047241
383	A	0.208	0.2107742
384	G	-0.011	0.153211
385	C	0.364	0.1111345
386	A	0.153	0.07132461
387	C	0.506	0.0548771
388	T	-0.138	0.0156739
389	T	0.013	-0.01978523
390	A	-0.291	-0.05050663
391	G	-0.402	-0.0433437
392	T	-0.110	-0.01311309
393	A	-0.388	-0.01600822
394	T	-0.151	-0.04315675
395	A	-0.127	-0.06067609
396	T	-0.121	-0.06764595
397	G	-0.259	-0.1006004
398	C	0.315	-0.06898607
399	C	0.441	-0.0076864
400	A	0.320	-0.00752
401	G	-0.254	0.0253228
402	A	0.244	0.0590376
403	T	-0.242	0.1001113
404	A	-0.480	0.1071171
405	C	0.182	0.1003869
406	T	0.516	0.05537181
407	G	-0.108	0.0207113
408	T	0.104	0.0224285
409	T	0.354	0.05938517
410	C	0.488	0.06412517
411	T	-0.016	0.1074507
412	A	-0.360	0.1684112
413	G	-0.359	0.1692581
414	A	-0.078	0.1697424
415	C	0.346	0.1600897
416	A	0.300	0.1416668
417	C	0.315	0.08329637
418	C	0.407	0.03642623
419	T	0.433	0.03249533
420	G	0.195	0.02641327
421	G	0.523	0.01665967
422	G	-0.253	-0.01258696
423	A	-0.172	-0.03695973
424	T	-0.521	-0.06666299
425	A	-0.214	-0.09490893
426	C	-0.075	-0.1320802
427	A	-0.452	-0.1901848
428	A	-0.505	-0.2357257
429	A	-0.517	-0.3011434
430	A	-0.018	-0.3132747
431	G	-0.145	-0.3344594
432	A	-0.108	-0.3293509
433	G	-0.150	-0.3234133
434	A	-0.437	-0.2921647
435	T	-0.487	-0.263567
436	A	-0.457	-0.2016515
437	A	-0.435	-0.13562
438	A	-0.489	-0.1141864
439	A	-0.444	-0.1187295
440	T	-0.125	-0.07909838
441	T	0.393	-0.09520231
442	T	-0.023	-0.08054491
443	C	0.422	-0.04801938
444	C	0.473	0.01380269
445	T	0.302	0.07065735
446	G	-0.213	0.09422055
447	T	0.485	0.09988669
448	T	-0.392	0.103884
449	G	-0.217	0.09496263
450	T	0	0.1103141
 451	C	0.469	0.1128535
452	A	0.417	0.09715194
453	T	-0.136	0.06508941
454	G	-0.359	0.1075732
455	A	-0.065	0.1022913
456	G	0.259	0.1579411
457	C	0.207	0.1878938
458	T	0.460	0.2105483
459	T	0.237	0.1652417
460	T	-0.178	0.1077089
461	C	0.423	0.08770167
462	C	0.406	0.07711114
463	T	0.442	0.0642278
464	T	0.231	0.04770378
465	C	0.339	0.06114265
466	T	-0.209	0.03635873
467	A	-0.445	0.0064226
468	G	-0.436	0.002988467
469	A	-0.518	-0.051989
470	A	-0.258	-0.1019527
471	G	0.011	-0.1425121
472	G	0.408	-0.1285
473	G	0.089	-0.1298767
474	A	-0.211	-0.1019301
475	A	-0.229	-0.04080273
476	A	-0.400	0.008632733
477	G	-0.342	0.0194534
478	A	-0.165	0.0560504
479	C	0.441	0.04041602
480	A	0.319	0.01527889
481	G	0.209	-0.01959106
482	G	0.471	-0.006253033
483	C	0.305	-0.003055833
484	A	-0.356	-0.002803367
485	A	0.290	0.0005632333
486	T	-0.222	-0.01696623
487	G	0.031	-0.08137457
488	A	-0.433	-0.1261808
489	A	-0.011	-0.1598117
490	C	-0.181	-0.2242229
491	A	-0.397	-0.2686166
492	A	-0.292	-0.2755484
493	A	-0.428	-0.3235036
494	T	-0.524	-0.3401632
495	A	-0.352	-0.3694572
496	A	-0.294	-0.3753566
497	G	-0.494	-0.3631144
498	T	-0.360	-0.3226379
499	A	-0.460	-0.2877555
500	A	-0.428	-0.2513287
501	A	-0.472	-0.1919096
502	A	-0.407	-0.1303157
503	T	-0.522	-0.0954178
504	A	0.172	-0.07809387
505	C	0.425	-0.07448907
506	A	0.126	-0.07932634
507	G	0.254	-0.07710721
508	C	0.462	-0.06541987
509	A	0.399	-0.04923861
510	T	0.170	-0.04602974
511	T	-0.035	-0.02199121
512	T	-0.440	-0.01279507
513	T	-0.433	-0.00952154
514	A	-0.427	-0.03604114
515	A	-0.253	-0.08233454
516	A	-0.229	-0.1092717
517	T	-0.359	-0.1630822
518	G	-0.161	-0.1891909
519	A	0.310	-0.1917112
520	C	0.474	-0.1353267
521	A	-0.271	-0.1084837
522	A	-0.440	-0.07849094
523	T	0.058	-0.05483641
524	A	-0.407	-0.05730381
525	A	-0.221	-0.01964061
526	G	-0.072	-0.01747721
527	T	0.405	-0.06542421
528	G	-0.030	-0.129193
529	C	0.022	-0.1391185
530	T	0.101	-0.1452777
531	A	-0.266	-0.1739099
532	C	0.205	-0.1710405
533	A	-0.129	-0.1774137
534	G	-0.408	-0.1995639
535	A	-0.482	-0.2561654
536	A	-0.420	-0.2864154
537	A	-0.532	-0.3104965
538	A	-0.370	-0.3030122
539	T	-0.364	-0.2566863
540	G	-0.316	-0.2591885
541	A	-0.405	-0.2650673
542	A	-0.443	-0.2572184
543	A	-0.484	-0.2521893
544	A	-0.338	-0.1955394
545	G	0.213	-0.1311477
546	C	0.428	-0.08166987
547	A	0.167	-0.030147
548	G	-0.217	0.0088024
549	G	-0.290	0.0160166
550	A	-0.406	0.04799947
551	C	0.429	0.08717727
552	T	0.433	0.07410294
553	G	0.371	0.06496829
554	G	0.408	0.00769876
555	G	0.267	-0.01164757
556	G	-0.296	0.01218896
557	A	0.036	0.04493349
558	C	0.103	0.09168903
559	A	-0.534	0.07669083
560	A	0.076	0.07527329
561	G	-0.430	0.07823803
562	G	-0.122	0.06308723
563	A	0.140	0.05392509
564	C	0.200	0.08365876
565	T	0.294	0.08246456
566	G	0.204	0.08030525
567	C	0.412	0.08546951
568	T	0.415	0.04679129
569	T	0.180	0.09654663
570	G	0.130	0.1287788
571	G	0.149	0.150001
572	A	0.018	0.1265325
573	G	0.070	0.09765416
574	A	-0.456	0.06018276
575	A	-0.503	0.005563827
576	G	0.315	-0.04831251
577	G	0.361	-0.07260317
578	T	0.458	-0.1057872
579	T	-0.151	-0.1397143
580	G	-0.138	-0.1679232
581	T	-0.357	-0.2014181
582	A	-0.407	-0.1921348
583	A	-0.392	-0.1898969
584	T	-0.183	-0.2165782
585	T	-0.367	-0.2683756
586	T	-0.359	-0.3279699
587	T	-0.405	-0.3101723
588	A	-0.431	-0.3146714
589	A	-0.317	-0.2842786
590	A	-0.469	-0.2671552
591	T	-0.084	-0.2476262
592	A	-0.415	-0.2100094
593	A	-0.435	-0.1665546
594	A	0.115	-0.1241947
595	G	-0.206	-0.1132106
596	T	0.098	-0.08442978
597	G	-0.150	-0.09740258
598	G	-0.099	-0.1015134
599	T	0.380	-0.1213795
600	C	0.284	-0.07736435
601	A	0.275	-0.02949982
602	G	-0.240	-0.006223553
603	G	0	0.03697485
 604	A	-0.512	0.05745146
605	A	-0.531	0.06549051
606	A	-0.382	0.09251172
607	G	0.244	0.08572625
608	G	0.282	0.07950892
609	C	0.464	0.07347532
610	C	0.441	0.09607704
611	A	0.405	0.1117438
612	C	-0.029	0.1354464
613	A	0.305	0.193979
614	C	0.278	0.2429211
615	G	0.190	0.248027
616	G	0.185	0.2270175
617	A	0.098	0.1712866
618	C	0.235	0.1093866
619	A	-0.156	0.08237124
620	A	0.346	0.05087712
621	G	0.351	0.04654319
622	G	0.320	0.04789279
623	T	-0.032	0.03982831
624	G	-0.371	0.01280617
625	A	-0.486	-0.02274808
626	T	0	-0.06025728
 627	G	-0.502	-0.08265875
628	T	0.240	-0.1411231
629	T	0.299	-0.1988632
630	G	0.069	-0.2464481
631	G	-0.220	-0.2199
632	A	-0.434	-0.2230797
633	G	-0.327	-0.1753245
634	A	-0.492	-0.1464871
635	A	-0.530	-0.1301076
636	A	-0.514	-0.1702238
637	A	-0.392	-0.2085258
638	G	0.365	-0.2152592
639	A	-0.419	-0.23127
640	T	0.229	-0.2314453
641	C	0.432	-0.2376354
642	T	-0.256	-0.23442
643	G	-0.360	-0.22376
644	A	-0.275	-0.2086822
645	A	-0.031	-0.1557929
646	A	-0.460	-0.2161242
647	G	-0.437	-0.1987134
648	A	-0.420	-0.2313549
649	A	-0.444	-0.2623145
650	A	-0.370	-0.2340327
651	T	-0.288	-0.206031
652	C	0.400	-0.1779578
653	A	-0.539	-0.1817367
654	A	-0.158	-0.1442367
655	A	-0.259	-0.08585794
656	G	-0.031	-0.05504427
657	T	0.167	-0.004172273
658	T	0.059	0.04341013
659	T	0.145	0.04394593
660	G	-0.087	-0.01617461
661	C	0.102	0.05020499
662	A	0.438	0.08333386
663	C	0.041	0.130636
664	C	0.318	0.1306864
665	A	0.343	0.1064131
666	T	-0.280	0.1128362
667	G	-0.501	0.1248696
668	T	0.456	0.1521838
669	G	0.338	0.1781199
670	G	0.449	0.1378788
671	T	-0.031	0.1350976
672	T	-0.196	0.09732109
673	A	0.155	0.04403135
674	T	0.326	0.08446395
675	C	0.321	0.125371
676	T	0.491	0.09495722
677	G	-0.165	0.07905542
678	T	0	0.05222774
 679	G	-0.248	0.07200739
680	A	-0.456	0.1164821
681	G	0.325	0.138318
682	A	0.112	0.1404281
683	G	0	0.1224426
 684	G	0.100	0.086702
685	C	0.047	0.1059633
686	G	0.265	0.1154757
687	T	0.470	0.1221473
688	C	0.483	0.1785574
689	T	0.357	0.1756901
690	T	0.052	0.1728329
691	C	-0.044	0.1574546
692	C	0.123	0.1344536
693	A	0.142	0.1194846
694	G	-0.148	0.07276406
695	G	0.389	0.02773326
696	G	0.282	-0.04002114
697	A	0.069	-0.05593067
698	G	-0.230	-0.03170003
699	A	-0.244	-0.002474953
700	G	-0.177	0.01927031
701	A	-0.435	0.02688231
702	G	-0.204	0.0005319133
703	G	-0.533	-0.04495695
704	A	0.119	-0.06204519
705	C	0.415	-0.05608023
706	C	0.393	-0.02317383
707	C	0.449	-0.004670613
708	T	0.256	-0.008002147
709	G	-0.543	0.01544656
710	A	-0.292	0.02027363
711	G	0.026	0.06709523
712	G	0.158	0.08628069
713	C	0.262	0.06052545
714	G	0.032	0.06013818
715	G	-0.227	0.06212965
716	G	-0.083	0.01222665
717	A	-0.132	0.07505951
718	G	0.169	0.0919941
719	G	0.406	0.1031671
720	G	0.029	0.08743969
721	T	0.387	0.07545564
722	G	0.479	0.06469102
723	T	-0.491	0.07066069
724	T	0.399	0.05532165
725	T	-0.038	0.08131038
726	G	0.194	0.08586245
727	A	-0.077	0.05790815
728	T	0.083	0.04072139
729	G	-0.128	-0.01093061
730	T	-0.137	-0.03608867
731	G	-0.313	-0.02852681
732	T	0.257	-0.06684401
733	T	0.237	-0.07365833
734	C	-0.012	-0.0845169
735	T	-0.228	-0.07442225
736	A	-0.387	-0.05490806
737	G	0.102	-0.02863219
738	T	-0.378	0.005002207
739	A	-0.175	0.04287834
740	A	-0.140	0.03290134
741	C	0.031	0.02857614
742	A	0.074	0.01051977
743	G	0.375	0.04101051
744	C	0.265	0.09209477
745	C	0.366	0.09398044
746	A	0.254	0.1235302
747	G	0.107	0.1139978
748	G	0.172	0.1347722
749	A	-0.283	0.1522508
750	G	0.228	0.1606753
751	G	0.379	0.1638511
752	C	0.130	0.1767628
753	T	0.064	0.1644864
754	A	-0.318	0.1416173
755	G	0.170	0.1176537
756	T	0.293	0.07783388
757	G	0.200	0.06971121
758	C	0.423	0.01951381
759	C	0.459	0.01058488
760	C	0.182	0.01701268
761	A	-0.088	0.01111699
762	T	-0.251	0.02758873
763	A	-0.424	0.0465038
764	G	-0.405	0.05540087
765	A	-0.524	0.04123973
766	A	0.245	-0.01377581
767	C	0.227	-0.06809401
768	C	-0.023	-0.1072119
769	A	-0.071	-0.1286205
770	C	0.454	-0.1262233
771	A	0.427	-0.1068847
772	T	-0.011	-0.05570568
773	G	-0.401	-0.04559615
774	A	-0.355	-0.07333748
775	A	-0.404	-0.1192219
776	T	-0.409	-0.1079056
777	A	-0.215	-0.1318332
778	A	-0.134	-0.1561179
779	C	0.362	-0.1609862
780	A	-0.372	-0.1778202
781	G	-0.170	-
782	T	-0.461	-
783	A	0.146	-
784	T	-0.430	-
785	G	0.090	-
786	T	0.353	-
787	G	-0.264	-
