1	C	0.241	-
2	A	-0.183	-
3	G	-0.374	-
4	A	0.014	-
5	C	0.438	-
6	T	0.454	-
7	C	-0.042	-
8	A	0.113	0.1752789
9	C	0.094	0.1824215
10	A	-0.235	0.1982568
11	G	0.401	0.2296644
12	C	0.459	0.2481946
13	C	0.435	0.239036
14	T	0.436	0.237497
15	C	0.375	0.2644983
16	C	0.348	0.2827246
17	C	0.054	0.2961067
18	A	0.096	0.3324201
19	T	0.292	0.3158723
20	C	0.300	0.3096764
21	C	0.431	0.2806707
22	C	0.362	0.2791029
23	C	0.386	0.2807105
24	T	0.295	0.2760833
25	C	0.309	0.302288
26	C	0.153	0.3056773
27	A	0.366	0.3002887
28	G	0	0.3094181
 29	C	0.413	0.2972287
30	C	0.399	0.29819
31	C	0.279	0.2962515
32	C	0.447	0.2902389
33	A	0.147	0.2984981
34	G	0.211	0.3011476
35	C	0.437	0.2671687
36	C	0.248	0.2806031
37	C	0.376	0.2835311
38	A	0.357	0.2896026
39	C	0.205	0.2546076
40	C	0.433	0.2432677
41	T	0.193	0.2080771
42	G	-0.143	0.2035671
43	A	0.201	0.1973409
44	C	0.456	0.1704277
45	C	0.490	0.1651335
46	T	-0.245	0.1686085
47	A	0.276	0.1825949
48	C	-0.380	0.1831763
49	A	0.144	0.1844555
50	T	0.344	0.2237727
51	C	-0.155	0.2422219
52	A	0.297	0.2407645
53	G	0.409	0.2127943
54	C	0.415	0.2368957
55	C	0.442	0.2234177
56	A	0.212	0.2536796
57	C	0.446	0.2180342
58	C	0.478	0.2105086
59	T	0.435	0.2066638
60	T	0.070	0.1657008
61	C	0.116	0.1133602
62	T	0.074	0.1107198
63	G	0.073	0.06874045
64	A	-0.390	0.06990598
65	T	0.231	0.07265391
66	T	-0.212	0.02425198
67	G	-0.317	0.01071758
68	A	-0.375	-0.001326953
69	T	0.375	-0.02621355
70	T	-0.187	-0.05726076
71	C	0.229	-0.0773484
72	T	0.487	-0.05646279
73	G	-0.247	-0.04596026
74	T	0.232	-0.002242327
75	T	-0.109	0.04775001
76	T	-0.257	0.09715614
77	T	-0.390	0.09623901
78	T	-0.227	0.09370741
79	T	-0.077	0.09398241
80	C	0.389	0.03070974
81	C	0.443	0.01176334
82	T	0.432	-0.04032206
83	G	0.365	-0.05897959
84	G	0.361	-0.02549246
85	G	-0.225	0.03034547
86	G	0.233	0.07611827
87	A	-0.461	0.0959056
88	A	-0.531	0.06414894
89	A	-0.549	0.004240273
90	A	-0.389	-0.05907679
91	G	0.245	-0.1192405
92	G	0.446	-0.1478414
93	C	0.458	-0.1372478
94	C	0.219	-0.1302507
95	A	-0.087	-0.08535482
96	A	-0.455	-0.02841349
97	A	-0.516	0.009913353
98	A	-0.536	0.05354209
99	A	-0.067	0.01804742
100	G	-0.066	0.01559535
101	C	0.338	0.001787487
102	C	0.212	0.00739922
103	A	0.322	0.03502188
104	T	0.025	0.09458281
105	C	0.264	0.1385557
106	T	-0.287	0.182808
107	A	0.409	0.1682814
108	G	0.251	0.1536993
109	G	0.303	0.1419162
110	C	0.327	0.1567157
111	C	0.437	0.1603633
112	T	0.142	0.1885099
113	C	0.126	0.1679256
114	A	-0.285	0.1981174
115	A	-0.285	0.2047405
116	C	0.162	0.208867
117	C	0.434	0.2214071
118	C	0.376	0.2268614
119	C	0.447	0.2264766
120	A	-0.044	0.2287358
121	G	0.165	0.2508876
122	C	0.509	0.2476509
123	A	0.313	0.2729048
124	T	0.491	0.2735836
125	C	0.408	0.2758696
126	T	0.432	0.2757436
127	C	0.176	0.2678781
128	T	0.459	0.294792
129	G	-0.333	0.3095541
130	A	0.093	0.2636424
131	A	0.172	0.2084615
132	C	0.468	0.1975376
133	C	0.374	0.1976017
134	T	0.329	0.1873429
135	C	0.359	0.2028395
136	T	0.386	0.1871831
137	G	-0.179	0.2383799
138	A	-0.513	0.2608983
139	C	0.327	0.2670525
140	C	0.409	0.2644216
141	C	0.278	0.2715386
142	A	0.409	0.2449241
143	G	0.224	0.2084784
144	C	0.434	0.2059357
145	C	0.431	0.2279174
146	C	0.264	0.2818445
147	T	0.428	0.2744163
148	G	0.481	0.2745497
149	G	-0.069	0.2409637
150	A	-0.187	0.1866689
151	C	0.348	0.1511577
152	T	0.150	0.1082963
153	T	0.294	0.09510405
154	C	0.216	0.0821911
155	C	0.411	0.0843907
156	A	-0.225	0.07466097
157	A	-0.405	0.09148145
158	A	-0.308	0.1275356
159	T	-0.208	0.1194792
160	T	0.233	0.1398108
161	T	0.070	0.1449397
162	C	0.461	0.1568194
163	A	0.335	0.1662026
164	G	0.182	0.1795857
165	A	0.353	0.2158256
166	C	0.227	0.248581
167	T	0.455	0.2476581
168	T	0.371	0.2634425
169	C	0.394	0.2873477
170	T	0.552	0.2837127
171	T	-0.024	0.2834914
172	T	0.138	0.3013276
173	C	0.182	0.2815617
174	A	-0.222	0.2572141
175	G	0.470	0.2398664
176	C	0.429	0.2449032
177	T	0.407	0.231327
178	C	0.332	0.2223184
179	C	0.450	0.2522584
180	T	0.057	0.2459697
181	G	-0.137	0.2625842
182	C	0.195	0.2914805
183	T	0.447	0.2517122
184	T	0.190	0.220904
185	C	0.417	0.2006613
186	T	0.424	0.2085412
187	T	0.043	0.1721843
188	C	0.432	0.1818632
189	G	0.211	0.1808493
190	T	-0.126	0.1666362
191	C	-0.032	0.1288246
192	A	0.103	0.1014027
193	C	0.450	0.09626627
194	A	-0.094	0.06875347
195	G	0.202	0.08334244
196	G	-0.152	0.04774817
197	T	-0.018	0.05994557
198	A	-0.119	0.08571937
199	C	-0.220	0.107399
200	A	0.340	0.1303943
201	C	0.011	0.1219288
202	C	0.262	0.1422159
203	A	-0.101	0.1498297
204	G	0.393	0.1899186
205	G	0.260	0.213201
206	G	0.292	0.2248291
207	C	0.448	0.2676071
208	A	0.323	0.2597243
209	T	0.209	0.2589575
210	C	0.316	0.236187
211	C	0.448	0.2144267
212	A	0.331	0.1615515
213	G	0.054	0.1189565
214	C	0.421	0.08962739
215	A	0.222	0.04776619
216	C	0	0.02699167
 217	A	-0.078	-0.008437533
218	T	-0.428	-0.016954
219	T	-0.399	-0.02066713
220	G	-0.378	-0.0175338
221	A	-0.147	0.007455467
222	T	-0.179	-0.006832467
223	T	0.012	0.0058196
224	T	-0.321	-0.004650533
225	G	0.188	0.02241741
226	T	0.393	0.07591421
227	C	0.378	0.1206405
228	C	0.429	0.1690098
229	C	0.207	0.2061935
230	C	0.412	0.245925
231	A	-0.157	0.2243402
232	C	0.327	0.2102466
233	T	0.374	0.1612016
234	C	0.271	0.1477619
235	G	0.346	0.1422579
236	C	0.410	0.1412887
237	C	0.416	0.143663
238	T	-0.311	0.1240189
239	T	-0.533	0.1622429
240	A	-0.546	0.1701875
241	G	0.191	0.1710937
242	C	0.295	0.1776631
243	C	0.414	0.1837791
244	T	0.242	0.1830359
245	G	0.117	0.1714394
246	T	0.416	0.2257888
247	C	0.446	0.2733043
248	T	0.387	0.3137842
249	C	0.370	0.2911613
250	C	0.438	0.298536
251	T	0.399	0.2926774
252	G	0.242	0.2878278
253	C	0.503	0.3023334
254	C	0.179	0.2609184
255	A	0.060	0.2610332
256	C	-0.147	0.2539094
257	A	0.406	0.2604518
258	G	0.327	0.2617756
259	T	0.169	0.2144727
260	T	0.334	0.2086676
261	G	-0.204	0.1397624
262	T	0.448	0.1278034
263	C	0.281	0.1299444
264	T	0.468	0.1366288
265	C	0.458	0.1021315
266	A	-0.310	0.10187
267	T	0.155	0.09906312
268	T	-0.530	0.04234579
269	T	0	0.04178745
 270	T	0.092	-0.01478555
271	G	-0.047	-0.02362161
272	G	-0.111	-0.06184455
273	T	0.323	-0.06368808
274	G	0.127	-0.01198181
275	A	-0.515	-0.02235748
276	A	-0.213	0.02130392
277	G	-0.400	0.02238574
278	T	0.148	0.02744965
279	G	-0.104	0.04246889
280	C	0.430	0.06283462
281	G	0.465	0.02516949
282	T	0	0.01437349
 283	G	0.124	0.04589111
284	T	0.016	0.08128037
285	C	0.168	0.1213503
286	C	0.177	0.137396
287	A	0.194	0.1707034
288	G	-0.241	0.1674334
289	A	-0.034	0.1429444
290	T	-0.043	0.1458115
291	T	0.317	0.1189776
292	T	0.200	0.1367908
293	C	0.389	0.1430452
294	C	0.394	0.1587772
295	C	0.381	0.170498
296	C	0.097	0.2154942
297	A	0.043	0.246597
298	T	-0.277	0.2509944
299	G	0.283	0.2560868
300	C	0.262	0.2703137
301	T	0.413	0.2636444
302	C	0.370	0.2391994
303	C	0.433	0.2362408
304	C	0.432	0.2107546
305	A	0.022	0.1951184
306	G	0.393	0.2398855
307	C	0.413	0.2118249
308	T	0.289	0.1878422
309	G	0.028	0.1331494
310	C	0.337	0.1188069
311	A	-0.284	0.1025015
312	A	-0.191	0.1044275
313	C	0.393	0.1292556
314	A	-0.137	0.1247614
315	T	-0.097	0.1069399
316	G	-0.406	0.07386073
317	G	0.154	0.04590849
318	A	0.188	0.003473953
319	T	0.461	-0.01288858
320	C	0.395	-0.02516711
321	T	0.326	-0.06976531
322	G	0.146	-0.06478752
323	T	-0.207	-0.03647594
324	G	-0.391	0.003284927
325	A	-0.299	-0.03394267
326	A	-0.529	-0.06419347
327	A	-0.375	-0.1140231
328	G	-0.275	-0.1198363
329	A	-0.062	-0.1400658
330	C	0.327	-0.1251911
331	A	0.189	-0.1291601
332	G	-0.403	-0.0969931
333	T	-0.265	-0.1015185
334	A	-0.286	-0.08648763
335	C	0.308	-0.09630437
336	A	0.023	-0.109843
337	G	0.369	-0.1383277
338	C	-0.266	-0.1755261
339	A	0.091	-0.2071197
340	G	-0.367	-0.1700734
341	A	-0.304	-0.1702034
342	A	-0.522	-0.1448677
343	A	-0.478	-0.139585
344	A	-0.490	-0.1325529
345	G	-0.230	-0.1552922
346	T	-0.284	-0.127059
347	A	0.152	-0.1449268
348	T	-0.267	-0.09927007
349	T	0.093	-0.05224147
350	C	0.387	0.00812866
351	A	0.128	0.05729259
352	C	0.028	0.109777
353	A	0.156	0.1528788
354	T	-0.176	0.1974273
355	C	0.317	0.1960156
356	C	0.401	0.2376178
357	T	0.382	0.2298015
358	G	0.259	0.2081061
359	G	0.297	0.2230379
360	C	0.415	0.2166401
361	T	0.384	0.2312895
362	C	0.130	0.2711022
363	T	0.356	0.2799978
364	C	-0.023	0.2625115
365	T	0.061	0.2609443
366	C	0.352	0.2654535
367	T	-0.067	0.2712844
368	G	0.376	0.2422643
369	C	0.420	0.1905243
370	C	0.451	0.1865569
371	C	0.138	0.1627643
372	T	0.359	0.1967961
373	T	0.326	0.2179217
374	C	0.384	0.2097928
375	A	-0.019	0.1941582
376	T	-0.392	0.1396511
377	T	0.071	0.07588737
378	G	0	0.01131617
 379	T	0.487	0.00767226
380	C	0.378	0.01348126
381	T	0.230	0.02120006
382	T	-0.301	0.02756686
383	T	-0.440	0.04266236
384	A	-0.536	0.05890136
385	A	-0.517	0.02588042
386	G	0.084	-0.007725047
387	C	0.446	-0.05167958
388	T	0.442	-0.05787318
389	C	0.480	-0.07454849
390	T	0.206	-0.06344163
391	T	-0.148	-0.01848809
392	T	-0.423	0.04507897
393	A	-0.504	0.1066288
394	A	-0.172	0.08677949
395	C	0.285	0.04441202
396	A	-0.019	0.003035553
397	A	-0.135	-0.04626625
398	C	0.233	-0.03076831
399	T	0.417	-0.006556047
400	T	0.405	0.002593687
401	T	-0.213	0.04030593
402	T	-0.189	0.02554239
403	A	-0.177	0.0005532067
404	C	-0.259	-0.00172354
405	T	0.439	0.01293348
406	T	0.214	-0.01975365
407	G	-0.286	-0.07381165
408	G	0.061	-0.1285006
409	A	-0.393	-0.1438996
410	G	-0.088	-0.1576945
411	A	-0.053	-0.1593975
412	G	0.084	-0.161039
413	G	-0.256	-0.2143223
414	A	-0.393	-0.2122909
415	A	-0.414	-0.2113149
416	A	-0.444	-0.1891433
417	A	-0.396	-0.1454122
418	C	-0.203	-0.107066
419	A	-0.284	-0.09261798
420	A	-0.359	-0.1210701
421	C	0.245	-0.1168255
422	T	-0.271	-0.1093667
423	A	0.394	-0.05432947
424	T	0.262	-0.02884573
425	C	0.486	-0.02904613
426	T	0.163	-0.04142667
427	A	-0.342	-0.0367342
428	G	-0.193	-0.02412727
429	A	-0.281	-0.04425843
430	C	0.411	0.002777773
431	A	-0.062	-0.00209936
432	G	-0.399	0.00794644
433	G	-0.389	-0.01186636
434	A	-0.213	-0.02093413
435	A	-0.170	-0.005024193
436	C	-0.056	0.005424013
437	A	0.433	0.05180808
438	C	0.321	0.02919688
439	G	0.412	0.02714896
440	G	0.189	0.02777749
441	A	0.027	0.03295336
442	G	-0.103	0.05063099
443	C	-0.036	0.08960452
444	A	0.414	0.1103255
445	G	0.071	0.1118736
446	C	-0.093	0.1032043
447	A	-0.389	0.04735908
448	G	-0.311	0.008797813
449	A	0.051	-0.00912442
450	G	0.413	-0.02071742
451	G	0.254	-0.02080125
452	G	0.456	-0.05826511
453	A	0.190	-0.05858336
454	G	-0.424	-0.03268917
455	A	-0.389	0.005192027
456	A	-0.241	0.05621536
457	A	-0.277	0.06543113
458	T	-0.037	0.06966387
459	T	-0.147	0.0541454
460	G	0.067	-0.0046518
461	T	0.295	9.233333e-05
462	G	0.178	0.0513116
463	T	0.453	0.1113678
464	C	0.189	0.1590343
465	T	0.477	0.1823576
466	T	0.021	0.1781758
467	T	-0.425	0.1695644
468	A	0.262	0.1724795
469	C	0.343	0.1843921
470	T	0.511	0.1548022
471	G	0.473	0.1388738
472	A	0.072	0.1569426
473	T	-0.100	0.1613374
474	T	-0.276	0.1526708
475	T	0.110	0.1641748
476	C	0.474	0.1220246
477	A	-0.265	0.06977464
478	G	0.214	0.01946344
479	T	0.460	-0.01943856
480	C	0.543	-0.02097885
481	A	-0.108	-0.02198585
482	A	-0.252	0.02424209
483	T	-0.370	0.03627782
484	T	-0.440	-0.00168436
485	A	-0.243	0.01601091
486	T	-0.110	-0.01798136
487	T	0.049	-0.03393963
488	G	-0.115	-0.03708316
489	C	0.416	-0.001930027
490	A	0.291	0.01620121
491	G	-0.095	0.04511833
492	T	0	0.08098239
 493	G	-0.295	0.08361179
494	A	0.221	0.08976363
495	C	0.496	0.1119781
496	C	0.418	0.1490473
497	A	0.019	0.1429253
498	C	0.063	0.1321351
499	A	0.097	0.1519447
500	T	-0.203	0.1652356
501	G	-0.018	0.1728136
502	T	0.382	0.1838228
503	C	0.440	0.1671019
504	T	0.324	0.1444872
505	C	0.129	0.1664191
506	A	0.201	0.1880975
507	G	0.199	0.1708539
508	G	-0.181	0.1547149
509	A	0.386	0.1516785
510	G	0.245	0.1415318
511	T	0.079	0.1259222
512	G	0.348	0.1238125
513	T	0.388	0.1447372
514	T	-0.160	0.1483756
515	G	-0.445	0.1167049
516	A	-0.063	0.1073726
517	T	0.230	0.06140959
518	G	0.206	0.01263172
519	T	0.293	0.00041526
520	C	0.443	-0.02280754
521	C	0.256	-0.03606941
522	A	-0.275	-0.024067
523	G	-0.321	0.02849473
524	A	-0.302	0.05436887
525	T	-0.486	0.03901427
526	G	-0.103	0.03721641
527	A	0	0.01767994
 528	G	0.189	0.008078007
529	G	0.019	0.02234387
530	G	0.342	0.06030914
531	C	0.324	0.09478514
532	T	0	0.09602281
 533	G	0.179	0.09931774
534	A	0	0.07182454
 535	C	0.299	0.03767321
536	C	0.470	-0.00470846
537	C	0.293	-0.005318733
538	A	0.195	-0.01642453
539	T	-0.284	-0.008856533
540	G	-0.436	0.0164572
541	A	-0.516	0.01317813
542	A	-0.512	0.001422333
543	A	-0.445	-0.01853933
544	G	0.010	-0.0702188
545	G	0.176	-0.1034753
546	T	0.438	-0.1110071
547	C	0.379	-0.1114705
548	A	0.130	-0.1066015
549	G	-0.176	-0.1011905
550	C	0	-0.09097646
 551	A	-0.304	-0.09342906
552	A	-0.205	-0.1158481
553	G	0.082	-0.143634
554	G	-0.291	-0.1504235
555	A	-0.363	-0.1644455
556	A	-0.435	-0.1911818
557	A	-0.359	-0.1680805
558	A	-0.482	-0.1712447
559	A	-0.326	-0.1238877
560	G	-0.240	-0.08426847
561	G	0.336	-0.05840795
562	A	0.169	-0.06729701
563	G	-0.270	-0.05251255
564	G	0.170	-0.04235075
565	A	-0.047	-0.03115895
566	C	0.405	0.009287787
567	C	0.389	0.04203265
568	T	0.470	0.08250085
569	A	-0.424	0.06853665
570	A	-0.142	0.08221685
571	A	-0.282	0.1151987
572	C	-0.191	0.1242229
573	T	0.124	0.1557815
574	T	0.164	0.1432379
575	T	0.366	0.1468003
576	C	0.126	0.08774
577	C	0.374	0.09852873
578	T	0.223	0.1147952
579	C	0.305	0.1524245
580	G	0.425	0.1624287
581	G	0.217	0.1234368
582	T	0.442	0.1038321
583	T	-0.415	0.09926859
584	T	-0.262	0.09451597
585	G	0.101	0.03932957
586	C	0.281	-0.00617256
587	A	-0.041	-0.05873469
588	A	-0.460	-0.1214651
589	G	-0.129	-0.1705594
590	T	0.297	-0.2326166
591	T	0.055	-0.241441
592	G	-0.453	-0.2024671
593	T	-0.458	-0.1804688
594	A	-0.482	-0.1662976
595	A	-0.515	-0.1459572
596	A	-0.519	-0.1114244
597	A	-0.488	-0.109303
598	G	-0.547	-0.1466564
599	A	0.321	-0.157848
600	C	0.431	-0.1552903
601	C	0.494	-0.1247065
602	C	0.263	-0.1102873
603	A	0.057	-0.06818005
604	T	-0.097	-0.009782053
605	G	-0.262	0.05654295
606	G	-0.112	0.07990501
607	A	-0.414	0.05103695
608	A	0	0.04451488
 609	T	-0.266	-0.001602387
610	G	0.116	-0.03474612
611	C	0.356	-0.04287341
612	C	0.506	-0.00568448
613	A	-0.197	0.03340992
614	A	-0.111	0.05063679
615	C	0.334	0.09323172
616	T	-0.197	0.1012202
617	A	-0.233	0.1358913
618	T	-0.064	0.1622035
619	C	0.460	0.1431837
620	C	0.323	0.1348822
621	T	0.145	0.140034
622	T	0.224	0.1582547
623	G	0.119	0.1494905
624	T	0.253	0.1525616
625	C	0.511	0.1537019
626	C	0.071	0.1890506
627	A	0.382	0.1783748
628	T	-0.119	0.1504984
629	G	0.162	0.157554
630	G	0.202	0.1154861
631	A	-0.151	0.1125872
632	C	-0.216	0.1075218
633	A	0.465	0.1039865
634	T	0.300	0.09317579
635	G	-0.094	0.05506279
636	T	0.251	0.05005766
637	G	-0.406	0.06745613
638	G	0.076	0.07732673
639	A	0.177	0.07257606
640	C	0.458	0.1099898
641	A	-0.090	0.1071147
642	G	-0.189	0.09891173
643	A	-0.194	0.130639
644	C	0.423	0.1138529
645	T	0.350	0.1705689
646	G	-0.222	0.1823325
647	T	0.345	0.1994399
648	C	0.422	0.1931022
649	C	0.177	0.2073129
650	A	0.381	0.2261175
651	G	0	0.2435756
 652	T	0.443	0.2034924
653	G	0.252	0.1678023
654	G	0.434	0.2147237
655	C	0.363	0.2103473
656	T	0.122	0.1821881
657	A	0.092	0.1389618
658	T	0.066	0.1312715
659	C	-0.178	0.1203362
660	A	-0.184	0.08665875
661	T	0.481	0.08542082
662	C	0.279	0.04014369
663	A	0	0.04759095
 664	A	-0.471	0.06782475
665	T	0.266	0.07295301
666	T	-0.164	0.06111101
667	T	-0.061	0.07817767
668	T	0.234	0.1137343
669	G	-0.245	0.05115307
670	C	0.474	0.05252053
671	A	0.426	0.0317498
672	T	0.169	0.0492528
673	C	-0.110	0.03242377
674	T	0.077	0.02331651
675	A	0.348	0.0049641
676	T	-0.457	-0.01065117
677	T	0.300	2.552667e-05
678	T	-0.311	-0.02046587
679	G	-0.208	-0.01298101
680	T	0.013	-0.005336473
681	A	-0.300	-0.01761087
682	A	-0.336	-0.0339352
683	A	0	-0.05236096
 684	T	-0.084	0.00272644
685	T	0.167	0.00627584
686	C	0.538	0.05391564
687	T	0.284	0.08594811
688	A	-0.294	0.1177577
689	T	-0.166	0.1703276
690	G	0.072	0.2024296
691	T	0.368	0.2050521
692	C	0.353	0.2255812
693	A	0.403	0.2506293
694	G	0.271	0.2202152
695	C	0.491	0.1848256
696	A	0.487	0.1688995
697	T	0.144	0.2002656
698	T	0.039	0.1882497
699	C	0.223	0.1757165
700	C	0.543	0.1826633
701	T	0.082	0.1818603
702	A	-0.246	0.1939459
703	T	-0.533	0.1493541
704	T	0.303	0.1312645
705	G	-0.107	0.1514563
706	T	0.180	0.1567375
707	C	0.457	0.1115821
708	C	0.390	0.06157612
709	T	0.453	0.04312107
710	A	-0.177	0.0884716
711	G	0.216	0.1545275
712	C	0.447	0.1641745
713	T	0.118	0.1761234
714	A	-0.454	0.1958754
715	T	-0.206	0.1981306
716	G	-0.194	0.1918264
717	C	0.433	0.1849995
718	G	0.457	0.191749
719	T	0.448	0.1669283
720	G	0.071	0.1272475
721	G	0.477	0.1030963
722	C	0.491	0.1162715
723	A	0.296	0.09424121
724	T	0.350	0.07691981
725	T	-0.076	0.04273268
726	T	-0.155	0.03898175
727	T	-0.147	0.03369175
728	T	-0.243	0.05992983
729	A	-0.256	0.05860823
730	A	-0.537	0.0258565
731	T	-0.454	-0.01445423
732	T	-0.079	-0.0378429
733	C	0.400	-0.03884849
734	T	0.368	-0.01571996
735	C	0.464	0.02072931
736	C	0.457	0.06507344
737	T	0	0.1072846
 738	T	-0.308	0.1431066
739	T	0	0.1867608
 740	G	-0.091	0.2199343
741	G	0.191	0.2186364
742	G	0.399	0.1912553
743	C	0.421	0.1432088
744	T	0.376	0.09437818
745	G	0	0.1209021
 746	G	0.200	0.1470027
747	T	0.418	0.1726901
748	T	0.381	0.1889566
749	G	-0.041	0.1736473
750	T	-0.255	0.1443189
751	A	-0.275	0.1240058
752	G	0.397	0.07334884
753	C	0.083	0.1000342
754	A	0.385	0.09781311
755	T	0.152	0.07841324
756	C	-0.038	0.05652767
757	T	-0.040	0.0787354
758	T	0.116	0.104345
759	A	-0.383	0.1509706
760	C	0.400	0.1546125
761	T	0.167	0.174826
762	G	0.127	0.181748
763	G	0.053	0.1917254
764	T	0.291	0.2259823
765	T	0.128	0.2239862
766	C	0.424	0.1993224
767	C	0.452	0.2066576
768	C	0.386	0.1546795
769	T	0.489	0.1155547
770	C	0.301	0.09189241
771	A	0.475	0.07887638
772	T	-0.070	0.04968458
773	T	-0.253	0.02134338
774	A	-0.273	-0.03107082
775	A	-0.379	-0.06541491
776	T	-0.419	-0.09118011
777	T	-0.227	-0.102439
778	A	-0.142	-0.1149688
779	A	-0.146	-0.1739481
780	T	-0.296	-0.189233
781	G	-0.362	-0.2034501
782	A	-0.062	-0.2141361
783	A	0	-0.2153084
 784	C	0.320	-0.194608
785	T	0.114	-0.1966892
786	A	-0.409	-
787	A	-0.299	-
788	A	-0.466	-
789	T	-0.433	-
790	A	-0.396	-
791	A	-0.109	-
792	A	-0.258	-
