1	T	0.428	-
2	C	0.430	-
3	T	0.448	-
4	G	0.468	-
5	G	0.091	-
6	A	-0.320	-
7	A	-0.111	-
8	A	-0.322	-0.04601217
9	A	-0.423	-0.08274437
10	T	-0.275	-0.0861633
11	A	-0.404	-0.1080298
12	A	-0.290	-0.1467655
13	A	-0.456	-0.1568138
14	T	0.156	-0.1367286
15	T	-0.107	-0.1504463
16	T	-0.122	-0.1031802
17	A	0.379	-0.04863999
18	C	0.120	-0.04362606
19	T	-0.112	-0.01830423
20	A	-0.059	0.01691651
21	T	-0.019	0.07539491
22	A	-0.317	0.04371871
23	T	0.386	0.02296217
24	T	0.394	-0.00120916
25	G	-0.200	-0.05538189
26	A	-0.024	-0.07490803
27	C	0.238	-0.07703076
28	T	0.420	-0.06870461
29	G	-0.318	-0.05287774
30	A	-0.419	-0.04824881
31	A	-0.485	-0.06858741
32	A	-0.433	-0.06101841
33	T	-0.172	-0.01726514
34	A	-0.144	-0.01893155
35	C	0.065	-0.04744148
36	C	0.218	-0.09381708
37	A	-0.248	-0.08611628
38	C	0.081	-0.07298101
39	T	0.508	-0.04964728
40	C	0.456	-0.00809048
41	T	-0.049	0.008698073
42	T	-0.189	0.00995914
43	T	-0.275	0.02521491
44	G	-0.203	0.04342165
45	T	-0.222	0.06489123
46	G	-0.135	0.05196903
47	T	0.189	0.008145633
48	A	0.079	-0.0448503
49	G	-0.125	-0.03608269
50	G	0.294	0.00991658
51	T	0.491	0.06008065
52	A	0.073	0.06081565
53	T	-0.112	0.07562865
54	T	-0.149	0.07554991
55	T	-0.338	0.06611325
56	G	0.081	0.0543951
57	T	0.500	0.06934251
58	C	0.477	0.03834604
59	A	-0.192	-0.01724349
60	T	0	-0.04814975
 61	A	-0.136	-0.07338541
62	T	0.048	-0.08422015
63	A	-0.096	-0.08966015
64	T	0.098	-0.1258077
65	T	-0.170	-0.1949383
66	T	-0.342	-0.2578439
67	A	-0.389	-0.2343346
68	A	-0.491	-0.2281005
69	G	-0.311	-0.1926561
70	A	-0.420	-0.2018145
71	A	-0.460	-0.2244282
72	A	-0.536	-0.2627349
73	A	-0.466	-0.2861712
74	A	0.160	-0.2985331
75	G	0.093	-0.287777
76	C	0.395	-0.2805692
77	T	-0.089	-0.2940337
78	A	-0.435	-0.2625795
79	A	-0.476	-0.2519059
80	A	-0.522	-0.2362224
81	A	-0.527	-0.2051348
82	A	-0.228	-0.2399651
83	G	-0.382	-0.2560766
84	A	-0.513	-0.2877812
85	A	0.051	-0.2832868
86	T	-0.300	-0.2601449
87	G	-0.301	-0.2543951
88	G	0	-0.234184
 89	A	-0.362	-0.187789
90	A	-0.148	-0.2018618
91	A	-0.080	-0.1959386
92	T	-0.021	-0.1472147
93	T	-0.088	-0.1423401
94	G	-0.389	-0.148118
95	T	-0.219	-0.1596448
96	A	0.168	-0.1881727
97	T	-0.439	-0.1988168
98	G	-0.294	-0.1747716
99	A	0.217	-0.1470945
100	C	0.124	-0.1164239
101	A	-0.387	-0.1171864
102	A	-0.473	-0.08728501
103	T	-0.427	-0.07583457
104	A	-0.521	-0.1151624
105	A	0.212	-0.05779623
106	C	0.334	-0.006843567
107	T	0.438	0.006563967
108	C	-0.099	-0.005506933
109	A	0.058	0.05187127
110	A	-0.047	0.1149558
111	G	-0.421	0.1580896
112	T	0.420	0.2253453
113	C	0.470	0.2196797
114	T	0.418	0.1751969
115	T	-0.056	0.1240771
116	T	0.473	0.1202787
117	C	0.472	0.10679
118	T	0.219	0.0989109
119	C	0.486	0.1432815
120	C	0.127	0.1212274
121	A	-0.332	0.1039514
122	A	-0.328	0.06326983
123	A	-0.156	0.07519119
124	G	-0.143	0.07203359
125	T	-0.165	0.05983859
126	G	0.243	0.03176406
127	C	0.090	0.02226446
128	A	0.211	0.02904153
129	T	-0.191	0.08616326
130	G	0.122	0.07710726
131	C	0.426	0.05470339
132	A	0.289	0.08836653
133	G	-0.202	0.09785621
134	T	0.344	0.08385596
135	C	0.229	0.07882059
136	T	0.524	0.04191539
137	T	-0.464	0.01808792
138	T	-0.492	-0.006635213
139	T	0.361	-0.00464188
140	G	-0.023	0.005184253
141	C	0.033	0.03813572
142	G	0.014	0.04768572
143	A	-0.342	0.00736932
144	T	-0.549	-0.008249947
145	A	-0.248	0.03258859
146	C	0.456	0.07786832
147	C	0.436	0.05378759
148	T	0.292	0.07005624
149	C	0.487	0.09743975
150	A	-0.375	0.1135457
151	T	0.289	0.1168685
152	T	0.148	0.1551583
153	C	0.186	0.1704263
154	A	0	0.1495315
 155	G	0.220	0.1082665
156	C	0.444	0.09032237
157	C	0.256	0.04734817
158	G	-0.292	0.0864153
159	A	0.025	0.08645677
160	G	-0.019	0.07121874
161	T	0.142	0.08141241
162	A	-0.182	0.106273
163	T	0.023	0.1179289
164	T	-0.156	0.08400982
165	T	0.210	0.06692769
166	G	0.290	0.115776
167	T	-0.080	0.1240358
168	G	0.339	0.153855
169	C	0.372	0.175795
170	T	0.395	0.1669906
171	C	-0.064	0.1403388
172	T	0	0.1590365
 173	T	0.440	0.1471622
174	C	0.149	0.1504814
175	C	0.427	0.1537521
176	T	0.471	0.1073801
177	C	-0.314	0.06307104
178	A	-0.376	0.01058077
179	T	0.123	-0.004394907
180	T	0.032	-0.04024197
181	C	0.340	-0.09680404
182	A	-0.031	-0.1155805
183	G	-0.356	-0.127252
184	T	-0.291	-0.1334707
185	A	-0.391	-0.08377624
186	T	-0.288	-0.03052951
187	A	-0.537	-0.01862777
188	A	-0.408	0.01562646
189	G	-0.132	-0.02271174
190	G	0.252	-0.01094953
191	C	0.378	0.0190935
192	A	0.431	0.03014297
193	G	0.422	0.02783883
194	C	0.302	0.05323908
195	T	0.546	0.08908615
196	T	-0.234	0.1026269
197	T	0.145	0.1148433
198	C	0.094	0.08444103
199	A	-0.125	0.06100935
200	G	-0.426	0.01508181
201	T	0.092	-0.04445025
202	T	0	-0.09958779
 203	T	-0.205	-0.1652213
204	G	0.050	-0.1600351
205	C	-0.203	-0.1720323
206	T	0.027	-0.1668389
207	T	-0.257	-0.1403882
208	A	-0.470	-0.1079244
209	G	-0.524	-0.08296276
210	A	-0.438	-0.09239083
211	A	-0.156	-0.08470873
212	G	-0.034	-0.05826741
213	G	0.172	-0.06313075
214	C	0.270	-0.08738547
215	A	0.060	-0.03877293
216	A	0.466	-0.02366487
217	C	-0.141	-0.01421173
218	A	-0.090	0.03598347
219	T	0.447	0.0519736
220	T	-0.276	0.0799025
221	G	-0.336	0.04884203
222	G	0.471	0.03810417
223	A	-0.244	0.00413876
224	A	-0.383	-0.04657071
225	T	0.314	-0.04987604
226	G	0.082	-0.0578472
227	T	0.384	-0.08517898
228	T	-0.293	-0.08447298
229	A	0.109	-0.04258078
230	G	-0.448	-0.06416371
231	A	-0.294	-0.07528311
232	G	-0.191	-0.05317715
233	T	-0.209	-0.09102935
234	T	0.037	-0.1231065
235	C	-0.265	-0.1795454
236	A	0.291	-0.1517709
237	T	0.147	-0.1610851
238	C	-0.411	-0.1395385
239	A	-0.051	-0.1244866
240	G	-0.253	-0.1268641
241	A	-0.398	-0.137828
242	A	-0.462	-0.1720415
243	A	0.122	-0.1738098
244	C	-0.030	-0.1994368
245	A	-0.125	-0.2390864
246	T	-0.068	-0.2377777
247	A	-0.226	-0.2654297
248	G	-0.374	-0.277703
249	A	-0.475	-0.2653568
250	A	-0.292	-0.2591683
251	T	-0.092	-0.2696658
252	T	-0.447	-0.2369418
253	T	-0.391	-0.2247197
254	T	-0.466	-0.217964
255	A	-0.437	-0.1881403
256	A	-0.213	-0.1908962
257	A	-0.369	-0.1749468
258	C	-0.034	-0.1813957
259	T	0.460	-0.1681975
260	G	0.057	-0.1097014
261	T	0.032	-0.06663524
262	G	0.220	-0.03055731
263	A	-0.415	0.01536535
264	G	-0.236	0.06253082
265	T	-0.388	0.1232949
266	T	0.105	0.1003543
267	C	0.430	0.04450067
268	C	0.254	0.00639558
269	A	0.074	0.003344933
270	C	0.251	0.013083
271	T	0.494	0.019003
272	G	0.541	0.03151677
273	A	-0.378	0.05923083
274	A	-0.376	0.04663065
275	T	-0.513	-0.00707302
276	A	-0.012	-0.03753962
277	C	0.366	-0.05755368
278	A	-0.326	-0.08031725
279	T	-0.048	-0.1241365
280	T	0.026	-0.1478254
281	T	-0.083	-0.08930798
282	T	-0.375	-0.03262185
283	A	-0.202	-0.01426945
284	A	-0.225	-0.02054532
285	T	-0.089	-0.06452952
286	T	-0.162	-0.07485619
287	T	0.186	-0.08853456
288	C	0.499	-0.1133047
289	T	0.473	-0.1156946
290	G	-0.238	-0.1186522
291	T	-0.106	-0.1353273
292	A	-0.293	-0.125348
293	G	-0.481	-0.1045193
294	G	-0.254	-0.1176047
295	A	-0.344	-0.1498218
296	A	-0.119	-0.2112778
297	G	-0.419	-0.2775826
298	A	-0.452	-0.2723615
299	A	-0.075	-0.2652303
300	T	0.222	-0.2544006
301	C	-0.359	-0.1946306
302	A	-0.296	-0.1442239
303	A	-0.422	-0.09035825
304	A	-0.521	-0.06904032
305	A	-0.160	-0.06500459
306	C	0	-0.05728899
 307	A	-0.130	-0.083233
308	C	0.415	-0.1276955
309	C	0.501	-0.1127554
310	T	0.463	-0.1195705
311	A	0.200	-0.1037712
312	T	-0.359	-0.06902247
313	T	-0.336	-0.06112595
314	T	-0.464	-0.05339569
315	A	-0.444	-0.01903815
316	A	-0.135	-0.05078567
317	A	-0.398	-0.08694092
318	G	-0.185	-0.1140447
319	A	0	-0.145391
 320	T	-0.041	-0.1480689
321	G	0.115	-0.1531526
322	G	0.384	-0.1308409
323	C	-0.061	-0.1227652
324	A	-0.040	-0.1404643
325	A	0.056	-0.1313885
326	T	-0.270	-0.1448517
327	A	-0.399	-0.1729647
328	T	-0.413	-0.1709002
329	A	-0.130	-0.1437347
330	T	-0.323	-0.1370833
331	A	-0.400	-0.1293235
332	A	-0.262	-0.1300549
333	T	-0.387	-0.1439139
334	A	-0.421	-0.1517166
335	A	-0.010	-0.1543745
336	T	0.523	-0.1579934
337	C	0.484	-0.1802817
338	A	0.055	-0.1860289
339	T	-0.051	-0.1900568
340	T	-0.151	-0.1995878
341	T	-0.387	-0.2034257
342	T	-0.439	-0.1846452
343	A	-0.467	-0.1947184
344	A	-0.464	-0.2141424
345	A	-0.409	-0.267329
346	A	-0.460	-0.2934336
347	G	-0.405	-0.2961363
348	T	-0.445	-0.3096044
349	A	-0.139	-0.3156788
350	T	-0.161	-0.3114526
351	T	0.232	-0.3123398
352	T	-0.313	-0.3072839
353	G	-0.336	-0.2555442
354	A	-0.091	-0.2100107
355	T	-0.353	-0.1576118
356	T	-0.478	-0.1332874
357	A	-0.375	-0.1429078
358	A	-0.480	-0.139632
359	A	-0.388	-0.168526
360	C	0.366	-0.1806975
361	C	0.222	-0.190939
362	T	0.380	-0.2094386
363	G	-0.080	-0.1994146
364	A	-0.284	-0.1393739
365	T	-0.112	-0.08492914
366	A	-0.201	-0.02271661
367	A	-0.495	0.02262206
368	T	-0.489	-0.01908654
369	T	-0.369	-0.05637694
370	T	-0.202	-0.1157845
371	T	0.422	-0.1369205
372	C	0.441	-0.1347359
373	C	0.452	-0.1455317
374	A	0.291	-0.1577893
375	G	-0.259	-0.1518353
376	A	-0.337	-0.1484284
377	A	-0.510	-0.1542978
378	A	-0.397	-0.156482
379	T	-0.251	-0.2111791
380	G	-0.274	-0.2701421
381	A	-0.385	-0.3284666
382	A	-0.406	-0.3752153
383	A	-0.438	-0.3525069
384	A	-0.457	-0.3237953
385	A	-0.235	-0.2592989
386	A	-0.398	-0.2073157
387	A	-0.443	-0.1632187
388	A	-0.422	-0.1152309
389	A	-0.409	-0.06070246
390	A	0.081	-0.002458327
391	T	0.093	0.00489734
392	C	0.456	0.00435354
393	A	0.382	-0.007956927
394	G	0.409	-0.01561966
395	C	0.445	0.0001964733
396	T	0.432	0.05554441
397	C	0.467	0.09643207
398	T	-0.328	0.06659201
399	A	-0.465	0.0272614
400	A	-0.420	-0.03600767
401	A	-0.512	-0.05230867
402	A	-0.206	-0.0538128
403	C	0.407	-0.07737443
404	C	0.203	-0.1161092
405	A	-0.366	-0.1702241
406	A	-0.496	-0.1130409
407	A	-0.492	-0.07808083
408	G	0.137	-0.07651776
409	C	0.387	-0.05363289
410	T	0.091	-0.07305369
411	G	-0.148	-0.1109658
412	A	-0.344	-0.1054429
413	T	0.529	-0.07995504
414	T	0.058	-0.07735351
415	T	-0.396	-0.05801297
416	T	-0.169	-0.03696797
417	A	-0.497	-0.05197784
418	G	-0.160	-0.07970674
419	A	0.286	-0.09670401
420	A	0.016	-0.09659041
421	A	-0.457	-0.1580426
422	A	-0.202	-0.1966015
423	T	0.453	-0.1551373
424	T	0.162	-0.1205502
425	T	-0.324	-0.1030351
426	G	-0.403	-0.1204629
427	A	-0.342	-0.1663125
428	A	-0.392	-0.1968064
429	A	-0.519	-0.1947291
430	A	0.225	-0.185975
431	T	0.349	-0.2323657
432	G	-0.234	-0.2153688
433	T	-0.422	-0.1971088
434	A	-0.401	-0.1406566
435	A	-0.441	-0.08858835
436	A	-0.426	-0.04996882
437	T	-0.070	-0.01533289
438	C	-0.242	-0.0272811
439	A	0.417	-0.0287407
440	G	-0.050	0.0127457
441	C	0.443	0.05912817
442	C	0.438	0.09675583
443	C	0.186	0.1095162
444	T	0	0.1173145
 445	A	0.045	0.09355161
446	T	0.327	0.09156901
447	C	0.387	0.04150627
448	C	0.273	0.03092079
449	A	0.162	0.03280899
450	T	-0.249	0.02544552
451	A	-0.309	0.03983305
452	A	-0.427	0.05867365
453	T	-0.272	0.08653247
454	A	-0.333	0.09320693
455	T	-0.209	0.09945973
456	A	0.471	0.1110571
457	G	0.327	0.09166567
458	T	0.402	0.07595033
459	T	0.282	0.0693812
460	T	0.463	0.06408553
461	C	0.427	0.06853907
462	T	0.481	0.1212565
463	C	0.447	0.1620789
464	T	-0.127	0.1489335
465	A	-0.485	0.1517617
466	A	-0.407	0.1100537
467	A	-0.506	0.0736178
468	A	-0.205	0.01681007
469	C	0.456	-0.03896633
470	T	0.403	-0.09992527
471	T	0.274	-0.1522301
472	T	0.370	-0.1688866
473	A	-0.223	-0.1680075
474	T	-0.263	-0.1680315
475	T	-0.388	-0.1460545
476	T	-0.409	-0.1249985
477	T	-0.433	-0.1346282
478	A	-0.337	-0.1281717
479	A	-0.377	-0.1537133
480	A	-0.472	-0.1766479
481	G	-0.408	-0.1673817
482	A	-0.177	-0.1801509
483	G	0.110	-0.1826796
484	T	0.312	-0.1879803
485	C	0.499	-0.1884717
486	A	-0.108	-0.1883148
487	T	0.026	-0.1769047
488	T	-0.084	-0.1502894
489	T	-0.455	-0.1460249
490	T	-0.426	-0.1630631
491	A	-0.488	-0.1973149
492	A	-0.440	-0.247166
493	A	-0.334	-0.3095716
494	A	-0.206	-0.3103147
495	T	-0.073	-0.3041798
496	A	-0.344	-0.3017276
497	A	-0.432	-0.2892447
498	T	-0.403	-0.2523118
499	A	-0.435	-0.2336846
500	T	-0.436	-0.2322502
501	A	-0.119	-0.2410471
502	A	0.118	-0.2479598
503	C	-0.047	-0.250705
504	T	-0.268	-0.2545502
505	A	0.127	-0.2557493
506	T	-0.209	-0.217869
507	T	-0.418	-0.2144267
508	A	-0.466	-0.2179491
509	A	-0.310	-0.2304638
510	A	-0.114	-0.2528054
511	A	-0.402	-0.2602845
512	A	-0.450	-0.2234602
513	A	0.164	-0.2164953
514	T	-0.383	-0.1827299
515	G	-0.488	-0.1215471
516	T	-0.307	-0.05965653
517	A	-0.216	-0.07162627
518	A	-0.159	-0.03354933
519	C	0.284	-0.008010747
520	T	0.232	0.02530126
521	G	0.297	-0.01276361
522	C	0.498	0.004002527
523	T	0.461	0.008189793
524	A	-0.489	0.04375293
525	T	0.456	0.03301946
526	C	-0.018	0.03178746
527	T	0.048	0.04105239
528	T	-0.406	0.04299833
529	A	-0.132	0.0176711
530	A	-0.426	-0.02179208
531	T	0.226	-0.07640708
532	G	-0.377	-0.07532355
533	T	-0.177	-0.1174312
534	T	0.423	-0.1250842
535	C	0.261	-0.1504131
536	T	-0.082	-0.1538303
537	G	-0.093	-0.1550786
538	A	-0.357	-0.1369358
539	A	-0.473	-0.1743295
540	A	-0.174	-0.181984
541	T	-0.133	-0.1971319
542	A	-0.330	-0.2543868
543	A	-0.457	-0.28041
544	T	-0.150	-0.2486338
545	T	-0.153	-0.2526031
546	T	-0.334	-0.2038635
547	A	-0.492	-0.1755107
548	A	-0.405	-0.1942396
549	A	-0.435	-0.2153564
550	A	-0.128	-0.2252338
551	C	0.393	-0.2183858
552	A	-0.152	-0.2258883
553	T	0.373	-0.2401593
554	T	-0.048	-0.2151514
555	T	-0.455	-0.1647481
556	T	-0.450	-0.1446609
557	A	-0.479	-0.1366109
558	A	-0.354	-0.1528684
559	A	-0.263	-0.2095983
560	A	-0.368	-0.193244
561	T	0.040	-0.2254553
562	A	0.263	-0.1925565
563	T	-0.103	-0.1284029
564	G	-0.314	-0.08109231
565	A	-0.372	-0.02425197
566	A	-0.457	0.02016029
567	T	0.092	0.009128227
568	A	-0.109	0.03366429
569	C	0.445	0.0009823067
570	T	0.506	-0.04473636
571	G	0.259	-0.07001069
572	T	0.373	-0.08277783
573	A	0.311	-0.09269003
574	G	-0.428	-0.09219316
575	T	0	-0.1278573
 576	A	-0.449	-0.1387422
577	T	-0.422	-0.2031039
578	A	-0.482	-0.2572041
579	A	-0.506	-0.2997262
580	A	-0.521	-0.3530263
581	A	-0.449	-0.4093731
582	G	-0.442	-0.3790194
583	A	-0.273	-0.3595938
584	A	-0.520	-0.3057403
585	A	-0.304	-0.2487649
586	G	-0.378	-0.2070603
587	A	-0.426	-0.1451512
588	A	-0.533	-0.1411005
589	A	0.026	-0.1304167
590	T	0.291	-0.1201029
591	G	0.357	-0.08070107
592	G	0.432	-0.04471644
593	T	0.142	-0.05404611
594	G	0.422	-0.05835044
595	G	-0.460	-0.06457504
596	G	-0.289	-0.05720117
597	A	-0.287	-0.06902877
598	A	0.318	-0.06033264
599	C	0.019	-0.07454604
600	G	-0.444	-0.1010852
601	A	-0.443	-0.1342569
602	A	-0.519	-0.1865699
603	A	-0.422	-0.1747985
604	A	-0.150	-0.1847251
605	G	0.421	-0.1973361
606	C	0.144	-0.2372917
607	A	0.034	-0.2651601
608	G	-0.354	-0.2624872
609	A	-0.362	-0.268992
610	G	-0.284	-0.2666141
611	A	-0.438	-0.2304498
612	A	-0.476	-0.2166682
613	A	-0.281	-0.2164036
614	G	-0.398	-0.2037489
615	A	-0.404	-0.2052163
616	A	-0.540	-0.2036818
617	A	-0.483	-0.2150037
618	T	0.119	-0.2256472
619	G	0.055	-0.1722966
620	C	0.425	-0.1112874
621	C	0.334	-0.1044099
622	A	0.012	-0.08859124
623	A	-0.331	-0.04706511
624	T	-0.532	0.005888627
625	T	-0.443	0.06354989
626	C	0.361	0.02117503
627	C	0.438	-0.01646559
628	A	-0.178	-0.03261553
629	G	-0.161	-0.03486079
630	T	0.218	-0.003260867
631	C	0.253	-0.003389067
632	C	0.381	0.05668233
633	A	-0.516	0.08839421
634	A	-0.508	0.04759154
635	A	0.183	0.00016334
636	G	0.300	0.005367407
637	T	0.486	0.01262069
638	T	-0.333	0.01216169
639	T	0.368	0.01985843
640	T	0.031	0.02461963
641	A	-0.250	0.07591169
642	T	-0.273	0.1047439
643	T	-0.100	0.09250753
644	T	-0.052	0.1056664
645	G	0.211	0.1057879
646	C	0.368	0.1420672
647	C	0.452	0.1370458
648	A	0.253	0.1461561
649	A	-0.076	0.1743408
650	G	0	0.1781281
 651	T	0.498	0.1571219
652	T	0.487	0.1351642
653	T	0.210	0.09848337
654	T	0.293	0.07255375
655	C	0.168	0.02458515
656	T	0.172	-0.01851751
657	T	-0.216	-0.04456522
658	A	-0.415	-0.06003495
659	G	-0.381	-0.1118462
660	A	-0.338	-0.1394072
661	A	-0.020	-0.1805252
662	T	-0.266	-0.2346806
663	G	-0.393	-0.268334
664	A	-0.467	-0.2662094
665	A	-0.232	-0.2366973
666	T	-0.278	-0.2090184
667	T	0.074	-0.173867
668	T	-0.406	-0.1233838
669	T	-0.518	-0.08987787
670	A	-0.336	-0.1065905
671	C	0.204	-0.1089685
672	C	0.226	-0.05362507
673	A	0	-0.05500247
 674	G	0.145	-0.05662947
675	T	0.418	-0.06159133
676	T	0.482	-0.06155573
677	T	-0.517	-0.03278861
678	A	-0.428	-0.01229453
679	T	0.363	-0.0080224
680	G	-0.252	-0.04845453
681	A	-0.303	-0.07098693
682	A	0	-0.1020285
 683	T	-0.405	-0.1564079
684	T	-0.087	-0.217193
685	A	-0.028	-0.1920797
686	T	0.268	-0.157788
687	T	-0.380	-0.1955828
688	G	-0.337	-0.2028237
689	T	-0.320	-0.2143553
690	A	-0.397	-0.2426642
691	A	-0.429	-0.2122643
692	A	-0.140	-0.200667
693	C	0.085	-0.2008915
694	A	-0.203	-0.2060153
695	G	-0.361	-0.1467363
696	A	-0.476	-0.1115079
697	A	-0.424	-0.09148916
698	T	0.050	-0.04534263
699	G	0.086	-0.02216159
700	T	-0.032	-0.04138613
701	G	0.191	-0.05822787
702	T	0.509	-0.07733027
703	C	0.190	-0.07878953
704	A	-0.019	-0.03972247
705	T	0.294	-0.0208308
706	G	-0.081	0.001266993
707	G	-0.429	0.02192605
708	A	-0.167	0.00552806
709	A	-0.490	-0.02652674
710	A	-0.383	-0.06498484
711	T	0.109	-0.09631124
712	A	-0.141	-0.1189313
713	C	0.381	-0.1306235
714	T	0.396	-0.1418824
715	G	-0.278	-0.09570323
716	A	-0.289	-0.1149914
717	A	-0.067	-0.0626843
718	A	-0.279	-0.02759797
719	G	-0.359	-0.005495233
720	A	0.119	0.03368903
721	T	-0.250	0.0407985
722	T	0.263	0.02775857
723	T	-0.456	0.05017222
724	T	0.294	0.06040149
725	T	0.143	0.08160632
726	C	0.441	0.1108575
727	C	0.446	0.1430389
728	C	0.488	0.1623461
729	T	0.200	0.2021825
730	A	0.057	0.2053709
731	G	-0.135	0.2669853
732	A	0.250	0.2830837
733	G	0.159	0.2625099
734	T	0.123	0.2055471
735	G	0.409	0.1764601
736	G	0.347	0.1603746
737	C	0.311	0.1374505
738	C	0.467	0.1215963
739	T	0.535	0.1410949
740	T	-0.165	0.1382024
741	A	-0.413	0.1191163
742	T	0.010	0.1374101
743	T	0.246	0.1370779
744	G	-0.143	0.1215443
745	A	-0.179	0.1105647
746	C	0.156	0.1062872
747	T	0.206	0.08786779
748	G	-0.126	0.08469032
749	C	0.397	0.09837652
750	T	0.404	0.08446873
751	G	0.114	0.06954417
752	G	0.146	0.05205771
753	T	0.403	0.08984764
754	G	0.259	0.1031626
755	T	-0.213	0.1090108
756	G	-0.207	0.1431956
757	A	-0.198	0.1474544
758	T	0.023	0.1103463
759	G	-0.405	0.08319891
760	C	0.386	0.04357424
761	C	0.356	-0.01872976
762	A	0.294	-0.03103971
763	C	0.385	-0.04516778
764	T	0.461	-0.05865085
765	G	-0.152	-0.06468085
766	T	-0.293	-0.09886135
767	A	-0.447	-0.08500095
768	A	-0.531	-0.1273512
769	T	0.074	-0.1755392
770	G	-0.425	-0.1979774
771	T	-0.410	-0.2427665
772	A	-0.288	-0.2940009
773	A	-0.489	-0.3088203
774	T	-0.197	-0.3136519
775	A	-0.248	-0.3135925
776	A	-0.366	-0.3004743
777	A	-0.041	-0.3205524
778	T	-0.286	-0.3149364
779	T	-0.306	-0.2884269
780	A	-0.374	-0.2572766
781	T	-0.365	-0.243525
782	T	-0.446	-0.2047551
783	A	-0.334	-0.2212602
784	A	-0.226	-0.1935143
785	A	-0.340	-0.1610962
786	T	-0.012	-
787	T	0.178	-
788	G	-0.283	-
789	T	0.384	-
790	T	-0.495	-
791	T	0.049	-
792	C	0.444	-
