1	A	0.075	-
2	G	-0.455	-
3	T	-0.380	-
4	A	-0.538	-
5	A	-0.532	-
6	T	-0.424	-0.2388592
7	G	-0.195	-0.2610266
8	A	-0.410	-0.2496293
9	C	0.396	-0.1777632
10	A	0.155	-0.09540882
11	T	-0.318	-0.006791364
12	G	-0.168	0.05025855
13	G	-0.329	0.07620947
14	A	0.410	0.09753547
15	T	0.367	0.052367
16	C	0.441	0.05540782
17	T	0.203	0.06492073
18	G	0.090	0.06116164
19	G	-0.175	0.09964603
20	A	-0.099	0.06453603
21	G	0.188	0.05359257
22	A	-0.213	0.04128075
23	G	-0.209	0.06764875
24	A	0.093	0.1052448
25	T	0.024	0.1194673
26	T	0.246	0.07996228
27	C	0.306	0.01593301
28	T	0.493	0.01638874
29	C	0.503	0.02938158
30	T	-0.019	0.02088046
31	T	-0.534	0.03358946
32	A	-0.515	-0.003526536
33	G	-0.208	-0.04852681
34	G	-0.066	-0.1347177
35	A	0	-0.2246404
 36	G	0.164	-0.2074181
37	A	-0.161	-0.1195292
38	G	-0.188	-0.03361279
39	A	-0.454	0.01114539
40	A	-0.485	0.05721982
41	T	0.169	0.1020445
42	C	0.432	0.100501
43	T	0.429	0.07617382
44	G	0.283	0.06713673
45	G	0.440	0.1236223
46	C	0.493	0.161948
47	T	0.147	0.1662956
48	A	-0.428	0.171957
49	A	-0.287	0.1506035
50	G	0.166	0.1634636
51	T	-0.063	0.1147184
52	G	0.217	0.08031495
53	T	0.494	0.1068752
54	C	0.194	0.1686933
55	T	0.424	0.2327605
56	A	-0.096	0.210647
57	G	0.114	0.1808691
58	C	0.439	0.1969317
59	A	0.251	0.124935
60	G	0.416	0.06535875
61	G	-0.076	0.04394029
62	A	-0.391	0.09818627
63	T	0.394	0.05816373
64	G	-0.297	-0.01304255
65	A	-0.460	-0.004979091
66	T	0.189	-0.07852645
67	T	0.500	-0.1124749
68	G	-0.325	-0.1183526
69	A	-0.343	-0.1959816
70	T	0.339	-0.1799162
71	T	-0.392	-0.1735034
72	A	-0.449	-0.2310155
73	A	-0.455	-0.2660572
74	C	-0.459	-0.19754
75	A	-0.120	-0.2049725
76	A	-0.390	-0.2064332
77	G	-0.443	-0.2138876
78	A	0.115	-0.1917603
79	T	0.428	-0.1612421
80	G	-0.425	-0.1521222
81	T	0.323	-0.1289655
82	T	-0.474	-0.1287645
83	T	-0.206	-0.1296217
84	T	-0.120	-0.1354854
85	G	-0.359	-0.1728796
86	T	0.134	-0.1528501
87	T	-0.388	-0.1847975
88	T	-0.452	-0.1337295
89	T	0.050	-0.1272425
90	C	0.016	-0.07274414
91	A	-0.205	-0.009923955
92	T	-0.027	0.01342695
93	C	0.087	0.09046805
94	A	-0.135	0.1438921
95	T	0.479	0.176909
96	C	0.331	0.1367165
97	T	0.390	0.1302114
98	C	0.459	0.1044206
99	A	0.134	0.058699
100	G	0.413	0.03568664
101	A	-0.425	-0.01050226
102	G	-0.276	-0.01282154
103	A	-0.311	-0.04529673
104	T	-0.415	-0.1227862
105	A	-0.388	-0.1191582
106	A	-0.028	-0.1742709
107	C	0.306	-0.1599681
108	T	0.033	-0.1417854
109	G	-0.393	-0.1408956
110	T	0.174	-0.1119763
111	A	-0.192	-0.05404862
112	T	-0.268	-0.06651645
113	T	-0.076	-0.1048117
114	G	-0.301	-0.135251
115	A	-0.097	-0.1279343
116	G	0.248	-0.1792534
117	G	-0.166	-0.1558559
118	T	-0.114	-0.1288722
119	A	-0.301	-0.1574494
120	T	-0.312	-0.1567145
121	A	-0.389	-0.177211
122	A	0.064	-0.2253291
123	T	0.028	-0.2234456
124	T	-0.391	-0.2093578
125	G	-0.293	-0.2003221
126	A	-0.322	-0.1293639
127	T	-0.280	-0.0525513
128	A	-0.145	-0.07174006
129	T	0.040	-0.1141779
130	G	-0.201	-0.1091736
131	C	0.467	-0.1207268
132	C	0.455	-0.1073859
133	A	-0.146	-0.09927535
134	A	-0.438	-0.04501435
135	A	-0.336	-0.02939773
136	T	-0.420	-0.004745664
137	A	-0.175	-0.03811485
138	A	-0.191	-0.04281321
139	C	0.451	-0.01345248
140	T	0.211	0.02541498
141	G	0.069	0.1012921
142	G	0.100	0.1141056
143	A	0.403	0.1679076
144	C	0.176	0.1863287
145	A	-0.010	0.1317525
146	C	0.498	0.09640755
147	A	-0.279	0.0616733
148	T	0.415	0.04571247
149	T	0.011	0.04187765
150	C	-0.148	0.05146965
151	A	-0.176	0.09059728
152	A	-0.312	0.02631537
153	C	-0.074	0.09109728
154	T	0.361	0.09189455
155	T	0.282	0.08058463
156	G	0.419	0.05267317
157	T	-0.208	0.0449559
158	G	0.432	0.05980799
159	C	0.424	0.07118733
160	A	-0.112	0.01811078
161	A	-0.455	-0.04254467
162	T	-0.261	-0.08226285
163	T	-0.149	-0.105517
164	T	0.050	-0.1600313
165	G	-0.222	-0.2054653
166	A	-0.384	-0.1874726
167	T	-0.016	-0.1389689
168	G	-0.464	-0.1025876
169	A	-0.166	-0.07769601
170	G	-0.075	-0.06957615
171	T	0.084	-0.04935134
172	T	0.077	-0.02371279
173	T	0.138	-0.06143225
174	G	0.124	-0.02987298
175	G	0.139	-0.007065782
176	A	0	0.03202917
 177	G	-0.102	0.03295781
178	A	-0.431	-0.0009255636
179	T	-0.117	-0.02108642
180	A	0.084	-0.06243715
181	C	0.354	-0.1049487
182	A	0.095	-0.08514696
183	C	-0.294	-0.05880633
184	A	-0.083	0.02276695
185	T	-0.330	0.07582104
186	A	-0.327	0.1116327
187	C	0.217	0.1041817
188	A	0.186	0.09553051
189	T	0.465	0.08760878
190	C	0.466	0.06623445
191	T	0.478	0.07668564
192	G	0.272	0.06803582
193	T	0	0.07236609
 194	G	-0.382	0.048512
195	A	-0.318	0.03770445
196	A	-0.215	0.039963
197	A	-0.422	0.03460873
198	C	0.265	0.028905
199	C	-0.075	0.07403891
200	A	0.346	0.1380765
201	T	0.491	0.1398147
202	C	0.419	0.1363645
203	A	0.210	0.1348675
204	C	0.496	0.1107355
205	C	0.322	0.09627827
206	A	-0.299	0.07812682
207	A	-0.253	0.03490738
208	A	-0.439	-0.03233416
209	A	0	-0.07016962
 210	T	-0.234	-0.1423228
211	C	0.146	-0.2038425
212	A	0.015	-0.2233457
213	A	-0.320	-0.2373762
214	G	-0.206	-0.1922117
215	A	-0.297	-0.1939547
216	G	-0.354	-0.1557521
217	A	-0.513	-0.1815803
218	A	-0.407	-0.1932548
219	A	0.057	-0.1312646
220	G	-0.019	-0.09918873
221	T	0.185	-0.08814155
222	G	-0.137	-0.06201146
223	G	-0.112	-0.04294901
224	A	0.361	-0.04239328
225	C	0.146	-0.09333004
226	T	-0.175	-0.0470901
227	A	-0.066	-0.08194828
228	T	-0.304	-0.1068502
229	G	-0.401	-0.09167555
230	A	-0.502	-0.101902
231	A	0.489	-0.09424682
232	C	-0.197	-0.1120016
233	A	-0.411	-0.1286147
234	A	0.054	-0.145201
235	T	0.248	-0.1203711
236	C	0.231	-0.1021445
237	G	-0.370	-0.1706963
238	A	-0.249	-0.2002029
239	A	-0.486	-0.1758208
240	A	-0.128	-0.1443854
241	G	-0.302	-0.1381485
242	A	-0.264	-0.1763995
243	A	-0.522	-0.1704209
244	A	-0.142	-0.126807
245	G	0.399	-0.09345418
246	T	0.317	-0.06902545
247	G	-0.189	-0.003088818
248	G	-0.305	0.01842892
249	T	0.230	0.02179392
250	G	-0.119	0.04111945
251	G	0.140	0.04085826
252	A	0.422	0.04118917
253	T	-0.027	0.08652235
254	G	-0.485	0.1083997
255	G	0.069	0.1115253
256	T	0.397	0.1458046
257	T	0.321	0.1410788
258	T	0.308	0.07574497
259	C	-0.064	0.0642736
260	T	0.264	0.1121419
261	G	0.257	0.06815218
262	G	0.088	0.04262191
263	A	-0.295	0.01946104
264	A	-0.154	-0.02744469
265	G	0.041	-0.06146275
266	G	-0.414	-0.05358675
267	A	0.116	-0.05854112
268	C	0.066	-0.03144867
269	A	-0.207	0.0247736
270	A	-0.438	0.05135305
271	G	0.351	0.07719895
272	T	0.202	0.1407039
273	C	0.386	0.1706623
274	T	0.322	0.1940915
275	G	0.138	0.1867216
276	C	0.325	0.2311441
277	A	0.284	0.1802843
278	C	0.445	0.1232546
279	C	0.324	0.06892635
280	A	-0.288	0.01219308
281	G	0.049	-0.03422819
282	A	-0.208	-0.1043689
283	G	-0.424	-0.1768634
284	A	-0.211	-0.2669491
285	A	-0.301	-0.3081912
286	T	-0.372	-0.2475066
287	A	-0.446	-0.2199218
288	A	-0.513	-0.1683267
289	A	-0.545	-0.08855682
290	A	-0.129	-0.02766009
291	G	0.379	0.01240264
292	G	0.353	0.08277536
293	G	0.359	0.160028
294	C	0.452	0.2463656
295	A	0.458	0.2696899
296	T	0.139	0.2321036
297	T	0.401	0.210662
298	C	0.403	0.176753
299	C	0.436	0.1217687
300	T	-0.288	0.09722523
301	T	-0.542	0.09576323
302	A	0.143	0.08061991
303	G	-0.019	0.08252627
304	G	-0.245	0.07193964
305	G	0.182	0.03225409
306	T	0.442	0.08651382
307	T	-0.027	0.1669645
308	G	0.422	0.1375452
309	C	0.287	0.1393359
310	T	0	0.1488155
 311	G	0.308	0.1268013
312	A	0.341	0.08966094
313	G	-0.180	0.06878071
314	G	0	0.04605425
 315	A	-0.141	0.05742307
316	T	-0.059	0.06179119
317	T	0.033	0.07721083
318	T	-0.256	0.05908819
319	T	0.172	0.06140074
320	C	0.412	0.0592146
321	T	0.048	0.07803919
322	T	0.477	0.05983084
323	T	0.142	0.04148412
324	G	-0.154	0.02759875
325	A	-0.024	-0.01069506
326	T	0.065	-0.04818206
327	T	-0.259	-0.03688309
328	G	-0.167	-0.03966764
329	T	-0.409	-0.01400055
330	A	-0.248	-0.02905009
331	T	0	-0.03270409
 332	T	0.172	-0.04862559
333	C	0.447	-0.04727805
334	T	0.424	-0.04828895
335	G	-0.320	0.01552877
336	C	-0.064	0.06480368
337	T	-0.109	0.05805726
338	A	-0.244	0.07738154
339	A	-0.178	0.02191535
340	T	0.292	-0.009709027
341	G	0.293	-0.001950391
342	T	-0.074	-0.02307771
343	G	0.384	-0.02758071
344	T	-0.162	-0.008725627
345	G	0.077	-0.0395979
346	T	-0.234	-0.05294317
347	G	-0.296	-0.03994872
348	C	-0.159	0.003817336
349	A	-0.037	-0.004200755
350	A	-0.518	-0.02462566
351	G	0.145	-0.07074037
352	G	0.436	-0.06436501
353	C	0.407	-0.08138537
354	A	0.296	-0.1043258
355	G	-0.387	-0.09468301
356	A	-0.430	-0.06331546
357	T	-0.164	-0.0791186
358	A	-0.483	-0.1136465
359	T	-0.411	-0.1229654
360	A	0.068	-0.1859812
361	A	-0.173	-0.1475058
362	C	-0.028	-0.1436839
363	A	0.056	-0.128713
364	C	0.304	-0.0662423
365	A	-0.396	-0.01601585
366	T	0.035	-0.009871382
367	T	-0.388	0.0232098
368	T	0	-0.004432245
 369	G	0.203	-0.009582236
370	T	0.141	-0.02493169
371	G	0.136	0.02635885
372	G	0.190	0.06346036
373	A	-0.332	0.1186806
374	A	0	0.1509805
 375	G	0.135	0.110794
376	G	0.167	0.05117364
377	C	0.443	0.005156273
378	T	0.219	-0.005808445
379	C	0.355	0.01113565
380	T	-0.238	0.009047464
381	A	-0.514	0.04061001
382	G	-0.369	-0.007155355
383	A	0.069	-0.07675708
384	G	-0.146	-0.1268944
385	A	-0.022	-0.1418588
386	C	0.483	-0.08660335
387	A	-0.357	0.006744736
388	T	-0.321	0.03847543
389	T	-0.332	0.03814569
390	T	0.190	0.0769036
391	T	0.369	0.05877005
392	C	0.512	0.05519505
393	T	-0.020	0.04393569
394	A	0.066	0.03221915
395	C	0.280	0.08428405
396	A	-0.222	0.03958087
397	A	0.443	-0.004079309
398	A	-0.481	-0.05949351
399	T	-0.450	-0.02530847
400	T	0.240	-0.01402438
401	T	-0.301	-0.002042473
402	T	-0.111	0.04482007
403	A	-0.097	0.01467271
404	C	0.355	0.06145704
405	C	0.190	0.1442976
406	C	0.412	0.1005975
407	T	0.293	0.1169019
408	G	0.112	0.1270101
409	G	0.033	0.1188285
410	T	0.460	0.07309696
411	T	-0.240	-
412	T	-0.121	-
413	C	0	-
 414	A	-0.187	-
415	G	-0.147	-
