1	C	0.114	-
2	C	0.248	-
3	C	0.351	-
4	A	-0.156	-
5	G	-0.084	-
6	T	0.345	-
7	C	0.437	-
8	C	0.327	-
9	A	0.205	-
10	G	0.355	-
11	C	0.455	-
12	C	0.440	-
13	T	0.415	-
14	C	0.265	-
15	C	0.443	-
16	C	0.509	-
17	T	0.409	-
18	A	-0.241	0.1912287
19	C	-0.246	0.1795383
20	T	-0.117	0.1836365
21	C	-0.055	0.1629791
22	A	0.156	0.1564297
23	G	0.145	0.1727871
24	G	-0.135	0.1677813
25	G	0.073	0.1490275
26	C	0.308	0.1350776
27	C	0.289	0.1410598
28	G	0.134	0.1337841
29	A	-0.269	0.1343585
30	G	-0.104	0.135596
31	G	0.260	0.1332483
32	G	0.419	0.1356704
33	C	0.169	0.1296991
34	A	0.250	0.1077579
35	C	0.410	0.09199391
36	C	0.352	0.09485732
37	A	-0.306	0.09257488
38	G	0.396	0.08162841
39	G	-0.392	0.07115292
40	A	-0.392	0.05587697
41	G	0.504	0.03825636
42	G	0.165	0.03473209
43	A	-0.237	0.03106938
44	T	-0.174	0.01934596
45	G	0.420	-0.002343008
46	G	0.093	8.501944e-05
47	T	0.476	0.0134301
48	C	0.484	0.01545333
49	G	0.330	0.009646914
50	T	0.352	-0.008645947
51	T	0.228	-0.01699645
52	G	-0.279	-0.01434128
53	C	-0.158	-0.01772048
54	A	-0.138	-0.02261328
55	A	-0.329	-0.01215498
56	A	-0.511	-0.02700361
57	A	-0.432	-0.02139273
58	G	-0.393	-0.0003739194
59	A	-0.489	-0.01999597
60	A	-0.262	-0.01469334
61	T	-0.057	-0.0006648917
62	A	-0.113	0.01100391
63	T	-0.491	0.005653192
64	G	0.221	0.01125593
65	G	0.210	0.009049683
66	G	-0.031	0.009640544
67	A	0.051	0.01160179
68	G	-0.239	0.01317871
69	G	-0.131	0.01681279
70	C	0.345	0.03579324
71	C	0.289	0.05213096
72	G	0.176	0.0687121
73	G	0.070	0.09021949
74	G	-0.138	0.1069174
75	T	-0.190	0.1079419
76	G	0.364	0.1080593
77	C	-0.201	0.1130677
78	G	0.355	0.127826
79	G	0.267	0.1404128
80	C	0.245	0.1543585
81	G	0.228	0.1783362
82	G	0.295	0.1741108
83	C	0.397	0.1591094
84	T	0.505	0.1530429
85	C	0.401	0.1555816
86	A	0.409	0.1629943
87	C	0.359	0.1730645
88	G	0.403	0.1747234
89	C	0.429	0.1720083
90	C	0.458	0.1632989
91	T	0.445	0.1547227
92	G	0.089	0.1552652
93	T	-0.395	0.1605512
94	A	-0.389	0.1468458
95	A	-0.308	0.1494875
96	T	0.268	0.1402825
97	C	0.395	0.1422759
98	C	0.388	0.1354589
99	C	0.371	0.1179423
100	A	0.069	0.1017829
101	G	-0.329	0.08641487
102	T	-0.249	0.08216684
103	A	0.142	0.08139337
104	C	0.027	0.07398315
105	T	0.231	0.06854893
106	T	0.405	0.05926496
107	C	0.191	0.05741707
108	T	-0.137	0.04537403
109	G	-0.238	0.03149802
110	G	-0.118	0.02590557
111	G	0	0.02953766
 112	A	-0.129	0.03716752
113	G	-0.106	0.03814929
114	G	0.024	0.04098141
115	C	0.339	0.03771321
116	C	0	0.02785976
 117	A	-0.402	0.01036104
118	A	-0.286	0.005697689
119	G	-0.156	0.02098555
120	G	0.352	0.03855994
121	G	0.373	0.04449811
122	G	0.142	0.05399436
123	G	0.164	0.05961899
124	G	0.069	0.05548363
125	C	0.363	0.05295647
126	G	0.025	0.06453655
127	G	-0.054	0.06323669
128	A	-0.111	0.06828641
129	T	-0.265	0.06173777
130	G	-0.114	0.06868346
131	A	-0.273	0.08397685
132	C	0.370	0.09367018
133	T	0.277	0.09665768
134	T	0.033	0.0986355
135	G	-0.258	0.1218013
136	A	-0.098	0.1390863
137	G	0.220	0.1451219
138	G	0.383	0.131977
139	C	0.356	0.1303694
140	C	0.369	0.1342733
141	G	0.433	0.1412393
142	T	0.256	0.1515773
143	G	0.100	0.141855
144	C	0.279	0.1472613
145	A	-0.285	0.1502757
146	A	0.063	0.1548694
147	C	-0.235	0.1518664
148	A	0.120	0.1487942
149	C	0.443	0.1465513
150	C	0.373	0.131674
151	T	0.447	0.1335808
152	G	0.071	0.1413777
153	C	0.431	0.1429783
154	C	0.336	0.1505602
155	A	0.061	0.1412007
156	G	-0.120	0.1204957
157	C	0.315	0.1035118
158	A	0.283	0.09805909
159	C	0.414	0.08948859
160	C	0.441	0.09472998
161	A	0.013	0.08743396
162	G	0.219	0.06937504
163	C	0.054	0.06705187
164	A	0.053	0.05236177
165	T	-0.373	0.04653182
166	T	-0.225	0.03180549
167	T	-0.354	0.004529656
168	G	-0.164	-0.01440696
169	A	0.346	-0.02487265
170	C	0.314	-0.03689558
171	A	-0.200	-0.03805325
172	C	0.174	-0.03605042
173	G	-0.116	-0.02579313
174	G	-0.362	-0.01995538
175	A	-0.254	-0.02181319
176	A	0.172	-0.03558741
177	T	0.124	-0.05253719
178	C	0.445	-0.07365805
179	G	-0.162	-0.08346826
180	A	-0.370	-0.09742868
181	A	-0.368	-0.1021361
182	G	-0.465	-0.09172783
183	A	-0.445	-0.07349125
184	A	-0.409	-0.05637319
185	A	-0.538	-0.04578372
186	A	-0.308	-0.03565502
187	C	0.070	-0.03755872
188	A	-0.361	-0.04592687
189	G	0.389	-0.03776226
190	G	0.408	-0.0554292
191	C	0.430	-0.04171039
192	A	0.089	-0.02795787
193	G	0.248	-0.01726395
194	G	-0.212	-0.02206856
195	A	-0.195	-0.02633805
196	C	-0.319	-0.05019878
197	A	-0.339	-0.05015866
198	T	-0.282	-0.04593108
199	A	-0.115	-0.03522165
200	C	0.428	-0.02841401
201	C	0.283	-0.02745751
202	C	0.391	-0.01568994
203	T	0.027	0.004662589
204	G	0.199	0.008847339
205	A	0.277	0.01033548
206	C	0.013	0.02624295
207	T	0.093	0.02572739
208	A	-0.461	0.02243745
209	C	0.377	0.02028239
210	A	0.132	0.03006309
211	C	0.130	0.03531667
212	T	0	0.03792926
 213	A	-0.028	0.0291657
214	G	-0.413	0.03802745
215	T	-0.160	0.05757634
216	A	-0.218	0.06327723
217	C	0.016	0.07723659
218	A	-0.220	0.07573487
219	A	-0.411	0.07216507
220	G	0.014	0.06977418
221	T	0.194	0.07582067
222	C	-0.157	0.08162098
223	A	0.123	0.08451617
224	T	0.211	0.08414777
225	C	0.371	0.09397393
226	G	0.289	0.1181287
227	G	0.352	0.1129116
228	C	0.441	0.1191357
229	G	0.437	0.1150751
230	T	-0.118	0.1001768
231	C	-0.510	0.08723783
232	T	0	0.0871143
 233	C	0.363	0.08080674
234	G	-0.077	0.07441849
235	G	0.387	0.06297484
236	G	0.374	0.06105903
237	G	0.154	0.08430845
238	T	0.305	0.08096832
239	C	0.244	0.0880351
240	C	0.408	0.09718285
241	T	0.381	0.101865
242	G	0	0.1032028
 243	G	0.446	0.08876607
244	G	0.408	0.07373524
245	T	0.189	0.06317122
246	T	0.356	0.06147958
247	T	-0.016	0.05731364
248	T	-0.536	0.06745031
249	A	-0.494	0.06737647
250	G	-0.417	0.07128731
251	A	-0.387	0.0639389
252	A	-0.448	0.05985951
253	A	-0.395	0.05518967
254	T	-0.289	0.05297726
255	C	0.425	0.04710799
256	A	-0.105	0.04339496
257	C	0.448	0.02333127
258	A	0.171	0.009039322
259	C	0.292	0.006886183
260	T	0.259	0.008657306
261	G	-0.148	-0.002687283
262	T	-0.251	-0.004405394
263	C	-0.027	-0.0009955056
264	A	0.381	0.001060356
265	G	0.287	0.0128634
266	G	0.246	0.03964473
267	G	-0.513	0.05879068
268	A	0.140	0.07928465
269	G	0.099	0.09360551
270	G	-0.224	0.1166444
271	G	0.219	0.1164421
272	C	0.294	0.1224845
273	T	-0.056	0.09898886
274	G	0.171	0.1134209
275	A	-0.477	0.1036946
276	T	-0.105	0.1095822
277	G	0.304	0.1126472
278	G	0.063	0.1107843
279	G	0.038	0.1115859
280	G	0.346	0.1102482
281	T	0.312	0.0974342
282	C	0.430	0.07618189
283	C	0.408	0.07303964
284	T	0.427	0.07338631
285	G	0.194	0.1002042
286	G	0.319	0.09750029
287	G	0.127	0.09997636
288	T	0.381	0.09985425
289	T	-0.402	0.09527876
290	G	-0.072	0.07456393
291	G	-0.420	0.06505639
292	A	0.413	0.06569656
293	G	0.098	0.09240295
294	G	0.383	0.1038204
295	C	0.402	0.09476922
296	T	0.192	0.1023248
297	G	-0.119	0.1121401
298	G	-0.299	0.1019794
299	A	-0.488	0.09247539
300	A	-0.384	0.07959993
301	G	0.174	0.06577267
302	T	0.258	0.06306309
303	G	0.452	0.07032412
304	G	0.043	0.0698409
305	A	0.188	0.07962162
306	G	-0.228	0.05853842
307	G	0.054	0.05814201
308	A	-0.451	0.04578294
309	A	-0.398	0.06499558
310	T	0.194	0.0531431
311	C	0.483	0.05220031
312	G	0.305	0.03704487
313	A	-0.021	0.02067456
314	G	0.335	0.004559922
315	G	0.391	0.01655059
316	C	-0.019	0.01147937
317	A	-0.029	0.01806284
318	T	-0.032	0.02253848
319	A	-0.089	0.01617736
320	G	0.330	0.01490142
321	G	0.456	0.005268475
322	C	0.302	0.01154947
323	A	0.479	0.01333336
324	G	-0.377	0.03155361
325	A	-0.416	0.02753123
326	A	-0.517	0.04968431
327	A	0.271	0.06744667
328	C	-0.013	0.07545137
329	T	0.064	0.05173067
330	T	-0.161	0.03457873
331	G	-0.186	0.03596074
332	A	-0.387	0.03863437
333	A	0.312	0.03916593
334	G	-0.482	0.04627819
335	G	-0.251	0.05770404
336	A	-0.222	0.06973688
337	A	-0.054	0.07684583
338	G	0.212	0.07631069
339	G	0.105	0.05719
340	G	0.269	0.03578772
341	T	0.252	0.008826833
342	C	0.427	0.01652669
343	A	-0.090	0.03656175
344	G	0.346	0.06132775
345	C	0.240	0.06606539
346	C	0.482	0.07536139
347	G	-0.370	0.08298481
348	A	-0.312	0.0992725
349	G	0.028	0.1174052
350	C	0.432	0.1395898
351	T	0.410	0.1420253
352	G	0.236	0.1645414
353	G	0.381	0.1770636
354	C	0.400	0.1935514
355	C	0.166	0.1982505
356	A	0.310	0.1837643
357	G	-0.232	0.1862578
358	A	-0.468	0.1887321
359	A	-0.490	0.1864125
360	G	-0.100	0.1859356
361	G	0.304	0.1992989
362	G	0.374	0.1997804
363	G	0.442	0.2055495
364	G	0.321	0.1975049
365	C	0.339	0.2168779
366	T	0.424	0.2207191
367	C	0.466	0.2309503
368	C	0.410	0.2167133
369	T	0.399	0.1979418
370	C	0.328	0.1953273
371	G	0.198	0.1909537
372	C	0.370	0.1922499
373	C	0.115	0.1929413
374	A	-0.308	0.1892609
375	C	0.195	0.2015376
376	G	0.358	0.2110555
377	G	0.169	0.2222363
378	T	0.410	0.2321462
379	C	0.390	0.2353524
380	C	0.363	0.2340931
381	C	0.448	0.232275
382	C	0.193	0.2309157
383	A	0.327	0.2284505
384	G	-0.173	0.2043596
385	G	0.396	0.1928915
386	G	-0.080	0.1897004
387	A	-0.264	0.1904952
388	A	0.142	0.1921133
389	G	0.224	0.198884
390	C	0.447	0.2010562
391	A	0.191	0.209341
392	C	0.178	0.2252171
393	T	0.209	0.2318068
394	T	-0.125	0.2338073
395	T	-0.088	0.2377947
396	G	0.255	0.2378606
397	C	0.419	0.2126069
398	T	0.329	0.1894206
399	C	0.376	0.1699652
400	A	0.272	0.1501978
401	T	0.250	0.1349088
402	G	-0.442	0.1375711
403	G	0.053	0.1182533
404	G	0.295	0.1171932
405	C	0.428	0.1353215
406	C	0.386	0.1416286
407	C	0.442	0.1412605
408	C	0.448	0.1407189
409	G	0.413	0.147288
410	G	0.263	0.1533387
411	C	0.432	0.1601959
412	C	0.430	0.1636794
413	C	0.312	0.1779931
414	T	0.412	0.1826195
415	G	-0.518	0.1788574
416	A	-0.471	0.1822609
417	G	-0.252	0.1837455
418	A	-0.518	0.180971
419	G	-0.223	0.1828285
420	A	-0.078	0.1998828
421	G	-0.298	0.2053412
422	G	-0.118	0.2118074
423	A	0.387	0.1957402
424	G	0.369	0.1949772
425	C	0.211	0.1935482
426	T	0.427	0.1896129
427	C	0.428	0.173629
428	C	0.396	0.1560267
429	T	0.456	0.1380433
430	G	0	0.1188837
 431	C	0.426	0.109525
432	C	0.422	0.1067773
433	T	0.284	0.1294495
434	C	0.451	0.1528677
435	T	0.430	0.1713353
436	T	0.172	0.1798125
437	C	0.317	0.1769038
438	C	0.171	0.1843589
439	C	0.249	0.1852975
440	A	0.528	0.1799409
441	C	-0.150	0.1655428
442	T	0.359	0.1439353
443	C	0.391	0.1396853
444	G	0.307	0.1186083
445	G	-0.162	0.1146586
446	A	-0.370	0.1097705
447	G	-0.215	0.1080666
448	A	-0.259	0.1105765
449	G	-0.024	0.09073983
450	G	0.313	0.07900303
451	G	0.297	0.07805428
452	C	0.371	0.07741944
453	T	0.412	0.07760178
454	G	-0.213	0.08018069
455	A	-0.327	0.08322953
456	C	0.190	0.07200392
457	A	-0.265	0.07545014
458	G	-0.311	0.06768858
459	G	-0.130	0.07262799
460	A	-0.408	0.06159627
461	G	0.058	0.05680332
462	A	-0.331	0.05513232
463	G	0.286	0.07174488
464	G	0.220	0.08017923
465	C	0.395	0.09083507
466	T	0.090	0.08604996
467	T	-0.287	0.09726585
468	G	0	0.07491493
 469	G	0.250	0.06197929
470	C	0.428	0.03968343
471	C	0.436	0.01642246
472	T	0.265	0.008790322
473	G	0.427	0.01406149
474	G	-0.232	0.01049127
475	T	0.374	0.02693366
476	G	0.249	0.04708974
477	T	0.027	0.05664661
478	T	-0.037	0.07699797
479	T	0.218	0.08727896
480	C	0.247	0.1033398
481	C	0.435	0.1060185
482	T	-0.067	0.09769921
483	G	0.168	0.08612641
484	A	-0.431	0.09212277
485	T	0.379	0.1061669
486	G	-0.491	0.1183039
487	A	-0.167	0.1040443
488	G	-0.430	0.09213158
489	A	-0.424	0.08212255
490	T	-0.488	0.06978102
491	A	-0.138	0.04878769
492	G	0.061	0.06489255
493	C	0.326	0.06639378
494	G	0.414	0.07174291
495	G	0.213	0.07975557
496	G	0.324	0.08171261
497	C	0.428	0.07098436
498	A	0.247	0.05588461
499	C	0.382	0.03742283
500	G	-0.079	0.05056875
501	T	-0.021	0.05206953
502	T	0.306	0.0686452
503	C	0.218	0.06397392
504	C	0.436	0.08919017
505	G	-0.263	0.1035902
506	G	0	0.1231406
 507	G	0.076	0.131801
508	A	-0.178	0.1568281
509	A	-0.328	0.1732019
510	G	0.346	0.1678602
511	C	0.428	0.1566678
512	G	0.441	0.1380428
513	G	0.316	0.1366544
514	T	0.032	0.129081
515	G	-0.167	0.1285459
516	A	-0.296	0.1227529
517	G	-0.228	0.1026978
518	C	0.406	0.0905215
519	A	0.222	0.08532039
520	G	0.165	0.0681815
521	G	0.211	0.05741483
522	C	0.416	0.04901997
523	C	0.350	0.05863452
524	C	0.273	0.07010563
525	A	-0.112	0.07602496
526	G	0.412	0.08655329
527	C	0.451	0.107098
528	A	-0.130	0.1093179
529	G	-0.076	0.09630862
530	A	-0.256	0.0896611
531	C	0.163	0.09296176
532	A	0.051	0.1038486
533	T	0.409	0.1103804
534	C	0.038	0.1266756
535	A	-0.339	0.1452437
536	G	-0.517	0.1444662
537	A	-0.208	0.149502
538	T	-0.310	0.15604
539	G	-0.169	0.1557422
540	T	0.134	0.1523462
541	G	0.083	0.1391633
542	G	0.412	0.1215787
543	T	0.289	0.1177509
544	G	0.200	0.1019348
545	C	0.411	0.07913905
546	T	0.426	0.07418044
547	T	-0.040	0.08827734
548	C	0.202	0.1053777
549	C	0.435	0.1126981
550	T	0.424	0.1166663
551	G	0.067	0.1069098
552	T	0.290	0.1062665
553	C	0.439	0.123698
554	T	0.378	0.1494179
555	C	0.403	0.1671629
556	C	0.400	0.1881082
557	T	0.200	0.2058739
558	G	0.294	0.1930151
559	T	-0.124	0.1757445
560	G	-0.359	0.1541579
561	A	-0.250	0.1489395
562	A	-0.156	0.1547651
563	T	-0.369	0.150573
564	G	-0.309	0.1375569
565	C	0.431	0.1422408
566	G	0.359	0.1366184
567	C	0.427	0.1302296
568	C	0.194	0.1272132
569	T	0.057	0.1304866
570	G	0.015	0.1265289
571	G	0.288	0.1125687
572	C	0.408	0.101426
573	C	0.430	0.09873538
574	C	0.443	0.0919911
575	T	0.470	0.08013402
576	T	-0.328	0.07013262
577	G	-0.538	0.06359329
578	A	-0.364	0.0792984
579	G	0.101	0.08258943
580	G	0.410	0.09133076
581	G	0.260	0.1094489
582	G	-0.041	0.1303333
583	G	0.128	0.1266848
584	G	0	0.1241299
 585	T	0.205	0.1146609
586	C	0.315	0.1132488
587	T	0.185	0.1178071
588	G	0.147	0.1173783
589	G	-0.062	0.1160394
590	G	-0.022	0.1127364
591	A	0.306	0.1060943
592	T	0.157	0.08250936
593	G	-0.226	0.06222119
594	G	-0.065	0.07240727
595	A	-0.359	0.09802025
596	G	0.205	0.1188351
597	A	-0.132	0.1276004
598	G	0.158	0.1285168
599	T	0.283	0.1317795
600	C	0.442	0.1397233
601	G	0.300	0.1441943
602	G	0.267	0.1556591
603	G	0.086	0.159436
604	G	0.143	0.1600327
605	G	0.221	0.16484
606	A	0	0.163642
 607	G	0.239	0.172206
608	G	0.289	0.1777804
609	G	0.191	0.1728639
610	G	-0.405	0.1740977
611	A	-0.259	0.1876856
612	A	0.038	0.1923529
613	C	0.383	0.2160578
614	C	0.385	0.2087118
615	C	0.417	0.1985931
616	C	0.443	0.2058261
617	A	0.377	0.2036244
618	C	0.244	0.1782718
619	T	0.289	0.1772433
620	C	0.412	0.1816392
621	G	0.340	0.1919876
622	C	0.337	0.1958497
623	C	0.358	0.1920053
624	C	0.104	0.1855092
625	T	0.245	0.174086
626	T	0.177	0.1757376
627	C	0.129	0.1736966
628	T	0.202	0.1946365
629	C	0.262	0.2033946
630	C	0.102	0.210956
631	T	0.493	0.1880629
632	T	-0.059	0.1832397
633	G	-0.496	0.1655304
634	T	0.418	0.1643297
635	T	0.203	0.165228
636	G	-0.469	0.1631323
637	T	0.263	0.1666324
638	T	0.425	0.1588074
639	C	0.458	0.161668
640	T	0.282	0.1659234
641	T	0.083	0.1547624
642	G	-0.233	0.1555333
643	G	-0.171	0.1382455
644	C	0.348	0.1382375
645	A	0.117	0.1351057
646	G	0.348	0.1341987
647	C	0.055	0.1307329
648	T	0.310	0.1402683
649	G	-0.440	0.1385828
650	G	0.211	0.1505845
651	A	-0.220	0.1751869
652	C	0.399	0.1749555
653	T	0.409	0.1758071
654	T	0.168	0.1905471
655	G	0.415	0.1933612
656	G	0.131	0.1931639
657	G	0.443	0.1920963
658	C	0.490	0.1716475
659	A	-0.043	0.1740005
660	A	0.132	0.1717199
661	T	-0.376	0.1689173
662	T	0.177	0.1555031
663	G	0.017	0.1572407
664	T	0.169	0.1540566
665	G	0.138	0.1605742
666	C	0.445	0.1593514
667	C	0.433	0.1826373
668	T	0.373	0.1888875
669	C	0.389	0.2068567
670	C	0.410	0.2059398
671	A	0.234	0.2060002
672	C	0.060	0.2125852
673	C	0.364	0.2091852
674	C	0.418	0.2101237
675	T	0.420	0.2002755
676	C	-0.453	0.1941642
677	T	0.168	0.1889772
678	G	-0.315	0.1919689
679	G	-0.272	0.2082471
680	A	-0.133	0.2153487
681	G	0.180	0.2124362
682	G	0.233	0.2184732
683	G	0.289	0.2235912
684	G	0.266	0.2191459
685	C	0.397	0.2024815
686	C	0.436	0.1974314
687	T	0.426	0.1805373
688	C	0.366	0.1600781
689	C	0.412	0.1541772
690	C	0.405	0.1570658
691	C	0.292	0.1479329
692	C	0.164	0.1253332
693	T	0.089	0.09927471
694	G	0.270	0.1069147
695	T	-0.229	0.1128426
696	G	0.239	0.1158902
697	C	0.209	0.126216
698	T	0.433	0.139041
699	G	-0.087	0.1335985
700	G	0.387	0.1207371
701	C	0.322	0.09766451
702	T	0.285	0.09494851
703	G	-0.166	0.08523261
704	C	0.191	0.07984655
705	A	-0.218	0.07248305
706	G	-0.326	0.06990527
707	A	0.022	0.06340941
708	T	0.164	0.05644358
709	C	0.035	0.04304972
710	A	-0.395	0.03225608
711	G	-0.517	0.03322144
712	A	-0.178	0.03350432
713	G	0.381	0.05192519
714	G	-0.206	0.04653331
715	G	0.099	0.0497557
716	G	0.327	0.04733287
717	C	-0.015	0.05853361
718	G	-0.229	0.04369622
719	A	-0.540	0.03801525
720	T	0.168	0.03745322
721	G	0.047	0.05384355
722	G	0.242	0.05028768
723	G	0.161	0.05291343
724	G	0.274	0.06634477
725	A	0.178	0.06001483
726	G	0.154	0.06248669
727	G	-0.189	0.07285459
728	G	-0.223	0.09254846
729	A	0.124	0.1162297
730	T	0.280	0.13278
731	C	0.433	0.1331251
732	C	0.045	0.1503732
733	A	0.325	0.1601373
734	C	0.345	0.1540875
735	C	0.315	0.1620359
736	G	-0.147	0.1788354
737	G	0.117	0.2041488
738	T	0.265	0.2053095
739	C	0.423	0.2160363
740	C	0.063	0.2159154
741	A	-0.124	0.2190701
742	G	0.157	0.2046046
743	G	-0.205	0.1977662
744	C	0.253	0.1920109
745	G	0.408	0.2037803
746	G	0.313	0.2211975
747	G	0.334	0.229762
748	G	0.417	0.2343725
749	G	0.394	0.2265373
750	C	0.414	0.2354236
751	T	0.450	0.2342589
752	C	0.109	0.2364527
753	A	0.270	0.232284
754	C	0.375	0.2379524
755	C	0.370	0.2451189
756	T	0.210	0.2469889
757	T	0.433	0.2481584
758	C	0.238	0.2428113
759	C	0.275	0.2379649
760	A	-0.246	0.2262363
761	G	-0.067	0.2236255
762	A	-0.052	0.226417
763	C	0.234	0.2266345
764	C	0.403	0.2282144
765	C	0.432	0.2310573
766	G	0.446	0.2164359
767	G	0.151	0.2108205
768	G	0.365	0.1983526
769	C	0.283	0.1907409
770	G	0.424	0.1821906
771	T	0.165	0.1727866
772	G	0.056	0.1602112
773	G	0.375	0.1546227
774	G	0.332	0.1558228
775	C	0.465	0.1408455
776	G	-0.129	0.126828
777	A	-0.298	0.1133503
778	G	-0.265	0.1258595
779	A	-0.299	0.1384858
780	G	0.354	0.1506507
781	G	0.416	0.1558201
782	G	0.370	0.1590427
783	G	0.437	0.1432985
784	T	-0.108	0.1160085
785	G	0.191	0.1138226
786	C	-0.034	0.1084381
787	A	0.176	0.1085955
788	T	-0.197	0.1067301
789	G	-0.068	0.1076929
790	G	-0.077	0.1124047
791	G	0.169	0.1019636
792	A	0.253	0.08525345
793	G	-0.105	0.08263481
794	G	-0.266	0.09661595
795	A	-0.210	0.1130421
796	C	0.203	0.1321099
797	G	0.386	0.1517129
798	C	0.385	0.14877
799	C	0.420	0.1488786
800	C	0.519	0.1442758
801	G	-0.134	0.1379046
802	A	-0.535	0.147252
803	T	0.072	0.1532574
804	G	0.171	0.1591219
805	C	0.288	0.1647914
806	C	0.357	0.1727585
807	T	0.200	0.185561
808	C	0.226	0.1889918
809	A	0	0.1899883
 810	G	-0.268	0.1892306
811	G	0.371	0.1926293
812	G	0.374	0.210642
813	C	0.292	0.2232224
814	C	0.421	0.2267063
815	C	0.405	0.2173956
816	C	0.248	0.2129006
817	C	0.420	0.2095619
818	G	0.204	0.1920976
819	G	0.207	0.189574
820	T	0.227	0.2109658
821	C	0.408	0.220929
822	A	0.176	0.2256003
823	G	0.381	0.2294533
824	C	0.088	0.2278703
825	A	0.392	0.2325023
826	G	0.045	0.2294869
827	C	0.205	0.2319975
828	G	0.226	0.2473902
829	A	0.017	0.2392049
830	G	0.382	0.2346434
831	G	0.242	0.2256161
832	C	0.329	0.2261409
833	A	0.051	0.2201831
834	C	0.223	0.221536
835	A	0.300	0.2173689
836	G	-0.109	0.2049933
837	A	-0.225	0.1896332
838	C	0.234	0.1836552
839	T	0.431	0.1595396
840	C	0.340	0.1622529
841	T	0.427	0.160047
842	C	0.300	0.1686124
843	C	0.366	0.1674108
844	T	0.118	0.1711537
845	C	0.090	0.1643233
846	T	0.285	0.1645389
847	G	0.076	0.1678064
848	G	0.209	0.1541227
849	G	-0.032	0.1465068
850	C	0.440	0.1400443
851	G	0.191	0.1317601
852	G	0.296	0.1309451
853	T	0.270	0.1274032
854	G	-0.240	0.1390893
855	A	-0.345	0.1577929
856	T	0.012	0.1638119
857	G	-0.460	0.1639344
858	G	0.274	0.1590173
859	C	0.301	0.156935
860	C	0.397	0.1542249
861	C	0.349	0.1536545
862	T	0.180	0.1639447
863	G	-0.040	0.1626709
864	C	0.234	0.1621074
865	A	0.134	0.1710945
866	C	-0.110	0.1703965
867	G	-0.031	0.178752
868	A	0.096	0.177456
869	G	-0.246	0.1848972
870	G	0.194	0.1857864
871	T	0.172	0.1770999
872	C	0.311	0.1898677
873	C	0.448	0.1981997
874	G	0.451	0.1922418
875	T	0.435	0.2157885
876	G	0.163	0.2138815
877	T	0.352	0.200998
878	G	0.203	0.1867255
879	C	0.346	0.1770178
880	C	0.488	0.1806921
881	G	0.044	0.1709263
882	T	0.265	0.1729903
883	C	0.400	0.1673504
884	T	0.184	0.1557341
885	G	0.268	0.1441676
886	C	0.393	0.1350937
887	C	0.459	0.1437191
888	T	0.328	0.1266468
889	G	-0.042	0.1300143
890	C	0.219	0.1239214
891	A	-0.045	0.1088768
892	C	-0.202	0.09769242
893	A	0.387	0.09745636
894	G	0.205	0.09497684
895	G	-0.162	0.09680578
896	G	-0.116	0.09620426
897	A	0	0.09423756
 898	G	0.312	0.08708234
899	A	-0.392	0.09689043
900	G	0.308	0.09324257
901	G	-0.068	0.08213138
902	A	-0.528	0.07443322
903	A	-0.447	0.07160939
904	A	-0.230	0.07377303
905	G	0.063	0.07258953
906	G	-0.420	0.06551288
907	A	0.294	0.06270889
908	T	0.091	0.06243509
909	C	-0.093	0.07024533
910	A	0.048	0.08008352
911	C	0.426	0.07994224
912	G	0.073	0.08232486
913	C	0.418	0.09964113
914	G	0.181	0.1150238
915	A	0.275	0.1224569
916	C	0.230	0.1260735
917	C	0.397	0.149446
918	A	0.133	0.1423924
919	T	0	0.1352439
 920	G	-0.092	0.136659
921	G	0.166	0.1400659
922	G	0.471	0.1479152
923	T	0.416	0.1337101
924	A	0.074	0.1514301
925	C	-0.143	0.132992
926	G	0.209	0.1199151
927	T	0.235	0.1138112
928	T	0.152	0.1218361
929	G	0.382	0.1222251
930	G	0.291	0.1312479
931	C	0.461	0.1317111
932	C	0.437	0.1389814
933	A	0.267	0.1407276
934	C	0.443	0.145612
935	C	0.449	0.1394494
936	T	0.054	0.1424318
937	G	-0.325	0.1557236
938	A	-0.477	0.171934
939	A	-0.325	0.1760048
940	G	0.052	0.1624292
941	G	-0.447	0.1423833
942	T	0.217	0.1298009
943	T	-0.369	0.1295175
944	G	-0.378	0.1127348
945	A	-0.313	0.111968
946	G	0.337	0.1198211
947	T	0.441	0.1136535
948	C	0.398	0.09308409
949	C	0.435	0.08638854
950	C	0.443	0.07892337
951	G	0.338	0.0781942
952	C	0.406	0.06808474
953	A	0.175	0.05743401
954	G	0.241	0.06370467
955	C	0.478	0.08350281
956	C	0.491	0.09892361
957	T	0.313	0.1115609
958	A	-0.017	0.1133093
959	G	-0.305	0.1368461
960	A	-0.378	0.1372699
961	G	-0.153	0.1563844
962	A	-0.394	0.1682645
963	C	0.208	0.1766187
964	T	0.434	0.1712423
965	G	0.160	0.1682893
966	G	-0.448	0.1676206
967	A	0.220	0.1418469
968	G	0.168	0.14142
969	C	0.241	0.1377268
970	G	0.079	0.1390582
971	T	0.065	0.1288308
972	G	0.280	0.1330509
973	G	0.387	0.1157977
974	G	0.077	0.08845871
975	G	0.129	0.0756064
976	A	0.115	0.07552609
977	C	0.399	0.09509642
978	C	0.233	0.1192482
979	A	0.318	0.1153117
980	G	0.048	0.1114189
981	G	-0.012	0.09259492
982	A	0.143	0.09207995
983	G	0.334	0.09981095
984	G	0.374	0.1216182
985	A	-0.492	0.1214614
986	G	0.427	0.128714
987	C	0.205	0.1309139
988	T	0.454	0.1400691
989	T	-0.192	0.1451141
990	C	0.393	0.1452258
991	T	-0.142	0.1385278
992	T	-0.493	0.1346564
993	A	-0.149	0.1396656
994	G	-0.020	0.143646
995	C	0.399	0.1331796
996	G	0.490	0.1119926
997	G	-0.295	0.09314101
998	A	-0.535	0.09236148
999	A	-0.469	0.1046135
1000	C	0.416	0.1071381
1001	T	0.438	0.1080079
1002	G	0.336	0.1063359
1003	G	0.214	0.129475
1004	G	0.429	0.1300413
1005	C	0.320	0.1367156
1006	T	0.408	0.1234467
1007	G	0.247	0.1226964
1008	G	0.284	0.1088684
1009	G	0.145	0.1050159
1010	G	-0.061	0.1199628
1011	C	0.310	0.1316393
1012	T	0.258	0.1421376
1013	C	0.022	0.1431717
1014	A	-0.529	0.1386463
1015	T	-0.360	0.158808
1016	G	0.020	0.1860008
1017	C	0.428	0.1995294
1018	A	0.234	0.1857422
1019	G	0.366	0.1735537
1020	C	0.314	0.1609546
1021	C	0.340	0.1632175
1022	C	0.448	0.1656107
1023	T	0.445	0.154272
1024	C	-0.023	0.147273
1025	C	-0.219	0.1501425
1026	A	-0.104	0.1503344
1027	G	-0.281	0.1556938
1028	G	0.045	0.1690759
1029	A	0.270	0.1718759
1030	G	0.357	0.1740405
1031	C	0.436	0.1848345
1032	C	0.327	0.2062476
1033	C	0.430	0.2280028
1034	C	0.443	0.2338309
1035	C	0.017	0.2100956
1036	G	-0.080	0.1979824
1037	A	0	0.1887586
 1038	C	-0.117	0.183411
1039	G	0.295	0.1803206
1040	C	0.515	0.1791508
1041	G	-0.087	0.1784154
1042	A	0.156	0.1885896
1043	C	0.350	0.2069697
1044	G	0.291	0.2063488
1045	C	0.338	0.2047286
1046	C	0.419	0.1887764
1047	C	0.410	0.1708859
1048	T	0.336	0.1555563
1049	G	0.411	0.1307401
1050	G	0.241	0.1146386
1051	C	0.422	0.1069527
1052	T	0.230	0.1023505
1053	C	-0.425	0.1132949
1054	A	-0.201	0.11975
1055	T	0.033	0.1271761
1056	C	0.121	0.1355489
1057	C	0.229	0.130844
1058	C	0.406	0.1127533
1059	G	0.419	0.122231
1060	G	0.343	0.1286384
1061	G	0.442	0.1300733
1062	T	-0.127	0.1132948
1063	G	-0.339	0.0911806
1064	A	-0.529	0.06827368
1065	A	-0.373	0.0552505
1066	G	-0.194	0.05422175
1067	A	-0.456	0.04347648
1068	G	-0.251	0.03896087
1069	G	0.154	0.02045598
1070	C	0.278	0.01405104
1071	T	0.411	0.02220656
1072	G	0.152	0.02018867
1073	C	0.267	0.02046173
1074	T	0.184	0.0182616
1075	G	0.126	0.02358949
1076	A	-0.135	0.01463407
1077	G	0.253	-0.007469178
1078	T	0.387	-0.01163532
1079	C	0.402	-0.0162284
1080	T	-0.312	-0.01072248
1081	G	-0.457	0.006534547
1082	A	-0.404	0.0200653
1083	A	-0.057	0.0300197
1084	C	0.299	0.03739877
1085	T	0.024	0.05073859
1086	G	0.078	0.0601746
1087	A	-0.243	0.06765968
1088	T	0	0.07087165
 1089	G	-0.132	0.058946
1090	A	-0.274	0.06618972
1091	C	0.043	0.06938689
1092	A	0.042	0.07643375
1093	G	0.420	0.06837875
1094	T	0.083	0.08322661
1095	G	-0.376	0.07618381
1096	G	0.193	0.07477889
1097	A	0.276	0.07588753
1098	C	0.071	0.08642206
1099	G	0.281	0.09069759
1100	G	-0.042	0.08787484
1101	G	-0.014	0.08284769
1102	T	0.071	0.07639804
1103	G	0.023	0.08532178
1104	G	0.087	0.08240471
1105	C	0.423	0.08680718
1106	C	0.393	0.09663004
1107	G	-0.017	0.1024756
1108	C	0.413	0.1181328
1109	C	0.382	0.1249874
1110	G	0.437	0.1307589
1111	G	-0.163	0.1251806
1112	T	0.399	0.1299073
1113	T	0	0.1525436
 1114	C	0.336	0.1573306
1115	C	0.442	0.162456
1116	C	0.066	0.1523225
1117	A	-0.303	0.1368185
1118	A	-0.506	0.123421
1119	C	-0.238	0.1238328
1120	G	0.067	0.130931
1121	C	0.345	0.1421945
1122	A	-0.026	0.14923
1123	T	-0.084	0.149218
1124	G	0.353	0.1477252
1125	G	0.078	0.1600686
1126	T	0.289	0.153604
1127	T	0.290	0.1480122
1128	G	0.250	0.1344182
1129	G	0.220	0.1505777
1130	G	0.253	0.1461889
1131	C	0.438	0.1583438
1132	C	0.365	0.1608975
1133	T	0.461	0.1569637
1134	G	-0.293	0.1563058
1135	G	-0.276	0.1679459
1136	A	-0.524	0.184448
1137	A	0	0.1890125
 1138	C	0.327	0.1782102
1139	C	0.429	0.1746837
1140	C	0.341	0.1736713
1141	A	0.423	0.1847507
1142	G	0.340	0.1804354
1143	G	0.426	0.1737341
1144	T	0.180	0.1688092
1145	G	0.181	0.1720962
1146	A	-0.051	0.1628861
1147	C	0.418	0.1692761
1148	T	0.241	0.1561367
1149	C	0.437	0.149207
1150	T	0.428	0.1386954
1151	G	0.300	0.1258783
1152	G	0.042	0.1322009
1153	G	0.115	0.1531721
1154	A	0.087	0.1763567
1155	G	-0.074	0.1813133
1156	A	-0.321	0.1821388
1157	T	0.218	0.1802874
1158	G	-0.062	0.1827394
1159	T	0.314	0.1746506
1160	G	0.198	0.1720571
1161	G	-0.163	0.1620396
1162	T	0.112	0.1645221
1163	C	0.408	0.1582409
1164	A	-0.081	0.1720373
1165	C	0.450	0.1673728
1166	A	-0.219	0.170965
1167	G	0.188	0.1713551
1168	T	-0.012	0.1736642
1169	C	0	0.1727209
 1170	A	-0.066	0.1625403
1171	C	0.478	0.148126
1172	A	0.310	0.1447208
1173	G	0.178	0.1441505
1174	C	0.356	0.1530841
1175	C	0.362	0.1589275
1176	G	0.429	0.1636857
1177	T	0.131	0.1505246
1178	C	0.246	0.1316698
1179	T	0.066	0.1245004
1180	G	0.269	0.1072428
1181	T	-0.044	0.08747141
1182	G	0.445	0.09733028
1183	G	0.250	0.07586078
1184	G	0.370	0.08865789
1185	C	0.451	0.09130081
1186	C	0.512	0.0972778
1187	T	0.266	0.1060419
1188	T	-0.323	0.1159919
1189	T	-0.403	0.1154377
1190	G	-0.034	0.1123168
1191	G	-0.095	0.1184263
1192	G	0	0.1049577
 1193	T	0.429	0.09642494
1194	T	0.108	0.09055752
1195	C	-0.159	0.08803792
1196	A	-0.480	0.09173
1197	A	-0.421	0.08659814
1198	A	-0.509	0.07467797
1199	A	-0.302	0.06066457
1200	C	0.273	0.05140585
1201	A	-0.322	0.04546374
1202	G	0.241	0.02603016
1203	C	0.284	0.003195772
1204	G	0.202	-0.02260412
1205	C	0.315	-0.02902217
1206	G	0.292	-0.02046334
1207	A	0.458	-0.01758054
1208	G	0.197	-0.01985553
1209	T	0.398	-0.0257431
1210	C	-0.128	-0.02389556
1211	A	0.055	-0.03132659
1212	C	0.218	-0.03266968
1213	A	0.041	-0.02551337
1214	G	0.379	-0.008554372
1215	G	-0.118	0.007974628
1216	A	-0.159	0.03323629
1217	G	-0.549	0.05440363
1218	A	0.111	0.05641071
1219	C	0.036	0.05903538
1220	A	-0.329	0.05565627
1221	G	-0.370	0.06276907
1222	A	-0.416	0.05480485
1223	A	0.035	0.03358449
1224	G	-0.015	0.03183671
1225	G	-0.299	0.019663
1226	G	-0.116	0.01331214
1227	A	-0.307	0.01296008
1228	A	0.066	0.02966997
1229	T	0.161	0.04014955
1230	C	0.060	0.04219611
1231	T	0.097	0.04422924
1232	G	0.130	0.03460173
1233	A	0.173	0.04144812
1234	G	0.400	0.05680826
1235	C	0.459	0.06756959
1236	T	0.345	0.05613751
1237	T	-0.228	0.06396312
1238	G	0.119	0.07487782
1239	C	0.540	0.09011438
1240	G	-0.084	0.1089653
1241	A	-0.448	0.1093031
1242	T	0.229	0.115431
1243	T	0.020	0.1355373
1244	G	-0.030	0.1384259
1245	C	0.385	0.1588949
1246	T	0.473	0.169058
1247	C	0.432	0.1662642
1248	A	0.291	0.1714264
1249	T	0.114	0.1811371
1250	T	0.033	0.1899187
1251	C	0.127	0.1969956
1252	T	0.393	0.194406
1253	T	-0.162	0.1767946
1254	G	-0.299	0.1674793
1255	T	0.318	0.1717095
1256	C	0.063	0.1678639
1257	A	0.178	0.1516534
1258	C	0.261	0.1561672
1259	C	0.047	0.1808237
1260	C	0.205	0.1864478
1261	T	0.424	0.1957694
1262	C	-0.012	0.2089447
1263	C	0.429	0.2084474
1264	T	0.432	0.1977727
1265	G	0.061	0.1891284
1266	G	0.246	0.1878295
1267	C	0.447	0.1895626
1268	T	0.446	0.2019124
1269	C	0.428	0.2062829
1270	T	0.307	0.2049219
1271	G	-0.174	0.2221084
1272	G	0.010	0.2444464
1273	G	-0.076	0.231001
1274	A	-0.018	0.2299975
1275	C	-0.043	0.2284364
1276	A	0.078	0.2193971
1277	C	0.439	0.2092931
1278	C	0.431	0.1972525
1279	T	0.355	0.1944677
1280	C	0.443	0.204246
1281	T	0.367	0.198648
1282	G	0.089	0.182027
1283	C	0.121	0.1917771
1284	C	0.245	0.1954975
1285	A	0.176	0.1902625
1286	T	0.477	0.1824918
1287	C	0.285	0.1812749
1288	T	0.344	0.1733104
1289	C	0.456	0.170658
1290	C	0.504	0.1613739
1291	T	-0.165	0.1572576
1292	A	0.027	0.1698969
1293	C	0.121	0.181296
1294	C	-0.063	0.1852623
1295	A	-0.315	0.1798689
1296	A	-0.228	0.1742979
1297	G	0.324	0.1662541
1298	G	0.339	0.1425966
1299	G	0.228	0.1367437
1300	T	-0.165	0.1405831
1301	A	0.412	0.1286418
1302	C	0.379	0.1092388
1303	C	0.259	0.101273
1304	C	0.166	0.07925582
1305	C	0.384	0.05727487
1306	A	0.020	0.04917205
1307	T	-0.270	0.03344549
1308	T	-0.323	0.0220599
1309	C	-0.224	0.02832779
1310	C	0.436	0.03568172
1311	T	0.366	0.04403119
1312	G	0.220	0.05345291
1313	G	0.245	0.06513974
1314	C	0.231	0.06368543
1315	G	0.066	0.04655821
1316	A	-0.408	0.02441068
1317	G	0.157	0.01412929
1318	T	0.227	0.01629973
1319	T	-0.308	0.01593531
1320	G	-0.453	0.01270779
1321	G	-0.110	0.01076926
1322	A	-0.315	-0.002592381
1323	A	-0.506	-0.02246319
1324	A	0.052	-0.03410421
1325	G	-0.109	-0.04085885
1326	T	0.094	-0.03355135
1327	G	0.059	-0.02830985
1328	G	0.292	-0.04575129
1329	C	0.422	-0.05920932
1330	C	0.275	-0.05906579
1331	T	0.104	-0.05711652
1332	C	-0.280	-0.05429718
1333	A	-0.292	-0.05289562
1334	T	-0.458	-0.04340669
1335	G	-0.141	-0.05113685
1336	G	-0.087	-0.06674716
1337	G	0.399	-0.05569504
1338	C	0.263	-0.04924543
1339	A	0.189	-0.03725438
1340	G	-0.314	-0.03706588
1341	A	-0.330	-0.01145446
1342	A	-0.398	-0.005426717
1343	A	-0.513	0.0086682
1344	A	-0.060	0.009694928
1345	C	-0.035	0.01816712
1346	G	-0.191	0.02222824
1347	A	-0.117	0.01459285
1348	G	0.226	0.0155496
1349	G	0.315	0.02382221
1350	G	0.332	0.03267409
1351	C	0.116	0.04015341
1352	A	-0.066	0.04564035
1353	A	-0.121	0.04507574
1354	A	-0.334	0.04065036
1355	G	0.089	0.03807994
1356	G	-0.221	0.02836667
1357	G	0.321	0.01440611
1358	A	-0.308	0.00848975
1359	G	0.415	0.01511794
1360	C	0.269	0.03608555
1361	T	0.397	0.05628214
1362	G	0.131	0.06895764
1363	C	0.364	0.08184991
1364	G	0.438	0.09941894
1365	T	0.147	0.1102102
1366	G	0.310	0.1177032
1367	C	0.402	0.1154634
1368	T	0.038	0.1089831
1369	G	-0.023	0.1178066
1370	T	-0.260	0.131378
1371	G	-0.162	0.1365833
1372	A	-0.247	0.1562383
1373	G	0.306	0.1647429
1374	A	-0.085	0.1803339
1375	G	-0.313	0.1834024
1376	A	-0.527	0.2039663
1377	C	-0.091	0.2043959
1378	G	0.356	0.208761
1379	T	0.213	0.2047953
1380	C	0.395	0.2137641
1381	C	0.428	0.2014985
1382	C	0.441	0.1951369
1383	C	0.270	0.1947533
1384	G	0.495	0.1822043
1385	C	0.234	0.1760294
1386	A	0.099	0.1870881
1387	C	0.434	0.1990168
1388	C	0.422	0.2141986
1389	C	0.066	0.2275455
1390	A	0.373	0.2445663
1391	C	0.395	0.2447066
1392	C	0.340	0.2540542
1393	C	0.432	0.2710095
1394	T	0.432	0.2972455
1395	C	0.431	0.3072381
1396	C	0.426	0.3093933
1397	C	0.255	0.3135387
1398	C	0.454	0.2962376
1399	A	-0.076	0.2726772
1400	C	0.209	0.2451115
1401	C	0.133	0.2426378
1402	A	-0.141	0.241069
1403	G	0.180	0.2464226
1404	C	0.436	0.2502412
1405	T	0.406	0.2498114
1406	C	0.285	0.2487805
1407	C	0.318	0.2588729
1408	C	0.365	0.2565635
1409	T	0.311	0.2562523
1410	T	0.250	0.2524736
1411	G	0.297	0.2437973
1412	G	0.416	0.2416779
1413	G	0.267	0.2408275
1414	C	0.433	0.2406705
1415	C	0.362	0.2436751
1416	T	-0.227	0.2433877
1417	T	-0.419	0.2571523
1418	T	-0.551	0.2625975
1419	C	0.181	0.2666029
1420	C	0.439	0.2787058
1421	T	0.427	0.2717352
1422	C	0.236	0.2540595
1423	C	0.418	0.2340041
1424	C	0.384	0.2202521
1425	T	0.429	0.2229535
1426	C	0.289	0.2242304
1427	C	0.384	0.2203293
1428	C	0.204	0.2177177
1429	A	0.119	0.2058442
1430	G	0.355	0.2056853
1431	C	0.400	0.2047324
1432	C	0.421	0.1967502
1433	C	0.363	0.1945381
1434	C	0.444	0.2122869
1435	A	0.418	0.2338477
1436	C	0.405	0.2613275
1437	C	0.277	0.2707537
1438	C	0.294	0.260305
1439	A	-0.070	0.2501514
1440	C	-0.200	0.24737
1441	A	-0.315	0.2323148
1442	G	-0.209	0.2198804
1443	C	0.415	0.2185911
1444	C	0.411	0.2203285
1445	G	0.171	0.2154684
1446	G	0.156	0.2211101
1447	G	-0.130	0.2310672
1448	T	0.411	0.2332322
1449	G	0.233	0.2333037
1450	G	0.146	0.2342166
1451	C	0.283	0.2344186
1452	T	0.411	0.2270002
1453	C	0.356	0.2202732
1454	C	0.438	0.2208241
1455	C	0.521	0.226012
1456	T	0.063	0.2265398
1457	T	0.061	0.2242061
1458	C	0.136	0.2175193
1459	A	-0.123	0.2112383
1460	C	-0.062	0.209272
1461	T	0.383	0.2087593
1462	G	0.352	0.209458
1463	T	0.209	0.2073394
1464	C	0.407	0.1934003
1465	T	0.478	0.1876163
1466	C	0.433	0.1663758
1467	T	0.403	0.168474
1468	C	0.454	0.1596412
1469	C	0.370	0.161949
1470	T	0.177	0.1624581
1471	G	0.176	0.1463527
1472	G	0.425	0.1406814
1473	G	0.464	0.1302374
1474	T	0.313	0.1226615
1475	T	-0.154	0.1140688
1476	T	-0.440	0.1131586
1477	A	-0.541	0.1212224
1478	A	-0.279	0.1290414
1479	C	0.397	0.1287752
1480	T	0.436	0.1282583
1481	C	0.094	0.1320874
1482	A	-0.345	0.1320623
1483	G	-0.338	0.1297689
1484	A	-0.353	0.1312869
1485	G	0.309	0.1204915
1486	G	-0.171	0.1174905
1487	C	0.366	0.1139552
1488	T	0.430	0.1172729
1489	G	-0.223	0.1108923
1490	G	0.233	0.1033991
1491	C	0.145	0.09595606
1492	G	-0.209	0.09384898
1493	A	-0.247	0.09814295
1494	G	0.103	0.1144358
1495	C	0.167	0.1436724
1496	A	0.218	0.1587953
1497	G	0.373	0.1571686
1498	G	0.333	0.1540394
1499	G	0.347	0.1441128
1500	G	0.406	0.1557585
1501	C	0.395	0.1774035
1502	T	0.488	0.1896188
1503	G	0.014	0.1858949
1504	A	0.346	0.1935681
1505	C	0.243	0.1967961
1506	C	0.296	0.197162
1507	A	-0.053	0.213181
1508	G	0.155	0.2127374
1509	T	0.196	0.2204456
1510	G	0.237	0.2139582
1511	T	0	0.2271891
 1512	G	0.145	0.2183984
1513	T	0.510	0.2163674
1514	G	0.264	0.2037727
1515	T	0.338	0.2016001
1516	C	0.324	0.20387
1517	G	-0.262	0.2003144
1518	G	0.074	0.193125
1519	A	0.440	0.182134
1520	G	0.086	0.174853
1521	A	0.175	0.1773731
1522	C	0.104	0.1768431
1523	T	0.482	0.1822522
1524	C	0.443	0.180244
1525	T	0.353	0.190439
1526	C	0.217	0.196967
1527	C	0.422	0.1947142
1528	G	-0.443	0.1961596
1529	A	0.228	0.1970452
1530	G	-0.212	0.1929993
1531	T	0.094	0.1769824
1532	G	-0.234	0.1820445
1533	G	0.295	0.1802598
1534	C	0.415	0.17327
1535	C	0.219	0.1792686
1536	A	0.147	0.1645095
1537	G	0	0.1476079
 1538	C	0.226	0.1306035
1539	A	0.105	0.1237675
1540	C	0.327	0.1301789
1541	G	0.438	0.1235405
1542	G	0.224	0.1182662
1543	G	0.313	0.1124958
1544	C	0.390	0.1056446
1545	A	0.115	0.1059507
1546	G	0.289	0.1296627
1547	G	0.031	0.1351866
1548	G	0	0.1533992
 1549	A	-0.065	0.1625517
1550	G	0.446	0.1544781
1551	C	0.274	0.1370719
1552	T	0.072	0.1116298
1553	C	-0.046	0.1029354
1554	A	-0.457	0.1108341
1555	T	-0.167	0.1233559
1556	A	-0.525	0.1292671
1557	G	-0.071	0.1305362
1558	G	0.335	0.126781
1559	C	0.243	0.1259336
1560	T	0.253	0.130472
1561	T	0.145	0.1307575
1562	G	-0.028	0.1310487
1563	G	0.433	0.1362164
1564	C	0.410	0.1393945
1565	C	0.427	0.1440563
1566	C	0.443	0.1381597
1567	T	0.423	0.1499537
1568	G	-0.525	0.1281157
1569	A	-0.331	0.1115878
1570	G	-0.500	0.09485727
1571	A	-0.093	0.08834085
1572	C	0.431	0.09846579
1573	C	0.450	0.1008335
1574	A	0.439	0.1114863
1575	G	0.150	0.108368
1576	G	0.191	0.1094434
1577	T	0.407	0.1114631
1578	C	0.387	0.106884
1579	C	0.324	0.1046817
1580	T	0.401	0.1099809
1581	G	0.301	0.1061216
1582	T	0.403	0.1055963
1583	C	0.199	0.102725
1584	T	-0.212	0.1015596
1585	G	0.358	0.09817605
1586	A	-0.339	0.1239781
1587	G	-0.320	0.1387284
1588	A	-0.529	0.1467295
1589	A	-0.281	0.1595413
1590	G	-0.092	0.1389241
1591	G	-0.082	0.1129925
1592	A	-0.142	0.09192918
1593	G	-0.183	0.07610232
1594	G	0.374	0.06129298
1595	C	0.316	0.03743532
1596	A	0.088	0.01312323
1597	G	0.066	-0.009391294
1598	G	0.162	-0.02554396
1599	T	0.294	-0.03178778
1600	C	0.391	-0.03201875
1601	C	0.324	-0.02725898
1602	T	0.401	-0.009364364
1603	G	0.301	-0.008788058
1604	T	0.403	0.008952636
1605	C	0.199	0.02758025
1606	T	-0.212	0.04229883
1607	G	0.367	0.0610778
1608	A	-0.310	0.06835394
1609	G	-0.482	0.0778694
1610	A	-0.319	0.09281095
1611	A	-0.418	0.1034358
1612	G	-0.341	0.104495
1613	A	-0.451	0.1072309
1614	A	-0.487	0.1081059
1615	G	-0.486	0.1181106
1616	G	-0.180	0.1256759
1617	A	0.076	0.1165201
1618	C	0.395	0.106681
1619	C	0.371	0.1105615
1620	C	0.431	0.09125007
1621	C	0.379	0.08592104
1622	C	0.299	0.08351809
1623	A	0.349	0.08968821
1624	C	0	0.1077061
 1625	C	0.394	0.1090458
1626	C	0.169	0.1257323
1627	C	0.259	0.1519031
1628	T	0.395	0.1725747
1629	C	0.199	0.1828666
1630	C	0.412	0.1770034
1631	T	0.414	0.1753519
1632	G	0.120	0.1785912
1633	C	0.426	0.2001606
1634	C	0.434	0.2168606
1635	T	-0.034	0.226456
1636	G	0.037	0.221359
1637	G	0.463	0.2231399
1638	G	-0.294	0.2233077
1639	A	0.109	0.2251224
1640	C	0.317	0.2184546
1641	C	0.421	0.2114804
1642	C	0.436	0.1972521
1643	T	0.415	0.176918
1644	G	0.290	0.1728495
1645	C	0.459	0.1616204
1646	C	0.424	0.1461217
1647	T	-0.048	0.1493457
1648	T	-0.552	0.1424015
1649	A	-0.510	0.1441836
1650	G	-0.371	0.1317302
1651	G	0.290	0.1229432
1652	C	0.420	0.107667
1653	T	0.422	0.1001937
1654	C	0.211	0.09866941
1655	A	0.435	0.1003451
1656	C	0.437	0.1101972
1657	T	0.444	0.09591701
1658	C	0.059	0.07243835
1659	T	0.098	0.06072076
1660	A	-0.512	0.04080757
1661	A	-0.337	0.02141771
1662	T	0.022	0.003457653
1663	G	-0.144	-0.007811403
1664	A	-0.162	-0.0306666
1665	C	0.315	-0.03881112
1666	C	0.162	-0.03447532
1667	T	0.478	-0.01564162
1668	A	-0.328	-0.01395493
1669	A	0.110	-0.03065554
1670	T	-0.115	-0.03667393
1671	T	-0.303	-0.06029115
1672	T	-0.017	-0.07714787
1673	C	0.524	-0.09960109
1674	A	0.060	-0.1003723
1675	A	-0.404	-0.1067413
1676	T	-0.528	-0.1148511
1677	T	0	-0.1039163
 1678	T	-0.280	-0.09017259
1679	G	-0.282	-0.09454587
1680	A	-0.356	-0.09894831
1681	T	0.053	-0.09708834
1682	T	-0.397	-0.08552029
1683	G	-0.341	-0.0910189
1684	A	-0.396	-0.09239034
1685	A	0.167	-0.1025993
1686	T	-0.310	-0.1070876
1687	G	-0.310	-0.1133145
1688	C	0.204	-0.1232928
1689	A	-0.427	-0.1256092
1690	A	-0.395	-0.128699
1691	A	-0.373	-0.1514754
1692	T	0.410	-0.1414173
1693	C	0.215	-0.1182076
1694	T	-0.232	-0.09312565
1695	G	0.492	-0.09564023
1696	A	-0.017	-0.09050995
1697	A	-0.494	-0.08627476
1698	T	-0.135	-0.08792345
1699	T	-0.077	-0.08500831
1700	T	0.254	-0.06261279
1701	G	0.117	-0.04268651
1702	C	0.113	-0.02813081
1703	T	0.111	-0.04072962
1704	A	-0.489	-0.03842481
1705	G	-0.113	-0.03105009
1706	A	-0.474	-0.04987667
1707	A	-0.387	-0.03373387
1708	G	-0.128	-0.02069257
1709	A	-0.295	-0.005702131
1710	C	0.422	-0.007509408
1711	C	0.431	-0.004624658
1712	T	0.374	0.01348012
1713	G	-0.090	0.003984758
1714	A	-0.095	0.008127703
1715	T	-0.129	0.01922935
1716	T	-0.415	0.01472629
1717	T	0.158	0.006128858
1718	C	0.408	-0.01233403
1719	A	0.375	-0.0232667
1720	T	0.127	-0.03381767
1721	C	-0.286	-0.03125159
1722	T	-0.227	-0.02689278
1723	T	-0.045	-0.02263022
1724	T	-0.473	-0.003734189
1725	C	0.153	0.0090931
1726	C	0.074	0.01911102
1727	G	0.166	0.02401354
1728	G	0.345	0.003337267
1729	G	0.319	0.001009406
1730	T	0.418	0.002717656
1731	T	0.150	0.01416432
1732	C	0.131	0.02656293
1733	A	-0.094	0.04211232
1734	G	-0.297	0.05157992
1735	T	-0.386	0.04756109
1736	A	-0.410	0.03446768
1737	A	-0.276	0.03533443
1738	A	-0.266	0.03778673
1739	C	0.203	0.05603943
1740	A	-0.332	0.05686307
1741	T	0.039	0.06647746
1742	G	0.205	0.08267062
1743	A	0.074	0.06706479
1744	C	0.231	0.05449611
1745	A	-0.119	0.04511036
1746	T	-0.321	0.04464605
1747	T	0.347	0.04825522
1748	C	0.436	0.04253219
1749	T	0.321	0.04364011
1750	C	0.350	0.05012061
1751	C	0.429	0.05275746
1752	G	-0.074	0.0470316
1753	T	0.013	0.04656199
1754	G	-0.062	0.05377966
1755	G	0.407	0.07333002
1756	G	0.216	0.09209738
1757	G	0.370	0.0990026
1758	G	-0.197	0.1171575
1759	T	0.300	0.1121246
1760	T	0.109	0.09853531
1761	T	-0.408	0.09418203
1762	A	-0.378	0.08567984
1763	T	-0.171	0.07596742
1764	T	0.328	0.09143659
1765	T	0.449	0.07882384
1766	G	0.212	0.07652414
1767	T	0.190	0.07831084
1768	G	0.364	0.07592248
1769	G	0	0.0660724
 1770	A	-0.504	0.07843022
1771	A	-0.403	0.08805771
1772	C	-0.150	0.09171177
1773	T	0.427	0.08980824
1774	C	0.408	0.09411369
1775	C	0.452	0.09288082
1776	C	0.320	0.1041242
1777	A	-0.141	0.1035637
1778	G	-0.283	0.1061935
1779	T	-0.082	0.129025
1780	C	-0.074	0.1520237
1781	A	-0.468	0.1691893
1782	G	0.235	0.1521742
1783	A	-0.106	0.1444727
1784	G	0.353	0.1470361
1785	C	0.385	0.1459387
1786	T	0.264	0.1418184
1787	G	0.075	0.1467364
1788	C	0.370	0.1728593
1789	T	0.360	0.1958739
1790	G	0.068	0.2106929
1791	C	0.338	0.2044833
1792	C	0.371	0.1952698
1793	C	0.326	0.188686
1794	C	0.207	0.1735701
1795	A	0.280	0.1681548
1796	G	0.203	0.1739249
1797	C	0.413	0.1860134
1798	C	0.449	0.1907117
1799	C	0.446	0.2055454
1800	A	-0.284	0.1927583
1801	G	0.171	0.2070913
1802	C	0.305	0.2065959
1803	A	0.150	0.2001082
1804	G	0.216	0.1974515
1805	G	0.177	0.2084763
1806	G	0.436	0.1981975
1807	C	0.424	0.202488
1808	T	0.382	0.2032101
1809	C	0.204	0.1845257
1810	A	0.077	0.1661959
1811	G	0.215	0.1419465
1812	C	-0.223	0.1238791
1813	G	-0.336	0.1086279
1814	A	-0.076	0.09730416
1815	C	0.353	0.07428685
1816	G	0.095	0.04790302
1817	T	0.065	0.02408985
1818	G	-0.225	0.0227281
1819	C	0.409	0.004779603
1820	A	0.335	0.007495158
1821	C	0.152	0.01146588
1822	T	0.168	0.01852224
1823	G	0.472	0.02167799
1824	G	0	-0.003562647
 1825	T	0.515	-0.01464677
1826	T	0.094	-0.03087636
1827	T	-0.334	-0.02689025
1828	T	-0.288	-0.0275104
1829	A	-0.546	-0.03281709
1830	G	-0.443	-0.02013618
1831	G	-0.268	-0.02249482
1832	A	-0.203	-0.02894934
1833	G	-0.415	-0.04828298
1834	T	-0.499	-0.06009254
1835	A	-0.410	-0.07285975
1836	A	-0.333	-0.05249225
1837	A	-0.474	-0.06337319
1838	T	0.402	-0.0670328
1839	C	0.293	-0.06334638
1840	C	0.470	-0.05651621
1841	G	0.290	-0.06445799
1842	A	-0.472	-0.06479241
1843	A	0.025	-0.07444969
1844	G	-0.201	-0.07215323
1845	C	0.347	-0.0515042
1846	A	0.054	-0.0348669
1847	A	0.024	-0.009400092
1848	C	0.233	0.01378399
1849	A	-0.421	0.03252724
1850	G	-0.308	0.0437108
1851	A	-0.342	0.06685157
1852	A	-0.330	0.08022761
1853	G	-0.394	0.09770664
1854	C	0.508	0.1181361
1855	G	0.017	0.1424289
1856	T	0.203	0.1394088
1857	T	0.285	0.1412464
1858	C	0.414	0.1329304
1859	G	0.186	0.1260548
1860	C	-0.012	0.1510734
1861	A	0.167	0.1628384
1862	C	0.177	0.1795959
1863	T	0.409	0.1821036
1864	G	0.310	0.1923859
1865	G	0.370	0.204299
1866	C	0.391	0.2021367
1867	T	0.406	0.2174036
1868	C	0.198	0.2360989
1869	T	0.417	0.2387301
1870	G	-0.018	0.2599067
1871	G	0.218	0.268667
1872	G	0.402	0.2595945
1873	T	0.400	0.2648897
1874	G	0.294	0.271111
1875	C	0.360	0.275175
1876	A	0.171	0.2755582
1877	G	0.043	0.2724375
1878	C	0.428	0.2795178
1879	C	0.449	0.2862058
1880	T	0.401	0.2940539
1881	G	0.437	0.2863199
1882	C	0.424	0.2837979
1883	A	0.453	0.2859396
1884	T	0.155	0.2883043
1885	C	0.128	0.2758268
1886	T	0.364	0.2665693
1887	T	-0.248	0.2512609
1888	C	0.432	0.2523632
1889	A	-0.079	0.2519957
1890	G	0.181	0.2512403
1891	C	0.208	0.239415
1892	C	0.427	0.2360839
1893	C	0.431	0.2332782
1894	T	0.428	0.239137
1895	G	0.073	0.2321625
1896	G	0.242	0.2202639
1897	G	0.408	0.2029403
1898	G	0.459	0.204321
1899	C	0.130	0.1872754
1900	A	0.219	0.1622212
1901	C	0.447	0.1539312
1902	T	0.476	0.158337
1903	G	-0.043	0.1525698
1904	A	-0.134	0.1529556
1905	T	-0.133	0.173793
1906	G	0.021	0.1713408
1907	C	0.205	0.1678808
1908	T	0.375	0.1478504
1909	G	-0.025	0.1373832
1910	G	0.174	0.1371034
1911	G	0.259	0.1296719
1912	C	0.382	0.129183
1913	A	-0.207	0.1280177
1914	G	0	0.1151236
 1915	C	-0.174	0.1027374
1916	T	0.451	0.0762368
1917	T	-0.175	0.07195324
1918	C	-0.477	0.07251358
1919	T	0.154	0.05408502
1920	C	0.313	0.04485472
1921	G	-0.079	0.05310307
1922	G	0.378	0.0640796
1923	C	0.501	0.07400604
1924	T	0.343	0.08486771
1925	T	-0.203	0.08608262
1926	C	-0.539	0.07376911
1927	A	-0.168	0.06387345
1928	C	0.417	0.06282395
1929	T	0.163	0.06685447
1930	C	0.410	0.06638531
1931	G	0.031	0.07466704
1932	G	-0.221	0.06704288
1933	G	-0.037	0.07814926
1934	A	-0.494	0.06272596
1935	A	-0.023	0.06070215
1936	G	0.239	0.07714818
1937	G	-0.216	0.06692757
1938	G	0.144	0.06426896
1939	A	0.253	0.07816046
1940	C	0.260	0.07930824
1941	T	0.224	0.0706384
1942	C	0.412	0.05370593
1943	A	0.249	0.04541054
1944	G	-0.068	0.04948776
1945	G	-0.381	0.06279849
1946	A	0.136	0.05918015
1947	G	0.404	0.06129224
1948	C	0.365	0.06194487
1949	G	0.090	0.06697607
1950	A	-0.274	0.07223658
1951	G	0.225	0.07754522
1952	G	-0.103	0.09825674
1953	T	-0.248	0.1062061
1954	G	0.115	0.1113051
1955	G	-0.213	0.1052206
1956	T	0.218	0.107259
1957	G	0.420	0.09525486
1958	G	0.419	0.09997247
1959	G	0.189	0.09374661
1960	G	-0.265	0.07422877
1961	A	-0.502	0.05892202
1962	A	-0.392	0.05751746
1963	G	0.310	0.07909366
1964	C	0.287	0.08474491
1965	C	0.239	0.07702149
1966	A	0.434	0.06368552
1967	G	0.213	0.06384599
1968	C	-0.031	0.07147016
1969	A	0.153	0.07739938
1970	G	0.251	0.09133352
1971	C	0.262	0.09343807
1972	T	0.423	0.09086288
1973	T	-0.435	0.08770436
1974	G	0.217	0.09351491
1975	G	-0.178	0.07755174
1976	C	0.430	0.06228458
1977	T	0	0.05188172
 1978	G	-0.290	0.06489161
1979	A	-0.301	0.08319988
1980	G	-0.118	0.09680479
1981	G	0.395	0.09058531
1982	C	0.340	0.06898367
1983	G	0.126	0.06675759
1984	G	-0.114	0.06498286
1985	C	0.095	0.07050811
1986	A	0	0.08322586
 1987	G	0.438	0.08525408
1988	T	0.397	0.08569691
1989	G	-0.172	0.08485444
1990	G	0.022	0.06486022
1991	A	-0.327	0.07243752
1992	G	0.427	0.0740578
1993	G	-0.154	0.0904058
1994	T	-0.129	0.07736526
1995	G	-0.184	0.08866898
1996	G	0.202	0.1074956
1997	T	0.156	0.1279429
1998	C	0.096	0.1449595
1999	C	0.086	0.1453375
2000	A	-0.490	0.1342155
2001	G	0.159	0.1226267
2002	C	0.370	0.1112724
2003	T	0.411	0.1011712
2004	C	0.425	0.09803831
2005	C	0.226	0.0785595
2006	G	0.267	0.07837078
2007	C	0.232	0.08958214
2008	G	-0.296	0.1000739
2009	A	-0.162	0.1148655
2010	C	0.275	0.11239
2011	T	0.410	0.1241781
2012	G	-0.038	0.1351333
2013	C	0.406	0.145015
2014	T	0.387	0.1483616
2015	C	0.434	0.1535339
2016	C	0.493	0.1606157
2017	C	0.408	0.1667561
2018	A	-0.060	0.1917443
2019	C	-0.291	0.1938495
2020	A	-0.523	0.1920856
2021	G	-0.267	0.1868888
2022	A	-0.112	0.1839125
2023	G	-0.262	0.1897813
2024	C	0.390	0.1917367
2025	A	0.230	0.1754157
2026	G	0.400	0.1881464
2027	G	0.205	0.1978357
2028	G	0.338	0.1948752
2029	C	0.270	0.1951863
2030	T	0.264	0.1938995
2031	G	0.171	0.1820416
2032	C	0.323	0.1592966
2033	C	0.343	0.1486544
2034	G	0.351	0.1470606
2035	C	0.307	0.1424671
2036	T	0.409	0.1398002
2037	C	0.235	0.1549439
2038	G	0.307	0.1729018
2039	G	0.224	0.1879171
2040	G	0.318	0.2001127
2041	C	0.437	0.2178575
2042	A	0.337	0.2198419
2043	G	-0.355	0.2105873
2044	T	0.161	0.2028487
2045	G	0.186	0.1905514
2046	T	0.169	0.1875352
2047	G	0.421	0.1902772
2048	C	-0.085	0.1933053
2049	A	-0.019	0.2002347
2050	G	-0.431	0.2009943
2051	A	0.051	0.1925599
2052	G	0.436	0.1676691
2053	T	0.243	0.1548216
2054	G	-0.156	0.1504607
2055	C	0.254	0.1566276
2056	A	0.122	0.1441999
2057	G	0.272	0.1449888
2058	C	0.326	0.1489285
2059	C	0.376	0.1342844
2060	G	0.462	0.1271242
2061	C	-0.102	0.1396188
2062	T	0.121	0.1499409
2063	T	-0.237	0.1382148
2064	G	0.229	0.1329053
2065	G	0.369	0.1166705
2066	G	0.373	0.1301666
2067	G	0.420	0.1218415
2068	C	0.350	0.1274017
2069	C	0.039	0.1221684
2070	A	-0.544	0.1007648
2071	A	-0.154	0.08522188
2072	C	0.252	0.08494288
2073	T	0.457	0.08473444
2074	T	-0.140	0.09309622
2075	G	0.253	0.09380597
2076	C	0.460	0.09214716
2077	C	-0.089	0.09372238
2078	A	0.079	0.06919766
2079	T	0.094	0.0595548
2080	C	0.533	0.04442177
2081	A	-0.235	0.04448752
2082	T	-0.021	0.02942172
2083	A	-0.162	0.007909217
2084	T	0.400	-0.005540978
2085	G	-0.319	-0.02821662
2086	T	-0.231	-0.02665234
2087	A	-0.137	-0.02111119
2088	T	-0.334	-0.01050431
2089	A	-0.316	0.001979806
2090	A	-0.166	0.007034306
2091	C	0.246	-0.003887489
2092	C	0.424	-0.01225157
2093	A	0.298	-0.02784038
2094	C	0.266	-0.05455532
2095	T	0.433	-0.06637622
2096	T	-0.420	-0.07459731
2097	T	-0.449	-0.07827864
2098	T	-0.423	-0.08198372
2099	A	-0.234	-0.06354078
2100	A	-0.312	-0.05827344
2101	T	-0.405	-0.04411803
2102	G	-0.110	-0.04706533
2103	A	-0.395	-0.03155564
2104	C	0.406	-0.02240017
2105	A	0.238	-0.01504378
2106	T	-0.162	-0.005765253
2107	G	0.294	-0.004544225
2108	C	0.434	-0.01072789
2109	T	0.064	-0.006058503
2110	A	-0.441	-0.01047875
2111	A	-0.307	-0.01352695
2112	T	-0.501	-0.0257597
2113	T	-0.515	-0.04477925
2114	A	-0.216	-0.03690198
2115	G	-0.037	-0.02389793
2116	G	0.399	-0.02549893
2117	G	0.428	-0.03264387
2118	G	0.167	-0.01464229
2119	G	0.346	-0.007110456
2120	C	0.294	0.007637128
2121	G	0.238	0.02951549
2122	G	0.098	0.02232193
2123	G	0.127	0.006708572
2124	T	0	0.007743656
 2125	T	-0.272	0.009049211
2126	A	-0.389	-0.005035042
2127	T	0.414	-0.01088461
2128	T	0.264	-0.003039053
2129	C	0.188	0.0009590583
2130	A	-0.173	0.01210593
2131	G	-0.251	0.03798929
2132	A	-0.136	0.05570371
2133	T	0.018	0.06875403
2134	A	-0.480	0.05338172
2135	T	-0.492	0.03079444
2136	A	0.335	0.02997889
2137	G	-0.134	0.02407458
2138	C	0.420	0.02122833
2139	T	0.391	0.02222486
2140	G	0.147	0.02422198
2141	G	-0.323	0.03017231
2142	A	-0.125	0.04277417
2143	G	0.341	0.05627011
2144	G	-0.072	0.06267022
2145	A	-0.146	0.0571607
2146	T	-0.158	0.05724714
2147	G	-0.163	0.0559885
2148	G	-0.099	0.05699434
2149	G	0.416	0.06139206
2150	C	0.421	0.05901389
2151	A	0.432	0.06543707
2152	G	-0.153	0.08030413
2153	T	-0.384	0.09553792
2154	T	0.138	0.08097792
2155	G	0.134	0.09059431
2156	C	0.192	0.0889549
2157	T	0.274	0.0906672
2158	T	0.170	0.08915195
2159	C	0.341	0.09669704
2160	C	0.453	0.09361687
2161	A	0.213	0.0773897
2162	G	-0.158	0.07030082
2163	G	0.216	0.06798393
2164	T	0.267	0.05766312
2165	G	0.143	0.0727209
2166	T	-0.137	0.07834311
2167	T	-0.093	0.05681339
2168	G	-0.222	0.0382058
2169	C	0.249	0.03259222
2170	C	0.054	0.04709972
2171	A	0.056	0.05241511
2172	A	-0.188	0.04468669
2173	G	0.211	0.02943939
2174	G	0.361	0.0184425
2175	C	0.453	0.01362028
2176	A	0.093	0.02016286
2177	G	-0.051	0.01342671
2178	T	-0.235	0.008947931
2179	G	-0.242	0.01573157
2180	A	-0.327	0.02471063
2181	G	-0.229	0.01806294
2182	A	-0.530	0.005701944
2183	G	0.378	0.006732306
2184	C	0.102	0.022152
2185	A	-0.358	0.03504769
2186	A	-0.248	0.05271891
2187	C	0.229	0.05418755
2188	G	0.368	0.05752341
2189	G	-0.193	0.06869248
2190	G	-0.139	0.08274625
2191	A	-0.414	0.06322147
2192	A	-0.203	0.05015156
2193	C	0.100	0.04177678
2194	T	0.405	0.0510977
2195	G	0.099	0.05253011
2196	C	0.292	0.0680915
2197	C	0.457	0.08771106
2198	C	0.164	0.1007232
2199	T	-0.022	0.1040666
2200	T	-0.177	0.1114029
2201	G	0.180	0.1101222
2202	G	0.417	0.1137529
2203	C	0.371	0.130931
2204	G	0.413	0.1503155
2205	C	0.302	0.146203
2206	C	0.174	0.1380719
2207	T	0.458	0.1543804
2208	C	0.317	0.1707982
2209	T	-0.490	0.1949936
2210	T	-0.109	0.1967489
2211	C	0.151	0.1987494
2212	C	0.428	0.18015
2213	A	0	0.1749103
 2214	G	0.324	0.1766494
2215	C	0.463	0.1690728
2216	T	0.140	0.1603479
2217	T	-0.109	0.1617397
2218	T	-0.266	0.1697316
2219	G	0.331	0.1720495
2220	G	0.233	0.1724363
2221	C	0.260	0.1703979
2222	C	0.449	0.1701969
2223	T	0.081	0.161791
2224	G	0.075	0.1577374
2225	T	0.393	0.1397255
2226	C	0.451	0.1229964
2227	T	0.456	0.143363
2228	T	-0.140	0.1564737
2229	T	0.172	0.1531195
2230	G	-0.263	0.1473711
2231	G	-0.089	0.1556928
2232	T	0.355	0.1577639
2233	C	0.185	0.1573307
2234	G	-0.149	0.1585522
2235	G	0.027	0.1683317
2236	G	0.110	0.1876133
2237	T	0.263	0.1930592
2238	C	0.431	0.1870075
2239	C	0.297	0.171868
2240	G	0.406	0.1701665
2241	G	0	0.171234
 2242	G	0.028	0.1609131
2243	G	-0.190	0.1604082
2244	A	-0.285	0.1386937
2245	C	0.242	0.1280306
2246	C	0.362	0.1248121
2247	A	0.031	0.1181058
2248	G	0.221	0.1247636
2249	G	0.299	0.1350789
2250	C	0.398	0.1211637
2251	T	0.448	0.1109909
2252	T	0.184	0.1211222
2253	G	0.242	0.1304294
2254	C	0.427	0.1409351
2255	C	0.528	0.130846
2256	T	0.015	0.1202162
2257	A	-0.284	0.1006569
2258	C	0.388	0.0939563
2259	C	0.120	0.08939355
2260	A	-0.295	0.09064866
2261	C	0.375	0.08518513
2262	G	-0.330	0.1024192
2263	T	0.072	0.1098383
2264	T	-0.256	0.1112918
2265	T	-0.068	0.1227282
2266	T	-0.024	0.1210737
2267	C	0.281	0.1230494
2268	T	-0.145	0.1213901
2269	G	-0.181	0.1144491
2270	T	0.215	0.100798
2271	G	0.362	0.08285414
2272	T	0.488	0.05750651
2273	C	-0.099	0.03035206
2274	A	0.048	0.01702966
2275	A	-0.406	0.01404316
2276	A	0.165	-0.0009848917
2277	A	-0.164	-0.004966169
2278	C	0.073	0.01393203
2279	A	-0.386	0.002667578
2280	G	0.335	0.01117595
2281	T	0.509	0.006144275
2282	C	0.415	0.005550442
2283	A	0.442	-0.003084992
2284	C	0.162	0.007175581
2285	G	0.370	0.008618553
2286	C	0.339	0.01308899
2287	A	0.198	0.02971308
2288	G	-0.306	0.01903641
2289	A	-0.403	0.01708952
2290	A	-0.484	0.01166599
2291	A	-0.449	0.01955599
2292	T	-0.464	0.007866164
2293	A	-0.392	0.02580939
2294	A	-0.152	0.007486914
2295	A	-0.023	0.01257876
2296	C	0.384	0.005614878
2297	A	-0.030	0.00319185
2298	G	-0.024	-0.01745198
2299	T	-0.108	-0.04046984
2300	G	-0.277	-0.06586357
2301	A	-0.379	-0.09272043
2302	C	0.345	-0.09433854
2303	A	0.333	-0.09232273
2304	G	0.015	-0.09343421
2305	C	0.417	-0.109791
2306	A	-0.169	-0.1051267
2307	C	0.292	-0.1041345
2308	T	0.293	-0.0995719
2309	G	0.184	-0.09888204
2310	T	-0.372	-0.1009108
2311	G	0.239	-0.1010241
2312	A	-0.494	-0.1036955
2313	T	0.019	-0.1098216
2314	G	-0.177	-0.1272188
2315	A	-0.473	-0.1276109
2316	G	-0.407	-0.1228382
2317	A	-0.319	-0.1141484
2318	A	-0.499	-0.1115174
2319	A	-0.523	-0.1049245
2320	A	0.104	-0.126545
2321	G	0.443	-0.1227518
2322	C	0.299	-0.1132951
2323	G	-0.390	-0.1164317
2324	A	-0.138	-0.1104332
2325	A	-0.367	-0.1222605
2326	G	-0.320	-0.1341021
2327	A	-0.424	-0.1321697
2328	A	-0.537	-0.1115283
2329	A	-0.396	-0.1061998
2330	C	-0.248	-0.08446271
2331	A	-0.243	-0.08026274
2332	A	-0.241	-0.0645508
2333	C	-0.044	-0.03784477
2334	T	0.147	-0.01209083
2335	T	0.204	-0.01054341
2336	A	-0.183	-0.006697606
2337	T	-0.141	0.01934251
2338	T	-0.433	0.01088351
2339	T	0.470	-0.002276064
2340	C	0.355	-0.01128085
2341	A	0.304	-0.0004376833
2342	A	0.046	0.01198279
2343	C	-0.133	0.02372483
2344	T	-0.132	0.04229072
2345	T	0.254	0.0593763
2346	T	0.370	0.08524927
2347	C	0.431	0.1044199
2348	T	0.288	0.1082883
2349	G	0.170	0.1230802
2350	A	0.388	0.1304509
2351	C	0.487	0.1416706
2352	T	0.519	0.141696
2353	T	-0.263	0.1444196
2354	T	-0.360	0.1480126
2355	T	0.413	0.1401198
2356	G	-0.200	0.1457889
2357	T	-0.030	0.1350802
2358	T	-0.025	0.1162559
2359	G	0	0.1037587
 2360	T	0.308	0.1074135
2361	G	0.055	0.1238721
2362	G	0.347	0.123444
2363	C	0.190	0.1202115
2364	C	0.394	0.10127
2365	T	0.293	0.1022022
2366	C	-0.109	0.09612173
2367	A	0.288	0.07989973
2368	G	0.023	0.06091817
2369	C	0.359	0.04572194
2370	A	0.148	0.03331177
2371	C	0.302	0.03626449
2372	T	-0.053	0.05682893
2373	T	-0.426	0.04309119
2374	T	-0.228	0.03620566
2375	T	0.084	0.02464064
2376	G	-0.322	0.01438401
2377	T	-0.145	0.000764875
2378	T	0.178	-0.007276561
2379	T	0.458	0.002579092
2380	G	-0.148	-0.01723769
2381	T	0.137	-0.01860908
2382	G	-0.310	-0.02988616
2383	C	0.464	-0.05310097
2384	T	0.069	-0.05573661
2385	T	-0.413	-0.05660289
2386	A	-0.294	-0.05873387
2387	A	-0.059	-0.06310571
2388	C	0.072	-0.06226307
2389	A	-0.157	-0.06810754
2390	T	0.379	-0.07182226
2391	T	-0.081	-0.07101976
2392	G	-0.448	-0.07750735
2393	A	-0.446	-0.08909887
2394	A	-0.394	-0.08517579
2395	A	-0.490	-0.0718216
2396	A	0.018	-0.06777021
2397	C	0.409	-0.07856499
2398	A	-0.365	-0.07683198
2399	G	0.141	-0.07948551
2400	T	-0.011	-0.06820213
2401	G	-0.542	-0.09180338
2402	A	-0.204	-0.09962921
2403	G	0.257	-0.09720546
2404	G	-0.052	-0.08584177
2405	C	0.202	-0.07922609
2406	A	0.178	-0.08828394
2407	G	0.091	-0.07297914
2408	T	-0.187	-0.08200832
2409	G	-0.397	-0.08696921
2410	T	-0.462	-0.0763833
2411	A	-0.332	-0.07412455
2412	A	-0.180	-0.06683747
2413	A	0.335	-0.04220002
2414	C	0.324	-0.0287777
2415	T	0.070	-0.0407131
2416	G	-0.085	-0.02950436
2417	T	0.042	-0.04591758
2418	G	0.095	-0.03491255
2419	A	-0.384	-0.02064174
2420	G	-0.212	-0.01932227
2421	A	-0.326	-0.02589949
2422	T	0.114	-0.01699183
2423	G	0.178	-0.03051924
2424	T	-0.253	-0.03886988
2425	G	0.393	-0.04575066
2426	A	0.054	-0.05250369
2427	T	-0.259	-0.03745485
2428	T	-0.067	-0.03236002
2429	T	-0.365	-0.0312983
2430	T	-0.132	-0.03510888
2431	T	0.396	-0.04687113
2432	C	0.501	-0.04806835
2433	A	-0.019	-0.04877836
2434	T	0.037	-0.05128901
2435	T	-0.449	-0.06064958
2436	T	0.384	-0.06621444
2437	G	-0.028	-0.04407891
2438	G	-0.156	-0.04445227
2439	T	0.020	-0.02291485
2440	A	0.267	-0.02739066
2441	A	-0.284	-0.02810405
2442	G	-0.121	-0.009812581
2443	T	-0.156	-0.01874109
2444	G	-0.430	-0.01147689
2445	C	0.144	-0.01106444
2446	A	-0.279	-0.009933706
2447	A	-0.294	-0.008636817
2448	A	-0.318	-0.01886737
2449	T	-0.088	-0.02687271
2450	T	0.281	-0.03452518
2451	T	0.044	-0.02720605
2452	T	-0.176	-0.01533899
2453	A	-0.294	0.006788456
2454	G	-0.105	0.009569039
2455	T	0.412	0.005700511
2456	T	-0.225	0.01336034
2457	C	0.448	0.003582981
2458	A	-0.046	-0.01812002
2459	T	0.152	-0.01274855
2460	T	0.404	-0.009363911
2461	C	0.072	-0.005429636
2462	A	0.316	0.002318281
2463	T	-0.244	0.007782781
2464	G	-0.026	0.02705839
2465	A	-0.318	0.04198181
2466	A	-0.500	0.03989675
2467	A	0.108	0.02954939
2468	C	0.226	0.01087214
2469	C	0.243	-0.001423267
2470	A	0.465	0.005139711
2471	G	0.346	0.003344378
2472	T	0.484	-0.004558594
2473	T	-0.167	-0.02738346
2474	T	0.118	-0.02538882
2475	T	-0.331	-0.04791796
2476	G	-0.513	-0.05581934
2477	A	-0.091	-0.05496409
2478	A	0	-0.06229767
 2479	G	-0.014	-0.06628316
2480	A	-0.151	-0.08374305
2481	T	0.341	-0.07921778
2482	C	0.414	-0.06886378
2483	T	0.243	-0.04552337
2484	T	-0.393	-0.03965964
2485	T	-0.460	-0.03842278
2486	A	-0.391	-0.03325006
2487	A	-0.397	-0.02552692
2488	A	0.060	-0.02825334
2489	A	-0.359	-0.05234484
2490	T	-0.389	-0.08074759
2491	A	-0.409	-0.08789153
2492	G	-0.154	-0.09937384
2493	A	-0.362	-0.09724648
2494	A	-0.331	-0.08603873
2495	T	0.183	-0.08739895
2496	T	0.140	-0.07750084
2497	T	-0.071	-0.07591639
2498	A	-0.312	-0.07900292
2499	G	-0.081	-0.07588572
2500	T	0.346	-0.08549844
2501	C	0.521	-0.09539119
2502	G	-0.289	-0.08883281
2503	A	0.152	-0.08326142
2504	C	0.412	-0.07747767
2505	C	0.521	-0.05189014
2506	T	0.367	-0.0596842
2507	T	-0.520	-0.06324745
2508	A	-0.538	-0.06546139
2509	A	-0.424	-0.06397289
2510	G	-0.294	-0.06783764
2511	A	-0.254	-0.06628998
2512	A	-0.110	-0.04829495
2513	T	-0.140	-0.05749498
2514	T	0.356	-0.07388481
2515	G	0.042	-0.08607531
2516	T	-0.262	-0.08764562
2517	T	0.453	-0.08971447
2518	A	0.068	-0.09273069
2519	A	-0.113	-0.095728
2520	T	-0.157	-0.07814206
2521	T	-0.260	-0.09460872
2522	G	-0.183	-0.1187358
2523	T	0.523	-0.1452703
2524	T	-0.220	-0.168474
2525	T	-0.487	-0.1587705
2526	A	-0.469	-0.1384236
2527	C	-0.355	-0.1136754
2528	A	-0.293	-0.09171083
2529	A	-0.306	-0.08422737
2530	C	0.316	-0.0931862
2531	T	-0.147	-0.09224734
2532	A	-0.449	-0.111499
2533	A	-0.510	-0.1180913
2534	A	-0.368	-0.1218353
2535	G	-0.156	-0.1470762
2536	A	0.237	-0.1609289
2537	C	0.413	-0.1721239
2538	C	0.343	-0.1820494
2539	A	-0.439	-0.1785198
2540	A	-0.455	-0.1644813
2541	A	-0.433	-0.1655826
2542	A	-0.468	-0.1587918
2543	A	-0.171	-0.1433105
2544	T	0.194	-0.1252341
2545	C	0.466	-0.1221847
2546	C	0.496	-0.1079471
2547	A	0.014	-0.0882629
2548	A	-0.432	-0.09155909
2549	G	-0.106	-0.07428265
2550	A	-0.336	-0.05534254
2551	G	-0.194	-0.04615051
2552	A	-0.397	-0.02771968
2553	A	-0.455	-0.01419046
2554	T	-0.429	-0.02831198
2555	A	-0.516	-0.04650071
2556	A	-0.514	-0.05117537
2557	A	-0.133	-0.03435771
2558	G	0.322	-0.01622526
2559	C	0.483	5.257222e-05
2560	G	0.024	0.01306149
2561	T	0.069	0.02230863
2562	T	0.181	0.02865996
2563	G	-0.246	0.009567433
2564	C	0.219	-0.01474043
2565	A	0.402	-0.003641339
2566	C	0.197	0.01274438
2567	C	0.474	0.0085543
2568	A	0.232	0.01086336
2569	G	-0.179	0.02430033
2570	T	0.294	0.03949224
2571	G	0.330	0.06484272
2572	G	-0.270	0.08929669
2573	T	-0.241	0.09699188
2574	A	0.175	0.1155424
2575	G	0.165	0.1113846
2576	G	0.196	0.0883788
2577	G	0.152	0.06545361
2578	G	0	0.06630832
 2579	T	0.161	0.05523692
2580	T	0.423	0.05409045
2581	T	-0.221	0.06575837
2582	G	-0.378	0.07246731
2583	T	0.414	0.07044198
2584	A	0.157	0.0753227
2585	G	-0.257	0.05606539
2586	T	-0.253	0.03824106
2587	T	0.289	0.03681481
2588	G	0.149	0.01706723
2589	C	0.457	0.01636856
2590	C	0.450	0.02483739
2591	T	-0.239	0.04368636
2592	A	0.153	0.04940409
2593	A	-0.282	0.05300578
2594	A	-0.505	0.03904817
2595	T	-0.341	0.04149498
2596	T	0.054	0.04909167
2597	G	-0.328	0.05204425
2598	T	0.140	0.04782561
2599	A	0.173	0.05539497
2600	C	0.460	0.05799949
2601	C	0.329	0.04138633
2602	T	0.373	0.02609669
2603	T	-0.218	0.02490455
2604	T	-0.408	0.02368333
2605	T	-0.230	0.00240855
2606	A	-0.416	-0.01422728
2607	C	0.305	-0.03572556
2608	A	0.034	-0.05560037
2609	G	0.437	-0.0634887
2610	A	0.381	-0.07231678
2611	T	0.295	-0.05218612
2612	G	-0.305	-0.0287687
2613	T	0.240	-0.01453837
2614	T	0.273	-0.01217307
2615	T	0.267	0.002748683
2616	C	0.271	0.0006747861
2617	A	0.051	-0.01523152
2618	T	-0.285	-0.02221721
2619	T	-0.183	-0.02010099
2620	T	-0.393	-0.01771207
2621	T	-0.300	0.000599175
2622	A	-0.297	0.02344467
2623	T	-0.476	0.0335997
2624	T	-0.449	0.05339826
2625	A	-0.316	0.03680242
2626	A	-0.265	0.03361997
2627	A	-0.523	0.0345818
2628	A	-0.164	0.02549382
2629	C	0.441	0.02056974
2630	T	0.337	0.03526719
2631	C	0.170	0.04191532
2632	A	0.140	0.03397636
2633	C	0.208	0.01428349
2634	T	0.065	-0.004381617
2635	A	-0.398	-0.01463761
2636	G	0.209	-0.009181244
2637	T	0.405	-0.01168941
2638	C	0.459	-0.01436799
2639	A	0.440	-
2640	C	0.413	-
2641	T	0.135	-
2642	G	0.296	-
2643	G	-0.291	-
2644	A	-0.080	-
2645	T	0.471	-
2646	C	0.054	-
2647	T	0.118	-
2648	T	0.223	-
2649	C	0.480	-
2650	T	-0.012	-
2651	A	-0.440	-
2652	T	-0.400	-
2653	T	-0.317	-
2654	C	-0.088	-
2655	A	-0.273	-
2656	A	-0.489	-
