1	C	0.432	-
2	G	0.447	-
3	C	0.353	-
4	G	0.472	-
5	C	0.408	-
6	A	0.429	0.3376532
7	C	-0.171	0.271129
8	G	0.218	0.214867
9	C	0.430	0.1916601
10	C	0.371	0.1865727
11	T	0.322	0.1745737
12	G	-0.299	0.1539277
13	A	-0.171	0.1809918
14	C	0.098	0.1543666
15	C	0.416	0.1365047
16	G	0.276	0.1404728
17	G	0.201	0.1422237
18	A	0.125	0.1859314
19	G	-0.074	0.2424815
20	C	0.234	0.2687591
21	A	0.415	0.2739766
22	C	0.341	0.2766138
23	C	0.181	0.2605773
24	C	0.450	0.2084811
25	C	0.387	0.1644313
26	G	0.473	0.1160068
27	C	0.305	0.03367816
28	T	0.025	0.02116998
29	T	-0.447	0.02510153
30	C	-0.559	-0.007020973
31	A	-0.298	-0.02682288
32	C	-0.490	-0.0326457
33	G	0.203	-0.01611134
34	G	0.224	-0.002028864
35	G	0.096	0.02301095
36	G	0.169	0.07687064
37	G	0.409	0.1392415
38	C	0.487	0.1852731
39	G	0.180	0.1714726
40	T	-0.171	0.1697974
41	T	0.033	0.1816352
42	C	0.387	0.205206
43	T	0.016	0.1792337
44	G	0.052	0.1305599
45	C	0.206	0.1532933
46	G	0.227	0.1956932
47	C	0.429	0.2240138
48	G	0.123	0.2064764
49	T	-0.047	0.2435933
50	C	0.430	0.2777739
51	C	0.294	0.2886174
52	T	0.344	0.2780573
53	T	0.194	0.2651335
54	C	0.424	0.2904363
55	C	0.428	0.3237243
56	T	0.325	0.3042601
57	C	0.111	0.3112461
58	C	0.286	0.3186746
59	C	0.402	0.3339208
60	C	0.318	0.3157706
61	G	0.216	0.3021263
62	G	0.371	0.3109879
63	C	0.426	0.3359381
64	T	0.362	0.2794761
65	G	0.224	0.2140489
66	C	0.277	0.1781984
67	C	0.423	0.1247992
68	T	0.385	0.08406105
69	A	-0.334	0.01935624
70	G	-0.317	0.02098678
71	A	-0.075	-0.03535595
72	T	-0.371	-0.0315844
73	C	-0.076	-0.08202949
74	A	-0.285	-0.08592976
75	C	0.380	-0.01696558
76	A	-0.394	0.02902842
77	C	0.319	0.0743197
78	G	-0.131	0.1335342
79	G	0.342	0.1779127
80	C	0.424	0.2356378
81	C	0.188	0.1590488
82	C	0.422	0.1883037
83	C	0.280	0.1592662
84	G	0.411	0.1675972
85	T	0.349	0.1278257
86	T	-0.462	0.09891529
87	T	-0.073	0.1277613
88	C	0	0.1221913
 89	A	-0.040	0.07849902
90	T	-0.094	0.006637382
91	T	0.106	-0.0369248
92	C	0.505	-0.03236644
93	A	0.361	-0.02000021
94	T	-0.200	-0.05749585
95	T	-0.379	-0.03687467
96	T	-0.129	0.01233011
97	T	-0.412	0.005684309
98	T	0.062	-0.05401996
99	A	-0.412	-0.1285511
100	C	0.186	-0.1469643
101	T	0.446	-0.09746296
102	G	0.033	-0.1028341
103	A	-0.151	-0.02422715
104	A	-0.458	-0.03137901
105	T	-0.402	0.02504199
106	A	0.165	0.05069035
107	A	-0.188	0.05496663
108	C	0.452	0.08505879
109	G	-0.015	0.1091757
110	G	0.208	0.1748922
111	T	0.468	0.2115133
112	C	0.493	0.1974253
113	G	0.364	0.2355378
114	T	0.114	0.2416278
115	T	0.264	0.2021935
116	G	0	0.143797
 117	G	0.010	0.1370447
118	A	0.230	0.100468
119	C	0.519	0.04765218
120	A	-0.449	0.007303182
121	A	-0.434	-0.02419737
122	T	0.394	-0.04360255
123	T	0.091	-0.03427748
124	T	-0.216	-0.1006206
125	A	-0.329	-0.1643072
126	G	-0.082	-0.1089868
127	A	-0.213	-0.04409075
128	G	0.113	-0.04887312
129	A	-0.499	-0.02185092
130	A	-0.180	0.002574936
131	G	0.158	0.02147866
132	C	0.279	-0.008156145
133	A	0.341	-0.02677869
134	G	0.388	-0.07428305
135	C	0.052	-0.03800969
136	A	-0.121	-0.005098145
137	G	-0.408	0.008256855
138	A	-0.418	0.003656491
139	A	-0.409	0.01290795
140	A	-0.100	-0.04911251
141	C	0.181	-0.08168036
142	C	0.305	-0.09942009
143	A	0.229	-0.09150555
144	C	0.443	-0.09524691
145	G	-0.293	-0.09361136
146	A	-0.306	-0.1334153
147	G	-0.316	-0.1805819
148	A	-0.321	-0.2064757
149	A	-0.459	-0.2176007
150	A	-0.391	-0.2312952
151	A	-0.537	-0.1767709
152	A	-0.337	-0.1159668
153	C	0.020	-0.06067811
154	A	0.106	0.003753618
155	G	0.293	0.03246535
156	T	0.305	0.07655268
157	G	0.362	0.09033414
158	G	0.291	0.08680914
159	A	0.387	0.04367406
160	G	-0.143	0.01025552
161	T	0.093	-0.007935782
162	C	-0.386	-0.01704624
163	A	-0.376	-0.01566005
164	A	-0.453	-0.008640145
165	A	-0.260	-0.02968333
166	C	0.092	0.02698322
167	G	0.205	-0.009186573
168	G	0.377	-0.02296775
169	C	0.368	-0.01469575
170	G	0.155	0.04956434
171	G	0.479	0.06779396
172	T	-0.304	0.05082762
173	A	-0.537	0.06971171
174	A	-0.285	0.08383935
175	G	0.253	0.06388471
176	G	-0.060	0.01096153
177	A	-0.093	-0.03627844
178	C	0.413	-0.05034198
179	C	0.533	-0.02389335
180	G	0.149	0.02314602
181	A	-0.426	0.02767465
182	C	-0.039	0.07082375
183	A	-0.459	0.1112128
184	A	-0.246	0.08636176
185	G	0.231	0.05282513
186	G	0.303	0.07723985
187	C	0.414	0.1381437
188	T	0.350	0.1699633
189	G	0.139	0.2345573
190	G	0.164	0.2927139
191	C	0.417	0.29124
192	G	0.243	0.2554943
193	G	0.310	0.2077869
194	G	0.251	0.1997157
195	G	0.392	0.1914785
196	A	0.215	0.1587943
197	C	-0.090	0.1037487
198	A	-0.110	0.08981398
199	T	0.261	0.07735589
200	T	0.049	0.03120307
201	G	-0.195	-0.05143884
202	A	-0.187	-0.07659817
203	G	0.090	-0.03737947
204	C	0.173	-0.003695745
205	A	-0.256	-0.001479382
206	A	-0.516	0.0315644
207	A	-0.061	0.06681704
208	C	0.341	0.1136421
209	G	0.259	0.1468909
210	G	0.286	0.170537
211	C	0.412	0.1844557
212	G	0.192	0.2394141
213	G	0.327	0.2805568
214	C	0.456	0.2142926
215	T	0.433	0.1620598
216	T	-0.103	0.1371542
217	C	0.088	0.1040359
218	T	0.391	0.1108391
219	G	-0.387	0.08109614
220	A	-0.314	0.07830668
221	G	0.012	0.07307759
222	T	0.048	0.1213381
223	T	0.267	0.1352729
224	G	0	0.1370618
 225	G	0.425	0.2173539
226	C	0.375	0.2668613
227	A	0.427	0.302348
228	C	0.241	0.3391231
229	C	0.411	0.3468893
230	T	0.495	0.386939
231	G	0.230	0.3854365
232	T	0.402	0.3606752
233	C	0.453	0.3481604
234	C	0.352	0.3313365
235	T	0.440	0.3243051
236	T	0.408	0.2749447
237	C	0.103	0.2958281
238	A	0.290	0.248618
239	C	0.056	0.2238722
240	C	0.333	0.1435738
241	A	-0.047	0.117148
242	C	0.459	0.06523726
243	G	-0.116	0.01876063
244	T	0.180	0.03092963
245	T	-0.530	0.04742626
246	G	0.149	0.03270135
247	T	-0.162	0.06177545
248	G	-0.407	0.05914955
249	T	0.423	0.07464378
250	G	0.237	0.07212405
251	G	0.171	0.1466568
252	G	0.272	0.1385252
253	A	0.430	0.1632723
254	A	0.053	0.2285966
255	G	0.153	0.2287889
256	T	0.289	0.2132494
257	G	0.060	0.2388079
258	T	0.110	0.1990491
259	G	0.310	0.1580353
260	G	0.425	0.1748175
261	G	0.066	0.1927459
262	G	0.452	0.2053725
263	A	-0.164	0.1850839
264	G	-0.020	0.1817917
265	T	0.238	0.1626565
266	C	0.350	0.1284753
267	G	0.428	0.1412661
268	G	-0.162	0.1369988
269	G	0.073	0.1925291
270	A	0.100	0.2261913
271	T	0.050	0.23884
272	T	0.207	0.2015899
273	C	0.406	0.1897558
274	C	0.446	0.2415326
275	C	0.349	0.2747269
276	A	0.377	0.3055908
277	C	-0.059	0.3332829
278	T	0.298	0.3433156
279	C	0.406	0.3447949
280	C	0.439	0.3397455
281	T	0.439	0.3193163
282	C	0.354	0.311029
283	C	0.318	0.3477051
284	C	0.422	0.3249195
285	C	0.390	0.3231684
286	A	0.125	0.2948442
287	G	0.286	0.2773083
288	C	0.344	0.2729683
289	C	0.047	0.2616663
290	T	0.387	0.1928455
291	T	0.127	0.1524714
292	C	0.246	0.09914539
293	C	0.306	0.0350593
294	G	0.193	-0.007690609
295	G	-0.334	-0.05778625
296	A	-0.053	-0.1075942
297	A	-0.461	-0.1225641
298	A	-0.418	-0.105797
299	A	-0.126	-0.1050037
300	A	-0.503	-0.08839893
301	T	-0.160	-0.08722738
302	G	-0.037	-0.07328156
303	C	0.431	-0.05141811
304	T	0.315	-0.04958038
305	C	0.376	-0.07776684
306	G	-0.321	0.0053148
307	G	0.099	0.04914216
308	A	-0.220	0.0635172
309	A	-0.398	0.06527947
310	A	-0.436	0.07590129
311	T	0.410	0.07997938
312	T	0.321	0.1463866
313	T	0.120	0.1757014
314	C	0.450	0.235528
315	C	0.432	0.2617072
316	T	0.421	0.3069666
317	T	0.408	0.2426055
318	C	0.422	0.236041
319	C	0.437	0.1865617
320	A	-0.110	0.1630399
321	C	0.061	0.08700586
322	A	-0.297	0.07080777
323	T	0.249	0.04201925
324	T	-0.423	0.02834915
325	G	0.191	0.02717615
326	A	-0.403	0.05428979
327	C	0.243	0.0438595
328	A	0.091	0.04252377
329	C	0.271	-0.01716086
330	C	0.424	-0.007429045
331	T	0.187	-0.002402773
332	G	-0.053	0.05877977
333	A	-0.312	0.003468955
334	T	-0.407	0.01240921
335	T	-0.316	-0.004033509
336	A	0.247	0.0001515818
337	C	0.269	0.01981431
338	A	-0.365	-0.01266426
339	G	0.190	-0.02274235
340	T	0.090	-0.03220335
341	C	0.470	-0.03995199
342	T	0.404	-0.09123417
343	A	-0.410	-0.1328242
344	A	-0.423	-0.1349483
345	A	-0.511	-0.119213
346	T	-0.401	-0.1706395
347	A	-0.317	-0.1710666
348	G	-0.188	-0.1807368
349	T	-0.388	-0.1367901
350	A	0.363	-0.1341341
351	A	-0.474	-0.07766405
352	C	0.465	-0.06816896
353	C	0.297	-0.03098201
354	T	0.073	-0.003099827
355	T	-0.393	0.06106481
356	A	0.110	0.01643654
357	T	-0.297	0.04423017
358	T	0.092	0.01574981
359	C	0.118	-0.006415627
360	T	0.317	-0.0327183
361	G	-0.127	-0.02068066
362	A	-0.168	-0.05712475
363	T	0.152	-0.04650475
364	T	0.053	-0.09630907
365	G	-0.216	-0.1526772
366	T	-0.261	-0.2203914
367	T	-0.290	-0.2470091
368	A	-0.180	-0.281089
369	A	-0.455	-0.3443886
370	T	-0.501	-0.3302282
371	G	-0.427	-0.3009775
372	T	-0.420	-0.2360926
373	A	-0.543	-0.165205
374	A	-0.543	-0.1088874
375	C	0.209	-0.02791127
376	C	0.105	0.05187745
377	C	0.452	0.08940836
378	T	0.488	0.09646491
379	C	0.439	0.1136303
380	T	0.434	0.1606302
381	C	0.375	0.1780083
382	G	-0.014	0.2094539
383	T	-0.342	0.2111019
384	A	-0.355	0.2119699
385	A	-0.026	0.2133354
386	T	0.400	0.1579277
387	C	0.451	0.1045674
388	T	0.470	0.06422467
389	C	0.498	0.04957276
390	T	0.454	0.04376895
391	A	-0.174	0.002126091
392	C	-0.211	-0.07236282
393	A	-0.458	-0.1385145
394	A	-0.503	-0.1966301
395	A	-0.418	-0.1964834
396	A	-0.484	-0.1972425
397	A	-0.418	-0.2114172
398	T	-0.276	-0.2353676
399	A	-0.168	-0.150723
400	C	0.500	-0.1195565
401	T	0.445	-0.06321409
402	T	-0.330	-0.01451796
403	T	-0.474	-0.006032509
404	A	0.472	-0.004144236
405	G	-0.161	-0.01179451
406	T	0.200	-0.01824269
407	T	0.050	-0.0209046
408	T	-0.325	-0.04005915
409	T	-0.255	-0.01165933
410	T	-0.253	-0.01545078
411	C	0.429	0.03911395
412	T	0.416	-
413	A	-0.541	-
414	G	-0.162	-
415	C	0.430	-
416	T	0.439	-
