1	G	-0.047	-
2	T	-0.230	-
3	A	0.038	-
4	G	0.053	-
5	G	0.202	-
6	A	-0.457	-
7	A	-0.051	-0.0048833
8	G	-0.086	-0.01840086
9	T	-0.064	0.007545831
10	G	-0.276	-0.01570742
11	A	0.349	-0.04523279
12	G	0.274	-0.1034571
13	G	0.232	-0.1084134
14	G	-0.222	-0.1063182
15	A	0.106	-0.07236356
16	G	-0.264	-0.0498683
17	T	-0.330	0.004045238
18	A	-0.554	0.002024238
19	A	-0.521	-0.02450196
20	G	-0.024	-0.02372465
21	G	0.355	0.006964885
22	G	0.227	0.03133873
23	T	0.424	0.01829419
24	G	0.323	0.03145365
25	G	-0.070	0.06603727
26	C	0.242	0.07393196
27	A	0.176	0.04436988
28	G	0.423	0.01560435
29	G	-0.433	0.03069681
30	A	-0.158	-0.0051217
31	T	-0.104	-0.01521716
32	G	-0.419	-0.01445714
33	G	-0.408	-0.001589754
34	A	-0.018	0.009842477
35	G	0.423	0.006115554
36	T	-0.041	0.04122084
37	G	0.192	0.07394638
38	G	-0.060	0.05303584
39	G	0.409	0.0886764
40	C	0.324	0.1255046
41	T	0.375	0.1409241
42	T	0.022	0.09867333
43	T	0.266	0.06579553
44	G	-0.376	0.04795559
45	T	0.044	0.05012204
46	G	0.070	0.05171435
47	G	0.181	0.01675096
48	A	-0.125	-0.04460219
49	A	-0.468	-0.06922994
50	A	-0.039	-0.1273217
51	G	-0.032	-0.1314209
52	T	0.430	-0.146982
53	T	-0.129	-0.1745037
54	A	-0.422	-0.1749584
55	G	-0.297	-0.1796033
56	A	-0.488	-0.1157631
57	A	-0.429	-0.07398719
58	A	-0.158	-0.08022269
59	A	-0.287	-0.1365846
60	G	0.175	-0.1644656
61	A	-0.185	-0.1319799
62	C	0.360	-0.133577
63	T	0.503	-0.1092537
64	T	-0.113	-0.1059355
65	T	-0.302	-0.06463246
66	A	-0.492	-0.075302
67	T	0	-0.1082061
 68	A	-0.318	-0.1031451
69	G	-0.172	-0.1462663
70	A	-0.386	-0.1715274
71	G	0.378	-0.1936009
72	A	-0.426	-0.2096005
73	A	-0.251	-0.2071519
74	G	-0.120	-0.195209
75	A	-0.199	-0.1380706
76	C	0.174	-0.1022174
77	A	-0.400	-0.06164023
78	A	-0.510	-0.05329438
79	A	-0.460	-0.01135162
80	G	0.155	0.002240692
81	C	0.424	0.04064692
82	T	0.293	0.02752762
83	G	0.140	0.02241646
84	G	0.487	0.08804177
85	C	0.119	0.1615698
86	A	-0.075	0.2298381
87	T	0.379	0.1870223
88	A	-0.370	0.1394885
89	G	0.108	0.07752854
90	C	0.452	0.06193082
91	C	0.445	-0.007039254
92	T	0.427	-0.05280433
93	T	-0.401	-0.04500449
94	A	-0.193	-0.1050966
95	A	-0.511	-0.1142475
96	C	-0.062	-0.141503
97	A	-0.409	-0.1613387
98	A	-0.475	-0.1966771
99	A	0.026	-0.2241239
100	T	-0.401	-0.2178503
101	A	-0.489	-0.1733935
102	A	-0.245	-0.1285359
103	A	0.194	-0.1133915
104	G	-0.013	-0.07236015
105	T	0.070	-0.004766538
106	G	-0.319	0.01958832
107	T	0.384	0.03858616
108	T	0.071	0.04148308
109	G	0.134	0.07527239
110	A	0.124	0.04019208
111	C	0.402	0.003378677
112	C	0.342	-0.004150385
113	A	-0.155	-0.01687438
114	A	-0.451	-0.07713415
115	T	0.193	-0.1235777
116	T	-0.261	-0.1639657
117	A	-0.492	-0.1780975
118	G	-0.027	-0.2007534
119	A	-0.485	-0.1956498
120	A	-0.398	-0.1837256
121	A	-0.532	-0.1607757
122	A	-0.390	-0.197712
123	C	-0.059	-0.1738966
124	A	0.108	-0.170657
125	C	0.409	-0.2090779
126	A	0	-0.1878313
 127	G	-0.153	-0.1547285
128	G	-0.286	-0.144532
129	T	0.048	-0.1330758
130	A	-0.450	-0.1487985
131	A	-0.527	-0.1819096
132	A	-0.208	-0.2246399
133	A	0.031	-0.2569303
134	G	-0.399	-0.283648
135	T	-0.241	-0.2953256
136	A	-0.264	-0.3332874
137	T	-0.322	-0.3105039
138	T	-0.146	-0.2842936
139	T	-0.419	-0.2828842
140	A	-0.500	-0.3146386
141	A	-0.438	-0.2856321
142	G	-0.445	-0.2893066
143	T	-0.154	-0.3026594
144	A	-0.186	-0.2909859
145	G	-0.190	-0.2781656
146	A	-0.381	-0.279759
147	G	-0.022	-0.2426844
148	A	-0.289	-0.1750414
149	G	-0.437	-0.1492223
150	G	-0.170	-0.1091362
151	A	0.020	-0.06115655
152	G	-0.440	-0.01202247
153	A	-0.018	0.01079205
154	G	0.440	0.009533592
155	C	-0.109	0.02054482
156	A	0.366	0.03383852
157	G	0.437	0.01749659
158	C	0.448	-0.01504567
159	G	-0.084	-0.02118398
160	C	-0.039	-0.04848185
161	A	-0.145	-0.09258138
162	A	-0.264	-0.1120558
163	C	-0.382	-0.1698743
164	A	-0.402	-0.2349717
165	A	-0.520	-0.3031148
166	A	-0.373	-0.3335747
167	T	-0.132	-0.3599115
168	G	-0.362	-0.3476558
169	T	-0.384	-0.3198304
170	A	-0.408	-0.2719886
171	A	-0.437	-0.2159954
172	A	-0.480	-0.1751217
173	G	-0.381	-0.1437734
174	A	0.013	-0.1689716
175	G	0.096	-0.1729991
176	G	0.239	-0.1576211
177	G	0.325	-0.15185
178	A	0.011	-0.08977265
179	T	0.034	-0.05280226
180	G	-0.460	-0.0002021077
181	A	-0.415	0.001425962
182	A	-0.184	0.0281039
183	A	-0.333	0.04264905
184	C	0.369	0.001199362
185	A	0	-0.03012269
 186	C	0.302	-0.01033862
187	G	0.034	0.02199581
188	C	0.443	0.03638412
189	T	0.428	0.06633404
190	G	-0.213	0.1067114
191	T	-0.396	0.08446946
192	T	0.291	0.07249038
193	G	-0.039	0.07059892
194	T	-0.228	0.100489
195	G	0.204	0.07864239
196	T	0.191	0.02136647
197	T	0.080	0.02505324
198	T	-0.155	0.03672878
199	G	0.277	0.01431562
200	G	0.423	0.004307346
201	G	0.159	0.04092427
202	G	-0.316	0.03159592
203	A	-0.165	0.04714692
204	A	-0.244	0.04098773
205	C	0	0.03550881
 206	T	-0.169	0.02697196
207	A	0.247	0.02038588
208	C	0.083	0.0298905
209	T	0.393	0.08530496
210	A	0	0.1338367
 211	G	-0.226	0.1320174
212	T	0.166	0.1195663
213	G	0.337	0.1076792
214	G	0.283	0.05504727
215	C	0.404	0.00857
216	T	0.465	-0.062484
217	C	-0.267	-0.08746685
218	A	-0.161	-0.04457685
219	A	-0.324	-0.02399
220	C	-0.436	-0.03600985
221	A	-0.520	-0.072129
222	A	-0.530	-0.1262437
223	A	-0.324	-0.1643561
224	G	0.330	-0.1622035
225	C	0.434	-0.1191285
226	T	0.181	-0.07891715
227	G	-0.186	-0.06253438
228	G	-0.299	-0.02799242
229	A	-0.030	-0.01338188
230	A	-0.24	0.0005173462
231	G	0.398	-0.01861702
232	T	0.198	-0.03463518
233	G	-0.223	-0.01898579
234	G	-0.071	0.01508905
235	A	-0.340	0.05884844
236	T	-0.144	0.08395205
237	G	0.081	0.136504
238	C	0.226	0.111983
239	T	0.384	0.101144
240	G	0.256	0.09802808
241	C	0.269	0.07320143
242	A	0.295	0.07358935
243	G	0.443	0.07739965
244	C	0.079	0.04644679
245	A	0.057	0.03994195
246	A	-0.263	-0.009399669
247	G	-0.394	-0.01878275
248	A	-0.335	-0.02513375
249	A	-0.094	-0.01893198
250	T	-0.320	-0.03247213
251	T	0.141	-0.004825715
252	G	-0.256	-0.02704462
253	G	0.134	0.001172915
254	A	0.186	0.003085454
255	G	0.376	0.03571857
256	C	0.267	0.04957424
257	T	0.438	0.0838857
258	G	-0.231	0.07939821
259	G	0.103	0.1209269
260	A	-0.369	0.07538228
261	C	0.088	0.07389844
262	A	0.085	0.04492852
263	G	0.125	0.04575805
264	G	0.083	0.03424428
265	T	0.283	0.07238036
266	A	-0.457	0.0339369
267	G	0.167	0.05500725
268	G	0	0.02577745
 269	A	0.277	0.04531786
270	C	0.289	0.02198678
271	A	0.264	-0.005715877
272	G	-0.396	-0.05976357
273	A	-0.095	-0.04980003
274	A	-0.291	-0.0923918
275	T	0.339	-0.113188
276	T	-0.177	-0.1658936
277	G	-0.277	-0.2226311
278	A	-0.419	-0.2824201
279	A	-0.327	-0.263062
280	G	-0.386	-0.2887047
281	T	-0.270	-0.2585577
282	A	-0.407	-0.2499052
283	A	-0.448	-0.2054841
284	A	-0.512	-0.1712623
285	T	-0.145	-0.1800502
286	A	-0.429	-0.1885879
287	G	0.100	-0.1835854
288	C	0.452	-0.1791484
289	G	0.399	-0.1309158
290	C	0.167	-0.06467154
291	A	-0.533	-0.01754937
292	A	-0.438	-0.04021775
293	G	-0.321	-0.04726891
294	G	-0.212	-0.03593452
295	A	0.219	-0.08349491
296	C	0.412	-0.09656129
297	C	0.099	-0.07331222
298	A	-0.439	-0.04291091
299	A	-0.520	0.002631477
300	T	0.247	0.04513355
301	G	-0.166	0.08991655
302	C	0.229	0.09287363
303	T	0.470	0.06004038
304	G	-0.138	0.04597596
305	A	0.153	0.05942935
306	C	0.231	0.1322431
307	C	0.369	0.07148819
308	T	0.258	0.116692
309	C	-0.014	0.1313902
310	A	-0.083	0.1277875
311	C	-0.264	0.1344086
312	G	0.425	0.135937
313	G	-0.541	0.1475082
314	T	0.421	0.1349025
315	G	0.420	0.1409861
316	G	0.423	0.165091
317	C	-0.052	0.1991735
318	A	0.173	0.2052165
319	C	0.381	0.20377
320	T	0.205	0.2849946
321	C	0.337	0.252576
322	C	0.299	0.2422816
323	A	0.359	0.2227555
324	G	-0.186	0.2025168
325	T	0.406	0.1569975
326	C	0.514	0.09793677
327	T	0	0.04768377
 328	T	0.287	0.005242231
329	C	0.169	-0.05734062
330	G	-0.315	-0.1002486
331	A	-0.418	-0.06549685
332	A	-0.385	-0.07013138
333	T	-0.447	-0.1042145
334	A	-0.214	-0.08011938
335	A	-0.514	-0.07028184
336	A	-0.197	-0.0487313
337	G	0.265	0.009098777
338	G	0.346	0.06219093
339	G	0.071	0.07405032
340	C	0.313	0.1334071
341	T	0.414	0.13617
342	C	0.449	0.2071172
343	T	0.436	0.2549394
344	C	0.271	0.2490489
345	T	-0.231	0.2601365
346	G	0.323	0.2515496
347	G	-0.178	0.2644706
348	A	0.407	0.2226903
349	C	0.423	0.2234215
350	T	0.188	0.1880771
351	C	0.490	0.1311194
352	A	-0.040	0.1405285
353	T	0.481	0.09094962
354	C	-0.128	0.08919362
355	T	0.459	0.03913755
356	T	-0.023	0.04147224
357	A	-0.468	0.05868408
358	T	-0.109	0.05158916
359	T	-0.320	0.07551147
360	G	-0.201	0.07764085
361	A	-0.242	0.05655039
362	C	0.454	-0.01873138
363	C	0.412	-0.04574285
364	T	0.398	0.01525892
365	C	0.270	0.035169
366	C	0.508	0.072331
367	A	-0.402	0.1107591
368	A	-0.519	0.1566123
369	A	-0.374	0.115894
370	T	0.324	0.09880963
371	G	0.149	0.09490632
372	G	0.162	0.1101218
373	A	0.298	0.1042907
374	C	0.353	0.1502948
375	A	-0.075	0.221771
376	G	0.190	0.2798589
377	T	0.347	0.2683842
378	C	0.468	0.2260862
379	C	0.433	0.174484
380	A	0.195	0.1259822
381	C	0.409	0.08689832
382	A	0.380	0.1068852
383	T	0.174	0.06750838
384	T	-0.400	0.02344538
385	G	-0.508	-0.04041877
386	A	-0.332	-0.06921458
387	A	-0.154	-0.08893742
388	G	0.184	-0.150735
389	T	-0.321	-0.1800285
390	G	-0.225	-0.1693909
391	A	-0.362	-0.1559125
392	A	0.058	-0.1301814
393	G	-0.060	-0.1242926
394	A	-0.393	-0.0922768
395	G	0	-0.09842257
 396	T	0.313	-0.08620895
397	T	-0.225	-0.08708649
398	G	-0.173	-0.06627475
399	A	-0.255	-0.08379472
400	C	0.261	-0.08801449
401	A	0.104	-0.03234457
402	T	-0.162	-0.0005481077
403	G	-0.236	-0.01371588
404	A	-0.091	0.0355242
405	A	-0.169	0.05741374
406	C	-0.115	0.08270604
407	T	0.329	0.09204604
408	C	0.413	0.120734
409	T	0.142	0.1482414
410	G	0.414	0.1501544
411	G	0.110	0.1422432
412	G	0.073	0.1235642
413	C	0.382	0.1401048
414	C	0.477	0.1372165
415	C	0.194	0.1392217
416	A	-0.211	0.1524251
417	T	-0.194	0.1415723
418	A	-0.411	0.1636106
419	G	0.099	0.1639699
420	A	0.292	0.1310913
421	C	0.439	0.09285716
422	C	0.313	0.07976968
423	C	0.273	0.1288661
424	C	0.397	0.1468979
425	A	0.077	0.1554947
426	C	-0.044	0.111982
427	A	-0.019	0.07239972
428	G	0.024	0.01753011
429	T	0.426	-0.0076821
430	T	0.040	-0.01800687
431	T	-0.300	-0.01428225
432	A	-0.466	-0.005141969
433	A	-0.222	-0.006627238
434	T	-0.273	-0.03382599
435	T	-0.014	-0.04267709
436	T	0.139	-0.08197852
437	C	0.445	-0.1143117
438	C	0.196	-0.1217323
439	T	-0.063	-0.101952
440	G	-0.372	-0.1178206
441	A	-0.090	-0.1363069
442	A	-0.084	-0.09722719
443	G	-0.380	-0.1177708
444	A	-0.396	-0.141292
445	G	-0.209	-0.1631511
446	A	-0.428	-0.1203584
447	A	-0.514	-0.08576346
448	T	0.493	-0.09364757
449	C	-0.127	-0.07729314
450	T	0.139	-0.03595891
451	A	-0.087	-0.008574869
452	C	0.492	0.01437325
453	C	0.076	0.0551914
454	A	-0.192	0.09581825
455	A	0.128	0.02687155
456	G	0.157	0.03402046
457	G	-0.040	0.03174123
458	A	0.089	0.06898815
459	C	0.102	0.04551223
460	T	0.013	0.02917091
461	T	-0.402	0.03395583
462	T	-0.034	0.03382606
463	G	0.110	0.03638145
464	C	0.396	0.07635095
465	T	0.187	0.04351798
466	T	-0.135	0.07411798
467	T	-0.130	0.09934675
468	T	0.126	0.1302967
469	C	0.190	0.09804592
470	T	0.479	0.05218015
471	G	-0.337	-0.00487
472	T	0.499	-0.04549485
473	T	0.341	-0.05677515
474	T	0	-0.03523838
 475	T	-0.453	-0.03320854
476	T	-0.485	-0.01932762
477	A	-0.345	-0.03242838
478	A	-0.340	0.02651954
479	A	-0.282	0.01755362
480	T	0.149	0.02465254
481	C	0.153	0.02826475
482	A	0.370	0.0516239
483	G	0.308	0.09409546
484	C	0.428	0.1270248
485	T	0.383	0.1884336
486	C	0.434	0.2052943
487	T	0.046	0.1542516
488	G	-0.150	0.1230719
489	A	0.066	0.09921869
490	C	0.083	0.09303023
491	G	0.457	0.09185169
492	T	-0.063	0.08963831
493	A	-0.514	0.04914153
494	A	-0.252	0.03186425
495	G	0.060	0.03533625
496	G	0.228	0.04356199
497	C	0.413	0.03717528
498	T	0.354	-0.01978772
499	G	-0.092	-0.04703648
500	G	-0.177	-0.0027545
501	A	-0.104	-0.01498996
502	T	0.173	-0.04773287
503	C	0	-0.09922225
 504	A	-0.283	-0.1677789
505	A	-0.417	-0.2268402
506	T	0.061	-0.2069414
507	A	-0.411	-0.1838102
508	G	-0.364	-0.1402914
509	A	-0.441	-0.1384769
510	A	-0.477	-0.12152
511	T	-0.413	-0.06329894
512	A	0.166	-0.02317002
513	G	0.123	-0.06593838
514	G	0.460	-0.04517938
515	T	0.196	-0.03750877
516	G	0.220	0.005282846
517	T	0.473	0.04483948
518	C	0.104	0.1009752
519	A	-0.494	0.1051097
520	A	-0.141	0.1265594
521	G	-0.265	0.1233843
522	T	0.115	0.1272553
523	A	0.036	0.1328313
524	T	0.316	0.08521395
525	G	0.220	0.06980153
526	C	0.401	0.1130587
527	C	0.419	0.1297149
528	C	0.247	0.1670018
529	G	0.292	0.1921766
530	A	-0.145	0.2193086
531	A	-0.095	0.2120885
532	T	0.067	0.2347512
533	G	0.075	0.2251978
534	T	0.219	0.2279315
535	C	0.442	0.2283351
536	T	0.389	0.235384
537	C	0.222	0.2297631
538	C	0.514	0.2179286
539	A	0.277	0.176735
540	T	0.455	0.1352888
541	C	0.252	0.1312478
542	C	0.384	0.088644
543	G	-0.218	0.02412062
544	T	-0.249	-0.02366454
545	A	-0.467	-0.08585077
546	A	-0.463	-0.08035923
547	A	0.166	-0.1076078
548	A	-0.111	-0.09232723
549	A	-0.449	-0.1343381
550	A	-0.398	-0.1043052
551	T	-0.293	-0.05392562
552	T	0.349	-0.01157352
553	T	0.100	0.03001268
554	C	0.450	0.03614553
555	A	-0.161	0.07310722
556	T	0.172	0.1258088
557	C	0.405	0.1677998
558	A	0.082	0.175389
559	G	0.076	0.1253448
560	G	0.246	0.07859068
561	G	0.369	0.002932531
562	T	0.235	-0.01769985
563	T	0.147	-0.05036901
564	C	-0.194	-0.1101307
565	A	-0.301	-0.1567693
566	A	-0.507	-0.1761105
567	A	-0.532	-0.1902845
568	A	-0.429	-0.1914315
569	G	-0.252	-0.2451588
570	T	-0.371	-0.2789391
571	A	-0.523	-0.2974648
572	A	-0.174	-0.3000314
573	C	0.062	-0.2886818
574	C	0.354	-0.2729887
575	A	-0.462	-0.2705983
576	A	-0.291	-0.273726
577	A	-0.435	-0.2419124
578	A	-0.334	-0.1805329
579	T	-0.359	-0.1533464
580	A	-0.328	-0.1501573
581	A	-0.398	-0.1455042
582	T	-0.293	-0.1182651
583	T	0.041	-0.08159545
584	T	0.274	-0.05373752
585	C	0.178	-0.05116367
586	A	0.103	-0.04200659
587	C	0.414	-0.03350044
588	C	-0.108	-0.008615877
589	A	0.184	-0.02201818
590	T	-0.073	-0.04218305
591	T	-0.301	-0.08670235
592	A	-0.240	-0.1004635
593	T	-0.218	-0.1274996
594	T	-0.075	-0.1818907
595	A	-0.467	-0.2048874
596	T	-0.220	-0.2323904
597	T	-0.304	-0.2307631
598	T	0	-0.1945028
 599	A	-0.247	-0.205411
600	T	-0.292	-0.1866346
601	T	-0.407	-0.1703717
602	A	-0.172	-
603	A	-0.052	-
604	T	0.170	-
605	G	-0.382	-
606	G	0.026	-
607	A	0.136	-
