1	G	0.167	-
2	G	-0.100	-
3	G	-0.406	-
4	A	0.044	-
5	T	-0.325	-
6	G	0.190	-
7	C	0.334	-
8	C	0.426	-
9	C	0.373	-
10	C	0.258	-
11	G	0.419	-
12	C	0.386	-
13	A	0.091	-
14	G	0.212	-
15	G	0.151	-
16	C	0.416	-
17	C	0.416	0.1415258
18	T	0.117	0.1325891
19	G	0.236	0.1248798
20	G	0.184	0.1249928
21	A	-0.476	0.1134838
22	C	0.197	0.1351461
23	T	-0.179	0.1457705
24	G	-0.284	0.1380737
25	A	0.103	0.1287495
26	T	0.136	0.1299367
27	C	0.388	0.1199832
28	C	0.263	0.1072754
29	A	0.067	0.108479
30	C	0.142	0.1165948
31	C	0.429	0.1139839
32	A	0.084	0.1068732
33	G	0.199	0.09463287
34	G	-0.127	0.08142851
35	A	-0.354	0.08506194
36	G	-0.403	0.06159903
37	A	-0.335	0.05111018
38	A	0.389	0.07149406
39	C	0.541	0.07644666
40	T	0.080	0.09387791
41	T	0.118	0.1147365
42	C	0.412	0.1246698
43	A	-0.069	0.1308909
44	G	0	0.1310893
 45	T	0.426	0.1357863
46	G	0.359	0.1291772
47	C	0.125	0.1089894
48	A	-0.082	0.09041727
49	T	0.012	0.09727105
50	C	-0.019	0.0937125
51	A	0.237	0.1106911
52	T	-0.537	0.1255196
53	G	-0.161	0.1421737
54	G	0.196	0.151017
55	G	0.361	0.1512168
56	T	0.395	0.1403783
57	C	0.403	0.150338
58	C	0.431	0.1538048
59	T	0.341	0.1529986
60	G	0.395	0.1676206
61	C	0.418	0.165767
62	T	-0.150	0.1648265
63	A	-0.523	0.1638398
64	T	-0.183	0.1734652
65	T	0.310	0.1885004
66	G	0.082	0.1797337
67	C	0.433	0.1751022
68	T	0.134	0.1555234
69	C	0.146	0.1572628
70	A	-0.043	0.1462541
71	T	0.395	0.1484603
72	C	0.183	0.1297529
73	C	0.409	0.1223481
74	T	0.233	0.1088453
75	C	0.385	0.1095905
76	T	0.412	0.1053985
77	T	-0.061	0.0964638
78	C	0.395	0.08870816
79	C	0.326	0.08359334
80	C	0.443	0.09224798
81	T	0.413	0.09203513
82	G	-0.276	0.07149801
83	G	-0.172	0.07276444
84	A	-0.408	0.05073644
85	A	-0.480	0.03297853
86	A	-0.524	0.02226353
87	T	0.268	0.02411603
88	G	-0.256	0.01453868
89	T	0.151	0.006866988
90	G	-0.041	-0.01347604
91	C	0.455	-0.02095658
92	G	0.203	-0.04559058
93	G	0.100	-0.06225361
94	T	0.162	-0.05994318
95	T	-0.318	-0.06390224
96	T	-0.238	-0.07645644
97	C	-0.190	-0.08815716
98	A	-0.366	-0.08649201
99	C	0.124	-0.07705208
100	A	-0.293	-0.06437612
101	G	-0.451	-0.0476916
102	G	-0.207	-0.02022205
103	A	0.017	0.007431733
104	T	0.079	0.01186382
105	G	-0.069	0.03218922
106	G	-0.261	0.01299043
107	T	-0.013	0.006447948
108	A	-0.427	-0.01413223
109	A	-0.137	-0.0352736
110	A	0.015	-0.04832329
111	C	0.264	-0.05679423
112	A	-0.087	-0.05317342
113	T	0.057	-0.04855003
114	C	0.468	-0.03212036
115	T	0.035	-0.009402636
116	T	0.246	-0.0004570606
117	T	0.141	0.01738427
118	C	0.426	0.04188367
119	C	0.387	0.03173512
120	C	0.415	0.0384028
121	T	0.414	0.04050612
122	G	-0.481	0.04664018
123	G	-0.257	0.06735066
124	A	-0.223	0.05189826
125	A	-0.494	0.05572257
126	C	-0.330	0.06910266
127	A	-0.116	0.07196985
128	G	-0.199	0.06258208
129	A	-0.085	0.05907243
130	G	0.352	0.05149178
131	C	0.382	0.04194145
132	C	0.419	0.0486895
133	T	0.295	0.05454544
134	T	0.357	0.05808241
135	G	-0.542	0.04405363
136	A	0.237	0.02821669
137	G	0.149	0.006980694
138	G	0.132	-0.003219479
139	A	0.421	0.003386006
140	T	-0.523	0.005689279
141	G	-0.300	0.0004348848
142	C	0.304	0.008354703
143	T	0.109	0.01482058
144	A	-0.045	0.01835458
145	T	-0.203	0.03431176
146	G	-0.192	0.04950459
147	G	0.153	0.04369523
148	T	0.257	0.0448832
149	G	0.439	0.03513075
150	C	0.258	0.03169242
151	A	-0.036	0.02612512
152	G	-0.134	0.04540892
153	T	-0.285	0.05036728
154	A	0.077	0.05154368
155	T	-0.263	0.04995415
156	G	-0.181	0.0359475
157	A	-0.396	0.06158923
158	T	-0.232	0.08400495
159	G	-0.117	0.08641165
160	A	0	0.08308771
 161	C	0.327	0.09877084
162	C	0.415	0.1078109
163	A	0.160	0.114942
164	C	0.422	0.1142757
165	C	0.097	0.1096161
166	A	0.181	0.08440085
167	T	0.173	0.06850621
168	C	0.094	0.06888636
169	C	0.400	0.0714371
170	C	0.187	0.08200652
171	A	0.080	0.07187682
172	G	-0.040	0.07180467
173	T	0.322	0.08021706
174	C	0.438	0.07648643
175	T	0.383	0.07586579
176	G	0	0.07560318
 177	C	0.472	0.08833367
178	C	0.094	0.08236976
179	A	0.042	0.08266625
180	A	0.131	0.09149322
181	G	0.104	0.08155203
182	G	-0.392	0.08462151
183	A	-0.266	0.09152048
184	A	-0.024	0.08530476
185	T	-0.050	0.07211277
186	G	0.063	0.05056247
187	A	-0.256	0.03392208
188	G	-0.266	0.0258916
189	T	0.096	0.02208055
190	A	-0.519	0.02283716
191	A	-0.253	0.005756979
192	C	-0.125	-0.000445597
193	T	0.420	0.001902309
194	T	0.130	-0.01574333
195	C	0.425	-0.01099873
196	C	0.451	-0.0204696
197	T	0.093	-0.01101821
198	G	0.198	-0.009456512
199	C	0.409	0.009541124
200	A	-0.031	0.02983494
201	A	-0.341	0.0431218
202	T	-0.310	0.05837895
203	T	-0.361	0.04497843
204	T	-0.184	0.03875264
205	A	-0.166	0.03611761
206	G	0.347	0.01713064
207	G	-0.124	0.03458502
208	A	0.179	0.04559492
209	C	0.077	0.05876753
210	T	-0.109	0.03856998
211	T	0.251	0.02432165
212	T	-0.269	0.01108306
213	C	0.443	-0.01279112
214	G	0.155	-0.01194227
215	G	0.234	-0.02129191
216	C	0.403	-0.02827054
217	C	0.414	-0.02080352
218	C	0.452	-0.001400309
219	T	-0.379	0.02124515
220	A	-0.461	0.04440093
221	A	-0.353	0.06369657
222	A	-0.530	0.07508302
223	A	0.056	0.0735136
224	C	0.110	0.08287842
225	C	0.308	0.09069942
226	A	-0.246	0.08449718
227	G	-0.339	0.09048586
228	T	-0.011	0.09477349
229	A	-0.336	0.09044877
230	C	0.121	0.07038149
231	A	-0.109	0.07699958
232	G	0.178	0.07317619
233	T	0.214	0.05404549
234	C	0.299	0.03809589
235	C	0.437	0.0361411
236	T	0.402	0.04277549
237	G	0.452	0.06195616
238	G	0.209	0.06963657
239	A	0.295	0.08700482
240	C	0.184	0.08170739
241	A	0.437	0.07741141
242	C	-0.127	0.07787829
243	A	0.087	0.09789514
244	C	0.393	0.1197044
245	T	-0.412	0.1338564
246	A	-0.219	0.1585466
247	A	0.373	0.1574997
248	G	0.107	0.1489506
249	A	-0.227	0.1343817
250	T	-0.112	0.1124116
251	T	0.388	0.09459318
252	G	-0.160	0.07044975
253	T	0.171	0.04323715
254	T	-0.099	0.03071101
255	G	0.042	0.0177344
256	G	-0.118	0.01509222
257	T	-0.031	0.006047248
258	C	0.324	-0.01570799
259	A	0.414	-0.02256533
260	C	0.379	-0.03450685
261	C	0.455	-0.03985858
262	C	0.478	-0.02324776
263	T	0.087	-0.007060582
264	A	-0.391	-0.00890943
265	G	-0.301	-4.558182e-05
266	A	-0.510	0.02005187
267	A	-0.288	0.03185375
268	G	-0.359	0.03311066
269	A	-0.495	0.04972869
270	A	0.038	0.04583611
271	T	-0.218	0.03464634
272	G	0.208	0.03748817
273	G	-0.114	0.05000899
274	A	-0.280	0.04332333
275	G	-0.353	0.04247145
276	A	-0.306	0.04532791
277	T	0.216	0.03971918
278	C	0.135	0.04153736
279	T	0.314	0.0327756
280	G	0.312	0.02711102
281	G	0.400	0.02556933
282	C	0.435	0.02460939
283	G	0.277	0.04218632
284	G	0.429	0.04574602
285	C	0.388	0.06687684
286	T	0.042	0.09194329
287	A	-0.469	0.1053541
288	C	0.136	0.1043644
289	C	0.294	0.107308
290	A	-0.252	0.1081113
291	C	0.296	0.103713
292	T	0.508	0.1194878
293	C	0.194	0.1448608
294	A	0.515	0.1403427
295	C	0.189	0.1316539
296	A	-0.099	0.1174676
297	T	-0.442	0.1139987
298	A	-0.333	0.09182931
299	T	0.069	0.07139286
300	A	-0.171	0.06225564
301	C	0.337	0.04389337
302	T	0.332	0.02714225
303	C	0.481	0.03481968
304	G	-0.251	0.04414474
305	T	0.305	0.03346071
306	A	-0.087	0.02809159
307	G	-0.425	0.04001541
308	A	0.167	0.02322565
309	A	0.530	0.001384194
310	C	0.067	0.005997103
311	A	-0.151	-0.0004773818
312	T	-0.153	0.009794315
313	T	0.198	0.01569579
314	G	-0.331	0.02990025
315	A	-0.238	0.04615758
316	T	-0.024	0.05841516
317	T	-0.176	0.07011853
318	G	-0.164	0.0655988
319	C	0.296	0.06552401
320	A	-0.161	0.06190032
321	A	-0.216	0.06156956
322	G	0.117	0.04472232
323	G	0.141	0.0314077
324	T	-0.257	0.05202137
325	A	-0.212	0.05915022
326	A	0.346	0.05070119
327	C	0.302	0.04931196
328	T	0.528	0.06014227
329	T	0.095	0.05904269
330	A	0.025	0.05526622
331	C	0.203	0.05101407
332	T	0.474	0.05462519
333	G	0.214	0.07002068
334	G	0.188	0.08770977
335	C	0.329	0.09344784
336	T	0.361	0.08377236
337	G	-0.262	0.09118224
338	A	-0.250	0.08939212
339	A	-0.527	0.09817942
340	G	0.254	0.1005462
341	C	0.402	0.1037162
342	A	0.252	0.1208755
343	G	0.021	0.1149216
344	G	0.206	0.1070394
345	T	-0.189	0.1035337
346	G	0.073	0.1068738
347	A	-0.471	0.1006124
348	T	-0.119	0.09525932
349	G	0.483	0.09386083
350	C	0.407	0.1002
351	A	0.024	0.09912808
352	T	-0.023	0.09331253
353	T	0.083	0.07617032
354	G	-0.275	0.08696754
355	C	0.407	0.10142
356	T	0.219	0.1308416
357	T	-0.153	0.1215877
358	C	0.353	0.1015818
359	G	0.150	0.08174624
360	G	0.042	0.07103175
361	T	0.412	0.05211172
362	G	0.205	0.04496226
363	G	-0.180	0.05388646
364	G	0.026	0.07440907
365	G	0.427	0.09097001
366	C	0.424	0.08396398
367	T	0.153	0.07693449
368	G	0.137	0.0714833
369	A	-0.203	0.07567447
370	T	0.093	0.08811805
371	G	0.226	0.1099666
372	T	0.443	0.1057044
373	C	-0.051	0.1119646
374	G	-0.257	0.1236203
375	A	-0.402	0.1118116
376	A	-0.332	0.1077636
377	A	-0.418	0.09556103
378	A	-0.425	0.07918515
379	C	0.368	0.05874606
380	C	0.205	0.06732136
381	T	0.426	0.06686447
382	T	0.252	0.05389492
383	C	0.175	0.04895929
384	A	-0.155	0.03891138
385	G	0.115	0.04591674
386	C	0.493	0.05924062
387	T	0.445	0.04565582
388	T	0.266	0.02920107
389	C	0.425	0.009774218
390	C	0.231	0.024261
391	C	-0.035	0.03716676
392	A	0.016	0.04604673
393	A	-0.360	0.06834279
394	G	-0.127	0.08924045
395	A	-0.469	0.1158686
396	C	0.102	0.11825
397	A	0.011	0.1201405
398	A	0	0.1105107
 399	C	0.261	0.09611421
400	A	-0.178	0.09046547
401	C	0.368	0.1007931
402	T	0.235	0.1082812
403	G	-0.354	0.1071085
404	A	-0.316	0.1078996
405	T	-0.197	0.1001775
406	C	0.427	0.08128735
407	A	0.168	0.05792222
408	G	-0.109	0.06547369
409	G	0.403	0.07260319
410	C	0.271	0.09233977
411	C	0.453	0.1094605
412	T	0.446	0.1368986
413	C	0.268	0.1415069
414	C	0.109	0.15388
415	A	-0.222	0.1561619
416	G	-0.010	0.156745
417	G	0.185	0.1699521
418	A	0.362	0.1527855
419	G	0.455	0.1524243
420	C	0.471	0.1654961
421	A	0.011	0.1813484
422	T	-0.197	0.1897298
423	T	-0.539	0.1782074
424	T	0.213	0.1785833
425	C	0.252	0.1748604
426	T	0.290	0.1585117
427	C	0.437	0.1425654
428	C	0.436	0.1270685
429	T	0.254	0.1225066
430	G	0.419	0.1251912
431	C	0.075	0.1317045
432	T	0.280	0.1421011
433	C	0.257	0.154187
434	A	-0.197	0.1614037
435	G	0.223	0.141889
436	T	0.076	0.1253733
437	G	0.206	0.1041875
438	T	0.079	0.08922729
439	C	0.046	0.1006066
440	A	0.180	0.1303273
441	C	-0.232	0.1273637
442	A	-0.135	0.127719
443	G	-0.254	0.1119878
444	T	-0.058	0.09135956
445	G	0.296	0.06794159
446	C	0.356	0.05198708
447	C	0.323	0.03784703
448	A	0.120	0.04806718
449	C	0.387	0.05284451
450	T	0.423	0.05653175
451	G	-0.281	0.07354575
452	C	-0.089	0.07918906
453	A	-0.227	0.08561197
454	G	-0.481	0.08824794
455	A	0.178	0.09564637
456	G	0.441	0.1064998
457	C	0.115	0.1132985
458	G	0.263	0.1271739
459	C	-0.228	0.1443079
460	A	-0.243	0.1637723
461	A	-0.336	0.1611688
462	T	-0.272	0.1551995
463	T	-0.047	0.1528848
464	C	0.412	0.1547663
465	C	0.438	0.1478297
466	T	0.379	0.1415399
467	G	0.363	0.1325228
468	G	0.410	0.1503002
469	G	0.288	0.1609576
470	G	0.293	0.1661658
471	C	0.323	0.1681842
472	A	0.404	0.1500219
473	C	0.404	0.1281894
474	G	0.225	0.1129608
475	T	0.429	0.09525154
476	C	0.387	0.08716975
477	G	-0.143	0.09632766
478	G	0.099	0.09317318
479	A	0.280	0.102894
480	C	0.386	0.1019589
481	A	-0.108	0.09891597
482	T	0.180	0.07659694
483	T	0.126	0.05581822
484	C	0.304	0.05702349
485	A	0.261	0.04319112
486	G	-0.055	0.02043075
487	T	-0.415	0.02447645
488	A	-0.421	0.01129518
489	A	-0.279	-0.01301082
490	A	-0.386	-0.03852237
491	T	-0.320	-0.05263498
492	A	-0.495	-0.07534225
493	C	0.058	-0.100578
494	G	-0.440	-0.1091266
495	T	0.048	-0.1282411
496	T	-0.077	-0.1475142
497	T	0.312	-0.1659348
498	A	-0.298	-0.173759
499	T	-0.306	-0.1911776
500	T	0.403	-0.1995143
501	G	-0.046	-0.2202591
502	A	-0.462	-0.2149143
503	A	0.427	-0.214873
504	T	-0.111	-0.188629
505	G	-0.397	-0.1765978
506	A	-0.437	-0.1815856
507	A	-0.240	-0.1806233
508	T	-0.319	-0.1857262
509	A	-0.445	-0.1759315
510	A	-0.426	-0.1830616
511	A	-0.531	-0.1823167
512	A	-0.355	-0.1971793
513	C	-0.221	-0.2085441
514	A	-0.366	-0.2280437
515	T	-0.394	-0.2138347
516	A	-0.148	-0.2054521
517	A	-0.379	-0.2059373
518	C	0.438	-0.1898772
519	A	-0.053	-0.1778892
520	C	0.450	-0.2000377
521	A	-0.024	-0.2058449
522	G	-0.443	-0.2055549
523	T	-0.355	-0.2016445
524	A	-0.488	-0.2087061
525	A	-0.171	-0.198109
526	G	-0.176	-0.1707383
527	T	-0.415	-0.1551146
528	A	-0.441	-0.1524957
529	A	-0.452	-0.1417186
530	T	-0.331	-0.1223394
531	T	0.170	-0.1049266
532	C	-0.029	-0.09647004
533	A	0.387	-0.08201707
534	T	0.483	-0.08288765
535	C	-0.066	-0.09670203
536	T	-0.303	-0.100719
537	T	-0.303	-0.1258178
538	A	-0.387	-0.128493
539	A	-0.308	-0.1215608
540	A	-0.473	-0.1261362
541	G	0.029	-0.1090502
542	T	0.458	-0.09172638
543	C	0.089	-0.07649029
544	A	-0.444	-0.06329272
545	A	0	-0.04893255
 546	C	0.417	-0.04495518
547	C	0.208	-0.04603418
548	A	-0.115	-0.06736043
549	T	0.328	-0.05313599
550	T	-0.408	-0.05622781
551	T	-0.017	-0.05753718
552	A	-0.186	-0.04183309
553	C	-0.377	-0.02500121
554	A	-0.112	-0.02460745
555	T	-0.215	-0.01916003
556	T	-0.506	-0.02288018
557	A	0.074	-0.02282824
558	C	0.399	-0.03175623
559	T	0.326	-0.03980923
560	T	0.019	-0.03019705
561	T	0.032	-0.009902048
562	T	-0.321	0.002217103
563	T	-0.366	-0.006343079
564	A	-0.533	-0.001245352
565	T	0.439	0.01454165
566	C	0.285	0.01342716
567	C	0.440	0.03136804
568	C	0.451	0.03570473
569	T	0.251	0.03932169
570	G	-0.290	0.06005239
571	A	-0.207	0.0762809
572	A	-0.430	0.08488756
573	T	-0.471	0.09282038
574	A	-0.264	0.1017486
575	C	0.192	0.09706695
576	C	0.406	0.08311579
577	C	0.224	0.07040704
578	T	0.399	0.0627235
579	T	0.135	0.07044762
580	C	0.376	0.09419765
581	C	0.405	0.1103574
582	T	0.291	0.1083874
583	C	0.183	0.09503705
584	T	0.125	0.0865689
585	A	-0.067	0.07978611
586	C	0.306	0.07830199
587	C	0.423	0.1006471
588	T	0.068	0.1145429
589	G	-0.244	0.1173683
590	T	0.369	0.1307447
591	C	0.245	0.1463736
592	A	-0.134	0.1349965
593	A	-0.399	0.1314614
594	T	-0.221	0.1195226
595	T	-0.066	0.09440322
596	C	0.416	0.07764688
597	A	0	0.05653079
 598	G	0.374	0.03887685
599	C	-0.154	0.03901249
600	A	0.160	0.04199919
601	G	0.227	0.04659358
602	T	0.202	0.05870368
603	C	0.447	0.06138404
604	C	0.250	0.05392271
605	A	-0.337	0.04647972
606	A	-0.029	0.05864399
607	G	0.251	0.05326653
608	G	-0.183	0.05443081
609	G	0.290	0.05779391
610	A	-0.169	0.07988697
611	A	-0.429	0.09151727
612	A	-0.417	0.09516101
613	A	-0.320	0.06876301
614	A	-0.177	0.06817303
615	C	0.295	0.044245
616	C	0.282	0.03635939
617	A	0.277	0.0221003
618	G	0.332	0.004956997
619	C	0.395	0.002165391
620	T	0.176	-0.01138837
621	T	-0.176	-0.007312064
622	G	0.157	0.01377539
623	G	0.192	0.01077489
624	T	0.283	0.004482661
625	C	-0.023	0.02233981
626	A	0.329	0.02183381
627	A	0.162	0.02798936
628	C	0.053	0.05378812
629	A	-0.454	0.08120724
630	T	-0.019	0.09622472
631	T	-0.415	0.1043206
632	A	-0.415	0.09111288
633	A	-0.309	0.09152337
634	A	-0.338	0.08876292
635	T	0.110	0.07706967
636	T	0	0.05788601
 637	T	0.385	0.04918473
638	G	0.358	0.05454155
639	G	-0.128	0.04303816
640	A	0.043	0.02947588
641	G	0.406	0.01765176
642	C	0.273	0.01197796
643	T	0.033	-0.004231552
644	C	0.422	-0.0023844
645	C	0.487	0.006835594
646	C	0.175	0.005561715
647	A	0.090	0.0006423606
648	C	-0.140	0.003562148
649	A	0.295	0.002347785
650	T	0.185	-0.003940761
651	C	-0.053	-0.001184215
652	A	-0.237	-0.001882306
653	T	-0.110	-0.005779882
654	A	0	-0.03023846
 655	T	-0.222	-0.05486231
656	A	-0.255	-0.05630149
657	T	-0.106	-0.05548609
658	T	-0.210	-0.061925
659	T	-0.205	-0.07205587
660	T	0.223	-0.07827341
661	C	0.357	-0.09582135
662	A	-0.496	-0.1155016
663	T	-0.181	-0.1070149
664	A	-0.318	-0.1089889
665	G	-0.455	-0.1094988
666	A	-0.517	-0.1072042
667	A	-0.247	-0.1029706
668	C	0.087	-0.08645776
669	T	-0.128	-0.09129179
670	A	-0.421	-0.1019799
671	A	-0.454	-0.1170958
672	A	-0.176	-0.1268023
673	C	0.070	-0.1344578
674	T	0.193	-0.1372082
675	A	-0.060	-0.1440308
676	A	-0.171	-0.1412168
677	G	-0.156	-0.1572135
678	A	-0.162	-0.1810519
679	C	0.455	-0.181374
680	A	0.025	-0.1881995
681	T	-0.156	-0.1673529
682	A	0.371	-0.1572438
683	G	0.325	-0.1357813
684	T	0.491	-0.1192378
685	T	-0.397	-0.1144095
686	T	-0.463	-0.09791179
687	A	-0.498	-0.09012373
688	A	-0.542	-0.06620552
689	A	-0.508	-0.05321867
690	G	-0.197	-0.05054002
691	A	-0.435	-0.04275286
692	G	-0.112	-0.02519073
693	A	-0.304	-0.02536848
694	A	-0.428	-0.03138288
695	A	-0.506	-0.02646176
696	A	-0.407	-0.0272993
697	T	0.369	-0.01408997
698	G	-0.121	-0.01487145
699	T	0.191	-0.01868497
700	T	0.298	-0.01392852
701	T	0.247	-0.01487688
702	C	0.415	-0.003739733
703	A	-0.164	0.01960781
704	C	0.335	0.02563187
705	T	0.252	0.05335021
706	C	0.158	0.07592233
707	C	0.450	0.0848449
708	T	0.518	0.112523
709	C	-0.177	0.1308173
710	A	-0.355	0.15277
711	C	0	0.1689742
 712	G	0.427	0.1959357
713	T	0.460	0.2030038
714	G	-0.182	0.1878547
715	A	0.245	0.1876318
716	C	0.482	0.1916836
717	C	0.460	0.188347
718	A	-0.029	0.1893761
719	T	0.307	0.1891816
720	G	-0.300	0.2068398
721	T	0.371	0.2003113
722	T	0.236	0.1884511
723	C	0.097	0.16989
724	T	0.477	0.1632416
725	C	0.490	0.152412
726	T	0.419	0.1687282
727	T	0.105	0.1880279
728	T	0.382	0.1932695
729	G	-0.173	0.1853783
730	G	-0.130	0.1762515
731	A	-0.128	0.188218
732	C	0.324	0.1823484
733	T	0.188	0.1714419
734	G	0.280	0.1488514
735	G	0.409	0.1542186
736	C	0.417	0.1567305
737	T	0.119	0.179245
738	T	-0.139	0.1630147
739	T	-0.453	0.1499577
740	T	0.231	0.1395811
741	C	0.161	0.1310872
742	C	0.361	0.1168063
743	C	0.281	0.1097341
744	C	0.172	0.11141
745	T	0.167	0.1054385
746	T	0.159	0.1009699
747	C	0.212	0.09516742
748	C	0.051	0.09874857
749	A	0.122	0.0889063
750	T	-0.285	0.09191536
751	T	0.147	0.0960333
752	C	0.390	0.07869539
753	C	0.442	0.06162254
754	A	-0.163	0.0698909
755	T	-0.194	0.0647639
756	A	-0.245	0.07336463
757	T	0.197	0.05079851
758	C	0.019	0.05359278
759	T	0.186	0.05419957
760	C	0.161	0.05851278
761	T	0.185	0.06523027
762	A	-0.321	0.06646808
763	A	-0.322	0.06476308
764	G	-0.010	0.04966318
765	T	0	0.03791459
 766	C	0.288	0.03771447
767	C	0.416	0.05040472
768	A	-0.162	0.05945014
769	G	-0.145	0.06103372
770	T	0.392	0.0628022
771	T	-0.308	0.0734799
772	T	-0.169	0.08662229
773	A	-0.513	0.1074682
774	T	0.253	0.1162421
775	C	0.381	0.1267844
776	C	0.424	0.1351026
777	T	0.394	0.1368635
778	T	0.207	0.132256
779	T	0.103	0.1521926
780	G	-0.286	0.1642479
781	A	-0.335	0.1645755
782	G	0.116	0.1768679
783	T	0.133	0.1806606
784	C	0.445	0.1798302
785	C	0.442	0.1908276
786	T	0.501	0.2015263
787	G	0.188	0.2028439
788	A	0.239	0.2229455
789	C	0.442	0.2409316
790	T	0.487	0.2693986
791	C	0.367	0.2663426
792	A	0.460	0.2530416
793	C	0.219	0.2442699
794	T	0.033	0.2437875
795	C	0.336	0.2397899
796	A	0.075	0.2488369
797	A	0	0.2681535
 798	G	0.405	0.2916653
799	C	0.413	0.283251
800	T	0.389	0.2821911
801	T	0.200	0.2705793
802	C	0.207	0.2692771
803	T	0.435	0.2446418
804	C	0.354	0.2432597
805	C	0.423	0.2444902
806	C	0.425	0.2330166
807	C	0.152	0.2271437
808	A	-0.057	0.2199538
809	C	0.134	0.2117531
810	T	0.378	0.2182667
811	T	0.076	0.2288688
812	C	0.402	0.2051421
813	C	0.351	0.2035088
814	T	0.440	0.1996961
815	T	-0.161	0.1725984
816	C	0.098	0.1656067
817	C	0.062	0.1659827
818	T	0.399	0.1578475
819	T	-0.311	0.1511867
820	G	0.142	0.1338767
821	A	0.280	0.1203512
822	C	0.063	0.1192814
823	C	0.293	0.09494975
824	A	0.130	0.08725612
825	C	0.190	0.09474894
826	T	0.434	0.09692182
827	T	0.383	0.09859185
828	G	-0.446	0.1062316
829	T	0.021	0.09404916
830	T	-0.125	0.08340028
831	A	-0.488	0.0651121
832	A	0.182	0.06420222
833	G	0.401	0.07360348
834	T	-0.068	0.08228762
835	G	-0.012	0.07017859
836	T	-0.135	0.06782811
837	T	-0.091	0.04876605
838	T	0.388	0.03057547
839	G	-0.376	0.02644997
840	C	-0.101	0.004809333
841	A	0.189	-0.01328003
842	C	0.206	-0.03009515
843	C	0.433	-0.05574664
844	A	0.328	-0.08327115
845	G	0	-0.08651512
 846	T	0	-0.08392437
 847	A	-0.163	-0.07369331
848	G	-0.191	-0.04574207
849	T	0.408	-0.04623052
850	C	0.349	-0.05592003
851	T	0	-0.0675684
 852	A	-0.389	-0.06719609
853	G	-0.486	-0.06781009
854	A	-0.320	-0.05800479
855	A	-0.072	-0.05602579
856	G	-0.420	-0.03635025
857	T	-0.466	-0.01885885
858	A	-0.364	-0.009061945
859	T	-0.412	-0.0226511
860	A	-0.524	-0.04560798
861	A	-0.553	-0.06689658
862	A	0.107	-0.08277131
863	G	0.211	-0.07515688
864	G	0.433	-0.05613907
865	C	0.166	-0.04665243
866	A	0.082	-0.06347298
867	T	-0.452	-0.06693055
868	A	0	-0.06375446
 869	C	-0.155	-0.04539152
870	A	0.232	-0.02824501
871	C	0.453	-0.01739646
872	C	0.272	-0.01272832
873	T	0.475	0.01289026
874	C	0.512	0.04008814
875	A	-0.242	0.0562185
876	T	-0.323	0.07516535
877	T	-0.374	0.1019499
878	A	-0.523	0.1084705
879	T	0.251	0.1159765
880	C	0.464	0.1020045
881	A	0.121	0.0751352
882	C	-0.146	0.06053023
883	T	0.235	0.05282841
884	A	0.104	0.05868789
885	C	0.216	0.05799212
886	A	0.079	0.05730439
887	C	0.037	0.04712885
888	A	0.081	0.04636891
889	C	0.424	0.05149869
890	T	0.430	0.05182088
891	G	0.167	0.03935527
892	T	0.212	0.0345126
893	T	0.359	0.0370733
894	T	-0.338	0.03961791
895	C	0.354	0.04940091
896	A	-0.249	0.02664957
897	T	-0.452	0.006812664
898	A	-0.315	0.01862357
899	G	-0.172	0.01228348
900	G	-0.259	-0.006066852
901	T	-0.022	-0.01945031
902	A	-0.178	-0.03499197
903	A	-0.103	-0.03503961
904	G	0.428	-0.04458853
905	T	0.441	-0.05249808
906	C	0.486	-0.05272105
907	T	0.101	-0.06908323
908	T	-0.401	-0.06029796
909	A	-0.239	-0.0550446
910	A	-0.290	-0.0659259
911	T	-0.201	-0.06483457
912	T	-0.499	-0.07814228
913	T	-0.190	-0.05874797
914	C	0.511	-0.03485552
915	A	-0.355	-0.01593894
916	A	-0.370	-0.00657667
917	A	-0.336	0.01632812
918	T	-0.296	0.02778225
919	T	0.078	0.02813447
920	A	-0.277	0.04005235
921	G	-0.179	0.02502289
922	T	0.417	0.01619174
923	T	-0.109	0.01059038
924	C	0.457	0.004884864
925	C	0.386	0.02269365
926	T	0	0.03357268
 927	A	-0.302	0.03126656
928	A	-0.084	0.02176274
929	C	0.390	0.04998241
930	T	0.335	0.06927805
931	C	0.308	0.05378744
932	C	0.136	0.07349583
933	T	0.496	0.07502968
934	T	0.355	0.07752695
935	G	-0.166	0.07631262
936	T	0.289	0.08732769
937	T	-0.067	0.09981554
938	G	0.150	0.1034738
939	A	0.301	0.07839312
940	C	-0.086	0.07320831
941	A	0.185	0.057163
942	A	0.119	0.06061367
943	T	-0.366	0.04978718
944	G	-0.514	0.06766082
945	A	0.431	0.07214652
946	C	0.446	0.06360639
947	T	0	0.03940006
 948	A	0.294	0.03769261
949	T	-0.319	0.04433903
950	G	-0.254	0.04201045
951	A	-0.336	0.04477239
952	C	0.441	0.06324264
953	C	0.134	0.06978248
954	A	-0.058	0.0704232
955	A	-0.410	0.05111717
956	G	-0.280	0.02584993
957	A	-0.071	0.03612017
958	C	0.500	0.02954956
959	G	-0.357	0.03275617
960	T	0.287	0.05698698
961	C	0.063	0.08684377
962	A	0.108	0.07999235
963	A	-0.463	0.06272547
964	T	0.252	0.04842635
965	C	0.356	0.02761723
966	C	0.419	0.02778559
967	T	0.446	0.02265705
968	C	0.442	0.04657747
969	C	0.505	0.04327389
970	T	-0.046	0.02557344
971	T	-0.486	0.03051722
972	T	-0.532	0.04400559
973	A	0.252	0.06487926
974	G	-0.031	0.08064565
975	G	0.225	0.07082911
976	G	0.433	0.09360284
977	T	0.470	0.09375629
978	C	0.205	0.09372589
979	T	-0.123	0.09715452
980	A	-0.471	0.105843
981	A	-0.391	0.08849507
982	A	-0.314	0.07055343
983	A	-0.423	0.05678623
984	C	0.453	0.04425559
985	A	0.332	0.03339492
986	G	-0.449	0.003425833
987	T	0.104	0.01824339
988	A	0.034	0.04529618
989	C	0.408	0.07559294
990	T	0.448	0.07802782
991	G	0.176	0.08809363
992	T	0.394	0.0831753
993	G	0.292	0.07672145
994	C	0.062	0.07751802
995	A	0.222	0.05851999
996	T	-0.176	0.05518048
997	G	-0.320	0.0568173
998	T	-0.235	0.05796512
999	C	-0.034	0.06998966
1000	A	0.032	0.08656735
1001	G	0.084	0.07596302
1002	A	-0.483	0.07875408
1003	G	0.442	0.1051877
1004	G	0.405	0.09819657
1005	C	0.467	0.1039849
1006	A	0.332	0.1074911
1007	T	0.301	0.1028803
1008	T	0.063	0.08320883
1009	C	0.220	0.05490698
1010	A	0.496	0.03853392
1011	T	-0.421	0.02313167
1012	T	-0.233	0.01452397
1013	A	-0.417	0.02483169
1014	T	-0.353	0.04338227
1015	A	0.082	0.05957612
1016	T	0.123	0.06577972
1017	G	0.103	0.06202454
1018	C	0.424	0.04763529
1019	T	0.423	0.05315538
1020	T	-0.125	0.02946672
1021	G	0.225	0.0046472
1022	T	0.524	-0.02595325
1023	G	0.296	-0.04849853
1024	A	-0.472	-0.05465984
1025	A	-0.539	-0.07030432
1026	T	-0.247	-0.07877456
1027	T	-0.445	-0.08494832
1028	G	-0.061	-0.0596975
1029	A	0.163	-0.05602738
1030	C	0.292	-0.05462932
1031	C	0.298	-0.04390281
1032	A	0.170	-0.05596314
1033	G	-0.091	-0.0509302
1034	A	-0.390	-0.06496886
1035	A	-0.301	-0.09327095
1036	T	-0.339	-0.1074405
1037	A	-0.413	-0.09100552
1038	A	-0.542	-0.09025885
1039	A	-0.411	-0.09898143
1040	T	0.097	-0.1079593
1041	G	-0.452	-0.07894215
1042	A	-0.059	-0.06939594
1043	C	0.293	-0.05036058
1044	C	0.411	-0.04830315
1045	G	-0.112	-0.05641452
1046	A	-0.371	-0.07052455
1047	A	0	-0.08022422
 1048	T	-0.315	-0.08994799
1049	T	0.289	-0.08467712
1050	G	-0.360	-0.06936884
1051	A	-0.509	-0.07130163
1052	A	-0.044	-0.07514969
1053	G	0.416	-0.07237899
1054	T	0.250	-0.07247354
1055	C	0.236	-0.04210699
1056	T	0	-0.0164436
 1057	G	0.484	-0.008893864
1058	A	-0.224	0.01030511
1059	T	0.380	0.01729087
1060	T	-0.377	0.004833988
1061	T	-0.329	-0.009205161
1062	T	-0.301	-0.01434734
1063	G	-0.028	-0.01729452
1064	G	-0.022	-0.03156886
1065	T	0.344	-0.02724086
1066	C	0.413	-0.04382501
1067	A	-0.454	-0.03253814
1068	A	-0.428	-0.007534106
1069	T	-0.247	0.006029821
1070	T	-0.416	-0.0005026939
1071	C	0.459	0.003664548
1072	A	0.435	0.002154427
1073	C	0.346	-0.008199482
1074	C	0.180	-0.02766869
1075	A	0.171	-0.03471221
1076	G	-0.117	-0.05577209
1077	A	-0.051	-0.04595703
1078	C	-0.282	-0.03322826
1079	A	-0.468	-0.01926711
1080	A	-0.471	-0.009590764
1081	A	-0.172	-0.01308233
1082	G	-0.257	-0.02906339
1083	G	0.012	-0.04243714
1084	G	0.315	-0.01667029
1085	C	0.403	0.001393221
1086	C	0.200	0.01329531
1087	A	0.387	0.03969107
1088	C	0.186	0.03579322
1089	A	-0.341	0.01237316
1090	G	-0.157	0.005375524
1091	A	-0.457	0.005403736
1092	A	-0.314	-0.0111589
1093	G	-0.053	-0.01019929
1094	C	0.090	-0.01359405
1095	A	0.158	-0.01707802
1096	T	0.291	0.00382237
1097	T	-0.137	0.01059428
1098	G	-0.183	0.008357794
1099	C	-0.027	0.006056552
1100	A	0.396	-0.0008921697
1101	T	0.167	-0.01963778
1102	C	0.145	-0.0387732
1103	C	0.454	-0.05878911
1104	T	0.331	-0.06817029
1105	T	-0.337	-0.06810965
1106	T	0.115	-0.04731053
1107	C	0.181	-0.03487284
1108	A	-0.375	-0.01045447
1109	T	-0.086	-0.01374726
1110	G	-0.163	-0.02174013
1111	A	-0.397	-0.03372094
1112	C	0.220	-0.04052303
1113	A	-0.247	-0.05519415
1114	G	-0.246	-0.04370836
1115	A	-0.333	-0.02534397
1116	A	-0.216	-0.02945173
1117	T	-0.302	-0.05174124
1118	T	-0.228	-0.05794731
1119	A	-0.459	-0.05243631
1120	G	0.078	-0.06191619
1121	G	0.188	-0.05724122
1122	G	0.344	-0.05809358
1123	C	0.252	-0.0665747
1124	A	0.348	-0.06615634
1125	T	-0.423	-0.05226296
1126	G	-0.317	-0.05986575
1127	A	-0.304	-0.06441384
1128	T	-0.065	-0.06138548
1129	T	-0.192	-0.08136948
1130	C	0.241	-0.08403799
1131	C	0.422	-0.07963854
1132	A	-0.162	-0.07186815
1133	T	-0.339	-0.0503979
1134	T	-0.037	-0.03716775
1135	T	0.327	-0.02959321
1136	C	0.141	-0.001503118
1137	T	0.485	0.009583215
1138	A	-0.365	0.01115149
1139	T	-0.163	0.005140942
1140	A	0.195	-0.00772833
1141	T	0.083	-0.01179315
1142	G	-0.337	0.01393758
1143	A	-0.313	0.03460167
1144	A	-0.297	0.05045964
1145	A	-0.438	0.04293382
1146	T	-0.335	0.04415173
1147	A	-0.101	0.03348585
1148	C	-0.077	0.009852882
1149	T	0.491	0.009433791
1150	A	0.133	0.005501397
1151	G	0.021	-0.007417142
1152	C	0.467	-0.03016014
1153	T	0.444	-0.04196966
1154	G	0.240	-0.06884742
1155	T	0.146	-0.06408842
1156	G	-0.172	-0.04537593
1157	T	0.214	-0.05941151
1158	G	0.426	-0.07297801
1159	T	0.364	-0.07164446
1160	T	0.218	-0.06677898
1161	G	-0.314	-0.06681088
1162	T	-0.152	-0.04510985
1163	T	-0.110	-0.02421885
1164	A	-0.357	-0.02115034
1165	T	-0.176	-0.01118594
1166	T	-0.469	-0.01296358
1167	A	-0.463	-0.006800821
1168	A	-0.423	0.006727152
1169	A	-0.247	-0.007432939
1170	A	-0.401	-0.01859357
1171	T	-0.208	-0.01800575
1172	T	0.453	-0.0206722
1173	A	-0.267	-0.02115405
1174	T	-0.364	-0.03900917
1175	T	-0.293	-0.06050269
1176	T	-0.152	-0.08071414
1177	T	-0.298	-0.1032782
1178	C	0.277	-0.09005202
1179	T	0.353	-0.08939408
1180	G	0	-0.09941032
 1181	G	0.251	-0.1040814
1182	C	0.432	-0.1081351
1183	C	0.337	-0.1082168
1184	C	0.468	-0.1073025
1185	C	0	-0.1033528
 1186	A	0.075	-0.1114868
1187	C	0.259	-0.1111951
1188	T	0.058	-0.104878
1189	G	-0.188	-0.1186227
1190	A	-0.374	-0.1153065
1191	G	-0.283	-0.1050449
1192	A	-0.302	-0.1055021
1193	G	-0.526	-0.1097248
1194	T	0.122	-0.1024676
1195	T	-0.131	-0.1181163
1196	G	-0.441	-0.1147009
1197	A	-0.511	-0.1281781
1198	A	-0.310	-0.1489981
1199	A	-0.471	-0.1780256
1200	G	-0.433	-0.1970405
1201	A	-0.293	-0.218646
1202	A	-0.516	-0.2297699
1203	A	-0.391	-0.2452916
1204	A	0	-0.2574787
 1205	G	0	-0.265778
 1206	T	-0.158	-0.2671141
1207	T	-0.026	-0.2434114
1208	G	-0.308	-0.2205793
1209	A	-0.292	-0.2028237
1210	A	-0.058	-0.1746223
1211	A	-0.239	-0.1661958
1212	T	0.466	-0.1569575
1213	T	-0.444	-0.1561409
1214	T	-0.435	-0.1438999
1215	A	-0.524	-0.1372696
1216	A	-0.290	-0.1171857
1217	A	-0.244	-0.09127496
1218	G	-0.367	-0.07802869
1219	G	-0.436	-0.06515328
1220	A	-0.142	-0.04619595
1221	T	-0.215	-0.04347098
1222	T	-0.232	-0.04699968
1223	C	0.407	-0.05294071
1224	C	0.470	-0.06315297
1225	T	0.283	-0.06895825
1226	T	0.404	-0.07276828
1227	C	0.400	-0.07730245
1228	T	0.173	-0.07382508
1229	A	-0.414	-0.09809914
1230	T	-0.107	-0.09311793
1231	T	-0.091	-0.09448117
1232	C	0.190	-0.08190002
1233	A	0.421	-0.06853096
1234	T	0.143	-0.0590839
1235	C	-0.091	-0.03303229
1236	A	0.233	-0.02241148
1237	T	0.089	-0.02387399
1238	T	-0.116	-0.02291714
1239	T	-0.354	-0.001148597
1240	T	-0.363	-0.02220323
1241	T	-0.499	-0.04721514
1242	A	-0.417	-0.06929323
1243	A	-0.208	-0.08309293
1244	G	-0.124	-0.09920951
1245	A	-0.334	-0.1112065
1246	A	-0.280	-0.1060281
1247	A	-0.480	-0.1127014
1248	T	-0.109	-0.1249851
1249	T	0.150	-0.1362489
1250	T	0.066	-0.1408599
1251	C	0.492	-0.1325777
1252	A	-0.085	-0.1176008
1253	T	-0.190	-0.1192691
1254	T	-0.183	-0.1077888
1255	T	0.486	-0.105418
1256	T	-0.287	-0.1035045
1257	T	-0.355	-0.09903918
1258	A	-0.445	-0.0983556
1259	G	-0.051	-0.09663275
1260	T	-0.131	-0.09292763
1261	T	-0.222	-0.0774749
1262	A	-0.243	-0.06282396
1263	T	-0.327	-0.04643563
1264	G	-0.497	-0.03811084
1265	A	-0.180	-0.04659481
1266	G	0.269	-0.06029542
1267	G	0.417	-0.07746375
1268	C	0.402	-0.09071271
1269	A	0.178	-0.07326926
1270	G	0.468	-0.05657005
1271	T	-0.038	-0.0596682
1272	G	-0.291	-0.07891498
1273	T	-0.215	-0.0834758
1274	A	-0.477	-0.0842278
1275	A	-0.361	-0.0814992
1276	G	-0.086	-0.08803277
1277	G	0.385	-0.07073986
1278	C	0.148	-0.06880235
1279	A	0.260	-0.06943768
1280	T	-0.205	-0.06762717
1281	A	-0.389	-0.0561622
1282	T	-0.301	-0.03675214
1283	T	-0.499	-0.03185114
1284	A	0.055	-0.03985595
1285	C	0.489	-0.03864617
1286	C	0.360	-0.04125016
1287	A	-0.286	-0.06522425
1288	T	-0.148	-0.05428105
1289	T	-0.437	-0.04253469
1290	T	-0.380	-0.04371403
1291	T	-0.355	-0.04441621
1292	A	-0.266	-0.04694545
1293	T	0.439	-0.04882739
1294	T	-0.158	-0.07145691
1295	T	-0.264	-0.06232815
1296	G	-0.267	-0.06090266
1297	G	-0.118	-0.06064051
1298	A	0.459	-0.040796
1299	C	0.431	-0.04563382
1300	A	0.153	-0.01692157
1301	C	0.442	-0.02539443
1302	T	0.092	-0.04957082
1303	T	-0.322	-0.05005907
1304	A	0.322	-0.03993904
1305	T	0.096	-0.04089113
1306	T	-0.254	-0.04284319
1307	T	-0.500	-0.04581641
1308	A	-0.444	-0.04330247
1309	G	-0.148	-0.02480832
1310	A	-0.361	-0.02553177
1311	C	0.450	-0.006714285
1312	C	0.307	0.001289897
1313	A	-0.197	0.0031622
1314	G	0.265	0.01098853
1315	A	-0.460	-0.01400925
1316	T	0.447	-0.03812147
1317	T	-0.224	-0.04811589
1318	G	-0.308	-0.06313728
1319	C	0.344	-0.05929571
1320	A	0.047	-0.04763232
1321	A	-0.180	-0.06905832
1322	A	-0.502	-0.05901055
1323	T	-0.478	-0.06706227
1324	T	-0.272	-0.0482243
1325	T	0.343	-0.02649782
1326	T	0.415	-0.008016
1327	C	0.462	0.001668748
1328	T	0	-0.02665537
 1329	G	-0.206	-0.05215874
1330	T	0.139	-0.04709995
1331	T	-0.365	-0.05104932
1332	A	-0.364	-0.03075428
1333	A	-0.176	-0.0322578
1334	T	-0.052	-0.01830807
1335	T	0.219	-0.005681315
1336	G	0.062	-0.02210332
1337	A	-0.384	-0.03817828
1338	G	0.427	-0.03760898
1339	T	-0.520	-0.03525979
1340	G	0.121	-0.01032246
1341	C	0.272	0.01060536
1342	T	0.461	0.01502342
1343	G	-0.041	0.01642245
1344	A	-0.484	-0.002360885
1345	A	-0.534	0.005204388
1346	T	-0.030	0.01757996
1347	T	0.134	0.005798752
1348	G	0.208	0.02297936
1349	G	0.398	0.03401893
1350	C	0.236	0.03441178
1351	C	0.108	0.0270148
1352	A	-0.197	0.02309493
1353	A	-0.482	0.010019
1354	C	-0.161	0.01211912
1355	A	-0.424	-0.006701427
1356	C	0.344	0.02180003
1357	A	0.418	0.02998903
1358	C	0.489	0.03012675
1359	C	0.461	0.03079478
1360	A	-0.156	0.03205216
1361	T	0.249	0.03452419
1362	T	0.202	0.03917861
1363	G	-0.249	0.03504825
1364	T	0.201	0.04542437
1365	A	0	0.05266689
 1366	G	-0.163	0.05146665
1367	A	-0.297	0.05451719
1368	T	0.090	0.06421707
1369	G	-0.368	0.06234901
1370	T	-0.314	0.08198152
1371	A	-0.193	0.08597477
1372	C	0.420	0.1111297
1373	T	0.391	0.1002059
1374	C	0.276	0.09045876
1375	C	0.483	0.06542998
1376	A	0	0.0644747
 1377	T	-0.402	0.0660734
1378	A	-0.380	0.04770195
1379	G	-0.166	0.04917146
1380	C	0.477	0.06049782
1381	T	0.447	0.04842728
1382	T	0.358	0.03830446
1383	C	0.336	0.03304137
1384	T	0.428	0.03926304
1385	G	-0.259	0.02995557
1386	C	0.165	0.05485094
1387	A	-0.029	0.06235349
1388	C	0.405	0.0691326
1389	A	-0.015	0.06878778
1390	T	0.096	0.07023372
1391	G	-0.336	0.07254675
1392	G	0.430	0.05514032
1393	A	-0.104	0.04860911
1394	A	-0.356	0.06050205
1395	T	0.250	0.06576265
1396	T	0.124	0.06654441
1397	T	-0.196	0.06320153
1398	A	-0.334	0.05733199
1399	T	-0.337	0.05943505
1400	T	-0.091	0.05141932
1401	A	-0.216	0.03459314
1402	C	0.452	0.04639232
1403	A	-0.067	0.04869459
1404	G	0.030	0.05586662
1405	A	0.408	0.04423771
1406	C	0.439	0.054437
1407	T	0.353	0.06205411
1408	T	-0.090	0.08445905
1409	T	-0.215	0.08182296
1410	T	-0.010	0.08703132
1411	C	-0.206	0.1112823
1412	A	-0.140	0.09812038
1413	T	0.366	0.07865405
1414	C	0.254	0.07887292
1415	C	0.427	0.08398232
1416	A	0.072	0.09633241
1417	C	-0.126	0.1032661
1418	A	0.130	0.1230483
1419	T	0.241	0.1231402
1420	C	0.206	0.1381258
1421	T	0.021	0.1516284
1422	G	0.320	0.1272201
1423	C	0.348	0.1115841
1424	T	0.402	0.08773822
1425	C	0.343	0.08229114
1426	C	0.067	0.07707535
1427	T	0.443	0.06889538
1428	T	-0.183	0.07684475
1429	T	-0.517	0.09785896
1430	A	-0.189	0.1008423
1431	C	-0.165	0.09355743
1432	T	0.070	0.07725786
1433	T	0.137	0.09100741
1434	T	0.435	0.08725889
1435	G	0.455	0.08290689
1436	C	0.427	0.06014592
1437	T	0.476	0.04751883
1438	T	-0.396	0.03880968
1439	A	-0.076	0.03650546
1440	A	-0.433	0.03870349
1441	T	-0.270	0.04110625
1442	A	-0.387	0.04258334
1443	T	-0.280	0.04663438
1444	A	0.055	0.02197211
1445	C	0.552	0.01954492
1446	T	0.465	0.02438602
1447	A	0.013	0.0191038
1448	T	-0.109	0.01553859
1449	A	0.526	0.002339045
1450	G	-0.250	3.645455e-05
1451	T	-0.013	-0.003323545
1452	A	-0.509	-0.006326
1453	T	-0.209	-0.006366545
1454	T	-0.265	-0.01895044
1455	T	0.244	-0.008236242
1456	C	0.420	-0.007805039
1457	T	0.482	-0.004656767
1458	C	0.391	-0.01240655
1459	T	0.201	-0.007656555
1460	T	-0.370	0.009872748
1461	A	-0.263	-0.007553648
1462	G	-0.358	-0.03973974
1463	A	-0.363	-0.06844307
1464	T	-0.283	-0.07004562
1465	A	-0.365	-0.07881329
1466	C	0.061	-0.09536224
1467	A	0.325	-0.09900409
1468	G	0.356	-0.1059058
1469	G	0.425	-0.08707451
1470	G	0.060	-0.07637415
1471	G	-0.043	-0.08090257
1472	A	-0.062	-0.09978669
1473	A	-0.329	-0.1182228
1474	G	-0.526	-0.1206077
1475	A	-0.230	-0.1383927
1476	C	0.298	-0.1555836
1477	A	-0.519	-0.1350559
1478	A	-0.509	-0.14153
1479	A	-0.481	-0.1280485
1480	G	-0.039	-0.1115169
1481	A	-0.399	-0.09860905
1482	A	-0.020	-0.09388884
1483	T	-0.370	-0.09424266
1484	A	-0.241	-0.1155516
1485	T	0.111	-0.1411657
1486	C	0.143	-0.1672507
1487	A	-0.415	-0.1827471
1488	A	-0.378	-0.1939367
1489	A	-0.187	-0.2067127
1490	T	0.403	-0.2107535
1491	G	-0.195	-0.2037846
1492	A	-0.365	-0.206634
1493	C	0.307	-0.2195268
1494	A	-0.477	-0.1900383
1495	A	0.086	-0.1596353
1496	G	0.181	-0.1429721
1497	T	0.142	-0.148178
1498	G	-0.209	-0.1483171
1499	A	0.049	-0.1561468
1500	A	-0.378	-0.1485778
1501	G	-0.488	-0.1340261
1502	A	-0.434	-0.1492285
1503	A	-0.450	-0.1617105
1504	A	-0.412	-0.147625
1505	A	-0.484	-0.1377969
1506	A	-0.463	-0.1193074
1507	T	-0.296	-0.1229684
1508	T	-0.324	-0.112533
1509	A	-0.127	-0.08958735
1510	A	0.453	-0.09083668
1511	C	0.493	-0.08132877
1512	T	0.068	-0.08538384
1513	T	-0.210	-0.1042872
1514	A	-0.403	-0.1208817
1515	G	-0.278	-0.1278026
1516	A	-0.120	-0.1447218
1517	A	0.239	-0.1386897
1518	T	-0.390	-0.1313023
1519	T	-0.268	-0.1256197
1520	A	0.049	-0.1129166
1521	T	-0.053	-0.09148391
1522	T	0.422	-0.06310442
1523	C	0.282	-0.05127443
1524	A	0.149	-0.03667425
1525	C	0.391	-0.03840031
1526	A	0.266	-0.04084962
1527	G	-0.163	-0.06155955
1528	T	-0.047	-0.06375325
1529	T	-0.441	-0.0539919
1530	A	-0.404	-0.03367914
1531	A	-0.438	-0.02746623
1532	A	-0.508	-0.01679579
1533	T	-0.179	-0.01641842
1534	T	-0.244	-0.009733788
1535	G	-0.247	-0.002406242
1536	T	-0.031	-0.0003641515
1537	A	0.294	0.01260692
1538	T	0.452	0.02465901
1539	C	-0.072	0.002430403
1540	T	0.185	-0.01921575
1541	A	-0.381	-0.03688735
1542	T	-0.208	-0.04453832
1543	A	-0.229	-0.06271563
1544	C	0.421	-0.07023863
1545	T	0.390	-0.08169235
1546	C	0.459	-0.07916651
1547	A	-0.198	-0.07398351
1548	G	0.073	-0.07394929
1549	G	-0.108	-0.04931948
1550	T	0.459	-0.05175854
1551	T	-0.148	-0.05743823
1552	A	-0.201	-0.0638376
1553	T	0.477	-0.07479942
1554	C	0.343	-0.09510572
1555	T	-0.311	-0.1215234
1556	A	-0.431	-0.1238231
1557	A	-0.433	-0.121784
1558	T	0.138	-0.09640062
1559	A	-0.333	-0.08698995
1560	A	-0.411	-0.07849236
1561	A	-0.425	-0.0947343
1562	A	-0.358	-0.1075932
1563	T	-0.233	-0.1086126
1564	A	-0.436	-0.09403549
1565	T	0.303	-0.08342845
1566	T	-0.259	-0.06915132
1567	A	-0.432	-0.07991966
1568	A	-0.458	-0.07229863
1569	A	-0.393	-0.0625596
1570	T	-0.375	-0.09175138
1571	A	-0.419	-0.111911
1572	A	-0.148	-0.1052635
1573	A	0.252	-0.09087856
1574	C	0.455	-0.06422568
1575	T	0.102	-0.08046426
1576	A	0.050	-0.07455578
1577	T	-0.114	-0.05618456
1578	G	-0.034	-0.03126662
1579	T	0.425	-0.007833958
1580	A	0.282	0.003552285
1581	T	0.423	0.01030147
1582	C	0.362	0.01577538
1583	T	0.104	0.03233677
1584	T	0.103	0.03390792
1585	T	0.120	0.05310153
1586	T	-0.485	0.05238098
1587	T	-0.321	0.05813359
1588	T	-0.091	0.06766056
1589	G	0.043	0.07344934
1590	T	0.445	0.08115495
1591	T	-0.397	0.06778319
1592	G	-0.138	0.06091792
1593	T	0.194	0.06901997
1594	C	0.397	0.08250115
1595	C	0.414	0.09015739
1596	T	0.142	0.07258948
1597	G	-0.214	0.054419
1598	T	0.484	0.05101506
1599	T	0.286	0.04998915
1600	A	-0.380	0.05312261
1601	T	0.174	0.06131212
1602	A	-0.416	0.06784418
1603	T	-0.185	0.08561697
1604	A	-0.105	0.1040379
1605	C	0.042	0.09404749
1606	T	0.506	0.08373266
1607	T	0.014	0.05629063
1608	T	-0.124	0.07832609
1609	C	0.317	0.08078183
1610	C	0.330	0.07023628
1611	A	0.218	0.05065783
1612	T	-0.153	0.02321365
1613	G	-0.317	0.006861282
1614	T	0.311	0.008631252
1615	T	0.329	-0.01379348
1616	T	0.207	-0.01248296
1617	C	0.373	0.0009366121
1618	T	0.335	0.01033534
1619	C	0.100	0.01630392
1620	A	0.286	0.03530022
1621	T	-0.421	0.03495534
1622	T	-0.297	0.02426577
1623	A	-0.459	-0.005328109
1624	C	0.330	-0.01740229
1625	A	-0.057	-0.02902599
1626	C	-0.153	-0.04507242
1627	A	-0.248	-0.0526231
1628	A	-0.490	-0.04701874
1629	A	-0.397	-0.02889958
1630	T	-0.155	-0.02021542
1631	A	-0.255	-0.04165899
1632	C	0.330	-0.06595627
1633	A	0.062	-0.08494093
1634	C	0.485	-0.1036278
1635	A	-0.219	-0.1254333
1636	T	0.441	-0.1415695
1637	T	-0.116	-0.1498253
1638	T	-0.310	-0.1470264
1639	A	-0.469	-0.1467116
1640	G	-0.383	-0.1314333
1641	A	-0.507	-0.1526723
1642	A	-0.211	-0.1668742
1643	A	0.081	-0.172543
1644	G	0.403	-0.1597734
1645	C	0.444	-0.1413101
1646	T	-0.030	-0.1416031
1647	G	-0.396	-0.1307712
1648	A	-0.472	-0.1153217
1649	A	-0.418	-0.1326066
1650	A	-0.243	-0.1475676
1651	A	-0.383	-0.1741375
1652	T	-0.431	-0.1789327
1653	A	0.013	-0.1999205
1654	T	-0.329	-0.1857083
1655	G	-0.286	-0.18619
1656	T	0.044	-0.1702482
1657	A	-0.370	-0.1535001
1658	G	-0.526	-0.1396745
1659	A	-0.340	-0.1176254
1660	T	0.172	-0.1259613
1661	G	0.118	-0.1283346
1662	A	-0.407	-0.1320339
1663	G	0.201	-0.1206237
1664	C	0.254	-0.1205726
1665	A	-0.240	-0.119718
1666	A	-0.431	-0.1203876
1667	A	-0.391	-0.1232776
1668	T	-0.378	-0.126027
1669	A	-0.251	-0.1184046
1670	C	0.352	-0.1098814
1671	G	-0.326	-0.09843667
1672	A	0.056	-0.074736
1673	G	0.168	-0.07183223
1674	G	-0.051	-0.06427241
1675	T	0.515	-0.05158975
1676	T	-0.193	-0.04663496
1677	A	0.325	-0.04564838
1678	C	0.321	-0.03547593
1679	C	0.345	-0.01048211
1680	T	-0.394	-0.01040953
1681	A	-0.444	-0.02128402
1682	A	-0.440	-0.02181281
1683	A	-0.338	-0.008739594
1684	A	-0.474	-0.01175214
1685	T	-0.180	0.01271798
1686	C	0.295	0.0154095
1687	C	0.048	-0.008110624
1688	T	0.495	-0.01043914
1689	A	0.140	-0.02153051
1690	T	-0.121	-0.0150486
1691	C	-0.107	-0.01904248
1692	A	-0.177	-0.02604284
1693	T	0.205	-0.02689778
1694	C	0.454	-0.02726039
1695	C	0.417	-0.0429903
1696	A	0.204	-0.04833578
1697	G	-0.104	-0.03498308
1698	A	-0.257	-0.006171227
1699	G	0	0.01295998
 1700	A	-0.491	0.01820556
1701	T	0.429	0.0385802
1702	G	-0.162	0.05184256
1703	A	-0.423	0.05648408
1704	T	-0.403	0.06895728
1705	A	-0.309	0.06803737
1706	A	0.382	0.07374674
1707	C	-0.183	0.07502354
1708	T	0.284	0.0702112
1709	A	-0.222	0.06256126
1710	T	0.313	0.05930667
1711	T	-0.197	0.03547664
1712	G	0.169	0.01299404
1713	A	0.046	0.01241079
1714	C	0.506	0.0292231
1715	A	0.190	0.05054076
1716	T	-0.165	0.05201152
1717	T	0.197	0.08055768
1718	C	0.257	0.06822141
1719	T	0.448	0.0608575
1720	G	0.460	0.06092883
1721	C	0.464	0.07427569
1722	T	0.328	0.09282848
1723	A	-0.079	0.06921369
1724	T	-0.266	0.06049008
1725	A	-0.429	0.06062581
1726	T	0.097	0.07071984
1727	A	-0.332	0.07573081
1728	T	-0.324	0.09515426
1729	A	0.184	0.1045839
1730	C	0.450	0.09748928
1731	T	0.445	0.08357032
1732	T	0.048	0.06831756
1733	C	0.450	0.05855029
1734	T	0.022	0.04082035
1735	A	-0.405	0.01714735
1736	A	-0.421	-0.002542833
1737	A	0.037	-0.009418652
1738	C	0.302	-0.02632385
1739	A	-0.396	-0.03321307
1740	T	-0.471	-0.0360512
1741	T	0.289	-0.03516644
1742	T	0.111	-0.01923851
1743	T	0.478	-0.0073741
1744	C	0.443	-0.002776676
1745	T	0.480	-0.003366373
1746	T	-0.188	-0.01992816
1747	G	0.046	-0.04611737
1748	T	-0.312	-0.07038198
1749	A	-0.487	-0.07867725
1750	A	-0.387	-0.09180615
1751	A	-0.523	-0.1048917
1752	A	-0.201	-0.09385701
1753	C	0.233	-0.09405589
1754	A	-0.093	-0.07946265
1755	T	0.101	-0.08382481
1756	A	-0.172	-0.08302293
1757	A	-0.237	-0.07982635
1758	T	0.096	-0.09505941
1759	T	0.489	-0.1041291
1760	T	-0.180	-0.1139656
1761	T	-0.343	-0.1155054
1762	T	-0.361	-0.1182091
1763	A	-0.413	-0.09820408
1764	A	-0.354	-0.08545448
1765	A	-0.225	-0.08121087
1766	T	0.017	-0.07491266
1767	A	-0.409	-0.07028514
1768	G	-0.041	-0.05980151
1769	A	-0.427	-0.06212723
1770	T	0.518	-0.06279154
1771	T	0.158	-0.06897067
1772	A	-0.370	-0.05744427
1773	T	-0.365	-0.05085103
1774	A	-0.213	-0.04701954
1775	T	-0.188	-0.05809584
1776	T	0.153	-0.08493563
1777	C	0.393	-0.0903756
1778	G	0.391	-0.08829387
1779	T	0.472	-0.0843249
1780	A	0.467	-0.0608392
1781	T	-0.172	-0.04004584
1782	T	-0.280	-0.04591775
1783	T	-0.234	-0.04469017
1784	T	-0.177	-0.01754102
1785	T	-0.278	-0.01962555
1786	G	0.211	-0.004014406
1787	A	-0.296	-0.02652962
1788	G	0.481	-0.01595935
1789	G	0.044	-0.01737559
1790	A	-0.111	-0.01478174
1791	A	-0.269	-0.01785722
1792	A	-0.396	-0.002241861
1793	A	-0.360	-0.02044998
1794	T	-0.275	-0.04236128
1795	A	-0.230	-0.06640868
1796	T	0.361	-0.07872255
1797	T	0.331	-0.1014281
1798	T	-0.418	-0.1054747
1799	T	0.058	-0.08258061
1800	T	0.486	-0.06367091
1801	C	-0.109	-0.05389337
1802	A	0.087	-0.05497318
1803	G	-0.224	-0.04830394
1804	T	0.507	-0.03793315
1805	T	-0.416	-0.04039627
1806	A	-0.280	-0.04006665
1807	A	-0.314	-0.04896132
1808	C	0.327	-0.0557402
1809	A	-0.446	-0.05654983
1810	A	-0.330	-0.03721653
1811	G	-0.402	-0.0407528
1812	T	0.065	-0.0343214
1813	T	-0.281	-0.05342716
1814	G	-0.306	-0.05404831
1815	C	0.475	-0.0294118
1816	T	0.389	-0.02446788
1817	A	0.144	-0.03529364
1818	T	-0.313	-0.04472012
1819	T	0.431	-0.05852633
1820	T	0.045	-0.06478245
1821	C	0.400	-0.09235936
1822	A	0.055	-0.0876949
1823	A	-0.404	-0.08003648
1824	A	-0.493	-0.0768599
1825	A	-0.423	-0.07390669
1826	T	0.277	-0.04568093
1827	T	-0.391	-0.02702421
1828	A	-0.018	-0.0128311
1829	A	-0.269	-0.02704872
1830	C	0.310	-0.02202387
1831	A	0.394	-0.01336421
1832	C	0.221	-0.03399355
1833	T	0.129	-0.04370296
1834	G	-0.420	-0.05977896
1835	T	-0.368	-0.05437457
1836	A	-0.430	-0.06320184
1837	A	-0.402	-0.07229048
1838	A	-0.263	-0.09235006
1839	T	-0.027	-0.09270646
1840	T	-0.209	-0.08966155
1841	C	0.424	-0.0882144
1842	C	0.484	-0.08728234
1843	T	0.285	-0.1064235
1844	T	0.066	-0.1074151
1845	T	-0.403	-0.09740529
1846	C	-0.115	-0.08877987
1847	T	-0.020	-0.08654554
1848	A	-0.205	-0.09256321
1849	T	0.069	-0.09415339
1850	G	-0.385	-0.1100359
1851	A	-0.135	-0.08835605
1852	C	0.140	-0.0775999
1853	A	-0.254	-0.07153778
1854	G	-0.261	-0.06734354
1855	T	0.043	-0.05767992
1856	A	-0.304	-0.06499377
1857	A	-0.445	-0.06137959
1858	A	-0.392	-0.05987713
1859	T	-0.353	-0.06567535
1860	A	-0.424	-0.06549225
1861	C	0.311	-0.06749354
1862	A	0.015	-0.06910266
1863	C	0.384	-0.07116754
1864	A	0.195	-0.0766302
1865	T	0.168	-0.0765358
1866	G	-0.395	-0.0945632
1867	T	0.294	-0.09202335
1868	A	-0.013	-0.09503448
1869	T	-0.230	-0.1037175
1870	A	-0.264	-0.08411669
1871	T	0.055	-0.06097487
1872	T	-0.268	-0.0722693
1873	T	-0.090	-0.06805345
1874	C	0.474	-0.06945015
1875	A	0.293	-0.04781824
1876	T	0.291	-0.02884591
1877	G	0	-0.01206454
 1878	T	-0.456	-0.01209694
1879	G	-0.183	-0.01147608
1880	A	-0.200	-0.007636661
1881	A	-0.202	-0.001142479
1882	A	-0.525	-0.01060933
1883	T	-0.301	-0.005580267
1884	A	-0.234	-0.02699384
1885	G	-0.146	-0.01735906
1886	T	0.392	0.005230458
1887	T	0.501	0.01884231
1888	G	-0.328	0.004151206
1889	T	-0.165	9.693333e-05
1890	A	-0.491	-0.004504188
1891	G	0.321	-0.03175255
1892	C	0.272	-0.05713104
1893	A	0.129	-0.07026713
1894	A	0.310	-0.05716288
1895	C	0.035	-0.03249155
1896	T	0.511	-0.01554237
1897	T	0.409	-0.001780612
1898	T	-0.143	0.01324739
1899	T	-0.229	0.02309499
1900	A	-0.412	0.02563196
1901	C	0.304	0.01980554
1902	T	0.515	0.01750587
1903	G	0.185	0.01985042
1904	T	-0.428	0.0046406
1905	A	-0.402	0.01297928
1906	T	-0.242	0.009889976
1907	A	-0.425	0.0309284
1908	A	-0.544	0.02712076
1909	A	-0.141	0.006842461
1910	C	0.432	-0.009721206
1911	C	0.357	-0.02778802
1912	C	0.375	-0.02442299
1913	A	0.253	-0.04579126
1914	T	0.293	-0.07066647
1915	G	-0.200	-0.07159405
1916	T	-0.217	-0.06465326
1917	A	-0.427	-0.03958514
1918	A	-0.222	-0.05680008
1919	C	0.469	-0.08395353
1920	A	0	-0.1036934
 1921	T	-0.053	-0.1002953
1922	A	-0.266	-0.07773005
1923	T	0.202	-0.07797784
1924	T	0.195	-0.04992923
1925	T	-0.396	-0.04779878
1926	A	-0.417	-0.03462829
1927	G	-0.285	-0.03516175
1928	C	0.146	-0.05185662
1929	A	-0.193	-0.07598699
1930	A	-0.411	-0.07893596
1931	A	-0.174	-0.1017605
1932	T	0	-0.1036977
 1933	C	0.415	-0.09784357
1934	A	-0.263	-0.09839154
1935	A	-0.381	-0.09557823
1936	T	-0.466	-0.09406926
1937	A	-0.316	-0.08852357
1938	C	0.342	-0.09333
1939	A	-0.250	-0.08266612
1940	T	0.500	-0.1037223
1941	A	-0.474	-0.09343242
1942	T	0.292	-0.09645036
1943	T	0.414	-0.07851191
1944	G	-0.193	-0.056536
1945	T	-0.420	-0.04683209
1946	A	0.155	-0.04095518
1947	G	-0.459	-0.03719406
1948	G	-0.264	-0.03815694
1949	A	-0.024	-0.04728679
1950	A	-0.445	-0.06901764
1951	A	-0.129	-0.05321967
1952	C	0.519	-0.02634248
1953	T	0.183	-0.01896133
1954	T	-0.212	-0.01634515
1955	A	0.084	-0.01716579
1956	G	-0.492	-0.01806773
1957	T	0.535	-0.03323367
1958	T	-0.496	-0.03071306
1959	T	0.174	-0.04917597
1960	C	0.439	-0.07581512
1961	C	0.466	-0.08019179
1962	A	0	-0.07989327
 1963	A	-0.287	-0.07750112
1964	T	-0.206	-0.07669418
1965	T	-0.301	-0.06707132
1966	T	-0.301	-0.0680655
1967	T	0.257	-0.05566918
1968	C	0.505	-0.05135499
1969	A	-0.222	-0.0737266
1970	A	-0.230	-0.0837669
1971	T	0.314	-0.06283357
1972	A	-0.280	-0.07398451
1973	T	0	-0.06829082
 1974	G	-0.390	-0.0943946
1975	T	-0.316	-0.09104512
1976	T	-0.464	-0.107564
1977	A	-0.337	-0.1267455
1978	A	-0.411	-0.1463474
1979	A	0.234	-0.1490077
1980	A	-0.432	-0.1282827
1981	T	0.052	-0.1355438
1982	T	-0.057	-0.1136937
1983	T	-0.036	-0.09039627
1984	T	0.012	-0.09933932
1985	G	-0.218	-0.1210431
1986	A	-0.148	-0.1288721
1987	C	0.478	-0.136189
1988	A	-0.283	-0.1586568
1989	A	-0.304	-0.1621775
1990	G	-0.326	-0.156515
1991	A	-0.385	-0.1293922
1992	A	-0.370	-0.1259368
1993	T	-0.193	-0.1090537
1994	A	-0.179	-0.08729821
1995	T	-0.087	-0.0592086
1996	T	0.396	-0.07232469
1997	T	-0.445	-0.07207494
1998	T	0.419	-0.08509262
1999	T	0.466	-0.07920525
2000	G	-0.037	-0.09043618
2001	T	-0.210	-0.09498221
2002	G	-0.481	-0.09959248
2003	T	-0.471	-0.09357183
2004	A	-0.426	-0.1101985
2005	A	-0.396	-0.1096355
2006	A	0.186	-0.1137029
2007	C	0.504	-0.1128664
2008	A	-0.202	-0.1162172
2009	T	0.092	-0.1169459
2010	T	0.380	-0.1156497
2011	T	0.515	-0.1151422
2012	T	-0.197	-0.09894848
2013	T	-0.424	-0.09844942
2014	A	-0.376	-0.07259997
2015	T	0.136	-0.07207633
2016	A	-0.406	-0.07282466
2017	A	-0.137	-0.06907882
2018	G	-0.371	-0.06633155
2019	T	0.050	-0.05956892
2020	A	-0.070	-0.05133355
2021	T	-0.264	-0.04511643
2022	A	-0.438	-0.04114067
2023	T	-0.298	-0.06017161
2024	A	-0.496	-0.0877817
2025	A	-0.394	-0.08834252
2026	T	-0.150	-0.1048449
2027	G	-0.163	-0.1047867
2028	C	0.446	-0.1064601
2029	T	0.413	-0.08489117
2030	T	0.407	-0.07523817
2031	C	0.437	-0.07711657
2032	C	0.442	-0.09540608
2033	T	0.086	-0.09836396
2034	G	-0.119	-0.1097619
2035	A	-0.257	-0.1040996
2036	G	-0.200	-0.1092727
2037	G	-0.221	-0.1188112
2038	A	-0.265	-0.1227088
2039	T	-0.441	-0.1019837
2040	A	-0.406	-0.08390332
2041	A	-0.220	-0.05470678
2042	A	-0.451	-0.04069274
2043	T	0.382	-0.05153925
2044	T	0.460	-0.06162589
2045	C	0.513	-0.07515935
2046	T	-0.106	-0.09364925
2047	A	-0.438	-0.1211382
2048	A	-0.466	-0.1446055
2049	A	-0.504	-0.1615026
2050	A	-0.513	-0.1613355
2051	A	-0.184	-0.1562653
2052	G	-0.120	-0.1343617
2053	A	-0.384	-0.1409634
2054	G	-0.393	-0.1426093
2055	G	0.245	-0.1470079
2056	T	0.298	-0.1377484
2057	C	0.466	-0.1341855
2058	T	0.067	-0.1284581
2059	T	-0.508	-0.1176562
2060	A	-0.495	-0.1301561
2061	C	0	-0.153253
 2062	T	-0.196	-0.1573565
2063	A	-0.499	-0.1530049
2064	A	-0.337	-0.1351298
2065	G	-0.115	-0.1117816
2066	T	0.091	-0.08267479
2067	C	0.047	-0.06792386
2068	A	0.464	-0.05484055
2069	A	-0.417	-0.06491049
2070	T	-0.275	-0.05255298
2071	A	-0.410	-0.04875443
2072	T	-0.135	-0.06980231
2073	A	-0.289	-0.08570419
2074	T	-0.031	-0.1052749
2075	A	-0.095	-0.1032762
2076	T	-0.030	-0.09911865
2077	T	-0.301	-0.08846262
2078	T	0.378	-0.09235932
2079	T	0.037	-0.07925123
2080	T	0.151	-0.05650668
2081	T	0.303	-0.05593662
2082	C	0.456	-0.0415132
2083	C	-0.026	-0.05209938
2084	T	0.247	-0.05008696
2085	A	-0.452	-0.06687126
2086	T	0.022	-0.06170459
2087	A	-0.267	-0.04564771
2088	A	-0.449	-0.02578926
2089	T	-0.226	-0.00492253
2090	T	-0.178	-0.0005815
2091	T	0.133	-0.01471386
2092	T	-0.371	-0.01942084
2093	G	-0.144	-0.01572038
2094	A	-0.128	-0.01322117
2095	C	0.235	-0.03194495
2096	A	0.250	-0.02184254
2097	T	-0.318	-0.0134856
2098	G	0.360	-0.008630779
2099	A	-0.257	-0.0082669
2100	T	0.114	-0.002987776
2101	T	-0.088	-0.01345853
2102	T	-0.247	-0.0142879
2103	G	0.254	-0.02820268
2104	C	0.244	-0.0346032
2105	G	0.553	-0.03379402
2106	A	-0.146	-0.04013859
2107	A	-0.498	-0.03526925
2108	T	-0.250	-0.02451274
2109	T	0.091	-0.009726345
2110	T	-0.219	-0.0017098
2111	G	-0.239	-0.009708103
2112	C	0.370	-0.01365819
2113	C	0.426	-0.03427353
2114	C	0.463	-0.01374098
2115	T	0.468	-0.01751313
2116	T	0.147	0.0001757455
2117	C	-0.098	-0.002794685
2118	A	-0.480	-0.002719688
2119	A	-0.436	-0.006361961
2120	A	-0.478	-0.02253754
2121	A	-0.422	-0.03938457
2122	A	-0.436	-0.06164514
2123	A	-0.018	-0.05553651
2124	C	0.488	-0.02759423
2125	T	0.116	-0.01572084
2126	T	0.120	-0.004935876
2127	A	-0.392	0.01253761
2128	T	0.105	0.0177226
2129	A	-0.429	0.003387627
2130	C	0.359	-0.01249359
2131	C	0.236	-0.02550529
2132	C	0.326	-0.02698423
2133	A	0.016	-0.02178414
2134	T	-0.086	-0.01231417
2135	T	-0.367	0.007537679
2136	T	-0.279	0.02569441
2137	A	-0.311	0.05306932
2138	T	-0.181	0.07897635
2139	A	0.055	0.1059275
2140	C	0.423	0.1169129
2141	T	0.141	0.09797519
2142	C	0.447	0.0810384
2143	T	0.357	0.06305707
2144	G	-0.068	0.06194988
2145	T	-0.102	0.0430307
2146	T	-0.097	0.04955185
2147	T	0.034	0.02571888
2148	C	0.419	0.009142127
2149	A	0.319	-0.003948236
2150	C	0.214	0.007471073
2151	C	0.175	0.01044505
2152	C	0.162	0.02199005
2153	T	0.424	0.02010377
2154	T	0.432	0.03302402
2155	C	0.453	0.02817253
2156	C	0.344	0.02054568
2157	T	-0.136	0.004121379
2158	A	-0.442	0.01015826
2159	A	-0.473	0.003937985
2160	A	-0.429	-0.002208591
2161	A	-0.518	0.01204782
2162	A	-0.214	0.03084021
2163	G	-0.427	0.04763279
2164	T	-0.311	0.05581831
2165	A	-0.105	0.05315095
2166	C	0.392	0.04442302
2167	T	0.011	0.03792296
2168	A	0.013	0.03770335
2169	G	-0.341	0.01999478
2170	T	0.115	-0.007112739
2171	T	-0.341	-0.0182888
2172	A	-0.196	-0.02383089
2173	T	-0.118	-0.02822738
2174	C	0.340	-0.02681286
2175	A	0.242	-0.02049595
2176	T	0.154	0.006502682
2177	C	0.402	0.005703561
2178	C	0.517	0.0147075
2179	T	0.456	0.006587652
2180	T	0.304	0.0077715
2181	C	0.331	0.004909591
2182	A	0.031	0.01373962
2183	C	0	0.007998106
 2184	T	0.167	0.02098227
2185	T	-0.421	0.02774037
2186	T	-0.470	0.03607387
2187	T	0.063	0.02776972
2188	C	0.270	0.02652812
2189	A	0.199	0.02831533
2190	T	-0.089	0.03690954
2191	G	-0.233	0.03155069
2192	T	0.417	0.02958033
2193	T	-0.455	0.01117351
2194	T	-0.221	-0.01279788
2195	A	-0.482	-0.04283404
2196	G	-0.388	-0.06982579
2197	A	-0.405	-0.09391819
2198	A	0.185	-0.1171049
2199	T	0.203	-0.1236099
2200	C	0.440	-0.1177673
2201	G	0.236	-0.1251957
2202	G	-0.066	-0.1031666
2203	T	-0.158	-0.08710491
2204	T	-0.382	-0.09292702
2205	A	-0.137	-0.1146045
2206	G	0.165	-0.114269
2207	G	0.163	-0.09680918
2208	T	0.177	-0.07508357
2209	G	-0.452	-0.09532418
2210	A	-0.388	-0.06698836
2211	A	-0.473	-0.06785775
2212	A	-0.433	-0.05642124
2213	A	-0.490	-0.04380976
2214	A	-0.433	-0.02906383
2215	T	-0.183	-0.03280098
2216	A	0.192	-0.02731686
2217	G	-0.077	-0.05188841
2218	C	0.305	-0.05960959
2219	A	0.059	-0.05758597
2220	T	-0.128	-0.0438414
2221	T	-0.444	-0.03614282
2222	T	0.210	-0.03656364
2223	C	0.486	-0.04606118
2224	C	0.483	-0.0588914
2225	A	-0.250	-0.05718276
2226	T	0.479	-0.05656079
2227	T	-0.250	-0.04330721
2228	T	-0.104	-0.04144239
2229	A	0.027	-0.03442903
2230	C	0.081	-0.01579406
2231	T	0.062	0.006809667
2232	A	0.384	0.006719879
2233	T	-0.370	0.0002222788
2234	T	-0.018	-0.003922176
2235	T	0	-0.001363448
 2236	T	0.294	5.592424e-05
2237	T	-0.128	0.009391682
2238	T	-0.151	0.03853362
2239	A	-0.148	0.02607538
2240	T	-0.259	0.01875653
2241	T	0.233	0.0094065
2242	A	-0.432	0.01338441
2243	T	0.048	-0.0087295
2244	T	-0.411	-0.003428539
2245	T	-0.202	0.004069976
2246	T	0.124	0.001595376
2247	C	0.312	-0.01178104
2248	A	-0.186	-0.02704486
2249	A	-0.021	-0.05015762
2250	C	-0.214	-0.05005801
2251	T	0.389	-0.05888628
2252	A	0.106	-0.05319622
2253	C	0.179	-0.05684198
2254	T	0.516	-0.03790119
2255	G	-0.200	-0.01878825
2256	T	0.245	-0.01756573
2257	T	0.174	0.001421782
2258	G	-0.118	-0.00844963
2259	A	-0.250	0.0167011
2260	G	-0.075	0.02009622
2261	G	0.142	0.03917103
2262	T	-0.053	0.03693855
2263	T	-0.360	0.03805506
2264	A	-0.441	0.03388318
2265	A	-0.378	0.02663188
2266	A	-0.367	0.02886093
2267	T	-0.309	0.0250486
2268	A	0.187	0.008174327
2269	T	0.174	-0.003606461
2270	C	0.496	-0.02422516
2271	T	0.479	-0.03354437
2272	T	-0.107	-0.02080022
2273	T	0.366	-0.01702404
2274	C	-0.092	-0.006487915
2275	T	0.397	-0.01045813
2276	A	0.160	-0.01159313
2277	T	0.217	-0.02063127
2278	G	-0.276	-0.01730566
2279	T	0.161	-0.02748957
2280	G	0.174	-0.001625112
2281	G	-0.425	0.008442161
2282	T	0.051	0.0186361
2283	T	-0.339	0.02804546
2284	T	-0.167	0.02452952
2285	T	-0.282	0.02946107
2286	G	-0.500	0.03950786
2287	G	0.209	0.03919783
2288	G	0.219	0.02980889
2289	C	0.369	0.03393918
2290	C	0.522	0.02661009
2291	A	-0.249	0.02608196
2292	A	-0.287	0.002374655
2293	T	-0.373	-0.01385971
2294	T	0.252	-0.02159513
2295	T	-0.389	-0.008935588
2296	T	0.493	-0.00235477
2297	A	-0.109	-0.02178692
2298	T	-0.041	-0.02115068
2299	T	-0.056	-0.03416258
2300	T	-0.425	-0.03343819
2301	T	0.350	-0.03164558
2302	T	0.505	-0.01606849
2303	C	0.486	0.01173272
2304	T	0.169	0.01813217
2305	A	0.028	0.01294399
2306	C	0.124	-0.002971703
2307	T	-0.109	-0.02074286
2308	A	-0.384	-0.02109102
2309	G	-0.375	-0.01516178
2310	A	-0.037	-0.0125989
2311	A	0.141	-0.009244779
2312	T	0.378	0.0001600061
2313	G	-0.466	-0.01300617
2314	A	-0.404	0.001497497
2315	T	-0.377	0.001830048
2316	A	-0.315	-0.004348588
2317	A	-0.107	0.008555382
2318	T	0.232	0.002668018
2319	C	0.416	-0.01073187
2320	T	0.420	-0.02843374
2321	T	0.048	-0.01929292
2322	T	-0.155	-0.01427028
2323	T	-0.064	-0.03026749
2324	A	-0.261	-0.04074764
2325	T	-0.091	-0.02092619
2326	T	-0.289	-0.01629179
2327	G	0.363	-0.008820097
2328	G	-0.079	0.0009497212
2329	T	0.058	-0.009209488
2330	T	0.369	0.01861054
2331	T	-0.030	0.04191263
2332	T	-0.260	0.0412703
2333	T	0	0.03891336
 2334	C	0.156	0.03489363
2335	A	0.063	0.04056888
2336	G	-0.097	0.04151694
2337	A	0.471	0.04187972
2338	C	0.194	0.05103499
2339	T	-0.402	0.0526979
2340	A	-0.455	0.06340425
2341	T	0.269	0.07800079
2342	T	-0.222	0.09482965
2343	A	0.209	0.1172358
2344	C	0.464	0.1205362
2345	C	0.043	0.1190574
2346	T	0.451	0.1197637
2347	A	0.364	0.1238489
2348	T	-0.398	0.1254364
2349	A	-0.393	0.1216248
2350	T	-0.240	0.1272973
2351	T	0.419	0.1240528
2352	C	0.448	0.1264002
2353	C	0.432	0.1169252
2354	T	0.350	0.09170567
2355	G	-0.100	0.07777015
2356	A	0.289	0.09284998
2357	G	0.220	0.1061313
2358	T	0.463	0.1082993
2359	C	0.450	0.1143788
2360	T	0.471	0.09529346
2361	G	-0.128	0.06840598
2362	A	0.082	0.05278128
2363	C	0.504	0.03095382
2364	A	0.021	0.02492506
2365	T	-0.386	0.04841985
2366	A	0.187	0.05696085
2367	T	0.049	0.05896461
2368	C	0.141	0.03513834
2369	A	-0.410	0.007793094
2370	A	-0.360	-0.01798085
2371	A	-0.265	-0.03871994
2372	G	0.094	-0.04279766
2373	T	-0.017	-0.06560488
2374	T	0.341	-0.08534169
2375	T	-0.021	-0.1109507
2376	T	-0.420	-0.1373825
2377	T	-0.423	-0.1649404
2378	A	-0.472	-0.1719806
2379	A	-0.269	-0.1672082
2380	T	0.165	-0.1744219
2381	C	0.376	-0.1603922
2382	C	-0.111	-0.1482172
2383	A	-0.174	-0.1543324
2384	A	-0.366	-0.1651934
2385	T	-0.454	-0.176837
2386	A	-0.418	-0.1766462
2387	A	-0.333	-0.1754026
2388	A	-0.235	-0.181085
2389	T	-0.463	-0.1988022
2390	A	-0.431	-0.2118498
2391	A	-0.381	-0.236675
2392	A	-0.422	-0.2293537
2393	A	-0.437	-
2394	T	-0.360	-
2395	A	0.239	-
2396	T	0.266	-
2397	C	0.484	-
2398	A	0.015	-
2399	T	-0.014	-
2400	T	-0.309	-
2401	T	-0.243	-
2402	T	-0.404	-
2403	A	-0.319	-
2404	A	-0.453	-
2405	T	-0.489	-
2406	A	-0.447	-
2407	A	-0.478	-
2408	A	0.219	-
