1	A	-0.462	-
2	G	-0.268	-
3	C	-0.078	-
4	A	-0.289	-
5	A	-0.184	-
6	T	0.170	-
7	C	-0.202	-0.08467725
8	A	-0.171	-0.04528868
9	G	0.329	0.007487323
10	C	0.340	0.0297817
11	G	0.021	0.08379978
12	A	0.180	0.1327798
13	G	-0.485	0.1107792
14	A	0.049	0.1294286
15	C	0.417	0.1302054
16	T	0.211	0.1185911
17	C	0.413	0.120216
18	C	0.452	0.1416705
19	G	-0.115	0.1466167
20	T	0.040	0.1801109
21	G	-0.160	0.1506099
22	G	0.178	0.08622761
23	G	0.361	0.05049999
24	C	0.300	0.008190454
25	G	0.244	0.006483838
26	T	-0.050	0.05035607
27	A	-0.334	0.08218605
28	G	-0.419	0.1074092
29	G	-0.253	0.09658107
30	A	-0.137	0.08655807
31	C	0.430	0.04314345
32	C	0.454	-0.0064047
33	C	0.453	-0.01655482
34	T	0.166	0.04292241
35	C	0.037	0.1039597
36	C	0.230	0.1234257
37	G	-0.263	0.1535411
38	A	-0.399	0.122187
39	G	-0.182	0.04900257
40	C	0.438	-0.02829897
41	C	0.374	-0.01715435
42	A	0	0.005538238
 43	G	0.254	-0.0008467615
44	G	0.022	0.007573623
45	A	-0.496	0.0268017
46	A	-0.551	0.01497108
47	A	0.311	-0.001777915
48	G	0.332	-0.003090069
49	G	0.147	0.0259517
50	G	-0.154	0.0395657
51	A	-0.149	0.06159777
52	A	-0.336	0.1332178
53	C	0.221	0.1891587
54	T	0.357	0.1820205
55	C	0.377	0.1803109
56	C	0.431	0.1954858
57	C	0.309	0.2367118
58	T	0.434	0.2645472
59	G	0.176	0.3257704
60	A	0.219	0.2703997
61	C	0.310	0.2164422
62	C	0.345	0.2191319
63	C	0.381	0.2016704
64	C	0.212	0.2040942
65	T	0.459	0.1877422
66	T	-0.498	0.1895139
67	G	-0.344	0.1942027
68	C	0.412	0.1975273
69	G	0.204	0.2031297
70	C	0.340	0.1358012
71	T	0.221	0.08136531
72	T	0.199	0.06176546
73	C	0.280	0.1124065
74	C	0.353	0.1405911
75	C	0.418	0.1236713
76	G	-0.493	0.08645095
77	A	-0.495	0.08849265
78	G	0.204	0.1002525
79	T	0.159	0.08180314
80	G	0.022	0.01792868
81	A	0.192	-0.02206709
82	G	-0.279	-0.02868186
83	G	0.367	0.03853091
84	C	0.374	0.1099707
85	A	-0.040	0.1244765
86	A	-0.550	0.1196775
87	T	-0.166	0.1280524
88	G	0.332	0.1435135
89	C	0.380	0.1861947
90	C	0.433	0.1880358
91	T	0.393	0.1858233
92	C	0.097	0.2190224
93	A	0.130	0.2972462
94	C	0.393	0.3442534
95	C	0.275	0.3360329
96	C	0.391	0.3106129
97	T	0.345	0.3055437
98	G	0.390	0.258998
99	C	0.466	0.2119714
100	T	0.444	0.2184838
101	T	0.225	0.1826409
102	C	0.049	0.179237
103	C	0.367	0.1352167
104	A	-0.211	0.08837658
105	C	-0.514	0.04892451
106	A	0.215	0.007737446
107	C	-0.072	0.006631369
108	G	0.231	0.01728775
109	G	-0.181	0.04404645
110	T	-0.263	0.04133322
111	G	-0.121	0.09038406
112	C	-0.068	0.1634387
113	G	0.430	0.183305
114	C	0.363	0.1888749
115	G	0.397	0.1625978
116	C	0.332	0.1820284
117	A	0.426	0.2094384
118	C	0.435	0.1781746
119	C	0.473	0.2070085
120	C	0	0.2028852
 121	A	-0.110	0.2044942
122	C	0.071	0.1987365
123	T	0.093	0.2070075
124	G	-0.528	0.2065251
125	A	0.305	0.2065595
126	C	0.376	0.2016032
127	C	0.384	0.2362455
128	T	0.322	0.278526
129	G	0.439	0.3041931
130	C	0.419	0.3023264
131	G	0.436	0.3309878
132	C	0.409	0.3235045
133	C	0.450	0.3118964
134	C	0.439	0.2986105
135	A	0.405	0.2900219
136	C	0.068	0.2513373
137	T	-0.155	0.2272548
138	G	0.208	0.2197178
139	T	0.225	0.2052514
140	C	0.211	0.2042619
141	T	0.211	0.1932473
142	G	-0.063	0.1957387
143	G	0.106	0.2257258
144	C	0.338	0.2667427
145	A	0.221	0.2339972
146	C	0.437	0.1820423
147	T	0.296	0.1839448
148	C	0.437	0.1832388
149	C	0.458	0.2085812
150	C	0.377	0.1676882
151	T	-0.217	0.1324959
152	A	-0.449	0.081083
153	G	0.236	0.011994
154	T	0.202	-0.04400138
155	G	0.266	-0.08619269
156	A	-0.424	-0.1469227
157	G	-0.119	-0.1444032
158	A	-0.447	-0.09452231
159	T	-0.460	-0.02547538
160	G	-0.431	-0.02501331
161	A	-0.110	-0.07213108
162	A	-0.330	-0.06629308
163	C	0.410	-0.01895508
164	C	0.431	0.02861269
165	C	0.447	0.09677008
166	A	0.242	0.1657532
167	G	-0.410	0.1856635
168	T	0.342	0.1768425
169	A	0.190	0.1685056
170	C	0.498	0.1315504
171	C	0.438	0.1349133
172	T	0.436	0.07418888
173	C	-0.173	0.04879405
174	A	-0.225	0.04600074
175	G	-0.439	-0.02032318
176	A	-0.070	-0.06556972
177	T	0.475	-0.08784188
178	G	-0.341	-0.08839511
179	G	-0.087	-0.08729942
180	A	-0.446	-0.07686198
181	A	-0.520	-0.08699759
182	A	-0.397	-0.0884579
183	T	0.209	-0.1170051
184	G	0.431	-0.1944479
185	C	0.450	-0.1725598
186	A	-0.037	-0.1337834
187	G	-0.357	-0.0863853
188	A	-0.458	-0.01771768
189	A	-0.441	0.04093562
190	A	-0.531	0.06067078
191	T	-0.057	0.04197362
192	C	0.416	0.04279301
193	A	0.169	0.05518495
194	C	0.372	0.1099081
195	C	0.364	0.1736034
196	T	0.465	0.197942
197	G	0.188	0.2611928
198	T	0.461	0.2624431
199	C	0.123	0.2423291
200	T	0.354	0.2560516
201	T	0.369	0.2463192
202	C	-0.124	0.2369281
203	T	0.290	0.2146326
204	G	-0.040	0.2345826
205	C	0.155	0.2336391
206	G	0.347	0.2508956
207	T	0.246	0.2546472
208	G	0.242	0.2113259
209	G	0.176	0.2493412
210	C	0.448	0.2523562
211	T	0.448	0.2848399
212	C	0.348	0.284894
213	A	0.402	0.2713059
214	C	-0.193	0.2509252
215	G	0.369	0.2400007
216	C	0.329	0.2586028
217	T	0.381	0.2467867
218	G	0.155	0.240152
219	G	0.171	0.2035137
220	G	-0.018	0.1844335
221	A	0.100	0.1669073
222	G	0.417	0.125629
223	C	0.294	0.08397219
224	T	0.362	0.08815612
225	G	-0.128	0.1042353
226	T	0.154	0.09302033
227	A	-0.421	0.05542937
228	G	-0.167	0.06325345
229	A	-0.211	0.02914915
230	C	0.435	0.03649331
231	C	0.364	0.01441342
232	T	0.025	0.01481218
233	G	-0.507	0.004123769
234	A	0.202	0.06373031
235	G	-0.025	0.1017816
236	C	0.389	0.1616582
237	T	0.075	0.1148798
238	G	-0.123	0.05368431
239	T	0.015	0.02109225
240	T	0.353	0.02976886
241	C	0.327	0.02220986
242	C	0.566	0.04858492
243	T	-0.172	0.01670065
244	A	-0.430	0.04418485
245	T	-0.398	0.08709477
246	T	-0.394	0.08880884
247	C	0.104	0.05329576
248	G	0.317	0.01054661
249	G	-0.024	-0.004561238
250	C	0.432	-0.008030546
251	C	0.434	0.05149184
252	A	0.038	0.08811738
253	T	-0.107	0.1525963
254	C	-0.228	0.1656863
255	T	0.370	0.1580238
256	T	-0.217	0.1908758
257	G	0.343	0.1891869
258	G	0.077	0.1771211
259	C	0.443	0.2075795
260	T	0.274	0.2479032
261	C	0.217	0.2983902
262	C	0.402	0.2930509
263	T	0.410	0.3382986
264	C	0.277	0.3299342
265	C	0.434	0.3466221
266	C	0.416	0.288037
267	C	0.427	0.2325718
268	A	0.300	0.2267147
269	C	0.370	0.2267324
270	C	0.234	0.2155405
271	C	0.294	0.1980875
272	T	-0.318	0.1287641
273	A	-0.446	0.07080037
274	G	0.141	-0.002882015
275	T	0.402	-0.04860325
276	C	0.265	-0.08024795
277	T	0.051	-0.09619885
278	G	-0.467	-0.118873
279	A	-0.337	-0.1141429
280	A	-0.529	-0.04788515
281	A	-0.293	-0.03421792
282	C	-0.040	-0.04470431
283	A	0.026	-0.04721623
284	G	0	-0.07096798
 285	A	-0.256	-0.02165829
286	G	0.414	0.02987025
287	G	0.319	0.1063627
288	T	0.266	0.1585193
289	C	0.232	0.1904469
290	A	-0.257	0.1883709
291	A	0.173	0.1952106
292	C	0.332	0.2470906
293	C	0.464	0.2496255
294	C	0.384	0.2372805
295	A	0.374	0.2011723
296	C	0	0.1725166
 297	A	0.088	0.1703787
298	C	0.417	0.1415979
299	C	0.447	0.09820438
300	T	0.158	0.08437123
301	T	-0.202	0.08713131
302	G	-0.139	0.04935777
303	A	-0.285	0.01063131
304	T	-0.200	-0.01857546
305	T	-0.231	-0.01827915
306	T	0.284	-0.02959762
307	C	0.420	-0.02523154
308	A	-0.116	0.004437385
309	A	-0.503	0.04055738
310	C	-0.290	0.03764338
311	T	0.421	0.01842469
312	T	0.300	-0.005818615
313	G	0.215	-0.02250206
314	G	0.182	-0.02458929
315	C	0.329	0.004510631
316	A	-0.323	0.08135425
317	A	-0.450	0.06485678
318	A	-0.546	-0.003749215
319	A	0.067	-0.05037798
320	C	0.393	-0.07823368
321	C	0.261	-0.06330806
322	T	0.495	-0.08634531
323	T	-0.505	-0.07609385
324	A	-0.470	-0.08008062
325	A	-0.305	-0.04728131
326	G	-0.146	-0.05491315
327	C	0.376	-0.05964468
328	A	0.030	-0.04708084
329	G	-0.190	-0.07092653
330	A	-0.501	-0.0058543
331	G	-0.120	0.0481727
332	G	-0.031	0.08382301
333	A	0.331	0.09340709
334	C	0.425	0.08720778
335	T	0.185	0.0448498
336	C	0.340	0.03484134
337	A	0.232	0.06786734
338	G	0.157	0.08155451
339	C	-0.021	0.09696095
340	G	0.296	0.05748948
341	A	-0.520	0.04151741
342	A	-0.320	0.01527079
343	C	-0.072	0.02154148
344	A	0.057	0.03672864
345	T	0.168	0.02459487
346	G	-0.181	0.0118974
347	T	0.217	0.004706092
348	G	-0.155	0.07192886
349	C	0.422	0.1074304
350	T	0.429	0.1317892
351	T	0	0.1441537
 352	G	-0.186	0.1459233
353	G	0.202	0.1398712
354	A	0.353	0.105448
355	C	0.141	0.09205669
356	T	0.244	0.07835069
357	T	0.218	0.04317539
358	C	0.191	0.005146623
359	T	-0.26	0.02849816
360	G	-0.230	0.03748239
361	A	-0.329	-0.01054522
362	A	0.244	-0.05261376
363	C	-0.027	-0.1057551
364	T	-0.494	-0.1557658
365	A	0.116	-0.1593753
366	C	0.319	-0.1033321
367	A	-0.270	-0.05127045
368	G	-0.405	-0.01326099
369	A	-0.446	-0.02167961
370	A	-0.431	-0.05088677
371	C	0.144	-0.02114423
372	T	0.468	-0.04136731
373	G	0.446	-0.09598646
374	T	0.164	-0.04694392
375	G	0.134	-0.05174385
376	A	-0.407	-0.04969008
377	G	-0.107	-0.04667254
378	A	-0.146	-0.08851677
379	T	-0.390	-0.1641022
380	A	0.366	-0.1915846
381	A	-0.468	-0.1879906
382	T	-0.419	-0.1993169
383	A	-0.392	-0.1502489
384	A	-0.399	-0.1374202
385	A	-0.514	-0.097009
386	T	0.089	-0.08846685
387	T	0.211	-0.151894
388	G	-0.012	-0.1350255
389	G	0.230	-0.1151138
390	T	0.059	-0.1135685
391	G	0.379	-0.1137345
392	T	-0.279	-0.09631623
393	A	-0.457	-0.1214857
394	A	-0.248	-0.1581039
395	T	-0.161	-0.1799561
396	T	-0.372	-0.1881027
397	A	-0.401	-0.1966158
398	T	-0.287	-0.1955893
399	A	-0.237	-0.1641323
400	A	-0.264	-0.09746918
401	G	-0.296	-0.1103555
402	T	0.124	-0.1321717
403	T	-0.051	-0.1373814
404	G	0.392	-0.1043294
405	C	0.129	-0.09775168
406	T	0.408	-0.05482592
407	A	-0.416	-0.02954977
408	A	-0.444	0.006512231
409	A	-0.440	-0.03214554
410	T	0.028	-0.005351438
411	T	-0.202	-0.01028382
412	T	0.320	0.01424148
413	G	0.063	-0.02769721
414	T	0.172	-0.0308209
415	A	-0.378	-0.009504592
416	G	0.296	-0.001563592
417	T	0.328	0.0346313
418	C	0.448	0.02485661
419	A	-0.136	-0.02132185
420	T	-0.456	0.004241
421	A	-0.167	0.01518969
422	T	-0.336	0.07933508
423	A	0.498	0.07270531
424	T	-0.329	0.02224077
425	T	-0.279	-0.03676123
426	A	0.395	-0.06365546
427	T	0.314	-0.05778977
428	C	0.455	-0.07832369
429	T	0.210	-0.07984615
430	G	-0.327	-0.09568662
431	A	-0.318	-0.1076778
432	A	-0.486	-0.1177592
433	A	-0.380	-0.1708882
434	T	-0.434	-0.2142127
435	A	-0.356	-0.2699742
436	G	0.293	-0.3260506
437	A	-0.485	-0.317355
438	A	-0.411	-0.3095415
439	A	-0.294	-0.2609629
440	A	-0.248	-0.2207143
441	C	-0.269	-0.179106
442	A	-0.518	-0.165798
443	A	-0.214	-0.2280718
444	G	-0.217	-0.1605099
445	T	0.145	-0.1276876
446	G	0.142	-0.1243635
447	C	0.106	-0.06916472
448	A	-0.183	-0.0831538
449	A	-0.516	-0.07812111
450	T	0.393	-0.05369534
451	C	0.015	-0.03381515
452	A	-0.251	-0.01048562
453	T	0.468	-0.004280077
454	T	-0.450	-0.01544812
455	T	-0.453	-0.003325369
456	A	0.102	0.01844002
457	G	0.041	-0.04298214
458	C	0.448	-0.06954265
459	A	0.223	-0.0762538
460	C	-0.038	-0.1500213
461	A	-0.026	-0.1311848
462	T	-0.233	-0.1111524
463	T	-0.405	-0.1190613
464	A	-0.329	-0.1143828
465	A	-0.338	-0.1672968
466	T	-0.490	-0.1996031
467	A	-0.205	-0.1775679
468	A	-0.192	-0.1674651
469	G	0	-0.1768055
 470	T	0.102	-0.1217322
471	A	-0.239	-0.09162634
472	T	-0.196	-0.06947939
473	T	0.247	-0.05782208
474	T	0.105	-0.07367455
475	A	-0.355	-0.08788885
476	C	0.310	-0.07269816
477	T	0.061	-0.07930498
478	T	-0.050	-0.02634744
479	T	-0.338	-0.002719977
480	T	-0.412	-0.01408675
481	A	-0.377	-0.02009795
482	T	0.197	-0.01707434
483	T	0.016	-0.07008395
484	C	0.449	-0.06764699
485	A	0.110	-0.05106255
486	G	0.099	-0.06255894
487	G	0.027	-0.05056548
488	A	-0.315	-0.03360878
489	A	-0.378	-0.04151964
490	T	0.093	-0.02464367
491	T	0.164	-0.08656698
492	A	-0.488	-0.09228614
493	T	-0.256	-0.07701359
494	G	-0.156	-0.03855193
495	T	0.094	-0.02991632
496	A	0.235	-0.02472278
497	A	-0.355	-0.006882169
498	C	0.036	-0.04799286
499	T	0.298	-0.01548521
500	T	0.527	-0.002524515
501	T	-0.203	0.01353802
502	A	-0.310	-0.0051959
503	T	0.325	0.008873177
504	T	-0.369	0.03502275
505	T	-0.065	0.03597382
506	A	-0.087	0.02423528
507	G	0.051	-0.02557018
508	T	-0.148	0.02956567
509	A	0.418	0.05348075
510	T	-0.015	0.01847759
511	T	0.048	0.02094452
512	T	0.145	-0.005422908
513	G	-0.120	-0.02423022
514	C	0.513	-0.04961913
515	T	0	-0.07415613
 516	T	-0.129	-0.1209998
517	A	-0.337	-0.1439782
518	G	-0.408	-0.1477081
519	T	-0.332	-0.1589226
520	A	-0.278	-0.1277517
521	A	-0.467	-0.1826914
522	T	-0.190	-0.1615843
523	A	-0.314	-0.1633223
524	A	0	-0.1274072
 525	T	0	-0.08882273
 526	T	0.284	-0.02336365
527	A	-0.200	0.01915512
528	T	0.274	0.06844788
529	T	-0.152	0.1195778
530	G	0.129	0.1846724
531	T	0.093	0.1964743
532	G	0.518	0.1871049
533	A	0.274	0.1433568
534	G	0.172	0.1669235
535	T	0.474	0.1533186
536	T	0.531	0.1694103
537	T	0.153	0.190892
538	T	-0.121	0.2006341
539	T	-0.283	0.1741484
540	G	0.105	0.1539907
541	A	0.097	0.1333824
542	G	0.056	0.1271539
543	C	0.408	0.07738055
544	A	0.219	0.09829139
545	T	0.174	0.1493068
546	G	0.012	0.1815417
547	G	-0.094	0.1427309
548	G	0.393	0.171491
549	A	-0.115	0.1589996
550	A	0.425	0.138191
551	C	0.541	0.1543646
552	T	0.135	0.1384126
553	A	-0.399	0.1151193
554	T	0.471	0.09357875
555	G	-0.105	0.06208486
556	T	0.138	0.07262966
557	C	0.430	-0.0004044923
558	T	-0.032	-0.01773042
559	T	-0.290	-0.0200058
560	A	-0.375	0.04801374
561	T	-0.016	0.02800351
562	T	0.021	0.03017678
563	A	-0.524	-0.01400022
564	T	0.316	-0.0661733
565	C	0.105	-0.07058331
566	T	0.485	-0.07639077
567	T	0.211	-0.04754362
568	T	-0.077	-0.02512503
569	T	-0.436	0.002409785
570	T	-0.248	0.07655371
571	T	-0.090	0.05073992
572	A	-0.365	0.013791
573	T	0	-0.04435946
 574	G	0.275	-0.06278557
575	C	0.379	-0.02493468
576	T	0.439	0.04281916
577	C	-0.019	0.07496285
578	A	-0.374	0.1162249
579	A	-0.270	0.1100346
580	T	-0.028	0.08602742
581	C	0.414	0.07702142
582	C	0.444	0.03394249
583	C	0.169	-0.01717051
584	T	0.446	-0.03503303
585	A	-0.446	-0.03069403
586	T	-0.312	-0.02022349
587	C	0.158	-0.009077154
588	A	-0.180	-0.006884846
589	G	-0.224	-0.01907585
590	A	-0.251	-0.01541423
591	A	-0.318	-0.03372392
592	G	-0.134	-0.01366169
593	T	0.116	-0.005251769
594	T	0.443	-0.03766531
595	G	0.286	-0.06035969
596	T	0.217	-0.07614069
597	G	0.208	-0.08126169
598	T	-0.185	-0.08752685
599	A	-0.202	-0.1146093
600	T	-0.263	-0.1538946
601	T	-0.475	-0.2122978
602	A	-0.429	-0.2598288
603	A	-0.318	-0.2765549
604	A	-0.399	-0.3116021
605	T	-0.486	-0.3131391
606	A	-0.394	-0.2854273
607	A	-0.315	-0.284868
608	A	-0.331	-0.2557823
609	T	0	-0.1850925
 610	A	-0.247	-0.1484302
611	T	-0.205	-0.1480553
612	T	0.157	-0.1262594
613	T	-0.255	-0.1194447
614	G	-0.097	-0.1081413
615	T	0.489	-0.1147765
616	C	0.158	-0.1501141
617	A	-0.394	-0.162313
618	A	-0.203	-0.1800483
619	A	-0.305	-0.2237142
620	C	-0.168	-0.2380181
621	A	-0.418	-0.2461636
622	A	-0.459	-0.2477218
623	A	-0.406	-0.2903186
624	T	-0.436	-0.3002325
625	A	-0.410	-0.2772455
626	A	-0.441	-0.2431591
627	A	-0.203	-0.2090781
628	C	0.468	-0.1728805
629	A	-0.395	-0.1106887
630	A	-0.523	-0.06508258
631	A	0.095	0.004103192
632	T	0.137	0.06502312
633	G	0.274	0.09759225
634	G	0.052	-
635	T	0.349	-
636	G	0.186	-
637	C	0.463	-
638	C	0.381	-
639	T	-0.018	-
