1	T	-0.200	-
2	G	-0.214	-
3	C	0.335	-
4	A	0.313	-
5	A	0.111	-
6	C	0.210	0.08516
7	T	0.415	0.09674698
8	C	0.456	0.1493288
9	T	0.410	0.1511683
10	T	-0.254	0.1605983
11	A	-0.387	0.1598705
12	A	-0.175	0.1845083
13	T	-0.061	0.1498902
14	C	0.416	0.0847699
15	T	0.357	0.05239942
16	C	0.426	0.09485117
17	G	0.102	0.1553146
18	C	0.505	0.2044092
19	T	0	0.240546
 20	A	-0.324	0.2257018
21	C	0.022	0.2206202
22	C	0.255	0.2047648
23	T	0.338	0.2317746
24	C	0.413	0.1956046
25	C	0.372	0.2319891
26	C	0.238	0.2919239
27	C	0.297	0.3086844
28	C	0.236	0.3157975
29	T	0.426	0.2958205
30	C	0.071	0.2835655
31	C	0.436	0.2666318
32	T	0.394	0.2467794
33	C	0.223	0.2601122
34	T	0.340	0.2750206
35	C	0.098	0.2636147
36	T	0.266	0.2690491
37	T	0.169	0.2505019
38	C	0	0.2325544
 39	T	0.457	0.2440832
40	C	0.415	0.2417548
41	T	0.289	0.2691876
42	C	0.137	0.2806411
43	T	0.214	0.2948973
44	T	0.179	0.3114768
45	C	0.361	0.2977525
46	T	0.312	0.2863357
47	C	0.427	0.2972612
48	C	0.404	0.3224381
49	C	0.340	0.3210875
50	T	0.198	0.3326914
51	C	0.292	0.320947
52	T	0.278	0.3287393
53	C	0.420	0.3283128
54	T	0.439	0.3071764
55	C	0.197	0.2988372
56	T	0.318	0.268184
57	C	0.220	0.2207787
58	C	0.406	0.1730487
59	T	0.422	0.1600896
60	C	0.150	0.1153025
61	T	0.240	0.1421556
62	T	-0.168	0.1119901
63	T	-0.276	0.09360232
64	T	-0.294	0.09255132
65	C	0.265	0.09176548
66	T	-0.098	0.09996648
67	C	0.520	0.1143516
68	T	-0.043	0.1399436
69	A	0	0.1792658
 70	C	0.393	0.2410301
71	C	0.413	0.2544112
72	G	0.248	0.2990913
73	C	0.412	0.292564
74	T	0.138	0.2837382
75	G	0.195	0.2734159
76	T	0.446	0.2567671
77	C	0.425	0.2141963
78	T	0.437	0.1746919
79	C	0.441	0.1669327
80	T	-0.149	0.1626376
81	G	-0.123	0.1538121
82	A	0.193	0.140223
83	G	-0.097	0.1417846
84	A	-0.225	0.1024908
85	C	0.319	0.07319377
86	T	0.086	0.1120573
87	T	0.089	0.1371205
88	C	0.283	0.1363645
89	T	0.444	0.1813112
90	T	-0.033	0.2197622
91	C	0.090	0.1905738
92	T	0.316	0.1707283
93	T	0.176	0.1505984
94	C	0.184	0.1529968
95	C	0.441	0.134177
96	C	0.236	0.1590154
97	T	-0.030	0.1812351
98	T	-0.151	0.1359303
99	T	-0.152	0.07937156
100	T	0.312	0.04437331
101	T	0.218	-0.02216986
102	C	0.264	-0.08304752
103	C	0.356	-0.1238542
104	T	-0.226	-0.1145254
105	A	-0.501	-0.1415692
106	A	-0.235	-0.1849856
107	A	-0.356	-0.2222715
108	G	-0.494	-0.2678164
109	A	-0.520	-0.3398061
110	A	-0.039	-0.2833613
111	G	-0.476	-0.2037218
112	T	-0.208	-0.153958
113	T	-0.228	-0.1407576
114	G	-0.282	-0.1282135
115	A	-0.507	-0.1132819
116	T	0.450	-0.1427222
117	C	0.453	-0.1353682
118	C	0.361	-0.08707867
119	A	-0.198	-0.05344733
120	G	-0.343	-0.03824355
121	A	-0.340	-0.0180008
122	A	-0.392	-0.09378188
123	A	-0.388	-0.1716255
124	T	0.371	-0.2293717
125	T	0.174	-0.2287369
126	C	-0.099	-0.1806631
127	G	-0.264	-0.1187009
128	A	-0.458	-0.05606538
129	A	-0.480	0.01292653
130	A	-0.331	0.009524617
131	A	-0.190	0.02720545
132	G	0.233	0.05534217
133	C	0.402	0.1038329
134	C	0.358	0.1585812
135	C	0.439	0.2075301
136	T	0.330	0.271739
137	G	0.386	0.3174008
138	G	0.237	0.2711008
139	G	0.317	0.2446403
140	C	0.198	0.2484545
141	A	0.107	0.2313953
142	G	0.439	0.2158329
143	A	0.357	0.1532831
144	G	-0.322	0.1024973
145	T	0.085	0.04729293
146	T	0.404	0.03646203
147	G	0.234	-0.007709633
148	T	0.143	-0.03236755
149	T	-0.363	-0.06900962
150	G	-0.371	-0.003660958
151	A	-0.344	-0.02170997
152	A	0.068	-0.02514639
153	T	-0.422	-0.02860739
154	G	0.143	-0.01194397
155	G	-0.082	0.04372478
156	G	0.461	0.0765839
157	A	-0.131	0.1007262
158	T	0.363	0.06728889
159	G	0.193	0.07443123
160	T	0.343	0.06779437
161	G	0.304	0.04145144
162	C	0.022	-0.01386598
163	A	-0.054	-0.03728498
164	A	-0.333	-0.05770714
165	T	-0.337	-0.09435089
166	T	0.063	-0.1137408
167	A	-0.398	-0.1089655
168	G	-0.202	-0.0868611
169	A	-0.412	-0.04253319
170	G	0.118	-0.01393498
171	A	-0.246	0.04250735
172	G	0.110	0.06290937
173	G	0.361	0.1130775
174	G	0.288	0.1344754
175	G	0.476	0.1825022
176	A	0.010	0.1654123
177	T	0.340	0.1931183
178	T	0.308	0.1772855
179	T	0.203	0.1094501
180	T	0.054	0.09276007
181	G	0.163	0.04800849
182	T	-0.086	0.0723797
183	T	0.085	0.02125395
184	G	-0.079	0.0180057
185	G	-0.452	-0.001616033
186	G	0.087	-0.002441283
187	A	-0.060	-0.007695867
188	G	0.302	-0.01908448
189	G	-0.273	-0.06436895
190	C	0.269	-0.06840567
191	A	-0.031	-0.008775167
192	A	0.044	0.02009554
193	G	0.100	0.05941362
194	A	-0.223	0.07008846
195	G	-0.457	0.1219438
196	G	-0.127	0.1321353
197	G	0.263	0.1502761
198	T	0.434	0.1295992
199	C	0.411	0.1381156
200	C	0.430	0.1927237
201	C	0.348	0.2678412
202	C	0.391	0.3114322
203	C	0.185	0.3195326
204	A	-0.203	0.2994657
205	G	0.202	0.2618633
206	G	0.431	0.2218394
207	C	0.443	0.1557043
208	T	0.395	0.1121948
209	C	0.360	0.07117253
210	C	0.193	0.07521337
211	A	-0.039	0.04886078
212	C	-0.049	0.04653978
213	A	-0.444	0.03747103
214	T	-0.130	0.007365517
215	A	-0.306	-0.03382307
216	G	-0.154	-0.02912807
217	T	-0.113	0.009180008
218	C	0.403	0.05053107
219	C	0.335	0.08652442
220	A	0.034	0.09737459
221	G	-0.133	0.1587213
222	G	0.249	0.2081254
223	T	0.420	0.2366184
224	C	0.446	0.2308705
225	G	-0.012	0.2333687
226	G	0	0.2354762
 227	C	0.429	0.2563053
228	A	0.438	0.2068974
229	G	0.228	0.1598242
230	G	0.335	0.1024253
231	C	0.365	0.07777667
232	A	0.059	0.04760492
233	A	0.116	0.01460426
234	G	-0.343	-0.05612691
235	G	-0.144	-0.05007649
236	A	-0.242	-0.05023858
237	A	-0.308	-0.05766474
238	A	-0.362	-0.02947399
239	G	0.033	0.004887758
240	A	-0.410	0.001263175
241	C	0.301	-0.004724325
242	G	0.333	0.02258874
243	G	0.276	0.06391574
244	C	0.397	0.1132862
245	T	0.528	0.1325577
246	G	-0.386	0.2020825
247	A	-0.216	0.2126232
248	C	0.085	0.1893698
249	C	0.187	0.1277642
250	A	0.230	0.08808915
251	G	0.264	0.05579873
252	C	0.423	0.1041712
253	C	0.427	0.137007
254	C	0.054	0.13107
255	A	-0.463	0.1341971
256	G	-0.078	0.1509587
257	C	0.140	0.1690418
258	G	0.193	0.1337439
259	G	0.177	0.08558463
260	G	0.014	0.1086562
261	C	0.224	0.1759998
262	G	0.431	0.2053078
263	C	0.481	0.1951224
264	G	0	0.2034809
 265	G	-0.150	0.1978196
266	T	0.330	0.2121523
267	T	0.344	0.2219117
268	T	0.273	0.1617524
269	G	0.018	0.1066064
270	C	0.294	0.08144216
271	A	0.109	0.1119977
272	C	0.186	0.07784138
273	A	0.341	0.02428197
274	T	-0.290	-0.0108827
275	G	-0.179	0.009471475
276	G	-0.301	0.01377831
277	T	0.216	-0.008844442
278	T	-0.078	-0.03283869
279	T	-0.297	-0.07613994
280	G	-0.148	-0.01681277
281	C	0.262	0.01130997
282	A	0.345	0.06701148
283	C	-0.161	0.07726331
284	G	-0.101	0.119313
285	T	-0.177	0.1779225
286	C	0.421	0.2225852
287	G	0.157	0.2388222
288	G	0.366	0.2458075
289	G	0.339	0.28609
290	C	0.425	0.2849404
291	C	0.405	0.3130212
292	G	0.387	0.2729238
293	C	0.457	0.2532715
294	C	0.429	0.2505803
295	T	0.321	0.2545646
296	C	-0.115	0.2432033
297	T	0.159	0.2469746
298	T	-0.059	0.2387906
299	T	-0.078	0.1905055
300	C	0.334	0.1166577
301	T	0.387	0.0722264
302	G	0.289	0.04136057
303	C	0.450	-0.008508767
304	C	0.289	-0.019847
305	T	-0.121	-0.03149267
306	A	-0.456	-0.04351975
307	T	-0.211	-0.06195142
308	A	-0.485	-0.06640792
309	A	-0.439	-0.06869117
310	T	-0.195	-0.056904
311	T	-0.218	-0.01995008
312	C	0.189	0.05474517
313	A	0.166	0.1056239
314	G	0.235	0.1855987
315	C	0.423	0.2515937
316	T	0.430	0.2782513
317	G	0.321	0.3170031
318	C	0.439	0.3103451
319	C	0.398	0.2723459
320	T	0.473	0.2458056
321	C	0.352	0.1779959
322	T	0.124	0.1389624
323	C	0.247	0.1400054
324	T	0.109	0.09529718
325	G	-0.289	0.0777956
326	A	-0.082	0.07188485
327	G	-0.390	0.07688535
328	G	-0.037	0.07912452
329	A	0.334	0.05404848
330	G	-0.096	0.03924358
331	T	0.188	0.08108725
332	G	0.402	0.1022047
333	G	0.412	0.1305418
334	T	0.151	0.1400947
335	G	-0.053	0.1340762
336	G	-0.067	0.1633329
337	A	0.212	0.1834167
338	G	0.170	0.1619271
339	G	-0.050	0.1615468
340	A	0.076	0.1642766
341	G	0.262	0.1782545
342	C	0.254	0.1797144
343	T	0.429	0.1674385
344	G	0.145	0.18727
345	C	0.408	0.218962
346	G	0.183	0.2331235
347	G	0.113	0.2112794
348	G	-0.050	0.1510406
349	A	0.064	0.07328822
350	G	0.408	0.03566339
351	C	0.329	-0.03417161
352	C	0.246	-0.02994653
353	G	0	-0.005043442
 354	A	-0.468	0.03041641
355	G	-0.503	0.03409475
356	A	-0.306	-0.023432
357	A	-0.429	-0.09045133
358	G	0.234	-0.1526036
359	C	0.412	-0.1368512
360	C	0.375	-0.08864858
361	C	0.109	-0.03826008
362	A	-0.281	0.01939142
363	A	-0.474	0.0922945
364	G	-0.499	0.09639742
365	A	0.189	0.06322706
366	G	0.110	0.04736039
367	C	0.101	0.04730131
368	C	0.385	0.07309641
369	C	0.445	0.1410838
370	T	0.283	0.208787
371	C	0.014	0.223844
372	T	0.184	0.2519108
373	G	0.108	0.2414147
374	G	0.027	0.1781873
375	A	0.341	0.1066216
376	C	0.313	0.05548906
377	C	0.369	0.01185833
378	C	0.446	-0.03091242
379	A	-0.024	-0.03578842
380	G	-0.373	-0.003727183
381	A	-0.413	0.004955817
382	A	-0.329	0.02327723
383	A	-0.508	-0.0007054167
384	A	-0.328	-0.04803367
385	G	0.049	-0.05007923
386	T	0.412	-0.03573898
387	C	0.445	-0.01517915
388	C	0.533	-0.00042465
389	T	0.081	0.07096035
390	A	-0.121	0.1232511
391	C	-0.049	0.1548125
392	A	-0.201	0.1591494
393	G	-0.167	0.1536895
394	A	-0.152	0.1174466
395	T	0.347	0.1196019
396	G	0.299	0.1548212
397	C	0.428	0.1948813
398	C	0.464	0.2484955
399	C	0.380	0.2865609
400	A	0.098	0.3366486
401	C	0.107	0.341351
402	T	0.301	0.3363241
403	C	0.431	0.3169045
404	C	0.442	0.2871725
405	T	0.289	0.2801663
406	C	0.448	0.2766169
407	A	0.404	0.2946173
408	C	0.238	0.2441856
409	C	0.195	0.1850978
410	A	0.107	0.1759777
411	C	0.296	0.1211225
412	A	0.055	0.06429938
413	C	0.323	-0.008318533
414	A	-0.303	-0.03020596
415	A	-0.277	-0.05710362
416	C	0.332	-0.09744254
417	A	-0.368	-0.1272798
418	G	-0.233	-0.1383341
419	A	-0.467	-0.1490059
420	A	-0.023	-0.09444027
421	G	-0.127	-0.04424894
422	G	-0.376	-0.03618652
423	A	-0.061	0.005421058
424	G	-0.076	0.04079781
425	C	0.195	0.1099029
426	T	0.351	0.1465122
427	C	0.324	0.1800601
428	T	0.429	0.2339209
429	G	0.130	0.2331404
430	G	0.190	0.2759227
431	T	0.361	0.290932
432	C	0.415	0.2862945
433	C	0.275	0.2516189
434	T	0.270	0.2480594
435	G	-0.071	0.2507567
436	C	0.436	0.2587314
437	C	0.375	0.2457997
438	T	0.295	0.2469248
439	G	-0.091	0.2566029
440	C	0.386	0.2652423
441	C	0.163	0.260231
442	A	0.286	0.1814309
443	G	0.206	0.1064986
444	C	0.428	0.04104849
445	C	0.391	0.06890267
446	C	0.373	0.03463994
447	C	-0.131	0.05703194
448	A	-0.509	0.05139061
449	G	-0.523	0.06069536
450	A	-0.489	0.03918544
451	G	0.243	0.03168386
452	G	-0.024	0.02714327
453	G	0.431	0.002612358
454	C	0.218	0.02506544
455	A	0.318	0.04444327
456	C	0.170	0.07105861
457	T	0.301	0.08867111
458	C	0.319	0.07848133
459	A	-0.425	0.06415817
460	A	-0.239	0.06210192
461	A	-0.290	0.02666933
462	C	-0.170	0.02211975
463	T	0.454	-0.0087219
464	T	-0.146	-0.01122198
465	T	0.259	0.0578586
466	G	0.194	0.09102785
467	G	-0.106	0.1206325
468	A	0.116	0.1402327
469	G	-0.068	0.1336642
470	G	0.289	0.1770593
471	C	0.403	0.1904227
472	C	0.158	0.2051853
473	A	0.064	0.2455437
474	G	0.064	0.2628098
475	C	0.375	0.2725793
476	C	0.373	0.2580504
477	A	0.420	0.2438616
478	C	0.371	0.1935561
479	C	0.377	0.1535469
480	C	0.323	0.1074399
481	G	0.048	0.07309682
482	G	0.115	0.06449215
483	A	0.232	0.02409786
484	T	-0.445	-0.01856739
485	G	-0.415	-0.07489189
486	A	-0.488	-0.1402075
487	A	-0.036	-0.1620253
488	G	0.270	-0.2172128
489	T	-0.064	-0.2818739
490	G	-0.140	-0.2494992
491	A	-0.298	-0.180473
492	A	-0.460	-0.1107979
493	T	-0.213	-0.07174912
494	A	-0.547	-0.08656487
495	A	-0.542	-0.09626867
496	G	-0.056	-0.1234193
497	G	0.412	-0.1330426
498	C	0.347	-0.1350769
499	C	0.432	-0.1376873
500	T	0.092	-0.09454129
501	G	-0.180	-0.03651104
502	A	-0.466	-0.02332005
503	A	-0.413	-0.01976413
504	A	-0.484	-0.008447217
505	A	-0.244	-0.06062038
506	T	-0.029	-0.09694379
507	T	0.153	-0.09501737
508	G	0.101	-0.03758012
509	C	0.455	-0.03791896
510	T	0.483	-0.009348292
511	T	-0.194	0.04203362
512	G	-0.342	0.08219333
513	T	-0.157	0.09825433
514	T	0.222	0.08239298
515	T	-0.417	0.03725456
516	G	-0.141	-0.01524053
517	C	0.372	-0.000850125
518	T	0.452	0.02772862
519	C	0.346	-0.000143875
520	G	-0.088	-0.04421412
521	T	-0.086	-0.04617912
522	A	-0.146	-0.07104038
523	T	-0.021	-0.1403344
524	T	0	-0.205744
 525	G	-0.492	-0.2681009
526	T	-0.305	-0.3007175
527	A	-0.441	-0.3359408
528	A	-0.440	-0.2992879
529	A	-0.459	-0.3301134
530	A	-0.332	-0.3668885
531	T	-0.402	-0.3047812
532	A	-0.480	-0.3143048
533	A	-0.509	-0.2965852
534	T	0.293	-0.2851215
535	A	-0.391	-0.2839481
536	A	-0.441	-0.2320492
537	T	0.253	-0.1618223
538	A	-0.420	-0.1109636
539	A	-0.228	-0.07022129
540	T	-0.302	-0.1028308
541	T	-0.445	-0.1065604
542	A	0.290	-0.08982153
543	C	0.440	-0.1319555
544	C	0.130	-0.1086915
545	A	-0.020	-0.1103315
546	T	-0.098	-0.1039835
547	T	-0.435	-0.09273403
548	A	-0.240	-0.1256208
549	T	-0.252	-0.1780898
550	T	-0.141	-0.2111868
551	A	-0.248	-0.2208156
552	T	-0.226	-
553	T	-0.310	-
554	T	-0.104	-
555	T	-0.189	-
556	T	-0.267	-
557	A	-0.135	-
