1	A	-0.117	-
2	A	-0.070	-
3	C	0.306	-
4	C	0.094	-
5	C	0.291	0.2351792
6	T	0.439	0.2420941
7	G	0.368	0.2266599
8	C	0.362	0.1763988
9	C	0.450	0.2100235
10	T	0.227	0.1654014
11	G	-0.048	0.09085283
12	A	-0.224	0.07507573
13	G	-0.196	0.07967093
14	C	0.430	0.07723343
15	A	-0.154	0.09659373
16	G	-0.306	0.1438402
17	C	0.211	0.1477775
18	T	0.408	0.2155418
19	C	0.425	0.186329
20	C	0.420	0.1678049
21	T	0.423	0.1712685
22	G	-0.185	0.1909386
23	C	0.481	0.1500754
24	A	0.138	0.0700168
25	T	-0.340	0.0326013
26	T	-0.271	-0.0097802
27	G	0.407	-0.025689
28	C	0	-0.1117392
 29	T	-0.374	-0.164273
30	A	0.046	-0.1508306
31	C	0	-0.1145451
 32	A	-0.344	-0.1437422
33	A	-0.378	-0.1907014
34	G	-0.387	-0.2059887
35	G	-0.205	-0.2122859
36	A	0.091	-0.1740014
37	T	0.115	-0.1348914
38	G	-0.469	-0.08674406
39	A	-0.527	-0.09604676
40	A	-0.016	-0.1158869
41	G	0.382	-0.1775311
42	C	0.046	-0.2392188
43	A	0.102	-0.1986068
44	G	-0.480	-0.1353953
45	A	-0.404	-0.117095
46	A	-0.525	-0.1399973
47	A	-0.500	-0.1194594
48	C	-0.063	-0.1519652
49	A	0.104	-0.08314789
50	T	0.166	0.00077541
51	C	0.153	0.09714751
52	T	0.252	0.1648951
53	G	-0.222	0.2088231
54	G	0.208	0.2517316
55	T	0.435	0.2781549
56	C	0.438	0.2539781
57	G	0.176	0.1942845
58	G	0.375	0.1779868
59	T	0.533	0.1078886
60	T	0.430	0.01974438
61	T	-0.087	-0.03148187
62	T	-0.344	-0.03369337
63	A	-0.385	-0.03547517
64	G	-0.492	-0.04559247
65	A	-0.446	-0.04660107
66	T	-0.073	-0.01999885
67	T	0.154	0.02043119
68	C	0.357	0.01754149
69	C	0.432	0.06517595
70	C	0.420	0.1194721
71	C	0.178	0.1657349
72	T	0.059	0.195561
73	T	-0.414	0.1280703
74	G	-0.016	0.08045095
75	G	0.096	0.06379525
76	A	0.388	0.09837435
77	T	0.452	0.088429
78	T	-0.316	0.1234569
79	T	-0.043	0.120621
80	C	0.254	0.1456347
81	C	0.523	0.09360817
82	A	-0.040	0.01872037
83	A	-0.064	-5.643e-05
84	C	-0.044	-0.05091288
85	T	0.346	-0.08833368
86	T	-0.131	-0.1254744
87	C	-0.296	-0.1324546
88	A	-0.504	-0.1381254
89	A	-0.552	-0.1312679
90	A	-0.119	-0.1632113
91	G	0.152	-0.1681861
92	G	-0.109	-0.1850391
93	G	-0.120	-0.1794458
94	A	0.023	-0.1569552
95	A	0.027	-0.1969745
96	T	-0.181	-0.2572284
97	T	-0.464	-0.2751095
98	A	-0.448	-0.304982
99	T	-0.327	-0.3503149
100	A	-0.520	-0.3868561
101	A	-0.450	-0.4086237
102	A	-0.288	-0.406104
103	G	-0.419	-0.3877333
104	A	-0.429	-0.3349899
105	A	-0.338	-0.3117094
106	T	-0.399	-0.3026391
107	A	-0.439	-0.3191595
108	A	-0.265	-0.279824
109	C	0.199	-0.1937031
110	A	-0.287	-0.1289443
111	A	-0.359	-0.07211392
112	A	-0.453	-0.07692332
113	T	-0.026	-0.09235642
114	T	0.431	-0.1168052
115	C	0.309	-0.06828534
116	A	0.169	-0.01138954
117	T	-0.487	0.07389976
118	G	-0.419	0.09630118
119	T	-0.044	0.08546748
120	A	0.197	0.09747338
121	C	0.209	0.09957898
122	C	0.399	0.1994786
123	G	0.197	0.2396148
124	G	0.323	0.1966552
125	C	0.429	0.1312416
126	A	0.190	0.06255234
127	C	0.511	-0.02593836
128	T	-0.018	-0.08874576
129	A	-0.474	-0.1508411
130	A	-0.456	-0.2338
131	A	-0.477	-0.2939143
132	A	-0.485	-0.3787095
133	A	-0.430	-0.4253139
134	A	-0.297	-0.3898541
135	A	-0.399	-0.3879839
136	A	-0.410	-0.3254216
137	A	-0.336	-0.2864624
138	T	-0.484	-0.2235573
139	T	-0.119	-0.1632489
140	A	-0.437	-0.1047952
141	G	0.148	-0.0210482
142	A	-0.096	0.0459825
143	G	0.198	0.0824609
144	C	0.305	0.1212626
145	A	0.184	0.1385749
146	G	0.426	0.1085015
147	C	0.333	0.068521
148	A	-0.119	0.03876469
149	G	0.268	-0.03147101
150	G	-0.264	-0.08416781
151	A	-0.152	-0.138083
152	G	-0.496	-0.1337679
153	A	-0.098	-0.1405649
154	G	-0.397	-0.1883317
155	A	-0.342	-0.167669
156	A	-0.112	-0.188927
157	T	0.376	-0.1806583
158	G	-0.187	-0.1442557
159	G	-0.209	-0.1496717
160	T	-0.057	-0.1154302
161	A	-0.365	-0.1041802
162	A	-0.413	-0.1252822
163	A	0.265	-0.06434697
164	A	-0.451	-0.00967477
165	T	0	0.024646
 166	T	0	0.080683
 167	G	0.165	0.1111733
168	T	0.422	0.0519375
169	C	0.337	0.0689468
170	C	0.285	0.0408857
171	T	0.195	0.004598
172	T	-0.108	-0.0274721
173	A	-0.327	-0.0881594
174	T	-0.281	-0.0789041
175	T	-0.280	-0.09925599
176	T	-0.362	-0.1304664
177	G	-0.154	-0.1286858
178	A	-0.184	-0.0843216
179	C	0.429	-0.0562074
180	T	0.081	-0.0551953
181	G	-0.116	0.004436
182	C	-0.090	-0.0013745
183	T	0.116	-0.018175
184	A	0	-0.0243078
 185	G	-0.270	0.00689909
186	T	0.233	0.04123319
187	G	-0.212	0.0852555
188	A	-0.352	0.1179194
189	C	0.368	0.1579199
190	A	0.393	0.2097608
191	G	0.226	0.197788
192	G	0.349	0.2115887
193	C	0.443	0.2298075
194	G	0.400	0.2239107
195	C	0.247	0.2259575
196	C	0.113	0.2258371
197	A	-0.074	0.2008215
198	C	-0.170	0.1499228
199	A	0.309	0.07077873
200	G	0.414	0.00436703
201	G	0.225	-0.05068387
202	C	0.099	-0.01828799
203	A	-0.065	0.01300271
204	G	-0.391	-0.04095759
205	A	-0.416	-0.04911639
206	A	-0.436	-0.09445699
207	C	0.248	-0.1482816
208	T	0.142	-0.1736198
209	A	-0.229	-0.1562604
210	T	0.332	-0.1663607
211	G	-0.228	-0.1699968
212	A	-0.438	-0.236479
213	G	-0.319	-0.2632061
214	A	-0.217	-0.2438971
215	A	-0.517	-0.2800341
216	A	-0.473	-0.2691573
217	A	-0.415	-0.2775911
218	G	-0.124	-0.2970156
219	A	-0.036	-0.2655538
220	C	-0.028	-0.2138337
221	A	-0.119	-0.122072
222	A	-0.523	-0.06637473
223	A	-0.513	-0.08757703
224	G	0.096	-0.1175749
225	G	0	-0.1276192
 226	C	0.444	-0.07196563
227	A	0.141	0.02315287
228	A	-0.336	0.08747447
229	G	-0.336	0.117873
230	A	-0.128	0.1469171
231	T	0.437	0.1102291
232	C	0.428	0.1424592
233	A	0.129	0.2209584
234	C	0.400	0.2383268
235	C	0.290	0.2380507
236	A	0.077	0.1884701
237	G	0.463	0.1128239
238	T	0.448	0.08289901
239	T	-0.163	0.02200831
240	G	-0.131	0.02670221
241	A	-0.058	0.04583165
242	C	-0.328	0.01890765
243	A	-0.169	-0.04272505
244	A	-0.208	-0.05125285
245	C	0.337	-0.06227305
246	C	0.268	-0.040995
247	A	0.194	0.0154533
248	G	-0.168	0.073583
249	A	-0.248	0.13907
250	G	-0.241	0.1146112
251	T	0.154	0.07808165
252	T	0.236	0.09076945
253	C	0.411	0.1199158
254	C	0.446	0.1007337
255	T	0.092	0.1111159
256	G	-0.096	0.07806915
257	C	0.321	0.05711531
258	A	0.123	0.04384971
259	A	-0.440	0.02912051
260	G	-0.138	0.00632849
261	A	-0.176	-0.01547084
262	G	0.026	-0.09167574
263	A	0.279	-0.06315494
264	C	0.299	0.00702676
265	T	-0.135	0.03759266
266	G	-0.314	0.09859356
267	A	-0.440	0.1126117
268	A	0.408	0.0607829
269	T	0.261	0.064011
270	C	0.167	0.0968841
271	T	0.433	0.1817261
272	T	0.166	0.2635732
273	T	-0.239	0.2227365
274	G	0.331	0.2315737
275	G	0.193	0.2607493
276	C	0.534	0.1967239
277	T	0.377	0.1585297
278	A	0	0.2193965
 279	C	0.349	0.1503665
280	A	0.459	0.0896648
281	T	-0.206	-0.006204
282	G	-0.215	-0.04545921
283	C	0.369	-0.06084911
284	A	-0.358	-0.1105245
285	A	-0.413	-0.1360705
286	A	-0.424	-0.09454691
287	T	-0.015	-0.06481088
288	A	-0.153	-0.05986848
289	T	-0.146	0.01016322
290	G	0.203	0.03534862
291	C	0.208	0.1002833
292	A	0.082	0.1232216
293	C	0.419	0.1772634
294	A	0.341	0.2346266
295	G	-0.161	0.2619281
296	G	0.224	0.2471949
297	G	0.214	0.2010947
298	C	0.386	0.1071188
299	C	0.426	0.02663681
300	C	0.476	0.00214031
301	T	0.061	-0.06106609
302	T	-0.378	-0.1096128
303	A	-0.520	-0.103524
304	A	-0.463	-0.09829209
305	C	-0.406	-0.09698129
306	A	-0.407	-0.1123636
307	A	-0.271	-0.09347569
308	T	0.447	-0.06662379
309	C	0.479	-0.015473
310	C	0.489	0.0610604
311	A	-0.092	0.0699938
312	T	-0.190	0.0806148
313	A	-0.252	0.0039852
314	G	0.048	-0.0823927
315	G	0.358	-0.0775796
316	G	-0.318	-0.1067265
317	A	-0.164	-0.1377245
318	G	-0.318	-0.1254697
319	A	-0.384	-0.0838204
320	T	0.538	-0.0906271
321	T	-0.383	-0.06022735
322	T	-0.500	-0.00355975
323	A	-0.129	0.07838625
324	C	0.464	0.1704014
325	T	0.290	0.06880755
326	T	-0.014	0.08632455
327	G	0.401	0.1046154
328	C	0.500	0.06437555
329	T	0.535	-0.01340965
330	T	-0.477	-0.06129505
331	A	-0.208	-0.0969344
332	A	-0.317	-0.1765666
333	G	-0.532	-0.2722912
334	G	-0.312	-0.3700171
335	A	-0.188	-0.3635541
336	A	-0.370	-0.3844668
337	A	-0.394	-0.3911914
338	A	-0.456	-0.3753293
339	T	-0.441	-0.3522157
340	A	-0.413	-0.3655776
341	A	-0.417	-0.3407025
342	A	-0.384	-0.2757578
343	T	-0.373	-0.2715231
344	A	-0.081	-0.2631611
345	G	-0.321	-0.2692982
346	G	-0.121	-0.2754587
347	T	0.254	-0.2796064
348	A	-0.414	-0.2844119
349	A	-0.358	-0.3119392
350	A	-0.474	-0.3213829
351	T	-0.479	-0.3512131
352	A	-0.425	-0.4279177
353	A	-0.421	-0.4402531
354	A	-0.357	-0.4491474
355	T	-0.416	-0.4160846
356	A	-0.420	-0.3885295
357	A	-0.512	-0.3255103
358	A	-0.537	-0.2751615
359	A	-0.447	-0.225794
360	G	-0.143	-0.2174214
361	G	-0.203	-0.2170731
362	A	0.204	-0.2147234
363	G	0.081	-0.2149407
364	T	0.136	-0.2244669
365	T	-0.332	-0.2033109
366	G	-0.416	-0.225863
367	A	-0.488	-0.274789
368	A	-0.539	-
369	A	-0.542	-
370	G	0.067	-
371	G	-0.429	-
372	T	-0.284	-
