1	G	0.202	-
2	G	-0.485	-
3	A	0.097	-
4	G	-0.267	-
5	T	-0.163	-
6	T	0.034	-
7	C	0.283	-
8	C	0.457	-
9	C	0.152	-
10	A	0.395	-
11	C	-0.075	-
12	T	0.375	-
13	C	0.363	0.0483351
14	C	0.322	0.04349244
15	A	0.119	0.0832412
16	C	0.422	0.07408773
17	T	0.399	0.07340137
18	C	0.455	0.07454309
19	C	-0.292	0.07222909
20	A	-0.207	0.07457745
21	A	-0.505	0.07344649
22	G	-0.364	0.07286017
23	G	-0.304	0.07192701
24	A	-0.424	0.09088472
25	T	0.218	0.07018432
26	C	0.081	0.03480392
27	C	0.508	0.02930548
28	A	-0.131	0.03163464
29	A	-0.284	0.03170744
30	C	-0.134	0.0293606
31	A	-0.023	0.01794
32	G	0.342	0.03537716
33	C	0.428	0.05956832
34	G	0.138	0.0928202
35	C	0.372	0.09579156
36	A	0.398	0.095858
37	C	-0.141	0.1185115
38	A	-0.520	0.09299484
39	A	0.185	0.09285336
40	G	0.177	0.07648984
41	C	0.423	0.09357208
42	T	0.340	0.1162844
43	G	0.170	0.1315478
44	C	0.143	0.1278111
45	T	0.396	0.1223956
46	C	0.325	0.1211419
47	T	-0.290	0.1066278
48	T	-0.303	0.0990767
49	C	0.142	0.08777922
50	A	-0.419	0.1110081
51	C	0.078	0.1498414
52	G	0.098	0.1603639
53	G	0.295	0.1613125
54	G	0.282	0.158041
55	C	0.247	0.1415658
56	A	-0.116	0.134765
57	A	0.206	0.1118719
58	C	0.397	0.106435
59	T	-0.224	0.1006823
60	A	0.183	0.1221009
61	C	0.116	0.1405171
62	C	0.438	0.1320188
63	T	0.450	0.1506157
64	C	0.448	0.1579243
65	T	0.201	0.171176
66	G	0.342	0.1762891
67	C	-0.071	0.180541
68	A	0	0.1859763
 69	A	-0.429	0.207574
70	G	0.260	0.2076104
71	C	0.181	0.2027192
72	T	0.244	0.2285752
73	T	0.157	0.2378995
74	C	-0.070	0.2433429
75	A	0.045	0.2427578
76	C	0.260	0.2335919
77	C	0.430	0.2139702
78	C	0.423	0.2162101
79	C	0.389	0.2118859
80	C	0.382	0.2306818
81	G	0.423	0.2457417
82	G	0.207	0.2801755
83	C	0.275	0.2872464
84	C	0.421	0.2881567
85	C	0.416	0.2725866
86	C	0.252	0.2774166
87	G	0.424	0.2791348
88	C	0.220	0.2805172
89	C	-0.041	0.2775227
90	A	0.257	0.26137
91	C	0.233	0.2483464
92	G	0.398	0.2435232
93	C	0.376	0.2451051
94	C	0.431	0.2405302
95	C	0.437	0.2503628
96	C	0.204	0.252179
97	G	-0.144	0.2343697
98	C	0.278	0.2345845
99	A	-0.027	0.2332545
100	G	0.079	0.2314056
101	G	0.186	0.2135485
102	G	0.026	0.2180239
103	T	0.097	0.2147301
104	T	0.268	0.2226326
105	C	0.422	0.2229353
106	C	0.308	0.1986514
107	C	0.453	0.1706553
108	T	0.320	0.1500208
109	G	-0.023	0.1391417
110	T	0.421	0.1328016
111	C	0.218	0.1141641
112	T	0.378	0.1320465
113	G	-0.225	0.1443456
114	G	0.069	0.142742
115	T	0.175	0.1574812
116	C	0.431	0.1716882
117	T	0.406	0.177538
118	G	-0.230	0.1706158
119	G	-0.268	0.1753984
120	A	-0.078	0.1678199
121	T	-0.067	0.1556294
122	C	-0.302	0.1733499
123	A	-0.187	0.1720868
124	C	0.419	0.1696636
125	C	0.387	0.1704554
126	T	0.145	0.1905349
127	C	0.394	0.2032681
128	G	0.452	0.2133629
129	C	0.414	0.2104091
130	T	0.249	0.2042301
131	C	0.428	0.2195864
132	T	0.264	0.2490748
133	C	0.015	0.2678102
134	C	0.419	0.2871426
135	C	0.390	0.3155164
136	T	0.158	0.3395436
137	G	0.397	0.3184553
138	C	0.276	0.3140452
139	G	0.388	0.3029312
140	C	0.427	0.2978397
141	C	0.357	0.2969577
142	T	0.251	0.2980745
143	C	0.153	0.302842
144	T	0.468	0.2663473
145	C	0.390	0.2605606
146	T	0.416	0.2722402
147	C	0.406	0.2580347
148	C	0.412	0.2383491
149	T	-0.107	0.2204175
150	T	0.276	0.1923818
151	G	-0.131	0.1876591
152	G	0.267	0.1524388
153	C	0.430	0.1149984
154	C	0.442	0.09520722
155	T	0.368	0.09164778
156	A	-0.484	0.07807138
157	G	0.119	0.07775542
158	C	0.307	0.07774386
159	T	0.064	0.0805961
160	A	-0.101	0.07589074
161	G	-0.289	0.07709266
162	A	-0.303	0.09603522
163	C	0.158	0.08619494
164	A	-0.492	0.08876662
165	A	-0.508	0.06215538
166	G	-0.137	0.03037726
167	T	0.162	0.0283825
168	G	-0.186	0.02639434
169	C	0.460	0.06221206
170	T	0.389	0.06495602
171	T	0.487	0.06328298
172	C	0.288	0.06768236
173	T	0.442	0.08943636
174	C	0.366	0.1125465
175	A	0.030	0.1316112
176	C	-0.067	0.1130048
177	G	-0.397	0.1359251
178	A	-0.363	0.1359619
179	T	0.393	0.119872
180	C	0.318	0.1180988
181	C	0.411	0.1429726
182	A	0.188	0.1269951
183	G	0.266	0.1267361
184	C	0.174	0.1210083
185	G	0.442	0.1215279
186	C	0.287	0.1211674
187	G	0.173	0.1019703
188	T	-0.306	0.102359
189	T	0.080	0.09481058
190	T	-0.507	0.1003427
191	A	-0.539	0.1319758
192	C	0.118	0.1141713
193	C	0.435	0.1194267
194	G	0.061	0.1119858
195	C	0.383	0.09845733
196	T	0.344	0.1027832
197	C	0.301	0.1119299
198	G	0.433	0.1119326
199	G	-0.113	0.1059642
200	T	0.040	0.08673061
201	T	-0.256	0.07717821
202	T	-0.259	0.06546284
203	C	0.427	0.09493192
204	G	-0.052	0.1198195
205	T	0.450	0.114384
206	C	0.225	0.1019912
207	G	-0.150	0.1079266
208	C	0.374	0.1103667
209	C	0.403	0.09457428
210	G	0.442	0.0943996
211	C	0.138	0.09126344
212	T	-0.307	0.09479596
213	A	-0.545	0.1071204
214	A	-0.212	0.1275029
215	G	0.229	0.1422172
216	G	0.082	0.1370043
217	G	-0.017	0.1416563
218	G	0.125	0.1102352
219	T	0.209	0.09298418
220	G	0.444	0.1106011
221	G	-0.050	0.1108701
222	T	0.297	0.1107169
223	G	0.355	0.1013827
224	G	-0.025	0.1054729
225	T	0.348	0.1247341
226	G	0.253	0.142967
227	T	0.108	0.1589667
228	C	0.296	0.1668726
229	T	0.064	0.1806379
230	G	-0.335	0.1884361
231	A	-0.206	0.1921892
232	T	0.290	0.1963313
233	C	0.380	0.1616855
234	C	0.399	0.178138
235	G	0.208	0.1846029
236	T	0.240	0.1849885
237	C	0.174	0.1986106
238	A	-0.089	0.1934466
239	G	0.187	0.190237
240	G	0.426	0.2031928
241	C	0.426	0.1938291
242	T	0.177	0.2109133
243	C	0.219	0.2336835
244	T	0.313	0.2553583
245	G	-0.421	0.2470723
246	C	0.360	0.2486473
247	G	0.459	0.2230417
248	C	0.365	0.2167179
249	T	0.315	0.209831
250	T	0.219	0.2209883
251	C	0.173	0.2453915
252	T	0.432	0.2545795
253	C	0.062	0.2554291
254	T	0.491	0.2523988
255	C	0.234	0.2621378
256	T	0.335	0.2728492
257	C	0.083	0.2769931
258	G	0.420	0.274301
259	G	-0.240	0.2390591
260	A	0.050	0.2088805
261	T	0.068	0.1884526
262	C	0.453	0.1828851
263	C	0.520	0.1907301
264	A	0.417	0.1934368
265	T	0.448	0.1830693
266	C	0.351	0.1871645
267	C	0.420	0.1832969
268	T	0.487	0.1879536
269	C	0.417	0.1831913
270	A	-0.488	0.1916452
271	A	-0.520	0.176711
272	T	-0.295	0.1843377
273	G	-0.145	0.1918793
274	T	0.175	0.2063132
275	C	0.415	0.2034248
276	C	0.240	0.2029446
277	A	0.173	0.1990904
278	G	0.165	0.2010116
279	G	0.394	0.1855317
280	C	0.350	0.1672599
281	A	0.216	0.1286705
282	G	0.294	0.1000122
283	G	0.047	0.09840071
284	A	-0.050	0.1066924
285	C	0.239	0.1166102
286	T	0.429	0.1382722
287	C	0.381	0.1463648
288	T	0.508	0.1394791
289	C	0.321	0.1307621
290	A	0.496	0.1400586
291	C	-0.035	0.126622
292	A	-0.035	0.1220957
293	T	-0.477	0.1151218
294	G	-0.299	0.1075398
295	A	-0.529	0.1074443
296	A	-0.313	0.1207896
297	G	-0.047	0.1409208
298	C	0.395	0.1476204
299	C	0.378	0.1477765
300	G	0.243	0.1512663
301	G	0.022	0.1285969
302	T	0.405	0.1058231
303	G	-0.170	0.0952377
304	C	0.281	0.1102041
305	T	0.176	0.1258176
306	G	0.027	0.1591752
307	T	0.292	0.1911228
308	C	0.380	0.2285771
309	T	0.453	0.2398865
310	G	0.406	0.224435
311	C	0.433	0.1964121
312	T	0.468	0.1874948
313	G	-0.058	0.1875086
314	T	-0.248	0.1879303
315	T	0.231	0.1770635
316	C	0.338	0.1971489
317	A	0.354	0.2010302
318	C	0.356	0.2053258
319	T	0.499	0.2157286
320	C	0.407	0.2158343
321	T	-0.030	0.2181908
322	A	-0.433	0.2149627
323	A	-0.304	0.2166979
324	G	0.155	0.1897421
325	A	0.243	0.1886528
326	T	0.033	0.1916013
327	G	0.133	0.2102481
328	T	0.331	0.1912362
329	C	0.378	0.1726021
330	C	0.283	0.1753867
331	A	0.287	0.1641705
332	G	0.294	0.1387354
333	C	0.439	0.1122675
334	C	0.372	0.1154186
335	A	0.450	0.1288677
336	C	-0.240	0.1273165
337	T	0.441	0.1198403
338	C	0.015	0.1006434
339	A	0.218	0.1039464
340	G	-0.243	0.1044402
341	G	-0.127	0.1103692
342	A	0.424	0.1128149
343	C	0.076	0.1104979
344	A	-0.136	0.1191116
345	G	-0.254	0.104948
346	T	0.048	0.07152088
347	T	-0.097	0.0715218
348	A	-0.343	0.06166308
349	C	-0.031	0.0785874
350	G	-0.236	0.0462756
351	A	0.115	0.06100526
352	T	0.146	0.06390714
353	C	0.479	0.08599426
354	T	0.439	0.1041962
355	G	0.225	0.1045788
356	T	0.502	0.1223073
357	C	-0.059	0.1136362
358	A	-0.396	0.1142882
359	T	0.372	0.1034264
360	C	0.203	0.115081
361	C	0.182	0.1327692
362	A	-0.366	0.1442984
363	G	0.383	0.1675698
364	G	0.290	0.1728878
365	G	0.308	0.1845795
366	C	0.327	0.1743901
367	C	0.433	0.1739797
368	C	0.519	0.1814864
369	A	-0.353	0.1691253
370	A	-0.238	0.1833852
371	A	-0.223	0.1933445
372	C	0.193	0.1942429
373	C	0.098	0.1837996
374	G	0.256	0.1775829
375	A	0.345	0.1906467
376	C	0.248	0.1881584
377	T	0.438	0.1908733
378	C	0.224	0.1962836
379	T	0.429	0.1762049
380	C	0.413	0.1667259
381	C	0.193	0.1641616
382	T	0.297	0.1965892
383	C	-0.147	0.1851687
384	T	0.394	0.1883549
385	A	-0.057	0.1963574
386	T	0.027	0.1912451
387	T	-0.040	0.1698301
388	G	0.321	0.1640841
389	C	0.358	0.1645149
390	T	0.443	0.1469712
391	A	-0.174	0.154421
392	T	0.196	0.1563083
393	C	0.455	0.1195792
394	T	0.457	0.120119
395	G	-0.523	0.1233877
396	A	-0.143	0.1415986
397	G	0.393	0.1376392
398	G	-0.029	0.1527034
399	T	-0.278	0.1610321
400	A	0.202	0.1803639
401	G	0.259	0.1675101
402	G	0	0.1579063
 403	C	0.411	0.1551782
404	A	0.476	0.140101
405	G	-0.505	0.1297701
406	T	0.207	0.1085528
407	C	0.378	0.1004814
408	T	0.308	0.1328155
409	C	0.295	0.1522321
410	C	0.319	0.1552157
411	T	0.235	0.1641531
412	C	0.443	0.1781093
413	T	0	0.1870143
 414	G	0.118	0.1936
415	T	0.375	0.2142326
416	G	-0.551	0.1990741
417	A	-0.061	0.1838309
418	G	-0.074	0.2231079
419	G	0.255	0.2241127
420	T	0.284	0.2122689
421	C	0.341	0.206519
422	G	0.468	0.1951256
423	G	0.194	0.1991588
424	T	0.070	0.2076248
425	C	0.424	0.2051709
426	C	0.424	0.223569
427	C	0.515	0.2292791
428	A	0.032	0.2205174
429	T	0.095	0.2254187
430	C	0.476	0.2147358
431	C	0.232	0.2141283
432	A	0.082	0.1979763
433	T	0.164	0.202889
434	A	0.011	0.2063729
435	C	0.419	0.2057594
436	T	0.447	0.2076953
437	G	0.381	0.2053046
438	C	0.459	0.202816
439	C	0.261	0.1989326
440	T	0.156	0.1835705
441	A	-0.428	0.1916317
442	G	-0.328	0.1752819
443	A	-0.090	0.1499593
444	T	-0.148	0.1289429
445	C	0.407	0.1256326
446	C	0.429	0.1141018
447	C	0.453	0.1191485
448	T	0.242	0.1155119
449	G	0.010	0.09059494
450	C	0.362	0.08330774
451	G	0.327	0.0475157
452	C	0.131	0.02734094
453	A	0.233	0.02425256
454	G	-0.313	0.05919412
455	G	-0.156	0.08111848
456	A	-0.293	0.0727786
457	A	0	0.0782195
 458	G	-0.123	0.06326121
459	A	0.137	0.05455653
460	C	0.329	0.05118581
461	T	-0.175	0.05967249
462	G	0.199	0.07881674
463	A	-0.434	0.05214338
464	G	-0.243	0.02703438
465	A	0.079	0.008761824
466	T	0.444	0.000153456
467	G	0.219	0.003763336
468	A	-0.298	-0.005896864
469	G	-0.012	-0.004080904
470	G	0.033	0.004716976
471	A	0.211	0.0196079
472	C	0.368	0.01964382
473	C	0.454	0.01405978
474	C	0.489	0.03016674
475	T	-0.304	0.03937998
476	A	-0.300	0.06832646
477	G	-0.325	0.08629622
478	G	0.018	0.08658124
479	A	-0.223	0.07406792
480	G	-0.397	0.0727268
481	A	-0.247	0.080353
482	C	0.219	0.06600442
483	A	0.248	0.05826464
484	G	0.138	0.0503655
485	C	0.189	0.04842706
486	A	0.226	0.04895162
487	G	0.429	0.03715722
488	C	0.288	0.03312366
489	C	0.205	0.03396086
490	A	0.086	0.0433161
491	G	0.131	0.05142938
492	G	0.185	0.06994282
493	G	-0.108	0.08067338
494	A	-0.370	0.09004443
495	T	-0.160	0.07997627
496	A	0.013	0.06952015
497	G	0.320	0.06748445
498	C	0.468	0.07167625
499	G	0.194	0.05358841
500	A	-0.405	0.01729741
501	A	-0.279	-0.005226868
502	G	-0.091	-0.02634235
503	G	0.221	-0.04842799
504	T	0.239	-0.07170871
505	G	-0.129	-0.09797203
506	G	-0.013	-0.1105599
507	A	-0.031	-0.1131373
508	G	-0.013	-0.1243614
509	G	0.087	-0.1249176
510	A	0.294	-0.1475453
511	T	-0.225	-0.1767588
512	G	-0.477	-0.1673203
513	A	-0.274	-0.1372268
514	G	-0.321	-0.1260405
515	T	-0.465	-0.1072809
516	A	-0.450	-0.1034461
517	T	-0.470	-0.09585737
518	A	-0.422	-0.1016123
519	A	-0.435	-0.1077455
520	A	-0.440	-0.1096305
521	T	0	-0.0949459
 522	A	-0.245	-0.08065492
523	G	-0.262	-0.08440468
524	C	0.430	-0.06946732
525	G	0.347	-0.05898844
526	A	0	-0.04286364
 527	C	0.377	-0.0482626
528	C	0.317	-0.04049812
529	C	0.429	-0.02536445
530	C	-0.273	-0.01841017
531	A	-0.166	-0.01253461
532	G	-0.078	-0.003231648
533	C	0.354	-0.008002248
534	G	0.444	-0.02391985
535	C	0.200	0.002910992
536	G	0.148	0.03117723
537	A	-0.215	0.02822527
538	T	0.128	0.03231871
539	C	-0.456	0.03231871
540	A	-0.271	0.03313107
541	G	-0.071	0.004522352
542	A	-0.296	-0.02094849
543	G	-0.275	0.001603192
544	A	-0.202	0.02544539
545	A	-0.559	0.045894
546	G	-0.397	0.04007408
547	C	0.425	0.03994272
548	T	0.444	0.0488618
549	C	0.356	0.0514208
550	C	0.449	0.07845704
551	C	0	0.08465108
 552	T	0.398	0.1173528
553	T	-0.398	0.1368177
554	A	-0.207	0.1548724
555	C	0.290	0.1706785
556	C	0.429	0.1887106
557	C	0.432	0.1976778
558	C	0.208	0.1992082
559	C	0.441	0.2243788
560	A	0.423	0.2129165
561	C	0.212	0.1871559
562	C	0.460	0.1632736
563	C	0.283	0.1436269
564	A	0.360	0.1513405
565	T	0.214	0.1375675
566	C	0.379	0.151828
567	G	0.098	0.1608515
568	C	0.174	0.1535973
569	A	0.021	0.1466276
570	G	-0.521	0.1506756
571	T	0.231	0.1557553
572	G	0.138	0.1446675
573	G	-0.199	0.143844
574	G	-0.240	0.1234448
575	A	-0.041	0.0889841
576	G	0.192	0.05936782
577	T	0.053	0.04594808
578	G	-0.041	0.04101046
579	A	0.018	0.02883118
580	G	0.109	0.02219356
581	T	0.255	0.032589
582	C	0.533	0.04779911
583	T	0.335	0.08567243
584	T	0.164	0.09243131
585	C	0.402	0.09156951
586	A	-0.297	0.08830439
587	G	-0.400	0.08479283
588	A	-0.456	0.06625036
589	T	0.025	0.03988612
590	C	0.091	0.0328649
591	T	0.075	0.01372506
592	A	-0.067	0.02100577
593	C	0.434	0.02067145
594	C	0.401	-0.008211868
595	C	0.425	-0.04459607
596	C	0.400	-0.07492679
597	C	0.117	-0.07925043
598	A	-0.281	-0.08449011
599	A	-0.328	-0.05749855
600	G	-0.505	-0.03721875
601	A	-0.466	-0.02272579
602	C	-0.121	-0.03591957
603	A	-0.520	-0.03435475
604	A	0.200	-0.02657275
605	C	0.100	-0.00663992
606	G	-0.467	-0.00711164
607	A	-0.376	-0.01202064
608	A	-0.422	-0.0123642
609	A	0.055	-0.00981452
610	T	0.271	0.00011512
611	C	0.376	0.016983
612	C	0.106	0.03697464
613	T	-0.094	0.04007228
614	A	-0.304	0.043756
615	C	0.130	0.03190308
616	C	0.269	0.05137891
617	C	0.430	0.03589731
618	G	0.423	0.04079183
619	G	0.278	0.05285719
620	G	0.416	0.05036675
621	C	0.464	0.04709691
622	C	0.365	0.03446352
623	A	0.140	0.02983628
624	T	0.171	0.0326834
625	T	-0.427	0.04434344
626	G	-0.374	0.06236199
627	A	-0.418	0.09243999
628	A	-0.033	0.09716363
629	G	-0.186	0.1025465
630	G	0.223	0.09992507
631	G	-0.165	0.09713651
632	A	-0.438	0.08460268
633	A	-0.504	0.04750656
634	A	-0.259	0.028945
635	C	0.156	0.0263178
636	C	0.448	0.0379414
637	T	0.397	0.04580416
638	C	0.356	0.08112828
639	C	0.447	0.1145782
640	A	0.248	0.1266621
641	C	0.404	0.1094909
642	T	0.365	0.1045951
643	C	0.353	0.08039217
644	C	-0.034	0.08019613
645	A	-0.510	0.1125034
646	A	0	0.1410996
 647	C	0.299	0.158711
648	C	0.430	0.1612938
649	C	0.367	0.1613184
650	C	0.455	0.1441114
651	C	0.462	0.1095436
652	A	-0.115	0.07498136
653	G	-0.462	0.05763036
654	A	-0.309	0.02195084
655	A	-0.381	0.01851436
656	G	-0.170	0.01137796
657	A	0.369	-0.001888852
658	C	0.210	0.003547748
659	G	0.180	-0.01646941
660	C	0.220	-0.03706405
661	C	0.448	-0.04490293
662	T	-0.032	-0.05653018
663	T	-0.508	-0.08797214
664	A	-0.416	-0.1112903
665	G	-0.185	-0.1265577
666	A	-0.487	-0.1203052
667	T	0.279	-0.1200311
668	G	0.174	-0.1205769
669	A	-0.366	-0.1267708
670	G	-0.374	-0.1420374
671	A	-0.500	-0.1392106
672	A	-0.214	-0.1580386
673	A	0.235	-0.1723189
674	G	0.077	-0.1749409
675	T	-0.330	-0.1877716
676	G	-0.120	-0.1835856
677	A	-0.497	-0.1607396
678	A	-0.306	-0.1404861
679	G	-0.302	-0.1377798
680	A	-0.395	-0.1689863
681	G	-0.325	-0.1650695
682	A	-0.012	-0.13302
683	T	0.281	-0.09960936
684	A	-0.290	-0.059415
685	T	-0.136	-0.0419362
686	T	0.383	-0.03889316
687	G	-0.353	-0.04574525
688	T	-0.403	-0.02388073
689	A	0.154	-0.009159208
690	T	0.321	0.01313724
691	G	-0.420	0.02853022
692	A	-0.500	0.03596702
693	G	0.272	0.02983226
694	C	0.435	0.02307534
695	T	0.460	0.03193729
696	C	0.504	0.02713585
697	A	0.222	0.04755853
698	T	0.311	0.06293673
699	T	-0.094	0.05173125
700	C	0.215	0.06493444
701	A	0.247	0.08283166
702	T	0.059	0.0915163
703	C	0.078	0.07315654
704	A	-0.116	0.08253466
705	A	-0.548	0.1100955
706	A	-0.494	0.09680852
707	G	0.209	0.09339968
708	G	0.161	0.0902362
709	C	0.220	0.07510896
710	C	0.248	0.07669008
711	A	0.102	0.06326243
712	T	-0.023	0.08368661
713	G	0.043	0.08963361
714	C	0.371	0.08561497
715	C	-0.137	0.06413692
716	A	-0.185	0.0687347
717	T	0.188	0.07798334
718	C	-0.059	0.1170407
719	A	0.349	0.1361517
720	C	0.381	0.1428009
721	C	0.126	0.1444884
722	A	0.261	0.1250213
723	G	-0.024	0.1251489
724	C	0.416	0.1283252
725	T	0.364	0.1385007
726	C	0.146	0.1298213
727	A	-0.477	0.1099402
728	G	0.193	0.1101353
729	G	0.114	0.1276096
730	C	0.427	0.1374658
731	A	-0.016	0.1327457
732	G	0.375	0.1152908
733	T	0.203	0.09458086
734	G	-0.266	0.08207362
735	C	0.251	0.06993162
736	T	0.182	0.08587878
737	G	0.231	0.08659326
738	C	-0.173	0.08981462
739	T	-0.125	0.0967243
740	A	-0.132	0.1230534
741	G	0.251	0.1325415
742	G	0.434	0.147449
743	G	-0.177	0.1477583
744	G	-0.086	0.1657681
745	A	-0.136	0.1680492
746	T	-0.186	0.1613407
747	T	-0.042	0.1614247
748	C	0.374	0.1480634
749	C	0.434	0.1569412
750	T	0.445	0.1449243
751	G	0.319	0.1478323
752	C	0.181	0.1621453
753	C	0.430	0.1770876
754	T	0.487	0.1840766
755	C	0.435	0.1854411
756	T	0.433	0.1750433
757	C	0.432	0.181618
758	T	0.035	0.2036562
759	G	-0.264	0.219708
760	G	-0.082	0.2403368
761	A	0.404	0.2432486
762	G	-0.069	0.2433868
763	G	-0.100	0.2432016
764	T	0.232	0.2377848
765	C	0.240	0.219037
766	C	0.425	0.1810063
767	A	0.468	0.1452573
768	G	-0.437	0.119174
769	T	0.077	0.09364634
770	T	0.414	0.09085286
771	C	0.214	0.09907427
772	T	0.473	0.1004049
773	C	0.446	0.09252145
774	T	0.437	0.07110913
775	C	0.440	0.05340036
776	T	0.184	0.04159456
777	G	-0.287	0.02229228
778	A	-0.519	-0.000101956
779	A	-0.406	-0.02402616
780	G	-0.216	-0.04020831
781	A	-0.204	-0.01706927
782	C	0.362	-0.02400779
783	A	0.241	-0.03438827
784	G	-0.231	-0.04517447
785	A	-0.279	-0.04923027
786	G	-0.131	-0.06799074
787	A	-0.512	-0.06956798
788	A	-0.395	-0.0921165
789	G	-0.250	-0.1162773
790	A	-0.319	-0.1165546
791	T	-0.172	-0.08670362
792	G	0.064	-0.05548438
793	C	0.141	-0.0356501
794	A	-0.095	-0.02247878
795	G	0.154	-0.02923794
796	G	-0.054	-0.03888302
797	G	0.372	-0.04880354
798	A	-0.022	-0.05377818
799	G	0.398	-0.06873058
800	G	-0.123	-0.06194294
801	A	-0.420	-0.02901678
802	A	-0.294	-0.01302922
803	G	0.226	0.01007046
804	G	0.374	0.005817224
805	G	0.279	-0.006044984
806	T	0.125	-0.006971944
807	T	0.193	-0.000123036
808	T	0	0.006818964
 809	C	-0.479	0.02644084
810	A	-0.404	0.02825888
811	A	-0.504	0.02330635
812	A	-0.342	-0.000956972
813	C	0.427	-0.003433812
814	A	0.149	0.03040599
815	G	0.258	0.06167951
816	G	-0.278	0.06961739
817	A	-0.232	0.06131211
818	A	0.118	0.04225511
819	C	0.075	0.04380923
820	T	0.328	0.05373775
821	C	0.435	0.06789903
822	T	0.417	0.09622871
823	C	-0.145	0.1174822
824	A	-0.208	0.1542501
825	A	-0.185	0.1876559
826	C	0.425	0.1832125
827	C	0.487	0.1715266
828	C	0.424	0.15505
829	A	0.166	0.1799738
830	C	-0.197	0.1805819
831	G	0.163	0.1739011
832	T	0.441	0.1636234
833	C	0.354	0.1593817
834	T	0.229	0.158416
835	G	0.127	0.1591187
836	C	0.414	0.1828768
837	C	0.492	0.2103765
838	A	0.316	0.2369556
839	G	-0.142	0.2074022
840	T	-0.153	0.1808917
841	T	0.344	0.1472779
842	G	-0.217	0.1310715
843	T	-0.048	0.1413881
844	A	-0.181	0.1558099
845	G	0.222	0.122281
846	A	0.411	0.09284256
847	C	0.435	0.07401728
848	T	0.448	0.06709028
849	C	0.479	0.0559684
850	T	0.479	0.04154552
851	G	-0.312	0.0430698
852	T	-0.175	0.06124836
853	A	-0.415	0.04766432
854	A	-0.238	0.02270452
855	A	0.060	0.04112224
856	C	0.524	0.04982955
857	A	-0.396	0.07055507
858	A	-0.381	0.07155995
859	A	-0.241	0.07225031
860	G	-0.045	0.07117711
861	T	0.136	0.06423503
862	T	0.132	0.06210787
863	C	0.354	0.05144083
864	C	0.311	0.07520327
865	A	-0.493	0.09577791
866	A	-0.279	0.1243058
867	C	0.243	0.1494937
868	T	0.168	0.1523927
869	C	0.336	0.1491364
870	G	0.247	0.1706645
871	C	0.428	0.2006159
872	C	0.408	0.226422
873	C	0.274	0.2312537
874	G	0.426	0.2265291
875	C	0.212	0.2368316
876	T	0.281	0.239171
877	G	0.338	0.244226
878	C	0.297	0.2807356
879	T	0.391	0.3017802
880	G	0.132	0.2920538
881	C	0.442	0.2863683
882	C	0.141	0.289687
883	A	0.366	0.2967378
884	C	0.403	0.2719301
885	T	0.074	0.2381487
886	G	0.018	0.2393488
887	C	0.389	0.2062558
888	C	0.413	0.1961225
889	G	0.438	0.1763319
890	C	0.419	0.1585032
891	T	0.246	0.1362171
892	G	0	0.1244884
 893	C	0.026	0.1092475
894	T	0.419	0.1048043
895	A	0.423	0.1042917
896	T	-0.191	0.07996711
897	T	-0.436	0.04963387
898	T	0.304	0.0373018
899	T	-0.401	0.01509618
900	T	-0.040	0.01595898
901	T	-0.213	0.01561142
902	G	-0.106	0.01639694
903	A	-0.259	0.01732982
904	G	0.098	0.00987556
905	G	-0.248	0.01735472
906	T	0.331	0.0319496
907	C	0.129	0.008118764
908	A	-0.241	0.000685724
909	A	-0.354	0.01619436
910	G	-0.233	0.03525889
911	A	-0.536	0.02308065
912	C	0.411	0.04662849
913	T	0.404	0.03271171
914	C	0.457	0.03899537
915	T	0.442	0.04793925
916	T	0.060	0.07203913
917	C	0.186	0.0863258
918	C	0.391	0.1066788
919	A	-0.175	0.1049671
920	C	0.238	0.1188382
921	C	0.196	0.1487673
922	T	0.040	0.1791458
923	G	0	0.2053652
 924	T	0.187	0.2461948
925	A	-0.388	0.2166876
926	T	-0.056	0.1848462
927	G	0.116	0.1556925
928	C	0.342	0.1342145
929	C	0.455	0.1185496
930	C	0.260	0.1238077
931	A	0.289	0.1238188
932	T	0.475	0.1453518
933	C	0.506	0.1425758
934	T	0.404	0.1518875
935	T	0.422	0.1668136
936	C	0.483	0.1611654
937	A	-0.326	0.1514211
938	T	-0.391	0.1497951
939	A	-0.271	0.1584396
940	G	-0.094	0.1493196
941	A	-0.331	0.1380317
942	C	0.318	0.1365421
943	C	0.391	0.1335889
944	G	0.362	0.1315965
945	G	0.168	0.1283861
946	C	0.429	0.1210415
947	C	0.413	0.1213523
948	C	-0.141	0.1132142
949	A	-0.056	0.1131373
950	T	-0.429	0.1283018
951	C	0.159	0.1387164
952	A	-0.111	0.1640392
953	C	0.060	0.180713
954	T	0.417	0.2122158
955	G	0.186	0.1951976
956	G	0.239	0.1985451
957	T	0.395	0.1745316
958	G	0.323	0.1849002
959	C	0.412	0.1677327
960	C	0.218	0.1685897
961	T	0.481	0.1754871
962	C	0.052	0.1718138
963	A	-0.131	0.1927278
964	A	0.361	0.1740546
965	G	0.322	0.1696445
966	C	0.456	0.1750379
967	A	-0.107	0.1591552
968	T	0.475	0.1500068
969	T	-0.237	0.1318187
970	T	0.427	0.1109874
971	T	0	0.1154808
 972	C	0.435	0.1087289
973	A	0.031	0.1053348
974	C	-0.148	0.06780262
975	T	0.093	0.06911082
976	A	-0.307	0.05925922
977	T	-0.221	0.0260135
978	C	0.195	0.02831862
979	A	0.020	0.02168318
980	C	-0.041	0.03855986
981	A	-0.215	0.03511782
982	G	-0.125	0.05940906
983	C	0.435	0.0470913
984	C	0.243	0.04350114
985	A	0.133	0.03523222
986	G	-0.456	0.05160675
987	T	0.085	0.06682947
988	A	-0.377	0.06797031
989	A	-0.469	0.05903663
990	T	0.380	0.06544507
991	C	0.290	0.05241951
992	T	0.314	0.05207885
993	G	0.389	0.05805624
994	C	0.369	0.07468184
995	A	0.119	0.07866102
996	G	-0.089	0.05535366
997	A	0.228	0.05178042
998	C	0.440	0.06403214
999	T	0.232	0.0950049
1000	C	0.122	0.09788463
1001	A	-0.530	0.1129835
1002	A	-0.061	0.1513375
1003	C	-0.130	0.1495306
1004	C	0.012	0.1347079
1005	T	0.107	0.1355775
1006	C	0.200	0.1279022
1007	A	-0.025	0.1035734
1008	A	-0.146	0.0952772
1009	G	0.154	0.1021125
1010	C	0.440	0.09945593
1011	C	0.317	0.06886421
1012	T	0.157	0.05140881
1013	A	0	0.05915473
 1014	C	0.489	0.06588273
1015	T	0.335	0.06473023
1016	T	-0.080	0.06409831
1017	T	0.336	0.05035526
1018	G	0.197	0.04679712
1019	T	-0.238	0.017409
1020	A	-0.087	0.00575658
1021	C	0.081	0.01794066
1022	T	0.162	0.00770774
1023	T	-0.324	0.00191214
1024	T	-0.203	0.00673242
1025	G	0.315	0.01773674
1026	G	-0.362	0.0238031
1027	T	-0.090	-0.0069073
1028	A	-0.145	-0.02262082
1029	T	-0.331	-0.03662034
1030	A	0.018	-0.05473582
1031	A	-0.534	-0.08319774
1032	A	-0.317	-0.08131618
1033	C	0.157	-0.09002695
1034	T	-0.101	-0.1121597
1035	G	0.295	-0.1303011
1036	C	0.438	-0.1122587
1037	A	0.432	-0.09451192
1038	T	0.151	-0.09012456
1039	G	-0.278	-0.05857736
1040	G	-0.057	-0.0499911
1041	A	-0.430	-0.06061918
1042	T	-0.116	-0.05519426
1043	A	-0.514	-0.07228304
1044	C	-0.191	-0.05354945
1045	C	-0.305	-0.03635149
1046	A	-0.472	-0.04011636
1047	A	-0.291	-0.0312038
1048	T	0.126	-0.02888444
1049	C	0.239	-0.05218304
1050	C	0.425	-0.05482112
1051	C	0.426	-0.0668568
1052	T	0.124	-0.06236616
1053	T	-0.411	-0.05743017
1054	T	-0.195	-0.05380441
1055	T	-0.408	-0.07050397
1056	C	-0.066	-0.03137357
1057	A	0.112	-0.01110313
1058	C	0.063	0.01476639
1059	A	0.121	0.05091839
1060	G	0.353	0.08010003
1061	G	-0.144	0.08600391
1062	T	0.366	0.08972295
1063	T	-0.149	0.07094459
1064	T	-0.165	0.06069603
1065	T	0.065	0.06507059
1066	C	-0.339	0.09923843
1067	A	-0.533	0.1235309
1068	T	0.464	0.1581263
1069	C	0.314	0.1712347
1070	T	0.341	0.1667186
1071	C	0.431	0.1516103
1072	C	0.438	0.1467502
1073	T	0.274	0.1215817
1074	G	0.332	0.1089992
1075	G	-0.043	0.08863055
1076	T	0.170	0.1122606
1077	C	0.233	0.123208
1078	T	0.442	0.1334728
1079	C	0.411	0.1542238
1080	C	0.456	0.1771706
1081	C	0.261	0.1519206
1082	A	0	0.1481548
 1083	T	-0.314	0.1372929
1084	A	0	0.1216279
 1085	G	-0.276	0.09319681
1086	G	-0.458	0.07122321
1087	A	-0.142	0.04522201
1088	T	0.441	0.04934587
1089	C	0.107	0.04618132
1090	C	0.322	0.04752088
1091	A	0.179	0.04673988
1092	G	0.039	0.04009988
1093	G	-0.167	0.038814
1094	A	0.220	0.04769904
1095	T	0.069	0.05755444
1096	G	0.039	0.07069748
1097	A	-0.272	0.05073244
1098	G	-0.274	0.0604868
1099	T	-0.317	0.06131752
1100	A	0.059	0.06103452
1101	T	0.091	0.03403132
1102	C	0.267	0.0398322
1103	C	0.423	0.0411444
1104	T	0.245	0.04026584
1105	C	0.424	0.02585993
1106	C	0.483	0.03166563
1107	C	0.246	0.03679903
1108	A	0.014	0.04170309
1109	T	-0.499	0.05524092
1110	T	-0.032	0.04724212
1111	T	-0.437	0.05974395
1112	G	-0.149	0.08006243
1113	A	-0.233	0.0950555
1114	C	0.252	0.09887533
1115	C	0.355	0.08194241
1116	A	0.157	0.05406177
1117	G	-0.320	0.04652877
1118	T	-0.021	0.02580816
1119	T	0.349	0.00077004
1120	C	0.192	-0.02276312
1121	C	0.378	-0.01354744
1122	A	-0.472	0.01425948
1123	T	0.037	0.03065152
1124	C	0.190	0.05479144
1125	C	0.433	0.05578796
1126	C	0.186	0.05200092
1127	A	-0.155	0.0260652
1128	G	-0.273	-0.00261996
1129	T	0.057	-0.0295354
1130	A	-0.093	-0.01007816
1131	T	-0.142	-0.000381584
1132	G	-0.341	-0.000213744
1133	G	0.244	0.007176216
1134	A	0.196	0.01029158
1135	G	0.377	0.0169125
1136	C	0.165	0.000922432
1137	A	-0.124	-0.02145253
1138	G	-0.328	-0.05916321
1139	A	-0.395	-0.08626841
1140	T	-0.361	-0.09916689
1141	A	-0.515	-0.1044256
1142	T	0.166	-0.1256307
1143	C	0.220	-0.1178
1144	C	0.353	-0.09655428
1145	C	0.377	-0.09836392
1146	T	0.456	-0.09259712
1147	T	-0.307	-0.1112222
1148	G	-0.362	-0.1201745
1149	T	-0.368	-0.1123494
1150	A	-0.508	-0.09191344
1151	A	-0.491	-0.0609906
1152	A	-0.478	-0.03121052
1153	G	-0.405	0.00012208
1154	A	-0.472	0.01932626
1155	A	0.101	0.01201204
1156	C	0.388	0.00767436
1157	A	-0.387	0.00301628
1158	C	0.388	0.0021314
1159	A	-0.269	0.00114316
1160	G	0.153	0.0292794
1161	T	0.361	0.06140452
1162	C	0.386	0.09290548
1163	T	0.444	0.1261111
1164	C	0.348	0.1606652
1165	C	0.421	0.1790206
1166	A	-0.035	0.204169
1167	C	-0.016	0.2414253
1168	C	0.112	0.2559495
1169	A	0.236	0.2217507
1170	G	0.355	0.2288872
1171	C	0.431	0.2099916
1172	C	0.396	0.208713
1173	C	0.441	0.1835602
1174	A	0.418	0.1586833
1175	C	0.321	0.1511725
1176	C	0.372	0.1498427
1177	T	-0.019	0.1285263
1178	G	0.223	0.1043539
1179	C	0.458	0.1057716
1180	T	0.465	0.1016431
1181	T	-0.466	0.1098183
1182	T	-0.208	0.1133183
1183	T	-0.083	0.1164489
1184	A	-0.301	0.116027
1185	T	-0.475	0.1197005
1186	G	-0.260	0.0921463
1187	G	0.198	0.06521674
1188	T	0.411	0.06414538
1189	C	-0.183	0.0670841
1190	A	-0.182	0.06593597
1191	A	0	0.05890126
 1192	C	-0.119	0.0421681
1193	A	0.316	0.004213504
1194	G	0.324	0.04096502
1195	C	0.433	0.04410454
1196	C	0.421	0.05226764
1197	C	0.488	0.08129208
1198	T	-0.247	0.1137798
1199	A	-0.254	0.127227
1200	C	0.294	0.1239635
1201	C	0.446	0.1028995
1202	T	-0.048	0.1016947
1203	G	0.047	0.1003328
1204	A	0.040	0.1073782
1205	A	-0.483	0.122654
1206	T	0.452	0.1284944
1207	T	-0.130	0.1350406
1208	T	0.120	0.1263643
1209	C	0.424	0.1114487
1210	C	0.337	0.07131362
1211	A	0.075	0.06839262
1212	A	0.116	0.0692411
1213	C	-0.115	0.06127853
1214	A	-0.214	0.06117169
1215	T	-0.217	0.08150091
1216	T	0.176	0.09610034
1217	G	0.262	0.09758897
1218	C	0.462	0.1024744
1219	C	0.487	0.06725121
1220	T	0.216	0.05553441
1221	T	0.048	0.02915069
1222	T	-0.515	0.01119995
1223	T	-0.320	0.01042287
1224	G	-0.233	0.02133535
1225	A	0.095	0.03387063
1226	C	0.443	0.03974718
1227	C	0.460	0.0675087
1228	C	0.412	0.0671565
1229	A	0.077	0.04881606
1230	A	-0.361	0.03724988
1231	G	-0.427	0.03088936
1232	A	-0.423	0.02949
1233	A	-0.538	0.02663484
1234	A	-0.024	0.03476558
1235	C	0.317	0.04567358
1236	A	0.348	0.0559827
1237	C	0.430	0.04755046
1238	C	0.031	0.03434855
1239	T	0.479	0.03569691
1240	A	-0.225	0.03234079
1241	T	-0.282	0.009940992
1242	C	-0.027	0.01719099
1243	A	0.303	0.04167907
1244	C	0.452	0.06755495
1245	C	0.145	0.08017019
1246	T	0.251	0.09690307
1247	G	-0.242	0.1065496
1248	A	-0.063	0.1070708
1249	A	-0.443	0.1111805
1250	A	-0.234	0.08201422
1251	T	0.477	0.0610377
1252	C	0.376	0.0311839
1253	T	-0.147	0.05324674
1254	A	0.258	0.06755222
1255	G	0.250	0.06332743
1256	G	0.219	0.06438479
1257	G	-0.107	0.05720519
1258	T	-0.120	0.05891935
1259	T	0.216	0.05467107
1260	C	0.330	0.04856091
1261	C	0.451	0.02947235
1262	A	-0.299	0.02587159
1263	G	-0.492	0.04949571
1264	A	-0.266	0.03511811
1265	C	0.325	0.02440671
1266	A	0.075	0.01551635
1267	G	-0.132	-0.01319913
1268	G	0.329	-0.03335317
1269	C	0.273	-0.05566453
1270	A	0.187	-0.04540997
1271	T	0.145	-0.03136105
1272	C	-0.395	-0.03125361
1273	A	-0.540	-0.03613489
1274	A	-0.533	-0.04879089
1275	C	0.356	-0.01964913
1276	A	0.117	0.01919799
1277	G	0.108	0.04876463
1278	G	-0.369	0.02649111
1279	A	-0.459	0.00978144
1280	A	-0.253	0.0092966
1281	A	-0.338	-0.01946016
1282	C	0.148	-0.044541
1283	C	0.230	-0.06825744
1284	A	0.219	-0.08335068
1285	C	0.208	-0.0630666
1286	T	0.134	-0.02406692
1287	C	0.429	0.01185996
1288	T	0.478	0.01117864
1289	C	0.472	0.02041996
1290	T	-0.231	0.030689
1291	T	-0.342	0.05329904
1292	C	-0.144	0.09108368
1293	A	-0.389	0.08640092
1294	A	-0.353	0.08549852
1295	T	-0.404	0.07866088
1296	G	-0.232	0.07802236
1297	C	0.111	0.07577872
1298	C	0.434	0.07633604
1299	C	0.364	0.0777306
1300	T	0.338	0.07798804
1301	G	0.348	0.07699984
1302	T	0.365	0.0663004
1303	C	0.195	0.09256404
1304	T	0.485	0.1250318
1305	T	-0.370	0.1515096
1306	T	-0.361	0.1678588
1307	T	-0.022	0.1907493
1308	C	0.214	0.1998093
1309	T	0.163	0.2048503
1310	G	0.222	0.2047665
1311	G	0.169	0.1974625
1312	C	0.435	0.1977575
1313	C	0.453	0.1836981
1314	C	0.205	0.1866328
1315	A	0.425	0.1869939
1316	C	0.469	0.1908885
1317	C	0.517	0.1714658
1318	T	0.019	0.2030233
1319	A	0.218	0.2288122
1320	C	-0.178	0.2280573
1321	C	-0.106	0.2297857
1322	A	0.109	0.2232634
1323	C	0.252	0.2314345
1324	T	0.371	0.2105344
1325	G	-0.012	0.1942741
1326	C	0.422	0.1924669
1327	T	0.374	0.1929459
1328	T	0.292	0.1879814
1329	C	0	0.1826258
 1330	T	0.418	0.179701
1331	G	0.283	0.1837781
1332	C	-0.041	0.1715048
1333	A	0.257	0.1912249
1334	G	0	0.1770161
 1335	T	0.426	0.1629277
1336	C	-0.352	0.1399851
1337	A	0.029	0.1117912
1338	C	0.408	0.09269326
1339	C	0.217	0.06292462
1340	T	0.301	0.04071774
1341	C	0.335	0.03498138
1342	C	0.443	0.0382753
1343	A	0.121	0.01813416
1344	C	-0.088	-0.002358084
1345	T	0.314	0.006954836
1346	A	-0.461	0.01364932
1347	T	-0.242	0.03112988
1348	A	-0.321	0.02492916
1349	G	-0.333	0.05800188
1350	T	-0.489	0.07551552
1351	A	-0.321	0.07150772
1352	A	-0.181	0.06045771
1353	G	0.149	0.05110221
1354	C	0.082	0.04191729
1355	A	-0.084	0.02989277
1356	G	-0.228	0.02634717
1357	A	0.191	0.04325214
1358	C	0.425	0.0470767
1359	C	0.437	0.08248862
1360	C	0.271	0.09881062
1361	T	0.473	0.1255917
1362	C	0.467	0.1476663
1363	T	0.308	0.1696171
1364	T	-0.058	0.195112
1365	C	0.067	0.1992639
1366	A	0.105	0.1985068
1367	G	0.143	0.1892295
1368	A	0.032	0.1828539
1369	C	0.334	0.1996313
1370	T	0.410	0.2096039
1371	T	0.424	0.2104387
1372	G	0.165	0.2082219
1373	G	0.348	0.2131716
1374	C	0.218	0.211265
1375	A	0.058	0.2094284
1376	T	0.315	0.191869
1377	C	-0.077	0.1812042
1378	C	0.130	0.1665158
1379	A	-0.149	0.1414879
1380	A	-0.244	0.124534
1381	G	0.190	0.1202817
1382	C	0.440	0.1123949
1383	C	0.446	0.1027055
1384	T	0.381	0.09538918
1385	G	0.395	0.09340366
1386	C	0.426	0.07064146
1387	C	0.421	0.063337
1388	T	-0.130	0.05277246
1389	T	-0.325	0.02336658
1390	T	-0.299	0.008769976
1391	T	-0.519	-0.01528986
1392	A	-0.280	-0.002893024
1393	C	-0.073	-0.004376824
1394	T	0.137	-0.01905202
1395	C	0.167	-0.03382828
1396	T	0.241	-0.03913912
1397	G	0.115	-0.05980656
1398	A	-0.221	-0.06497844
1399	T	0.036	-0.07427012
1400	G	-0.205	-0.08720208
1401	A	-0.419	-0.08503834
1402	A	-0.442	-0.07491541
1403	A	-0.471	-0.07664417
1404	T	0.160	-0.05283042
1405	C	-0.281	-0.03889424
1406	A	-0.176	-0.03148816
1407	A	0.071	-0.04043929
1408	C	0.313	-0.04861924
1409	A	-0.135	-0.0440356
1410	T	0.266	-0.02961264
1411	G	0.193	-0.01364464
1412	G	0.098	-0.01798727
1413	A	-0.076	-0.02027131
1414	T	-0.072	0.002564768
1415	A	-0.342	0.03409065
1416	C	0.075	0.06732353
1417	C	0.067	0.07377873
1418	A	0.111	0.09637189
1419	T	-0.086	0.1130464
1420	G	-0.036	0.1213759
1421	C	0.355	0.1147805
1422	C	0.476	0.1314337
1423	C	0.178	0.1255857
1424	A	-0.072	0.1187656
1425	T	-0.262	0.1234622
1426	T	0.151	0.1110505
1427	T	0.345	0.1030292
1428	C	0.359	0.1216731
1429	C	0.321	0.1009925
1430	C	0.283	0.1069034
1431	C	0.240	0.1145014
1432	A	0.279	0.1267335
1433	T	0.148	0.145778
1434	C	0.281	0.1387368
1435	T	0.120	0.1029957
1436	G	0.023	0.09708924
1437	T	0.215	0.1154873
1438	T	-0.386	0.1315839
1439	A	-0.273	0.1408895
1440	T	0.123	0.1424199
1441	C	-0.441	0.1444501
1442	T	0.215	0.1487136
1443	T	0.301	0.1506284
1444	C	0.219	0.140447
1445	C	0.439	0.1229875
1446	T	0.179	0.1268414
1447	G	-0.417	0.1166169
1448	T	0.030	0.0975679
1449	C	0.387	0.100215
1450	T	0.140	0.1050684
1451	C	0.383	0.1029818
1452	T	0.384	0.0977698
1453	C	0.410	0.08228872
1454	C	0.428	0.08826688
1455	C	0.331	0.08853252
1456	T	-0.013	0.09247012
1457	G	-0.156	0.09396924
1458	C	0.244	0.09389708
1459	A	0.025	0.1039006
1460	A	-0.356	0.1318885
1461	T	0.089	0.1278195
1462	G	0.336	0.1115646
1463	T	-0.438	0.1000346
1464	T	-0.403	0.09250471
1465	A	-0.263	0.09103739
1466	A	-0.292	0.09464563
1467	C	0.222	0.08192851
1468	A	0.400	0.06139031
1469	G	0.256	0.04724288
1470	C	0.437	0.03252268
1471	T	0.429	0.00793104
1472	G	0.282	-0.003931056
1473	T	-0.071	-0.006555576
1474	T	-0.018	-0.02734614
1475	T	-0.148	-0.0434105
1476	C	0.195	-0.01310226
1477	C	0.347	0.01993682
1478	C	0.500	0.04566522
1479	T	0.110	0.06755342
1480	T	-0.182	0.07363418
1481	T	-0.367	0.06865482
1482	G	-0.524	0.06215885
1483	A	-0.370	0.05985189
1484	A	-0.270	0.045839
1485	G	-0.421	0.04506488
1486	A	-0.430	0.06253371
1487	A	-0.064	0.08106709
1488	C	0.318	0.09204813
1489	C	0.422	0.08255718
1490	T	0.379	0.0637323
1491	G	0.254	0.02949522
1492	G	0.374	0.006509616
1493	C	0.275	0.003491896
1494	A	0.094	0.005446456
1495	G	0.380	0.04091538
1496	C	0.079	0.0736207
1497	C	0.263	0.102235
1498	C	0.365	0.1264887
1499	C	0.444	0.1583754
1500	C	0.126	0.1795421
1501	A	-0.041	0.1729775
1502	G	-0.123	0.1527493
1503	A	-0.355	0.1300145
1504	A	-0.464	0.1198149
1505	A	-0.257	0.09034123
1506	T	-0.318	0.07525743
1507	C	0.361	0.07779856
1508	C	0.447	0.07788896
1509	T	0.444	0.08852033
1510	T	0.184	0.09673257
1511	C	0.366	0.09785901
1512	C	0.464	0.08508725
1513	T	0.154	0.08420877
1514	A	-0.083	0.09287161
1515	C	-0.189	0.1150504
1516	T	0	0.1415655
 1517	T	-0.362	0.1753349
1518	A	-0.101	0.1995304
1519	A	0.157	0.2144496
1520	C	0.382	0.2138802
1521	C	0.345	0.2051191
1522	T	0.468	0.2022529
1523	C	0.393	0.2114216
1524	T	0.125	0.1957289
1525	A	0.104	0.171273
1526	C	0.174	0.1445465
1527	T	0.431	0.1382409
1528	G	0.307	0.1532941
1529	C	0.379	0.1673642
1530	A	0.347	0.1890393
1531	G	0.054	0.1736323
1532	C	0.347	0.1503432
1533	C	0.228	0.1261764
1534	C	0.372	0.1072573
1535	T	0.413	0.07749382
1536	G	-0.025	0.05578706
1537	G	-0.147	0.06343762
1538	A	-0.513	0.07086622
1539	A	-0.240	0.0732461
1540	C	0.187	0.06451318
1541	C	0.351	0.0616589
1542	C	0.179	0.0628469
1543	A	-0.486	0.05444598
1544	A	-0.424	0.06401006
1545	T	-0.221	0.06695622
1546	G	-0.127	0.06157257
1547	A	-0.275	0.06297021
1548	C	-0.148	0.05446277
1549	A	0.316	0.06796458
1550	G	0.290	0.0918625
1551	C	0.234	0.1295733
1552	A	0.213	0.1484503
1553	C	0.236	0.160567
1554	C	0.409	0.1664826
1555	A	0.137	0.1621669
1556	C	0.293	0.175055
1557	T	0.421	0.1853969
1558	C	0.093	0.1976923
1559	A	0.407	0.2178308
1560	G	0.201	0.2484741
1561	G	0.312	0.2591536
1562	C	0.450	0.2309101
1563	A	0.429	0.2074141
1564	G	0.231	0.1939582
1565	C	0.490	0.1706874
1566	T	0.499	0.1466793
1567	T	0.071	0.1168071
1568	T	-0.164	0.1230362
1569	T	-0.165	0.1289141
1570	G	0.085	0.1298651
1571	G	0.375	0.1432275
1572	G	0.490	0.1439605
1573	A	0.117	0.1534717
1574	A	-0.389	0.150435
1575	T	-0.297	0.1333347
1576	T	-0.102	0.1080389
1577	T	-0.368	0.09275598
1578	G	-0.363	0.08581542
1579	A	-0.337	0.08394198
1580	C	0.292	0.09588152
1581	T	0.440	0.1180889
1582	C	0.445	0.1270839
1583	C	0.428	0.1423543
1584	C	0.426	0.1321902
1585	C	0.439	0.09473777
1586	C	0.236	0.09804569
1587	A	0.022	0.1043222
1588	T	-0.202	0.1153868
1589	G	-0.150	0.1242875
1590	T	0.316	0.1434302
1591	C	0.452	0.1761421
1592	C	0.369	0.2023843
1593	A	0.390	0.1955044
1594	C	0.059	0.1953725
1595	C	0.467	0.1892659
1596	T	0.121	0.1879671
1597	T	-0.445	0.1756372
1598	T	0.200	0.1488489
1599	G	-0.232	0.1461695
1600	G	-0.020	0.1640391
1601	C	0.120	0.1893118
1602	A	0.109	0.1981789
1603	T	0.453	0.1774442
1604	C	0.318	0.1448657
1605	T	0.120	0.1128363
1606	G	0.436	0.1010125
1607	C	0.292	0.08828601
1608	T	0.395	0.07147852
1609	A	0.117	0.05631344
1610	T	-0.230	0.08291768
1611	G	0.169	0.09411216
1612	G	0.469	0.09799716
1613	T	0.428	0.08037668
1614	T	0.070	0.08427612
1615	T	-0.201	0.089909
1616	G	-0.361	0.09204184
1617	A	-0.430	0.0720274
1618	A	0.095	0.04879608
1619	T	-0.258	0.0151844
1620	G	0.047	-0.0119632
1621	T	-0.257	-0.03724284
1622	G	0.219	-0.03159644
1623	T	0.480	-0.02151762
1624	C	-0.135	-0.0282901
1625	A	-0.461	-0.02665578
1626	A	0.217	-0.05060478
1627	C	0.250	-0.05725773
1628	C	0.507	-0.05199586
1629	A	-0.181	-0.05490894
1630	A	-0.459	-0.05745082
1631	A	-0.403	-0.080639
1632	T	-0.386	-0.08920776
1633	T	-0.236	-0.1088842
1634	T	0.258	-0.1131648
1635	C	0.021	-0.1421759
1636	G	0	-0.1439342
 1637	T	0.510	-0.1372875
1638	G	-0.169	-0.1019176
1639	T	-0.095	-0.1257755
1640	A	-0.070	-0.1527588
1641	T	-0.434	-0.1751343
1642	T	-0.494	-0.1581151
1643	A	-0.484	-0.1231649
1644	A	-0.473	-0.08954254
1645	A	-0.444	-0.06624874
1646	A	-0.364	-
1647	A	-0.505	-
1648	C	0.436	-
1649	T	0.030	-
1650	C	0.422	-
1651	A	-0.378	-
1652	A	-0.423	-
1653	T	-0.052	-
1654	C	0.244	-
1655	C	0.413	-
1656	C	0.437	-
1657	C	0.196	-
