1	G	0.093	-
2	C	0.196	-
3	C	0.426	-
4	A	0.027	-
5	G	0.397	-
6	C	0.381	0.1984723
7	T	-0.240	0.2087204
8	G	0.144	0.234424
9	T	0.263	0.2313567
10	C	0.360	0.2584896
11	G	0.132	0.2626616
12	G	0.206	0.2130837
13	G	0.479	0.2509382
14	C	0.392	0.2613029
15	A	0.325	0.2628986
16	C	0.443	0.2632308
17	T	-0.163	0.2896905
18	G	0.175	0.303363
19	A	0.258	0.2988912
20	C	0.281	0.3015745
21	T	0.364	0.302386
22	C	0.423	0.2735895
23	T	0.356	0.3082995
24	C	0.429	0.3390471
25	T	0.421	0.3199648
26	G	0.334	0.3387157
27	G	0.126	0.3334894
28	G	0.218	0.2987441
29	C	0.514	0.2525803
30	T	0.048	0.2401226
31	A	0.487	0.2432837
32	C	0.306	0.2503747
33	A	0.040	0.2290528
34	T	-0.151	0.235878
35	T	0.292	0.2201815
36	C	0.456	0.2172232
37	T	0.412	0.1773241
38	C	-0.107	0.1602481
39	C	0.293	0.1894457
40	C	0.341	0.1883966
41	G	0.016	0.1617703
42	T	0.048	0.1593586
43	G	0.118	0.1607025
44	G	0.362	0.210984
45	G	-0.162	0.2279209
46	T	0	0.228274
 47	T	0.430	0.1942376
48	C	0.427	0.1511885
49	T	0.445	0.1002082
50	C	0.479	0.02569309
51	T	0.345	0.053624
52	T	-0.357	0.08058164
53	T	-0.424	0.06037482
54	A	-0.441	0.04892218
55	A	-0.457	0.02704755
56	C	0.144	0.008858818
57	C	0.296	-0.03901818
58	C	0.207	-0.001278136
59	G	0.301	0.01816268
60	C	0.204	0.08735732
61	T	0.279	0.08793659
62	T	-0.181	0.05282486
63	G	0.057	-0.02323005
64	G	-0.211	-0.04212859
65	T	0.319	-0.04148295
66	T	-0.451	-0.03286241
67	T	-0.241	-0.08285386
68	C	-0.540	-0.05047795
69	A	0	-0.05117339
 70	C	0.308	-0.008267755
71	C	0.299	-0.008990755
72	G	-0.270	0.05829597
73	C	0.174	0.09558879
74	A	0.049	0.09830343
75	G	0.260	0.09609968
76	G	0.311	0.09260105
77	G	0.288	0.09463459
78	G	0.168	0.1495846
79	A	-0.510	0.156732
80	A	-0.024	0.1170783
81	T	0.269	0.05188035
82	G	0.322	-0.02147356
83	C	0.333	-0.0763862
84	T	0.253	-0.1254637
85	G	-0.386	-0.09918056
86	A	-0.456	-0.09915309
87	A	-0.495	-0.1334274
88	G	-0.315	-0.1528089
89	A	-0.371	-0.1867061
90	G	-0.221	-0.2437842
91	A	-0.023	-0.2305326
92	C	-0.107	-0.1973012
93	A	0.108	-0.1114989
94	C	-0.038	-0.09258498
95	A	-0.374	-0.02645953
96	A	-0.240	0.001205291
97	G	-0.090	-0.03847644
98	T	0.448	-0.02493731
99	G	-0.107	0.006443691
100	T	0.356	-0.01221572
101	T	0.083	0.01415814
102	T	-0.460	0.04794405
103	T	0.041	0.02725171
104	T	0.454	0.01765325
105	G	-0.244	0.02833643
106	T	-0.084	0.03795979
107	T	0.130	0.07158879
108	T	-0.318	0.1581535
109	T	0.342	0.1849246
110	C	0.010	0.1518923
111	T	0.462	0.132812
112	C	0.453	0.1035693
113	T	0.491	0.05335304
114	C	0.336	0.03376585
115	T	0.090	-0.03611742
116	T	-0.454	-0.08253259
117	A	-0.406	-0.1626883
118	A	-0.421	-0.2449256
119	A	-0.533	-0.2878512
120	A	-0.426	-0.2840574
121	A	-0.500	-0.3129232
122	A	-0.419	-0.2931928
123	T	-0.451	-0.2943129
124	A	0.019	-0.2990287
125	C	0.378	-0.2614134
126	A	-0.226	-0.1812764
127	G	-0.237	-0.1097044
128	A	-0.418	-0.05086529
129	A	-0.473	-0.03531829
130	A	-0.120	-0.07309791
131	C	0.455	-0.1306571
132	T	0.287	-0.06866818
133	G	0.227	-0.012335
134	T	-0.280	0.06152955
135	A	-0.395	0.1074558
136	A	-0.255	0.1625624
137	T	0.455	0.1471532
138	C	0.382	0.1185642
139	T	0.394	0.05924451
140	G	0.031	0.04808387
141	T	0.486	0.1238691
142	T	0.285	0.1493133
143	T	-0.027	0.1359582
144	T	-0.424	0.1196689
145	A	-0.403	0.1105603
146	C	0.437	0.124119
147	A	0.024	0.1209097
148	T	0.308	0.1328825
149	C	0.203	0.1260334
150	T	0.293	0.1966637
151	G	0.180	0.2636058
152	G	0.450	0.2119327
153	G	0.417	0.2347867
154	T	-0.102	0.2440135
155	C	0.351	0.2650755
156	T	0.333	0.2609275
157	G	-0.130	0.264721
158	A	0.276	0.2212568
159	C	0.409	0.1491042
160	T	0.435	0.1233012
161	G	0.248	0.09581505
162	C	0.222	0.02657169
163	A	-0.027	0.001029327
164	G	-0.376	-0.001262673
165	A	-0.386	-0.01255331
166	C	0.049	-0.05320496
167	A	-0.428	-0.04882787
168	A	-0.411	-0.0961356
169	G	0.251	-0.08448235
170	C	0.285	-0.03683599
171	A	-0.012	0.01736028
172	A	0.296	0.0441618
173	G	-0.297	0.09505998
174	A	0.100	0.1547213
175	G	0.148	0.1711914
176	C	0.209	0.1373917
177	G	0.344	0.1286454
178	G	0.131	0.06195597
179	G	0.244	0.08524165
180	C	0.432	0.03709328
181	G	-0.086	0.05935919
182	G	-0.108	0.0458332
183	A	-0.437	0.01581564
184	A	-0.041	0.01621009
185	T	-0.428	-0.0098835
186	G	0.393	-0.06909195
187	G	0.060	-0.1041492
188	A	0.014	-0.06314938
189	G	0.135	0.007532073
190	T	-0.042	0.03148558
191	G	-0.219	0.09274513
192	A	-0.472	0.07196476
193	T	0.342	0.05603039
194	G	0.340	0.01199359
195	G	0.221	-0.03598995
196	G	0.245	-0.01713455
197	C	0.164	0.04234091
198	A	-0.114	0.09019679
199	A	-0.470	0.09471906
200	T	-0.392	0.103433
201	C	0.164	0.1150058
202	C	0.435	0.07741006
203	A	0.054	0.0982827
204	G	0.392	0.116808
205	C	0.436	0.128858
206	T	0.349	0.126355
207	G	-0.168	0.09360568
208	C	0.394	0.0263895
209	A	0.089	0.01050035
210	A	-0.337	-0.03760484
211	G	-0.419	-0.04263911
212	A	-0.195	-0.03680402
213	A	-0.304	0.01236816
214	G	-0.120	-0.02969945
215	A	-0.136	-0.002719436
216	G	0.380	-5.761818e-05
217	G	0.413	-0.006957527
218	T	0.372	-0.0106148
219	G	-0.068	0.04305511
220	C	0.386	0.09027247
221	A	-0.308	0.1287022
222	T	-0.495	0.1330963
223	A	-0.235	0.1338905
224	C	0.286	0.1409366
225	C	0.399	0.1736281
226	C	0.286	0.1135591
227	C	0.429	0.1127317
228	T	0.422	0.1228194
229	C	0.449	0.1132844
230	T	0.290	0.1076204
231	G	-0.274	0.09832355
232	T	-0.317	0.05113618
233	A	-0.384	-0.002737636
234	G	-0.340	-0.03918705
235	A	0.223	-0.0537896
236	C	0.296	-0.0874533
237	A	-0.233	-0.1088776
238	G	-0.163	-0.09625803
239	C	0.021	-0.02709685
240	A	0.289	0.0318377
241	C	-0.079	0.03910352
242	A	-0.510	0.01353175
243	T	-0.178	0.05215938
244	C	0.376	0.09240911
245	T	0.307	0.1278208
246	G	0.303	0.09879391
247	T	0.015	0.1150937
248	G	0.191	0.192679
249	C	0.279	0.1985459
250	A	0.410	0.2093458
251	G	-0.030	0.1851162
252	G	0.099	0.143707
253	T	0.343	0.09576773
254	G	-0.114	0.04795864
255	T	0.494	0.000884
256	C	0.041	-0.03146751
257	T	-0.151	0.004487655
258	A	-0.511	0.0234178
259	A	-0.334	0.03030116
260	C	-0.238	0.07788371
261	A	0.054	0.0698308
262	G	0.365	0.09072613
263	C	0.308	0.1083757
264	C	0.418	0.181321
265	G	0.409	0.1728833
266	C	0.406	0.1506732
267	C	0.271	0.1166886
268	T	0.042	0.04148088
269	C	0.290	-0.01305994
270	A	-0.426	-0.09764512
271	T	-0.482	-0.1242388
272	G	-0.319	-0.2000739
273	G	-0.461	-0.2282371
274	A	-0.291	-0.2504715
275	A	-0.511	-0.2515897
276	G	0.116	-0.1745982
277	G	-0.427	-0.1197668
278	A	-0.038	-0.06850812
279	G	-0.202	-0.02469986
280	T	0.278	-0.0249015
281	C	0.420	-0.01221214
282	A	0.120	-0.04823086
283	T	0.244	0.008927318
284	G	0.020	0.01751892
285	G	-0.294	0.07961974
286	A	-0.371	0.03487146
287	A	-0.279	-0.01766154
288	G	0.200	-0.0672319
289	A	0.055	-0.07361435
290	C	0.480	-0.08414382
291	G	-0.213	-0.02462591
292	T	-0.157	0.04761527
293	T	-0.424	0.1114821
294	A	0.174	0.124151
295	G	-0.095	0.1367536
296	G	0.360	0.1034
297	C	0.422	0.1369395
298	C	0.423	0.1705358
299	C	0.340	0.2502051
300	C	0.194	0.1879489
301	T	0.114	0.1775642
302	C	0.154	0.1372563
303	C	0.211	0.1191755
304	A	0.451	0.09697144
305	G	-0.510	0.06771973
306	T	-0.209	0.04835524
307	T	-0.082	0.07137051
308	G	0.223	0.07929324
309	G	0.178	0.03428196
310	G	0.018	0.008503418
311	A	-0.018	0.01999133
312	T	0.367	0.08013515
313	C	0.242	0.1069479
314	A	-0.283	0.1043474
315	A	0.167	0.1049336
316	G	-0.383	0.1304083
317	C	0.451	0.1290967
318	A	0.212	0.07147008
319	A	0.195	0.03131917
320	C	0.185	0.04691572
321	T	0.298	0.06276254
322	G	-0.032	0.1059869
323	A	-0.266	0.07592956
324	T	-0.199	0.09825511
325	G	-0.111	0.1174803
326	C	0.342	0.1358718
327	A	0.091	0.1102865
328	A	0.120	0.0732719
329	G	0.457	0.1052967
330	C	0.406	0.1062173
331	T	0.387	0.1444217
332	T	0.017	0.1521739
333	T	-0.440	0.172397
334	G	0.085	0.1271582
335	G	-0.189	0.03793175
336	A	0.308	-0.04246597
337	C	0.427	-0.09330879
338	C	0.314	-0.1273008
339	A	-0.376	-0.1262717
340	A	-0.523	-0.1527384
341	A	-0.477	-0.1631025
342	T	-0.171	-0.1824604
343	G	-0.356	-0.2347086
344	A	-0.428	-0.2395968
345	A	-0.205	-0.1832755
346	A	-0.303	-0.134664
347	C	0.095	-0.05413836
348	A	-0.147	-0.03326761
349	T	0.260	-0.02761788
350	T	0.242	-0.0271087
351	T	0.011	-0.04839606
352	C	0.408	-0.04214388
353	A	0.057	-0.009924455
354	A	-0.294	0.02246455
355	G	-0.423	0.03926927
356	A	-0.439	0.06493764
357	A	-0.234	0.07490003
358	C	0.449	0.03444405
359	T	0.208	0.06774721
360	C	0.445	0.08427785
361	A	0.525	0.08131985
362	G	0.120	0.1277857
363	A	-0.036	0.1084373
364	T	0.424	0.02745179
365	T	-0.112	-0.02424194
366	G	-0.455	-0.1121495
367	T	0.071	-0.1831571
368	A	-0.447	-0.1696982
369	A	-0.440	-0.1260064
370	A	-0.359	-0.15364
371	A	-0.521	-0.1803752
372	T	-0.255	-0.1336643
373	C	0.268	-0.1666733
374	A	0.443	-0.1117359
375	C	0.120	-0.03215835
376	A	-0.406	0.02041446
377	A	0.058	0.08436765
378	T	-0.291	0.1350988
379	C	0.156	0.1399761
380	A	0.434	0.092301
381	G	0.218	0.09831464
382	C	0.181	0.1228413
383	T	0.302	0.09054863
384	G	0.322	0.07478072
385	G	-0.080	0.04248545
386	A	0.186	-0.04499865
387	G	-0.136	-0.02890128
388	G	-0.297	-0.03592828
389	A	-0.465	-0.09394619
390	A	-0.198	-0.108519
391	T	-0.527	-0.08426055
392	T	0.395	-0.068048
393	C	0.104	-0.02626173
394	G	-0.335	-0.007324464
395	G	0.161	0.03496245
396	A	0.186	0.09263926
397	T	0.364	0.1406313
398	C	0.322	0.1222837
399	T	-0.088	0.1306468
400	G	0	0.1794311
 401	C	0.436	0.1877585
402	A	0	0.1918241
 403	T	0.193	0.1950453
404	C	0.196	0.1907031
405	T	0.200	0.2424319
406	G	0.253	0.2760713
407	G	0.230	0.2078781
408	C	0.400	0.159062
409	C	0.274	0.1231309
410	C	0.480	0.06965636
411	A	0.370	0.02434782
412	G	-0.314	-0.004428882
413	A	-0.536	0.01305539
414	A	-0.201	-0.02042994
415	G	-0.391	-0.0541257
416	A	-0.297	-0.08037461
417	A	-0.062	-0.129695
418	C	0.423	-0.1357391
419	A	0.031	-0.1157151
420	T	-0.095	-0.0783667
421	T	0.191	-0.02604106
422	T	-0.172	0.01363785
423	T	-0.380	0.02208982
424	T	-0.316	0.003961
425	G	0.209	-0.0003161636
426	A	0.183	0.05319405
427	G	0.138	0.0853036
428	G	0.030	0.09022805
429	A	0.223	0.08297342
430	T	-0.015	0.0692326
431	C	0.492	0.04462076
432	T	0.544	-0.006101782
433	T	-0.118	-0.06769887
434	T	-0.460	-0.1091762
435	T	-0.467	-0.1595614
436	G	-0.061	-0.1688263
437	A	-0.374	-0.2248271
438	A	-0.538	-0.2297369
439	A	-0.426	-0.2115363
440	G	-0.330	-0.1644841
441	T	-0.117	-0.1006806
442	A	-0.123	-0.1149269
443	T	0.490	-0.1294618
444	C	0.081	-0.09989192
445	A	0.057	-0.09248319
446	C	0.233	-0.07227246
447	T	-0.217	-
448	A	-0.534	-
449	A	-0.213	-
450	G	-0.344	-
451	A	-0.108	-
