1	C	0.365	-
2	C	0.436	-
3	C	0.332	-
4	T	0.525	-
5	T	0.142	-
6	T	-0.027	0.2104755
7	T	-0.376	0.1647394
8	C	-0.250	0.08851687
9	A	0.364	0.05830222
10	C	0	0.02427755
 11	A	0.515	0.009046533
12	C	0.499	-0.0008900833
13	A	-0.183	0.00077875
14	T	-0.478	0.02914287
15	T	-0.030	0.02936879
16	G	0.117	0.06684187
17	G	-0.040	0.02115024
18	A	-0.146	-0.01221242
19	T	-0.356	0.02607966
20	T	0.089	0.09055232
21	C	0.366	0.1106501
22	C	0.449	0.1379716
23	A	-0.033	0.1793275
24	C	0.098	0.1738087
25	T	0.276	0.1692633
26	T	0.295	0.1394664
27	G	0.210	0.1486813
28	C	0.445	0.1158151
29	C	0.456	0.156751
30	T	-0.213	0.1871471
31	A	-0.410	0.2010065
32	A	-0.268	0.1920732
33	T	0.477	0.1957074
34	C	0.055	0.1449985
35	T	0.458	0.09036052
36	C	0.463	0.08552302
37	T	0.442	0.09741877
38	G	0.188	0.1593153
39	T	0.254	0.1154524
40	G	-0.163	0.1300356
41	A	-0.199	0.09637878
42	T	-0.271	0.08332278
43	G	-0.268	0.03901278
44	C	0.474	0.006361867
45	A	-0.048	-0.05512355
46	T	0.230	-0.06996822
47	A	0.054	-0.06828888
48	C	0.306	-0.06179563
49	C	-0.089	-0.0085018
50	A	-0.203	-0.01042522
51	A	-0.483	0.03095279
52	A	-0.341	0.04664279
53	A	-0.179	0.07183933
54	A	-0.193	0.00690875
55	C	0.371	0.02333908
56	T	0.451	0.06415317
57	C	0.447	0.09549992
58	C	0.418	0.1593371
59	A	0.356	0.1870847
60	G	-0.472	0.2370494
61	G	0.108	0.1737419
62	A	0.286	0.1004689
63	A	-0.107	0.02437042
64	G	0.424	-0.02394967
65	C	0.153	-0.04251908
66	T	0.406	0.01619142
67	T	-0.388	0.03611225
68	A	-0.427	0.04822017
69	A	-0.465	0.04640283
70	T	-0.161	-0.003867833
71	C	0.133	-0.06023275
72	A	0.232	-0.1350052
73	G	0.347	-0.1394488
74	C	0.431	-0.1353692
75	C	-0.129	-0.1303018
76	A	-0.178	-0.1431357
77	A	-0.522	-0.1195223
78	A	-0.490	-0.1115837
79	A	-0.441	-0.1638887
80	G	-0.378	-0.2234435
81	A	-0.404	-0.1774514
82	A	-0.315	-0.1327478
83	C	0.417	-0.07855825
84	T	0.327	-0.03599278
85	G	-0.280	0.0101688
86	A	-0.283	0.01985688
87	G	0.422	0.03537205
88	G	0.357	0.02084222
89	G	0.127	-0.04740237
90	G	0.019	-0.0430232
91	A	0.112	0.0104828
92	C	-0.262	0.06996488
93	A	-0.218	0.04808388
94	A	-0.489	-0.004714117
95	G	-0.401	-0.005920283
96	T	0.380	0.02533533
97	C	0.361	0.02973033
98	C	0.430	0.01959158
99	A	0.160	0.02471233
100	C	-0.275	0.08457175
101	T	0.112	0.1348922
102	C	0.394	0.1254551
103	T	0.165	0.1349779
104	A	-0.384	0.08546467
105	T	-0.157	0.02943908
106	G	0.228	0.04442143
107	G	0.202	0.04704327
108	C	0.266	0.01952268
109	C	0.475	0.03650576
110	A	-0.163	0.08379517
111	A	-0.512	0.07874809
112	A	-0.096	0.02385309
113	T	0.144	-0.03598082
114	G	0.064	-0.04949974
115	C	0.368	-0.09520967
116	A	0.183	-0.07609873
117	T	-0.217	-0.05947648
118	T	-0.430	-0.08989242
119	A	-0.516	-0.1373439
120	A	0.104	-0.1839592
121	C	-0.072	-0.2405811
122	T	0.065	-0.2993322
123	G	-0.312	-0.2984547
124	A	-0.461	-0.2639422
125	A	-0.425	-0.2459906
126	A	-0.494	-0.2517667
127	G	-0.310	-0.256489
128	A	-0.521	-0.2818117
129	G	-0.207	-0.2389131
130	A	-0.015	-0.1679204
131	G	-0.300	-0.1095349
132	C	0.035	-0.02758677
133	A	-0.129	0.03389973
134	A	-0.238	0.09075189
135	T	0.202	0.1395049
136	C	0.390	0.1347659
137	T	0.275	0.1202945
138	T	0.488	0.0825433
139	C	0.427	0.05560947
140	A	0.160	0.03770838
141	C	0.377	0.008187467
142	T	-0.072	0.006993883
143	G	-0.474	0.009246883
144	A	-0.417	-0.0625117
145	A	-0.452	-0.1344635
146	A	-0.452	-0.1700092
147	A	-0.152	-0.238876
148	C	0.376	-0.2067317
149	C	0.302	-0.1693382
150	A	-0.372	-0.129509
151	A	-0.436	-0.07619937
152	A	-0.266	-0.08029896
153	G	-0.448	-0.08731679
154	T	0.312	-0.1186865
155	T	-0.025	-0.1622054
156	A	0.060	-0.1180868
157	T	0.187	-0.1158335
158	T	-0.502	-0.1309389
159	T	-0.236	-0.1317986
160	C	0	-0.1445145
 161	A	-0.219	-0.1178982
162	A	0.157	-0.1334747
163	A	-0.409	-0.1623378
164	G	-0.447	-0.08177242
165	A	-0.458	-0.08807175
166	T	0.160	-0.08943519
167	T	0.293	-0.1106999
168	G	-0.126	-0.158372
169	A	-0.159	-0.1651072
170	G	0.464	-0.1706396
171	G	-0.311	-0.09118311
172	A	-0.016	-0.08300177
173	T	-0.474	-0.1252979
174	A	-0.415	-0.07899669
175	A	-0.490	-0.04042486
176	A	-0.513	-0.09432119
177	C	0.494	-0.08852377
178	T	0.258	-0.05249125
179	T	-0.213	-0.02577408
180	C	0.428	0.01164012
181	C	0.303	0.05743433
182	A	-0.182	0.0790185
183	A	-0.242	-0.003414417
184	G	0.416	-0.06241175
185	G	-0.154	-0.08048558
186	A	0.033	-0.1408551
187	T	0.059	-0.1819733
188	T	-0.254	-0.1455043
189	A	-0.494	-0.09494967
190	T	-0.449	-0.1421318
191	T	-0.430	-0.1676232
192	A	-0.295	-0.206349
193	A	-0.189	-0.1827935
194	C	0.255	-0.1604827
195	C	0.364	-0.07870232
196	T	-0.150	-0.03152107
197	A	-0.460	0.04405052
198	A	-0.430	0.03363635
199	T	0.342	0.0158426
200	G	0.013	-0.04523707
201	G	0.486	-0.1002946
202	C	0.116	-0.1183974
203	A	0.476	-0.1054601
204	T	-0.420	-0.05770807
205	A	-0.403	-0.05537323
206	A	-0.477	-0.02491117
207	T	-0.296	-0.03995725
208	T	-0.367	-0.01124633
209	A	-0.304	-0.01772925
210	T	0.142	0.0388655
211	T	0.370	0.055981
212	C	0.378	0.0873155
213	T	0.306	0.1034876
214	G	0.461	0.1524118
215	C	0.398	0.1851715
216	A	0.258	0.1645612
217	T	-0.197	0.1068425
218	G	-0.101	0.03178638
219	A	-0.102	-0.03098612
220	T	0.219	-0.1063138
221	T	0.088	-0.1660227
222	C	-0.105	-0.2273703
223	T	-0.322	-0.1857443
224	A	-0.522	-0.1408642
225	A	-0.446	-0.09570078
226	A	-0.442	-0.07682437
227	G	-0.318	-0.04808133
228	A	-0.477	-0.00601125
229	T	0.301	0.02085633
230	C	0.437	0.0709734
231	C	0.439	0.06492898
232	T	0.446	0.08521007
233	C	0.433	0.1314905
234	T	0.399	0.1856057
235	C	0	0.1952966
 236	T	0.079	0.1953016
237	A	-0.519	0.1255115
238	A	-0.199	0.1140006
239	G	0.237	0.1051227
240	T	0.171	0.07863262
241	T	0.417	0.05752512
242	C	0.437	0.03310322
243	A	-0.397	0.1009824
244	T	0.308	0.1113328
245	C	0.326	0.08970634
246	A	0.081	0.09970517
247	A	-0.253	0.03639934
248	G	-0.213	-0.007238208
249	T	0.295	-0.005787875
250	C	-0.075	-0.002869708
251	A	-0.022	-0.05371871
252	T	0.291	-0.02612985
253	C	-0.341	-0.01949702
254	A	-0.086	-0.00891755
255	T	-0.380	-0.009051217
256	G	0.343	-0.03022046
257	T	-0.283	-0.02002858
258	T	0.412	-0.04434583
259	T	-0.173	-0.01035621
260	G	-0.086	0.01892284
261	A	0.293	0.08810059
262	A	-0.329	0.07919059
263	C	0.100	0.1199985
264	A	0	0.06599776
 265	T	0.066	0.07647503
266	T	0.265	0.09147175
267	C	0.449	0.08177233
268	T	0.236	0.1337105
269	A	0.206	0.1533986
270	G	-0.235	0.1892723
271	T	-0.047	0.2202415
272	G	0.093	0.2263916
273	G	0.177	0.2083897
274	T	0.294	0.2295096
275	C	0.336	0.2557625
276	C	0.430	0.2629922
277	C	0.437	0.2212308
278	T	0.338	0.2439962
279	G	0.233	0.2381442
280	C	0.489	0.2213653
281	A	0.521	0.2146951
282	T	-0.148	0.2095555
283	T	-0.549	0.1995376
284	A	0.366	0.2022562
285	C	0.106	0.1665478
286	T	0.092	0.1257457
287	A	0.256	0.1200001
288	G	0.368	0.1542605
289	C	0.317	0.2045995
290	T	0.371	0.1493746
291	G	-0.194	0.1642835
292	A	0	0.1717766
 293	C	0.452	0.141683
294	T	0.262	0.1167745
295	G	0.054	0.06881785
296	G	-0.296	0.02694918
297	A	0.285	0.00643835
298	G	0.182	-0.0361759
299	A	-0.104	-0.09974582
300	G	0.069	-0.1492256
301	T	-0.258	-0.1878193
302	T	-0.131	-0.1863148
303	G	-0.441	-0.2379498
304	A	-0.511	-0.2905334
305	A	-0.310	-0.2776143
306	A	-0.330	-0.2959408
307	G	-0.408	-0.3029348
308	A	-0.278	-0.3301192
309	A	-0.333	-0.3121986
310	A	-0.448	-0.276108
311	A	0.050	-0.2643547
312	T	-0.150	-0.2346089
313	G	-0.341	-0.1940833
314	A	-0.457	-0.1654446
315	A	-0.225	-0.1185741
316	G	-0.078	-0.08385202
317	G	-0.169	-0.1132539
318	A	0.025	-0.1098013
319	G	0.078	-0.09323367
320	G	0.065	-0.06509917
321	T	0.228	-0.03845543
322	T	-0.031	-0.02439203
323	T	-0.302	-0.03592886
324	T	-0.108	-0.02541541
325	G	-0.143	-0.01920715
326	A	-0.119	0.005868967
327	C	0.093	0.02891913
328	T	0.090	0.03400913
329	G	-0.307	0.1018673
330	G	0.152	0.1352377
331	T	0.152	0.1773975
332	C	0.366	0.1904628
333	G	0.505	0.2254105
334	G	0.029	0.2254997
335	T	0.511	0.2524582
336	C	0.291	0.2749368
337	A	0.362	0.2447142
338	C	0.037	0.2468782
339	A	0.513	0.2371793
340	C	0.091	0.2773395
341	A	0.015	0.2560139
342	C	0.421	0.2610727
343	A	-0.210	0.2308399
344	G	0.392	0.2482136
345	T	0.388	0.2322553
346	C	0.511	0.2246264
347	T	0.255	0.2376328
348	T	0.352	0.1711042
349	C	0	0.1512822
 350	A	0.245	0.07546683
351	C	0.321	0.04306633
352	T	0	0.01191758
 353	G	0.171	0.0134875
354	A	-0.376	-0.007993375
355	G	-0.447	-0.02891296
356	A	-0.517	-0.07748479
357	A	0	-0.1297307
 358	G	0.137	-0.1676957
359	C	0.274	-0.1819951
360	T	0.094	-0.1469006
361	A	-0.251	-0.07770798
362	G	-0.337	0.0005507667
363	T	-0.305	0.01780535
364	A	-0.455	0.007730383
365	T	0	0.02084772
 366	T	0.044	0.05068659
367	C	0.382	0.1043543
368	C	0.421	0.1633236
369	T	0.207	0.2308428
370	C	0.016	0.2344431
371	T	0.432	0.2314327
372	T	0.452	0.1934822
373	C	0.392	0.1245813
374	T	0.370	0.05630134
375	T	0.504	0.004664925
376	C	-0.412	-0.03597986
377	A	-0.036	-0.1146726
378	A	-0.410	-0.1883252
379	C	-0.444	-0.2473454
380	A	-0.397	-0.30937
381	A	-0.412	-0.382846
382	A	-0.471	-0.3766739
383	A	-0.512	-0.4128301
384	A	-0.430	-0.4133895
385	A	-0.315	-0.380757
386	G	-0.373	-0.3123518
387	A	-0.376	-0.2648102
388	A	-0.338	-0.2229712
389	A	-0.469	-0.2003788
390	A	-0.417	-0.2025185
391	T	-0.052	-0.211895
392	T	0.423	-0.2167026
393	C	0.157	-0.2183594
394	A	0.031	-0.1921897
395	T	-0.241	-0.1758056
396	A	-0.456	-0.1775952
397	A	-0.427	-0.2072418
398	A	-0.431	-0.2867078
399	A	-0.396	-0.2605579
400	T	-0.024	-0.2441525
401	G	-0.273	-0.2479831
402	A	-0.438	-0.169726
403	A	-0.408	-0.1516132
404	A	-0.530	-0.1203962
405	T	0.471	-0.1194126
406	C	0.227	-0.1443113
407	T	-0.287	-0.134922
408	A	0.482	-0.06768386
409	C	-0.210	-0.04074548
410	A	-0.056	-0.01374182
411	T	-0.384	-0.0287324
412	A	-0.323	-0.04772265
413	A	-0.160	0.01605485
414	T	0.367	-0.04724607
415	T	-0.085	-0.009120817
416	G	-0.206	0.03513496
417	C	0.291	0.1100055
418	A	0	0.127687
 419	T	0.478	0.116197
420	C	-0.277	0.05584504
421	T	0.247	0.05657733
422	C	0.474	0.09470642
423	C	0.513	0.0984945
424	T	-0.110	0.1369809
425	A	-0.298	0.0898605
426	A	-0.356	0.1010626
427	G	-0.076	0.05226658
428	G	0.251	0.02898958
429	A	0.337	-0.05185783
430	T	0.461	-0.05658208
431	T	-0.087	-0.02591874
432	A	-0.142	-0.006958658
433	T	-0.338	-0.04476391
434	T	0.194	-0.04601466
435	G	-0.456	-0.03548591
436	G	-0.167	-0.08218553
437	A	0.069	-0.07331408
438	A	-0.128	-0.03689492
439	G	-0.530	-0.04687175
440	A	0.236	-0.099806
441	C	0.463	-0.09972533
442	T	-0.098	-0.129837
443	A	0.019	-0.1778781
444	C	0.294	-0.1609771
445	A	-0.458	-0.120807
446	A	-0.440	-0.1650017
447	T	-0.455	-0.2057189
448	A	-0.528	-0.2073799
449	A	-0.507	-0.2306231
450	A	0.074	-0.2419794
451	G	-0.048	-0.2192211
452	C	-0.294	-0.1937855
453	A	-0.024	-0.1315175
454	T	-0.118	-0.09545402
455	T	-0.259	-0.0881351
456	T	0.158	-0.1057217
457	T	-0.185	-0.09035422
458	G	-0.135	-0.07157012
459	T	0.291	-0.1006836
460	C	-0.096	-0.1330169
461	A	-0.419	-0.1042413
462	A	-0.136	-0.1573952
463	A	0.136	-0.1486709
464	T	-0.068	-0.1604605
465	G	-0.374	-0.188442
466	A	-0.506	-0.1629744
467	A	0.085	-0.1014796
468	T	-0.479	-0.09996997
469	G	-0.080	-0.1165757
470	T	-0.276	-0.1179752
471	G	-0.044	-0.08358131
472	C	0.209	-0.07557347
473	T	0.318	-0.09541365
474	G	-0.118	-0.09912048
475	A	-0.062	-0.1367667
476	G	-0.085	-0.154148
477	G	0.038	-0.1707293
478	T	-0.410	-0.2272063
479	A	-0.152	-0.2700312
480	A	-0.524	-0.3002381
481	A	-0.532	-0.3326696
482	A	-0.485	-0.3577437
483	G	-0.243	-0.3962353
484	A	-0.468	-0.3999626
485	A	-0.195	-0.4160135
486	A	-0.481	-0.4123534
487	A	-0.452	-0.4036177
488	T	-0.386	-0.3941851
489	A	-0.423	-0.3828226
490	A	-0.455	-0.3452645
491	A	-0.345	-0.3633102
492	T	-0.480	-0.358488
493	A	-0.427	-0.3417094
494	A	-0.372	-0.335443
495	A	-0.106	-0.3304161
496	C	-0.017	-0.3248148
497	A	-0.411	-0.307813
498	A	-0.423	-0.3005384
499	A	-0.250	-0.2997463
500	T	-0.311	-0.3008509
501	A	-0.363	-0.3195126
502	A	-0.387	-0.3293153
503	T	-0.141	-0.2905449
504	T	-0.393	-0.2743413
505	A	-0.417	-0.2460063
506	A	-0.385	-
507	A	-0.330	-
508	T	-0.135	-
509	G	0.053	-
510	G	-0.229	-
511	A	0.089	-
