1	T	-0.219	-
2	T	-0.359	-
3	A	-0.486	-
4	A	-0.529	-
5	A	-0.466	-
6	G	-0.440	-
7	T	-0.231	-
8	A	0.036	-
9	C	0.138	-
10	C	0.376	-
11	A	0.403	-
12	T	0.158	-
13	C	0.120	-
14	C	0.156	-
15	T	0.155	-
16	A	-0.136	-
17	G	0.454	-
18	C	0.468	-0.05359739
19	A	-0.077	-0.06023012
20	C	0.038	-0.05831542
21	A	0.089	-0.05679576
22	T	-0.337	-0.05290076
23	A	-0.254	-0.02955845
24	G	-0.415	-0.02156287
25	T	-0.513	-0.008329089
26	A	0.437	0.004116108
27	G	0.160	0.01441961
28	A	-0.254	0.007110831
29	T	0.255	0.0006337194
30	G	-0.149	-0.01218942
31	C	0.391	-0.0286747
32	T	0.101	-0.04086934
33	T	-0.109	-0.04586308
34	A	-0.414	-0.05657381
35	A	-0.355	-0.08134603
36	T	-0.120	-0.104507
37	T	-0.458	-0.1164175
38	A	-0.290	-0.1324737
39	A	-0.431	-0.1413069
40	A	-0.389	-0.1303931
41	A	0.374	-0.1114121
42	T	-0.152	-0.09622248
43	G	0.244	-0.07661362
44	T	0.484	-0.0813104
45	C	0.509	-0.08799732
46	T	0.113	-0.08297339
47	A	0.169	-0.08344134
48	T	-0.303	-0.07050431
49	G	-0.472	-0.08477345
50	A	-0.282	-0.07924872
51	A	-0.024	-0.07246339
52	G	-0.521	-0.06341332
53	A	-0.437	-0.0397139
54	A	-0.365	-0.02380301
55	G	-0.506	-0.01872043
56	A	-0.539	-0.002226872
57	A	-0.228	0.01241056
58	G	0.055	0.03122237
59	G	0.429	0.02713465
60	G	0.131	0.04422587
61	G	0.192	0.04820129
62	T	0.268	0.04861809
63	C	-0.080	0.03950487
64	A	-0.074	0.04218531
65	A	0.238	0.04582831
66	T	0.316	0.04851845
67	T	-0.122	0.04832162
68	C	0.300	0.04416659
69	T	0.134	0.05590703
70	G	-0.089	0.06842065
71	T	0.497	0.08548004
72	C	0.452	0.1045829
73	A	-0.275	0.1269521
74	C	0.302	0.1467874
75	T	0.095	0.1465051
76	T	0.287	0.1327053
77	G	0.227	0.1197752
78	G	0.462	0.1093888
79	C	0.387	0.1104386
80	A	0.499	0.1110612
81	T	0.181	0.1255828
82	T	0.210	0.1370858
83	C	0.301	0.1423912
84	A	-0.206	0.1280329
85	G	-0.479	0.1265686
86	A	-0.431	0.1055975
87	T	0.398	0.08708616
88	T	-0.071	0.08105369
89	C	0.176	0.06342811
90	C	0.322	0.06029497
91	C	0.299	0.07736675
92	T	0.174	0.07383016
93	T	-0.238	0.07590145
94	T	-0.441	0.07606587
95	T	-0.036	0.08066776
96	T	-0.242	0.07733314
97	G	0.229	0.07479489
98	C	0.290	0.06403551
99	T	0.442	0.05061459
100	C	0.340	0.0302367
101	A	0.429	0.00720895
102	C	-0.200	8.106111e-05
103	T	-0.175	0.005703117
104	A	-0.454	0.004700811
105	T	-0.531	-0.009754494
106	A	-0.306	0.002886692
107	G	-0.136	-0.01473495
108	C	0.339	-0.03298617
109	C	0.339	-0.05444064
110	T	0.175	-0.06860906
111	T	0.169	-0.0604549
112	C	0.293	-0.03788268
113	C	0.392	-0.03915718
114	A	0.342	-0.03841146
115	C	0.296	-0.05297201
116	T	0.111	-0.06408763
117	T	-0.301	-0.07430368
118	T	-0.523	-0.07545829
119	A	-0.527	-0.07519518
120	A	-0.462	-0.05638198
121	G	-0.277	-0.03802287
122	A	-0.468	-0.02801922
123	A	-0.121	-0.009237025
124	G	0.383	-0.01411908
125	A	-0.457	-0.02127791
126	G	-0.334	-0.04029269
127	A	-0.473	-0.05119111
128	A	-0.335	-0.04499116
129	C	0.055	-0.04706231
130	C	0.370	-0.05594052
131	A	-0.082	-0.0718138
132	A	-0.215	-0.0776846
133	C	-0.294	-0.08761918
134	A	-0.109	-0.08857869
135	T	0.074	-0.08019433
136	C	0.298	-0.06836066
137	C	0.439	-0.04083169
138	C	0.476	-0.01525464
139	T	0.485	0.0006328917
140	G	-0.094	0.02193722
141	T	0.144	0.02714845
142	T	-0.481	0.005556314
143	G	-0.394	0.007590925
144	A	-0.344	0.01972034
145	A	-0.052	0.03571287
146	C	0.398	0.05498951
147	T	0.095	0.06210771
148	G	-0.025	0.0592733
149	G	-0.178	0.07315813
150	A	0.131	0.09112819
151	T	-0.061	0.1012909
152	T	0.077	0.1081941
153	C	0	0.107549
 154	A	-0.097	0.1044799
155	T	0.463	0.08143047
156	C	0.457	0.07086354
157	T	0.294	0.05463461
158	G	0.298	0.06496121
159	C	0.065	0.0729446
160	A	-0.393	0.09886643
161	A	-0.384	0.1161044
162	A	0.101	0.1321749
163	C	0.102	0.145965
164	C	0.358	0.1458641
165	A	0.311	0.1530967
166	G	0.268	0.1524072
167	G	0.417	0.1633933
168	C	0.430	0.1564611
169	C	0.071	0.1705957
170	A	0.138	0.1740804
171	G	0.051	0.1826126
172	C	0.188	0.1897469
173	A	-0.390	0.188882
174	A	0.096	0.1896947
175	T	-0.098	0.1760207
176	C	0.277	0.1723698
177	C	0.431	0.1737582
178	T	0.451	0.195541
179	G	0.225	0.2038161
180	G	0.233	0.1933063
181	C	0.443	0.1907415
182	T	0.395	0.17617
183	C	0.355	0.1772873
184	A	-0.050	0.1802097
185	G	0.216	0.1769733
186	G	-0.118	0.1741935
187	C	0.447	0.167541
188	A	0.202	0.1512923
189	G	0.307	0.1573775
190	G	0.159	0.1644543
191	C	0.432	0.1873811
192	C	0.487	0.1758638
193	T	-0.197	0.1703138
194	T	0.167	0.1522292
195	C	0.115	0.134035
196	C	0.390	0.1142028
197	A	-0.086	0.1047742
198	G	-0.276	0.1049657
199	G	0.010	0.09885402
200	A	-0.166	0.1026347
201	G	0.351	0.09360366
202	G	0.374	0.08065838
203	G	0.301	0.06074118
204	C	0.330	0.05779743
205	A	-0.167	0.03623651
206	A	-0.445	0.0266236
207	A	0.270	0.01117574
208	C	0.442	-0.008455736
209	T	0.434	-0.02698568
210	G	-0.318	-0.03314604
211	T	-0.298	-0.0165489
212	A	-0.373	-0.01450699
213	T	-0.223	-0.02049682
214	A	-0.262	-0.02068549
215	G	-0.113	-0.01187364
216	T	0.240	-0.006547242
217	T	0.223	-0.010325
218	C	0.531	-0.009793333
219	T	0.030	-0.01673975
220	A	-0.516	-0.01836328
221	T	-0.500	-0.01453953
222	A	-0.224	-0.01096514
223	G	-0.328	0.003372611
224	C	-0.143	0.01704724
225	A	-0.248	0.01473851
226	A	-0.547	0.01549176
227	A	-0.235	-0.001573764
228	G	0.265	0.008006942
229	G	0.399	0.004780608
230	G	0.240	3.260833e-05
231	G	-0.100	-0.007573836
232	G	0.383	-0.006963475
233	C	0.230	-0.0006346417
234	A	-0.084	0.004369858
235	T	-0.125	0.01027178
236	T	-0.147	-0.008047725
237	G	0.101	-0.01199911
238	T	0.315	0.008126031
239	C	0.438	0.03005186
240	C	0.459	0.04798406
241	T	0.348	0.06552997
242	T	0.046	0.07995831
243	T	0.187	0.08356031
244	C	0.469	0.08712428
245	T	-0.179	0.08094039
246	G	0.026	0.05897239
247	A	-0.414	0.04558562
248	A	-0.544	0.0259747
249	A	-0.496	0.02843708
250	T	-0.240	0.02971197
251	G	0.114	0.03554238
252	C	0.420	0.03410502
253	C	0.436	0.02508713
254	A	-0.128	0.03171943
255	G	-0.111	0.0292873
256	A	0.207	0.009969911
257	T	0.289	-0.005163811
258	C	0.421	-0.02120953
259	C	0.302	-0.03469534
260	T	0.376	-0.03023982
261	T	-0.119	-0.03163191
262	T	-0.418	-0.05173924
263	A	-0.457	-0.03852141
264	T	-0.525	-0.0294662
265	A	-0.082	-0.007133558
266	A	-0.465	0.01149839
267	G	-0.011	0.03729575
268	C	0.429	0.04338283
269	T	0.440	0.03618133
270	G	-0.136	0.02670725
271	G	-0.450	0.01696521
272	A	0.091	0.0184483
273	G	0.013	0.01865369
274	A	-0.379	0.02326097
275	G	-0.106	0.02700358
276	T	-0.118	0.004630858
277	T	-0.137	-0.01895697
278	A	0.206	-0.04179722
279	C	0.137	-0.03900332
280	A	-0.253	-0.02736799
281	G	0.296	-0.003410628
282	T	0.352	0.01927248
283	C	0.389	0.02835756
284	A	0.126	0.04740592
285	C	0.431	0.05904832
286	T	-0.021	0.05102891
287	G	-0.144	0.0502181
288	T	0.079	0.06183769
289	T	0.085	0.08450121
290	T	-0.074	0.09421111
291	G	-0.104	0.1053275
292	G	0.373	0.1076262
293	T	0.423	0.1096114
294	A	-0.383	0.1167857
295	A	-0.546	0.1147301
296	T	-0.446	0.1131242
297	T	-0.018	0.1206331
298	G	0	0.1381755
 299	C	0.404	0.1428558
300	C	0.291	0.1454141
301	C	0.244	0.1413755
302	T	0.220	0.1451455
303	G	0.407	0.1470182
304	C	0.141	0.1605626
305	C	0.411	0.158854
306	C	0.281	0.1558018
307	C	0.365	0.1656475
308	C	0.440	0.1692472
309	T	0.414	0.179417
310	G	-0.296	0.1751733
311	C	-0.034	0.1654446
312	T	0.140	0.1885981
313	A	-0.211	0.2169437
314	G	0.148	0.2382004
315	T	0.407	0.2323728
316	G	0.377	0.2200575
317	C	0.464	0.1982251
318	T	0.444	0.1813966
319	T	0.243	0.1667469
320	C	0.262	0.1480934
321	C	0.499	0.1404768
322	A	0.465	0.1291234
323	T	-0.206	0.10692
324	T	-0.029	0.08822028
325	C	0.439	0.06611151
326	T	0.054	0.06479587
327	T	0.261	0.06547164
328	G	0.220	0.08630384
329	G	0.073	0.09265893
330	C	0.449	0.08408879
331	T	0.474	0.09403115
332	C	0.319	0.102286
333	T	-0.228	0.1005943
334	T	-0.443	0.1004003
335	A	-0.381	0.09090118
336	T	-0.314	0.08438668
337	A	-0.282	0.08861318
338	A	-0.450	0.09343865
339	T	0.133	0.09371982
340	A	-0.267	0.09094221
341	A	-0.388	0.1018311
342	A	-0.391	0.1068508
343	G	-0.430	0.09101941
344	T	0.393	0.09552205
345	T	0.438	0.0779515
346	C	0.452	0.0842055
347	A	0.194	0.09025925
348	G	-0.168	0.08233361
349	T	0.146	0.06418756
350	C	0.446	0.06057736
351	T	0.346	0.07989364
352	C	0.370	0.0940432
353	A	0.122	0.1165067
354	T	0.210	0.1392342
355	G	0.396	0.1420253
356	C	0.435	0.1433706
357	T	0.509	0.1260111
358	C	0.365	0.130072
359	A	0.185	0.1263532
360	T	0.150	0.1448006
361	T	-0.130	0.1604871
362	T	0.216	0.1557256
363	T	-0.370	0.1538114
364	T	0.446	0.1530933
365	T	0.291	0.1603696
366	A	0.164	0.1668528
367	T	-0.179	0.1679032
368	C	0.189	0.1592372
369	T	0.466	0.1599595
370	T	0.066	0.1364442
371	C	0.427	0.1302651
372	C	0.503	0.1244252
373	T	-0.181	0.1174499
374	A	-0.402	0.1141249
375	A	-0.491	0.1078731
376	A	-0.121	0.1082255
377	T	-0.522	0.1038891
378	G	0.272	0.1106968
379	G	0.134	0.1245218
380	G	0.222	0.1284726
381	G	0.369	0.1510982
382	C	0.427	0.1476765
383	C	0.456	0.1321933
384	T	0.065	0.1405649
385	G	0.184	0.1334131
386	C	0.134	0.1193441
387	C	0.372	0.09734474
388	A	-0.475	0.09064488
389	T	-0.099	0.0715506
390	G	0	0.04871907
 391	G	0.145	0.05377338
392	A	0.316	0.05997519
393	G	0.284	0.08426355
394	C	0.378	0.1013034
395	A	0.029	0.1294135
396	G	0.395	0.134909
397	C	0.367	0.1167278
398	C	0.358	0.0973728
399	A	0.443	0.08539735
400	T	0.322	0.08169087
401	T	-0.265	0.08152226
402	T	0.465	0.07971531
403	G	-0.436	0.08064672
404	T	-0.317	0.08608814
405	A	-0.325	0.08062575
406	T	-0.175	0.1045613
407	T	-0.259	0.1182442
408	A	-0.318	0.1182442
409	C	0	0.1122841
 410	G	-0.179	0.1055889
411	A	0.382	0.09690388
412	T	0.492	0.07855907
413	C	0.489	0.07361392
414	T	0.470	0.06233811
415	T	-0.520	0.06336033
416	A	-0.474	0.06513347
417	G	-0.061	0.05992183
418	G	0.293	0.06263119
419	C	0.450	0.07593708
420	A	0	0.06810108
 421	A	0.218	0.08572894
422	C	0.329	0.1003204
423	C	0.176	0.12171
424	A	0.385	0.1223845
425	T	0.393	0.1219183
426	G	0	0.1395239
 427	A	-0.069	0.1485205
428	C	0.075	0.1658408
429	T	-0.028	0.1638624
430	G	-0.281	0.1622471
431	T	-0.148	0.1612121
432	T	-0.010	0.1518769
433	C	0.404	0.1517303
434	C	0.422	0.150819
435	C	0.255	0.1406313
436	A	0.420	0.1413034
437	G	0.213	0.1385629
438	C	0.183	0.1494251
439	C	0.198	0.1447452
440	A	0.208	0.1452949
441	C	0.444	0.1509444
442	A	-0.150	0.1461213
443	G	-0.276	0.147581
444	C	0.315	0.1610535
445	A	0.323	0.1725125
446	T	0.444	0.1570119
447	C	0.311	0.1444539
448	C	0.433	0.1476625
449	C	0.452	0.1570663
450	T	0.134	0.1603744
451	A	-0.525	0.1577474
452	A	-0.507	0.1325182
453	T	-0.428	0.1254072
454	G	0.317	0.1066762
455	C	0.351	0.1124449
456	C	0.391	0.1163876
457	A	0.049	0.1225042
458	C	0.349	0.1194846
459	T	0.379	0.1153119
460	G	0.212	0.1105212
461	C	0.445	0.1280847
462	C	0.485	0.1327862
463	T	0.342	0.1158492
464	T	-0.482	0.09761671
465	A	-0.480	0.08995103
466	G	-0.166	0.07383564
467	T	0.190	0.07372561
468	T	0.108	0.07989986
469	C	0.309	0.1036083
470	A	-0.485	0.1278605
471	G	0	0.1500292
 472	A	-0.253	0.1531905
473	C	0.420	0.1510822
474	C	0.325	0.1537988
475	C	0.418	0.1574089
476	G	0.099	0.1525284
477	T	0.294	0.1350513
478	A	-0.323	0.1206236
479	T	0.355	0.09594545
480	C	0.484	0.07179748
481	A	-0.285	0.05516809
482	T	-0.211	0.06693901
483	T	0.035	0.07489104
484	T	-0.146	0.08080328
485	C	0.448	0.06927939
486	T	0.356	0.0638694
487	C	0.327	0.04951848
488	C	0.365	0.07257045
489	C	0.369	0.08491954
490	C	0.431	0.1033683
491	T	0.275	0.1044487
492	G	0.488	0.09990481
493	G	0.179	0.08312348
494	A	0.174	0.06528112
495	T	-0.249	0.0455996
496	A	-0.307	0.04549274
497	A	-0.442	0.02229993
498	T	-0.384	0.004755153
499	T	-0.255	-0.000155625
500	A	-0.059	0.01214982
501	C	-0.194	0.02327398
502	A	0.046	0.03909372
503	A	-0.224	0.0387445
504	C	-0.085	0.0381445
505	A	-0.206	0.03734098
506	G	0.344	0.01408164
507	C	0.444	0.01005175
508	C	0.410	0.01260259
509	C	0.459	0.01430559
510	C	0.161	0.003577475
511	T	-0.185	-0.0127153
512	A	-0.542	-0.01177605
513	A	-0.413	-0.0106658
514	C	-0.327	0.004126086
515	A	-0.479	0.02661145
516	A	-0.146	0.04845417
517	G	-0.462	0.06277834
518	T	0.231	0.04977863
519	C	0.436	0.04322066
520	T	0.423	0.04629884
521	C	0.436	0.05667759
522	C	0.335	0.05751369
523	T	0.299	0.07141297
524	A	-0.471	0.07268664
525	G	0.224	0.06934052
526	C	0.523	0.06985097
527	A	0.336	0.06875914
528	T	0.102	0.06098752
529	T	-0.406	0.05992861
530	T	0.207	0.06638244
531	T	-0.209	0.08334619
532	G	0.225	0.0921433
533	G	0.366	0.1163842
534	C	0.402	0.1248792
535	A	0.260	0.1449332
536	T	-0.527	0.1391978
537	A	-0.430	0.139046
538	C	0.157	0.1397239
539	A	0.148	0.1400731
540	C	-0.055	0.1440461
541	T	0.293	0.122197
542	C	0.390	0.1387883
543	C	0.324	0.1235805
544	T	0.428	0.1188878
545	C	0.420	0.1029717
546	T	-0.117	0.1050254
547	A	-0.223	0.1054827
548	T	-0.310	0.09851636
549	T	0.196	0.1149773
550	C	-0.010	0.1096234
551	C	0.393	0.09877118
552	A	0.158	0.08615633
553	T	0.259	0.06495855
554	T	0.024	0.07700413
555	C	0.430	0.08829059
556	T	0.447	0.08978665
557	C	0.448	0.09897545
558	T	0.478	0.09732643
559	G	-0.487	0.08917384
560	T	0.125	0.09118507
561	A	-0.322	0.08538512
562	G	0.354	0.06194332
563	C	-0.236	0.04807831
564	A	0.176	0.03824642
565	G	-0.390	0.03643428
566	G	-0.042	0.03265042
567	C	0.382	0.01542919
568	A	0.032	0.002825725
569	G	-0.023	-0.000398525
570	T	-0.052	-0.006133178
571	A	-0.503	-0.01924379
572	G	-0.093	-0.02152305
573	G	-0.023	-0.04752483
574	C	0.211	-0.04851852
575	C	0.479	-0.05793666
576	A	-0.115	-0.08255863
577	T	0	-0.08070136
 578	T	0.462	-0.08566361
579	T	0.115	-0.07669673
580	C	-0.415	-0.07697886
581	T	-0.078	-0.07473484
582	A	-0.471	-0.08616609
583	A	-0.289	-0.07585413
584	A	-0.446	-0.06717457
585	G	-0.423	-0.07978583
586	T	-0.464	-0.07730656
587	A	0.277	-0.06491484
588	C	-0.047	-0.05191593
589	A	-0.212	-0.04232687
590	A	-0.057	-0.04539195
591	A	-0.505	-0.04175864
592	C	0.411	-0.03408814
593	T	0.109	-0.03491264
594	A	-0.408	-0.02662341
595	A	-0.420	-0.02813539
596	A	-0.053	-0.05354697
597	T	0	-0.07000342
 598	C	0.344	-0.06987372
599	A	-0.155	-0.07774693
600	T	-0.234	-0.07910407
601	T	-0.019	-0.07647377
602	T	0.269	-0.05151871
603	C	-0.071	-0.02747002
604	A	0.121	-0.003629878
605	C	0.422	3.295556e-05
606	C	0.415	0.01390844
607	A	-0.157	0.03187927
608	T	-0.203	0.03268906
609	G	0.106	0.03535053
610	C	0.487	0.01525176
611	T	0.449	0.01609712
612	T	0.183	0.03398401
613	T	-0.054	0.05065089
614	T	-0.452	0.06431815
615	T	-0.477	0.07646404
616	A	-0.410	0.07330312
617	A	-0.362	0.08880926
618	A	-0.520	0.1090367
619	A	-0.194	0.1167863
620	C	0.451	0.09619225
621	C	0.442	0.09511931
622	T	0.394	0.09552773
623	T	0.409	0.08141664
624	C	0.451	0.08285881
625	C	0.434	0.0981032
626	A	-0.028	0.1081257
627	A	-0.409	0.1025004
628	T	-0.311	0.08009883
629	A	0.140	0.05867664
630	G	0.235	0.0459745
631	G	0.179	0.03795795
632	C	0.438	0.05987797
633	T	0.437	0.06934945
634	C	0.230	0.0699132
635	C	0.402	0.06625717
636	C	0.493	0.07361628
637	C	0.259	0.07231639
638	A	-0.471	0.04721197
639	T	-0.109	0.046217
640	T	0.136	0.04671795
641	G	-0.085	0.03430547
642	C	0.467	0.03323425
643	C	0.390	0.03299789
644	T	0.157	0.03030829
645	C	-0.095	0.03979054
646	A	-0.319	0.05865062
647	A	-0.321	0.06281448
648	A	-0.273	0.06768996
649	G	-0.343	0.06756109
650	C	0.336	0.06910962
651	A	-0.136	0.06874129
652	A	-0.390	0.05095815
653	A	-0.493	0.03432709
654	A	-0.255	0.007885039
655	T	-0.241	-0.005219794
656	T	-0.452	0.0008822333
657	T	0.406	-0.0007263222
658	C	0.412	-0.008363933
659	T	-0.037	0.003341819
660	C	0.413	-0.01153057
661	A	0.425	-0.01982729
662	G	-0.125	-0.02808601
663	A	-0.068	-0.03280437
664	C	0.367	-0.02858695
665	T	0.289	-0.02232445
666	G	0.411	-0.007332478
667	G	0.174	0.01075141
668	A	0.494	0.01023219
669	T	0.423	0.002713022
670	T	-0.409	0.011711
671	A	-0.195	0.03192627
672	A	-0.458	0.04529122
673	T	-0.212	0.05446809
674	G	-0.252	0.06936842
675	A	-0.167	0.05895182
676	G	-0.138	0.05142174
677	T	0.335	0.04523944
678	G	-0.067	0.02479013
679	A	0.092	0.01580438
680	G	-0.140	0.03132791
681	T	-0.265	0.03749102
682	G	-0.167	0.03138466
683	T	-0.095	0.02945222
684	T	0.265	0.007123581
685	C	0.307	-0.005244031
686	C	0.318	-0.03108764
687	A	-0.406	-0.04714109
688	C	-0.066	-0.04641198
689	A	0.233	-0.04590573
690	G	0.225	-0.04125586
691	G	0.089	-0.04026539
692	G	0.084	-0.04397814
693	T	0.031	-0.04776409
694	G	0.140	-0.0552502
695	T	-0.260	-0.07064231
696	G	-0.322	-0.07711242
697	G	0.102	-0.08505698
698	G	0.433	-0.0763637
699	C	0.153	-0.06039784
700	T	0.147	-0.0538556
701	A	0.220	-0.06224455
702	G	-0.392	-0.07566208
703	G	-0.270	-0.0951363
704	A	-0.435	-0.1003385
705	A	-0.153	-0.09031941
706	T	-0.383	-0.08206816
707	G	-0.177	-0.09902544
708	A	-0.291	-0.1035897
709	G	-0.176	-0.1013409
710	A	-0.385	-0.095518
711	A	-0.303	-0.09861459
712	T	-0.408	-0.09616667
713	A	-0.218	-0.09506456
714	T	-0.300	-0.09503489
715	A	-0.193	-0.1065576
716	G	0.172	-0.1309954
717	T	0.309	-0.1237484
718	T	0.068	-0.1160328
719	T	-0.397	-0.1099914
720	A	-0.217	-0.08746395
721	A	-0.393	-0.0685407
722	C	0.131	-0.0427707
723	A	-0.046	-0.04138059
724	C	0.230	-0.02383142
725	A	-0.376	-0.02214897
726	T	0.061	-0.0240812
727	T	0.170	-0.03343656
728	T	0.293	-0.02549324
729	G	-0.079	-0.004706042
730	G	0.229	0.007491458
731	G	-0.220	0.02425104
732	A	-0.321	0.0408339
733	A	-0.312	0.05923065
734	A	-0.446	0.06782476
735	C	0.414	0.04715465
736	C	0.425	0.03071839
737	C	0.437	0.04958878
738	T	0.418	0.05959528
739	G	0.410	0.07703883
740	G	0.492	0.08283436
741	G	-0.103	0.09019091
742	T	0.248	0.09857036
743	T	-0.117	0.1202075
744	A	-0.360	0.1125512
745	A	-0.513	0.1034085
746	A	-0.099	0.09524711
747	C	0.444	0.08349079
748	A	0.031	0.08219674
749	T	0.384	0.09964952
750	G	0.296	0.1190357
751	G	0.468	0.1397146
752	T	0.482	0.1604917
753	T	-0.434	0.1628162
754	A	-0.523	0.1474818
755	A	0.281	0.1371407
756	C	0.143	0.1365144
757	C	0.234	0.115595
758	A	0.339	0.09702786
759	G	0.218	0.09991364
760	G	0.532	0.07998167
761	T	0.402	0.07300098
762	A	-0.214	0.09524939
763	T	-0.159	0.1120742
764	T	0	0.1281584
 765	T	-0.502	0.1078499
766	T	0.182	0.1025817
767	T	0.407	0.09518377
768	G	0.376	0.08796274
769	T	0.431	0.08526426
770	G	0.301	0.0828189
771	T	0.498	0.1056602
772	G	-0.126	0.1278999
773	T	0.065	0.1226863
774	T	0.395	0.1078537
775	T	-0.342	0.09147091
776	G	-0.176	0.09060769
777	T	0	0.09686344
 778	T	-0.469	0.09124477
779	A	-0.368	0.08718441
780	C	0.440	0.09105489
781	A	0.092	0.08407859
782	G	0.479	0.07114742
783	G	-0.286	0.07348092
784	A	-0.158	0.05649264
785	T	0.118	0.04251934
786	T	0.036	0.03164653
787	T	0.371	0.02192939
788	C	0.394	0.02351172
789	T	0.387	0.006223975
790	C	0.277	0.002548058
791	A	0.093	-0.004528372
792	G	-0.390	-0.01243893
793	A	-0.354	-0.00556515
794	G	0.308	0.0089066
795	C	0.443	0.002722517
796	C	0.330	0.004052628
797	T	0.256	0.01010252
798	T	-0.075	-1.463333e-05
799	T	-0.410	0.004895803
800	A	-0.465	-0.01212639
801	A	-0.418	9.669167e-05
802	T	-0.429	0.01336336
803	A	-0.095	0.01478039
804	T	-0.015	0.01625381
805	G	0.082	0.01792473
806	C	0.358	0.01508317
807	T	-0.123	0.01136997
808	G	-0.259	0.003668669
809	A	-0.189	-0.01191073
810	T	0.110	0.007087633
811	G	-0.094	0.0173296
812	C	0.344	0.01625837
813	A	-0.222	0.01595576
814	A	-0.421	0.003788375
815	A	-0.150	-0.01020785
816	T	0.075	-0.01449933
817	T	0.269	0.003098586
818	G	-0.133	0.01201878
819	T	0.153	0.02993667
820	G	0.319	0.029883
821	A	0.169	0.02164911
822	A	0.089	0.02207334
823	T	0.431	0.01117159
824	C	0.291	-0.01237855
825	T	0.253	-0.02267688
826	T	0	-0.02772861
 827	A	-0.467	-0.03484152
828	T	0.292	-0.04787413
829	C	0.013	-0.04256636
830	A	0.270	-0.05394223
831	C	0.432	-0.05144473
832	A	-0.108	-0.04079089
833	A	-0.247	-0.02817764
834	G	-0.229	-0.03395447
835	A	0.223	-0.02788216
836	G	-0.144	-0.02819227
837	T	0.226	-0.03951244
838	G	-0.430	-0.04837411
839	A	-0.391	-0.05773527
840	T	0	-0.05331824
 841	A	-0.310	-0.07124621
842	T	-0.488	-0.09432424
843	A	-0.494	-0.1063331
844	A	-0.441	-0.1027632
845	A	-0.445	-0.07695382
846	A	-0.358	-0.07621902
847	T	0.096	-0.06986321
848	C	-0.064	-0.0639084
849	A	-0.132	-0.06809759
850	A	-0.037	-0.07666632
851	C	0.303	-0.07622034
852	A	-0.132	-0.07894973
853	T	0.487	-0.08259376
854	T	-0.144	-0.0670846
855	T	-0.254	-0.06737974
856	A	0	-0.04722037
 857	C	-0.167	-0.02584535
858	C	0.248	-0.02133512
859	A	-0.213	-0.01807426
860	A	-0.539	0.004318319
861	A	-0.178	0.03267624
862	C	0.128	0.05634457
863	T	0.462	0.06341607
864	T	0.319	0.08453201
865	G	0.242	0.09470952
866	C	0.484	0.1072475
867	T	0.282	0.1102051
868	T	-0.416	0.1112507
869	T	-0.231	0.09481842
870	C	-0.327	0.1063304
871	T	0.092	0.09372554
872	T	0.413	0.1030327
873	G	0.215	0.1215303
874	G	0.294	0.1244971
875	C	0.377	0.1310699
876	A	0.162	0.1323131
877	G	-0.192	0.144191
878	A	0.317	0.1620938
879	C	0.526	0.1674048
880	T	0.411	0.1586156
881	A	-0.190	0.1483791
882	T	0.401	0.1363038
883	C	0.462	0.1345954
884	T	0.386	0.124772
885	T	-0.026	0.1260158
886	T	0	0.1362267
 887	G	-0.288	0.1479606
888	G	0.282	0.1459539
889	T	0.034	0.1353314
890	T	0.190	0.1104429
891	C	0.411	0.09558059
892	C	0.106	0.08739337
893	A	0.069	0.07745932
894	C	0.293	0.06846019
895	T	0.213	0.06449616
896	G	0.105	0.04546455
897	A	0.012	0.01593291
898	G	-0.187	0.01738249
899	T	0.093	0.02882335
900	T	-0.115	0.007229103
901	G	0.181	-0.005020394
902	C	0.130	-0.02503045
903	A	0.326	-0.02062979
904	G	-0.048	-0.0142624
905	T	0.190	-0.002929786
906	T	-0.400	-0.01024854
907	T	-0.290	-0.007308297
908	A	-0.482	-0.009127464
909	G	-0.319	-0.01084941
910	A	0	-0.01773127
 911	A	0.020	-0.0264981
912	T	-0.161	-0.03165763
913	T	-0.335	-0.02721641
914	T	-0.367	-0.01849479
915	T	-0.536	-0.009520058
916	T	0.463	0.008077331
917	C	0.221	0.008787931
918	A	-0.375	0.006209903
919	A	0.021	-0.005028931
920	G	-0.333	-0.008660958
921	T	0.132	-0.004773542
922	A	0.229	0.003269125
923	T	0.119	0.01133007
924	T	0.018	0.02299119
925	T	0.139	0.03340441
926	C	0.124	0.05222241
927	C	0.349	0.0555606
928	A	-0.140	0.04714121
929	A	-0.246	0.04090592
930	G	0.107	0.05635797
931	T	0.373	0.05918425
932	C	0.419	0.05785386
933	C	0.335	0.06716753
934	C	0.445	0.05082372
935	T	0.119	0.05785506
936	T	-0.208	0.0783362
937	A	-0.223	0.09175697
938	G	0	0.1114477
 939	T	0.466	0.1091726
940	C	0.240	0.1168454
941	T	0.481	0.1069013
942	G	0.019	0.09908349
943	G	0.084	0.0870294
944	T	0.195	0.07648007
945	A	-0.199	0.06170776
946	G	-0.303	0.07118512
947	A	-0.204	0.07310674
948	C	0.394	0.07077616
949	A	-0.233	0.05851933
950	A	-0.415	0.05442439
951	G	-0.201	0.05134181
952	T	-0.125	0.05035297
953	T	0.474	0.05965433
954	T	0.361	0.07799072
955	C	0.504	0.08419819
956	T	0.374	0.09588392
957	T	0.050	0.08785178
958	C	0.505	0.07491464
959	A	-0.238	0.05115244
960	T	-0.262	0.04958296
961	A	-0.294	0.0508283
962	A	-0.254	0.05446196
963	T	-0.182	0.0599981
964	C	0.200	0.08023816
965	T	-0.177	0.09690394
966	G	0.023	0.09837441
967	A	-0.067	0.09985194
968	C	0.272	0.1092374
969	C	0.224	0.1188066
970	C	0.410	0.1268911
971	C	0.454	0.112278
972	T	0.452	0.09474509
973	G	0	0.07057576
 974	C	0.420	0.06587467
975	T	0.177	0.06580422
976	T	-0.225	0.0635925
977	A	-0.374	0.08273358
978	T	-0.036	0.1004323
979	T	0.129	0.1020697
980	T	0.326	0.1071757
981	C	0	0.1090972
 982	T	0.425	0.09450771
983	T	0.395	0.09943368
984	C	0.447	0.1068257
985	A	-0.180	0.1087055
986	G	-0.077	0.110286
987	C	0.142	0.1145288
988	A	0.165	0.1060676
989	C	-0.051	0.1049814
990	A	-0.269	0.1052577
991	A	-0.365	0.1113162
992	G	0.205	0.09696688
993	T	0.047	0.09645641
994	C	0.425	0.1147643
995	T	0.451	0.1356828
996	C	0.374	0.1458735
997	T	-0.235	0.155142
998	A	-0.071	0.1346799
999	C	-0.112	0.1447163
1000	A	-0.324	0.1452296
1001	T	0	0.1468609
 1002	T	0.289	0.1259061
1003	T	0	0.1432414
 1004	C	0.328	0.1498742
1005	T	0.377	0.1397173
1006	C	0.105	0.1318294
1007	C	0.414	0.1464485
1008	C	0.461	0.1531979
1009	A	0.218	0.1520532
1010	G	-0.095	0.1381597
1011	G	0.159	0.125589
1012	T	0.433	0.1077233
1013	C	0.378	0.0869515
1014	C	0.330	0.08079195
1015	T	0.463	0.097188
1016	T	-0.410	0.1103382
1017	G	0.361	0.116727
1018	C	0.444	0.1383063
1019	T	0.454	0.1527244
1020	T	-0.306	0.1523053
1021	C	0.443	0.1459692
1022	T	0.160	0.1349251
1023	T	-0.222	0.1122759
1024	G	-0.118	0.1009139
1025	A	0.474	0.09966299
1026	C	-0.026	0.09394904
1027	A	-0.406	0.09957193
1028	A	-0.294	0.1078647
1029	T	-0.404	0.1119863
1030	T	-0.217	0.1127127
1031	T	-0.296	0.1087156
1032	G	0.152	0.08757218
1033	G	0.355	0.07937035
1034	T	0.402	0.09827016
1035	T	0.117	0.09844935
1036	C	0.451	0.08668401
1037	C	0.519	0.06783392
1038	T	0.274	0.06582209
1039	A	-0.228	0.05172845
1040	T	-0.068	0.05004417
1041	G	-0.437	0.05012581
1042	T	-0.303	0.04906634
1043	A	0.369	0.02429631
1044	C	0.256	0.01092002
1045	C	0.420	0.01304393
1046	T	0.202	0.02713379
1047	G	0.307	0.04425585
1048	C	0.460	0.05277915
1049	T	0.234	0.04953926
1050	T	-0.431	0.03425604
1051	T	0.167	0.03060012
1052	C	0.269	0.0160344
1053	C	0.367	0.02130221
1054	T	0.020	0.01199199
1055	T	-0.224	0.004159792
1056	T	-0.379	0.009569653
1057	A	-0.064	0.02726104
1058	T	0.100	0.01642668
1059	C	-0.219	0.03907582
1060	T	-0.156	0.04260499
1061	A	-0.417	0.0413646
1062	A	-0.507	0.04874452
1063	A	-0.330	0.02923902
1064	G	0.212	0.01606243
1065	T	0.211	0.002286156
1066	C	0.089	-0.0194299
1067	A	-0.413	-0.03917729
1068	A	-0.397	-0.04008907
1069	C	0.223	-0.04225772
1070	C	-0.122	-0.03886044
1071	A	0.306	-0.03751039
1072	T	0.116	-0.02557265
1073	C	0.237	-0.008074819
1074	C	0.469	0.01190743
1075	T	0.408	0.02775332
1076	G	-0.458	0.02982565
1077	T	0.377	0.02551207
1078	T	-0.176	0.02299512
1079	C	0.325	0.02315548
1080	T	0.521	0.04670896
1081	T	-0.281	0.05588073
1082	T	-0.271	0.06373871
1083	C	-0.188	0.06021709
1084	A	-0.321	0.06109079
1085	T	-0.476	0.06758184
1086	A	-0.463	0.07170101
1087	G	0.089	0.06290105
1088	C	0.392	0.07881886
1089	C	0.416	0.08101952
1090	C	0.450	0.08939022
1091	T	0.405	0.09327491
1092	G	0.340	0.09444402
1093	G	0.506	0.09295361
1094	T	0.174	0.1171477
1095	T	-0.375	0.10407
1096	A	-0.246	0.09676152
1097	A	-0.411	0.08871466
1098	T	0.340	0.0616826
1099	T	0	0.08316235
 1100	C	0.495	0.09748949
1101	T	0.084	0.1127327
1102	T	0.120	0.1337305
1103	A	-0.179	0.1400728
1104	T	-0.249	0.1574858
1105	T	-0.093	0.1610831
1106	C	0.450	0.1573033
1107	A	0.386	0.1580344
1108	T	0.418	0.1525673
1109	C	0.376	0.151453
1110	C	0.511	0.1467577
1111	T	0.355	0.1459715
1112	T	0.412	0.1516321
1113	T	-0.093	0.1648507
1114	G	-0.439	0.1753991
1115	A	0.035	0.1987003
1116	A	-0.451	0.2015257
1117	T	0.491	0.2097966
1118	C	0.244	0.1990458
1119	T	0.360	0.2067436
1120	C	0.434	0.2064322
1121	A	-0.247	0.222719
1122	G	0.162	0.2410975
1123	G	0.219	0.2553604
1124	T	0.256	0.2437536
1125	C	0.442	0.2351806
1126	A	0.253	0.226301
1127	G	0.365	0.2034428
1128	T	0.171	0.1897667
1129	C	0.478	0.1908148
1130	T	0.378	0.1911071
1131	T	0.100	0.1904889
1132	C	0.132	0.2058619
1133	T	0.427	0.1966489
1134	C	0.441	0.2206221
1135	T	0.297	0.2151144
1136	C	0.108	0.2210054
1137	C	0.361	0.2042526
1138	T	0.109	0.1846322
1139	C	0.406	0.1996931
1140	T	0.412	0.2032013
1141	G	0.420	0.2087529
1142	G	0.033	0.2109741
1143	G	0.077	0.2112716
1144	A	0.098	0.2075487
1145	A	-0.445	0.200107
1146	A	0.019	0.1980349
1147	T	0.392	0.1780938
1148	C	0.422	0.1626308
1149	T	-0.115	0.1636629
1150	T	0.113	0.172896
1151	A	-0.296	0.1718093
1152	T	0.411	0.158815
1153	C	0.293	0.1612276
1154	C	0.456	0.169477
1155	T	-0.242	0.162739
1156	A	-0.272	0.1675284
1157	T	0.294	0.1675857
1158	C	0.289	0.1654759
1159	C	0.419	0.16247
1160	C	0.336	0.1727064
1161	C	0.453	0.1820509
1162	A	0.119	0.1876734
1163	C	0.097	0.2122756
1164	C	0.096	0.2129564
1165	A	-0.239	0.2085523
1166	T	-0.178	0.2047246
1167	A	0.137	0.2183541
1168	C	0.465	0.2269767
1169	C	0.388	0.2379268
1170	T	-0.025	0.2398575
1171	C	0.384	0.2199958
1172	A	0.405	0.209194
1173	T	0.119	0.2090156
1174	C	0.282	0.2138898
1175	C	0.408	0.2035611
1176	C	0.336	0.2052696
1177	A	0.312	0.205342
1178	C	0.401	0.2036111
1179	C	0.413	0.2020958
1180	C	0.300	0.1906494
1181	C	0.439	0.1827346
1182	A	0.043	0.1730252
1183	C	0.234	0.1802206
1184	C	0.285	0.1867358
1185	C	0.375	0.1693551
1186	T	0.424	0.1567168
1187	C	0.098	0.1531364
1188	C	0.481	0.1412657
1189	C	-0.421	0.1278722
1190	T	0.067	0.1190411
1191	T	-0.248	0.1201105
1192	G	-0.096	0.1217089
1193	G	-0.077	0.122556
1194	G	0.350	0.1259664
1195	C	0.421	0.1206742
1196	T	0.273	0.1106133
1197	G	0.398	0.103658
1198	A	-0.292	0.09889746
1199	G	-0.187	0.07768743
1200	T	-0.252	0.07015569
1201	T	0.019	0.06152104
1202	A	0.056	0.03935448
1203	T	-0.487	0.03185871
1204	A	0.010	0.03223557
1205	C	0.259	0.04311747
1206	A	-0.453	0.03659666
1207	T	-0.097	0.05106556
1208	T	0.087	0.03545498
1209	C	0.157	0.03527264
1210	A	0.339	0.05111391
1211	C	0.439	0.05574476
1212	C	0.459	0.04282253
1213	C	0.121	0.02573701
1214	T	0.039	0.03065634
1215	A	0.163	0.01857373
1216	T	0.129	0.03945653
1217	G	-0.323	0.05279653
1218	A	-0.227	0.05659773
1219	C	-0.076	0.05097389
1220	A	-0.512	0.04326793
1221	T	0.105	0.05226001
1222	C	0.437	0.04153672
1223	C	0.489	0.02530786
1224	C	0.246	0.0258285
1225	A	0.099	0.01941256
1226	T	-0.494	0.007627908
1227	G	-0.255	-0.0006557306
1228	C	0.473	-0.01716412
1229	T	0.089	-0.03918881
1230	T	-0.114	-0.04425826
1231	T	-0.193	-0.04428834
1232	T	0.450	-0.04112083
1233	T	-0.036	-0.03694714
1234	C	0.459	-0.04682881
1235	C	0.292	-0.04677483
1236	T	-0.116	-0.03610761
1237	A	-0.183	-0.03534966
1238	T	-0.220	-0.0336345
1239	T	-0.164	-0.03098319
1240	A	-0.375	-0.03108502
1241	T	-0.324	-0.03586614
1242	A	-0.434	-0.04086424
1243	T	-0.328	-0.05316069
1244	T	-0.336	-0.04794191
1245	A	-0.140	-0.04955189
1246	A	-0.254	-0.05978269
1247	C	-0.353	-0.0640086
1248	T	0.276	-0.06164239
1249	T	0.120	-0.06093967
1250	T	0.153	-0.06595262
1251	C	0.313	-0.05326176
1252	A	-0.226	-0.0538712
1253	C	-0.321	-0.05353523
1254	A	0.156	-0.04322987
1255	C	-0.049	-0.02799626
1256	A	-0.451	-0.01014742
1257	A	0.200	-0.01326687
1258	C	0.434	-0.009132978
1259	C	0.317	0.001470469
1260	T	0.066	0.02531508
1261	T	-0.343	0.04216839
1262	A	-0.306	0.05465383
1263	G	-0.313	0.06777725
1264	A	0.105	0.08551311
1265	G	-0.062	0.1043706
1266	T	-0.029	0.109118
1267	T	-0.168	0.1129024
1268	T	0.270	0.09416055
1269	C	0.420	0.08854766
1270	C	0.437	0.09058972
1271	T	0.305	0.09225639
1272	G	0.254	0.0837973
1273	C	0.365	0.09525698
1274	T	0.421	0.104262
1275	T	-0.276	0.09083048
1276	G	-0.226	0.08996906
1277	T	0.056	0.08879589
1278	C	0.423	0.09060345
1279	T	0.278	0.09090531
1280	C	0.112	0.1102952
1281	T	0.332	0.1238053
1282	C	0.383	0.1315361
1283	C	0.325	0.146608
1284	T	0.447	0.1385839
1285	T	0.256	0.1366888
1286	G	-0.521	0.1245008
1287	T	0.111	0.1163102
1288	A	-0.152	0.101296
1289	G	-0.261	0.1029194
1290	A	-0.147	0.1068692
1291	T	0.363	0.1049853
1292	T	-0.127	0.1022321
1293	G	-0.282	0.1160649
1294	C	0.403	0.1332224
1295	A	0.275	0.1437001
1296	T	0.131	0.1366181
1297	G	-0.332	0.1330911
1298	T	0.391	0.1353185
1299	T	0.172	0.1242347
1300	C	0.383	0.1089188
1301	C	0.479	0.1057786
1302	T	-0.318	0.09772451
1303	T	-0.236	0.09720495
1304	T	-0.168	0.1235718
1305	G	0.125	0.1262127
1306	G	-0.103	0.1401884
1307	G	0.363	0.1589035
1308	C	0.397	0.1759154
1309	A	0.297	0.1764449
1310	G	0.322	0.188361
1311	G	0.221	0.1893778
1312	G	0.390	0.1636473
1313	C	0.434	0.1519685
1314	T	0.168	0.1581934
1315	G	0.151	0.1765502
1316	T	0.193	0.1772375
1317	C	-0.066	0.1813093
1318	A	-0.167	0.1805644
1319	G	0.212	0.1825834
1320	C	0.157	0.1938333
1321	A	0.237	0.206534
1322	G	0.427	0.2232272
1323	G	0.206	0.218054
1324	G	0.350	0.2129602
1325	C	0.411	0.2006479
1326	A	0.464	0.182532
1327	C	0.382	0.1672513
1328	T	0.301	0.1553218
1329	T	-0.246	0.1417335
1330	A	-0.523	0.124728
1331	G	-0.144	0.113669
1332	T	0.355	0.1146872
1333	G	0.328	0.1155259
1334	T	0.415	0.1213826
1335	G	0.319	0.132169
1336	C	0.356	0.1422097
1337	A	0.552	0.1297368
1338	T	0.086	0.1297227
1339	T	0.220	0.1142779
1340	C	0.432	0.09456167
1341	A	-0.060	0.078044
1342	G	-0.286	0.06238642
1343	T	-0.079	0.05177596
1344	A	-0.255	0.02863351
1345	A	-0.252	0.009827986
1346	G	-0.106	-0.005020486
1347	T	-0.267	0.003964606
1348	G	-0.221	0.02141688
1349	T	0.036	0.03617313
1350	T	0.205	0.03177469
1351	T	0.181	0.02707413
1352	C	0.403	0.01721892
1353	T	0.321	-0.005228717
1354	T	0.193	-0.02296761
1355	G	-0.236	-0.04997836
1356	A	0.157	-0.06608264
1357	G	-0.318	-0.08520794
1358	T	-0.281	-0.1121395
1359	A	-0.387	-0.1191838
1360	A	-0.213	-0.1218793
1361	A	0.029	-0.1341532
1362	T	-0.368	-0.1355746
1363	G	-0.294	-0.1360604
1364	A	-0.232	-0.122497
1365	G	0.077	-0.1038768
1366	T	0.105	-0.08628096
1367	A	0.386	-0.09663883
1368	C	0.197	-0.1154169
1369	T	0.158	-0.1293561
1370	G	0.061	-0.129119
1371	A	-0.488	-0.1385885
1372	G	-0.281	-0.1317445
1373	A	-0.419	-0.1321869
1374	A	-0.492	-0.1464004
1375	A	-0.467	-0.1471162
1376	T	-0.536	-0.152653
1377	A	-0.313	-0.148421
1378	G	-0.383	-0.1291753
1379	A	-0.521	-0.1312865
1380	A	-0.306	-0.1322086
1381	T	-0.270	-0.1190805
1382	G	0.381	-0.1005717
1383	C	0.402	-0.1009024
1384	A	0.412	-0.1007174
1385	T	-0.336	-0.1034586
1386	T	-0.470	-0.1057462
1387	T	-0.320	-0.1067437
1388	T	0.412	-0.09534845
1389	G	-0.019	-0.08891289
1390	T	0.440	-0.0737672
1391	G	-0.252	-0.06898564
1392	A	-0.354	-0.06453059
1393	A	-0.343	-0.05668728
1394	A	-0.481	-0.05343959
1395	A	-0.235	-0.05858064
1396	C	0.479	-0.05713234
1397	A	-0.046	-0.02983439
1398	G	-0.401	-0.02009311
1399	T	0.177	-0.004551081
1400	T	0.433	-0.01335077
1401	G	0.065	-0.02329529
1402	T	0.111	-0.04870027
1403	T	0.287	-0.05250749
1404	G	0.115	-0.04415493
1405	A	0.123	-0.02691927
1406	C	0.471	-0.02794685
1407	T	-0.256	-0.02576132
1408	A	0.263	-0.03899477
1409	A	-0.247	-0.02017304
1410	G	-0.332	-0.003403794
1411	A	-0.185	0.01870532
1412	A	-0.419	0.04339654
1413	T	-0.499	0.05725637
1414	T	-0.331	0.04598484
1415	T	0.461	0.05553725
1416	T	0.044	0.05767728
1417	C	0.289	0.04220653
1418	T	0.064	0.0382613
1419	G	0.044	0.02590139
1420	A	-0.502	0.009592389
1421	A	-0.473	0.002562103
1422	T	-0.169	-0.009391647
1423	G	0.300	-0.02590954
1424	C	0.375	-0.0496994
1425	A	0.059	-0.04546226
1426	G	-0.036	-0.06743012
1427	T	0.424	-0.05043168
1428	C	0.249	-0.0389377
1429	A	0.452	-0.0196697
1430	C	0.407	-0.009727303
1431	A	0.263	-0.003629942
1432	C	0.073	-0.006247525
1433	T	0.297	-0.02740686
1434	G	-0.324	-0.04032745
1435	A	-0.378	-0.05438489
1436	T	0.291	-0.05026287
1437	A	-0.379	-0.04033529
1438	G	-0.475	-0.03087909
1439	T	0.034	-0.01029684
1440	A	-0.315	-0.007915814
1441	G	-0.471	-0.01973106
1442	A	-0.385	-0.03410726
1443	T	-0.104	-0.04773647
1444	A	-0.527	-0.04138511
1445	C	0.364	-0.04085277
1446	C	0.081	-0.04056491
1447	T	0.508	-0.03895852
1448	T	-0.062	-0.05370966
1449	T	-0.279	-0.0556173
1450	T	-0.425	-0.05627242
1451	C	-0.300	-0.06505859
1452	A	-0.420	-0.04985623
1453	G	-0.216	-0.03193823
1454	G	0.212	-0.03748441
1455	T	0.402	-0.02935665
1456	G	-0.162	-0.0295394
1457	C	0.267	-0.04138206
1458	C	-0.084	-0.04678486
1459	A	-0.125	-0.03972294
1460	A	-0.142	-0.01916406
1461	T	-0.431	-0.01747168
1462	C	0.192	-0.005600642
1463	C	0.443	-0.01030248
1464	A	0.259	-0.005168614
1465	T	0.509	-0.008759642
1466	C	-0.123	0.006487653
1467	T	0.194	0.02662085
1468	A	0.050	0.03222449
1469	T	-0.018	0.02722337
1470	G	0.222	0.02846279
1471	G	0.266	0.03747615
1472	T	0.092	0.02139499
1473	G	-0.087	0.003854625
1474	T	-0.482	0.01432051
1475	A	-0.391	0.001483931
1476	A	-0.509	0.01128296
1477	A	-0.217	0.02814712
1478	C	0.355	0.04379484
1479	A	-0.043	0.04897398
1480	T	-0.099	0.03649015
1481	G	0.194	0.01769073
1482	T	0.266	0.02225837
1483	C	0.379	0.02110226
1484	T	0.486	0.03867868
1485	C	0.445	0.03240534
1486	T	-0.224	0.02241353
1487	T	-0.480	0.02166735
1488	A	-0.376	0.01821986
1489	T	0.107	0.02124914
1490	A	-0.366	0.0146076
1491	C	-0.229	0.02468558
1492	T	0.214	0.04190167
1493	G	-0.195	0.05278642
1494	A	0.268	0.07084586
1495	C	0.481	0.0763599
1496	C	0.421	0.07799568
1497	A	-0.245	0.0899975
1498	T	-0.256	0.1056601
1499	A	-0.232	0.1010178
1500	C	0.424	0.09021069
1501	T	0.468	0.07897799
1502	C	0.509	0.06863649
1503	T	-0.031	0.04827963
1504	A	-0.309	0.05204534
1505	C	-0.045	0.07552862
1506	A	0.098	0.0777969
1507	G	0.375	0.06575479
1508	G	-0.147	0.08351173
1509	T	0.275	0.1022671
1510	G	0.137	0.1080783
1511	T	0	0.1247956
 1512	T	0.140	0.12939
1513	C	-0.018	0.1225641
1514	T	0.413	0.1149006
1515	C	0.388	0.1340852
1516	T	0.463	0.1458501
1517	G	0.027	0.1574685
1518	T	-0.123	0.1586805
1519	G	-0.025	0.1544628
1520	A	0.114	0.1443889
1521	T	-0.287	0.1459813
1522	A	-0.088	0.142583
1523	C	0.364	0.1309957
1524	T	-0.294	0.1190522
1525	A	-0.325	0.09735523
1526	T	0.273	0.08890037
1527	C	0.445	0.07005268
1528	T	0.423	0.0572664
1529	C	0.406	0.06790046
1530	C	0.434	0.06505535
1531	T	0.236	0.0665198
1532	G	0.145	0.05120252
1533	G	0.445	0.03017466
1534	G	0.166	0.0111611
1535	A	0.185	0.009788467
1536	C	0.467	0.005626161
1537	C	0.316	-0.006447525
1538	A	0.146	-0.02294166
1539	T	0.026	-0.02579297
1540	T	-0.431	-0.03795669
1541	T	-0.462	-0.04599011
1542	A	-0.331	-0.03012772
1543	A	-0.405	-0.03161144
1544	A	-0.451	-0.04418844
1545	T	-0.402	-0.0572269
1546	T	-0.322	-0.06071493
1547	C	0.382	-0.06392601
1548	A	0.037	-0.06303915
1549	C	0.033	-0.07034441
1550	A	-0.137	-0.08274452
1551	T	-0.368	-0.09262165
1552	G	-0.220	-0.08520656
1553	A	-0.021	-0.08112812
1554	A	-0.272	-0.08823695
1555	G	-0.459	-0.08428487
1556	A	-0.479	-0.08015376
1557	A	-0.390	-0.07101885
1558	A	-0.526	-0.0526754
1559	A	0.075	-0.03174663
1560	C	0.276	-0.0287771
1561	T	-0.379	-0.003677431
1562	G	-0.179	0.01666346
1563	A	-0.023	0.03961765
1564	G	0.298	0.05346146
1565	C	0.291	0.04636524
1566	C	0.466	0.04530981
1567	G	-0.026	0.05240188
1568	A	-0.300	0.04525955
1569	C	0.090	0.04677033
1570	C	0.433	0.0483043
1571	T	0.332	0.05095294
1572	G	0.211	0.06324578
1573	A	0.458	0.08822347
1574	C	0.295	0.09598916
1575	T	0.354	0.1005785
1576	C	0.228	0.1203791
1577	A	0.290	0.1168461
1578	T	-0.224	0.118285
1579	T	0.497	0.1295471
1580	C	0.280	0.1389912
1581	T	0.423	0.1453084
1582	C	0.175	0.1442403
1583	T	0.127	0.1343775
1584	G	0	0.1126504
 1585	A	0.289	0.1171606
1586	G	-0.394	0.13109
1587	G	-0.314	0.1357216
1588	A	-0.165	0.1315618
1589	T	0.073	0.1145908
1590	T	0.169	0.1016806
1591	C	0.439	0.09294629
1592	G	-0.199	0.07716432
1593	A	-0.225	0.0729906
1594	A	0.186	0.06167693
1595	C	-0.051	0.04701529
1596	T	0.328	0.05472593
1597	T	0.026	0.0468856
1598	A	0.160	0.03798503
1599	G	0.203	0.02213278
1600	G	0.259	0.01644951
1601	A	-0.063	0.01291168
1602	A	-0.316	0.01228282
1603	T	0.135	-0.008574794
1604	T	0.200	-0.006696572
1605	G	0.256	0.01190682
1606	T	0.283	0.02597226
1607	T	-0.278	0.03074983
1608	A	-0.252	0.03798858
1609	G	0.144	0.03032703
1610	A	-0.272	0.02426969
1611	A	0.204	0.01814202
1612	G	-0.178	0.002008942
1613	T	-0.236	0.009372428
1614	T	0.052	-0.003856656
1615	T	0.215	-0.01611849
1616	A	-0.039	-0.02883977
1617	T	-0.147	-0.04509368
1618	T	-0.028	-0.06557085
1619	C	0	-0.07210878
 1620	A	-0.022	-0.05531286
1621	A	-0.461	-0.05323195
1622	A	-0.326	-0.05034061
1623	C	0.355	-0.04559992
1624	T	0.340	-0.05254407
1625	G	0.245	-0.05867046
1626	C	0.430	-0.05015345
1627	A	0.163	-0.05795284
1628	G	-0.417	-0.04173464
1629	A	-0.445	-0.03571839
1630	A	-0.394	-0.0230652
1631	T	0.213	-0.01111781
1632	C	-0.147	-0.01394603
1633	A	-0.415	-0.02709589
1634	T	-0.297	-0.01518019
1635	A	-0.381	0.001312031
1636	A	-0.477	0.01306097
1637	A	-0.299	0.02530655
1638	C	0.288	0.03345005
1639	T	0.210	0.046274
1640	G	0.304	0.05898758
1641	C	0.427	0.03593958
1642	A	0.033	0.03439241
1643	G	-0.499	0.02643711
1644	A	0.053	0.01485846
1645	G	-0.136	0.02109268
1646	C	0.311	0.02343557
1647	T	0.421	0.04597354
1648	C	0.276	0.06595441
1649	T	0.193	0.05842658
1650	G	-0.048	0.05414863
1651	G	-0.258	0.05502374
1652	T	0.389	0.06248088
1653	G	0.446	0.07144099
1654	G	0.394	0.07331416
1655	C	0.440	0.06843943
1656	C	0.270	0.04963441
1657	G	0	0.0368946
 1658	T	0.130	0.02949456
1659	T	-0.474	0.02576153
1660	T	0.285	0.03476724
1661	T	-0.040	0.05720599
1662	G	0.013	0.06585234
1663	T	0.387	0.0837332
1664	G	-0.333	0.07957251
1665	T	0.365	0.06624865
1666	A	0.324	0.05191143
1667	T	-0.057	0.03974801
1668	G	-0.301	0.03115098
1669	A	-0.383	0.04115679
1670	G	-0.029	0.02774279
1671	T	-0.058	0.02692057
1672	A	-0.409	0.02439096
1673	A	-0.474	0.01124868
1674	A	-0.388	-0.007544906
1675	T	-0.248	-0.004786231
1676	G	0.038	0.001906519
1677	G	0.293	0.02469627
1678	G	0.358	0.03090607
1679	A	0.308	0.02690433
1680	G	0.364	0.02253936
1681	C	0.507	-0.001609333
1682	G	0.161	-0.003621333
1683	A	-0.058	-0.02177653
1684	T	-0.239	-0.02855411
1685	G	-0.244	-0.033914
1686	G	-0.358	-0.03146206
1687	A	0.102	-0.02278256
1688	A	-0.093	-0.03178595
1689	G	0.416	-0.01896072
1690	C	0.303	-0.004270919
1691	A	-0.032	0.01400058
1692	G	-0.406	0.0213448
1693	T	0.099	0.02824025
1694	T	0.371	0.02388795
1695	C	0.346	0.002751369
1696	T	0.508	-0.01814269
1697	G	-0.184	-0.03407299
1698	T	-0.143	-0.04047994
1699	A	-0.481	-0.05020188
1700	G	-0.405	-0.05634874
1701	A	-0.287	-0.05825127
1702	A	0.080	-0.06382127
1703	A	-0.250	-0.05185863
1704	G	-0.213	-0.04050129
1705	A	-0.071	-0.03612898
1706	G	-0.353	-0.02024535
1707	A	0.402	-0.02384354
1708	G	0.118	-0.03186982
1709	G	0.183	-0.03189123
1710	G	-0.124	-0.02688737
1711	A	0	-0.03950393
 1712	G	-0.118	-0.05106074
1713	A	-0.467	-0.05500744
1714	G	-0.394	-0.05531005
1715	A	-0.264	-0.0435281
1716	A	0.134	-0.0365511
1717	G	0.157	-0.02752166
1718	T	-0.059	-0.02064091
1719	G	-0.126	-0.008037742
1720	A	-0.439	-0.01484286
1721	A	0.185	-0.009770222
1722	G	0.050	-0.01197722
1723	G	0.259	-0.004406022
1724	G	0.478	0.01653995
1725	C	0.287	0.01598956
1726	A	0.014	0.02136062
1727	T	-0.033	0.02892645
1728	T	-0.225	0.03773314
1729	G	-0.354	0.03249434
1730	G	-0.044	0.03266628
1731	G	0.204	0.05059734
1732	C	0.497	0.06516267
1733	T	0.239	0.07548287
1734	A	0.107	0.08116087
1735	C	-0.156	0.08962664
1736	A	-0.158	0.1045676
1737	G	0.165	0.1084253
1738	A	-0.164	0.107557
1739	T	-0.067	0.09254935
1740	G	-0.293	0.07939218
1741	T	0.201	0.05730501
1742	T	0.400	0.04007743
1743	C	0.383	0.04188493
1744	C	0.312	0.05145293
1745	T	0.455	0.05567634
1746	C	0.192	0.07305823
1747	G	-0.188	0.08763356
1748	A	-0.112	0.09883607
1749	T	0.177	0.08026657
1750	G	0.130	0.06362001
1751	T	0.106	0.05310112
1752	C	0.338	0.04296362
1753	C	0.462	0.05092026
1754	C	0.477	0.04421279
1755	A	0.012	0.04189671
1756	A	-0.471	0.0497536
1757	T	-0.354	0.05164049
1758	A	-0.423	0.07231972
1759	A	-0.535	0.07934891
1760	A	-0.141	0.07618938
1761	C	0.352	0.0520818
1762	C	0.358	0.05073627
1763	C	0.118	0.05149355
1764	A	0.399	0.03575924
1765	T	0.169	0.05020422
1766	C	0.358	0.04758299
1767	A	-0.464	0.03212261
1768	T	-0.101	0.01497263
1769	A	-0.139	0.002656772
1770	G	-0.257	-0.01164509
1771	A	0.130	-0.03577317
1772	G	-0.399	-0.05858284
1773	T	0.082	-0.07111683
1774	T	0.118	-0.06089463
1775	G	0	-0.04967734
 1776	C	0.451	-0.02440556
1777	A	0.454	-0.01744928
1778	T	0.287	-0.02340214
1779	G	-0.484	-0.04071534
1780	A	0.263	-0.04650292
1781	T	0.482	-0.03564686
1782	G	-0.373	-0.04422073
1783	T	0.331	-0.03938364
1784	T	-0.206	-0.04266798
1785	G	-0.378	-0.04107953
1786	A	-0.487	-0.05218995
1787	A	-0.336	-0.05985764
1788	A	-0.176	-0.0500654
1789	A	-0.406	-0.05540736
1790	T	-0.343	-0.03042249
1791	A	-0.439	-0.03949647
1792	T	-0.103	-0.04325272
1793	T	0.049	-0.04396752
1794	C	0.486	-0.06766091
1795	T	-0.285	-0.08732402
1796	A	-0.356	-0.1068049
1797	A	-0.270	-0.09971233
1798	G	0.150	-0.1147853
1799	T	0.509	-0.1350018
1800	C	0.091	-0.1235669
1801	A	0.343	-0.1265848
1802	C	0.240	-0.1225251
1803	A	-0.407	-0.1140644
1804	A	-0.501	-0.1052946
1805	A	-0.415	-0.08745512
1806	T	0.095	-0.07452723
1807	A	-0.062	-0.04847859
1808	C	0.499	-0.0384036
1809	A	-0.244	-0.02174041
1810	T	-0.016	-0.005945794
1811	T	-0.025	-0.004338036
1812	T	-0.401	-0.02307929
1813	A	-0.253	-0.01577671
1814	A	-0.414	-0.0123298
1815	T	-0.229	0.008868981
1816	A	-0.278	-0.01014566
1817	C	-0.245	-0.01412435
1818	A	0.038	-0.008613267
1819	C	0.222	-0.0276046
1820	C	-0.060	-0.04545935
1821	T	-0.074	-0.04250316
1822	A	-0.171	-0.04192241
1823	A	0.305	-0.02801006
1824	C	0.289	-0.03568014
1825	C	0.531	-0.0270038
1826	T	0.019	-0.0420611
1827	A	0.160	-0.02780907
1828	C	0.465	-0.02440685
1829	T	0.107	-0.01271978
1830	G	-0.188	0.007666086
1831	A	-0.022	0.02552234
1832	A	-0.232	0.04857445
1833	C	0.492	0.06965417
1834	A	-0.534	0.08509395
1835	T	0.366	0.09630142
1836	C	0.289	0.09098902
1837	A	-0.339	0.07478927
1838	T	-0.402	0.07232303
1839	A	-0.300	0.08348952
1840	A	-0.480	0.09112585
1841	C	0.085	0.07601354
1842	T	-0.181	0.07210166
1843	T	0.250	0.05598772
1844	A	-0.042	0.06023826
1845	G	0.268	0.06306834
1846	C	0.106	0.03812792
1847	G	0.395	0.02352689
1848	T	0.332	0.01610459
1849	G	0.389	0.02246774
1850	C	0.415	0.03761029
1851	C	0.529	0.0277146
1852	T	0.277	0.04419063
1853	T	0.158	0.02990641
1854	C	-0.153	0.01971234
1855	A	-0.360	0.02068536
1856	G	-0.149	0.02309742
1857	T	0.327	0.02674975
1858	G	0.103	0.04371297
1859	T	-0.238	0.03894454
1860	G	0.148	0.0360346
1861	C	-0.048	0.03228216
1862	T	0.172	0.0466679
1863	C	0.262	0.0539719
1864	A	-0.432	0.03665404
1865	G	-0.418	0.03764224
1866	A	-0.455	0.03981332
1867	A	0.206	0.04305371
1868	C	0.312	0.01978432
1869	A	0.136	-0.006609569
1870	C	0.058	-0.003160514
1871	T	-0.147	0.003307375
1872	T	-0.077	0.01332215
1873	A	-0.304	0.03454299
1874	G	-0.315	0.04401479
1875	A	-0.169	0.03646366
1876	T	0.130	0.02410489
1877	T	-0.086	0.0214303
1878	A	-0.285	0.005696581
1879	G	0.115	0.01269208
1880	C	0.475	0.0058276
1881	T	0.531	0.008382906
1882	T	-0.517	0.03072843
1883	A	0.430	0.05441468
1884	C	0.410	0.06766396
1885	A	0.505	0.06447169
1886	T	-0.422	0.05120292
1887	T	-0.420	0.04012939
1888	T	0.401	0.02768528
1889	G	0.391	0.02646514
1890	G	0.207	0.02267835
1891	G	0.403	0.03315198
1892	C	0.191	0.03924124
1893	A	0.055	0.03883479
1894	A	-0.341	0.02140321
1895	A	-0.334	0.0090978
1896	A	-0.417	0.004321911
1897	T	0.202	0.007339994
1898	C	-0.074	0.0036423
1899	A	0.354	0.001633133
1900	T	0.371	0.02667027
1901	C	0.434	0.005278772
1902	T	0.021	0.007830967
1903	A	0.091	-0.001318311
1904	T	-0.164	0.004048689
1905	T	-0.262	0.01294122
1906	T	-0.389	-0.005696367
1907	A	-0.191	-0.02785209
1908	A	-0.213	-0.04511798
1909	C	0.072	-0.06975906
1910	A	-0.096	-0.08709453
1911	C	-0.183	-0.09566735
1912	A	-0.497	-0.09721771
1913	A	-0.529	-0.08648785
1914	A	-0.457	-0.08489707
1915	G	0.223	-0.09347504
1916	C	0.342	-0.09439371
1917	C	0.459	-0.0919626
1918	T	0.383	-0.1073668
1919	A	-0.339	-0.1288798
1920	T	0.502	-0.136302
1921	T	0.176	-0.1497371
1922	T	-0.228	-0.1558268
1923	T	-0.100	-0.1587638
1924	A	-0.269	-0.1438187
1925	T	-0.406	-0.1259649
1926	A	-0.414	-0.1080545
1927	A	-0.483	-0.1041846
1928	T	-0.432	-0.09414664
1929	A	-0.252	-0.1006381
1930	A	-0.397	-0.08539234
1931	A	0.051	-0.07069248
1932	A	-0.360	-0.05025665
1933	T	-0.105	-0.06938018
1934	A	-0.107	-0.07011668
1935	T	0.442	-0.06917001
1936	T	-0.182	-0.0764604
1937	G	-0.340	-0.0807234
1938	A	-0.245	-0.08752579
1939	A	-0.391	-0.1025992
1940	T	-0.383	-0.1054784
1941	A	-0.368	-0.1161256
1942	G	0.148	-0.1184685
1943	C	0.451	-0.1145441
1944	T	0.431	-0.1006569
1945	C	0.211	-0.08669146
1946	A	0.265	-0.08015671
1947	T	-0.417	-0.08092691
1948	G	0.051	-0.06989344
1949	T	0	-0.07757096
 1950	A	0.277	-0.06339132
1951	A	-0.464	-0.07147032
1952	T	0.316	-0.0810998
1953	T	0.493	-0.1028694
1954	T	0.121	-0.1104348
1955	A	-0.492	-0.1096467
1956	T	0.257	-0.1024815
1957	T	-0.366	-0.09913376
1958	G	-0.332	-0.09951362
1959	A	-0.483	-0.1009426
1960	A	-0.354	-0.1185179
1961	A	-0.265	-0.1422141
1962	A	0.085	-0.1694156
1963	C	0.019	-0.1705544
1964	T	-0.197	-0.167441
1965	A	-0.280	-0.154899
1966	T	0	-0.1675389
 1967	A	-0.225	-0.1816034
1968	C	0.149	-0.2013877
1969	T	-0.396	-0.1910792
1970	A	-0.454	-0.1952801
1971	A	-0.341	-0.2068377
1972	A	-0.454	-0.2008017
1973	A	-0.311	-0.1858745
1974	G	0.012	-0.1871211
1975	T	-0.271	-0.1672456
1976	G	-0.397	-0.152292
1977	A	-0.419	-0.1513546
1978	A	-0.483	-0.152225
1979	A	-0.401	-0.1402594
1980	A	-0.548	-0.1410594
1981	A	0.170	-0.1398806
1982	C	0.377	-0.1285438
1983	A	0.034	-0.1108689
1984	G	-0.403	-0.09827743
1985	A	-0.506	-0.08215585
1986	A	-0.434	-0.1000348
1987	T	-0.093	-0.08653414
1988	G	0.164	-0.08583944
1989	G	0.077	-0.0874823
1990	T	0.338	-0.0708358
1991	T	0.044	-0.06630775
1992	G	0.212	-0.07320251
1993	C	0.349	-0.06109245
1994	A	0.205	-0.03792009
1995	T	-0.450	-0.01457031
1996	G	-0.385	-0.0006683556
1997	G	0.165	0.01867373
1998	G	0.057	0.02774126
1999	T	0.061	0.02595284
2000	A	0.210	0.00627645
2001	C	0.355	0.01792239
2002	C	0.453	0.03675631
2003	T	0.355	0.04065817
2004	G	-0.493	0.04827811
2005	A	0.089	0.05514253
2006	A	-0.429	0.05257614
2007	A	-0.400	0.05495231
2008	T	0.144	0.04259498
2009	A	-0.148	0.04623472
2010	T	-0.235	0.0434055
2011	G	0.164	0.01951497
2012	G	0.436	0.005706525
2013	T	0.420	0.01821014
2014	T	0.016	0.02839176
2015	T	0.294	0.03521473
2016	C	-0.221	0.04608828
2017	T	0.106	0.05399318
2018	A	-0.330	0.04215807
2019	C	0.453	0.02435721
2020	C	0.274	0.002326683
2021	A	-0.365	-0.01038171
2022	A	-0.159	-0.00919615
2023	A	0.153	-0.008919272
2024	T	0.072	0.01579009
2025	G	0.163	0.03069262
2026	T	-0.106	0.02436647
2027	G	0.175	0.04232239
2028	T	0.110	0.05849917
2029	A	-0.510	0.06772847
2030	T	-0.291	0.04154003
2031	T	0	0.01548806
 2032	G	-0.018	0.004918542
2033	C	0.411	-0.009762625
2034	C	0.448	-0.000911025
2035	T	0.346	1.808611e-05
2036	T	-0.215	-0.000345775
2037	T	-0.285	-0.02739325
2038	G	-0.339	-0.03389467
2039	C	-0.102	-0.01600401
2040	A	-0.451	-0.01098101
2041	A	0.099	-0.01048806
2042	C	0.460	0.001108603
2043	C	0.135	0.001931242
2044	A	-0.083	-0.003474231
2045	T	0.497	-0.02282801
2046	C	0.346	-0.03872276
2047	T	0.496	-0.03314901
2048	T	-0.506	-0.02071356
2049	A	-0.516	-0.009270925
2050	A	-0.363	0.002503119
2051	G	-0.234	0.001762369
2052	T	0.096	-0.007139186
2053	C	0.139	-0.01918689
2054	A	-0.344	-0.02200975
2055	A	-0.520	-0.02064183
2056	A	0.040	-0.001199553
2057	C	0.278	0.01559839
2058	C	0.020	0.02675975
2059	A	0.171	0.03591278
2060	T	0.489	0.03570508
2061	C	0.192	0.04151361
2062	A	-0.300	0.04735689
2063	T	-0.521	0.03532081
2064	A	-0.461	0.01954997
2065	A	-0.309	0.008471075
2066	G	0.156	0.01629435
2067	C	0.411	0.01940608
2068	T	0.404	0.01622324
2069	G	0.384	0.02030033
2070	G	0.127	0.004362922
2071	G	-0.087	-0.01284124
2072	A	-0.316	-0.01631013
2073	A	-0.235	-0.01662952
2074	C	0.360	-0.03175082
2075	T	0.502	-0.04356951
2076	G	-0.049	-0.03259218
2077	T	0.428	-0.02819649
2078	C	0.452	-0.05193618
2079	T	0.344	-0.06514718
2080	G	0.126	-0.06878246
2081	T	0.064	-0.06205315
2082	A	-0.221	-0.04796965
2083	T	0.098	-0.04193265
2084	T	-0.224	-0.05132779
2085	T	-0.404	-0.06978032
2086	A	-0.478	-0.0883924
2087	G	-0.087	-0.1000434
2088	A	-0.476	-0.1157704
2089	A	-0.479	-0.1067252
2090	A	-0.468	-0.1049642
2091	A	-0.531	-0.1085674
2092	A	-0.503	-0.1215301
2093	A	-0.147	-0.1389395
2094	G	0.416	-0.1360036
2095	C	0.329	-0.1491056
2096	A	-0.364	-0.1485283
2097	A	-0.282	-0.1654231
2098	A	-0.431	-0.1796587
2099	G	-0.279	-0.1798748
2100	A	0.045	-0.1684461
2101	T	-0.092	-0.1651238
2102	G	-0.181	-0.1512032
2103	G	-0.252	-0.1295658
2104	A	-0.265	-0.1093089
2105	G	-0.034	-0.1034836
2106	A	-0.438	-0.08525683
2107	G	0.238	-0.07193431
2108	G	-0.253	-0.0481145
2109	T	-0.365	-0.02115964
2110	A	-0.106	-0.001933944
2111	T	-0.124	0.01354192
2112	T	0.056	0.01438261
2113	C	-0.042	0.01228897
2114	C	0.473	0.01623358
2115	T	-0.263	0.02022411
2116	A	-0.385	0.03491289
2117	A	0.056	0.05131547
2118	C	0.190	0.04859723
2119	C	0.217	0.06381167
2120	C	0.276	0.0835192
2121	C	0.374	0.08536748
2122	C	0.250	0.1002361
2123	T	0.122	0.1063974
2124	G	0.179	0.1217843
2125	G	0	0.1145546
 2126	G	0.388	0.1129676
2127	T	0.438	0.1264685
2128	T	0.188	0.133873
2129	C	0.409	0.1364125
2130	C	0.446	0.1430542
2131	T	0.254	0.1579077
2132	A	-0.222	0.1571781
2133	A	-0.139	0.1630532
2134	T	0.097	0.1670491
2135	T	0.311	0.1640141
2136	T	-0.052	0.1611815
2137	C	0.455	0.1618141
2138	T	0.527	0.1582146
2139	C	-0.185	0.1539531
2140	A	0.270	0.1422751
2141	C	0.186	0.1450642
2142	A	0.115	0.1435489
2143	G	-0.022	0.1475253
2144	A	-0.310	0.1436699
2145	T	0.120	0.1369617
2146	T	0.160	0.1446589
2147	T	-0.032	0.1437771
2148	C	0.295	0.1296437
2149	T	0.491	0.1144657
2150	C	0.447	0.1212147
2151	A	-0.051	0.1291182
2152	T	-0.241	0.1359242
2153	T	-0.052	0.1394645
2154	T	0.088	0.1528471
2155	C	0.240	0.1477704
2156	A	0.147	0.1446078
2157	G	0.220	0.1645295
2158	C	-0.169	0.1498543
2159	A	0.222	0.1296507
2160	C	0.124	0.1227576
2161	T	0.143	0.1227113
2162	A	0.249	0.1236217
2163	G	0.196	0.1273096
2164	C	0.465	0.1334925
2165	T	0.378	0.1473759
2166	G	-0.062	0.1508867
2167	A	-0.292	0.1270179
2168	G	0.020	0.1166794
2169	G	0.145	0.1137171
2170	T	0.342	0.1266834
2171	C	0.438	0.1332546
2172	T	0.429	0.1389323
2173	G	0.272	0.121335
2174	G	0.413	0.1094337
2175	C	0.531	0.1024979
2176	T	-0.258	0.1072074
2177	A	-0.540	0.0928441
2178	T	-0.132	0.08893665
2179	C	-0.023	0.08235954
2180	A	-0.277	0.06645576
2181	G	0.253	0.06171359
2182	C	0.382	0.04076115
2183	C	0.467	0.03144165
2184	T	0.421	0.02412969
2185	G	-0.367	0.04047569
2186	T	0.075	0.03851745
2187	C	-0.158	0.04084048
2188	A	0.225	0.02483651
2189	C	0.183	0.0165392
2190	A	0.292	0.01652587
2191	G	-0.392	0.01137426
2192	A	-0.281	0.001805953
2193	G	-0.029	-0.003221797
2194	T	0	0.0006016472
 2195	T	-0.294	0.02005623
2196	A	-0.015	0.02033898
2197	G	-0.093	0.02931998
2198	G	-0.322	0.03051409
2199	A	0.026	0.01131673
2200	G	-0.288	0.01150034
2201	T	0.042	-0.0008056083
2202	A	-0.325	-0.01283031
2203	T	0.296	-0.006764953
2204	G	-0.050	-0.009199325
2205	T	0.228	-0.004796464
2206	C	-0.233	-0.006582964
2207	A	0.140	-0.009472703
2208	T	0.428	-0.01093295
2209	C	0.086	0.001795272
2210	A	0.069	0.02085538
2211	C	0.350	0.02813317
2212	A	-0.120	0.03406948
2213	G	0.159	0.05352448
2214	T	-0.122	0.05691857
2215	G	0.299	0.06774268
2216	A	-0.234	0.08181413
2217	T	-0.437	0.09119693
2218	T	0.389	0.1110118
2219	T	0.024	0.1196579
2220	T	-0.011	0.1386207
2221	T	-0.149	0.145392
2222	C	-0.012	0.1494279
2223	T	0	0.1337028
 2224	T	0.160	0.1427436
2225	T	0.079	0.1336891
2226	C	0.240	0.1107964
2227	C	0.065	0.09625465
2228	C	0.404	0.09004104
2229	C	0.232	0.06942118
2230	T	0.213	0.07617412
2231	C	0.406	0.06820013
2232	C	0.106	0.07515613
2233	T	0.296	0.06786932
2234	C	0.183	0.07813232
2235	C	0.364	0.09656784
2236	A	0.424	0.09473501
2237	G	0.353	0.1069974
2238	C	0.356	0.1205746
2239	C	0.539	0.1210754
2240	T	0.095	0.1131768
2241	A	-0.337	0.09835084
2242	T	0.091	0.08154376
2243	T	-0.185	0.08793147
2244	T	-0.395	0.07058147
2245	G	-0.436	0.07377827
2246	A	-0.154	0.0666011
2247	A	-0.391	0.06685352
2248	G	0.122	0.04842991
2249	G	-0.127	0.02788502
2250	A	0.128	0.0314661
2251	G	0.037	0.03772255
2252	G	0.134	0.02505796
2253	C	0.225	0.001152297
2254	C	0.323	-0.01350201
2255	C	0.465	-0.02832623
2256	T	0.477	-0.04078154
2257	G	-0.131	-0.0571065
2258	T	-0.296	-0.05145194
2259	T	-0.533	-0.03099206
2260	A	-0.444	-0.01984519
2261	T	0.309	-0.008418494
2262	G	-0.384	0.01745181
2263	T	0.180	0.01852923
2264	G	0.146	0.01592853
2265	T	0.242	0.03813014
2266	T	-0.449	0.02808334
2267	A	-0.333	0.02315509
2268	C	0.235	0.02366314
2269	C	0.521	0.02490377
2270	A	-0.272	0.02896058
2271	A	-0.496	0.01244941
2272	T	-0.103	-0.008046617
2273	A	-0.179	-0.01324367
2274	G	-0.091	-0.02007078
2275	G	-0.047	-0.003852978
2276	G	0.298	0.0134983
2277	T	0.399	0.04137705
2278	C	0.492	0.06508563
2279	T	0.225	0.06745149
2280	T	0.536	0.09212844
2281	T	-0.397	0.08302427
2282	A	-0.247	0.06641544
2283	C	0.407	0.05438577
2284	T	-0.239	0.06748385
2285	A	-0.304	0.06825438
2286	A	0.146	0.05687077
2287	G	0.081	0.04597677
2288	C	0.280	0.06652324
2289	A	-0.368	0.09396302
2290	A	-0.414	0.1029834
2291	T	0.278	0.09597735
2292	G	0.231	0.08768667
2293	T	0.452	0.07918612
2294	C	0.327	0.05823868
2295	T	0.469	0.0328999
2296	A	0.409	0.01354276
2297	G	0.395	0.02017882
2298	T	0.503	0.005810447
2299	T	-0.147	0.01494783
2300	T	-0.451	0.01240249
2301	T	-0.191	-0.01041539
2302	T	0.021	-0.01081742
2303	T	-0.305	-0.01261645
2304	T	-0.174	-0.004343478
2305	C	0.129	0.0007227583
2306	C	0.467	-0.009310253
2307	T	0.491	-0.007847253
2308	T	0.221	-0.007993392
2309	G	-0.432	-0.02068081
2310	A	-0.389	-0.03624609
2311	A	-0.353	-0.05327017
2312	A	-0.455	-0.05684378
2313	A	-0.512	-0.05747645
2314	A	-0.204	-0.05635036
2315	C	0.464	-0.05727303
2316	T	0.018	-0.05813884
2317	T	-0.068	-0.04145103
2318	G	-0.339	-0.0211695
2319	A	-0.414	-0.01888159
2320	A	-0.253	-0.02457172
2321	A	-0.369	-0.02769844
2322	T	0.444	-0.02018368
2323	G	0.264	-0.02010368
2324	T	-0.080	-0.0363559
2325	G	-0.315	-0.04285721
2326	A	-0.419	-0.03603107
2327	A	-0.178	-0.01132201
2328	T	-0.328	0.0008687806
2329	G	-0.160	0.01726556
2330	G	0.199	0.04354614
2331	C	0.447	0.07219684
2332	T	0.449	0.0825422
2333	C	0.361	0.07379636
2334	T	0.472	0.06324784
2335	C	0.453	0.0523381
2336	T	0.278	0.05388063
2337	C	-0.108	0.05972205
2338	A	-0.182	0.05877155
2339	A	-0.418	0.07313863
2340	C	0.095	0.06398183
2341	A	0.131	0.05341313
2342	T	-0.117	0.06192775
2343	G	0.257	0.08260886
2344	C	0.467	0.1048391
2345	T	0.457	0.1219597
2346	T	0.048	0.1287911
2347	C	0.236	0.138825
2348	T	0.490	0.1422341
2349	C	0.518	0.1317857
2350	T	0.168	0.1280894
2351	T	0.149	0.1289633
2352	T	-0.360	0.1192824
2353	G	-0.461	0.09612597
2354	T	-0.284	0.07945797
2355	A	-0.203	0.0724308
2356	A	-0.287	0.06570466
2357	C	0.147	0.0657295
2358	A	0.114	0.05842312
2359	G	-0.116	0.04749092
2360	C	0.226	0.05611751
2361	C	0.428	0.05243012
2362	A	0.380	0.04502767
2363	C	0.437	0.04262643
2364	A	-0.082	0.05398899
2365	T	0.201	0.04958818
2366	T	0.321	0.0436116
2367	G	0.070	0.03157617
2368	T	0.316	0.04088292
2369	G	0.393	0.04802254
2370	A	0.124	0.04483004
2371	A	-0.380	0.04321542
2372	T	-0.321	0.03649306
2373	A	-0.361	0.04729323
2374	T	-0.424	0.05042123
2375	T	-0.417	0.05831487
2376	A	-0.167	0.0489547
2377	A	-0.261	0.04971796
2378	T	0.193	0.05408227
2379	G	0.124	0.0453546
2380	G	0.200	0.04839863
2381	C	0.371	0.0228381
2382	A	0.457	0.03528331
2383	G	0.078	0.02854624
2384	T	0.275	0.02869312
2385	A	0.085	0.0208362
2386	C	0.503	0.01843823
2387	T	0.406	0.01798953
2388	T	-0.475	0.02729992
2389	A	-0.519	0.04339209
2390	A	-0.526	0.05574309
2391	G	0.184	0.06411445
2392	C	-0.175	0.07197656
2393	A	0.432	0.07232973
2394	G	-0.222	0.06744442
2395	G	-0.088	0.06488234
2396	T	0.383	0.06371859
2397	C	0.114	0.06129897
2398	G	0.489	0.0473685
2399	A	-0.482	0.02888016
2400	T	0.365	0.004605303
2401	T	-0.041	-0.003402719
2402	G	0.327	-0.02262769
2403	T	-0.211	-0.01475099
2404	G	0.230	-0.04176046
2405	C	0.377	-0.05836252
2406	A	0.459	-0.04064691
2407	C	0.199	-0.01590804
2408	T	0.123	0.005417594
2409	G	-0.060	-0.004765406
2410	A	-0.141	-0.01049199
2411	G	-0.404	-0.01475602
2412	A	-0.342	-0.003288517
2413	A	-0.353	0.0007086278
2414	T	0.151	0.004094044
2415	A	0.037	0.007885239
2416	T	-0.300	-0.01890259
2417	G	-0.294	-0.01363404
2418	A	-0.415	-0.03702084
2419	A	-0.210	-0.04745069
2420	A	-0.416	-0.07068252
2421	T	0.368	-0.06817913
2422	A	-0.468	-0.06391505
2423	T	-0.191	-0.0844766
2424	G	0.161	-0.1053016
2425	C	0.370	-0.109588
2426	A	0.241	-0.1107356
2427	T	-0.181	-0.1176963
2428	G	-0.381	-0.1269841
2429	T	0.278	-0.1038292
2430	C	0.190	-0.09881359
2431	A	0.055	-0.08317712
2432	C	0.505	-0.07778198
2433	T	0.250	-0.06591439
2434	T	-0.474	-0.04453653
2435	A	-0.292	-0.04753656
2436	A	-0.476	-0.04877167
2437	A	-0.416	-0.05477519
2438	A	-0.509	-0.03447011
2439	A	-0.121	-0.04579977
2440	C	0.383	-0.03560266
2441	A	-0.363	-0.02950224
2442	A	-0.290	-0.03202381
2443	A	0.044	-0.03049995
2444	T	0.081	-0.02479195
2445	G	-0.310	-0.02305962
2446	A	-0.476	-0.0165697
2447	T	0.428	-0.01839181
2448	T	-0.162	-0.01484426
2449	G	0.209	-0.01114002
2450	T	0.345	-0.01289155
2451	C	0.464	-0.02043317
2452	C	0.468	-0.009999258
2453	A	-0.402	-0.008647369
2454	T	-0.460	-0.004389508
2455	A	-0.426	0.003578742
2456	C	0.314	0.005848631
2457	A	-0.038	-0.005472925
2458	G	-0.101	-0.01496255
2459	T	0.028	0.007396561
2460	G	0.071	0.02808587
2461	C	0.425	0.03878637
2462	T	0.447	0.04951399
2463	T	-0.119	0.07014861
2464	G	-0.147	0.09036299
2465	G	0.213	0.06445211
2466	G	0.318	0.08086008
2467	C	0.188	0.07760161
2468	T	0.442	0.06488377
2469	G	-0.020	0.06479083
2470	A	-0.098	0.05371149
2471	A	-0.243	0.05685322
2472	T	-0.323	0.07518694
2473	T	-0.130	0.09105136
2474	A	-0.427	0.09256955
2475	T	-0.529	0.08496205
2476	T	0.042	0.08329088
2477	C	0.441	0.09473815
2478	T	0.454	0.1028629
2479	C	0.429	0.09559794
2480	C	0.468	0.07844008
2481	C	0.431	0.07345611
2482	T	0.251	0.08384997
2483	C	-0.503	0.07844806
2484	A	0.428	0.06106242
2485	G	0.091	0.05239023
2486	G	-0.112	0.03413278
2487	T	0.461	0.02467241
2488	T	0.070	0.03827535
2489	G	-0.289	0.03447016
2490	T	0.199	0.05210713
2491	C	0.144	0.04519266
2492	A	0.369	0.05746787
2493	C	-0.312	0.08190959
2494	A	-0.161	0.09563432
2495	C	0.440	0.08714446
2496	C	0.363	0.05948505
2497	T	0.164	0.03392013
2498	G	-0.170	0.01943826
2499	A	-0.298	0.005011622
2500	T	0.226	-0.006758711
2501	G	0.018	0.006283811
2502	C	-0.307	-0.01994086
2503	A	-0.123	-0.03677994
2504	G	-0.215	-0.04214958
2505	A	-0.361	-0.04330236
2506	G	0.390	-0.04413178
2507	G	-0.380	-0.02951644
2508	G	0.311	-0.03217894
2509	A	-0.378	-0.02506869
2510	A	0.014	-0.02524267
2511	G	0.350	-0.0096365
2512	C	0.536	0.001455028
2513	T	0.136	-0.0001939167
2514	A	-0.541	0.002151861
2515	A	-0.490	0.0005174444
2516	G	-0.053	0.01010044
2517	G	-0.087	0.02823242
2518	C	-0.172	0.02773581
2519	A	-0.034	0.04104647
2520	A	-0.515	0.04108941
2521	T	-0.514	0.03570241
2522	G	-0.305	0.02700616
2523	C	0.419	0.02619602
2524	A	0.040	0.002673022
2525	T	0.236	-0.0002653944
2526	C	0.103	-0.01538203
2527	T	0.400	0.001309856
2528	G	0.362	0.01143626
2529	T	0.248	0.01148631
2530	G	0.237	0.007903481
2531	C	0.381	-0.0112696
2532	C	0.448	-0.004192936
2533	A	0.105	0.0003942028
2534	G	0.174	0.006988514
2535	A	0.354	0.01905238
2536	C	0.208	0.03309396
2537	T	0.497	0.04013688
2538	T	-0.306	0.04667899
2539	T	-0.317	0.05965492
2540	A	-0.528	0.07932651
2541	T	-0.390	0.06997141
2542	A	-0.455	0.05665878
2543	G	-0.486	0.037673
2544	A	-0.232	0.0230302
2545	T	0.221	-0.0005650528
2546	C	0.378	-0.01812139
2547	C	0.352	-0.01358458
2548	C	0.407	-0.01358533
2549	A	-0.553	-0.01581836
2550	A	-0.286	-0.02177839
2551	G	-0.325	-0.0136963
2552	G	0.184	-0.02259036
2553	T	0.346	-0.03977572
2554	C	0.333	-0.05485808
2555	A	0.219	-0.06868358
2556	G	-0.280	-0.057108
2557	G	-0.047	-0.04075414
2558	A	0.402	-0.03048022
2559	T	0.082	-0.0172154
2560	C	-0.439	-0.01159401
2561	A	-0.446	-0.009751789
2562	A	-0.423	-0.009463178
2563	A	-0.448	-0.01942209
2564	A	-0.269	-0.03841018
2565	T	0.412	-0.04318973
2566	G	0.237	-0.05791362
2567	T	0.300	-0.02976359
2568	G	0.233	-0.01015065
2569	C	0.396	-0.004068483
2570	A	-0.145	-0.01822137
2571	G	-0.264	-0.01929229
2572	A	-0.334	-0.02368559
2573	T	0	-0.02112132
 2574	T	0.110	-0.007478233
2575	C	0.271	0.008036614
2576	A	-0.158	-0.01415564
2577	G	0.087	-0.03017396
2578	G	-0.253	-0.01862292
2579	A	-0.420	-0.001734675
2580	A	-0.222	0.001698214
2581	G	-0.136	0.006866297
2582	A	-0.304	0.02404235
2583	T	0.180	0.01258983
2584	G	-0.122	-0.002764592
2585	C	0.459	-0.0205902
2586	T	0.419	-0.01833292
2587	T	-0.106	-0.02962386
2588	T	-0.325	-0.02817326
2589	T	0.308	-0.01054848
2590	T	0.175	0.008075044
2591	C	0.311	0.01026953
2592	A	0.210	0.003437561
2593	C	0.511	-0.01434819
2594	T	-0.396	-0.01807558
2595	A	-0.493	-0.0264429
2596	A	-0.023	-0.03045362
2597	T	0.161	-0.01221695
2598	G	-0.299	-0.01167081
2599	A	-0.262	-0.001876897
2600	T	0.349	0.01143302
2601	T	0	0.01331046
 2602	T	-0.315	0.03110102
2603	G	-0.340	0.0141198
2604	T	0.314	-0.004302842
2605	T	-0.010	0.008721492
2606	A	-0.093	0.02606388
2607	C	0.369	0.02284466
2608	C	0.336	0.02188799
2609	G	0.079	0.01561607
2610	T	-0.135	0.02010588
2611	T	-0.369	0.02057157
2612	A	-0.292	0.0270484
2613	A	-0.214	0.03515251
2614	C	-0.397	0.04227518
2615	T	0.236	0.03151243
2616	T	-0.202	0.03162145
2617	G	0.215	0.0270782
2618	A	0.174	0.008408231
2619	C	0.247	-0.003550408
2620	G	0.517	0.003858081
2621	C	-0.151	0.01096696
2622	A	-0.243	-0.003362369
2623	C	0.362	-0.01515432
2624	T	0.298	-0.0096077
2625	G	0.192	-0.03274567
2626	G	0.140	-0.05460642
2627	G	0.085	-0.06845469
2628	T	0.372	-0.07840783
2629	G	0.528	-0.06815277
2630	G	-0.163	-0.05242516
2631	A	-0.201	-0.04907952
2632	T	0.233	-0.04020252
2633	T	-0.226	-0.05041949
2634	T	-0.295	-0.05607024
2635	A	-0.426	-0.07495649
2636	T	-0.323	-0.09210616
2637	A	-0.430	-0.1100421
2638	T	-0.048	-0.1361473
2639	A	-0.084	-0.1396673
2640	G	-0.201	-0.1420983
2641	A	-0.434	-0.1487801
2642	G	0.106	-0.1656697
2643	A	-0.463	-0.1681463
2644	A	-0.450	-0.1595953
2645	A	-0.419	-0.1541963
2646	A	-0.493	-0.1758476
2647	A	0	-0.1899246
 2648	T	0.273	-0.1742404
2649	G	-0.093	-0.1594941
2650	T	-0.078	-0.1728074
2651	T	-0.131	-0.1534677
2652	A	-0.405	-0.1377721
2653	A	-0.463	-0.1146492
2654	T	-0.442	-0.09543544
2655	A	-0.397	-0.06964606
2656	A	-0.422	-
2657	A	-0.278	-
2658	A	-0.331	-
2659	T	0.122	-
2660	G	-0.309	-
2661	T	0.103	-
2662	T	0.448	-
2663	C	0.28	-
2664	T	-0.406	-
2665	T	0.021	-
2666	C	0.401	-
2667	G	0.328	-
2668	A	-0.246	-
2669	G	0.470	-
2670	C	0.269	-
2671	T	0.406	-
2672	A	0.368	-
2673	C	0.497	-
