1	G	0.041	-
2	C	0.407	-
3	G	0.302	-
4	G	0.173	-
5	C	0.421	-
6	C	0.432	-
7	G	0.492	-
8	C	0.322	-
9	T	0.072	0.2199149
10	C	0.341	0.2409497
11	C	0.528	0.2279959
12	G	-0.093	0.2349157
13	A	-0.344	0.238378
14	C	-0.105	0.2380253
15	C	0.392	0.207294
16	C	0.289	0.1842543
17	G	0.163	0.1902473
18	G	0.119	0.2103412
19	C	0.420	0.2034136
20	C	0.174	0.1962417
21	T	0.427	0.2014159
22	C	0.235	0.2276342
23	T	0.415	0.2499362
24	G	-0.121	0.2376327
25	G	0.077	0.2444891
26	C	0.429	0.2535898
27	G	0.434	0.2704232
28	C	0.216	0.2674134
29	T	0.399	0.2818736
30	G	0	0.2825959
 31	G	0.127	0.2939702
32	C	0.295	0.2884325
33	T	0.170	0.3066496
34	C	0.413	0.3154868
35	T	0.327	0.3116728
36	C	0.422	0.3108201
37	C	0.365	0.2929051
38	G	0.434	0.2875254
39	C	0.440	0.3050842
40	C	0.440	0.3116026
41	C	0.315	0.3010031
42	G	0.206	0.2983552
43	C	0.236	0.2961112
44	T	0.361	0.3005417
45	G	0.418	0.3014131
46	G	-0.105	0.2973229
47	G	0.302	0.2936387
48	C	0.316	0.2924237
49	A	0.245	0.2841083
50	T	0.104	0.2894824
51	C	0.123	0.2713366
52	C	0.372	0.2752022
53	G	0.407	0.2768325
54	C	0.438	0.2773938
55	T	0.292	0.2904527
56	C	0.368	0.2747971
57	C	0.418	0.2520229
58	C	0.290	0.2562409
59	C	0.412	0.2399895
60	G	-0.119	0.2223982
61	C	0.306	0.187924
62	G	0.390	0.1803381
63	C	0.428	0.1811104
64	G	0.129	0.1725125
65	G	0.021	0.1710739
66	C	-0.093	0.1615657
67	A	0.321	0.1692326
68	C	-0.187	0.1629162
69	G	-0.193	0.1918651
70	T	-0.247	0.1985141
71	G	0.270	0.198255
72	C	0.452	0.1879865
73	G	0.137	0.1899587
74	G	0.342	0.172977
75	C	0.247	0.2001898
76	G	0.428	0.2033798
77	G	0.298	0.227104
78	C	0.401	0.2491061
79	C	0.426	0.2750903
80	C	0.385	0.283508
81	C	0.244	0.2617616
82	T	0.164	0.2654872
83	G	-0.284	0.2566675
84	C	0.395	0.2671637
85	G	0.378	0.2533387
86	C	0.239	0.2594536
87	G	0.202	0.2592776
88	C	0.220	0.2476024
89	C	0.422	0.2461764
90	T	0.061	0.2559724
91	G	0.204	0.2670719
92	G	0.183	0.306517
93	C	0.436	0.3046377
94	T	0.179	0.2968948
95	C	0.408	0.3051659
96	A	0.398	0.315652
97	G	0.216	0.3191919
98	C	0.360	0.3155822
99	C	0.420	0.3390378
100	C	0.364	0.3303568
101	T	0.425	0.3406094
102	G	0.362	0.3303981
103	G	0.239	0.3391125
104	C	0.388	0.2979948
105	G	0.391	0.2963961
106	C	0.283	0.2963009
107	C	0.357	0.2999891
108	G	0.483	0.3006733
109	C	0.048	0.2983518
110	T	0.367	0.2976918
111	C	0.252	0.3011504
112	C	0.336	0.2970205
113	A	-0.331	0.2714763
114	T	0.369	0.2613681
115	T	0.214	0.2655614
116	C	0.426	0.2586496
117	C	0.432	0.2478676
118	G	0.322	0.2632697
119	C	0.413	0.2546508
120	C	0.424	0.2641751
121	A	0.164	0.2636078
122	G	-0.071	0.2924929
123	G	0.209	0.2641776
124	C	0.359	0.271006
125	G	0.233	0.2659016
126	C	0.289	0.2616436
127	G	0.325	0.2619464
128	G	0.212	0.2299716
129	G	0.423	0.2179772
130	C	0.326	0.2122267
131	G	0.188	0.2238937
132	G	-0.140	0.2332284
133	G	0.337	0.2353174
134	C	0.334	0.2407062
135	A	0.356	0.2378264
136	G	0.328	0.2054497
137	G	-0.162	0.1701287
138	A	0.208	0.1305557
139	G	0.061	0.09072797
140	C	0.138	0.05866519
141	T	0.377	0.05134503
142	C	0.396	0.02802983
143	T	0.329	-0.006990839
144	G	0.237	-0.04293978
145	G	-0.257	-0.08291112
146	A	-0.422	-0.06697856
147	A	-0.288	-0.08078349
148	A	-0.390	-0.08418741
149	A	-0.388	-0.09946735
150	A	-0.272	-0.1339576
151	A	-0.082	-0.1660882
152	T	-0.295	-0.1928851
153	T	-0.291	-0.2282558
154	A	-0.391	-0.2442447
155	T	0.124	-0.2256023
156	T	-0.040	-0.2020668
157	C	0	-0.1912773
 158	T	-0.136	-0.1844904
159	A	-0.243	-0.1817846
160	A	-0.181	-0.1920551
161	G	-0.152	-0.1967955
162	A	-0.399	-0.2041161
163	G	-0.545	-0.2115657
164	A	-0.087	-0.2419166
165	C	0.134	-0.2663845
166	A	-0.196	-0.289026
167	A	-0.266	-0.3056654
168	A	-0.223	-0.3167902
169	T	-0.267	-0.3234203
170	T	-0.380	-0.3386707
171	A	-0.422	-0.3267803
172	A	-0.525	-0.275429
173	A	-0.421	-0.2502381
174	A	-0.480	-0.236113
175	G	-0.407	-0.2389159
176	A	-0.435	-0.2335306
177	A	-0.443	-0.2452927
178	T	-0.300	-0.2546095
179	A	-0.426	-0.2595102
180	A	-0.185	-0.2659928
181	T	0.379	-0.26286
182	C	0.366	-0.2582936
183	T	0.389	-0.2492243
184	G	-0.246	-0.2406098
185	T	-0.169	-0.2230745
186	A	-0.435	-0.2133722
187	A	-0.435	-0.1754713
188	T	-0.469	-0.1268959
189	A	-0.539	-0.1023922
190	A	-0.469	-0.1328699
191	G	-0.339	-0.1377321
192	G	-0.317	-0.1795271
193	A	-0.252	-0.1658229
194	G	-0.120	-0.1825253
195	A	-0.269	-0.1661211
196	C	0.381	-0.1230142
197	G	0.447	-0.07649494
198	T	0.255	-0.0270685
199	C	-0.169	-0.004326622
200	A	0.278	0.04087693
201	A	-0.363	0.06061322
202	C	0	0.09142344
 203	A	-0.469	0.1143122
204	T	-0.139	0.1342544
205	T	0.340	0.1241619
206	C	0.368	0.09539541
207	C	0.350	0.05613286
208	A	-0.059	0.05036558
209	T	0.474	0.01092113
210	C	0.038	0.006903133
211	T	0.302	-0.02176309
212	C	0.291	0.004342356
213	A	0.089	0.03236908
214	G	0.199	-0.004786756
215	G	-0.070	-0.04240114
216	A	-0.451	-0.08729853
217	A	-0.273	-0.1068869
218	A	-0.431	-0.1538446
219	A	-0.435	-0.1345258
220	A	-0.515	-0.141388
221	A	0	-0.1592065
 222	C	0.364	-0.1500775
223	T	-0.327	-0.1825321
224	G	-0.308	-0.2007958
225	A	-0.457	-0.1970432
226	A	-0.412	-0.2038712
227	A	-0.370	-0.1867399
228	A	0.385	-0.1789057
229	C	0.178	-0.1255676
230	A	-0.029	-0.1398497
231	T	0.254	-0.1830087
232	G	-0.384	-0.1740892
233	T	-0.399	-0.1631247
234	A	-0.383	-0.1601074
235	A	-0.396	-0.1632473
236	T	-0.123	-0.1691407
237	A	-0.294	-0.2146983
238	C	0.444	-0.2087364
239	A	-0.257	-0.1869877
240	T	-0.412	-0.1781454
241	A	-0.167	-0.1557533
242	C	-0.111	-0.137031
243	A	-0.403	-0.1383862
244	A	-0.468	-0.1437242
245	A	-0.477	-0.1632599
246	G	-0.434	-0.1712198
247	T	0.285	-0.2160388
248	C	0.362	-0.2252798
249	C	0.413	-0.2241042
250	T	0.018	-0.2244056
251	G	-0.062	-0.191474
252	A	-0.407	-0.1470637
253	G	-0.492	-0.09767962
254	A	-0.474	-0.05007001
255	A	-0.437	-0.02268921
256	G	-0.362	-0.05300388
257	A	-0.423	-0.1024526
258	A	-0.391	-0.1186293
259	A	-0.172	-0.1291211
260	C	0.481	-0.1169305
261	C	0.395	-0.07069598
262	T	0.420	-0.03545681
263	C	0.379	-0.02646642
264	G	0.058	-0.02196609
265	A	-0.259	-0.01672892
266	A	-0.527	0.003340561
267	G	0.122	0.03715023
268	C	-0.170	0.06549939
269	A	0.157	0.04170983
270	C	0.424	0.01676458
271	A	0.142	-0.0009534778
272	G	-0.312	-0.01335698
273	G	-0.356	0.007016333
274	A	-0.268	-0.002904444
275	A	-0.062	0.01528128
276	G	0.217	-0.01205917
277	G	0.337	0.01709372
278	G	0.053	-0.01066139
279	T	-0.053	-0.046146
280	C	0.101	-0.04777428
281	T	0.156	-0.02334956
282	C	0.425	-0.01189111
283	A	-0.438	0.002431561
284	T	-0.200	0.0010041
285	G	-0.369	0.01496343
286	T	0.354	0.00148455
287	A	-0.342	-0.01483983
288	T	-0.214	-0.02555869
289	A	0.112	-0.02068613
290	G	0.126	-0.01300474
291	T	-0.150	-0.04745019
292	A	-0.010	-0.04825241
293	G	-0.087	-0.06383002
294	C	0.468	-0.06287969
295	A	0.094	-0.1060829
296	T	-0.240	-0.1131522
297	G	-0.246	-0.1124913
298	T	0.188	-0.100472
299	T	0.294	-0.09502591
300	G	-0.194	-0.09992324
301	A	-0.452	-0.126103
302	G	-0.480	-0.1502567
303	A	-0.352	-0.1949646
304	A	-0.423	-0.201453
305	A	-0.469	-0.1816276
306	A	-0.202	-0.1495609
307	C	0.329	-0.1397245
308	T	0.224	-0.1302546
309	G	-0.238	-0.1335918
310	A	-0.481	-0.1095478
311	A	-0.522	-0.1033176
312	G	-0.335	-0.1090931
313	A	-0.021	-0.1096646
314	G	0.116	-0.06009985
315	C	0.330	-0.02661779
316	C	0.365	-0.02135618
317	C	0.465	-0.01006429
318	T	-0.254	-0.01485229
319	G	-0.019	-0.00073635
320	T	-0.368	0.01159809
321	A	-0.456	0.01488893
322	A	-0.433	0.02370057
323	T	0.422	0.03365857
324	C	0.400	0.02861268
325	C	0.423	0.02119568
326	T	0.428	0.02027363
327	G	-0.324	0.05355202
328	A	-0.227	0.07865328
329	G	-0.300	0.1140628
330	G	-0.276	0.1181955
331	A	0.136	0.1235947
332	G	0.295	0.09724636
333	G	0.240	0.06550919
334	G	0.232	0.06678464
335	G	0.448	0.0452928
336	G	0.344	0.06447024
337	C	0.431	0.04876685
338	C	0.268	0.05633435
339	T	-0.382	0.06160918
340	A	-0.336	0.05072237
341	A	-0.051	0.008767533
342	T	-0.171	-0.004573244
343	C	0.446	-0.03299752
344	C	0.041	-0.0711383
345	A	0.020	-0.09431077
346	A	-0.510	-0.1357473
347	G	-0.164	-0.1498927
348	G	-0.181	-0.1192306
349	A	-0.059	-0.07488684
350	G	-0.459	-0.04989032
351	A	0	-0.02456026
 352	G	-0.279	-0.02689348
353	A	-0.237	-0.02321676
354	G	-0.072	-0.01562614
355	A	-0.314	0.02048914
356	G	0.014	0.04967153
357	G	0.169	0.07540836
358	C	0.461	0.0975119
359	T	0.398	0.146561
360	C	0.284	0.1625798
361	C	0.404	0.1944806
362	G	0.107	0.1849107
363	G	0.157	0.1954531
364	G	0.139	0.2397063
365	T	0.360	0.2461745
366	C	0.281	0.2461644
367	C	0.338	0.2238902
368	T	0.423	0.1987506
369	G	0.288	0.1948217
370	T	0.294	0.1730553
371	G	-0.410	0.1763734
372	G	0.116	0.1776528
373	A	0.482	0.1782829
374	C	0.130	0.1588926
375	A	0.169	0.1438399
376	C	0.060	0.09597964
377	A	-0.054	0.08085259
378	C	0.214	0.08195026
379	A	0.013	0.09057009
380	C	0.167	0.1301301
381	G	0.180	0.1389022
382	G	0.151	0.138603
383	G	0.011	0.1425154
384	T	0.010	0.1358675
385	T	-0.522	0.1029949
386	G	0.150	0.1128633
387	C	0.308	0.1244623
388	C	0.450	0.1351109
389	T	0.302	0.1489626
390	G	0.274	0.1586026
391	C	0.477	0.152836
392	T	0.201	0.1627764
393	T	0.049	0.1349448
394	C	-0.530	0.151591
395	A	0.123	0.1432139
396	C	0.422	0.1207606
397	C	0.204	0.1069344
398	C	0.416	0.09108662
399	C	0.353	0.0990224
400	A	0.047	0.09479157
401	T	0.190	0.09785079
402	C	-0.490	0.1102665
403	T	-0.223	0.1630702
404	A	0	0.1701349
 405	G	-0.096	0.162636
406	G	0.201	0.1721039
407	A	0.016	0.1729125
408	G	0.417	0.1561708
409	C	0.400	0.1417197
410	T	0.256	0.1376635
411	G	0.273	0.1527678
412	C	0.419	0.1882143
413	T	0.250	0.2095236
414	T	0.287	0.2331148
415	C	0.375	0.24718
416	C	0.430	0.2654089
417	T	0.052	0.2122664
418	G	-0.212	0.1801254
419	A	0.117	0.1550814
420	A	-0.218	0.1300894
421	G	0.414	0.1230381
422	C	0.383	0.09422464
423	C	0.328	0.09266126
424	T	0.454	0.08947703
425	T	0.344	0.07463576
426	C	-0.538	0.08260594
427	A	-0.177	0.084902
428	G	-0.194	0.06643056
429	G	-0.176	0.07722922
430	A	0.292	0.06181533
431	G	-0.267	0.06135999
432	G	0.259	0.05834322
433	C	0.317	0.03122023
434	A	0.163	6.801111e-05
435	G	0.195	0.01359179
436	G	-0.171	-0.004500489
437	A	-0.214	0.01077404
438	G	-0.024	0.006905767
439	G	0.137	-0.01037933
440	C	0.375	0.03251461
441	T	0.274	0.03534433
442	G	-0.033	-0.006461389
443	A	-0.215	0.003564722
444	A	-0.295	0.002036167
445	T	-0.503	0.03478772
446	T	0.080	0.06184267
447	T	-0.246	0.03864723
448	G	-0.018	0.02100901
449	T	0.504	0.007483061
450	T	0.310	0.007049339
451	T	-0.434	-0.007458344
452	C	0.344	-0.004762511
453	T	0.168	0.03632204
454	C	0.417	0.08835743
455	A	0.272	0.1094233
456	G	-0.441	0.1006443
457	G	-0.180	0.08312289
458	A	0.131	0.04069739
459	C	0.266	0.01814201
460	A	-0.294	0.06507678
461	A	-0.167	0.04144271
462	T	0.444	0.02900976
463	C	0.433	0.01917592
464	T	0.459	0.02156131
465	T	-0.404	0.06053953
466	A	-0.333	0.08728648
467	A	-0.259	0.1022962
468	T	-0.095	0.09204113
469	C	0.410	0.1172258
470	A	-0.081	0.1362043
471	C	-0.055	0.132685
472	A	0.240	0.1332304
473	T	0.315	0.1284582
474	C	0.259	0.1773186
475	C	0.301	0.1806094
476	G	0.402	0.1794404
477	G	0.081	0.1677067
478	A	0.158	0.1179471
479	C	0.174	0.09915475
480	A	0.380	0.07615493
481	G	0.443	0.04570526
482	G	0.373	0.02819287
483	G	0.475	0.01239203
484	A	-0.274	-0.009531489
485	G	-0.280	-0.01047716
486	A	-0.306	0.007900917
487	A	-0.485	0.006230194
488	A	-0.419	-0.006675172
489	A	-0.469	-0.05595517
490	A	-0.307	-0.09489751
491	C	0	-0.09115778
 492	A	-0.024	-0.09263512
493	T	-0.093	-0.06392762
494	T	0.385	-0.04438763
495	C	0.412	-0.04312613
496	A	0.128	-0.004332744
497	T	-0.057	0.0237179
498	G	-0.506	0.0581614
499	A	-0.257	0.08138434
500	C	0.440	0.07702226
501	C	0.448	0.0600906
502	T	0.242	0.0552019
503	A	0.071	0.0068619
504	G	-0.283	-0.03780888
505	G	0.212	-0.05963971
506	A	0.085	-0.07856162
507	C	0.150	-0.0629194
508	A	0.110	-0.04314753
509	G	-0.078	-0.06395982
510	A	-0.329	-0.09672932
511	T	-0.181	-0.1186853
512	A	-0.485	-0.1243145
513	A	-0.391	-0.1296825
514	A	-0.264	-0.1671992
515	A	-0.398	-0.1874452
516	T	-0.224	-0.2038794
517	A	0.098	-0.2355654
518	T	0.066	-0.2465117
519	G	-0.141	-0.2446427
520	T	-0.152	-0.2564548
521	A	-0.030	-0.255446
522	T	-0.380	-0.2571616
523	A	-0.462	-0.2228263
524	A	-0.278	-0.1744988
525	T	-0.145	-0.1344084
526	T	-0.459	-0.156807
527	A	-0.275	-0.1349676
528	A	-0.295	-0.1430057
529	A	-0.393	-0.1580043
530	A	-0.466	-0.1563272
531	T	-0.422	-0.1396381
532	T	0.353	-0.1392034
533	T	0.471	-0.1371576
534	C	0.496	-0.1256531
535	A	-0.305	-0.07678213
536	T	0.459	-0.07347996
537	T	-0.286	-0.07907568
538	G	-0.422	-0.06563974
539	A	0	-0.06229807
 540	A	-0.079	-0.01308841
541	A	-0.454	-0.05086368
542	A	-0.242	-0.05164191
543	T	0.061	-0.08009502
544	T	0.420	-0.07667046
545	G	-0.216	-0.08341252
546	A	-0.396	-0.04127185
547	G	-0.152	-0.02051368
548	A	-0.406	-0.006005683
549	A	0.463	0.02032767
550	A	-0.326	0.04205508
551	T	0.457	0.07959953
552	T	-0.015	0.09343669
553	T	-0.243	0.08029281
554	T	0.337	0.07159597
555	G	0.472	0.09775744
556	G	-0.049	0.1322324
557	T	0.261	0.1667226
558	T	0.394	0.1328629
559	G	-0.063	0.1608897
560	T	0.433	0.1075495
561	A	0.310	0.08636277
562	T	0.183	0.08373738
563	G	-0.372	0.04357161
564	T	0.074	0.02752727
565	A	0.468	0.01916783
566	T	0.214	-0.01706784
567	T	-0.145	-0.05649795
568	T	0.177	-0.07785387
569	A	-0.502	-0.1262932
570	T	-0.396	-0.171914
571	A	-0.290	-0.1886856
572	G	-0.385	-0.1803919
573	T	0.183	-0.165133
574	G	-0.199	-0.1773046
575	A	-0.391	-0.2057585
576	A	-0.315	-0.1756864
577	T	-0.448	-0.1845576
578	A	-0.438	-0.1664422
579	A	-0.510	-0.1706929
580	A	-0.118	-0.1607626
581	G	-0.223	-0.1430549
582	C	0.349	-0.159542
583	T	0.249	-0.1716592
584	A	-0.298	-0.1560864
585	T	0.395	-0.1486777
586	G	0.018	-0.1448989
587	T	-0.176	-0.1494002
588	T	-0.473	-0.1285492
589	A	-0.111	-0.1359681
590	T	-0.066	-0.142103
591	G	-0.113	-0.1663538
592	A	-0.417	-0.1840992
593	T	-0.110	-0.1714988
594	T	-0.182	-0.1934615
595	T	-0.379	-0.1668005
596	A	-0.519	-0.1777796
597	T	-0.135	-0.1498546
598	G	-0.251	-0.1605176
599	A	-0.333	-0.1492418
600	A	-0.087	-0.1527685
601	T	-0.070	-0.1479577
602	G	-0.071	-0.1662883
603	C	0	-0.139933
 604	A	0.498	-0.1414639
605	A	-0.374	-0.1387616
606	T	0.029	-0.142047
607	A	-0.303	-0.1061774
608	T	0.136	-0.09428381
609	G	-0.176	-0.09859102
610	G	-0.331	-0.1130098
611	A	-0.440	-0.1358241
612	A	0.292	-0.1536185
613	T	-0.407	-0.1676216
614	A	-0.470	-0.1604582
615	A	-0.194	-0.1541965
616	T	0.393	-0.1286114
617	T	-0.119	-0.1118331
618	G	-0.164	-0.07979361
619	A	-0.329	-0.07251956
620	A	-0.481	-0.06463656
621	T	-0.320	-0.06736494
622	C	0.246	-0.06489806
623	G	-0.245	-0.06414322
624	A	0.142	-0.05397718
625	G	0.156	-0.04858885
626	C	0.438	-0.04272196
627	T	0.400	-0.0428974
628	G	-0.200	-0.04508479
629	A	-0.298	-0.03907768
630	T	0.242	-0.04128707
631	T	-0.363	-0.07957401
632	G	-0.456	-0.06133062
633	A	-0.011	-0.06655524
634	C	0.490	-0.06133713
635	A	-0.014	-0.07830758
636	T	-0.167	-0.0736268
637	A	-0.368	-0.04351808
638	T	-0.373	-0.01747552
639	A	-0.360	-0.03454287
640	T	-0.443	-0.03694781
641	A	0.082	-0.03748276
642	T	0.048	-0.05673952
643	C	0.250	-0.06169563
644	A	0.133	-0.03752741
645	C	0.484	-0.008718856
646	C	0.341	0.03663498
647	T	0.169	0.05249477
648	C	-0.064	0.07313669
649	A	-0.406	0.07616386
650	A	-0.466	0.05858452
651	A	-0.357	0.06674032
652	T	0.401	0.05031552
653	C	0.420	0.03595129
654	C	0.350	-0.003011539
655	T	0.447	0.003867072
656	C	-0.088	-0.01978515
657	A	0.011	-0.02219158
658	A	-0.388	-0.01445475
659	A	-0.233	-0.01446908
660	T	0.194	0.005413139
661	T	-0.044	0.005749306
662	T	-0.125	-0.00571175
663	T	-0.216	0.0001668056
664	T	0.465	-0.003606583
665	A	-0.255	0.01405712
666	T	-0.107	0.0348722
667	T	-0.267	0.05808928
668	T	-0.466	0.07771717
669	T	0	0.04260228
 670	T	0.407	0.02594625
671	G	0.214	0.009615639
672	T	0.456	0.02096501
673	G	0.379	-0.03179766
674	T	0.229	-0.02512299
675	G	0.386	-0.03383949
676	T	0.029	-0.02912733
677	G	0.119	-0.01198449
678	T	-0.437	0.008907839
679	G	-0.344	0.007670839
680	A	-0.419	-0.01405677
681	C	-0.012	-0.05905716
682	A	-0.484	-0.1078219
683	A	-0.135	-0.1358419
684	G	-0.264	-0.1634458
685	G	-0.182	-0.1824379
686	A	-0.158	-0.2026705
687	C	0.376	-0.1924113
688	A	0.385	-0.1587447
689	T	-0.176	-0.1433884
690	T	-0.353	-0.1552618
691	T	-0.498	-0.1118454
692	G	-0.274	-0.08101767
693	A	-0.110	-0.05114944
694	A	-0.312	-0.02458233
695	A	-0.244	-0.006694611
696	T	-0.252	0.002028333
697	T	0.261	0.005532611
698	T	-0.142	0.04152506
699	G	-0.226	0.0792085
700	T	0.297	0.09425
701	T	0.419	0.1037515
702	C	0.273	0.1234671
703	T	0.295	0.1287383
704	T	0.163	0.1205746
705	G	0.533	0.1136779
706	G	0.448	0.08354467
707	A	0.471	0.07420789
708	T	0.324	0.07223294
709	G	-0.227	0.03170672
710	T	-0.103	0.007296672
711	T	0.244	0.01280834
712	T	-0.217	0.01412728
713	G	-0.391	0.0008997722
714	A	-0.376	-0.02191484
715	A	-0.281	-0.06807406
716	A	-0.310	-0.1099266
717	A	-0.261	-0.1216792
718	T	-0.432	-0.08832406
719	G	-0.020	-0.08743883
720	A	0.372	-0.08830844
721	C	0.319	-0.07270211
722	C	-0.074	-0.03550816
723	A	0.122	-0.009295389
724	A	-0.382	0.006326889
725	T	-0.281	0.04977083
726	A	0.113	0.0565795
727	C	0.372	0.07773384
728	A	-0.087	0.06594406
729	C	0.228	0.01910423
730	T	0.063	0.01761262
731	A	0.278	0.04873341
732	T	0.095	0.04948741
733	G	0	0.04509491
 734	T	0.471	0.03490818
735	T	-0.139	0.01494307
736	T	-0.051	-0.02827009
737	A	-0.232	-0.04689599
738	A	-0.470	-0.08680416
739	G	0.292	-0.1028071
740	G	0.485	-0.1351553
741	T	0.135	-0.1495607
742	T	-0.461	-0.155252
743	A	-0.465	-0.1845835
744	C	-0.246	-0.1642021
745	A	-0.404	-0.1392606
746	A	-0.423	-0.1128277
747	A	-0.489	-0.1087849
748	T	-0.224	-0.143398
749	A	-0.304	-0.1955407
750	G	-0.164	-0.2090307
751	A	-0.102	-0.1927712
752	C	-0.056	-0.1676199
753	A	0.227	-0.1703087
754	T	0.397	-0.1619076
755	C	0.243	-0.1237327
756	A	-0.397	-0.114401
757	A	-0.330	-0.1159479
758	T	-0.452	-0.1070916
759	T	-0.106	-0.1026887
760	T	-0.168	-0.1184214
761	A	-0.012	-0.1271337
762	T	-0.294	-0.1657853
763	G	-0.253	-0.1931214
764	T	0.264	-0.2126009
765	A	-0.321	-0.1658948
766	A	-0.252	-0.1235354
767	A	-0.144	-0.1027393
768	C	-0.084	-0.07189632
769	T	-0.385	-0.08107143
770	A	-0.213	-0.08403926
771	T	-0.468	-0.06994466
772	A	-0.094	-0.04864511
773	G	-0.107	-0.06031607
774	G	0.442	-0.0648009
775	C	0.432	-0.07990851
776	A	-0.078	-0.09878329
777	A	0.448	-0.1216768
778	T	-0.333	-0.1044014
779	G	-0.066	-0.1091559
780	A	-0.040	-0.09241653
781	T	0.129	-0.1067966
782	T	0.054	-0.07837459
783	G	-0.402	-0.1297759
784	A	-0.524	-0.181203
785	A	-0.484	-0.1719201
786	A	-0.496	-0.2026392
787	G	-0.074	-0.1734689
788	G	-0.299	-0.1754457
789	A	-0.166	-0.178461
790	A	-0.353	-0.183484
791	T	0.404	-0.1703953
792	A	-0.482	-0.1551947
793	T	-0.493	-0.1252424
794	G	0.088	-0.108812
795	G	-0.104	-0.09633158
796	A	0.191	-0.1107911
797	T	-0.101	-0.102969
798	T	-0.095	-0.08657106
799	A	0.039	-0.08089578
800	C	0.289	-0.1187328
801	T	-0.128	-0.08808786
802	A	0.014	-0.06372337
803	T	-0.188	-0.04002676
804	A	-0.272	-0.008020422
805	T	-0.334	-0.006502978
806	A	-0.158	-0.01795514
807	T	0.128	0.01563144
808	G	-0.251	0.03911676
809	T	-0.276	-0.0006493556
810	T	0.069	-0.02408774
811	T	-0.054	-0.02012511
812	C	0.515	-0.03502755
813	A	0.471	-0.03233966
814	T	0.218	0.01034473
815	T	-0.307	0.02546012
816	C	0.509	0.01072723
817	T	0.461	0.02587665
818	T	-0.426	0.03126393
819	T	-0.550	0.02443987
820	A	0.085	0.05496793
821	G	-0.456	0.01321316
822	G	-0.223	-0.03505729
823	A	0.433	-0.06971734
824	T	0.113	-0.07230534
825	G	-0.136	-0.1155713
826	T	0.021	-0.1456657
827	A	-0.179	-0.1105867
828	T	-0.053	-0.06013611
829	T	0.494	-0.08039737
830	T	-0.236	-0.04621509
831	T	-0.397	-0.03282373
832	A	-0.405	-0.07899573
833	T	-0.354	-0.1063489
834	A	-0.269	-0.1218177
835	A	-0.079	-0.1349119
836	T	0.205	-0.1357034
837	T	0.357	-0.1444847
838	G	-0.278	-0.1894421
839	T	0.158	-0.2007286
840	T	0.017	-0.1698794
841	A	-0.397	-0.1658944
842	T	-0.378	-0.1267859
843	A	-0.415	-0.1243344
844	A	-0.214	-0.1438044
845	T	-0.193	-0.1638644
846	A	-0.211	-0.2033324
847	A	-0.314	-0.2102573
848	T	-0.439	-0.2280188
849	T	0.157	-0.2434876
850	T	-0.333	-0.1982753
851	T	0.349	-0.2005846
852	A	-0.225	-0.177508
853	T	-0.430	-0.1671357
854	T	-0.155	-0.1791046
855	A	-0.353	-0.1869404
856	T	-0.403	-0.1919666
857	A	-0.161	-0.189898
858	A	-0.261	-0.2146496
859	C	0.416	-0.2127844
860	A	-0.420	-0.2551369
861	T	0	-0.2702137
 862	T	-0.027	-0.2740626
863	A	-0.409	-0.2875368
864	A	-0.352	-0.2947108
865	A	-0.405	-0.2900106
866	T	-0.402	-0.2596029
867	A	-0.287	-0.2227269
868	T	-0.300	-0.2339139
869	A	-0.412	-0.2334954
870	A	-0.496	-0.2343073
871	A	-0.499	-0.236521
872	A	-0.398	-0.2348047
873	G	-0.482	-0.1927672
874	A	-0.318	-0.1540182
875	C	0.386	-0.1432079
876	C	0.402	-0.1185654
877	A	0.214	-0.1095061
878	C	-0.412	-0.07040175
879	A	-0.014	-0.06559558
880	T	-0.067	-0.05809081
881	A	-0.378	-0.04367292
882	T	0.403	-0.01160054
883	A	0.292	0.02253779
884	T	-0.207	0.02442596
885	G	0.155	0.009089622
886	T	-0.137	0.009391733
887	A	0.291	0.02283712
888	T	-0.410	0.04532188
889	A	-0.364	0.04737024
890	A	-0.138	0.04316319
891	G	0.094	0.004139133
892	T	0.295	-0.03360187
893	T	0.420	-0.03518337
894	T	0.126	-0.05815353
895	G	0.220	-0.04216653
896	T	-0.170	-0.05299336
897	G	0.390	-0.002615639
898	T	-0.030	0.02147471
899	A	-0.454	0.02493817
900	T	-0.298	0.005281183
901	T	-0.386	0.009920183
902	T	-0.236	-0.001424206
903	A	-0.257	0.01847102
904	C	0.150	0.03705918
905	A	0.096	0.07321974
906	C	0.496	0.02938213
907	A	0.069	0.02799467
908	T	-0.076	0.03004278
909	A	-0.258	0.03737333
910	T	0.379	0.05995282
911	G	0.215	0.06863877
912	T	0.484	0.06643311
913	C	0.554	0.05326848
914	T	0.480	0.02648714
915	A	-0.398	-0.0261438
916	T	-0.055	-0.04748071
917	A	-0.417	-0.06305411
918	G	-0.166	-0.07013316
919	A	0.019	-0.09835622
920	T	-0.079	-0.1103463
921	G	-0.297	-0.1479816
922	T	-0.086	-0.1694893
923	A	-0.385	-0.1961611
924	A	-0.450	-0.1523712
925	A	-0.314	-0.1252191
926	T	-0.356	-0.07178929
927	T	-0.386	-0.05448618
928	A	-0.128	-0.0757495
929	A	0	-0.1009118
 930	T	-0.192	-0.1101078
931	G	0.167	-0.1250069
932	T	0	-0.07398161
 933	C	0.389	-0.03771367
934	C	0.433	-0.006324722
935	C	0.544	0.003858556
936	T	0.144	-0.003108778
937	A	-0.363	-0.01116733
938	T	-0.532	0.001384333
939	A	-0.462	0.02019111
940	G	-0.354	0.0006844444
941	C	0.532	-0.01142022
942	T	0.202	-0.02733033
943	A	0.250	-0.027304
944	T	-0.173	-0.04709661
945	G	-0.511	-0.07246072
946	T	-0.273	-0.07706256
947	A	0.225	-0.06561783
948	G	0.145	-0.06691656
949	T	-0.183	-0.05672033
950	A	-0.217	-0.09037924
951	G	0.102	-0.1113634
952	C	0.433	-0.1183064
953	T	0.188	-0.08373158
954	G	-0.311	-0.06319313
955	A	-0.446	-0.05152287
956	T	-0.326	-0.07038431
957	A	-0.486	-0.06165714
958	T	-0.170	-0.02536764
959	C	-0.073	-0.01625109
960	A	-0.175	-0.04431371
961	A	0.125	-0.08043021
962	C	0.448	-0.1198309
963	A	-0.141	-0.1089872
964	G	-0.063	-0.110225
965	A	-0.113	-0.1153014
966	T	0.302	-0.1046688
967	G	0.469	-0.1223608
968	T	-0.053	-0.09525068
969	T	-0.402	-0.05859279
970	A	-0.216	-0.05592785
971	A	-0.521	-0.08444433
972	C	-0.116	-0.1009073
973	A	-0.468	-0.122299
974	A	-0.418	-0.145064
975	A	-0.294	-0.1867904
976	A	-0.489	-0.2355775
977	C	0.414	-0.2516367
978	T	0.484	-0.2579193
979	C	0.173	-0.2618905
980	T	-0.064	-0.2195461
981	A	-0.438	-0.2059791
982	A	-0.448	-0.1888588
983	A	-0.523	-0.1400645
984	A	-0.448	-0.1353842
985	A	-0.408	-0.1255101
986	G	-0.342	-0.1410176
987	A	-0.515	-0.1745859
988	A	-0.287	-0.1853039
989	C	0.241	-0.177857
990	A	0.127	-0.1758831
991	A	-0.160	-0.1729493
992	G	0.460	-0.1604375
993	T	-0.210	-0.1557434
994	G	-0.311	-0.1449372
995	C	0.135	-0.1536408
996	A	-0.119	-0.1520583
997	A	-0.019	-0.1430799
998	A	0.069	-0.1813974
999	T	-0.402	-0.1767056
1000	T	-0.396	-0.1880978
1001	A	-0.298	-0.2390632
1002	T	-0.363	-0.2376498
1003	T	-0.213	-0.2337649
1004	A	-0.499	-0.2498134
1005	G	-0.486	-0.2465468
1006	G	-0.126	-0.2517347
1007	A	-0.448	-0.2519343
1008	A	0.212	-0.2025326
1009	G	-0.365	-0.156464
1010	A	-0.457	-0.1151573
1011	A	-0.185	-0.1112748
1012	T	-0.241	-0.1231749
1013	T	-0.153	-0.1030157
1014	A	-0.061	-0.102461
1015	T	-0.113	-0.07366522
1016	T	0.065	-0.06053044
1017	T	0.486	-0.05349538
1018	C	0.433	-0.05066399
1019	T	0.445	-0.01542861
1020	T	-0.293	0.0009012833
1021	G	-0.428	0.02172567
1022	A	-0.136	0.01646762
1023	A	-0.476	0.03796625
1024	G	0.392	0.04425225
1025	G	-0.212	0.01455078
1026	T	0.338	-0.03622694
1027	A	-0.314	-0.08631411
1028	T	0.176	-0.1373173
1029	G	0.108	-0.1475989
1030	T	0.133	-0.1501671
1031	A	-0.247	-0.1669633
1032	T	0.325	-0.1680281
1033	T	0	-0.2163493
 1034	T	-0.468	-0.2225854
1035	T	-0.427	-0.2603099
1036	A	-0.468	-0.2561686
1037	A	-0.472	-0.2394218
1038	A	-0.479	-0.2198258
1039	A	-0.474	-0.2281754
1040	A	-0.438	-0.2241534
1041	A	-0.496	-0.2719048
1042	A	-0.477	-0.2830584
1043	T	-0.324	-0.2699783
1044	A	-0.340	-
1045	A	-0.239	-
1046	C	0.478	-
1047	C	0.461	-
1048	T	-0.017	-
1049	T	-0.175	-
1050	A	-0.533	-
1051	C	-0.200	-
1052	A	-0.233	-
