1	G	0.201	-
2	C	0.218	-
3	A	0.319	-
4	T	-0.324	-
5	T	-0.396	-
6	A	-0.465	-
7	T	-0.415	-
8	A	-0.520	-0.1720745
9	A	-0.477	-0.2124223
10	A	-0.124	-0.2527052
11	G	0.090	-0.2953037
12	C	0.126	-0.2441055
13	T	0.084	-0.2149822
14	A	-0.333	-0.2174409
15	A	-0.298	-0.1694695
16	A	-0.437	-0.1156707
17	A	-0.443	-0.08644909
18	A	-0.426	-0.1101447
19	A	-0.361	-0.125982
20	T	0.494	-0.1219339
21	C	0.069	-0.15251
22	T	-0.505	-0.1101175
23	A	0.352	-0.06614173
24	C	0.340	-0.04349398
25	A	-0.010	0.01614721
26	A	-0.503	0.03225296
27	T	-0.162	0.06496621
28	T	0.191	0.04655065
29	G	-0.404	0.02216633
30	T	0.344	0.05808656
31	T	0.404	0.03037507
32	C	-0.074	-0.01833518
33	T	0.510	-0.04172688
34	T	-0.168	0.009029119
35	T	0.161	-0.004669631
36	T	0.199	-0.02971844
37	G	-0.320	-0.03172482
38	T	0.069	-0.05497369
39	T	-0.091	-0.05061237
40	T	-0.439	-0.02582494
41	T	-0.384	-0.05484441
42	A	0.308	-0.03383185
43	A	-0.381	-0.05741523
44	T	-0.209	-0.06694261
45	T	-0.436	-0.02821599
46	T	-0.027	-0.006114844
47	T	0.474	-0.00764185
48	C	0.321	-0.002824912
49	T	0.046	-0.002384038
50	C	0.167	-0.04945966
51	A	-0.215	-0.02143582
52	G	0.047	0.00895455
53	C	0.298	0.03187014
54	T	0.423	0.02304451
55	G	-0.115	-0.03130911
56	T	-0.361	-0.03948836
57	A	-0.377	-0.06581683
58	A	-0.444	-0.08974446
59	T	0.066	-0.07150634
60	C	0.276	-0.05190907
61	A	-0.069	-0.05712882
62	G	-0.168	-0.07255626
63	A	-0.395	-0.0368812
64	T	0.191	-0.01799732
65	A	-0.375	-0.004316256
66	C	-0.215	-0.001935194
67	A	0.076	-0.03560316
68	C	0.361	-0.07432891
69	A	0.215	-0.09669106
70	C	0.176	-0.06143231
71	C	0.455	-0.02753406
72	A	-0.059	-0.06469944
73	G	-0.158	-0.06467913
74	A	-0.406	-0.07801369
75	A	-0.471	-0.08838466
76	G	-0.343	-0.08837366
77	A	-0.427	-0.08899122
78	A	0.395	-0.1102079
79	C	0.147	-0.1717907
80	A	-0.403	-0.1828005
81	G	-0.374	-0.157587
82	A	-0.428	-0.11057
83	A	-0.089	-0.05566885
84	C	0.361	-0.00311535
85	T	0.205	0.007649713
86	G	-0.163	-0.04400354
87	A	-0.530	-0.05217962
88	A	-0.235	0.001425256
89	G	0.244	0.03047227
90	C	0.345	0.03100602
91	C	0.406	0.02450787
92	T	0.497	-0.009211069
93	T	-0.255	-0.04419957
94	A	-0.431	-0.01685488
95	T	0.016	0.02480756
96	C	0.454	0.05863243
97	A	0.089	0.06985737
98	A	-0.420	0.07494693
99	T	-0.193	0.05860562
100	T	-0.178	0.05245968
101	C	-0.354	0.08344612
102	T	0.274	0.1029249
103	T	0.136	0.07407345
104	C	0.305	0.04866948
105	T	0.424	0.05221009
106	G	0.427	0.08080876
107	G	0.144	0.09516734
108	C	0.399	0.08156421
109	C	0.240	0.08823327
110	T	-0.119	0.04978984
111	T	-0.445	0.0275944
112	T	0.047	-0.002149413
113	T	0.146	-0.01754591
114	C	0.037	-0.05124948
115	T	0.035	-0.03205691
116	G	-0.395	-0.05505309
117	A	-0.247	-0.07603944
118	A	-0.340	-0.06074088
119	A	-0.218	-0.03735366
120	T	-0.170	-0.02576956
121	A	0.178	-0.003330875
122	T	-0.112	-0.01683461
123	C	0.452	-0.01074387
124	G	0.031	0.02952582
125	G	-0.095	0.05754919
126	T	0.125	0.1055036
127	T	-0.070	0.1191684
128	T	0.232	0.1313367
129	C	0.505	0.09492716
130	T	-0.178	0.07832853
131	T	0.133	0.02011116
132	C	0.248	0.01574926
133	A	0.200	0.02476094
134	C	0.426	0.03785344
135	A	0	0.01322259
 136	C	0.024	-0.02127128
137	A	-0.404	-0.07819166
138	A	-0.377	-0.09044659
139	A	-0.479	-0.126861
140	C	-0.038	-0.1677478
141	A	0.048	-0.2063877
142	C	0.334	-0.2609543
143	A	-0.465	-0.2356843
144	A	-0.318	-0.2149889
145	T	-0.405	-0.1602156
146	A	-0.374	-0.1128615
147	A	-0.449	-0.1018052
148	T	-0.405	-0.1152266
149	A	-0.417	-0.1356934
150	G	-0.446	-0.1722582
151	A	0.404	-0.1332604
152	C	0.355	-0.08204625
153	C	0.471	-0.05511478
154	A	0.379	-0.05850484
155	A	-0.302	-0.03257698
156	T	-0.253	-0.01973836
157	A	-0.278	0.01426802
158	T	-0.250	0.05581789
159	T	0.158	0.05092446
160	C	0.500	0.05352339
161	A	0.025	0.04684177
162	T	-0.428	0.03755821
163	T	-0.034	0.05217224
164	G	-0.200	0.04029724
165	G	0.126	0.08700674
166	G	0.218	0.1340743
167	C	0.326	0.1208129
168	T	0.396	0.06241005
169	C	0.365	0.03711564
170	A	0.231	0.05467558
171	T	-0.068	0.05097021
172	G	-0.443	0.04739446
173	C	0.468	0.03821563
174	T	0.502	0.04139038
175	T	-0.053	0.02948544
176	T	-0.434	0.03053576
177	T	-0.379	-0.005617681
178	T	-0.147	-0.04935481
179	T	-0.093	-0.04970828
180	T	-0.257	-0.04708609
181	T	-0.020	-0.09867084
182	T	0.269	-0.1349422
183	T	0.135	-0.1610334
184	C	0.413	-0.1545043
185	T	-0.213	-0.150449
186	A	-0.468	-0.1292333
187	A	-0.074	-0.09528814
188	T	-0.401	-0.04628826
189	T	-0.356	-0.05592437
190	A	-0.077	-0.09378624
191	T	-0.470	-0.1342719
192	G	-0.329	-0.1936756
193	A	-0.314	-0.2084139
194	G	0.191	-0.209204
195	C	0.449	-0.233284
196	C	0.526	-0.2246211
197	T	-0.174	-0.1975848
198	A	-0.336	-0.170477
199	T	-0.512	-0.1149543
200	T	-0.536	-0.06688022
201	A	-0.449	-0.02758903
202	G	-0.481	-0.01427141
203	A	-0.459	-0.01551922
204	A	-0.262	-0.01527022
205	G	0.075	-0.005099188
206	C	0.356	-0.01018594
207	C	0.417	0.03044325
208	C	0.439	0.05849715
209	T	0.314	0.1126838
210	G	0.404	0.1487799
211	C	0.429	0.2061294
212	C	0.530	0.2487303
213	T	-0.011	0.2533595
214	A	-0.418	0.2532198
215	T	0.137	0.2261055
216	C	-0.088	0.1881452
217	T	0.417	0.1501466
218	C	0.096	0.1197055
219	C	0.457	0.1036049
220	A	0.419	0.07287802
221	T	0.149	0.06741836
222	G	0.354	0.09425624
223	G	-0.016	0.05473124
224	T	-0.167	0.0447489
225	A	-0.293	-0.000766475
226	A	-0.082	0.01586544
227	C	0.171	0.01384744
228	C	0.038	0.004939312
229	A	-0.099	0.02472675
230	T	0.011	-0.009077313
231	A	-0.494	-0.01202869
232	T	-0.247	-0.003450844
233	A	-0.310	0.006606594
234	G	0.362	-0.009775213
235	C	0.425	-0.04606859
236	T	0.276	-0.05127373
237	C	0.466	-0.0324066
238	T	-0.186	-0.008778475
239	T	-0.063	0.03975784
240	C	-0.030	0.04188646
241	A	-0.132	0.03359477
242	T	-0.344	-0.00433535
243	C	-0.408	-0.06107504
244	A	-0.044	-0.0994026
245	G	0.202	-0.1590285
246	C	0.389	-0.1741951
247	T	0.282	-0.1880798
248	G	-0.213	-0.2012891
249	T	-0.443	-0.1654467
250	A	-0.244	-0.1293315
251	A	-0.482	-0.07967243
252	A	-0.336	-0.04822319
253	T	-0.487	-0.02823144
254	T	-0.429	-0.05163219
255	A	-0.285	-0.06038301
256	A	-0.241	-0.07279326
257	C	0.440	-0.07122088
258	C	0.233	-0.08303007
259	C	0.385	-0.04780155
260	C	0.458	-0.00117505
261	T	0.522	0.03995201
262	G	0.015	0.06039345
263	A	0.142	0.1018224
264	T	-0.412	0.1453406
265	T	-0.418	0.09923439
266	A	-0.433	0.07115514
267	G	0.081	0.07029664
268	C	0.409	0.05091832
269	T	0.170	-0.003183675
270	G	-0.102	0.02248233
271	C	0.377	0.02674202
272	T	0.454	0.07982596
273	T	-0.296	0.1195494
274	G	-0.216	0.1794694
275	T	0.372	0.1542792
276	C	0.148	0.09609931
277	G	-0.343	0.06735794
278	T	0.425	0.0488535
279	C	0.210	-0.004000938
280	T	0.437	-0.06407869
281	C	0.217	-0.02598269
282	C	0.525	0.01331662
283	T	-0.321	0.007573187
284	A	-0.521	0.02399038
285	A	-0.289	0.02229475
286	A	-0.398	-0.03673031
287	G	-0.468	-0.04874698
288	A	-0.506	-0.05997236
289	T	0.312	-0.07943521
290	G	0.412	-0.1210371
291	C	0.280	-0.08363246
292	T	0.411	-0.02439315
293	A	-0.370	0.009850225
294	T	-0.518	0.04896466
295	T	0.017	0.1054262
296	C	0.257	0.1639193
297	G	-0.093	0.1721662
298	A	-0.140	0.1348364
299	C	0.276	0.1034668
300	C	0.426	0.1002625
301	T	0.258	0.1277063
302	G	0.227	0.1718338
303	C	0.434	0.2026082
304	C	0.429	0.1889163
305	C	0.444	0.1662401
306	A	-0.184	0.147934
307	G	-0.221	0.1280202
308	A	0.360	0.127848
309	T	0.068	0.1373761
310	G	0.187	0.1341698
311	C	0.510	0.1266648
312	T	0.038	0.1228024
313	T	-0.456	0.09596477
314	A	-0.433	0.142444
315	G	-0.041	0.1773915
316	C	0.423	0.1418367
317	C	0.411	0.107056
318	A	0.176	0.09364251
319	C	0.314	0.03304063
320	G	0.367	0.01810023
321	G	0.015	0.06475823
322	C	0.559	0.1218158
323	T	0.337	0.1505183
324	A	-0.208	0.1503103
325	C	-0.487	0.1391105
326	A	-0.027	0.1221893
327	G	-0.459	0.0727716
328	A	-0.200	0.04807101
329	G	0.289	0.07594545
330	T	0.479	0.07583076
331	C	0.417	0.0361822
332	T	0.420	0.05459681
333	C	0.231	0.08118863
334	A	-0.094	0.0629673
335	T	-0.475	0.07531649
336	A	-0.027	0.06643105
337	C	0.461	0.03221892
338	C	0.557	0.02666155
339	A	-0.297	-0.00109565
340	A	0.085	-0.01841215
341	C	-0.062	-0.06316877
342	G	-0.318	-0.08414517
343	A	-0.261	-0.08033823
344	A	-0.342	-0.108592
345	G	-0.257	-0.1662095
346	G	0.390	-0.2281511
347	A	-0.026	-0.2406543
348	G	0.143	-0.2482367
349	A	-0.484	-0.2171418
350	A	-0.430	-0.1771377
351	A	-0.414	-0.1541769
352	A	-0.479	-0.1060881
353	G	-0.460	-0.06447419
354	A	-0.433	-0.1195274
355	A	-0.497	-0.1431924
356	A	-0.035	-0.1257472
357	C	0.435	-0.08253206
358	C	0.321	-0.02986674
359	A	0.105	0.01666882
360	C	0.426	0.05752407
361	T	0.408	0.08037863
362	T	-0.489	0.07870532
363	T	-0.405	0.1253831
364	G	0.422	0.1538596
365	G	0.207	0.1611499
366	G	0.412	0.1715348
367	C	0.329	0.1322564
368	C	0.173	0.1123078
369	A	-0.094	0.06139031
370	A	-0.460	0.06994056
371	G	0.249	0.09526669
372	T	0.420	0.08457262
373	C	0.552	0.07162331
374	T	0.487	0.01911888
375	A	-0.522	-0.01680906
376	T	0.107	-0.05328325
377	A	-0.406	-0.07649119
378	G	-0.353	-0.05941781
379	A	0	-0.06783231
 380	T	0.251	-0.07204044
381	C	0	-0.1190591
 382	A	-0.427	-0.1623697
383	T	-0.245	-0.1459984
384	A	-0.409	-0.1431665
385	A	-0.466	-0.1390915
386	A	-0.187	-0.1456998
387	T	0.115	-0.1549606
388	G	0.352	-0.1863038
389	T	-0.200	-0.1943166
390	G	-0.205	-0.1563997
391	A	-0.260	-0.144912
392	T	0.152	-0.09753109
393	G	-0.341	-0.05342822
394	A	-0.458	-0.01685853
395	A	-0.148	0.002773656
396	T	-0.250	-0.004319406
397	G	-0.128	0.03491228
398	G	0.178	0.05462703
399	G	-0.061	0.07435079
400	T	0.348	0.05137811
401	C	0.239	0.06521273
402	C	0.397	0.06093729
403	C	0.429	0.05879829
404	A	0.239	0.07186431
405	T	0.427	0.08514433
406	C	0.109	0.06849824
407	T	0.054	0.1008642
408	G	-0.214	0.06871009
409	T	-0.119	0.03282421
410	A	-0.527	-0.01810079
411	A	-0.182	-0.04127821
412	G	-0.041	-0.07916289
413	T	0.084	-0.07348896
414	G	-0.087	-0.06512446
415	C	0.456	-0.05870803
416	T	-0.166	-0.03927803
417	T	-0.334	0.002272844
418	A	-0.417	0.06923878
419	T	0.058	0.05661266
420	A	-0.366	0.05451702
421	C	0.518	0.02422682
422	A	0.243	0.04950397
423	T	0.157	0.007728031
424	T	0.096	-0.004149031
425	C	0.544	-0.01498053
426	T	0.544	-0.02174016
427	A	-0.384	-0.05282836
428	T	-0.074	-0.0467523
429	A	-0.400	-0.07682172
430	C	0.317	-0.09796203
431	A	-0.211	-0.1257569
432	T	-0.356	-0.1436916
433	A	-0.508	-0.2057309
434	A	-0.525	-0.2533457
435	A	-0.438	-0.2090607
436	G	-0.269	-0.1845802
437	G	0.037	-0.1454724
438	T	-0.094	-0.1364652
439	A	-0.287	-0.1089495
440	G	-0.190	-0.05866948
441	T	-0.447	-0.02774063
442	G	-0.217	-0.01026544
443	C	0.324	0.004298306
444	T	0.316	0.02742462
445	C	0.225	0.003948231
446	C	0.461	0.02446223
447	A	0.228	0.06378329
448	G	0.448	0.102012
449	T	-0.013	0.1541482
450	G	-0.245	0.190114
451	T	-0.205	0.141653
452	A	0.100	0.09450566
453	C	-0.338	0.05186222
454	G	0.233	0.004821475
455	G	0.341	0.02100216
456	C	0.420	0.007735163
457	C	0.386	0.03569031
458	C	0.357	0.06724606
459	T	-0.451	0.1011171
460	A	-0.437	0.06182237
461	A	-0.456	0.07549494
462	A	-0.291	0.0490505
463	T	0.487	0.0378875
464	C	0.235	0.04053456
465	T	0.434	0.02983425
466	C	0.259	0.03207369
467	T	0.335	0.09038881
468	T	-0.528	0.1111869
469	A	-0.119	0.1518682
470	T	-0.189	0.1534339
471	G	0.163	0.1041532
472	T	0.463	0.06836194
473	C	0.215	0.030243
474	A	0.393	0.002058688
475	G	0.481	-0.008247062
476	A	-0.104	0.05282144
477	T	0.193	0.0895595
478	A	-0.266	0.1029972
479	C	-0.301	0.06963472
480	A	-0.336	0.01439985
481	T	-0.175	-0.02298527
482	T	-0.191	-0.07518396
483	C	0.171	-0.1199805
484	C	0.448	-0.1214306
485	C	0.468	-0.1051675
486	T	0.025	-0.0750604
487	T	-0.370	-0.03162596
488	T	-0.420	-0.01841784
489	T	-0.382	-0.02817371
490	A	-0.441	-0.04672065
491	T	-0.234	-0.06101927
492	G	-0.127	-0.08450107
493	T	0.454	-0.1104012
494	C	0.215	-0.09539869
495	A	0.393	-0.07850001
496	G	-0.125	-0.06938994
497	A	-0.331	-0.06621388
498	T	-0.488	-0.05879688
499	A	-0.057	-0.07530294
500	C	0.073	-0.08877726
501	A	0.053	-0.1315761
502	C	0.265	-0.1481333
503	A	-0.100	-0.1434027
504	T	-0.274	-0.1584755
505	A	-0.332	-0.1487253
506	T	-0.322	-0.1316513
507	A	-0.499	-0.144477
508	A	-0.343	-0.127099
509	T	-0.230	-0.1285843
510	G	-0.049	-0.169694
511	T	0.469	-0.1773784
512	T	-0.366	-0.1435465
513	T	-0.175	-0.1142439
514	T	-0.215	-0.1096268
515	G	-0.262	-0.06915704
516	C	0.351	-0.07753766
517	A	0.029	-0.0401356
518	G	-0.392	-0.006424094
519	A	-0.223	-0.02769397
520	G	0.266	0.02073009
521	C	0.136	0.05748591
522	A	-0.248	0.09000253
523	T	0.148	0.09662416
524	T	-0.477	0.08007131
525	C	0.367	0.06986284
526	C	0.489	0.1000235
527	T	0.129	0.1276849
528	T	0.408	0.1408988
529	C	0.412	0.1095278
530	C	0.305	0.1279738
531	C	-0.156	0.09623746
532	A	0.086	0.109764
533	T	-0.133	0.08009627
534	C	0.090	0.06599727
535	A	0.219	0.04475496
536	T	0.477	0.002680269
537	G	-0.365	-0.01263517
538	T	0.046	-0.008528794
539	T	-0.359	0.01798796
540	A	-0.261	0.03889599
541	A	-0.106	0.07108499
542	T	0.264	0.05283288
543	A	-0.210	0.04515549
544	T	-0.264	0.001249675
545	G	0.167	-0.0004978875
546	T	0.370	-0.02924989
547	T	0.267	-0.03129364
548	C	0.420	-0.04519376
549	T	0.381	-0.05300226
550	G	-0.201	-0.04681614
551	G	0.096	-0.03554577
552	A	-0.224	0.001327294
553	A	-0.393	-0.01131868
554	T	-0.413	-0.02313718
555	A	-0.391	-0.01519961
556	A	-0.483	-0.02428111
557	A	-0.231	-0.03077467
558	C	0.363	-0.0291333
559	A	-0.030	-0.06399479
560	T	0.325	-0.06369766
561	G	-0.035	-0.04409062
562	G	0.181	-0.03821324
563	T	0.394	-0.04131274
564	T	0.275	-0.03097512
565	C	0.277	-0.03619887
566	A	-0.175	-0.07540343
567	G	-0.461	-0.07349767
568	G	-0.219	-0.1219453
569	A	-0.079	-0.1159234
570	G	-0.319	-0.1434922
571	A	-0.441	-0.1636737
572	A	-0.318	-0.2033823
573	G	-0.315	-0.2474923
574	T	-0.264	-0.2542703
575	A	0	-0.2361404
 576	G	-0.450	-0.2046586
577	A	0.061	-0.1718724
578	G	-0.259	-0.1265979
579	A	0.071	-0.06906548
580	G	-0.359	-0.08036361
581	A	-0.428	-0.05785474
582	T	-0.283	-0.05220655
583	A	-0.171	-0.0588993
584	C	0.283	-0.03214098
585	T	0.445	-0.01936699
586	C	0.404	0.01849789
587	T	0.478	0.03877388
588	A	-0.498	0.08458382
589	T	0.044	0.1307891
590	C	-0.173	0.1753863
591	A	-0.107	0.202361
592	A	-0.022	0.2057354
593	G	0.265	0.2048609
594	C	0.346	0.1871056
595	C	0.395	0.13704
596	A	0.373	0.1777859
597	C	0.311	0.1983665
598	C	0.429	0.2297646
599	T	0.260	0.2619569
600	C	0.337	0.2945465
601	C	0.431	0.2988335
602	T	0.120	0.3015538
603	G	-0.322	0.2986597
604	A	0.153	0.2671628
605	G	0.374	0.2495636
606	C	0.328	0.2176235
607	T	0.407	0.1892624
608	T	0.499	0.1953524
609	C	0.334	0.1780775
610	T	0.389	0.1784458
611	C	0.349	0.2245303
612	G	-0.130	0.2369969
613	T	0.029	0.2091137
614	A	-0.081	0.2015949
615	C	-0.193	0.1974514
616	A	0.435	0.1932827
617	T	0.154	0.181387
618	G	0.126	0.1702379
619	C	0.415	0.1248444
620	T	0.352	0.141948
621	G	-0.072	0.1407968
622	G	0.208	0.1705597
623	C	0.341	0.2132882
624	C	0.432	0.2202475
625	C	0.143	0.2178308
626	A	0.211	0.2135799
627	G	-0.376	0.2148288
628	T	0.142	0.2108738
629	A	0.011	0.2358261
630	C	0.394	0.2174788
631	T	0.490	0.2219286
632	C	0.546	0.2211306
633	T	0.116	0.1960472
634	A	0.058	0.1566173
635	C	0.435	0.1939475
636	C	0.289	0.2185779
637	A	0.327	0.2056305
638	A	-0.085	0.1648249
639	C	0.412	0.1262905
640	T	0.419	0.07932814
641	G	-0.257	0.08359676
642	A	-0.419	0.09818943
643	G	0.220	0.09817949
644	C	0.536	0.1027071
645	T	-0.195	0.1075472
646	A	-0.257	0.1137387
647	C	-0.126	0.1113915
648	A	-0.204	0.1041928
649	T	0.184	0.1450757
650	C	0.291	0.1947836
651	C	0.435	0.2037394
652	C	0.361	0.1966585
653	C	0.404	0.2113605
654	A	0.013	0.2465702
655	G	0.375	0.2658744
656	C	0.304	0.2585425
657	C	0.396	0.2565821
658	C	0.375	0.2617194
659	C	0.363	0.2550678
660	T	0.423	0.2579611
661	C	0.039	0.2397669
662	C	0.305	0.2551548
663	T	0.182	0.2378698
664	G	-0.322	0.2454707
665	A	0.153	0.2307105
666	G	0.374	0.231636
667	C	0.328	0.2190397
668	T	0.407	0.1665876
669	T	0.113	0.180739
670	C	0.260	0.1420276
671	T	0.098	0.09925257
672	C	0.426	0.09547488
673	G	0.160	0.07375738
674	T	0.390	0.03104688
675	G	0.162	-0.01899256
676	A	-0.415	-0.05722831
677	T	0.265	-0.03636199
678	T	-0.313	-0.04259274
679	G	-0.501	-0.0616995
680	A	-0.382	-0.115933
681	G	-0.194	-0.1297757
682	A	-0.309	-0.1615351
683	G	-0.471	-0.1550517
684	A	-0.203	-0.1011606
685	C	0.447	-0.09408779
686	A	0.160	-0.04581054
687	G	-0.206	-0.001724544
688	G	-0.441	0.01332389
689	A	-0.061	-0.005744856
690	A	-0.117	-0.009891981
691	G	0.265	-0.0001598562
692	T	0.446	-0.01562011
693	C	0.378	-0.03462298
694	C	0.458	-0.01615636
695	C	0.203	0.01597646
696	A	-0.141	0.07213596
697	A	-0.499	0.08960787
698	A	-0.375	0.1181561
699	T	-0.316	0.1003092
700	A	-0.451	0.06430556
701	T	0.143	0.02062344
702	C	0.455	-0.03135031
703	T	0.307	-0.06257938
704	C	0.457	-0.08626025
705	A	0.218	-0.08876019
706	G	0.339	-0.07220731
707	C	-0.019	-0.07343875
708	A	-0.129	-0.05619563
709	G	-0.320	-0.05367838
710	A	-0.373	-0.06240656
711	T	-0.296	-0.1022243
712	A	-0.520	-0.1434671
713	A	-0.539	-0.1630873
714	A	-0.110	-0.1652724
715	G	-0.335	-0.1488462
716	A	-0.175	-0.1135061
717	C	0.183	-0.08415804
718	T	0.316	-0.03633742
719	G	-0.329	0.007887831
720	T	-0.202	0.03634737
721	A	-0.095	0.03883468
722	C	0.304	0.02485687
723	C	0.243	0.05146465
724	T	0.435	0.0863944
725	C	0.149	0.0910764
726	A	0.391	0.09895771
727	C	0.411	0.1320573
728	T	-0.065	0.1303086
729	A	-0.499	0.1346244
730	T	-0.334	0.100121
731	T	0.089	0.07116964
732	T	0.383	0.01960946
733	C	0.258	-0.002552481
734	C	0.442	-0.05409367
735	C	0.199	-0.1000287
736	G	-0.230	-0.1128332
737	A	-0.026	-0.05602233
738	A	-0.247	-0.02632796
739	G	-0.219	-0.01275311
740	A	-0.388	-0.007887925
741	G	-0.205	0.003262575
742	A	-0.432	0.005799887
743	A	-0.323	-0.01658311
744	A	-0.270	-0.02916024
745	C	0.409	-0.04986169
746	T	0.140	-0.06592231
747	C	0.306	-0.08232925
748	A	0.461	-0.08880225
749	C	0.436	-0.06418588
750	T	0.482	-0.04617762
751	C	-0.158	-0.02596363
752	T	-0.431	-0.04212881
753	T	-0.357	-0.06106088
754	A	-0.504	-0.07348686
755	A	-0.482	-0.09844808
756	A	-0.492	-0.144681
757	G	0.188	-0.1984726
758	G	-0.144	-0.2511986
759	A	0	-0.2258456
 760	G	-0.528	-0.1725
761	A	0.106	-0.1422995
762	C	-0.058	-0.08678221
763	A	-0.092	-0.06213676
764	G	-0.278	-0.04765457
765	A	-0.423	-0.04733569
766	A	-0.360	-0.009568381
767	G	0.247	0.01005237
768	C	0.421	0.05573668
769	T	0.125	0.07371531
770	T	0.383	0.05301723
771	G	-0.088	0.03601401
772	G	-0.260	0.0441832
773	A	0.193	0.06967747
774	T	0.459	0.09291927
775	C	0.313	0.04535477
776	T	0.202	0.01742429
777	G	0.394	0.03096991
778	G	-0.389	0.03039948
779	A	-0.364	0.06144534
780	T	-0.147	0.09290602
781	C	-0.015	0.07522932
782	A	0.011	0.03411564
783	A	-0.513	0.04089876
784	G	-0.025	0.05301739
785	G	0.342	0.06070814
786	G	0.374	0.1119288
787	A	0.408	0.1123035
788	G	0.242	0.1006663
789	C	-0.088	0.1216366
790	A	-0.198	0.1488458
791	A	0.422	0.2055266
792	C	0.396	0.2234365
793	C	0.517	0.2206511
794	T	0.430	0.223486
795	T	-0.358	0.2209606
796	A	-0.333	0.2183828
797	G	0.319	0.2482344
798	C	0.446	0.2362114
799	T	0.393	0.1921927
800	C	0.261	0.1590939
801	C	0.297	0.1082879
802	T	0.419	0.08063635
803	C	0.368	0.07366572
804	C	0.201	0.09239966
805	T	0.388	0.08238872
806	T	-0.390	0.04170659
807	T	-0.281	0.03147566
808	G	-0.133	0.03903472
809	A	-0.295	0.04749378
810	G	-0.012	0.01662956
811	A	-0.470	-0.02313263
812	A	-0.034	-0.02277257
813	T	0.159	-0.02521938
814	C	-0.204	0.02438649
815	A	0.229	0.06424387
816	C	0.382	0.1039746
817	C	0.433	0.1434658
818	A	-0.073	0.1423934
819	A	-0.268	0.1552055
820	T	0.207	0.1672152
821	C	0.349	0.1246669
822	T	0.403	0.1146236
823	C	0.355	0.1090024
824	T	0.502	0.09366505
825	G	0.336	0.08546761
826	T	-0.029	0.112948
827	T	-0.265	0.1386007
828	T	0.158	0.1325625
829	G	-0.521	0.110718
830	A	-0.365	0.09550184
831	G	0.139	0.05608284
832	G	0.136	-0.002715412
833	T	0.301	-0.02478175
834	C	0.365	-0.02901546
835	A	0.142	-0.01882034
836	T	0.110	-0.03480121
837	G	0	0.02466085
 838	C	0.159	0.0631251
839	A	-0.274	0.08284398
840	A	-0.438	0.08082691
841	A	-0.017	-
842	T	-0.097	-
843	G	-0.101	-
844	T	-0.097	-
845	T	0.430	-
846	C	0.250	-
847	A	0.454	-
848	C	0.104	-
