1	A	-0.154	-
2	T	-0.284	-
3	G	-0.398	-
4	A	-0.303	-
5	A	-0.353	-
6	G	-0.189	-
7	A	-0.281	-
8	C	0.380	-
9	C	0.327	-
10	A	0.049	-
11	G	-0.388	-
12	A	-0.137	-
13	G	0.105	-
14	C	0.203	-0.06428935
15	T	-0.273	-0.06336924
16	A	-0.513	-0.05444317
17	A	-0.494	-0.03772705
18	C	-0.050	-0.02920798
19	A	-0.035	-0.0299935
20	G	-0.132	-0.02918594
21	G	0.281	-0.003364052
22	G	0.212	-0.00144383
23	C	0.374	0.002472393
24	C	0.470	0.01401328
25	T	-0.074	0.03909461
26	G	0.070	0.02713047
27	T	-0.147	0.007945467
28	A	-0.129	-0.01433468
29	G	-0.043	-0.003188641
30	G	0.053	0.007818915
31	G	-0.073	0.01224188
32	A	-0.374	0.0005159704
33	T	-0.167	-0.0152192
34	T	0.415	-0.02615406
35	C	0.431	-0.04471598
36	C	0.433	-0.06065298
37	C	0.361	-0.08696387
38	A	0.289	-0.1210923
39	G	-0.460	-0.1308105
40	A	-0.412	-0.1382286
41	A	-0.397	-0.1354594
42	A	0.027	-0.1204863
43	C	-0.215	-0.1105432
44	A	-0.375	-0.09581037
45	A	-0.367	-0.08579014
46	G	-0.460	-0.06656636
47	T	-0.427	-0.05859996
48	A	-0.219	-0.06500751
49	G	-0.218	-0.09234651
50	G	-0.335	-0.09546529
51	A	-0.451	-0.1183159
52	A	-0.337	-0.1421628
53	A	-0.130	-0.1333758
54	A	-0.072	-0.1066608
55	G	0.274	-0.07515318
56	G	0.225	-0.06571774
57	G	0.450	-0.05158489
58	G	0.197	-0.02573656
59	C	0.144	-0.01496066
60	A	0.047	-0.01331974
61	C	0.242	-0.01772707
62	T	-0.306	-0.01259183
63	A	0.349	0.01014261
64	G	-0.255	0.03606102
65	G	-0.354	0.05327903
66	A	-0.223	0.04914236
67	A	0.308	0.06496917
68	C	0.452	0.07346965
69	T	0.282	0.07414269
70	G	0.165	0.08212928
71	C	0.322	0.06134943
72	A	-0.076	0.03730102
73	A	-0.416	0.01475669
74	G	-0.546	-0.006203344
75	A	-0.080	-0.03442309
76	C	0.395	-0.04114223
77	T	0.363	-0.0461799
78	G	0.013	-0.02040431
79	G	-0.448	0.005203544
80	A	0.297	0.0245308
81	G	0.156	0.02506051
82	C	0.292	0.01407336
83	G	0.440	-0.01421771
84	T	-0.110	-0.02763664
85	G	-0.452	-0.05311734
86	A	-0.464	-0.06144116
87	A	-0.518	-0.03030368
88	A	-0.518	-0.009038289
89	A	-0.487	-0.001536085
90	G	0.213	-0.03472297
91	C	0.440	-0.0571822
92	C	0.336	-0.05560329
93	C	0.298	-0.02306989
94	A	0.322	-0.02069133
95	G	0.156	-0.02116318
96	A	-0.481	-0.0230204
97	A	-0.196	-0.03741103
98	T	-0.365	-0.0194911
99	T	-0.300	0.006210785
100	C	0.424	0.0354659
101	A	0.027	0.06683971
102	C	0.121	0.09404123
103	A	-0.500	0.1160139
104	G	-0.242	0.1016132
105	T	0.056	0.08530264
106	C	0.429	0.08890482
107	C	0.361	0.09484534
108	A	0.144	0.1012602
109	G	0.242	0.101504
110	G	0.052	0.1193303
111	T	0.373	0.1372062
112	G	0.241	0.1632391
113	C	0.325	0.1784669
114	C	0.328	0.1763179
115	T	0.215	0.1681614
116	G	0.105	0.1703487
117	G	-0.175	0.2022731
118	A	0	0.2276464
 119	A	0.433	0.2414153
120	C	0.459	0.2340013
121	T	0.496	0.2375614
122	T	0.162	0.2355778
123	T	0	0.2307567
 124	C	0.285	0.2448807
125	T	0.337	0.2429363
126	C	0.110	0.2385701
127	A	0.366	0.2247527
128	G	-0.192	0.215142
129	T	0.180	0.2169519
130	T	0.361	0.2287597
131	C	0.442	0.2438149
132	T	0.428	0.2558629
133	C	0.229	0.2474711
134	T	0.457	0.2154101
135	G	0.090	0.2030487
136	C	0.112	0.1960577
137	A	0.433	0.2074904
138	C	0.321	0.2139136
139	T	0.124	0.2171959
140	G	-0.047	0.2216904
141	G	0.069	0.223283
142	G	0.264	0.2304085
143	T	0.424	0.2224454
144	C	0.230	0.1939961
145	C	0.325	0.1570681
146	T	0.207	0.1307597
147	G	-0.406	0.1301309
148	T	0.162	0.1311791
149	G	-0.025	0.1338043
150	C	0.308	0.1250196
151	G	0.459	0.1214382
152	G	0.426	0.09898826
153	T	0.231	0.07875915
154	G	0.409	0.08858994
155	C	0	0.06635263
 156	A	-0.034	0.06892571
157	A	-0.406	0.06919523
158	T	-0.554	0.07139052
159	A	-0.282	0.056546
160	C	0.212	0.04451026
161	T	0.485	0.06082543
162	G	0.161	0.04282969
163	A	-0.124	0.0329456
164	G	0.336	0.02088335
165	G	-0.285	0.02026264
166	A	-0.422	0.01201705
167	T	0.217	0.01792883
168	T	-0.531	0.01185994
169	C	0.333	0.02059979
170	C	0.431	0.02977229
171	T	0.290	0.05580451
172	G	-0.075	0.08697207
173	A	-0.117	0.09180755
174	T	0.034	0.08830021
175	T	-0.323	0.07673733
176	T	-0.292	0.08116955
177	T	-0.016	0.09292151
178	C	0.442	0.08971451
179	T	0.203	0.1148711
180	C	0.391	0.1421803
181	A	0.245	0.1377573
182	G	0.235	0.1578849
183	C	0.213	0.1614848
184	A	0.296	0.1554004
185	G	0.286	0.1554056
186	C	-0.151	0.1725615
187	T	0.117	0.1823928
188	C	0.173	0.1716954
189	T	0.281	0.1803077
190	G	0.192	0.1984132
191	G	0.250	0.2128472
192	T	0.394	0.2064326
193	C	0.315	0.2117269
194	G	0.098	0.2091736
195	C	0.012	0.2159572
196	A	0.430	0.2193063
197	C	0.267	0.214204
198	C	0.290	0.210882
199	C	0.387	0.2100776
200	T	0.147	0.2291805
201	A	-0.254	0.234086
202	G	-0.090	0.2404666
203	G	0.196	0.2190957
204	C	0.372	0.1954536
205	C	0.269	0.168982
206	G	0.346	0.136846
207	C	0.322	0.1076696
208	C	0.428	0.08872171
209	T	0.326	0.07476514
210	G	0.075	0.05880295
211	G	0.206	0.06268788
212	G	0.265	0.06779854
213	C	0.364	0.0462354
214	T	0.250	0.0496911
215	C	0.345	0.06862599
216	A	-0.295	0.08560063
217	G	-0.445	0.07618946
218	A	-0.464	0.05908814
219	A	-0.473	0.02961051
220	A	-0.472	-0.001368233
221	A	-0.413	-0.01969616
222	G	-0.364	-0.04754134
223	A	0	-0.05638192
 224	C	0.372	-0.05700334
225	C	0.428	-0.07251434
226	A	-0.194	-0.09596849
227	T	0.241	-0.1252918
228	G	0.256	-0.1397044
229	G	0.367	-0.1379367
230	C	-0.058	-0.1233647
231	A	-0.089	-0.09597603
232	A	-0.526	-0.06264544
233	A	-0.489	-0.02687329
234	G	-0.172	-0.02789296
235	A	-0.323	-0.008826622
236	G	0.087	-0.002841733
237	A	0.058	-4.049259e-05
238	G	-0.212	-0.007439196
239	G	-0.367	-0.01998627
240	A	-0.427	-0.01391471
241	A	-0.138	-0.0253377
242	C	0.393	-0.01766418
243	C	0.097	-0.02612818
244	A	0.293	-0.009919933
245	C	0.435	0.002028237
246	C	0.492	0.03815701
247	A	-0.500	0.07174168
248	A	0.101	0.09504053
249	G	-0.203	0.1217633
250	T	0.075	0.1345279
251	G	0.172	0.1241983
252	C	0.089	0.1171258
253	A	-0.030	0.1373245
254	A	-0.067	0.1590012
255	T	0.463	0.1781001
256	C	0.138	0.1687662
257	T	0.379	0.1816554
258	T	0.233	0.1866341
259	T	0.448	0.1859192
260	C	0.417	0.184066
261	T	0.456	0.2087149
262	C	0.398	0.2185031
263	T	0.432	0.2231905
264	G	-0.220	0.2145162
265	A	-0.403	0.1979292
266	G	0.177	0.1772665
267	T	0.157	0.1913962
268	C	0.376	0.2081119
269	T	0.141	0.1919636
270	G	0.445	0.1953632
271	G	0.428	0.195972
272	G	0.416	0.1966997
273	C	0.442	0.1911631
274	C	0.165	0.1929723
275	T	0.365	0.174793
276	T	-0.076	0.1708534
277	T	-0.158	0.137433
278	T	-0.275	0.1358641
279	G	-0.468	0.1400638
280	C	0.350	0.1414228
281	T	0.384	0.1342186
282	G	0.027	0.1357041
283	C	0.230	0.1434801
284	T	0.395	0.1191062
285	G	0.253	0.1140955
286	C	0.299	0.1122722
287	T	0.465	0.09000262
288	G	-0.034	0.09511143
289	A	0.292	0.09754717
290	A	-0.47	0.1091827
291	T	-0.262	0.1192342
292	T	-0.289	0.1450423
293	T	0.214	0.1526412
294	T	-0.036	0.1232711
295	C	0.416	0.1017221
296	T	0.351	0.107147
297	G	-0.212	0.1136625
298	G	0.292	0.1051495
299	G	0.366	0.08851775
300	G	-0.158	0.07418985
301	A	0.303	0.0698814
302	C	0.431	0.06081013
303	C	0.237	0.03408487
304	G	0.112	0.03788672
305	C	0.421	0.05245557
306	G	-0.263	0.05443531
307	A	-0.442	0.05060139
308	T	-0.197	0.051042
309	G	0.174	0.02610133
310	C	0.406	0.01161241
311	T	0.166	0.03076408
312	A	-0.195	0.02938626
313	G	-0.087	0.03256756
314	A	0.349	0.05820856
315	A	-0.279	0.06146337
316	G	-0.429	0.02743145
317	A	-0.367	-0.0001179222
318	T	0.130	-0.01538629
319	G	-0.236	-0.04472663
320	T	0.110	-0.03111848
321	A	-0.024	-0.009933367
322	C	-0.256	0.005662744
323	A	-0.039	0.01131626
324	C	0.304	0.003350559
325	T	0.255	-0.001673222
326	C	0.452	0.01153437
327	C	0.533	0.0299919
328	T	0.391	0.0087052
329	T	-0.487	0.02032689
330	T	-0.506	0.03802295
331	A	-0.299	0.04322287
332	G	-0.370	0.02622961
333	T	0.104	0.03732744
334	T	0.129	0.03281223
335	G	0.223	0.02409711
336	C	0.326	0.03864319
337	A	0.191	0.04456492
338	A	0.030	0.04590321
339	C	0.160	0.0438221
340	T	0.410	0.04365462
341	T	-0.225	0.0339931
342	G	0.034	0.03632118
343	A	0.048	0.07210862
344	T	-0.226	0.08494488
345	C	-0.327	0.07672288
346	A	0.063	0.1040461
347	T	-0.011	0.1032086
348	C	-0.260	0.08332152
349	A	0.136	0.05572537
350	G	0.120	0.02654934
351	G	0.340	0.01945652
352	G	0.199	0.02534056
353	C	0.448	0.006266822
354	T	0.272	-0.02166621
355	C	0.454	-0.0267064
356	C	0.478	-0.02605202
357	T	-0.159	-0.01823593
358	A	-0.521	0.003759778
359	C	0.367	0.03189441
360	C	0.081	0.04267403
361	A	-0.407	0.04780623
362	A	-0.521	0.0713956
363	A	-0.460	0.07812516
364	G	0	0.07115312
 365	C	0.189	0.05741218
366	A	-0.354	0.03511644
367	G	-0.343	0.02340144
368	A	-0.361	0.006704585
369	A	0.052	-0.02720704
370	C	0.259	-0.04980156
371	C	0.366	-0.05079786
372	T	0.431	-0.04630904
373	C	0.354	-0.07336234
374	T	0.127	-0.06614735
375	C	0.376	-0.04891681
376	T	0.317	-0.01861752
377	G	-0.068	0.005268593
378	G	-0.030	0.01620641
379	T	-0.402	0.01334115
380	A	0.131	0.03909689
381	T	-0.178	0.06202315
382	G	-0.461	0.08564611
383	A	-0.131	0.1012659
384	A	-0.186	0.1007067
385	G	-0.400	0.06772519
386	G	-0.363	0.05733644
387	A	0.276	0.03735878
388	C	0.058	0.03448495
389	A	0.296	0.02370828
390	G	0.183	0.001973611
391	T	0.295	-0.003552907
392	G	0.111	-0.01571519
393	C	0.341	-0.003957859
394	T	0.275	-0.02195401
395	C	0.276	0.001186585
396	A	0.473	0.006554733
397	G	0.244	-0.002849822
398	T	-0.523	-0.004075563
399	G	0.151	-0.003297674
400	G	-0.185	2.662222e-05
401	A	0.049	-0.004151119
402	T	0.085	0.01151571
403	G	-0.268	0.002847367
404	G	-0.217	-0.003965115
405	A	-0.358	-0.01162278
406	A	-0.084	0.001375885
407	T	-0.353	0.0005582185
408	T	0.446	0.007526737
409	G	-0.316	-0.003422804
410	A	-0.385	-0.03420043
411	T	-0.219	-0.06144003
412	T	-0.379	-0.05562058
413	T	-0.273	-0.08166251
414	C	0.163	-0.08684529
415	C	0.481	-0.09855727
416	T	0.062	-0.08398545
417	T	0	-0.07009416
 418	T	0.088	-0.06060355
419	C	0.462	-0.06002203
420	T	0.319	-0.06210254
421	T	0.463	-0.05867458
422	C	-0.019	-0.08180765
423	T	-0.357	-0.08578869
424	A	-0.491	-0.08884821
425	A	-0.366	-0.09234136
426	T	-0.551	-0.09403847
427	A	-0.325	-0.0672208
428	A	-0.266	-0.06836917
429	C	0.479	-0.1026035
430	G	0.106	-0.1171012
431	T	0.038	-0.1232413
432	G	-0.342	-0.1098323
433	A	-0.141	-0.1184846
434	A	-0.261	-0.1429985
435	C	-0.178	-0.1594917
436	A	-0.424	-0.1725066
437	A	-0.467	-0.1504515
438	G	-0.313	-0.1346322
439	A	-0.425	-0.1040292
440	C	0.450	-0.08202467
441	C	0.132	-0.08599681
442	A	-0.443	-0.06847007
443	T	-0.329	-0.07652993
444	G	-0.165	-0.06695622
445	C	0.450	-0.05450587
446	C	0.229	-0.04869746
447	T	-0.342	-0.04260702
448	T	0.018	-0.04934917
449	T	-0.370	-0.05987165
450	G	0.238	-0.06416154
451	G	-0.064	-0.05823346
452	G	0.459	-0.05771113
453	C	0.042	-0.04634176
454	A	-0.432	-0.05686383
455	A	0.206	-0.07266913
456	C	0.261	-0.03957606
457	C	0.364	-0.02495969
458	A	0.375	-0.02915995
459	G	-0.186	-0.06560677
460	G	0.023	-0.08864117
461	A	-0.443	-0.07435317
462	G	-0.462	-0.07717791
463	A	-0.539	-0.04660869
464	A	-0.307	-0.04555084
465	G	-0.299	-0.03928349
466	A	-0.118	-0.04316345
467	T	0.166	-0.0255526
468	G	-0.294	-0.02139457
469	G	0.450	-0.04662364
470	C	0.065	-0.07627234
471	A	-0.279	-0.09444483
472	A	-0.533	-0.1161362
473	A	-0.392	-0.09602183
474	T	0.043	-0.0838006
475	G	-0.057	-0.0645147
476	C	0.454	-0.04739652
477	C	0.267	-0.01580448
478	A	0.105	0.011571
479	C	0.355	0.02498545
480	C	0.517	0.03036086
481	G	-0.320	0.02277162
482	A	-0.474	0.04034988
483	A	-0.539	0.02678384
484	G	-0.125	0.007662289
485	T	-0.210	0.01233881
486	G	0.357	0.01296899
487	T	0.353	0.0415334
488	G	0.077	0.0470638
489	G	0	0.0597584
 490	A	0.313	0.03934699
491	C	0.431	0.02945644
492	A	0.062	0.03224944
493	T	0.027	0.02818266
494	G	-0.038	0.02033155
495	T	0.180	0.0389461
496	G	0.084	0.05795799
497	A	-0.450	0.06049906
498	G	-0.152	0.05869577
499	A	-0.516	0.06542366
500	T	0.378	0.06787618
501	C	0.192	0.057652
502	C	0.285	0.0463627
503	A	-0.096	0.02942536
504	G	0	0.02249736
 505	T	0.180	-0.001640193
506	G	0.245	-0.0133439
507	G	0.305	-0.006152644
508	C	0.182	0.01153448
509	T	0.038	0.01328822
510	A	-0.470	0.02038638
511	G	-0.174	0.04676467
512	A	-0.028	0.04015749
513	C	0.423	0.06586741
514	C	0.077	0.05463575
515	T	-0.227	0.05354264
516	A	-0.457	0.03511809
517	T	0.126	0.03257571
518	T	-0.220	0.0122416
519	G	-0.253	-0.002140026
520	G	0.221	-0.0236461
521	G	0.439	-0.04691991
522	C	0.227	-0.05750017
523	C	0.275	-0.05197661
524	A	0.261	-0.0297688
525	G	-0.331	-0.04250413
526	G	0.177	-0.05230392
527	A	0.075	-0.08541547
528	C	0.162	-0.07414174
529	T	-0.212	-0.06226111
530	T	-0.164	-0.03203144
531	A	-0.549	-0.01980141
532	A	-0.207	0.00364163
533	G	-0.335	0.01155891
534	G	-0.322	-0.01096176
535	G	-0.103	-0.04348909
536	A	0.187	-0.06594631
537	C	0.129	-0.09220824
538	A	-0.518	-0.0874429
539	A	-0.293	-0.05558342
540	G	-0.470	-0.0748665
541	G	0.381	-0.09577809
542	T	0.093	-0.1093048
543	G	0.358	-0.0960245
544	T	0.456	-0.09173665
545	C	0.412	-0.05624591
546	T	-0.039	-0.03484187
547	G	-0.386	-0.01746932
548	A	-0.439	0.001805422
549	A	-0.378	0.004100537
550	A	-0.433	0.007903648
551	T	0.390	-0.01464494
552	C	0.528	-0.004749241
553	A	-0.342	0.01437943
554	A	-0.489	0.04586283
555	A	-0.202	0.04634965
556	G	0.146	0.02860699
557	T	-0.049	0.001050059
558	G	0.409	-0.01049927
559	C	0.370	-0.01499605
560	A	0.133	-0.003800926
561	C	0.197	0.0178567
562	A	-0.041	0.02186678
563	C	0.290	0.04280574
564	A	-0.479	0.05885407
565	A	-0.251	0.04613846
566	C	0.222	0.02655005
567	C	0.379	0.02149512
568	A	0.394	0.02985305
569	A	-0.385	0.04106027
570	G	-0.385	0.0503982
571	A	0.144	0.05621087
572	C	0.291	0.05358224
573	C	0.262	0.05144746
574	A	0.197	0.05980868
575	G	-0.330	0.03934072
576	T	0.186	0.04231557
577	G	0	0.04731487
 578	G	0.046	0.07008605
579	T	0	0.06904479
 580	A	-0.479	0.05159805
581	A	-0.263	0.0431309
582	G	0.100	0.0323649
583	T	0.398	0.05464216
584	G	0.107	0.07783309
585	T	0.338	0.06753964
586	G	0.312	0.05445543
587	G	0.359	0.04706937
588	G	-0.354	0.053346
589	A	0.039	0.07506041
590	C	0.425	0.08437674
591	T	0.135	0.09099445
592	G	-0.279	0.07925359
593	A	-0.248	0.06807847
594	G	0.150	0.08496973
595	C	0.104	0.07629654
596	A	0.215	0.08161343
597	C	0.241	0.0810278
598	A	-0.133	0.08939987
599	G	-0.061	0.09321624
600	A	0.062	0.08083398
601	G	0.367	0.0637549
602	G	0.255	0.06781916
603	C	0.438	0.07836727
604	A	0.178	0.06326918
605	G	-0.270	0.04333607
606	A	-0.301	0.03452718
607	G	-0.023	0.02671348
608	A	-0.497	0.008638478
609	T	0.243	-0.001506596
610	G	0.382	-0.002940448
611	G	0.333	-0.009448222
612	T	0.441	0.001253
613	T	-0.021	0.01203947
614	G	-0.101	0.0233912
615	G	-0.245	0.02162283
616	C	0.323	0.02924216
617	A	0.017	0.02794949
618	A	-0.402	0.02409187
619	G	-0.517	0.01641306
620	A	-0.459	0.009168833
621	G	-0.337	0.004830063
622	A	-0.169	0.03637051
623	G	0.176	0.03057109
624	G	0.065	0.03105912
625	A	0.155	0.009786011
626	G	0.229	-0.0199624
627	G	0.369	-0.02549394
628	G	0.319	-0.01633235
629	G	0.461	-0.005491552
630	C	0.403	-0.01690878
631	A	0.074	-0.0147347
632	G	-0.477	0.002629815
633	A	-0.497	0.0296047
634	G	-0.140	0.03999641
635	C	0.353	0.05921037
636	A	0.087	0.06550015
637	C	0.395	0.07252278
638	A	-0.240	0.05914707
639	T	-0.361	0.05746422
640	G	-0.171	0.05397922
641	G	0.145	0.04457144
642	A	0.047	0.02774314
643	G	0.015	0.003872293
644	G	0.076	0.004976663
645	A	0.065	0.02140188
646	G	0.211	0.0444241
647	T	-0.178	0.08037558
648	G	0.181	0.1045196
649	G	0	0.09881717
 650	G	0.366	0.09223744
651	A	-0.295	0.09175903
652	T	0.110	0.08677774
653	G	0.135	0.09147277
654	T	0.115	0.1011852
655	G	-0.134	0.1154608
656	A	-0.183	0.1055621
657	G	0.433	0.09520238
658	T	0.518	0.09802636
659	G	0.143	0.1009918
660	T	0.473	0.07981925
661	C	0.511	0.0774594
662	T	0.199	0.07074021
663	T	-0.090	0.08332414
664	T	0.382	0.07019496
665	G	-0.374	0.08115211
666	A	-0.235	0.07139903
667	G	0.091	0.06973628
668	T	0.531	0.05834998
669	G	-0.219	0.07060439
670	A	-0.263	0.09249146
671	A	0.152	0.09303957
672	G	0.145	0.07515893
673	G	-0.360	0.06571478
674	A	-0.242	0.0646376
675	G	0	0.03985074
 676	C	0.339	0.04313745
677	T	0.012	0.03866064
678	G	0	0.02778765
 679	A	-0.153	0.05801439
680	G	0.090	0.07884335
681	T	-0.191	0.06520447
682	G	0.196	0.04058084
683	C	0.407	0.04354436
684	T	0.448	0.06632199
685	T	0.035	0.06770465
686	G	-0.111	0.06050067
687	T	0.444	0.08209219
688	G	-0.157	0.1050103
689	G	0.288	0.1204916
690	T	-0.211	0.1209421
691	A	0.089	0.1319267
692	C	0.441	0.1386859
693	T	0.327	0.1607856
694	G	-0.277	0.1753118
695	T	-0.133	0.1839351
696	G	-0.139	0.1862958
697	C	0.351	0.1843549
698	A	0.190	0.1823378
699	G	-0.048	0.194129
700	G	0.222	0.2037177
701	C	0.376	0.1846563
702	C	0.417	0.2026625
703	C	0.351	0.2103697
704	A	0.308	0.2345206
705	G	0.182	0.2277639
706	G	0.443	0.1941247
707	G	0.482	0.164709
708	T	0.040	0.1576209
709	A	0.259	0.1465361
710	C	0.355	0.133394
711	A	0.393	0.1114346
712	C	0.353	0.09587126
713	A	0.147	0.0811782
714	G	-0.070	0.05725613
715	T	0.328	0.0279152
716	G	0.496	-0.005850541
717	G	0.440	-0.02762306
718	A	-0.093	-0.04804432
719	T	-0.467	-0.04615195
720	A	-0.466	-0.04644139
721	A	-0.468	-0.04725569
722	A	-0.433	-0.04368014
723	A	-0.494	-0.04865829
724	A	-0.241	-0.04585184
725	G	-0.230	-0.05718298
726	A	-0.445	-0.08706335
727	G	-0.423	-0.1084002
728	A	-0.415	-0.1240456
729	A	-0.493	-0.1565714
730	A	-0.235	-0.1901955
731	G	-0.242	-0.2176496
732	T	0.233	-0.2262549
733	C	0.435	-0.1980446
734	C	0.460	-0.1854875
735	T	0.137	-0.1540902
736	G	0.125	-0.1194231
737	T	0.430	-0.1071255
738	G	0.087	-0.1095674
739	G	-0.453	-0.08614584
740	A	-0.428	-0.05777813
741	A	-0.492	-0.02444858
742	A	-0.549	0.008424459
743	A	-0.411	0.0094922
744	G	-0.300	0.006670237
745	A	-0.325	0.004819978
746	T	0.294	0.01285746
747	A	-0.127	0.005352496
748	C	0.379	0.001219719
749	T	0.502	0.0004519778
750	G	-0.162	-0.02230317
751	A	-0.307	-0.05491047
752	C	0.402	-0.07708878
753	A	0.320	-0.07523741
754	C	0.476	-0.07040815
755	C	0.471	-0.06455693
756	T	-0.464	-0.05386181
757	A	-0.312	-0.0317043
758	A	-0.292	-0.03174274
759	G	0.450	-0.02361889
760	C	0.232	-0.02449174
761	T	0.348	-0.014745
762	T	0.116	-0.02328889
763	G	-0.488	-0.03804552
764	T	-0.449	-0.03250888
765	A	-0.511	-0.007150322
766	G	-0.403	-0.005104507
767	A	-0.297	-0.006292063
768	G	-0.334	-0.00856847
769	A	-0.261	-0.04372043
770	A	0.187	-0.04505869
771	G	-0.301	-0.0411518
772	G	-0.106	-0.01705047
773	A	0.271	-0.02733451
774	C	0.135	-0.02926736
775	T	0.148	-0.03714866
776	T	0.104	-0.0445684
777	G	-0.012	-0.04662229
778	A	0.376	-0.04694448
779	C	0.457	-0.009007552
780	C	0.288	0.007197659
781	T	0.414	0.000850437
782	T	-0.477	-0.005741748
783	G	-0.500	0.01930959
784	A	-0.206	0.01329209
785	G	0.358	0.01783457
786	G	0.172	0.03088834
787	G	0.180	0.02464005
788	G	0.136	0.02597609
789	T	-0.083	0.005792567
790	A	-0.544	-0.01673336
791	A	-0.458	-0.03395804
792	C	0.513	-0.04460544
793	G	0.034	-0.05441837
794	A	-0.469	-0.05626122
795	A	-0.512	-0.07507603
796	T	0.415	-0.06241322
797	G	0.024	-0.05497759
798	G	-0.178	-0.06160463
799	A	0.246	-0.09011303
800	T	0.102	-0.1086457
801	C	0.171	-0.1169673
802	A	-0.396	-0.1273036
803	G	-0.503	-0.1286318
804	A	-0.478	-0.09113871
805	A	0.089	-0.06288723
806	G	0.192	-0.06474086
807	G	0.238	-0.05077796
808	G	-0.093	-0.02140096
809	A	-0.135	0.01448737
810	A	-0.300	0.001075878
811	G	-0.385	0.01107512
812	A	-0.411	0.002097044
813	A	-0.327	-0.003378633
814	T	-0.043	-0.01548541
815	G	-0.142	-0.007939004
816	A	-0.119	0.01596444
817	C	0.467	0.03101607
818	T	0.304	0.04604705
819	G	0.463	0.04981413
820	T	0.411	0.04044944
821	G	0.323	0.02854498
822	T	0.456	0.04015805
823	T	0.053	0.06151923
824	G	0.294	0.07496938
825	T	-0.421	0.1045038
826	A	0.098	0.1201236
827	T	-0.224	0.1391468
828	G	0.375	0.1555844
829	T	0.248	0.174325
830	G	-0.097	0.1945495
831	A	-0.072	0.1927508
832	C	0.191	0.1982023
833	T	-0.060	0.1965955
834	T	-0.082	0.1988881
835	G	0.220	0.1907075
836	C	0.441	0.1767909
837	A	0.062	0.1602223
838	G	0.411	0.1290494
839	G	0.010	0.1462699
840	T	0.186	0.1406796
841	C	0.399	0.1460354
842	A	0.363	0.1475476
843	C	0.426	0.1531967
844	C	0.419	0.1610929
845	C	0.451	0.1717543
846	C	0.419	0.1782341
847	A	0.473	0.1917255
848	C	0.103	0.2121647
849	T	0.080	0.2147556
850	T	-0.394	0.1923206
851	T	-0.547	0.2029175
852	A	0.043	0.2060607
853	C	-0.052	0.2123629
854	G	-0.079	0.1943439
855	G	0.415	0.1867994
856	G	0.401	0.156827
857	T	0.115	0.1358769
858	C	0.215	0.1117985
859	A	0.366	0.1047122
860	C	0.304	0.09424723
861	C	0.469	0.08676145
862	A	0.290	0.08845667
863	T	-0.164	0.1002892
864	G	0.349	0.1224552
865	C	0.496	0.1381244
866	T	0.180	0.1365095
867	T	-0.300	0.1462048
868	T	0.196	0.1541537
869	C	-0.446	0.1513429
870	T	-0.139	0.1538897
871	A	-0.230	0.1560308
872	A	0.260	0.1412046
873	G	0.137	0.1405497
874	C	0.271	0.1175234
875	A	0.148	0.08464248
876	C	0.399	0.06410522
877	A	0.204	0.07732763
878	G	-0.123	0.07945893
879	A	0	0.053331
 880	C	0.209	0.03284911
881	A	0.134	0.03572859
882	C	0.339	0.01861533
883	G	0.470	0.0214717
884	G	0.173	0.04219352
885	A	-0.184	0.06623541
886	C	0.348	0.07032937
887	A	-0.317	0.08071537
888	A	-0.418	0.07332219
889	A	-0.264	0.08221081
890	T	0.192	0.08268811
891	C	0.406	0.09109444
892	A	-0.208	0.09144085
893	T	-0.372	0.1061427
894	T	-0.222	0.1159542
895	A	-0.265	0.1006434
896	G	-0.369	0.0742743
897	T	0.420	0.04993248
898	G	0.418	0.04349737
899	C	0.370	0.04859325
900	T	0.417	0.03812759
901	T	0.071	0.05790185
902	C	0.388	0.06160815
903	C	0.412	0.08301678
904	T	0.431	0.07908997
905	G	-0.114	0.0787332
906	G	0.396	0.09548653
907	G	0.474	0.1053858
908	A	-0.278	0.1110861
909	A	-0.371	0.113778
910	T	-0.187	0.1121469
911	T	0	0.0841464
 912	C	-0.047	0.05403684
913	A	0.065	0.04306209
914	A	0.216	0.01171135
915	C	-0.318	-0.009211685
916	A	0.313	-0.02361428
917	T	0.086	-0.03748935
918	C	0.396	-0.04221409
919	A	0.243	-0.02274417
920	G	-0.105	-0.02159761
921	T	-0.068	-0.02214439
922	G	-0.193	0.00153487
923	A	-0.413	0.006105315
924	G	-0.335	0.0110951
925	A	-0.394	0.02487006
926	A	0.074	0.0266127
927	T	-0.428	0.03339724
928	T	-0.493	0.03577421
929	A	0	0.0643538
 930	T	0.038	0.06018143
931	T	0.303	0.05265709
932	C	0.411	0.05527294
933	C	0.427	0.06347875
934	T	0.459	0.0757752
935	T	0.360	0.0597047
936	C	-0.248	0.04805151
937	A	-0.052	0.04476514
938	T	0.371	0.04177248
939	C	0	0.03949907
 940	T	0.248	0.02939382
941	T	0.280	0.03164234
942	G	0.453	0.05926674
943	G	0.201	0.04760071
944	A	-0.116	0.02976437
945	C	0.467	0.003563041
946	C	0.465	-0.03160274
947	T	0.226	-0.06107496
948	A	-0.502	-0.06729266
949	A	-0.507	-0.08556959
950	A	-0.501	-0.07831298
951	G	-0.416	-0.09160524
952	A	-0.455	-0.1158937
953	A	-0.198	-0.130652
954	T	-0.368	-0.123134
955	A	0.252	-0.1247395
956	T	-0.314	-0.1369482
957	G	-0.443	-0.1342462
958	A	-0.403	-0.1422069
959	A	-0.538	-0.1654158
960	A	-0.367	-0.1881529
961	T	0.291	-0.1827193
962	G	-0.132	-0.1631995
963	G	-0.052	-0.150506
964	A	-0.411	-0.1193352
965	T	-0.283	-0.09105907
966	A	-0.398	-0.07867873
967	C	0.451	-0.05176773
968	C	0.237	-0.05191277
969	A	0.123	-0.07716244
970	G	0.274	-0.0687405
971	A	-0.331	-0.06236265
972	G	-0.159	-0.06196136
973	G	-0.148	-0.05740554
974	A	0.373	-0.04378176
975	C	0.024	-0.04916995
976	A	-0.165	-0.05940943
977	T	0.339	-0.06728678
978	C	0.347	-0.06604923
979	A	-0.121	-0.0674653
980	T	0.528	-0.06814037
981	G	-0.371	-0.08108304
982	A	-0.429	-0.09189103
983	A	-0.087	-0.09527009
984	A	-0.271	-0.1193627
985	G	-0.392	-0.1223094
986	A	-0.415	-0.1198848
987	A	0	-0.1137241
 988	T	0.146	-0.1101624
989	G	-0.409	-0.1075737
990	G	-0.265	-0.09009756
991	A	-0.377	-0.1000617
992	A	-0.322	-0.1222696
993	A	-0.416	-0.1220599
994	G	0.102	-0.1561505
995	A	-0.054	-0.1613062
996	T	0.032	-0.1630724
997	G	-0.376	-0.1713954
998	A	-0.410	-0.1783942
999	T	-0.093	-0.1791492
1000	G	0.017	-0.182151
1001	C	0.469	-0.1981168
1002	G	0.094	-0.1975352
1003	A	0.306	-0.1983214
1004	C	0.070	-0.1773541
1005	A	-0.252	-0.1468424
1006	T	-0.116	-0.1272038
1007	T	-0.392	-0.1133035
1008	A	-0.511	-0.1235936
1009	A	-0.476	-0.134264
1010	T	-0.312	-0.1518425
1011	G	-0.460	-0.1485738
1012	A	-0.413	-0.1443532
1013	A	-0.496	-0.1489975
1014	A	-0.431	-0.1532009
1015	C	0.161	-0.1587925
1016	A	-0.430	-0.146047
1017	T	0.300	-0.1627048
1018	C	0.446	-0.1681111
1019	T	0.208	-0.1649014
1020	G	-0.041	-0.1793073
1021	A	-0.175	-0.1757671
1022	A	-0.342	-0.1616096
1023	T	-0.442	-0.1585199
1024	T	-0.288	-0.1595297
1025	T	-0.297	-0.1561726
1026	G	-0.218	-0.1355425
1027	T	-0.095	-0.1042421
1028	T	0.318	-0.0805967
1029	C	0.438	-0.07214726
1030	A	-0.143	-0.04796041
1031	T	-0.075	-0.04938933
1032	A	-0.165	-0.05152811
1033	G	-0.504	-0.04408715
1034	T	-0.296	-0.03283247
1035	A	-0.128	-0.04142095
1036	G	-0.393	-0.04465002
1037	A	-0.339	-0.04239587
1038	A	-0.369	-0.04165939
1039	T	0.143	-0.02685336
1040	G	0.348	-0.0004356148
1041	C	0.207	-0.0155124
1042	A	0.389	-0.036749
1043	G	0.222	-0.05604915
1044	T	0.262	-0.06461963
1045	C	0.388	-0.07799734
1046	C	0.409	-0.08434634
1047	G	0.262	-0.05752437
1048	A	-0.407	-0.04181415
1049	A	-0.430	-0.01856997
1050	A	-0.381	0.005133996
1051	T	-0.268	0.0002669963
1052	T	0.102	-0.001758337
1053	C	0.494	-0.01984504
1054	A	-0.502	-0.03960182
1055	A	-0.254	-0.0433986
1056	T	-0.082	-0.05002171
1057	G	-0.374	-0.06874408
1058	A	-0.436	-0.07435237
1059	A	-0.337	-0.09162717
1060	T	0.219	-0.1075604
1061	T	0.127	-0.1065055
1062	C	0.498	-0.09506961
1063	T	0.246	-0.08603728
1064	T	-0.470	-0.08168513
1065	A	-0.424	-0.08279728
1066	A	-0.344	-0.1025801
1067	A	-0.184	-0.1208874
1068	T	0.104	-0.1199214
1069	C	0.211	-0.1249678
1070	A	-0.283	-0.1411736
1071	G	0.110	-0.1225634
1072	C	-0.078	-0.09498313
1073	A	-0.021	-0.1010775
1074	T	0.290	-0.1207967
1075	G	-0.098	-0.134968
1076	A	-0.186	-0.1629837
1077	G	-0.263	-0.1681289
1078	G	-0.298	-0.1549953
1079	A	-0.431	-0.1422595
1080	A	0	-0.1444734
 1081	A	-0.476	-0.145986
1082	G	-0.391	-0.1626262
1083	A	-0.520	-0.1872805
1084	A	0.128	-0.1857077
1085	C	0.308	-0.1737441
1086	A	-0.501	-0.1575414
1087	A	-0.313	-0.1476125
1088	G	-0.254	-0.1613423
1089	T	-0.257	-0.1563233
1090	A	0.107	-0.1539043
1091	G	-0.116	-0.1359978
1092	G	-0.080	-0.1324745
1093	T	-0.404	-0.1253062
1094	A	-0.225	-0.1095482
1095	T	-0.344	-0.07446529
1096	T	-0.454	-0.06847081
1097	A	-0.240	-0.06273625
1098	C	0.433	-0.07700903
1099	C	0.359	-0.09154157
1100	T	0.246	-0.08549446
1101	G	-0.079	-0.08806643
1102	G	0.037	-0.08965872
1103	A	-0.120	-0.06502857
1104	T	0.219	-0.06441013
1105	T	-0.203	-0.04441769
1106	G	-0.237	-0.05083981
1107	T	0.425	-0.02263496
1108	C	0.470	-0.0119387
1109	A	-0.229	-0.01404859
1110	G	-0.365	-0.006479444
1111	A	-0.257	-0.003660889
1112	A	-0.084	-0.009182704
1113	G	-0.338	-0.009611333
1114	G	-0.382	-0.0002202963
1115	A	-0.297	-0.01179267
1116	T	0.407	-0.01792707
1117	C	0.124	-0.02899037
1118	T	0.423	-0.04233803
1119	T	-0.253	-0.04581996
1120	C	0.357	-0.02924411
1121	T	0.063	-0.02807577
1122	A	-0.401	-0.03998566
1123	A	-0.250	-0.0441614
1124	T	-0.164	-0.02828295
1125	T	0.284	-0.01290543
1126	T	0.347	-0.02129104
1127	C	0.500	-0.014373
1128	A	-0.392	0.008958074
1129	T	-0.128	0.01148448
1130	A	-0.419	-0.02026667
1131	G	-0.140	-0.02211587
1132	A	-0.297	-0.02683706
1133	C	0.209	0.002606389
1134	T	0.457	-0.02149446
1135	G	0.148	-0.03363442
1136	A	-0.342	-0.01599357
1137	G	0.063	0.007182211
1138	T	0.157	0.01806291
1139	G	-0.310	-0.002932085
1140	A	-0.151	-6.418519e-06
1141	G	0.247	-0.01304727
1142	T	-0.229	0.01252706
1143	G	-0.450	0.03379414
1144	A	0.074	0.06674432
1145	G	0.295	0.07389526
1146	T	0.541	0.07738849
1147	G	-0.293	0.05981997
1148	A	-0.264	0.034182
1149	C	0.074	0.02686082
1150	T	0.375	0.02552416
1151	T	0.129	0.02126459
1152	C	-0.282	0.03051918
1153	T	0.426	0.05876018
1154	G	0.148	0.06943526
1155	G	0.298	0.06718492
1156	G	0.445	0.09206751
1157	G	0.470	0.1195869
1158	A	0.052	0.1259262
1159	G	-0.202	0.1180755
1160	T	-0.264	0.1122791
1161	G	-0.235	0.1176303
1162	T	-0.048	0.1201549
1163	T	-0.378	0.09956685
1164	C	-0.051	0.08272665
1165	C	0.407	0.07990509
1166	T	0.451	0.103619
1167	G	0.136	0.07959427
1168	G	0.186	0.06706368
1169	C	0.442	0.04379168
1170	T	0.292	0.01700453
1171	G	0.245	0.006389641
1172	G	0.083	0.002025222
1173	G	0.384	0.0170533
1174	G	-0.149	0.04523159
1175	A	-0.196	0.04792711
1176	G	-0.480	0.0515659
1177	A	-0.079	0.05675556
1178	C	0.053	0.04930446
1179	A	0.358	0.04843034
1180	G	-0.221	0.04692612
1181	T	-0.189	0.03787834
1182	G	-0.330	0.02463983
1183	A	-0.277	0.01264531
1184	T	0.183	0.009817344
1185	G	-0.065	0.01672246
1186	A	0.203	0.02747229
1187	C	0.496	0.02373043
1188	C	-0.162	0.04364132
1189	A	0.049	0.06110229
1190	C	-0.238	0.0747041
1191	A	-0.252	0.08338897
1192	G	0.384	0.09313016
1193	G	0.411	0.09264276
1194	G	-0.107	0.09454657
1195	A	-0.170	0.1203029
1196	T	0.118	0.1480812
1197	T	0.216	0.163742
1198	C	0.431	0.1734009
1199	C	0.374	0.1788221
1200	T	0.283	0.1769536
1201	C	0.388	0.1646536
1202	A	0.275	0.1833975
1203	G	-0.113	0.1926496
1204	T	0.155	0.2179982
1205	C	0.316	0.240512
1206	C	0.344	0.2271229
1207	A	-0.170	0.2208613
1208	T	0.505	0.2389114
1209	C	0.419	0.239004
1210	T	0.145	0.2455479
1211	C	0.444	0.2485117
1212	A	0.080	0.2428435
1213	C	0.152	0.2448829
1214	A	0.164	0.2513449
1215	C	0.343	0.2501762
1216	C	0.299	0.2461133
1217	C	0.446	0.2535515
1218	C	0.355	0.2585114
1219	A	0.022	0.2567195
1220	G	0.242	0.2602026
1221	T	0.379	0.2835577
1222	G	-0.168	0.2789353
1223	T	0.294	0.2507625
1224	T	0.296	0.2560474
1225	C	0.278	0.2236925
1226	C	0.429	0.2014861
1227	T	0.458	0.2045917
1228	C	0.356	0.2156207
1229	A	0.165	0.211744
1230	C	0.087	0.2124087
1231	T	0.289	0.1901207
1232	C	0.267	0.1842794
1233	C	0.438	0.1921428
1234	C	0.460	0.182288
1235	T	0.380	0.1811713
1236	G	-0.340	0.1962491
1237	T	0.287	0.1998925
1238	T	-0.429	0.2009419
1239	A	-0.518	0.1988286
1240	A	0.236	0.1939756
1241	C	0.461	0.1934805
1242	C	0.238	0.1960177
1243	A	0.317	0.2051403
1244	G	-0.155	0.2086664
1245	T	0.197	0.1893361
1246	G	0.234	0.1926085
1247	G	-0.023	0.1772917
1248	T	0.349	0.1551838
1249	C	0.238	0.1365788
1250	C	0.393	0.1557462
1251	A	0.324	0.161304
1252	G	0.221	0.1934708
1253	G	0.298	0.2204224
1254	C	0.444	0.2224381
1255	T	0.425	0.2085058
1256	C	0.411	0.2191879
1257	T	0.182	0.1960383
1258	G	-0.232	0.1851929
1259	C	0.356	0.1598491
1260	A	0.025	0.1511474
1261	T	-0.136	0.147763
1262	G	-0.121	0.1484846
1263	G	0.176	0.1552608
1264	C	0.437	0.1560997
1265	C	0.439	0.1617229
1266	T	0.208	0.1460009
1267	G	0.290	0.1274074
1268	C	0.085	0.1160278
1269	T	0.527	0.1050069
1270	G	-0.307	0.1026059
1271	A	-0.448	0.1126218
1272	T	-0.486	0.1371967
1273	G	0	0.1338161
 1274	A	-0.115	0.1375766
1275	G	0.368	0.150795
1276	C	0.421	0.1591388
1277	C	0.416	0.169021
1278	C	0.476	0.162765
1279	T	-0.202	0.1539159
1280	A	-0.203	0.1480417
1281	A	0.137	0.1382092
1282	C	0.127	0.1268392
1283	T	0.346	0.1240424
1284	C	0.452	0.1469911
1285	T	0.430	0.1529042
1286	G	0.264	0.1767453
1287	T	0.126	0.1914105
1288	G	0.220	0.1899684
1289	T	0.103	0.1736474
1290	G	0.443	0.1648837
1291	C	0.269	0.1570124
1292	A	0.200	0.1519185
1293	T	0.050	0.1737479
1294	C	0.025	0.1975963
1295	A	-0.221	0.192502
1296	C	0.451	0.1958796
1297	T	0.311	0.1953317
1298	G	-0.288	0.1942596
1299	T	0.156	0.1903123
1300	A	0.395	0.1984665
1301	C	-0.154	0.2013999
1302	A	-0.071	0.1856317
1303	C	0.185	0.174426
1304	T	0.203	0.1666632
1305	T	0.339	0.1712251
1306	C	0.386	0.1742062
1307	C	0.440	0.1743755
1308	A	0	0.188951
 1309	G	0.219	0.1833031
1310	C	0.332	0.1572036
1311	C	0.423	0.1494149
1312	C	0.324	0.1500865
1313	T	0.485	0.1550789
1314	C	0.206	0.1487842
1315	T	-0.205	0.1588109
1316	C	-0.198	0.1777914
1317	A	0.234	0.1876585
1318	T	0.392	0.1820562
1319	C	0.280	0.1814306
1320	C	0.054	0.1758079
1321	T	0.418	0.1750729
1322	C	-0.373	0.183622
1323	A	-0.252	0.1881473
1324	G	0.101	0.1823149
1325	G	-0.270	0.1793442
1326	T	0.291	0.1683459
1327	A	0.226	0.1438064
1328	G	0.116	0.1434662
1329	C	0.440	0.1567326
1330	T	0.451	0.1776159
1331	G	0.052	0.1851004
1332	C	0.322	0.1847723
1333	C	0.234	0.1904635
1334	C	0.420	0.2003777
1335	T	0.230	0.1843932
1336	T	0.341	0.2029222
1337	C	0.174	0.226065
1338	C	0.343	0.2265481
1339	A	0.027	0.2498107
1340	C	-0.177	0.2511934
1341	C	0.196	0.2487043
1342	A	0.152	0.2491367
1343	G	0.364	0.2505935
1344	C	0.436	0.2459839
1345	T	0.383	0.2303294
1346	C	0.434	0.2032354
1347	C	0.322	0.1785275
1348	A	-0.012	0.1438427
1349	C	0.126	0.1318006
1350	C	0.372	0.1191609
1351	A	0.114	0.09695791
1352	T	0.357	0.06972354
1353	C	0.328	0.06423059
1354	A	0.158	0.08184811
1355	C	0.128	0.06346693
1356	T	0.479	0.04985263
1357	T	0.326	0.02537496
1358	T	-0.370	0.02508978
1359	T	-0.409	0.02993756
1360	T	-0.432	0.02556026
1361	A	-0.516	0.02108674
1362	A	-0.094	0.03760613
1363	A	0	0.03206156
 1364	G	-0.424	0.02017824
1365	G	-0.391	0.01041717
1366	A	-0.121	0.01309676
1367	T	0.298	0.01477991
1368	T	-0.299	0.02420376
1369	T	-0.215	0.03483373
1370	A	-0.295	0.02686169
1371	C	0.428	0.01797172
1372	C	0.514	0.04413061
1373	A	0.316	0.06809102
1374	T	0.201	0.0840995
1375	C	0.433	0.1207053
1376	T	-0.023	0.127565
1377	G	0.051	0.1326618
1378	A	-0.149	0.1314818
1379	C	0.429	0.1365906
1380	T	0.374	0.1266851
1381	C	0.413	0.1016562
1382	T	0.415	0.1205897
1383	G	0.264	0.136332
1384	G	0.086	0.1623202
1385	C	0.335	0.1618294
1386	A	0.237	0.1434806
1387	C	0	0.1391756
 1388	A	0.472	0.1332253
1389	G	0.090	0.1148612
1390	T	0.137	0.1060585
1391	T	-0.456	0.1037025
1392	A	-0.253	0.118046
1393	T	-0.388	0.1091238
1394	A	-0.377	0.1117635
1395	C	0.211	0.1073126
1396	A	0.209	0.1058834
1397	C	0.405	0.09141203
1398	C	0.415	0.07111026
1399	A	0.018	0.04673926
1400	G	0.200	0.03265878
1401	C	0.041	0.04540507
1402	A	-0.062	0.04337593
1403	A	-0.260	0.0567914
1404	T	-0.012	0.05480851
1405	T	0.238	0.06530551
1406	T	0.189	0.08076381
1407	C	0.445	0.08637403
1408	C	0.293	0.08482721
1409	C	0.376	0.07391707
1410	A	-0.126	0.07553159
1411	A	-0.461	0.07439344
1412	C	-0.322	0.07673766
1413	A	-0.142	0.09149903
1414	T	0.344	0.1011273
1415	C	0.417	0.0924882
1416	C	0.453	0.09265732
1417	A	0.084	0.104064
1418	G	-0.173	0.1135491
1419	T	0.163	0.1136952
1420	G	-0.236	0.1240647
1421	A	-0.419	0.1093681
1422	T	-0.082	0.08169984
1423	A	0.253	0.05840091
1424	C	0.374	0.07759247
1425	C	0.478	0.1020886
1426	C	0.417	0.1260718
1427	A	0.460	0.1499957
1428	C	-0.192	0.1319084
1429	A	-0.057	0.1327372
1430	G	0.047	0.1147393
1431	T	0.243	0.1088615
1432	T	0.242	0.1301704
1433	C	0.469	0.1229359
1434	A	0.048	0.1285902
1435	T	-0.453	0.1337718
1436	T	-0.252	0.1315606
1437	T	0.392	0.1139489
1438	G	0.200	0.1168107
1439	T	0.325	0.1150923
1440	C	0.503	0.1041737
1441	A	-0.144	0.1027842
1442	A	0.439	0.1206389
1443	A	-0.032	0.1368003
1444	C	-0.074	0.1345956
1445	T	0.401	0.113617
1446	T	-0.031	0.09686144
1447	T	-0.084	0.06718144
1448	T	-0.279	0.0559179
1449	G	-0.142	0.08653927
1450	G	-0.221	0.09057927
1451	G	0.452	0.07429337
1452	A	0.432	0.07259533
1453	T	0.122	0.05554793
1454	G	0.422	0.0205357
1455	G	0.289	0.01060526
1456	T	0.378	-0.009758259
1457	T	-0.012	-0.0266399
1458	T	-0.322	-0.03745255
1459	G	-0.210	-0.05434011
1460	A	-0.332	-0.05825594
1461	T	-0.255	-0.04852453
1462	A	0.372	-0.02174534
1463	G	-0.143	0.002076919
1464	A	-0.047	0.01313914
1465	C	0.154	0.01307417
1466	A	-0.134	-0.01897997
1467	T	-0.441	-0.03944871
1468	T	-0.412	-0.06999531
1469	A	-0.110	-0.09464246
1470	A	-0.488	-0.1263647
1471	C	-0.366	-0.1268963
1472	T	-0.053	-0.1303095
1473	T	-0.137	-0.1375933
1474	T	0.178	-0.1425418
1475	C	0.443	-0.1478306
1476	C	0.500	-0.177162
1477	T	0.076	-0.1844201
1478	T	0.450	-0.2019838
1479	T	-0.433	-0.2006046
1480	G	-0.430	-0.2118844
1481	T	-0.402	-0.1846777
1482	A	-0.375	-0.1607655
1483	A	-0.478	-0.1424304
1484	T	-0.026	-0.1113765
1485	G	-0.414	-0.08847362
1486	A	-0.406	-0.07544502
1487	A	-0.465	-0.06882856
1488	A	-0.398	-0.06853945
1489	T	-0.419	-0.09745897
1490	A	-0.339	-0.1180091
1491	A	-0.521	-0.1122314
1492	A	0.191	-0.1251646
1493	G	-0.439	-0.1052404
1494	T	0.292	-0.07352387
1495	C	0.233	-0.03843394
1496	T	0.384	-0.01960131
1497	G	0.349	-0.01278735
1498	C	0.251	-0.02316848
1499	T	0.297	-0.02241319
1500	G	0.041	-0.02695804
1501	A	0.186	-0.02001937
1502	G	-0.337	-0.007266989
1503	A	-0.054	-0.01178899
1504	C	0.232	0.002447926
1505	T	0.101	0.03386867
1506	T	0.104	0.04284478
1507	C	0.426	0.07452811
1508	A	0.545	0.08050207
1509	T	0.132	0.084449
1510	T	-0.294	0.0829343
1511	T	-0.307	0.07558174
1512	A	-0.394	0.07491259
1513	T	-0.529	0.05580289
1514	A	-0.278	0.06947583
1515	C	-0.053	0.06970461
1516	A	-0.541	0.09714291
1517	A	0.045	0.1166544
1518	C	0.326	0.1242941
1519	T	0.433	0.1355673
1520	C	0.415	0.1500704
1521	C	0.454	0.1346975
1522	C	0.339	0.1145063
1523	A	0.344	0.1203249
1524	C	0.151	0.1253481
1525	T	0.233	0.1529459
1526	C	-0.218	0.1648915
1527	C	0.410	0.1877125
1528	T	0.192	0.1907596
1529	C	0.403	0.198719
1530	T	0.472	0.2323834
1531	G	0.439	0.2474619
1532	T	0.405	0.2488148
1533	C	0.496	0.22104
1534	T	0.011	0.1933743
1535	A	0	0.1638765
 1536	C	0.290	0.1365782
1537	T	-0.158	0.1192736
1538	C	0.438	0.09439987
1539	A	-0.071	0.07373583
1540	G	0.086	0.06804402
1541	G	-0.196	0.03348383
1542	A	0.161	0.0183682
1543	C	0.367	0.02028787
1544	T	0.452	0.01939635
1545	T	0.363	0.0194125
1546	T	-0.315	0.008391241
1547	G	-0.330	-0.006507733
1548	T	-0.342	0.0066548
1549	A	-0.397	0.0143911
1550	A	-0.123	0.008137133
1551	A	-0.520	0.02137013
1552	T	-0.324	0.009718356
1553	A	-0.371	0.006793596
1554	G	-0.522	-0.01217871
1555	G	-0.215	-0.004907789
1556	T	0.455	-0.01132423
1557	C	0.448	-0.0170083
1558	T	0.439	-0.02031856
1559	G	0.108	-0.01726075
1560	G	0.093	0.00102503
1561	C	0.366	0.02650918
1562	A	0.208	0.05063596
1563	T	0.121	0.06822599
1564	G	0.198	0.08566496
1565	T	0.123	0.1210408
1566	G	-0.150	0.1446399
1567	A	-0.425	0.1536572
1568	G	0	0.1881974
 1569	T	-0.012	0.2110634
1570	C	0.214	0.2057497
1571	C	0.362	0.188635
1572	C	0.445	0.1831479
1573	T	0.177	0.1814396
1574	C	0.357	0.1907758
1575	T	0.309	0.178986
1576	G	0.077	0.1650188
1577	G	0.347	0.150826
1578	C	0.434	0.1334366
1579	T	0.312	0.119597
1580	G	-0.128	0.1273197
1581	C	0.409	0.1523238
1582	C	0.401	0.168183
1583	T	0.311	0.176791
1584	T	-0.013	0.170068
1585	G	0.291	0.159821
1586	G	0.061	0.1366127
1587	G	0.345	0.111324
1588	A	0.048	0.09740073
1589	G	-0.168	0.08705722
1590	A	-0.262	0.07871567
1591	G	-0.270	0.05404407
1592	A	-0.250	0.02559385
1593	A	0.057	0.02342111
1594	G	0.249	0.03283278
1595	G	0.428	0.01846234
1596	T	0.220	0.02076037
1597	G	0.032	0.01116835
1598	C	0.086	0.0009473926
1599	T	-0.180	-0.02010376
1600	A	-0.505	-0.0382192
1601	A	-0.018	-0.05605149
1602	T	0.029	-0.06463846
1603	G	-0.147	-0.07351961
1604	G	-0.318	-0.08366976
1605	A	-0.333	-0.07427258
1606	G	0.254	-0.06257403
1607	G	0.125	-0.05173016
1608	G	0.021	-0.05860939
1609	G	0.463	-0.08136365
1610	T	0.052	-0.1044826
1611	G	-0.289	-0.1127473
1612	T	-0.277	-0.1034607
1613	A	-0.427	-0.1009475
1614	T	-0.135	-0.09016499
1615	T	-0.183	-0.0912853
1616	T	-0.408	-0.102648
1617	A	-0.536	-0.1031432
1618	A	-0.016	-0.09909864
1619	C	0.065	-0.0903318
1620	T	0.350	-0.09320465
1621	T	0.063	-0.1029705
1622	T	-0.186	-0.08883762
1623	A	-0.403	-0.09030332
1624	T	-0.190	-0.08226078
1625	G	0.336	-0.07543963
1626	G	-0.113	-0.05879023
1627	A	-0.213	-0.04200473
1628	G	-0.049	-0.04018446
1629	A	-0.276	-0.02820817
1630	A	-0.160	-0.004225167
1631	C	-0.209	0.01925913
1632	T	-0.096	0.003519878
1633	T	0.176	0.002331804
1634	T	-0.137	-0.02986397
1635	C	0.403	-0.04690174
1636	C	0.424	-0.05404382
1637	T	0.270	-0.05008271
1638	A	-0.105	-0.05671223
1639	T	0.172	-0.0544353
1640	G	0.026	-0.03221274
1641	T	-0.086	-0.03373704
1642	T	0.139	-0.05234158
1643	T	0.239	-0.05522787
1644	T	0.097	-0.06436165
1645	T	-0.441	-0.0663938
1646	T	0.033	-0.06768131
1647	T	-0.518	-0.09034216
1648	A	-0.396	-0.1043523
1649	A	-0.379	-0.12801
1650	G	-0.296	-0.137438
1651	G	-0.369	-0.1391514
1652	A	0.398	-0.1234621
1653	T	0.486	-0.1166676
1654	C	-0.255	-0.1067156
1655	A	-0.551	-0.087707
1656	A	-0.354	-0.08118748
1657	C	-0.407	-0.09172023
1658	A	-0.264	-0.1091157
1659	A	-0.131	-0.10715
1660	C	-0.435	-0.1229318
1661	A	-0.516	-0.1214286
1662	A	-0.235	-0.09781075
1663	G	0.169	-0.07187801
1664	G	0.223	-0.05649153
1665	G	0.318	-0.02681909
1666	C	0.355	-0.02610857
1667	C	0.294	-0.02816971
1668	C	0.426	-0.008318233
1669	C	0.315	0.02638669
1670	A	-0.044	0.05472491
1671	G	-0.371	0.08596436
1672	A	-0.388	0.1119353
1673	T	-0.392	0.130688
1674	A	-0.478	0.1611219
1675	T	0.241	0.1865313
1676	C	0.321	0.2131812
1677	A	0.118	0.213948
1678	C	0.431	0.1879313
1679	C	0.417	0.158415
1680	C	0.431	0.1584142
1681	A	0.280	0.1489133
1682	G	0.385	0.1402421
1683	C	0.410	0.135499
1684	C	0.436	0.15354
1685	T	0.437	0.1821595
1686	C	0.374	0.2014761
1687	C	0.386	0.2071278
1688	A	0.169	0.2374164
1689	C	0.484	0.2444799
1690	C	0.190	0.2402822
1691	T	-0.478	0.2475785
1692	A	-0.478	0.2467732
1693	C	0.355	0.2518753
1694	C	0.038	0.2201927
1695	A	0.192	0.1932242
1696	G	0.187	0.1597965
1697	G	0.442	0.1245729
1698	C	0.401	0.09190757
1699	A	0.132	0.06871327
1700	G	-0.239	0.04342201
1701	T	0.339	0.01103594
1702	T	0.432	0.0004999741
1703	T	0.207	-0.03257791
1704	C	0.315	-0.0368874
1705	C	0.409	-0.02560285
1706	T	0.555	-0.00866157
1707	T	-0.424	-0.03660357
1708	A	-0.447	-0.05508636
1709	T	-0.516	-0.07726825
1710	A	-0.540	-0.06830903
1711	A	-0.445	-0.07531366
1712	G	-0.189	-0.0791804
1713	G	-0.307	-0.06732469
1714	A	-0.487	-0.04170929
1715	A	-0.114	-0.06094717
1716	G	-0.408	-0.05982366
1717	T	0.073	-0.06527254
1718	A	-0.173	-0.06971999
1719	T	-0.021	-0.08196124
1720	T	-0.398	-0.1125446
1721	G	-0.460	-0.0810078
1722	A	-0.406	-0.06154159
1723	T	0.429	-0.04196917
1724	C	0.253	-0.02508561
1725	C	0.296	-0.006613785
1726	C	0.452	0.005407511
1727	T	0.451	0.02081751
1728	G	-0.179	0.05439266
1729	T	0.462	0.0617256
1730	G	0.060	0.09574278
1731	G	0.195	0.08525971
1732	T	0.079	0.1041496
1733	T	-0.270	0.120903
1734	C	0.427	0.1255798
1735	T	0.078	0.1394367
1736	C	0.011	0.1384748
1737	A	-0.084	0.1135375
1738	T	0.052	0.09247503
1739	C	0.135	0.07332655
1740	A	0.108	0.07075903
1741	T	0.418	0.07254336
1742	C	0.083	0.08216689
1743	T	0.509	0.06504314
1744	T	-0.209	0.05480362
1745	T	0.336	0.03990444
1746	A	0.431	0.04269884
1747	T	-0.272	0.0479584
1748	T	-0.086	0.03213284
1749	A	-0.432	0.0202837
1750	T	-0.243	0.01713493
1751	T	-0.315	0.01924138
1752	T	-0.220	0.02429741
1753	T	0.383	0.008635893
1754	C	0.499	0.01805708
1755	A	0.079	-0.002353478
1756	T	0	-0.02332879
 1757	T	-0.215	-0.05699508
1758	T	-0.206	-0.05183341
1759	G	0.154	-0.05579411
1760	C	-0.128	-0.0905356
1761	A	0	-0.08598549
 1762	T	-0.241	-0.08424979
1763	A	-0.073	-0.07750964
1764	T	-0.028	-0.08400127
1765	G	0.189	-0.07583727
1766	T	-0.287	-0.05040139
1767	G	0.362	-0.06376829
1768	T	-0.132	-0.07271103
1769	G	-0.482	-0.09225981
1770	A	-0.399	-0.09598926
1771	A	-0.069	-0.07163941
1772	G	0.229	-0.05330241
1773	A	-0.506	-0.04417067
1774	G	-0.149	-0.02253785
1775	G	-0.039	-0.006598741
1776	A	-0.250	-0.004133556
1777	T	-0.418	-0.01773724
1778	G	-0.095	-0.02660962
1779	T	0.466	-0.04501347
1780	G	0.022	-0.03826577
1781	T	0.258	-0.04251395
1782	T	-0.447	-0.0422181
1783	G	-0.100	-0.0185518
1784	T	0.441	-0.006007563
1785	C	0.288	0.003317841
1786	C	0.401	-0.003750489
1787	C	0.455	0.002796178
1788	C	0.430	0.01348551
1789	A	-0.175	0.02487874
1790	A	-0.440	0.04783882
1791	G	-0.267	0.07049249
1792	G	-0.307	0.08014441
1793	A	-0.105	0.07907834
1794	G	0.247	0.08791391
1795	G	-0.124	0.08906076
1796	T	0.155	0.1160114
1797	G	-0.060	0.1244728
1798	A	0.182	0.1184417
1799	G	0.038	0.1177631
1800	G	-0.330	0.1128999
1801	A	0.139	0.1052639
1802	G	0.267	0.1043591
1803	C	0.369	0.100144
1804	A	0.192	0.1295504
1805	G	0.165	0.1474329
1806	G	0.437	0.1669664
1807	C	0.261	0.1853458
1808	T	0.289	0.1786384
1809	G	0.279	0.1733383
1810	G	0.127	0.177221
1811	G	0.278	0.1973238
1812	G	0.269	0.2071982
1813	T	0.270	0.217333
1814	C	0.249	0.2414658
1815	T	0.405	0.2256005
1816	C	-0.288	0.2270672
1817	A	0.353	0.2315533
1818	T	0.215	0.2188199
1819	C	0.219	0.214409
1820	C	0.391	0.2172375
1821	T	0.066	0.2177978
1822	G	-0.267	0.2230289
1823	T	0.260	0.2150857
1824	C	0.481	0.2249503
1825	C	0.448	0.204582
1826	T	0.311	0.2089967
1827	T	0.321	0.18266
1828	G	-0.289	0.1746938
1829	G	0.307	0.1639663
1830	T	0.490	0.1802061
1831	A	-0.151	0.1676665
1832	G	0.046	0.1685126
1833	T	0.513	0.1713259
1834	G	0.276	0.1586315
1835	T	0.430	0.1582753
1836	T	0.065	0.1825976
1837	G	0.394	0.1884796
1838	T	-0.271	0.1791186
1839	T	0.389	0.1472342
1840	T	-0.440	0.1335489
1841	G	0.034	0.1397869
1842	T	0.116	0.1533983
1843	C	0.149	0.1250427
1844	A	0.014	0.0902946
1845	G	0.238	0.09588904
1846	G	0.295	0.08566578
1847	G	0.048	0.08040681
1848	G	0.057	0.05349
1849	A	0.389	-
1850	C	0.419	-
1851	T	0.229	-
1852	T	-0.412	-
1853	G	-0.057	-
1854	C	0.489	-
1855	A	0.078	-
1856	A	-0.458	-
1857	T	-0.447	-
1858	A	0	-
 1859	G	-0.229	-
1860	T	0.371	-
1861	T	-0.450	-
