1	C	0.443	-
2	T	0.130	-
3	G	0.184	-
4	C	0.293	-
5	C	0.145	-
6	A	0.099	-
7	A	-0.059	-
8	G	-0.040	0.18626
9	C	0.152	0.170786
10	A	0.375	0.1871743
11	T	0.402	0.197997
12	G	0.274	0.2027514
13	G	-0.099	0.2234984
14	G	0.294	0.2315934
15	G	0.195	0.2491414
16	A	0.211	0.2738498
17	C	0.376	0.2413328
18	G	0.347	0.1881079
19	G	0.364	0.1291564
20	G	0.456	0.0766935
21	G	0.221	0.0918238
22	T	0.204	0.06864021
23	T	0.330	0.03060554
24	G	-0.335	-0.01698993
25	A	-0.422	-0.07497406
26	G	-0.481	-0.1160196
27	A	-0.512	-0.1403215
28	T	0.127	-0.1392807
29	G	-0.052	-0.1370567
30	A	-0.375	-0.1296489
31	A	-0.502	-0.1292494
32	A	-0.493	-0.08777686
33	T	-0.268	-0.05464772
34	G	0	-0.05041999
 35	T	0.472	0.004272947
36	C	0.254	0.00697828
37	A	0.315	0.03258341
38	C	0.336	0.08248974
39	C	0.286	0.1181085
40	A	0.074	0.1708278
41	A	-0.418	0.2130656
42	C	0.307	0.2130656
43	T	0.168	0.2119695
44	C	0.331	0.2125324
45	T	0.373	0.1944256
46	G	0.031	0.1983957
47	T	0.297	0.207726
48	C	0.364	0.2121151
49	A	0	0.2301645
 50	C	0.455	0.1986635
51	T	0.262	0.2207104
52	G	0.043	0.166059
53	C	0.396	0.1318386
54	T	0.426	0.09500239
55	G	0.140	0.06124253
56	G	-0.147	0.04329889
57	A	-0.164	0.07151182
58	C	0.499	0.07081862
59	A	-0.488	0.08173655
60	A	-0.139	0.106448
61	A	-0.520	0.08994889
62	G	-0.208	0.07937203
63	G	0.095	0.08237489
64	T	0.423	0.11309
65	C	0.445	0.1341466
66	C	0.426	0.1164961
67	G	0.414	0.1403444
68	T	0.148	0.1629462
69	C	0.268	0.221461
70	T	0.185	0.2462492
71	T	0.312	0.2649464
72	T	0.151	0.2459697
73	C	0.234	0.2439591
74	T	-0.130	0.2272602
75	G	0.199	0.2126669
76	A	0.356	0.1973488
77	C	0.162	0.1478544
78	C	0.376	0.1007783
79	A	0.138	0.06003749
80	C	0.415	0.07985515
81	C	0.176	0.07116889
82	C	0.195	0.1118379
83	T	-0.081	0.09470228
84	G	-0.474	0.04540568
85	A	-0.521	0.030717
86	A	-0.298	0.0225464
87	G	0.448	0.03399467
88	G	0.103	0.0232564
89	T	0.479	0.0338348
90	G	-0.057	0.04921387
91	G	-0.382	0.06081299
92	T	-0.057	0.06356886
93	T	0.253	0.1056007
94	T	0.310	0.154962
95	C	0.254	0.1553323
96	C	0.334	0.1791299
97	C	0.426	0.1405169
98	T	0.092	0.1423395
99	A	-0.432	0.1905163
100	G	0.109	0.2208218
101	T	0.442	0.2334655
102	C	0.453	0.2359646
103	T	0.460	0.2279547
104	T	-0.100	0.2241783
105	T	-0.030	0.1746816
106	G	0.339	0.1388423
107	G	0.397	0.1545225
108	C	0.443	0.1510059
109	T	0.347	0.1514137
110	T	0.134	0.1533578
111	C	0.278	0.1570526
112	T	-0.316	0.174044
113	A	-0.444	0.1642222
114	A	-0.197	0.1172788
115	C	0.056	0.07239742
116	T	0.448	0.00965282
117	C	0.483	-0.03620398
118	T	0.516	-0.07229731
119	G	0.154	-0.1080099
120	T	-0.177	-0.08047078
121	A	-0.364	-0.08030045
122	G	-0.275	-0.1003756
123	A	-0.497	-0.117873
124	A	-0.340	-0.1351891
125	A	-0.407	-0.1381573
126	T	-0.257	-0.1500108
127	G	0.096	-0.1619947
128	A	-0.442	-0.1386193
129	G	-0.498	-0.09717175
130	A	-0.205	-0.06319308
131	G	0.188	-0.006261747
132	C	0.438	0.04500919
133	T	0.338	0.09904605
134	A	-0.024	0.1313375
135	G	0.172	0.1264125
136	G	0.257	0.1609182
137	G	0.233	0.2232661
138	C	0.356	0.2481496
139	C	0.428	0.2652924
140	T	0.403	0.2144817
141	G	0.226	0.1703046
142	G	0.022	0.1505496
143	G	0.075	0.1482497
144	C	0.436	0.1445317
145	T	0.167	0.1550235
146	G	0.445	0.1447239
147	T	-0.323	0.1242733
148	G	-0.324	0.1036371
149	A	-0.321	0.07519481
150	T	0.138	0.0736673
151	T	0.201	0.05896175
152	C	0.391	0.0008446133
153	T	0.201	-0.03271485
154	G	0.122	-0.09683965
155	G	0.093	-0.05515052
156	A	-0.199	-0.04828379
157	C	0	-0.03435365
 158	A	-0.145	-0.05825272
159	A	-0.435	-0.05565985
160	C	-0.335	-0.08604995
161	A	-0.516	-0.06946229
162	A	0.301	-0.07379875
163	G	-0.221	-0.07015229
164	G	-0.112	-0.02686109
165	T	-0.220	0.005194173
166	A	0.240	0.01487291
167	C	-0.064	0.02091377
168	T	0.450	0.01382017
169	A	0.057	0.01656917
170	T	0.148	-0.02627323
171	C	0.449	-0.008353193
172	C	0.480	-0.003628807
173	T	0	0.03506226
 174	T	-0.344	0.03171713
175	A	-0.442	0.05138889
176	T	-0.474	-0.003313573
177	G	-0.340	-0.01533565
178	G	0.047	-0.021944
179	G	-0.041	-0.0701804
180	T	0.360	-0.08752613
181	T	0.190	-0.05370727
182	C	0.230	-0.02182873
183	T	-0.370	0.0432816
184	G	-0.123	0.09011447
185	A	0.049	0.1269091
186	T	-0.273	0.1171843
187	C	0.220	0.09281308
188	A	0.507	0.04069821
189	C	0.133	0.02248835
190	A	0.534	0.03456875
191	C	0.227	0.04939895
192	A	0.210	0.08174228
193	T	-0.098	0.07958791
194	G	-0.406	0.07578678
195	G	-0.421	0.05500595
196	A	-0.082	0.03258882
197	G	0.411	0.02834173
198	T	-0.147	0.02243813
199	G	0.361	-0.002110933
200	G	0.016	-0.038774
201	G	-0.330	-0.02021397
202	A	-0.091	0.0002195667
203	C	0.171	0.04931663
204	T	0.069	0.06958997
205	C	0.445	0.06527503
206	A	-0.140	0.08545683
207	T	-0.338	0.0854809
208	G	0.180	0.1115043
209	G	-0.100	0.1595573
210	T	0.314	0.1805558
211	G	0.221	0.1922945
212	G	0.346	0.1976572
213	G	0.155	0.1679367
214	G	0.362	0.1672633
215	C	0.407	0.204371
216	T	0.389	0.1717475
217	G	0.223	0.1684355
218	G	0.347	0.1661831
219	T	0.150	0.16078
220	G	0	0.1433802
 221	G	-0.150	0.136889
222	A	0.217	0.1222796
223	G	-0.309	0.1271892
224	G	-0.150	0.09817624
225	A	0.281	0.06776291
226	C	0.140	0.04462251
227	T	0.085	0.00236264
228	T	0.057	0.006609193
229	C	0.143	0.01665439
230	T	0.480	0.003486993
231	G	-0.045	0.002132993
232	A	-0.232	-0.005657073
233	T	0	-0.04306047
 234	T	-0.483	-0.04356241
235	T	0.063	-0.03179416
236	C	0	-0.02116087
 237	A	0.020	-0.044523
238	T	-0.329	-0.08638713
239	G	-0.267	-0.07200631
240	T	-0.279	-0.05195445
241	T	0.132	-0.08420145
242	A	0.262	-0.02909471
243	C	0.217	-0.006432067
244	A	-0.207	0.01902987
245	G	-0.147	0.04545947
246	T	0.170	0.088821
247	A	0.068	0.1302485
248	G	-0.483	0.1648038
249	T	0.342	0.1725297
250	C	0.403	0.1633043
251	T	0.381	0.1733788
252	T	0.416	0.2160097
253	C	0.320	0.2515992
254	C	0.354	0.2516244
255	A	0.238	0.2454173
256	T	0.248	0.2816469
257	C	0.123	0.2643424
258	A	0.368	0.2484545
259	C	0.432	0.2517811
260	C	0.386	0.2484359
261	T	0.170	0.2429127
262	T	-0.024	0.24645
263	T	0.059	0.2576788
264	G	0.083	0.2681301
265	G	0.165	0.2355635
266	C	0.431	0.224546
267	C	0.366	0.1995781
268	T	0.238	0.2024422
269	C	0.407	0.2069089
270	C	0.406	0.2012576
271	T	0.405	0.1879143
272	G	-0.364	0.2024339
273	G	0.203	0.2058608
274	G	0.057	0.1754396
275	G	0.429	0.1537332
276	T	0.237	0.1399116
277	G	-0.109	0.1373213
278	G	-0.140	0.1201358
279	C	0.301	0.108595
280	A	0.216	0.159628
281	T	-0.024	0.1746646
282	T	0.040	0.1904528
283	C	0.030	0.1852048
284	T	0.368	0.1896208
285	G	0.149	0.212066
286	G	0.232	0.2459036
287	G	0.400	0.2129967
288	G	0.428	0.189749
289	G	0.294	0.2125895
290	T	0.351	0.2061496
291	G	0.303	0.2316462
292	C	0.227	0.2190065
293	T	0.367	0.233702
294	G	-0.192	0.2322326
295	G	-0.131	0.2047834
296	G	0.318	0.1839502
297	T	-0.055	0.1685246
298	G	0.413	0.1285392
299	C	0.178	0.0863756
300	C	0.369	0.06982195
301	T	0.210	0.01424641
302	G	-0.010	0.006486213
303	G	0.116	0.00426588
304	G	0.063	-0.03867985
305	A	-0.248	-0.04661355
306	G	-0.328	-0.06116222
307	G	-0.021	-0.07406908
308	A	-0.466	-0.1235236
309	A	-0.308	-0.1278925
310	G	-0.165	-0.09598535
311	A	-0.326	-0.1037309
312	T	-0.174	-0.09571018
313	G	0.195	-0.06209038
314	T	-0.014	-0.06127458
315	G	-0.372	-0.07851353
316	A	0.144	-0.01817746
317	G	0.467	-0.02426493
318	G	0	-0.006274127
 319	T	0.183	0.01546367
320	A	0.255	0.05681987
321	G	-0.316	0.07156174
322	A	-0.279	0.0838428
323	T	0.438	0.1206699
324	T	-0.400	0.1287689
325	G	0.104	0.1090818
326	G	0	0.1267609
 327	T	0.445	0.1062066
328	G	0.416	0.06851773
329	G	0.169	0.1126984
330	G	0.180	0.1581975
331	T	0.266	0.1487277
332	G	0.172	0.1946803
333	T	0.265	0.1854418
334	G	-0.124	0.1822273
335	C	-0.309	0.1370526
336	A	0.346	0.1226004
337	G	0.402	0.1124411
338	G	0.296	0.1216495
339	G	0.289	0.1185975
340	G	-0.034	0.09688475
341	G	-0.048	0.09036221
342	A	-0.232	0.1288287
343	G	0.199	0.1756558
344	G	0.017	0.1525593
345	G	0.318	0.1454047
346	G	0.220	0.1548825
347	G	-0.153	0.1605832
348	G	0.167	0.1741898
349	C	0.452	0.1686817
350	G	0.392	0.1841523
351	T	0	0.1657828
 352	G	0.295	0.1468289
353	G	0.438	0.1405577
354	C	0.374	0.1431188
355	G	0.170	0.1815059
356	A	-0.130	0.2001922
357	C	0	0.1831372
 358	A	-0.076	0.1855911
359	G	-0.267	0.176805
360	T	0.224	0.1766916
361	T	0.258	0.1566742
362	C	0.422	0.1547675
363	T	0.447	0.1517187
364	C	0.196	0.1862656
365	C	0.429	0.214357
366	A	-0.131	0.2446834
367	G	0.293	0.2483121
368	G	0.138	0.2407661
369	A	0.345	0.2542639
370	G	0.124	0.2492175
371	G	0.387	0.2482791
372	C	0.421	0.259484
373	T	0.378	0.2284446
374	T	-0.212	0.2250573
375	G	0.110	0.1873429
376	C	0.461	0.1674837
377	T	0.346	0.1475348
378	T	0.433	0.158331
379	C	0.364	0.1464756
380	T	-0.036	0.1063385
381	G	-0.182	0.05573593
382	G	-0.271	0.09979273
383	A	-0.159	0.1099842
384	A	0.046	0.08990866
385	G	0.286	0.09410466
386	G	0.209	0.08675226
387	G	-0.180	0.05311913
388	A	-0.380	0.04903639
389	G	0.448	0.05947661
390	G	0.263	0.1026246
391	G	0.160	0.1068624
392	T	0.409	0.09790102
393	T	0.323	0.08058916
394	G	-0.140	0.07636283
395	G	-0.097	0.1019772
396	A	-0.025	0.1388418
397	G	0.375	0.09912476
398	A	-0.095	0.05786336
399	T	-0.087	0.02493196
400	G	0.026	0.01096069
401	G	0.146	-0.006416093
402	T	0.203	0.02703284
403	T	0.172	0.04020459
404	C	-0.147	0.04306837
405	A	-0.355	-2.196667e-05
406	A	-0.333	-0.01910833
407	C	0.200	-0.02442539
408	A	0.062	-0.05047253
409	T	0.361	-0.07391699
410	C	0.100	-0.1184107
411	A	0.016	-0.1529113
412	G	-0.270	-0.1167427
413	A	-0.382	-0.1090725
414	T	-0.167	-0.1038437
415	G	-0.364	-0.1327785
416	A	-0.205	-0.1667979
417	A	-0.463	-0.1936017
418	A	-0.344	-0.2251935
419	C	0.394	-0.2489683
420	A	-0.240	-0.2592483
421	T	-0.255	-0.2666323
422	A	-0.233	-0.2816679
423	T	-0.447	-0.2782015
424	G	-0.040	-0.2897221
425	A	-0.373	-0.2949328
426	A	-0.339	-0.2828392
427	A	-0.425	-0.3226391
428	T	-0.492	-0.3017445
429	A	-0.393	-0.3060028
430	G	-0.312	-0.310673
431	A	-0.378	-0.284268
432	A	-0.542	-0.2833522
433	A	-0.163	-0.2620634
434	T	-0.202	-0.2408902
435	G	0.073	-0.2165557
436	A	-0.319	-0.1547636
437	A	-0.303	-0.1384254
438	G	-0.051	-0.09140149
439	C	-0.026	-0.05676956
440	A	-0.054	-0.0008874933
441	A	-0.022	0.03936911
442	C	-0.060	0.03137091
443	T	0.433	0.001279547
444	A	-0.147	-0.003862853
445	C	0.393	-0.01744212
446	A	0.141	0.01280699
447	C	0.296	0.03482138
448	T	0.440	0.04861914
449	T	-0.322	0.07354016
450	T	-0.377	0.092537
451	A	-0.396	0.07367873
452	A	-0.507	0.09740947
453	C	0.402	0.05355907
454	C	0.303	0.06485567
455	C	0.152	0.0522408
456	A	0.351	-0.009845667
457	T	0.224	-0.0204744
458	G	0.151	-0.0237628
459	G	0.208	-0.0264524
460	T	-0.264	-0.02081887
461	A	0.310	-0.06853507
462	C	0.106	-0.1156304
463	A	-0.490	-0.1553117
464	A	-0.481	-0.2039947
465	A	-0.427	-0.1995456
466	A	-0.436	-0.1848116
467	A	-0.422	-0.168668
468	T	-0.313	-0.168132
469	A	-0.402	-0.2010079
470	T	-0.442	-0.2095248
471	A	-0.378	-0.1573435
472	T	0.291	-0.1225323
473	C	0.372	-0.1070235
474	C	0.450	-0.1092411
475	A	-0.256	-0.09558291
476	G	-0.182	-0.07208287
477	A	-0.020	-0.01465113
478	G	0.291	0.03451313
479	C	0.040	0.07040753
480	G	-0.194	0.07820707
481	A	-0.469	0.06596213
482	A	-0.218	0.07068513
483	T	0.038	0.09655407
484	C	0.458	0.115692
485	T	0.294	0.1496378
486	G	0.159	0.1232568
487	T	0.408	0.1033768
488	T	0.188	0.1054486
489	T	0.521	0.1678648
490	C	0.131	0.1954757
491	A	0.104	0.1992644
492	C	0.488	0.1759954
493	A	-0.103	0.185906
494	T	-0.257	0.1846388
495	A	-0.163	0.181373
496	T	0.466	0.1999065
497	C	0.196	0.1610363
498	A	0.095	0.1390995
499	C	0.109	0.1071797
500	T	0.443	0.06503032
501	T	0.140	0.1018793
502	C	0.359	0.1422981
503	T	0.466	0.1830816
504	G	-0.062	0.1808911
505	A	-0.197	0.1959503
506	G	-0.374	0.2091236
507	A	-0.143	0.205826
508	T	0.448	0.1678814
509	C	0.348	0.1276741
510	T	0.448	0.08236711
511	C	0.433	0.04278671
512	C	0.421	0.05149103
513	C	0.293	0.05989129
514	T	0.060	0.08562368
515	T	-0.125	0.1217834
516	A	-0.462	0.09945175
517	G	-0.320	0.1032647
518	T	-0.127	0.06151635
519	T	0.068	0.06660615
520	C	-0.071	0.04402803
521	A	0.011	0.01087197
522	C	0.398	0.004743713
523	A	0.113	-0.00420062
524	G	0.406	0.01708398
525	G	-0.178	0.05226811
526	T	0.509	0.08505871
527	T	0.083	0.09450237
528	A	-0.204	0.1010143
529	T	-0.031	0.08122293
530	T	-0.259	0.03299033
531	G	-0.142	0.002618133
532	G	0.207	-0.0296908
533	T	0.364	-0.03555433
534	C	0.210	-0.09534407
535	A	0.026	-0.1300511
536	A	-0.285	-0.1433954
537	C	-0.324	-0.1755265
538	A	-0.341	-0.1582043
539	G	-0.078	-0.1393128
540	A	-0.266	-0.1563813
541	T	-0.387	-0.2046193
542	A	-0.437	-0.2507779
543	A	-0.404	-0.2827303
544	A	-0.513	-0.2896928
545	A	0	-0.2845393
 546	C	0.140	-0.2890722
547	G	-0.048	-0.2745987
548	A	-0.359	-0.2809164
549	G	-0.482	-0.2308979
550	A	-0.453	-0.1928773
551	A	-0.389	-0.1431572
552	G	-0.247	-0.08521861
553	A	-0.409	-0.07056494
554	T	0.138	-0.05893401
555	G	-0.360	-0.03197827
556	C	0.363	-0.008043133
557	A	0.132	0.001529267
558	G	0.341	-0.003358867
559	C	0.355	-0.01301787
560	T	0.219	-0.0203386
561	G	0.314	0.0138496
562	C	0.355	0.0260642
563	A	0	0.05359088
 564	C	-0.338	0.01365161
565	A	-0.526	-0.01964192
566	A	-0.534	-0.02369985
567	A	-0.357	-0.01971845
568	G	0.103	-0.005257387
569	C	0.321	0.00218428
570	C	0.052	0.002191747
571	A	-0.235	0.01458028
572	A	-0.366	0.06087575
573	C	0.280	0.1253149
574	C	0.414	0.1847253
575	C	0.436	0.1929935
576	C	0.426	0.2048616
577	T	0.356	0.1970629
578	G	0.185	0.1599379
579	G	0.355	0.1513181
580	C	0.440	0.170535
581	T	0.356	0.177187
582	G	-0.233	0.1622378
583	C	0.281	0.1189542
584	T	0.204	0.105451
585	T	-0.504	0.07741296
586	A	-0.365	0.05380243
587	G	-0.078	0.03007996
588	C	0.380	-0.004852113
589	G	0.190	-0.04687178
590	G	-0.212	-0.06001178
591	A	0.223	-0.1003496
592	G	-0.064	-0.08509625
593	C	-0.168	-0.04104398
594	A	0	0.01437969
 595	A	-0.083	0.01959111
596	A	-0.273	0.008134707
597	G	-0.430	-0.01694156
598	A	-0.323	-0.03673276
599	T	0.433	-0.06365269
600	T	0.156	-0.04550494
601	C	0.466	-0.02864377
602	G	0	0.0001714333
 603	G	0.208	0.03711611
604	A	-0.185	0.05950161
605	A	-0.509	0.1057153
606	G	-0.179	0.1128944
607	T	0.207	0.08554235
608	T	0.084	0.08387961
609	C	0.432	0.06489235
610	C	0.470	0.04225488
611	C	0.062	0.04361115
612	A	0.262	0.05597101
613	T	-0.216	0.08599496
614	G	0.023	0.1052333
615	T	0.131	0.1138912
616	C	0.181	0.13353
617	A	-0.339	0.1098102
618	C	0.229	0.04892011
619	G	0	0.05435761
 620	T	-0.059	0.01484634
621	G	0.108	0.02049934
622	G	0.337	0.02909414
623	C	0.379	0.03707854
624	A	0.076	0.04447887
625	G	-0.442	0.05785847
626	G	0.143	0.01900081
627	A	-0.329	-0.01657006
628	A	-0.131	-0.02383114
629	G	0.152	-0.01723174
630	C	0.250	-0.03410063
631	G	0.292	-0.03056343
632	G	-0.138	-0.004300093
633	A	-0.353	0.02937528
634	A	-0.533	0.03730648
635	G	-0.167	0.04488915
636	T	0.207	0.05520108
637	T	0.084	0.05379515
638	C	0.432	0.04916815
639	C	0.470	0.007035013
640	C	0.062	0.03156241
641	A	0.262	0.05515055
642	T	-0.216	0.08678529
643	G	0.023	0.1052333
644	T	0.131	0.1138912
645	C	0.181	0.13353
646	A	-0.339	0.1098102
647	C	0.229	0.07845145
648	G	0	0.04736354
 649	T	-0.059	0.00422094
650	G	0.108	-0.00783726
651	G	0.337	0.01050881
652	C	0.379	0.01209234
653	A	0.076	0.01016001
654	G	0	0.02064767
 655	G	-0.404	-0.01495799
656	A	-0.384	-0.03671113
657	A	-0.397	-0.05183507
658	G	0.298	-0.04496134
659	C	0.154	-0.07310019
660	A	0.152	-0.07687953
661	G	-0.182	-0.04917212
662	A	-0.305	-0.01804445
663	A	-0.326	0.03758908
664	G	-0.285	0.04853788
665	T	0.211	0.09966515
666	T	-0.084	0.1137316
667	C	0.322	0.1222206
668	G	0.492	0.08814415
669	C	0.466	0.1180441
670	A	0.430	0.1515167
671	T	-0.220	0.198407
672	G	0.369	0.2304299
673	C	0.509	0.2041661
674	T	0.282	0.2350749
675	A	-0.358	0.2186717
676	C	0.266	0.1894673
677	G	0.197	0.1697217
678	T	0.377	0.1096217
679	G	0.194	0.1024212
680	G	-0.182	0.09141355
681	C	0.379	0.07360681
682	A	0.076	0.08104581
683	G	0.053	0.08633761
684	G	0.170	0.09678981
685	A	-0.471	0.1081865
686	A	-0.328	0.06076595
687	G	0.204	0.03654261
688	C	0.242	0.05936801
689	T	0.393	0.05620868
690	G	-0.279	0.04044175
691	C	0.423	0.04133143
692	T	0.367	0.02483009
693	G	-0.334	0.07960282
694	C	-0.168	0.1314328
695	T	0.160	0.1512418
696	C	0.331	0.1188021
697	T	-0.160	0.06183175
698	T	0.067	0.06069822
699	G	-0.076	0.02103002
700	G	0.350	-0.03835551
701	C	0.449	-0.01921105
702	T	0.501	-0.01040099
703	T	-0.244	0.003647347
704	T	-0.460	0.00679148
705	A	-0.296	-0.00967772
706	T	-0.171	0.009269853
707	T	-0.522	-8.867333e-05
708	T	-0.047	-0.05817114
709	G	-0.036	-0.1212588
710	G	0.371	-0.1868606
711	G	0.378	-0.1720465
712	G	-0.407	-0.1126953
713	T	0.351	-0.07970235
714	T	-0.217	-0.05174822
715	G	-0.520	0.01189205
716	A	-0.497	0.03445611
717	A	-0.482	0.04401692
718	G	-0.022	0.01131365
719	C	0.429	-0.01957683
720	T	0.198	0.03516463
721	G	0.247	0.01684257
722	C	0.431	0.03539655
723	C	0.291	0.07612898
724	T	0.106	0.08749478
725	T	-0.119	0.09425905
726	C	-0.084	0.06941273
727	C	0.414	0.07128366
728	T	0.076	0.03816613
729	G	0.061	0.0224685
730	G	0.090	0.0047085
731	G	-0.326	-0.0033571
732	A	-0.380	0.0218109
733	A	-0.394	0.05494737
734	C	0.457	0.08065085
735	A	-0.298	0.03984552
736	G	0.011	0.04414318
737	C	0.165	0.05213394
738	A	0.170	0.06277964
739	C	0.484	0.1119654
740	C	0.377	0.1646734
741	T	0.301	0.2062772
742	T	-0.198	0.1981564
743	G	0.141	0.2395234
744	G	0.181	0.2644235
745	G	0.249	0.2836029
746	C	0.411	0.2558742
747	T	0.409	0.207779
748	G	0.229	0.165191
749	G	0.335	0.1726601
750	G	0.322	0.2002731
751	C	0.385	0.214656
752	T	0.453	0.2291813
753	T	-0.245	0.2368729
754	G	-0.237	0.24062
755	T	-0.261	0.2348793
756	G	0.413	0.2448024
757	G	0.216	0.2215009
758	T	0.356	0.228075
759	G	0.398	0.1998336
760	C	0.365	0.1664533
761	C	0.467	0.2074334
762	A	0.323	0.2365543
763	T	0.378	0.2672482
764	C	-0.013	0.2699458
765	T	0.420	0.2689483
766	T	-0.038	0.2306838
767	T	-0.047	0.2000674
768	T	0.369	0.145981
769	G	0.199	0.1335617
770	C	0.199	0.1172056
771	C	0.453	0.1061812
772	A	0.201	0.08413055
773	T	-0.217	0.03148888
774	T	-0.060	-0.00174932
775	G	-0.446	0.01242433
776	G	0.281	-0.02079901
777	A	0.078	-0.03866919
778	T	0.212	-0.05740343
779	T	-0.344	-0.05929877
780	T	-0.368	-0.04517043
781	T	-0.536	-0.01057703
782	C	0.165	-0.02654331
783	A	-0.129	0.02112256
784	A	-0.068	0.02976603
785	C	-0.081	0.05482344
786	T	0.425	0.04400637
787	C	0.413	0.06697811
788	T	0.301	0.06763044
789	A	-0.299	0.09766589
790	C	0.268	0.1011453
791	T	0.410	0.1381476
792	C	0.454	0.1692167
793	A	0.050	0.2003945
794	T	0	0.1942943
 795	G	-0.358	0.1926208
796	A	-0.086	0.1886675
797	G	0.217	0.2346623
798	T	0.425	0.2389369
799	C	0.397	0.2044599
800	T	0.385	0.1882281
801	C	0.333	-
802	T	0.387	-
803	T	0.242	-
804	C	0.390	-
805	T	0.333	-
806	G	-0.106	-
807	A	0.210	-
