1	G	0.383	-
2	G	0.228	-
3	C	0.493	-
4	T	0.361	-
5	T	-0.231	-
6	A	-0.486	0.09220405
7	A	-0.527	0.09339533
8	G	-0.032	0.09205496
9	T	0.127	0.02724787
10	G	0.285	0.03498996
11	C	0.412	0.1054809
12	T	0.396	0.1716993
13	T	0.213	0.1783495
14	G	-0.219	0.1786261
15	C	0.446	0.2072244
16	C	0.544	0.2229925
17	T	0.241	0.2285654
18	A	-0.454	0.1731903
19	T	-0.029	0.1290288
20	G	0.441	0.1239476
21	C	0.459	0.05665517
22	A	0.473	-0.003941827
23	T	-0.212	-0.01525919
24	T	-0.272	0.05245072
25	A	-0.275	0.05111985
26	T	-0.294	0.05177958
27	G	-0.122	0.04886385
28	T	0.117	0.04804249
29	C	0.290	0.06269553
30	A	-0.043	0.09248967
31	G	0.448	0.09289813
32	T	0.427	0.1230033
33	G	0.464	0.1697909
34	C	-0.051	0.1777804
35	A	0.055	0.1553083
36	T	-0.270	0.1724226
37	T	0.037	0.1346767
38	C	0.392	0.06080528
39	A	0.204	0.004925282
40	C	0.043	0.05191943
41	T	0.144	0.02262674
42	T	0.033	0.04120973
43	C	-0.385	0.04964734
44	A	-0.150	-0.009971936
45	T	0.465	-0.01768148
46	C	-0.266	0.007104391
47	T	-0.066	-0.01186558
48	G	0.129	-0.04106044
49	G	-0.263	-0.01792007
50	T	0.120	0.01852493
51	A	0.315	0.0149982
52	G	-0.064	0.07612865
53	G	-0.287	0.1217518
54	A	-0.130	0.08895775
55	T	0.250	0.08637575
56	C	0.427	0.112147
57	C	0.405	0.06859575
58	T	0.435	0.07174295
59	T	-0.230	0.1211049
60	G	-0.291	0.1684878
61	T	0.403	0.1599669
62	G	-0.163	0.1038275
63	T	-0.029	0.07624304
64	C	0.255	0.06731276
65	C	0.390	0.1128609
66	T	0.156	0.1346775
67	A	-0.190	0.07132614
68	G	0.102	0.04528268
69	T	0.337	0.03212365
70	T	0.270	-0.03081108
71	T	-0.051	-0.1143373
72	G	-0.293	-0.1221516
73	T	-0.449	-0.09139931
74	A	-0.174	-0.06795404
75	A	-0.436	-0.1081798
76	A	-0.528	-0.09961367
77	T	0.070	-0.1196253
78	C	0.147	-0.1276602
79	A	0.360	-0.1106694
80	G	-0.104	-0.07460859
81	C	0.364	-0.03357079
82	A	-0.271	0.006246682
83	A	-0.381	-0.006762536
84	A	-0.262	0.0008911
85	C	0.222	0.003232282
86	T	0.014	0.04960292
87	A	-0.090	0.05527283
88	G	-0.072	0.06434083
89	G	0.232	0.08632365
90	G	0.385	0.06218937
91	C	0.405	0.03389255
92	T	0.426	0.0063272
93	G	-0.172	-0.01188636
94	A	-0.139	0.02726163
95	G	-0.528	0.04374881
96	T	-0.089	0.04857808
97	A	-0.288	0.0405039
98	G	-0.290	-0.04686201
99	C	0.358	-0.04153192
100	C	0.413	-0.03018487
101	C	0.439	0.05876913
102	T	0.316	0.1074396
103	G	-0.534	0.1737986
104	T	-0.113	0.2131065
105	G	-0.015	0.1933578
106	C	0.450	0.2005914
107	C	0.446	0.198134
108	T	0.441	0.142646
109	T	0.141	0.1439308
110	G	0.141	0.1097276
111	C	0.492	0.09394427
112	T	0.411	0.07367291
113	T	-0.294	0.05346673
114	A	-0.520	0.04597927
115	G	-0.489	0.05675955
116	G	-0.188	0.082436
117	A	0.227	0.05653318
118	C	0.223	0.05284945
119	T	0.358	0.1135675
120	C	0.260	0.2048554
121	C	0.423	0.2398609
122	C	0.208	0.2122306
123	A	0.371	0.1834972
124	G	0.373	0.1892695
125	C	0.484	0.1986342
126	T	-0.104	0.1749661
127	A	-0.492	0.1740149
128	A	-0.088	0.1942399
129	C	0.287	0.1714058
130	C	0.462	0.1488202
131	A	0	0.06929043
 132	C	0.413	0.03766643
133	C	0.430	0.04850825
134	A	0.120	0.04600655
135	T	0.125	-0.02324
136	T	-0.390	-0.04974018
137	G	-0.452	-0.01853345
138	A	-0.373	-0.07108027
139	A	-0.116	-0.1325184
140	A	-0.474	-0.1293845
141	C	0.170	-0.1056065
142	T	0.343	-0.02978955
143	G	-0.164	0.04840227
144	T	-0.245	0.06320391
145	T	0.154	0.08883045
146	C	0.386	0.1525455
147	C	0.443	0.1647868
148	A	0.407	0.1628034
149	G	-0.210	0.1891623
150	G	0.165	0.2088741
151	C	0.226	0.2196046
152	C	0.305	0.2239483
153	T	0.321	0.2197491
154	G	0.125	0.2102094
155	T	-0.028	0.2115608
156	G	0.272	0.1762946
157	T	0.434	0.1136294
158	C	0.397	0.04353142
159	T	0.302	0.03792778
160	C	-0.195	-0.004320855
161	A	-0.222	-0.007726373
162	G	-0.462	-0.05971965
163	A	-0.465	-0.1474513
164	A	0.259	-0.2271812
165	G	-0.339	-0.2740707
166	C	-0.065	-0.2342186
167	A	-0.299	-0.1770145
168	A	-0.530	-0.09441674
169	A	-0.479	-0.004735555
170	A	-0.213	-0.07766446
171	G	0.242	-0.04679274
172	C	0.406	-0.06642473
173	C	0.445	-0.06802055
174	T	0.520	-0.002536727
175	T	-0.542	0.03849174
176	T	0	0.0737021
 177	C	-0.281	0.07769355
178	A	-0.316	0.07189128
179	A	0.189	0.04198346
180	C	-0.028	0.02692628
181	T	0.174	0.1087052
182	A	0.286	0.1234686
183	G	0.343	0.1713248
184	G	0.116	0.2353761
185	C	0.354	0.1834215
186	C	0.357	0.193907
187	A	0.162	0.1865856
188	C	0.244	0.1955317
189	A	0.387	0.1725153
190	G	-0.381	0.139049
191	C	0.086	0.08631959
192	A	0.093	0.0271735
193	C	0.385	-0.0151655
194	T	0.089	-0.03185313
195	G	-0.251	-0.02155504
196	G	-0.225	-0.02660276
197	A	-0.293	-0.07598584
198	A	-0.303	-0.1241145
199	G	0.060	-0.1418672
200	C	0.501	-0.1377859
201	A	-0.437	-0.1062433
202	A	-0.456	-0.06865155
203	A	-0.435	-0.02859282
204	G	0.189	0.016865
205	T	0.134	0.05130717
206	T	0.095	-0.01180165
207	T	0.188	0.02940075
208	G	0.147	0.04823839
209	T	0.196	0.03961812
210	C	0.439	-0.0159977
211	T	-0.193	0.004183209
212	G	0.016	0.03364585
213	T	-0.249	0.05241131
214	A	-0.530	0.08571631
215	A	-0.421	0.1014969
216	G	0.356	0.06895171
217	T	0.419	0.06631625
218	C	0.394	0.02598031
219	C	0.513	0.004046855
220	T	0.370	0.0145724
221	T	0.081	0.0166014
222	C	-0.222	-0.05321251
223	A	-0.427	-0.09877452
224	A	-0.490	-0.09603234
225	A	-0.414	-0.1048278
226	G	-0.399	-0.1262069
227	A	-0.411	-0.1588794
228	A	-0.081	-0.1165917
229	C	0.425	-0.1163864
230	C	0.416	-0.1090559
231	G	0.135	-0.1179056
232	G	-0.277	-0.08471925
233	A	0.243	-0.003865427
234	A	-0.425	0.04567013
235	T	-0.409	-0.008608236
236	A	-0.512	-0.09418505
237	A	-0.034	-0.09301442
238	C	0.478	-0.06777887
239	C	0.463	-0.1067298
240	A	-0.172	-0.02687851
241	T	-0.524	0.04985931
242	T	0.147	0.1168912
243	G	0	0.1552585
 244	G	-0.185	0.1462287
245	T	0.453	0.07878982
246	G	0.434	0.08075927
247	G	0.225	0.167814
248	C	0.387	0.171595
249	T	0.378	0.2001095
250	G	-0.278	0.2118436
251	G	-0.150	0.1539374
252	C	0.433	0.1314035
253	T	0.189	0.1197323
254	C	0.313	0.125617
255	T	-0.056	0.1129619
256	G	-0.183	0.1630937
257	C	0.186	0.2258129
258	A	0.096	0.1784573
259	T	0.452	0.1271048
260	C	0.239	0.05040241
261	C	0.273	0.07726795
262	C	0.539	0.1299118
263	T	-0.087	0.1387701
264	A	-0.375	0.1716754
265	A	-0.530	0.1256891
266	G	0.239	0.1206807
267	G	0.395	0.1199851
268	G	0.283	0.1088778
269	C	0.458	0.1577576
270	A	-0.053	0.2326447
271	G	0.184	0.3107204
272	T	0.265	0.3122034
273	C	0.417	0.3184618
274	C	0.449	0.3223412
275	T	0.448	0.3098463
276	G	0.328	0.3261909
277	C	0.255	0.2839674
278	C	0.464	0.2217779
279	T	0.326	0.1624978
280	T	0.321	0.09880018
281	G	0.126	0.08023145
282	G	-0.279	0.05349241
283	G	-0.418	0.05531368
284	A	-0.234	0.03070732
285	A	-0.250	-0.0001463182
286	G	0.244	-0.06159005
287	G	0.034	-0.110867
288	A	0.275	-0.1258057
289	C	0.193	-0.132941
290	A	-0.012	-0.1603652
291	C	-0.354	-0.1782726
292	A	-0.415	-0.1882018
293	A	-0.444	-0.1582463
294	A	-0.497	-0.1554905
295	A	-0.536	-0.1422979
296	A	-0.447	-0.1057705
297	G	0.134	-0.04121491
298	G	0.364	0.02719173
299	T	0.305	0.089508
300	G	0.338	0.1647269
301	C	0.388	0.2359194
302	G	0.355	0.2391094
303	T	0.336	0.197528
304	G	0.241	0.1146585
305	G	0.330	0.05416155
306	C	0.246	0.05556509
307	A	-0.412	0.02855956
308	A	-0.322	0.01529165
309	A	-0.547	0.02534084
310	G	-0.359	-0.01632216
311	C	0.353	-0.08606407
312	A	0.091	-0.1540979
313	C	0.209	-0.1527339
314	C	0.447	-0.08388335
315	A	-0.216	-0.007575891
316	G	-0.436	0.0608152
317	A	-0.501	0.06563529
318	A	-0.397	0.09851118
319	C	0.434	0.1158723
320	C	0.291	0.03374636
321	C	0.392	0.03310718
322	A	0.406	0.02723745
323	C	0.453	0.02910082
324	C	0.400	0.01907845
325	A	-0.456	0.006143273
326	G	-0.223	-0.020399
327	A	-0.501	-0.01695327
328	A	-0.481	-0.01365173
329	G	-0.507	-0.05173212
330	A	0.292	-0.06936066
331	G	0	-7.83e-05
 332	C	0.430	-0.02082294
333	C	0.443	-0.02186412
334	C	0.034	0.03509779
335	T	0.206	0.09887106
336	A	0.305	0.07871673
337	T	-0.452	0.09628809
338	A	-0.512	0.05458944
339	T	0.145	0.0253048
340	T	0.193	0.03756101
341	G	0.070	-0.005230355
342	G	0.193	-0.08080181
343	G	-0.028	-0.05031454
344	C	0.121	0.0156841
345	T	0.169	0.04305437
346	A	-0.264	0.06161937
347	A	-0.525	0.07492735
348	G	-0.116	0.02730771
349	G	0.213	-0.01062391
350	T	0.446	-0.06418518
351	C	0.397	-0.1179139
352	C	0.217	-0.105179
353	A	-0.330	-0.09451845
354	G	-0.445	-0.1134121
355	A	-0.468	-0.1376809
356	A	-0.421	-0.1727251
357	A	-0.123	-0.180481
358	G	-0.408	-0.1667712
359	A	-0.324	-0.1573481
360	A	-0.053	-0.1276276
361	C	0.061	-0.1228737
362	A	0.312	-0.1318441
363	C	0.368	-0.1194543
364	A	-0.226	-0.08337356
365	G	-0.118	-0.02415256
366	A	-0.415	0.01728721
367	A	-0.520	0.04959839
368	A	0.012	0.01470826
369	T	-0.011	-0.008269373
370	G	0.326	0.02776481
371	C	0.402	0.07152445
372	C	0.416	0.1354811
373	G	-0.071	0.2242109
374	A	0.115	0.2411525
375	C	0.169	0.2056498
376	G	0.363	0.1352953
377	G	0.287	0.05892469
378	G	0.455	-0.02507031
379	G	0.198	-0.06753309
380	A	-0.401	-0.09782073
381	A	-0.447	-0.1042388
382	T	-0.438	-0.09848599
383	A	-0.507	-0.08918981
384	A	-0.538	-0.09486535
385	A	-0.217	-0.09522735
386	G	0.098	-0.03138881
387	C	0.426	0.01826406
388	T	0.390	0.04140543
389	G	0.393	0.03940606
390	G	0.194	0.05237525
391	G	0.300	0.04714125
392	C	0.099	0.02335769
393	A	-0.183	0.02199851
394	A	-0.529	-0.02420958
395	T	-0.395	-0.01895295
396	T	-0.275	-0.03665349
397	G	-0.162	-0.0868204
398	C	0.411	-0.1258216
399	A	-0.118	-0.09283991
400	G	0.451	-0.05400464
401	C	0	0.0005493636
 402	G	-0.251	-0.02359273
403	A	-0.329	-0.01234526
404	C	0.179	-0.01571117
405	G	-0.102	0.03572446
406	A	0.204	0.03399055
407	G	-0.540	0.07165046
408	A	-0.038	0.1193994
409	G	0.374	0.1835119
410	C	0.447	0.1854886
411	T	0.432	0.1637393
412	G	0.414	0.1793095
413	T	0.273	0.2586317
414	G	0.375	0.2670101
415	G	0.201	0.2793921
416	T	-0.341	0.2596782
417	T	0.375	0.2327185
418	T	0.331	0.1685824
419	C	0.053	0.1452071
420	T	0.510	0.0868617
421	G	0.230	0.1014374
422	T	0.135	0.1511509
423	A	-0.291	0.1505789
424	T	0.016	0.1583021
425	G	-0.266	-
426	T	0.361	-
427	G	0.205	-
428	C	0.369	-
429	T	0.416	-
