1	G	-0.370	-
2	A	-0.411	-
3	A	-0.445	-
4	A	-0.273	-
5	T	-0.309	-
6	T	-0.211	-
7	A	-0.439	-0.3975788
8	T	-0.421	-0.3879371
9	A	-0.452	-0.3776076
10	A	-0.447	-0.3540699
11	T	-0.342	-0.3591258
12	A	-0.429	-0.3647921
13	A	-0.504	-0.3825321
14	A	-0.506	-0.3857982
15	A	-0.235	-0.3729552
16	G	-0.267	-0.3550266
17	C	-0.116	-0.2997063
18	A	-0.344	-0.2534756
19	A	-0.388	-0.2183881
20	A	-0.460	-0.2119411
21	A	-0.484	-0.2089919
22	T	-0.242	-0.2215616
23	G	-0.201	-0.2353045
24	G	0.327	-0.2198143
25	A	0.304	-0.2015011
26	T	0.061	-0.1627443
27	T	-0.414	-0.1230325
28	T	-0.464	-0.05128054
29	G	-0.411	-0.0005416143
30	A	-0.459	0.001012814
31	A	0.100	-0.03272719
32	T	-0.088	-0.05660629
33	C	0.154	-0.03562458
34	A	0.095	-0.007604836
35	C	0.519	0.01422409
36	T	0.468	0.05504424
37	T	-0.180	0.1014183
38	T	-0.145	0.12974
39	G	-0.029	0.176113
40	C	0.355	0.1724341
41	A	-0.021	0.1741737
42	A	-0.159	0.1565896
43	G	0.160	0.1163766
44	T	0.189	0.1549756
45	C	0.497	0.1620901
46	T	0.560	0.1935973
47	T	0.102	0.1921622
48	T	0.120	0.2241829
49	C	0.273	0.2648492
50	A	-0.094	0.2446544
51	G	0.360	0.2417147
52	C	-0.045	0.2381111
53	A	0.411	0.2113384
54	T	0.335	0.1762977
55	C	0.426	0.1367186
56	C	0.410	0.1311965
57	T	-0.122	0.1589292
58	G	0.148	0.1641752
59	C	0.446	0.1983864
60	T	0.186	0.2041161
61	A	-0.387	0.2200642
62	G	-0.433	0.2015219
63	T	0.196	0.1635556
64	C	0.293	0.1485059
65	T	0.433	0.131122
66	C	0.433	0.1037716
67	C	0.491	0.09500309
68	C	0.558	0.1015038
69	A	0.166	0.09744552
70	T	-0.121	0.08046578
71	C	-0.333	0.04544671
72	A	-0.094	0.01105078
73	G	0.063	-0.006500364
74	T	0.063	-0.06866872
75	G	-0.296	-0.1014565
76	A	-0.490	-0.1098876
77	A	-0.041	-0.114152
78	G	-0.196	-0.09879051
79	A	-0.047	-0.1301723
80	C	0.187	-0.1569137
81	A	-0.378	-0.1382035
82	T	0.099	-0.08408411
83	T	0.048	-0.06258339
84	T	-0.181	-0.09359301
85	T	-0.117	-0.1017189
86	A	-0.534	-0.1108867
87	T	-0.310	-0.1301546
88	C	0.325	-0.1012934
89	C	0.460	-0.1194962
90	A	-0.189	-0.1286135
91	A	-0.475	-0.1272571
92	T	-0.310	-0.08731026
93	T	-0.176	-0.02034519
94	A	-0.081	0.03125902
95	C	0.025	0.02366888
96	A	-0.155	0.01635959
97	T	-0.078	0.05804674
98	T	-0.162	0.08077016
99	C	0.441	0.07525909
100	T	0.403	0.05972445
101	C	0.411	0.07524134
102	T	0.218	0.05403637
103	C	0.358	0.05721273
104	C	0.393	0.05412329
105	T	-0.157	0.09629693
106	G	-0.387	0.03895071
107	A	-0.393	-0.022248
108	T	0.135	-0.08728929
109	A	-0.271	-0.1057254
110	G	-0.111	-0.1002794
111	G	-0.122	-0.09627286
112	G	0.428	-0.07469901
113	A	-0.361	-0.04550025
114	A	-0.453	0.01640682
115	G	-0.498	0.01962154
116	A	-0.039	0.04355008
117	C	0.434	0.04382258
118	C	0.450	0.02144136
119	T	0.144	0.0001959357
120	G	0.021	0.01454401
121	T	0.472	0.04507447
122	G	0.180	0.0894839
123	T	0.063	0.05516119
124	G	-0.107	-0.008217593
125	A	-0.435	-0.05150131
126	G	0.130	-0.08080359
127	T	-0.160	-0.07076928
128	A	-0.026	-0.1101555
129	C	0.122	-0.09296439
130	A	-0.519	-0.07456429
131	A	-0.452	-0.03585729
132	G	-0.155	0.01967493
133	A	-0.265	0.002938357
134	T	0.161	-0.01642207
135	G	-0.078	-0.04423954
136	C	0.421	-0.09077475
137	C	0.321	-0.08359275
138	C	0.434	-0.03857275
139	T	0.342	-0.02280586
140	C	-0.103	-0.0171595
141	A	-0.431	0.003023214
142	A	-0.415	0.02293796
143	A	-0.528	0.01984904
144	A	-0.419	0.02874682
145	C	0.177	0.03438911
146	C	0.064	0.01687715
147	A	-0.186	-0.007310279
148	T	0.444	0.01326608
149	C	0.200	0.01483429
150	C	0.377	0.01805601
151	C	0.445	0.02864636
152	C	0.513	0.03649658
153	T	0.096	0.03731768
154	A	-0.441	0.07878589
155	T	-0.143	0.06608946
156	T	-0.393	0.08118925
157	T	-0.483	0.06334118
158	A	-0.270	0.06545025
159	C	0.287	0.005095893
160	A	0.076	-0.01797194
161	C	0.393	0.03081256
162	C	0.266	0.05097306
163	T	0.411	0.08986314
164	C	0.127	0.1383116
165	T	0.475	0.1827751
166	A	-0.331	0.1878278
167	T	-0.226	0.1981804
168	T	0.241	0.1793574
169	G	0.138	0.1782876
170	T	0.150	0.148878
171	G	0.194	0.1080697
172	G	0.351	0.0504925
173	C	0.358	0.1018401
174	A	0.221	0.0994085
175	G	0.130	0.067326
176	G	0.251	0.06947936
177	G	0	0.04885786
 178	A	-0.443	0.01997521
179	A	-0.330	-0.02088607
180	T	0.387	-0.035156
181	T	-0.260	-0.08106736
182	T	-0.208	-0.082101
183	G	0.168	-0.1205582
184	C	-0.137	-0.09243093
185	A	-0.209	-0.03871857
186	T	-0.220	0.009091571
187	A	0.158	0.007657714
188	T	-0.421	0.05891436
189	C	0.115	0.09890686
190	G	-0.286	0.09160986
191	T	0.393	0.1085191
192	T	0.308	0.154665
193	C	0.338	0.1704099
194	C	0.367	0.1372926
195	C	0.457	0.1654992
196	C	0.351	0.1663481
197	A	0.066	0.2105155
198	G	0.098	0.2083102
199	G	0.436	0.2166195
200	G	0	0.1986495
 201	A	-0.305	0.1520972
202	G	-0.026	0.1252718
203	G	0.127	0.1291475
204	T	0.331	0.1377205
205	C	0.362	0.142251
206	C	0.424	0.08941332
207	T	0.087	0.07065111
208	T	-0.284	0.1239834
209	G	0.081	0.1572584
210	C	0.406	0.1596667
211	C	0.186	0.1518446
212	T	0.162	0.1598528
213	T	-0.303	0.1636661
214	G	-0.262	0.155339
215	C	0.441	0.1387659
216	C	0.439	0.1066502
217	A	0.161	0.05496901
218	T	0.221	0.0079943
219	C	0.475	-0.02594684
220	C	0.478	-0.03483391
221	T	-0.029	-0.0546737
222	A	-0.516	-0.1182461
223	A	-0.367	-0.1641092
224	G	-0.317	-0.1634959
225	A	-0.471	-0.1491988
226	T	-0.312	-0.1525466
227	A	-0.427	-0.1546671
228	A	-0.540	-0.1542439
229	A	-0.448	-0.101109
230	A	-0.202	-0.04739184
231	G	0.170	0.007231021
232	C	0.422	0.02048845
233	T	0.428	0.05392174
234	C	0.448	0.05786016
235	A	-0.023	0.09858609
236	G	0.227	0.1614988
237	C	0.384	0.2086212
238	T	0.447	0.2276142
239	G	-0.285	0.2046632
240	T	0.155	0.2049657
241	A	-0.372	0.2083181
242	C	0.029	0.2037993
243	T	0.432	0.1494391
244	C	0.456	0.131243
245	T	0.435	0.1060791
246	T	0.100	0.1216883
247	G	0.432	0.1342612
248	C	0.495	0.1757535
249	T	-0.086	0.1633699
250	T	-0.533	0.114811
251	T	0.129	0.07473717
252	C	0.094	0.03797259
253	A	-0.066	0.02974988
254	G	0.331	0.02737438
255	C	0.208	0.02560574
256	G	-0.143	0.06064741
257	A	-0.247	0.1299471
258	T	-0.104	0.1445258
259	T	-0.078	0.1608712
260	C	-0.014	0.1379642
261	C	0.399	0.07891464
262	T	0.470	0.04338592
263	C	0.403	0.06371678
264	T	0.436	0.09793814
265	C	0.333	0.1413129
266	C	0.323	0.1645597
267	T	-0.387	0.1655882
268	A	-0.495	0.1316465
269	A	-0.289	0.08781038
270	G	0.140	0.05316901
271	T	0.231	0.05253751
272	T	0.503	0.06050715
273	C	0.246	0.06710058
274	A	0	0.08794074
 275	T	-0.076	0.127185
276	T	-0.142	0.146957
277	T	-0.081	0.1002868
278	C	0.427	0.06917689
279	C	0.445	0.008986743
280	T	0.416	-0.03116276
281	C	-0.095	-0.04659833
282	A	0.054	-0.03778091
283	C	-0.012	-0.0419582
284	A	-0.512	-0.06652604
285	A	-0.203	-0.08206597
286	T	-0.339	-0.1238206
287	G	-0.315	-0.1230507
288	A	-0.216	-0.0855527
289	T	0.047	-0.07108114
290	G	-0.201	-0.06813636
291	A	-0.425	-0.01445236
292	G	0.210	0.02759743
293	T	-0.139	0.05971286
294	C	0.426	0.08224
295	C	0.429	0.1042756
296	T	0.256	0.1275321
297	G	0.029	0.159756
298	T	0.239	0.2113099
299	C	0.384	0.2291454
300	C	0.110	0.2536282
301	A	0	0.2040275
 302	G	0.092	0.1946386
303	T	0.372	0.2069089
304	C	0.249	0.2134324
305	C	0.296	0.2163632
306	C	0.460	0.2227975
307	T	0.203	0.2346889
308	G	-0.267	0.2346889
309	T	0.297	0.2297095
310	T	0.428	0.2084685
311	T	0.120	0.1929865
312	C	0.280	0.1809427
313	T	0.474	0.1303982
314	G	0.276	0.1519896
315	T	0	0.201119
 316	T	0.022	0.1615535
317	A	0.075	0.1398772
318	T	0.032	0.1190547
319	T	0.128	0.08329081
320	G	-0.247	0.0254401
321	C	0.505	0.01537689
322	T	0.420	0.02921946
323	T	-0.256	0.03671643
324	T	0.124	0.05540616
325	G	-0.171	0.05924357
326	G	-0.220	0.07410286
327	A	-0.335	0.06784336
328	T	0.135	0.02664626
329	T	0.193	-0.008208821
330	C	0.127	0.03151146
331	T	0.337	0.05865246
332	G	0.086	0.06026961
333	G	0.336	0.05673118
334	G	-0.335	0.06413589
335	A	-0.070	0.04474861
336	A	-0.067	0.05133539
337	C	0.299	0.06601854
338	C	0.504	0.03756746
339	A	-0.148	0.03238182
340	A	-0.270	0.004335521
341	T	-0.231	0.00506695
342	G	-0.135	0.01013769
343	G	0.286	0.01845285
344	T	0.333	-0.008425836
345	G	-0.061	-0.02084034
346	A	0.014	-0.02210012
347	T	-0.056	0.02068581
348	G	-0.324	0.06753124
349	T	0	0.07433065
 350	T	0.048	0.05895231
351	G	-0.076	0.04677645
352	T	0.331	0.06269089
353	G	-0.166	0.08959588
354	C	0.328	0.1066508
355	T	0.424	0.1395643
356	G	-0.040	0.1507144
357	A	0.070	0.1622582
358	C	0.162	0.1953331
359	C	0.161	0.1894102
360	C	0.390	0.2324956
361	A	0.182	0.2382934
362	G	0.135	0.23371
363	A	0.156	0.2698706
364	C	0.210	0.2747599
365	T	0.386	0.2741335
366	C	0.248	0.2886411
367	C	0.437	0.2981919
368	A	0.410	0.2584053
369	C	0.360	0.2210889
370	C	0.465	0.1901045
371	T	0.139	0.1699989
372	A	0.153	0.1407678
373	C	0.364	0.1270486
374	T	0.524	0.1100291
375	T	-0.374	0.1023651
376	T	-0.386	0.1078186
377	A	-0.277	0.07456036
378	T	-0.071	0.08259579
379	T	-0.022	0.1056764
380	G	0.056	0.1111929
381	G	0.198	0.07858477
382	C	0.302	0.1015903
383	T	0.436	0.1197893
384	A	0	0.1281382
 385	C	0.251	0.1489437
386	C	0.477	0.1885611
387	A	0.442	0.1544194
388	T	0.067	0.1032755
389	T	-0.052	0.09808656
390	G	-0.131	0.09980771
391	G	-0.160	0.1035926
392	A	0.220	0.07836421
393	C	0.531	0.06349178
394	A	-0.421	0.06340542
395	A	-0.517	0.08945101
396	T	0.230	0.1217124
397	C	0.460	0.1513299
398	A	0.052	0.1776928
399	G	-0.101	0.1967797
400	T	0.268	0.1587812
401	C	0.440	0.2212465
402	T	0.432	0.269277
403	C	0.398	0.2880771
404	C	0.282	0.2414874
405	A	0.208	0.2568636
406	T	0.487	0.2759456
407	C	0	0.2681909
 408	T	0.452	0.2216243
409	C	0.155	0.1630164
410	T	0.493	0.1470955
411	T	-0.191	0.1510817
412	G	0.268	0.1206785
413	C	0.165	0.06138079
414	A	0.160	0.04363157
415	G	-0.211	0.04125236
416	G	-0.387	0.05900271
417	T	0.176	0.01384614
418	C	0.338	0.03842257
419	A	-0.217	-0.001674214
420	A	-0.342	-0.005336429
421	G	-0.248	0.01680879
422	T	0.419	0.05942864
423	C	0.403	0.1204863
424	A	-0.138	0.1443035
425	G	0.152	0.159209
426	A	-0.293	0.1382471
427	G	0.114	0.1332887
428	T	0.470	0.1862714
429	C	0.385	0.1659056
430	T	0.466	0.1387466
431	C	0.509	0.1405313
432	T	0.547	0.09885456
433	T	-0.510	0.09010184
434	A	-0.412	0.05977563
435	C	0.493	-0.0046283
436	A	0.134	-0.0029998
437	T	0.023	-0.02963617
438	A	-0.113	-0.08320339
439	G	-0.430	-0.148551
440	T	-0.415	-0.139592
441	A	-0.310	-0.1278482
442	A	-0.431	-0.1565315
443	T	0.408	-0.1489152
444	G	0.093	-0.1188816
445	G	-0.240	-0.07489864
446	A	-0.367	-0.01103307
447	A	-0.385	0.03295293
448	A	-0.247	0.02619157
449	C	0.091	0.03439121
450	A	0.240	-0.02304721
451	C	0.443	-0.05789327
452	C	0.501	-0.0615672
453	T	0.463	-0.0712927
454	A	0.200	-0.06713734
455	T	-0.404	-0.05453457
456	T	-0.316	-0.06343258
457	T	-0.395	-0.085219
458	A	-0.393	-0.08605579
459	A	-0.291	-0.1252642
460	A	-0.503	-0.1462416
461	T	-0.327	-0.1491291
462	T	-0.071	-0.1268495
463	G	-0.032	-0.108308
464	G	-0.064	-0.1144576
465	T	0.432	-0.1164349
466	T	-0.046	-0.08049472
467	G	0.169	-0.07854179
468	C	0.159	-0.07954194
469	T	-0.092	-0.08751792
470	A	-0.056	-0.07650786
471	C	-0.481	-0.07990294
472	A	-0.421	-0.09330472
473	G	0.211	-0.073404
474	A	-0.476	-0.06982136
475	G	-0.341	-0.05518207
476	G	-0.183	-0.04553153
477	A	0.121	-0.06551398
478	C	-0.111	-0.06694062
479	A	0.244	-0.03033828
480	G	0.231	-0.01405878
481	G	0.219	0.05092586
482	C	0.364	0.1113516
483	C	0.042	0.1544211
484	A	-0.336	0.1411662
485	A	-0.501	0.1791262
486	T	0.090	0.1418991
487	C	0.439	0.1424923
488	T	0.433	0.1574338
489	C	0.504	0.1613433
490	C	0.419	0.1839345
491	A	-0.064	0.2190703
492	C	0.419	0.2377165
493	A	-0.276	0.20692
494	G	0.239	0.1527298
495	C	0.428	0.1269716
496	C	0.419	0.06778369
497	G	0.358	0.008232121
498	C	0.155	-0.007984936
499	T	-0.240	-0.03397613
500	A	-0.340	-0.02888806
501	A	-0.319	-0.06334484
502	T	0.072	-0.09860369
503	T	-0.323	-0.1590915
504	T	-0.413	-0.155195
505	A	-0.291	-0.1486562
506	T	0.055	-0.1305935
507	T	-0.205	-0.1005813
508	T	-0.242	-0.04531624
509	G	-0.064	-0.07675616
510	G	-0.427	-0.08799673
511	T	0.412	-0.07103301
512	A	0.246	-0.01952473
513	T	0.012	-0.001278036
514	C	0.079	-0.009275964
515	C	0.454	-0.002862464
516	A	-0.367	-0.01317019
517	A	-0.481	0.01945784
518	A	-0.176	-0.01169711
519	C	0.429	-0.00676775
520	T	0.311	0.01619634
521	G	-0.317	0.02880579
522	G	-0.152	0.007844579
523	A	-0.209	0.04885879
524	A	0.029	0.1054999
525	T	-0.023	0.1494163
526	C	0.315	0.1489433
527	T	0.333	0.1572776
528	G	0.256	0.2095559
529	G	0.160	0.2483576
530	G	0.206	0.2396787
531	G	0.311	0.1997387
532	T	0.438	0.1944628
533	C	0.423	0.1673955
534	C	0.427	0.1580172
535	C	0.414	0.1324427
536	C	0.390	0.1518991
537	A	-0.330	0.1436628
538	A	-0.529	0.1042895
539	C	-0.097	0.06014668
540	A	-0.063	0.02557671
541	G	0.202	0.008666136
542	G	-0.101	-0.01272765
543	T	0.433	-0.03317201
544	T	0.091	-0.01438271
545	C	-0.239	0.03994436
546	A	-0.179	0.06800117
547	G	-0.060	0.06720304
548	T	0.191	0.03630411
549	G	0.115	0.04867092
550	G	0.104	0.01162039
551	C	-0.067	0.0377491
552	A	0.230	0.06800646
553	G	0.295	0.09197646
554	T	-0.074	0.0685745
555	G	-0.230	0.02633621
556	G	0.071	-0.01809329
557	G	-0.085	-0.01248893
558	T	0.457	0.002152707
559	C	0.184	-0.02502701
560	A	0.156	-0.02141015
561	G	-0.388	-0.04376836
562	G	-0.400	0.006781207
563	A	-0.506	0.01900926
564	A	0.182	0.004881714
565	C	0.137	0.002090714
566	A	-0.149	0.0158685
567	G	0.346	0.0218125
568	A	-0.387	0.07996057
569	T	0.477	0.1268721
570	T	0.242	0.1968104
571	T	-0.283	0.1686366
572	C	0.418	0.1257168
573	A	0.376	0.1054413
574	C	0.239	0.05059193
575	A	0.425	0.06840064
576	C	0.256	0.02414621
577	T	0.472	0.03164729
578	C	-0.211	0.07036514
579	A	-0.463	0.07070179
580	A	-0.433	0.04377493
581	A	-0.421	0.03483557
582	A	-0.138	-0.01157279
583	T	-0.142	-0.01633357
584	C	0.347	-0.04579923
585	A	0.258	-0.02605151
586	G	0.422	-0.01230759
587	T	0	0.0004317
 588	G	0.114	0.02776064
589	G	-0.224	0.03946396
590	A	0.190	0.06926368
591	G	0.059	0.07666254
592	T	0.064	0.07958046
593	G	-0.271	0.03073611
594	G	-0.255	0.01495104
595	A	-0.038	-0.01211932
596	A	0.025	-0.01240589
597	G	0.275	-0.04960389
598	C	0.451	-0.07024759
599	T	0.299	-0.09164602
600	G	-0.260	-0.08575159
601	A	-0.220	-0.04470809
602	G	-0.264	-0.01535167
603	G	-0.228	0.01476479
604	A	-0.330	0.005164857
605	T	-0.229	-0.02558511
606	T	-0.234	-0.02402754
607	T	-0.188	-0.01879389
608	G	0.319	-0.02666496
609	G	0.372	-0.03590189
610	G	0.447	-0.01268544
611	G	0.140	-0.003577793
612	G	0.020	-0.01276665
613	T	0.321	0.03075378
614	T	-0.187	0.05932921
615	T	-0.331	0.06287199
616	A	-0.394	0.06678164
617	T	0.096	0.04450278
618	T	-0.203	0.002218636
619	A	-0.357	0.01678839
620	C	0.374	0.03298689
621	T	0.211	0.0297621
622	G	0.368	0.01884896
623	C	0.426	0.02312724
624	A	0.135	-0.0055935
625	T	-0.451	0.004004671
626	G	0.224	0.01487789
627	C	0.548	0.01985753
628	A	-0.232	0.03622003
629	A	-0.483	0.03084217
630	T	-0.334	0.007657243
631	T	-0.305	-0.02661626
632	T	-0.068	-0.0221264
633	A	-0.205	-0.06656154
634	C	0.444	-0.1168346
635	C	0.440	-0.07023233
636	C	0.293	-0.005416257
637	A	0.102	0.05041589
638	T	-0.344	0.1029543
639	T	-0.388	0.1436646
640	A	-0.397	0.1881756
641	T	-0.155	0.1589031
642	C	0.419	0.09278736
643	C	0.423	0.1042468
644	T	0.447	0.102491
645	C	0.430	0.1158232
646	C	0.501	0.1088287
647	C	0.417	0.1105509
648	A	0.034	0.1054833
649	C	-0.484	0.04658859
650	A	0.454	-0.02083413
651	G	0.077	-0.06687463
652	T	-0.157	-0.08509149
653	G	-0.486	-0.1192686
654	A	-0.373	-0.1188198
655	T	-0.226	-0.09778043
656	A	-0.404	-0.04465686
657	C	-0.520	-0.08842171
658	A	-0.197	-0.1323907
659	G	0.175	-0.1522027
660	A	0.022	-0.1372264
661	C	0.423	-0.1418979
662	C	0.329	-0.1498339
663	C	0.258	-0.1392607
664	T	-0.158	-0.1305681
665	A	-0.537	-0.1546804
666	A	-0.435	-0.1929017
667	C	-0.276	-0.2147711
668	A	-0.438	-0.2351533
669	A	-0.337	-0.2391275
670	A	-0.256	-0.2252512
671	A	-0.398	-0.1937472
672	A	-0.534	-0.1280376
673	A	-0.359	-0.1201302
674	T	-0.283	-0.09534652
675	G	0.138	-0.05992122
676	T	0.273	-0.002436079
677	C	0.453	0.02944564
678	C	0.282	0.02911564
679	T	0.382	0.04820749
680	T	-0.324	0.08627528
681	G	0.070	0.09922364
682	C	0.057	0.09828842
683	T	0.467	0.09227106
684	T	0.189	0.07142514
685	G	-0.403	0.07237535
686	A	-0.267	0.07571528
687	G	0.173	0.1123145
688	G	-0.102	0.07786137
689	T	0.125	0.0882405
690	A	0.189	0.08600179
691	G	0.161	0.0903215
692	C	0.295	0.1123953
693	C	0.428	-
694	C	0.188	-
695	A	-0.412	-
696	G	0.202	-
697	C	0.435	-
698	T	0.250	-
699	G	-0.094	-
