1	G	0.408	-
2	T	-0.162	-
3	G	0.330	-
4	G	0.061	-
5	A	0.270	-
6	G	-0.364	-
7	T	-0.268	-
8	G	-0.258	-
9	T	-0.245	-
10	A	-0.424	-
11	C	0.440	-
12	C	0.386	-
13	C	0.440	-
14	A	0.205	-
15	C	-0.021	-
16	G	-0.340	-
17	A	-0.087	-
18	G	0.074	-
19	C	0.405	0.01730948
20	G	0.424	0.006546611
21	C	0.303	0.01155377
22	G	0.012	0.008096084
23	T	-0.478	0.00282065
24	G	0.032	-0.01226027
25	T	-0.019	-0.01299969
26	G	0.202	-0.005214934
27	C	0.289	-0.003126329
28	G	0.371	0.01562436
29	T	-0.207	0.0329223
30	G	-0.522	0.02209539
31	A	-0.298	0.006839418
32	G	-0.116	-0.0102254
33	G	0.076	-0.003474634
34	A	0.099	-0.005624424
35	G	0.174	-0.004487476
36	G	-0.327	0.006307147
37	A	-0.149	0.01152851
38	G	-0.059	0.007678908
39	A	0	0.007119461
 40	G	0.028	0.01008757
41	C	0.199	0.005967547
42	A	-0.139	0.01638231
43	A	-0.302	0.005531779
44	A	-0.392	-0.005041082
45	G	0.026	-0.006718424
46	A	-0.179	-0.01740837
47	C	0.467	-0.03420971
48	G	0.232	-0.03817524
49	T	0.029	-0.0356185
50	G	-0.193	-0.04073032
51	A	-0.207	-0.05201966
52	T	0.462	-0.06462994
53	T	-0.103	-0.06609294
54	A	-0.297	-0.06784796
55	C	0.323	-0.05823087
56	T	0.272	-0.04320239
57	T	0.258	-0.03023856
58	C	0.403	-0.02779322
59	A	0.416	-0.02032596
60	G	-0.143	-0.01912303
61	A	-0.082	-0.02625348
62	A	-0.379	-0.03073548
63	T	-0.421	-0.03206359
64	T	0.138	-0.04473421
65	T	-0.116	-0.04989498
66	A	-0.266	-0.0506024
67	T	-0.358	-0.05087977
68	T	-0.425	-0.04962218
69	T	-0.492	-0.04053162
70	A	-0.545	-0.02385665
71	A	-0.402	-0.03318157
72	G	0.043	-0.0249687
73	G	0.107	-0.01402694
74	G	0.038	-0.01198931
75	C	0.421	-0.01530631
76	C	0.432	-0.03271307
77	G	0.092	-0.03853657
78	G	0.312	-0.0393836
79	T	0.245	-0.02413499
80	G	-0.410	-0.02365964
81	G	-0.472	-0.01060424
82	A	-0.443	0.005581258
83	A	-0.454	0.009667416
84	A	-0.375	0.01543663
85	C	0.440	0.0157711
86	C	0.222	0.03549215
87	A	0.076	0.05127139
88	C	0.151	0.05272894
89	T	0.425	0.05286855
90	G	0.108	0.07118489
91	C	0.208	0.08158955
92	A	0.118	0.08845926
93	G	0.400	0.09913408
94	C	0.146	0.09406616
95	A	-0.402	0.08029921
96	G	0.181	0.07114482
97	C	0.384	0.06155468
98	T	0.435	0.05029294
99	T	-0.064	0.07251339
100	C	0.116	0.09521155
101	C	0.193	0.1054975
102	A	0.293	0.116917
103	G	0.102	0.1216956
104	G	-0.254	0.104993
105	G	0.390	0.08775485
106	G	0.173	0.07445306
107	A	-0.437	0.06904897
108	A	-0.540	0.05140065
109	G	0.293	0.04520384
110	C	0.439	0.03821064
111	C	0.369	0.03424004
112	C	0.443	0.02142907
113	T	0.228	0.0248217
114	T	-0.090	0.04590609
115	G	-0.254	0.0468748
116	T	-0.052	0.04444007
117	T	-0.182	0.02301093
118	C	0.434	0.03143787
119	C	0.389	0.02328284
120	A	-0.052	0.004597026
121	G	-0.020	0.005127053
122	A	-0.193	-0.003062079
123	G	-0.194	0.0096965
124	G	-0.432	0.008557921
125	A	-0.428	0.01652926
126	A	-0.053	0.01703363
127	G	-0.244	0.02308732
128	A	-0.127	0.01482024
129	G	-0.057	0.0081105
130	G	-0.032	0.007216447
131	A	-0.086	-0.01236213
132	G	0.275	-0.03125071
133	G	0.398	-0.03518887
134	T	0.218	-0.03830921
135	G	0.291	-0.04144159
136	G	-0.378	-0.04395901
137	A	0.255	-0.05800179
138	G	-0.193	-0.05940234
139	A	-0.516	-0.05637961
140	T	0.313	-0.05136982
141	T	-0.208	-0.04264003
142	G	0.230	-0.03752087
143	C	0.347	-0.03340374
144	C	0.476	-0.02653145
145	A	-0.418	-0.03814633
146	A	-0.310	-0.0271607
147	G	-0.020	-0.01686881
148	G	0.184	-0.01120466
149	A	0.335	-0.005833274
150	G	-0.300	-0.0117669
151	G	-0.488	-0.02649882
152	A	-0.239	-0.04761274
153	G	-0.373	-0.05493427
154	G	-0.171	-0.0686424
155	A	-0.278	-0.05607481
156	G	-0.099	-0.05967486
157	G	0.336	-0.04472386
158	G	0.062	-0.0294236
159	G	0.169	-0.02944094
160	A	0.138	-0.03469723
161	G	0	-0.04783231
 162	G	-0.276	-0.05342121
163	A	-0.167	-0.05977786
164	G	-0.494	-0.04437963
165	A	0.172	-0.03092205
166	C	0.263	-0.04013434
167	A	0.158	-0.04415506
168	C	0.171	-0.05797658
169	A	-0.311	-0.04260182
170	G	-0.284	-0.01804632
171	A	-0.403	-0.008124953
172	A	-0.059	-0.004103953
173	G	-0.229	0.004555758
174	G	0.098	0.01782494
175	A	0.118	0.02450793
176	G	0.374	0.009187587
177	G	0.064	0.0002945289
178	A	0.313	-0.009703682
179	G	-0.408	-0.009436366
180	T	-0.268	0.002417134
181	A	0.135	0.01136192
182	T	0.235	0.006131105
183	C	0.166	0.009656684
184	C	0.201	0.003724087
185	T	-0.370	-0.005685429
186	A	0.031	-0.004499324
187	G	-0.190	-0.01957624
188	G	0.283	-0.02488485
189	C	0.444	-0.0243754
190	T	0.137	-0.02169224
191	T	-0.220	-0.02825261
192	G	0.157	-0.03615843
193	C	0.225	-0.03771449
194	A	0.154	-0.04440707
195	C	-0.245	-0.0449286
196	G	-0.275	-0.03391331
197	A	-0.210	-0.03675015
198	G	0.148	-0.02770257
199	G	0.450	-0.02572792
200	C	0.063	-0.03208168
201	A	-0.366	-0.02990805
202	A	-0.360	-0.02371192
203	G	-0.052	-0.02798766
204	T	-0.093	-0.006189761
205	G	0.203	0.004294171
206	A	-0.401	0.01935412
207	G	-0.513	0.00804425
208	A	-0.264	0.007078276
209	A	-0.301	0.005923011
210	G	-0.308	0.01566962
211	A	-0.529	0.01093521
212	T	0.039	0.01063323
213	G	-0.135	0.007634492
214	C	0.355	0.01145878
215	T	0.483	0.02836268
216	G	0.205	0.04434291
217	T	-0.064	0.05318883
218	A	-0.193	0.04455236
219	G	-0.106	0.04750271
220	C	0.317	0.06775031
221	A	0.402	0.07639877
222	T	0.038	0.08473658
223	C	0.457	0.09261862
224	C	0.429	0.09242159
225	T	0.382	0.10082
226	C	-0.145	0.1117165
227	A	0.407	0.1225153
228	C	0.093	0.140563
229	T	0.149	0.1585042
230	G	-0.022	0.1809508
231	G	0.214	0.1778949
232	T	0.040	0.1875739
233	T	-0.100	0.186994
234	C	0.367	0.1855162
235	C	0.396	0.1884044
236	C	0.484	0.1987995
237	A	0.122	0.2113943
238	G	0.175	0.2263523
239	C	0.403	0.209223
240	A	-0.032	0.2061883
241	G	0.263	0.2161244
242	G	0.205	0.2175636
243	T	0.195	0.2025062
244	T	-0.082	0.1860222
245	G	-0.099	0.1925926
246	G	0.145	0.1790001
247	T	0.383	0.1640349
248	T	0.373	0.1467101
249	C	0.323	0.1397256
250	T	-0.076	0.1403058
251	G	0.232	0.1453632
252	T	0.333	0.1493208
253	C	0.427	0.136591
254	G	0.315	0.1134039
255	G	0.330	0.09792322
256	C	0.285	0.08441229
257	C	0.462	0.07049795
258	A	-0.333	0.04743835
259	A	0.286	0.05778226
260	C	0.416	0.04615554
261	T	0.512	0.04514141
262	G	-0.142	0.05076189
263	A	-0.244	0.04553794
264	T	0.103	0.04309297
265	G	-0.109	0.02580715
266	T	-0.475	0.02148331
267	A	-0.508	0.001379258
268	A	-0.287	-0.01566203
269	G	0.236	-0.009688921
270	C	0.232	-0.004401237
271	A	0.050	-0.008269474
272	G	-0.116	-0.02136696
273	A	-0.484	-0.02662178
274	T	-0.103	-0.03865428
275	G	-0.391	-0.04960033
276	A	-0.353	-0.07559725
277	A	-0.472	-0.07358617
278	T	0.360	-0.08799604
279	T	-0.177	-0.1039723
280	G	0.167	-0.1301158
281	C	0.409	-0.138063
282	A	-0.281	-0.1427781
283	G	-0.192	-0.1580366
284	A	-0.511	-0.1654682
285	G	0.219	-0.1644538
286	G	-0.390	-0.163691
287	G	-0.324	-0.1483152
288	A	0.150	-0.1437645
289	C	0.433	-0.1522331
290	T	0.186	-0.1535505
291	G	-0.070	-0.1495323
292	G	0.115	-0.1274959
293	A	-0.126	-0.1225915
294	A	-0.130	-0.1067684
295	G	-0.525	-0.08926431
296	G	-0.256	-0.07481997
297	A	-0.260	-0.08947491
298	A	-0.190	-0.08614981
299	A	-0.481	-0.08369049
300	A	-0.444	-0.08238044
301	A	-0.423	-0.06653141
302	A	-0.475	-0.06817857
303	A	-0.391	-0.06319849
304	A	-0.436	-0.07636615
305	A	-0.479	-0.05929388
306	T	0.296	-0.05042985
307	T	0.409	-0.0461528
308	G	-0.088	-0.05084088
309	T	0	-0.04526238
 310	T	0.036	-0.03578981
311	G	0.353	-0.02950263
312	C	0.082	-0.02851289
313	C	0.210	-0.03517426
314	G	0.311	-0.03277199
315	C	0.075	-0.02210478
316	G	-0.195	-0.01629566
317	G	-0.051	-0.0170901
318	G	0.260	-0.0189011
319	C	0.459	-0.006455508
320	G	0.321	-0.004717745
321	G	-0.254	0.01429576
322	A	-0.322	0.02565688
323	G	-0.280	0.04775996
324	G	0.257	0.0673277
325	C	0.012	0.07003204
326	A	0.313	0.05721923
327	G	0.255	0.06455541
328	C	0.398	0.06583181
329	G	0.289	0.07541721
330	C	0.354	0.06983178
331	G	-0.089	0.07791543
332	A	-0.383	0.08211688
333	G	-0.434	0.08730935
334	A	0.148	0.09655714
335	T	-0.039	0.09689275
336	G	-0.220	0.09256093
337	A	-0.550	0.07822611
338	T	0.028	0.06330406
339	G	-0.357	0.04498148
340	G	0.246	0.06132846
341	G	0.040	0.07607814
342	G	0.403	0.09499811
343	C	0.263	0.0941808
344	G	0.399	0.1011035
345	G	-0.077	0.09870474
346	G	0.189	0.08721648
347	G	0.048	0.07961111
348	G	0.400	0.06687029
349	T	0.141	0.06078353
350	G	0.389	0.0631281
351	T	0.369	0.08375166
352	C	0.509	0.1031543
353	T	0.427	0.1005385
354	T	-0.183	0.1133936
355	T	-0.216	0.129247
356	G	-0.284	0.1539843
357	G	-0.107	0.1632682
358	A	-0.375	0.1829354
359	G	0.366	0.1864881
360	G	0.238	0.1956888
361	T	0.438	0.1951236
362	G	0.226	0.1984407
363	G	0.275	0.1979721
364	G	0.222	0.2102758
365	T	-0.181	0.2153216
366	G	0.109	0.2243063
367	A	-0.194	0.2238139
368	T	0.123	0.2303643
369	G	0	0.230149
 370	T	0.399	0.2306793
371	G	0.302	0.2273185
372	T	0.049	0.2263337
373	G	0.448	0.2411959
374	T	0.381	0.2571433
375	G	0.389	0.2746616
376	T	0.381	0.2877635
377	G	0.389	0.3076726
378	T	0.381	0.3082929
379	G	0.389	0.3120606
380	T	0.381	0.3107894
381	G	0.389	0.314862
382	T	0.381	0.3178722
383	G	0.389	0.3220695
384	T	0.381	0.3371021
385	G	0.389	0.3419095
386	T	0.381	0.3589091
387	G	0.389	0.3496832
388	T	0.381	0.3440823
389	G	0.389	0.3376893
390	T	0.381	0.3304586
391	G	0.389	0.3417724
392	T	0.381	0.3423287
393	G	0.389	0.3267131
394	T	0.381	0.3043921
395	G	0.389	0.2966921
396	T	0.381	0.298422
397	G	0.389	0.2944836
398	T	0.381	0.295081
399	G	0.389	0.2962607
400	T	0.381	0.2953723
401	G	0.389	0.2917647
402	T	0.381	0.2719818
403	G	0.389	0.2503551
404	T	0.291	0.2284507
405	G	0.451	0.2050726
406	T	-0.227	0.1861398
407	G	-0.212	0.1642787
408	T	0.156	0.145663
409	G	0.028	0.1289562
410	C	0.479	0.1227871
411	T	0.469	0.1029331
412	T	-0.211	0.09589216
413	A	-0.458	0.09484977
414	C	0.088	0.09642306
415	C	0.455	0.09767877
416	T	0.231	0.09855145
417	T	0.412	0.101457
418	C	0.426	0.1032565
419	C	0.356	0.08532498
420	C	0.244	0.06384551
421	A	-0.361	0.04886293
422	G	-0.440	0.02778445
423	A	-0.442	0.01528037
424	A	-0.506	0.004292958
425	A	-0.329	-0.001352042
426	A	-0.449	-0.004351437
427	G	-0.317	-0.02054202
428	A	-0.253	-0.03099217
429	A	0.155	-0.05657454
430	G	-0.372	-0.07889578
431	C	0.122	-0.07856731
432	A	0.341	-0.07672383
433	C	0.449	-0.08767039
434	C	0.429	-0.1116534
435	T	0.423	-0.1204705
436	C	0.491	-0.133334
437	T	0.458	-0.1329479
438	T	-0.299	-0.1302975
439	T	-0.426	-0.1269833
440	C	-0.187	-0.1164807
441	A	-0.411	-0.1121699
442	A	-0.183	-0.1113539
443	G	0.033	-0.09366031
444	T	-0.441	-0.09068792
445	G	-0.326	-0.06698834
446	A	-0.458	-0.06879813
447	A	-0.369	-0.07352147
448	A	-0.492	-0.09137994
449	G	-0.378	-0.08740107
450	G	-0.199	-0.09928731
451	A	-0.388	-0.1098605
452	T	-0.327	-0.1292755
453	A	-0.455	-0.1349339
454	C	-0.103	-0.1403342
455	A	-0.076	-0.1426276
456	C	0.441	-0.1482952
457	C	0.456	-0.1332197
458	C	0.370	-0.12955
459	T	0.037	-0.1176999
460	A	-0.276	-0.1088941
461	G	-0.411	-0.09865335
462	T	0.165	-0.09084751
463	A	-0.216	-0.06740141
464	C	0.451	-0.0518812
465	A	-0.386	-0.03525109
466	G	-0.432	-0.02340733
467	A	-0.523	-0.01975836
468	A	-0.221	-0.02351525
469	G	-0.329	-0.03184799
470	T	-0.059	-0.03215544
471	A	-0.288	-0.03497391
472	G	0.214	-0.01954341
473	G	0.217	-0.009525937
474	C	0.404	-0.006188916
475	T	0.242	-0.01500334
476	G	0.273	-0.02246142
477	G	-0.286	-0.02729739
478	G	0.262	-0.01824677
479	T	-0.076	-0.0007906947
480	G	0.205	0.01827925
481	C	0.330	0.02384649
482	C	0.449	0.04219946
483	C	0.262	0.04186133
484	A	0.173	0.05708638
485	G	0.080	0.07296583
486	A	-0.354	0.09654557
487	G	-0.521	0.09474338
488	A	-0.516	0.1010476
489	A	-0.399	0.09967062
490	G	-0.434	0.1105611
491	A	0.130	0.1128105
492	C	0.277	0.1148649
493	C	0.050	0.1156443
494	A	0.106	0.118977
495	G	0.173	0.1179084
496	T	0.186	0.1230148
497	C	0.381	0.1265425
498	C	0.386	0.1377511
499	T	0.313	0.1299697
500	G	0.377	0.1272706
501	C	0.480	0.1207196
502	T	0.438	0.1265007
503	T	0.192	0.128131
504	C	0.170	0.1170724
505	T	0.372	0.1299299
506	A	-0.290	0.1539826
507	G	-0.089	0.1779651
508	C	-0.112	0.1951946
509	A	0.125	0.2173864
510	T	0.299	0.226485
511	C	0.295	0.218233
512	C	0.434	0.2227723
513	C	0.369	0.207334
514	C	0.232	0.1915088
515	A	-0.092	0.1779249
516	G	0.396	0.1747218
517	G	0.349	0.1571889
518	G	-0.089	0.1544177
519	A	0.227	0.1572419
520	C	0.200	0.1405027
521	T	0.482	0.1313435
522	C	0.235	0.135582
523	A	-0.339	0.139803
524	C	0.134	0.1343871
525	T	0.392	0.1472173
526	T	0.395	0.1609361
527	C	0.254	0.1710507
528	C	0.409	0.17312
529	T	0.476	0.1669535
530	C	-0.036	0.1638899
531	A	0.223	0.1637047
532	T	-0.480	0.1612055
533	T	-0.427	0.1594627
534	T	-0.329	0.1627904
535	T	0.259	0.1587929
536	T	-0.279	0.1376561
537	C	0.207	0.1351181
538	C	0.484	0.116152
539	G	-0.155	0.1105084
540	A	0.090	0.1035635
541	T	0.353	0.1087805
542	G	0.331	0.1265316
543	G	0.167	0.1237519
544	A	0.197	0.1246881
545	C	0.431	0.1249164
546	C	0.272	0.112856
547	T	0.204	0.09508794
548	T	0.065	0.08647697
549	T	0.179	0.08984577
550	C	0.427	0.08221814
551	T	0.274	0.09588494
552	C	0.166	0.1160074
553	C	0.033	0.1363309
554	T	0.244	0.1352166
555	T	-0.453	0.1491312
556	T	-0.186	0.155111
557	T	-0.492	0.1543552
558	G	-0.014	0.1534741
559	G	0.218	0.1473933
560	C	0.433	0.1247568
561	T	0.335	0.1052132
562	G	0.028	0.09378765
563	C	0.428	0.07589049
564	T	0.404	0.06356971
565	G	-0.203	0.06332111
566	A	-0.266	0.06923003
567	C	0.149	0.07066528
568	G	0.091	0.05632804
569	G	-0.066	0.03649407
570	A	0.038	0.03408891
571	G	0.336	0.03948822
572	C	0.442	0.03813938
573	C	0.217	0.04193503
574	A	0.249	0.06310327
575	C	0.435	0.07993014
576	G	0.455	0.09886872
577	G	-0.188	0.1062852
578	G	-0.140	0.111672
579	A	-0.506	0.1024481
580	A	-0.411	0.1038805
581	G	-0.267	0.100446
582	A	-0.482	0.0845322
583	T	-0.036	0.06064936
584	G	0.262	0.05258488
585	C	0.428	0.05288746
586	C	0.119	0.04602159
587	G	-0.365	0.03301987
588	A	-0.326	0.03436264
589	A	0.183	0.04015273
590	C	0.371	0.04125278
591	T	-0.017	0.03776107
592	G	0.388	0.03329024
593	C	0.350	0.03774269
594	T	0.453	0.03160142
595	G	0.226	0.02338456
596	C	0.267	0.03596924
597	C	0.423	0.04395484
598	A	0.083	0.06003819
599	C	0.389	0.07336066
600	G	-0.101	0.08357811
601	T	-0.176	0.1067715
602	T	-0.503	0.1203128
603	A	-0.509	0.1163237
604	A	-0.254	0.1053648
605	G	-0.111	0.0946921
606	G	-0.402	0.09746615
607	A	-0.015	0.09449542
608	G	0.258	0.07943313
609	C	0.378	0.06004468
610	C	0.310	0.06266622
611	A	0.047	0.05615343
612	G	0.418	0.05902612
613	G	0.201	0.05101983
614	G	0.143	0.0464722
615	C	0.289	0.04598065
616	A	0.162	0.03945176
617	C	0.104	0.04836309
618	G	0.094	0.0459793
619	T	0.121	0.05885506
620	T	0.398	0.07441724
621	C	0.477	0.09506151
622	C	0.111	0.1197319
623	A	0.012	0.1374544
624	A	-0.285	0.1492242
625	G	-0.259	0.1673057
626	A	-0.439	0.1786532
627	G	-0.389	0.1845057
628	A	-0.365	0.1847277
629	A	0.082	0.1809472
630	C	0.141	0.176576
631	G	0.459	0.1647212
632	C	0.148	0.1466097
633	A	0.053	0.1310107
634	G	0.248	0.1332905
635	G	0.175	0.1408714
636	G	0.421	0.1473328
637	G	0.299	0.1500126
638	C	0.387	0.1585203
639	T	0.414	0.1601604
640	C	0.280	0.1486994
641	G	0.427	0.139466
642	C	0.418	0.1333726
643	C	0.335	0.1523377
644	A	0.284	0.1643406
645	G	0.415	0.1770432
646	T	0.481	0.1984858
647	G	0.386	0.2182869
648	T	0.166	0.2156889
649	C	-0.118	0.2229775
650	T	-0.031	0.2203926
651	A	-0.486	0.2279906
652	A	-0.449	0.2383338
653	G	0.376	0.2342126
654	C	0.450	0.2300672
655	T	0.349	0.2236803
656	G	0.196	0.2171503
657	C	0.444	0.2149076
658	C	0.460	0.1989953
659	T	0.042	0.2035861
660	T	-0.239	0.1861528
661	T	-0.219	0.1654267
662	C	0.435	0.1424785
663	T	0.196	0.1363699
664	C	0.043	0.1174761
665	C	0.425	0.09859773
666	T	0.387	0.09207254
667	C	-0.016	0.09958641
668	C	0.418	0.110833
669	C	0.361	0.1220113
670	G	0.437	0.1466679
671	T	0.446	0.1614144
672	T	0.092	0.1551443
673	G	0.017	0.1473753
674	C	0.179	0.1487534
675	T	0.051	0.146923
676	A	0.302	0.1384573
677	G	-0.189	0.1362284
678	G	0.455	0.1456902
679	G	-0.234	0.1538262
680	A	-0.368	0.1626138
681	A	-0.536	0.1615091
682	A	0.052	0.151294
683	T	-0.302	0.1585434
684	G	-0.236	0.1344374
685	G	0.139	0.1114765
686	T	0.451	0.1147907
687	C	0.308	0.1115273
688	C	0.392	0.1131487
689	A	0.450	0.1131941
690	G	0.111	0.1086073
691	G	0.137	0.1096758
692	A	0.155	0.1206967
693	C	0.402	0.1226922
694	T	0.126	0.1210802
695	G	0.122	0.1237125
696	C	0.376	0.1392857
697	T	0.401	0.1376037
698	G	0.069	0.1553578
699	G	0.114	0.1765242
700	G	0.393	0.1985998
701	T	-0.191	0.1972094
702	G	0.318	0.2167752
703	T	-0.490	0.2174773
704	G	-0.485	0.219769
705	A	0.109	0.2187884
706	G	0.294	0.2226084
707	C	0.423	0.2073353
708	C	0.439	0.1912381
709	T	0.272	0.1804947
710	C	0.132	0.1681841
711	A	0.436	0.1556215
712	C	0.254	0.1387582
713	C	-0.010	0.1477629
714	T	0.402	0.1526679
715	C	0.402	0.1487177
716	T	0.391	0.146655
717	C	0.439	0.1565288
718	C	0.435	0.1524769
719	T	0.302	0.1544499
720	C	0	0.1590291
 721	C	0.441	0.1506349
722	A	-0.209	0.1713309
723	G	0.226	0.191446
724	C	0.414	0.2008348
725	C	0.453	0.1993334
726	G	-0.187	0.1817827
727	A	-0.161	0.1675787
728	G	-0.297	0.1612756
729	A	-0.329	0.1577807
730	G	-0.321	0.1366193
731	A	-0.238	0.1241759
732	C	0.469	0.1261484
733	T	0.309	0.1090379
734	G	0.226	0.09186863
735	C	0.323	0.07568299
736	G	0.444	0.05382539
737	G	-0.039	0.03016734
738	T	0.468	0.01147452
739	T	-0.017	-0.001730926
740	G	0	-0.01415071
 741	T	0.296	0.002655397
742	C	0.278	-0.006204655
743	A	0.465	-0.02656726
744	T	0.237	-0.04354637
745	T	-0.243	-0.03572287
746	G	-0.100	-0.02174605
747	A	0.033	-0.002458129
748	C	0	0.01227227
 749	A	-0.367	0.012188
750	A	-0.217	0.009917239
751	T	0.064	-0.009226076
752	T	-0.247	-0.02962416
753	G	-0.250	-0.04678566
754	A	-0.223	-0.06695723
755	A	-0.390	-0.09254484
756	G	-0.463	-0.09967143
757	A	-0.407	-0.1233184
758	A	-0.501	-0.1303239
759	A	-0.030	-0.1286914
760	C	0.429	-0.1308187
761	A	-0.110	-0.1258231
762	G	-0.359	-0.131005
763	G	-0.191	-0.1470041
764	A	0.109	-0.1490719
765	C	0.369	-0.1519936
766	C	0.435	-0.140684
767	T	0.229	-0.1531853
768	G	-0.324	-0.1435134
769	A	-0.324	-0.1442776
770	G	-0.258	-0.1512522
771	A	-0.465	-0.152861
772	T	-0.426	-0.1394101
773	A	-0.442	-0.1371433
774	A	-0.527	-0.119207
775	G	-0.309	-0.09809383
776	A	-0.430	-0.07942457
777	G	-0.284	-0.0728217
778	A	0.062	-0.08299626
779	C	0.215	-0.1031989
780	C	0.468	-0.09676915
781	T	0.269	-0.09631765
782	T	-0.370	-0.09556513
783	A	-0.322	-0.1033032
784	G	-0.211	-0.1039747
785	C	0.462	-0.1054509
786	A	-0.475	-0.1003829
787	A	0	-0.07928913
 788	T	-0.246	-0.06491115
789	G	-0.200	-0.05111731
790	A	-0.309	-0.03739912
791	T	0.260	-0.03579704
792	G	-0.137	-0.0283546
793	T	0.290	-0.01351811
794	G	0.338	-0.01595155
795	C	0.301	-0.009906342
796	G	-0.250	-0.01403813
797	A	-0.417	-0.02326835
798	A	-0.338	-0.03040463
799	G	0.133	-0.05577605
800	T	-0.341	-0.06059096
801	G	-0.162	-0.05802998
802	A	-0.184	-0.04769738
803	T	0.344	-0.03151075
804	G	0.379	-0.03588643
805	C	0.422	-0.01276067
806	C	0.476	-0.004755382
807	C	0.221	0.01219372
808	A	0.265	0.02691528
809	C	0.055	0.02125828
810	G	-0.365	0.006114408
811	A	-0.160	0.002634513
812	T	0.036	-0.01364596
813	T	-0.402	-0.02769064
814	A	-0.200	-0.02458543
815	A	-0.441	-0.009661829
816	T	-0.288	-0.001213245
817	G	-0.055	-0.003043455
818	A	-0.495	-0.01963272
819	G	0.086	-0.01528464
820	G	-0.273	-0.008718211
821	A	0.070	0.006601658
822	C	0.403	0.003163632
823	A	0.296	0.001541947
824	C	0.403	-0.004204237
825	C	0.304	-0.005149684
826	C	0.397	-0.0003818684
827	C	0.359	-0.002704447
828	A	-0.524	-0.00347735
829	A	-0.314	-0.006303666
830	T	-0.269	-0.0157124
831	G	-0.327	-0.01898554
832	A	-0.194	-0.01477156
833	G	0.419	-0.0210428
834	C	0.316	-0.01490454
835	C	-0.096	-0.01157601
836	A	-0.408	-0.002750074
837	A	-0.496	0.01660393
838	C	-0.176	0.02631578
839	G	0.086	0.04369697
840	G	0.397	0.04405261
841	G	0.213	0.04391493
842	G	0.318	0.0429964
843	G	0.204	0.01944224
844	T	0.440	0.0020924
845	C	0.402	0.003047847
846	C	0.177	-0.0018591
847	C	0.025	0.01926935
848	A	-0.472	0.03764832
849	A	-0.517	0.04101901
850	A	-0.088	0.04892509
851	G	-0.242	0.06360825
852	T	-0.439	0.06187731
853	A	-0.207	0.0644297
854	G	-0.162	0.07851959
855	T	0.279	0.1009
856	G	0.240	0.1259967
857	G	0.455	0.1262575
858	C	0.387	0.1197974
859	T	0.083	0.1133333
860	C	0.398	0.1060595
861	T	0.261	0.1040888
862	G	-0.491	0.08852476
863	A	-0.355	0.07937981
864	C	0.433	0.07151007
865	T	0.172	0.05535633
866	C	0.278	0.05392647
867	G	0.383	0.07192005
868	G	-0.141	0.08051447
869	A	-0.027	0.08646227
870	C	0.363	0.08889646
871	T	0.353	0.1091428
872	C	0.413	0.1178251
873	C	0.438	0.1192703
874	C	0.442	0.1211902
875	A	0.457	0.1259715
876	C	-0.166	0.1139933
877	T	-0.158	0.0927878
878	T	0.152	0.08988262
879	T	-0.062	0.07624702
880	G	0.243	0.07289846
881	A	-0.387	0.09046359
882	G	0.093	0.1077627
883	C	0.103	0.1032448
884	A	-0.436	0.1117414
885	A	-0.028	0.1009117
886	C	0.211	0.08096904
887	T	-0.191	0.07732491
888	G	0.137	0.06654545
889	A	-0.149	0.04341272
890	T	0.330	0.02297035
891	G	0.122	0.001507479
892	G	-0.107	-0.003879074
893	T	0.352	-0.02319692
894	C	0.421	-0.03823794
895	A	0	-0.02784299
 896	A	-0.418	-0.01212086
897	T	-0.026	-0.004197837
898	A	-0.119	0.009509463
899	T	0.134	0.005167276
900	G	0.176	0.007278118
901	C	0.302	-0.00371025
902	T	0.261	-0.001721013
903	A	0.495	0.004537671
904	G	-0.132	0.008791432
905	A	-0.374	0.004188605
906	T	-0.280	0.01329526
907	G	-0.437	0.02315782
908	A	-0.515	0.03515324
909	A	-0.423	0.03853205
910	A	-0.402	0.03407017
911	G	0.234	0.04022259
912	G	-0.291	0.03731533
913	G	-0.114	0.03489407
914	A	0.228	0.04000117
915	C	0.438	0.06291809
916	C	0.453	0.05771403
917	G	0.458	0.06794516
918	T	0.078	0.0714874
919	T	-0.307	0.06105098
920	T	-0.324	0.05828366
921	A	0.179	0.04898836
922	C	-0.198	0.04408963
923	T	0.133	0.05223484
924	G	0.036	0.07138371
925	G	0.154	0.08037495
926	A	0.512	0.08654847
927	C	0.306	0.0892045
928	A	0.458	0.08982111
929	C	-0.047	0.08660755
930	A	0.126	0.06723434
931	C	0.241	0.07491145
932	T	0.329	0.08426245
933	T	0.194	0.08975445
934	C	0.452	0.08861395
935	G	-0.224	0.07420981
936	A	0.268	0.06482449
937	G	0.269	0.05236123
938	A	-0.220	0.07004463
939	G	0.197	0.08191013
940	A	-0.091	0.08758473
941	C	0.309	0.09754302
942	T	0.176	0.0988131
943	C	0.353	0.1088852
944	A	0.061	0.1125258
945	G	-0.202	0.1108224
946	G	-0.414	0.09680198
947	A	-0.399	0.09342985
948	A	-0.524	0.09468031
949	A	-0.501	0.08283015
950	G	0	0.06656199
 951	C	0.240	0.04771473
952	C	0.436	0.03816831
953	T	0.395	0.01551836
954	C	-0.094	0.03268265
955	T	0.101	0.03741667
956	C	-0.395	0.03812052
957	G	0.364	0.05528888
958	C	0.126	0.05635515
959	T	0.394	0.05842974
960	T	0.179	0.05567048
961	G	0.181	0.06311903
962	C	0.419	0.05200989
963	C	0.293	0.03882602
964	C	0.447	0.04908833
965	A	-0.226	0.06082998
966	G	0.330	0.0725328
967	C	0	0.09958193
 968	A	-0.323	0.1144286
969	A	-0.376	0.1201585
970	A	-0.386	0.116606
971	G	-0.168	0.1160758
972	A	-0.408	0.09362175
973	C	0.427	0.09479829
974	T	0.448	0.1035666
975	C	0.295	0.1261833
976	C	0.431	0.1274651
977	A	0.237	0.1182051
978	G	-0.012	0.0979134
979	G	0.204	0.089306
980	A	0.459	0.09043358
981	T	-0.068	0.08104211
982	G	-0.439	0.07756926
983	T	0.187	0.07451779
984	C	0.031	0.090435
985	A	0.045	0.09252195
986	T	0.503	0.1041111
987	C	0.062	0.1237576
988	T	0.217	0.1364787
989	A	0.105	0.1362323
990	C	0.416	0.1311971
991	G	-0.458	0.1331126
992	A	-0.049	0.1130358
993	C	0.434	0.1124155
994	C	0.463	0.09730242
995	G	0.413	0.0837264
996	A	-0.225	0.07891077
997	G	-0.376	0.08131516
998	A	-0.147	0.06657361
999	T	0.224	0.04229145
1000	T	0.062	0.03312209
1001	C	0.161	0.04130546
1002	A	0.331	0.03974701
1003	C	0.378	0.04524276
1004	T	0.409	0.04361815
1005	C	0.440	0.03642144
1006	C	0.422	0.04499157
1007	A	0.107	0.04711586
1008	G	-0.395	0.05120086
1009	A	-0.360	0.04913052
1010	G	-0.335	0.06844841
1011	A	-0.334	0.08008919
1012	C	0.425	0.07631156
1013	A	-0.278	0.07360417
1014	G	-0.083	0.06549493
1015	C	0.054	0.06893443
1016	T	0.078	0.06979374
1017	T	-0.355	0.06735635
1018	A	-0.462	0.06829243
1019	A	-0.417	0.0626123
1020	T	-0.128	0.04726488
1021	T	0.128	0.04520464
1022	C	0.240	0.03080033
1023	A	-0.016	0.01152083
1024	G	0.229	-0.01017778
1025	C	0.387	-0.02466807
1026	C	0.298	-0.02077165
1027	C	0.261	0.0009911158
1028	T	0.338	0.02329796
1029	G	0.276	0.03528964
1030	C	0.393	0.04997141
1031	C	0.291	0.03085612
1032	T	0.361	0.02394772
1033	C	0.105	0.02331977
1034	A	-0.094	0.02051793
1035	G	-0.343	0.02199093
1036	G	-0.239	0.02945308
1037	A	0.259	0.04250673
1038	C	-0.153	0.04555636
1039	A	-0.421	0.05001983
1040	T	0.253	0.05545991
1041	C	-0.169	0.06033952
1042	G	-0.322	0.07306436
1043	A	-0.384	0.06304312
1044	A	-0.127	0.04957164
1045	T	0.255	0.05117186
1046	C	0.431	0.04664604
1047	T	0.487	0.03861656
1048	C	0.119	0.02632011
1049	T	0.222	0.02721635
1050	A	-0.301	0.01266338
1051	A	-0.540	0.005705382
1052	C	-0.107	-0.002455803
1053	A	-0.051	-0.01447654
1054	G	0.134	-0.02013162
1055	G	-0.072	-0.0101543
1056	A	0.033	-0.01437549
1057	G	-0.301	-0.002535284
1058	G	0.041	0.01493603
1059	G	0.334	0.01812479
1060	C	0.425	0.03035893
1061	T	0.466	0.04616511
1062	G	-0.150	0.04781353
1063	A	-0.124	0.05396208
1064	C	0.359	0.04172429
1065	T	0.089	0.03358661
1066	G	0.032	0.02393001
1067	G	-0.191	0.02774669
1068	T	0.427	0.03218374
1069	T	-0.261	0.04908385
1070	C	0.096	0.06727927
1071	T	-0.204	0.06379466
1072	A	-0.551	0.07739592
1073	A	-0.558	0.06123884
1074	G	0.139	0.05076482
1075	G	0.099	0.04308983
1076	G	0.296	0.05101502
1077	G	0.242	0.03966888
1078	G	0.374	0.02561349
1079	C	0.295	0.008925884
1080	T	0.277	-0.0003356684
1081	G	-0.321	0.005711061
1082	A	0.105	0.01234388
1083	T	-0.209	0.005407724
1084	C	0.121	0.01486278
1085	C	0.120	0.008585097
1086	A	0.264	0.002941097
1087	C	0.391	-0.01499717
1088	C	0.341	-0.009625058
1089	G	0.150	-0.008164195
1090	G	-0.240	-0.005437721
1091	T	0.465	0.006180989
1092	A	-0.479	0.03513731
1093	A	-0.470	0.03475531
1094	G	-0.258	0.02647755
1095	T	0	0.02267676
 1096	T	-0.389	0.01324095
1097	A	-0.199	0.007118316
1098	G	-0.208	0.001444029
1099	A	0.114	0.004153845
1100	G	0.078	0.01331623
1101	C	0.128	0.001520153
1102	C	0.095	0.01266871
1103	T	0.448	0.01080443
1104	T	-0.205	0.003279561
1105	T	-0.405	-0.01385852
1106	A	-0.254	-0.03194102
1107	T	-0.057	-0.03648368
1108	T	0.152	-0.03685486
1109	G	-0.101	-0.02702089
1110	G	-0.109	-0.04230954
1111	A	0.541	-0.03573652
1112	T	0.124	-0.0326847
1113	A	-0.214	-0.02859433
1114	T	0.151	-0.02915184
1115	G	-0.116	-0.02183266
1116	T	0.142	-0.008811816
1117	G	0.080	0.004491816
1118	T	0.380	0.001744716
1119	T	0.026	0.006285513
1120	G	-0.342	0.009600961
1121	C	0.213	0.01521211
1122	A	0.051	0.002404742
1123	T	-0.165	0.02061327
1124	T	-0.386	0.02609561
1125	G	-0.295	0.04170335
1126	C	0.168	0.04322024
1127	A	0.136	0.03647513
1128	C	0.133	0.03623906
1129	G	-0.115	0.03116006
1130	G	-0.229	0.01689987
1131	A	-0.354	0.01085413
1132	G	-0.103	0.02103353
1133	A	-0.021	0.0192905
1134	G	-0.111	0.02780887
1135	T	0.295	0.02930197
1136	T	0.296	0.02478145
1137	G	0.010	0.01359794
1138	T	0.251	0.02428111
1139	T	0.253	0.03549819
1140	G	0.308	0.03527417
1141	T	-0.038	0.03266596
1142	G	0.486	0.04927941
1143	T	-0.197	0.06381425
1144	A	0.338	0.08328322
1145	C	0	0.08630412
 1146	T	-0.104	0.07452698
1147	A	-0.110	0.06905728
1148	T	-0.302	0.06798672
1149	G	0	0.06245483
 1150	A	-0.104	0.06566954
1151	C	0.171	0.06118978
1152	A	0.085	0.04850526
1153	G	0.207	0.03976294
1154	G	0.198	0.03237797
1155	T	-0.091	0.02709168
1156	A	-0.044	0.02904354
1157	C	0.432	0.02370396
1158	T	0.083	0.004311405
1159	G	0.205	-0.01283949
1160	A	-0.048	-0.01409153
1161	G	0.466	-0.03060414
1162	T	0.166	-0.03727685
1163	C	0.444	-0.04213585
1164	T	0.283	-0.04781809
1165	T	-0.311	-0.04507788
1166	A	-0.074	-0.03380401
1167	T	-0.156	-0.03819703
1168	T	-0.439	-0.04075718
1169	A	-0.231	-0.04166771
1170	A	-0.273	-0.05596189
1171	A	-0.503	-0.06404826
1172	A	-0.444	-0.0755631
1173	T	0.015	-0.09285223
1174	T	0.096	-0.1007695
1175	C	0.084	-0.1117775
1176	A	0.048	-0.1340609
1177	G	-0.482	-0.1452789
1178	T	-0.342	-0.1581105
1179	T	-0.085	-0.1668872
1180	G	-0.141	-0.18877
1181	A	-0.450	-0.1816987
1182	T	0.153	-0.1959241
1183	G	-0.215	-0.2142479
1184	C	0	-0.2111109
 1185	A	0.318	-0.2215091
1186	G	-0.469	-0.228032
1187	T	-0.097	-0.2247326
1188	A	-0.139	-0.2234246
1189	A	-0.371	-0.2114541
1190	G	-0.221	-0.2086328
1191	T	-0.230	-0.2018768
1192	A	-0.458	-0.2139135
1193	A	-0.392	-0.2045044
1194	T	-0.462	-0.1990866
1195	A	-0.414	-0.1879825
1196	T	-0.342	-0.1770722
1197	A	-0.282	-0.1779258
1198	A	-0.381	-0.1728681
1199	A	-0.365	-0.1762653
1200	G	0.434	-0.1515508
1201	T	-0.096	-0.1593422
1202	G	-0.413	-0.154947
1203	T	-0.191	-0.1571443
1204	A	-0.469	-0.1543076
1205	A	-0.404	-0.1372088
1206	A	-0.314	-0.1250266
1207	A	-0.182	-0.1157783
1208	T	0.181	-0.09504331
1209	T	-0.395	-0.08207212
1210	G	-0.187	-0.06402826
1211	A	-0.442	-0.05292351
1212	C	0.453	-0.04259304
1213	T	0.290	-0.02753243
1214	C	0.470	-0.02018888
1215	A	-0.068	-0.02325777
1216	A	-0.375	-0.02743733
1217	G	0.106	-0.02851748
1218	A	-0.270	-0.02655277
1219	G	0.488	-0.04801838
1220	T	-0.142	-0.05504598
1221	G	-0.048	-0.04050938
1222	T	-0.083	-0.03442726
1223	T	0.426	-0.02560602
1224	C	0.179	-0.003870418
1225	T	0.365	0.01541827
1226	G	0.211	0.02650469
1227	C	0.416	0.03259327
1228	A	0.271	0.05593592
1229	G	0.455	0.07190113
1230	G	-0.036	0.08780303
1231	A	0	0.07878579
 1232	T	0.109	0.06101482
1233	C	-0.135	0.03573934
1234	A	-0.459	0.02748199
1235	A	-0.441	0.03821915
1236	A	-0.422	0.02592291
1237	A	-0.290	0.02263747
1238	A	-0.380	0.007105439
1239	T	-0.363	0.007993703
1240	G	0.139	-6.108421e-05
1241	G	0.039	-0.006346505
1242	T	-0.134	-0.01030798
1243	A	0.421	-0.0005414789
1244	C	0.418	-0.005069505
1245	C	0.238	-0.01629929
1246	T	0.412	-0.01729001
1247	T	0.491	-0.01844998
1248	C	0.419	-0.02499037
1249	T	0.161	-0.01815528
1250	C	0.110	-0.004958329
1251	A	-0.384	-0.01322917
1252	A	-0.490	-0.02222433
1253	A	-0.382	-0.02347183
1254	T	0.032	-0.009347932
1255	A	-0.360	0.003138716
1256	A	-0.395	0.02030087
1257	T	-0.102	0.02521601
1258	T	-0.108	0.02302219
1259	A	-0.354	0.007671242
1260	A	-0.322	0.004274739
1261	T	0.275	0.01916742
1262	C	0.551	0.014026
1263	T	0.193	0.001734484
1264	A	-0.214	-0.01177531
1265	C	0.378	-0.01927649
1266	A	0.227	-0.03974052
1267	T	0.206	-0.05936446
1268	C	0.223	-0.07538367
1269	C	0.501	-0.09068386
1270	A	-0.204	-0.09112483
1271	A	-0.476	-0.09181325
1272	A	-0.506	-0.08045944
1273	C	0.095	-0.07294782
1274	C	0.051	-0.07588463
1275	A	0.361	-0.06934237
1276	G	-0.194	-0.07662158
1277	T	-0.446	-0.08205458
1278	A	-0.443	-0.08039937
1279	G	-0.089	-0.0714953
1280	C	0.431	-0.07399751
1281	A	0.226	-0.0775143
1282	T	-0.048	-0.07650867
1283	G	-0.274	-0.06200954
1284	G	0.127	-0.06694646
1285	A	-0.286	-0.07443113
1286	A	-0.326	-0.07175179
1287	A	-0.446	-0.08930358
1288	T	-0.470	-0.08965498
1289	A	-0.401	-0.09334098
1290	A	-0.516	-0.08748592
1291	A	0.049	-0.0780639
1292	C	0.318	-0.07677179
1293	A	-0.472	-0.07453513
1294	A	-0.146	-0.07843978
1295	T	-0.378	-0.07237087
1296	G	-0.314	-0.05188379
1297	A	-0.292	-0.03846531
1298	G	0.016	-0.02565937
1299	G	0.180	-0.03155898
1300	G	0.417	-0.02564695
1301	T	0.231	-0.01863409
1302	T	0.336	-0.005942168
1303	C	0.191	0.002392595
1304	T	-0.057	0.008948979
1305	A	0.308	0.008641268
1306	G	-0.443	0.01998241
1307	T	0.488	0.03021802
1308	T	-0.344	0.03661552
1309	T	-0.254	0.03710873
1310	A	-0.148	0.03976739
1311	C	0.144	0.03675839
1312	T	0.136	0.06003047
1313	G	0.212	0.07223997
1314	G	0.036	0.09102642
1315	T	0.331	0.1048593
1316	G	0.065	0.1070424
1317	A	0.396	0.1181866
1318	C	0.207	0.1036436
1319	C	0.450	0.08540251
1320	A	0.218	0.08212364
1321	C	0.207	0.08492093
1322	T	0.444	0.08394685
1323	T	-0.037	0.09689718
1324	G	-0.338	0.09293213
1325	A	-0.015	0.1131695
1326	T	-0.081	0.08918474
1327	T	-0.158	0.09956108
1328	A	-0.497	0.1163165
1329	G	0.150	0.1073892
1330	C	0.203	0.1027051
1331	A	0.411	0.1012725
1332	C	0.317	0.0891488
1333	A	0.335	0.07592283
1334	C	0.210	0.05487017
1335	A	-0.209	0.05239741
1336	C	0.439	0.05374312
1337	A	-0.372	0.05981267
1338	G	-0.275	0.06040425
1339	T	0.107	0.05901851
1340	G	0.442	0.04275709
1341	C	0.154	0.04129609
1342	C	0.434	0.034915
1343	C	0.157	0.04490647
1344	T	0.325	0.03931747
1345	A	-0.423	0.02779362
1346	G	0.049	0.01820204
1347	A	0.382	0.01901528
1348	T	-0.487	0.007477411
1349	T	-0.033	-0.005989011
1350	C	0.082	-0.02679256
1351	A	-0.247	-0.04031909
1352	A	-0.466	-0.06059406
1353	T	-0.468	-0.07447496
1354	T	-0.028	-0.07843412
1355	C	0.447	-0.09249112
1356	C	0.438	-0.09306818
1357	C	0.473	-0.09597199
1358	A	0.165	-0.1097414
1359	G	-0.410	-0.1109857
1360	T	0.389	-0.1254068
1361	A	-0.279	-0.1376485
1362	C	0.041	-0.1427512
1363	A	-0.228	-0.1571834
1364	T	-0.519	-0.1550627
1365	A	-0.522	-0.1628663
1366	A	-0.466	-0.1742513
1367	G	-0.288	-0.1634637
1368	A	-0.307	-0.1540211
1369	A	-0.378	-0.1537243
1370	A	-0.196	-0.1555267
1371	A	-0.435	-0.1462379
1372	A	-0.316	-0.1421345
1373	A	-0.359	-0.1538243
1374	T	-0.094	-0.1756355
1375	T	-0.394	-0.2000422
1376	A	-0.386	-0.2244473
1377	A	-0.416	-0.2386966
1378	T	0.395	-0.2391854
1379	A	-0.393	-0.256015
1380	A	-0.030	-0.2448728
1381	A	-0.035	-0.2568894
1382	T	-0.222	-0.2602717
1383	A	-0.342	-0.2477091
1384	T	-0.246	-0.2212212
1385	T	-0.050	-0.2070858
1386	T	-0.077	-0.1979745
1387	T	0.325	-0.1836446
1388	G	0.093	-0.1800663
1389	T	-0.316	-0.1739687
1390	T	-0.113	-0.1641535
1391	A	-0.312	-0.1490002
1392	G	-0.472	-0.1368711
1393	A	-0.380	-0.1366089
1394	A	-0.489	-0.1226472
1395	A	-0.454	-0.1083314
1396	T	-0.376	-0.1006978
1397	A	-0.428	-0.1228717
1398	A	-0.250	-0.1236684
1399	C	0.143	-0.1334978
1400	A	-0.414	-0.1278195
1401	A	-0.356	-0.132815
1402	A	-0.042	-0.1348641
1403	T	0.483	-0.1286695
1404	C	0.070	-0.1280381
1405	A	0.058	-0.1190299
1406	T	0.236	-0.1150126
1407	T	-0.242	-0.1142775
1408	A	0.035	-0.1160555
1409	C	-0.062	-0.1230017
1410	T	0.259	-0.1223787
1411	A	0.101	-0.1050015
1412	T	-0.084	-0.1056337
1413	T	0.136	-0.08825087
1414	C	0.157	-0.06438966
1415	T	-0.125	-0.04708787
1416	A	-0.447	-0.03326794
1417	A	-0.423	-0.021944
1418	T	-0.403	-0.0275432
1419	A	0.179	-0.02495707
1420	A	-0.412	-0.02209852
1421	T	-0.420	-0.03072761
1422	A	-0.011	-0.04409852
1423	G	-0.026	-0.05316931
1424	T	0.264	-0.06364772
1425	C	0.478	-0.08263616
1426	T	0.121	-0.08672427
1427	T	-0.383	-0.1004911
1428	A	-0.377	-0.1024423
1429	T	-0.288	-0.09709217
1430	T	0.188	-0.09353278
1431	A	-0.405	-0.08003247
1432	G	0.171	-0.084709
1433	C	0.452	-0.09751476
1434	T	0.281	-0.1077016
1435	T	0.096	-0.1075033
1436	G	0.179	-0.09598632
1437	A	-0.069	-0.07494053
1438	G	-0.316	-0.08509732
1439	A	-0.248	-0.08557732
1440	A	-0.369	-0.06885442
1441	T	-0.024	-0.06068701
1442	T	-0.274	-0.05532632
1443	T	-0.340	-0.05132558
1444	A	-0.484	-0.05298248
1445	T	-0.398	-0.04739245
1446	A	-0.487	-0.04181824
1447	A	-0.136	-0.02792277
1448	C	0.462	-0.02375211
1449	T	0.236	-0.02189927
1450	C	0.428	-0.008717229
1451	T	-0.041	-0.006178308
1452	A	-0.328	-0.01120762
1453	A	-0.513	-0.007167966
1454	A	-0.439	-0.003865387
1455	G	0.013	-0.003860703
1456	T	0.395	-0.007533184
1457	G	-0.206	0.0005020237
1458	G	-0.430	0.001964339
1459	A	0.214	-0.001223424
1460	G	0.298	-0.01343863
1461	T	0.177	-0.01462347
1462	C	0.416	-0.01583042
1463	T	0.415	-0.01570994
1464	G	0.334	-0.01554792
1465	G	-0.171	-0.002248258
1466	G	0.150	0.01254627
1467	A	-0.130	0.005014163
1468	A	0.258	-0.01309589
1469	C	0.095	-0.03152665
1470	T	0.267	-0.02635387
1471	G	0.261	-0.008592655
1472	C	0.434	0.004909345
1473	T	0.222	0.02560858
1474	G	0.180	0.02791572
1475	C	-0.208	0.005061008
1476	A	-0.011	0.0004338763
1477	C	-0.192	0.003633955
1478	A	-0.491	-0.009172624
1479	A	-0.488	-0.005635466
1480	A	-0.319	-0.002247676
1481	G	-0.385	-0.001494387
1482	A	-0.480	-0.008085676
1483	A	-0.391	-0.00664615
1484	T	0.017	-0.01094383
1485	T	0.425	-0.01382404
1486	C	0.176	-0.0058948
1487	A	-0.451	-0.006635353
1488	G	-0.272	-0.003209232
1489	A	0.155	-0.01885173
1490	C	0.346	-0.02817014
1491	A	0	-0.05110332
 1492	C	0.346	-0.05358124
1493	C	0.101	-0.04700801
1494	A	-0.472	-0.02993029
1495	A	-0.381	-0.0174955
1496	T	-0.309	0.0005110237
1497	T	-0.271	0.01013842
1498	C	0.433	0.01595037
1499	A	0.306	0.01374442
1500	G	0.445	0.03361902
1501	G	0.164	0.041012
1502	T	0.388	0.05495016
1503	C	-0.335	0.05876134
1504	A	0.041	0.05233502
1505	T	0.171	0.05110005
1506	C	0.230	0.06443758
1507	A	0.226	0.07576216
1508	G	-0.326	0.08144939
1509	G	-0.092	0.06653297
1510	A	-0.436	0.06685514
1511	C	0.127	0.06051548
1512	T	0.429	0.06924864
1513	G	0.440	0.09142898
1514	G	0.461	0.1088311
1515	T	0.491	0.1169707
1516	T	-0.125	0.1258924
1517	T	-0.267	0.1156856
1518	A	-0.402	0.1187625
1519	T	0.369	0.1154509
1520	T	-0.199	0.1226545
1521	G	0.137	0.1013344
1522	A	0.162	0.1018883
1523	C	0.181	0.1129306
1524	T	0.129	0.09712274
1525	G	0.055	0.08210095
1526	C	0.158	0.07766574
1527	A	0.371	0.08911411
1528	C	-0.220	0.09648586
1529	G	0.012	0.1087698
1530	T	0.105	0.1042052
1531	C	0.433	0.09932746
1532	T	0.370	0.09808309
1533	C	0.279	0.09538554
1534	G	0	0.09400131
 1535	A	0.067	0.09204081
1536	G	0.045	0.09238786
1537	A	0.423	0.1029912
1538	C	0.319	0.1032314
1539	T	0.438	0.1077315
1540	G	-0.421	0.1159355
1541	A	-0.314	0.1059327
1542	T	0.461	0.09461948
1543	T	-0.429	0.0796614
1544	G	-0.340	0.08040762
1545	A	0.057	0.06724899
1546	T	0.108	0.05377836
1547	C	0.187	0.05349751
1548	A	0.030	0.05504109
1549	G	-0.045	0.05697151
1550	G	0.244	0.04182635
1551	G	0.392	0.04016446
1552	C	0.358	0.03333703
1553	C	0.439	0.02476043
1554	A	-0.199	0.02748849
1555	A	-0.254	0.02109982
1556	A	0	0.01324416
 1557	C	0.378	-0.005944395
1558	T	-0.028	-0.03099576
1559	T	0.449	-0.01558539
1560	T	-0.217	0.005024026
1561	A	-0.248	-0.0160465
1562	A	-0.439	-0.0179275
1563	T	0.083	-0.01152917
1564	T	-0.341	-0.005910961
1565	T	-0.140	-0.002055355
1566	T	-0.231	0.002268724
1567	G	0.070	0.007660508
1568	T	0.179	0.01976667
1569	T	-0.142	0.01875441
1570	C	0.307	0.01033111
1571	T	0.019	-0.006011158
1572	G	-0.325	-0.004768711
1573	A	0.170	0.006729368
1574	G	-0.197	0.005483526
1575	C	0.124	0.004254092
1576	A	-0.409	-0.01570217
1577	A	-0.513	-0.02848745
1578	A	0.164	-0.03285698
1579	T	0.468	-0.01596242
1580	G	-0.339	0.0009475237
1581	A	-0.500	0.018021
1582	T	-0.097	0.02708057
1583	T	0.271	0.03782317
1584	T	0.254	0.04795425
1585	C	0.351	0.04822736
1586	A	0.235	0.04890128
1587	G	0.414	0.03812791
1588	C	0.206	0.03432325
1589	A	0.072	0.01352854
1590	G	-0.262	0.006707018
1591	A	0.486	0.02545741
1592	C	0.237	0.03202468
1593	A	-0.301	0.0491942
1594	T	-0.046	0.04543463
1595	T	-0.379	0.05185374
1596	A	-0.514	0.05643608
1597	C	0.283	0.04495874
1598	T	0.424	0.02438411
1599	T	0.394	0.0300955
1600	C	0.209	0.04760318
1601	T	0.427	0.05062979
1602	G	0.066	0.0558719
1603	A	0.244	0.05749184
1604	T	-0.220	0.05672479
1605	G	0.096	0.06084921
1606	A	-0.230	0.06258929
1607	T	-0.286	0.06320366
1608	T	-0.483	0.06720246
1609	T	-0.239	0.06446994
1610	C	0.386	0.03860057
1611	C	0.420	0.02210931
1612	C	0.455	0.01725628
1613	T	-0.018	0.008141239
1614	G	-0.165	0.007942134
1615	T	-0.339	0.01063966
1616	G	-0.271	-0.005103682
1617	A	-0.312	-0.02772189
1618	T	-0.122	-0.0370235
1619	T	0.164	-0.03126184
1620	T	0.017	-0.02837755
1621	C	0.470	-0.03346108
1622	A	0.316	-0.03219166
1623	G	0.322	-0.03589844
1624	T	0.391	-0.03508132
1625	C	0.480	-0.03669742
1626	T	0.229	-0.01530006
1627	T	0.224	-0.008106476
1628	G	-0.366	-0.009301476
1629	A	-0.496	-0.03168127
1630	A	-0.389	-0.05648377
1631	A	-0.486	-0.07724282
1632	A	-0.393	-0.07810056
1633	A	-0.387	-0.06769666
1634	A	-0.411	-0.0490155
1635	A	-0.314	-0.03021498
1636	A	-0.435	-0.02922092
1637	T	0.040	-0.03833898
1638	T	0.428	-0.04457706
1639	C	0.537	-0.05736683
1640	A	-0.126	-0.08291389
1641	A	0.292	-0.09041108
1642	T	-0.361	-0.1113608
1643	G	0.127	-0.1252567
1644	T	-0.291	-0.1449748
1645	A	0.526	-0.1561932
1646	C	-0.209	-0.1660523
1647	A	-0.284	-0.1625865
1648	T	-0.463	-0.1442838
1649	A	-0.521	-0.1245166
1650	A	-0.333	-0.1022448
1651	G	-0.050	-0.08222116
1652	T	0.229	-0.07992384
1653	C	0.370	-0.07232276
1654	A	0.442	-0.05216287
1655	A	-0.275	-0.03753666
1656	G	-0.469	-0.03223095
1657	T	-0.072	-0.03656774
1658	A	-0.468	-0.03889803
1659	A	-0.500	-0.03680132
1660	A	0.031	-0.0516494
1661	G	-0.473	-0.04981177
1662	T	-0.136	-0.0461698
1663	T	-0.268	-0.02721969
1664	A	-0.196	-0.04967138
1665	T	-0.149	-0.05008961
1666	A	-0.234	-0.05557872
1667	T	0.198	-0.04657814
1668	G	0.361	-0.0429148
1669	C	0.360	-0.04069819
1670	A	0.367	-0.02708873
1671	G	-0.300	-0.01962212
1672	A	-0.122	-0.03521659
1673	T	0.451	-0.04773273
1674	T	0.120	-0.04443184
1675	G	0.242	-0.04261663
1676	T	0.263	-0.04463016
1677	G	0.448	-0.03354089
1678	T	-0.047	-0.01692029
1679	G	-0.271	-0.02706996
1680	A	-0.291	-0.02499702
1681	G	0.265	-0.02192211
1682	C	0.428	-0.01181063
1683	A	-0.326	-0.005464197
1684	A	-0.225	-0.0005988368
1685	A	-0.493	-0.001237495
1686	T	-0.121	-0.009517968
1687	G	-0.382	-0.02281099
1688	A	-0.249	-0.03025283
1689	T	0.466	-0.03415749
1690	C	0.513	-0.01966749
1691	A	-0.222	-0.01510122
1692	A	-0.033	-0.01306706
1693	T	-0.149	-0.004817958
1694	G	-0.400	3.977895e-05
1695	A	-0.149	-0.005466532
1696	A	-0.046	-0.01815709
1697	T	0.131	-0.02299366
1698	G	-0.354	-0.02587253
1699	A	-0.394	-0.01350845
1700	A	-0.019	-0.02729272
1701	C	0.115	-0.04225498
1702	T	0.044	-0.04348082
1703	T	0.034	-0.03658314
1704	T	-0.258	-0.02183498
1705	T	-0.115	-0.03189501
1706	A	-0.143	-0.03239312
1707	C	0.077	-0.03728506
1708	C	0.219	-0.06093322
1709	A	0.250	-0.0713413
1710	C	0.050	-0.07518714
1711	A	0.528	-0.08068834
1712	G	0.433	-0.07631877
1713	T	0.427	-0.06893372
1714	T	0.054	-0.05707941
1715	T	-0.033	-0.05686945
1716	G	-0.230	-0.06240108
1717	A	-0.380	-0.06005708
1718	T	0.177	-0.05966739
1719	T	-0.257	-0.06518185
1720	T	-0.140	-0.07209383
1721	A	-0.373	-0.08390582
1722	T	0.036	-0.09192973
1723	T	0.067	-0.08539598
1724	T	-0.504	-0.08973627
1725	A	-0.401	-0.09466548
1726	A	-0.435	-0.1009597
1727	G	-0.432	-0.1181909
1728	T	0.117	-0.1318505
1729	A	-0.368	-0.1428756
1730	T	-0.242	-0.166658
1731	A	0.016	-0.185629
1732	G	-0.119	-0.1990033
1733	T	0.301	-0.2070977
1734	G	-0.038	-0.1985047
1735	G	-0.079	-0.1847237
1736	G	-0.265	-0.181002
1737	A	-0.379	-0.1977809
1738	A	-0.228	-0.1925349
1739	T	-0.147	-0.1965375
1740	T	-0.404	-0.1827831
1741	A	-0.269	-0.1727069
1742	A	-0.010	-0.1638077
1743	T	-0.280	-0.1439799
1744	G	-0.330	-0.1284548
1745	A	-0.161	-0.1057635
1746	A	-0.435	-0.08176029
1747	T	-0.268	-0.08336278
1748	A	-0.368	-0.06228936
1749	G	-0.375	-0.05708376
1750	T	-0.287	-0.05114386
1751	A	-0.081	-0.0541377
1752	T	-0.253	-0.06522375
1753	G	0.293	-0.06419879
1754	C	0.292	-0.06983566
1755	A	-0.239	-0.05759076
1756	T	-0.459	-0.04232726
1757	A	-0.058	-0.03343016
1758	T	-0.292	-0.02918184
1759	G	0.149	-0.01077797
1760	C	0.419	0.0005730026
1761	T	0.405	0.009006461
1762	G	0.249	0.01144849
1763	G	0.188	0.01702638
1764	C	0.426	0.02085352
1765	C	0.479	0.03399973
1766	A	0.056	0.04215079
1767	G	0.432	0.04550032
1768	T	-0.044	0.04230426
1769	T	0.242	0.03998732
1770	T	-0.233	0.03367316
1771	T	-0.120	0.03017748
1772	A	0	0.01803008
 1773	T	-0.293	0.01318421
1774	G	0.200	0.01545884
1775	T	0.200	0.02467942
1776	C	0.109	0.0254432
1777	A	0.014	0.03788722
1778	A	0.294	0.04106443
1779	C	0.161	0.03791262
1780	T	0.309	0.03437096
1781	T	-0.188	0.02321301
1782	G	-0.118	0.007497171
1783	A	-0.016	-0.01347986
1784	C	0.064	-0.03884875
1785	A	0.041	-0.05279349
1786	T	-0.241	-0.07615557
1787	A	-0.496	-0.07527798
1788	A	-0.375	-0.08603535
1789	G	-0.321	-0.07680487
1790	T	-0.385	-0.06743787
1791	T	-0.168	-0.06401898
1792	A	0.108	-0.04341322
1793	G	-0.153	-0.04104598
1794	A	-0.109	-0.03779956
1795	G	-0.029	-0.02748703
1796	T	0.180	-0.02354574
1797	C	0.269	-0.03001972
1798	A	0.299	-0.03952582
1799	T	0.270	-0.05792908
1800	C	-0.174	-0.06576114
1801	T	-0.408	-0.06909824
1802	G	-0.370	-0.06723538
1803	A	-0.484	-0.07121916
1804	A	-0.473	-0.07168864
1805	A	-0.455	-0.06963869
1806	G	-0.010	-0.06711785
1807	G	-0.166	-0.06880472
1808	A	0.117	-0.07248106
1809	G	0.235	-0.07644885
1810	G	0.129	-0.06467309
1811	G	0.489	-0.05684151
1812	G	0.290	-0.04289141
1813	A	0.323	-0.02817919
1814	C	0.501	-0.01569006
1815	T	0.164	-0.007012716
1816	T	0.048	-0.002194847
1817	C	-0.199	-0.01112909
1818	A	-0.389	-0.01267894
1819	A	-0.485	-0.01755828
1820	T	-0.245	-0.0156612
1821	T	0.054	-0.01823928
1822	G	-0.087	-0.01539304
1823	A	0.023	0.007254984
1824	G	-0.163	0.03046625
1825	G	-0.400	0.04148226
1826	A	-0.439	0.05155697
1827	A	-0.460	0.05868532
1828	A	-0.536	0.0644135
1829	T	0.279	0.07268784
1830	C	0.406	0.0605777
1831	C	0.377	0.05599533
1832	C	0.449	0.04163328
1833	T	0.445	0.02467936
1834	C	0.510	0.01978564
1835	C	0.452	0.03215488
1836	A	-0.039	0.03741517
1837	C	0.211	0.05737393
1838	A	-0.360	0.08103938
1839	A	-0.336	0.0921239
1840	A	-0.468	0.09270115
1841	A	-0.376	0.101301
1842	T	0.387	0.1127795
1843	C	0.426	0.1174019
1844	T	0.407	0.12021
1845	G	0.216	0.1251276
1846	G	0.388	0.1349123
1847	C	0.453	0.1507778
1848	T	0.444	0.1461872
1849	C	0.029	0.123752
1850	T	0.115	0.1203165
1851	A	-0.222	0.1020687
1852	G	-0.143	0.08131599
1853	A	-0.021	0.05641838
1854	G	0.518	0.03796293
1855	G	0	0.02994194
 1856	A	0.369	0.0168745
1857	T	0.413	0.03373834
1858	C	0.175	0.04571726
1859	T	0.076	0.04523805
1860	T	0.239	0.05437596
1861	C	0.459	0.0408238
1862	T	0.012	0.03532441
1863	T	-0.294	0.03569022
1864	A	-0.252	0.04067262
1865	G	-0.088	0.04169885
1866	T	0.066	0.03680241
1867	G	0.104	0.01333283
1868	A	-0.446	0.004587682
1869	T	0.246	-0.006387687
1870	T	-0.243	0.00571755
1871	G	-0.343	0.02170618
1872	A	-0.435	0.02850782
1873	T	-0.248	0.01041742
1874	A	-0.344	0.0142505
1875	T	-0.284	0.007612816
1876	G	0.280	-0.007324947
1877	G	0.118	-0.006112474
1878	A	-0.486	-0.002950566
1879	A	-0.028	-0.003696513
1880	G	-0.127	-0.007921513
1881	G	0.217	0.0002143842
1882	G	0.421	0.01731375
1883	C	0.405	0.0200327
1884	C	0.427	0.03271338
1885	C	0.267	0.02552399
1886	T	-0.447	0.03037954
1887	A	-0.302	0.05026538
1888	G	-0.301	0.04243237
1889	A	0.237	0.04620901
1890	C	0.464	0.06228022
1891	C	0.236	0.08520351
1892	A	-0.168	0.1033604
1893	C	0.145	0.1151271
1894	T	0.116	0.1192617
1895	G	-0.154	0.1123867
1896	T	0.221	0.1146938
1897	G	0.196	0.1152043
1898	G	0.211	0.119144
1899	G	0.298	0.1283324
1900	T	0.321	0.118451
1901	G	0.355	0.1020504
1902	G	-0.148	0.09909961
1903	T	0.392	0.09009283
1904	G	-0.206	0.09426743
1905	C	0.289	0.1049553
1906	C	0.309	0.1235749
1907	A	-0.051	0.1428764
1908	T	-0.100	0.1409305
1909	C	0.267	0.1353086
1910	C	0.435	0.1397272
1911	C	0.441	0.1494664
1912	T	0.102	0.1469062
1913	G	-0.127	0.1419428
1914	G	0.019	0.1352341
1915	A	0.205	0.1167331
1916	G	-0.466	0.1170717
1917	T	0.120	0.1260413
1918	T	0.221	0.1210627
1919	G	-0.157	0.1089325
1920	T	-0.201	0.08675393
1921	G	0.293	0.08422654
1922	G	0.085	0.07087214
1923	T	0.426	0.0799323
1924	T	-0.041	0.08215093
1925	C	0.404	0.08384748
1926	C	0.432	0.09030794
1927	T	0.163	0.1025083
1928	G	0.250	0.101111
1929	C	0.404	0.0973362
1930	C	0.201	0.09334373
1931	T	0.048	0.08796686
1932	T	-0.071	0.08623441
1933	G	-0.408	0.08850969
1934	A	-0.481	0.08849141
1935	A	0.209	0.1094916
1936	T	0.552	0.1183349
1937	G	0.109	0.1264844
1938	A	-0.139	0.1415359
1939	T	-0.487	0.1345866
1940	T	-0.245	0.1287389
1941	T	-0.114	0.1209013
1942	T	0.137	0.1132842
1943	C	0.373	0.1252235
1944	T	0.373	0.1186541
1945	G	0.194	0.09640195
1946	T	0.363	0.09700437
1947	C	0.214	0.09007622
1948	A	0.291	0.09039882
1949	T	0.289	0.08736604
1950	G	-0.101	0.09610567
1951	A	-0.193	0.1033073
1952	C	0.105	0.1235727
1953	T	0.205	0.1461519
1954	T	0.331	0.1453275
1955	C	0.456	0.14225
1956	C	0.531	0.1383506
1957	T	0.414	0.137576
1958	T	-0.465	0.1582947
1959	C	0.071	0.1586069
1960	A	-0.212	0.1661396
1961	G	0.136	0.1713024
1962	T	0.412	0.1644919
1963	G	0.155	0.1570463
1964	A	-0.413	0.1527211
1965	T	0.186	0.1306787
1966	G	-0.012	0.1172878
1967	G	0.416	0.09779965
1968	G	0.086	0.07979602
1969	T	0.380	0.07676009
1970	G	0.201	0.08420054
1971	G	0.361	0.08469209
1972	C	0.376	0.07251193
1973	A	0.177	0.05576707
1974	G	0.435	0.03192799
1975	T	-0.038	0.01087396
1976	G	-0.168	-0.01261707
1977	T	0.300	-0.00702975
1978	G	-0.233	-0.01011425
1979	G	0.171	-0.003650161
1980	C	0.333	0.002688339
1981	A	0.114	0.0008050763
1982	G	0.090	0.004968629
1983	T	0.030	0.0275911
1984	G	-0.474	0.01959016
1985	T	-0.294	0.02761023
1986	A	-0.448	0.02815762
1987	A	-0.394	0.03816622
1988	A	-0.217	0.03281932
1989	C	0.089	0.03715067
1990	C	0.124	0.03858259
1991	A	-0.257	0.02806193
1992	A	-0.305	0.01403062
1993	A	-0.449	-0.008719513
1994	T	-0.268	-0.004073434
1995	A	-0.478	-0.001740787
1996	A	-0.253	-0.002362261
1997	G	-0.046	-0.0003822079
1998	G	0.032	0.007643687
1999	C	0.377	-0.00248005
2000	C	0.340	-0.007416032
2001	C	0.313	-0.02163298
2002	T	0.446	-0.02336062
2003	T	-0.117	-0.01323276
2004	C	0.292	0.005769479
2005	C	0.437	0.01169998
2006	C	0.466	0.02499624
2007	T	0.177	0.04235187
2008	C	0.366	0.05358809
2009	C	0.415	0.05583806
2010	A	-0.023	0.07117806
2011	G	-0.355	0.08638596
2012	A	-0.429	0.08881769
2013	T	0.138	0.08594493
2014	T	-0.080	0.09967015
2015	G	0.276	0.1059321
2016	C	-0.157	0.1137862
2017	A	0.476	0.103921
2018	G	-0.051	0.09502391
2019	T	-0.072	0.07590933
2020	T	-0.449	0.06198056
2021	G	-0.035	0.0466863
2022	T	-0.089	0.03972606
2023	T	0.427	0.02838906
2024	T	-0.223	0.01720008
2025	C	0.111	0.01378116
2026	C	0.442	0.02001266
2027	T	0.516	0.02142376
2028	G	0.210	0.02253726
2029	A	0.325	0.01860221
2030	C	0.272	0.02263197
2031	T	-0.356	0.02885921
2032	A	-0.377	0.02162594
2033	A	0.043	0.02235487
2034	C	-0.015	0.01922606
2035	A	0.252	0.01582114
2036	T	-0.341	-0.004744495
2037	T	0.039	-0.01397789
2038	T	-0.385	-0.01571501
2039	A	-0.216	-0.008531618
2040	A	-0.134	-0.002250666
2041	T	-0.381	9.768684e-05
2042	G	-0.138	-0.005847103
2043	T	0.012	0.0009354289
2044	G	0.336	0.01063974
2045	C	0.414	0.008889955
2046	C	0.420	0.009328824
2047	T	0.457	-0.006637939
2048	T	-0.172	-0.02549049
2049	G	-0.202	-0.03577791
2050	T	-0.192	-0.03155752
2051	G	-0.136	-0.03095562
2052	A	-0.052	-0.04023703
2053	C	0.157	-0.02927043
2054	A	-0.287	-0.03015816
2055	A	-0.304	-0.01656693
2056	A	-0.402	-0.02649964
2057	C	-0.138	-0.01214614
2058	T	-0.176	0.005412074
2059	A	0.203	0.01961621
2060	T	0	0.03295581
 2061	C	0.201	0.03660173
2062	A	0.034	0.0386462
2063	T	0.479	0.03191446
2064	C	0.375	0.01438627
2065	T	0.532	0.009097484
2066	T	-0.396	-0.01585459
2067	A	-0.391	-0.004320121
2068	A	-0.118	-0.006000832
2069	T	-0.196	-0.002682621
2070	G	-0.355	-0.001247747
2071	A	-0.309	0.002760918
2072	C	0.401	0.009325524
2073	T	0.218	0.02857331
2074	G	0.174	0.04822252
2075	A	-0.337	0.0682761
2076	G	0.159	0.06800339
2077	G	0.451	0.06455481
2078	C	0.405	0.05100734
2079	T	0.125	0.05538758
2080	C	0	0.05855123
 2081	A	0.090	0.06267381
2082	C	0.080	0.04577639
2083	A	-0.251	0.03907807
2084	G	0.219	0.01389497
2085	G	-0.490	0.01257197
2086	T	0.265	0.01436926
2087	T	-0.266	0.0140452
2088	G	-0.066	0.02514433
2089	A	-0.082	0.03318367
2090	T	0.099	0.04223249
2091	C	0.407	0.02329889
2092	C	0.444	0.007006729
2093	T	0.441	-0.007699903
2094	C	0.359	-0.008097271
2095	A	-0.149	-0.02603567
2096	G	-0.307	-0.04288609
2097	A	-0.311	-0.06022648
2098	A	0.166	-0.07364201
2099	C	0.321	-0.08269098
2100	T	0.191	-0.09334707
2101	G	-0.162	-0.1053449
2102	T	0.121	-0.1081359
2103	A	-0.424	-0.1264987
2104	A	-0.446	-0.1242146
2105	A	-0.322	-0.1448502
2106	A	-0.130	-0.144816
2107	C	0.225	-0.1347609
2108	C	-0.049	-0.1393408
2109	A	0.034	-0.1502906
2110	A	-0.318	-0.168256
2111	A	-0.400	-0.1927748
2112	A	-0.384	-0.209886
2113	T	-0.353	-0.2229373
2114	A	-0.521	-0.2180126
2115	A	-0.189	-0.2218585
2116	A	-0.253	-0.2101769
2117	G	-0.384	-0.2179346
2118	T	-0.343	-0.2297961
2119	A	-0.314	-0.234826
2120	A	-0.375	-0.2371085
2121	G	-0.358	-0.2530366
2122	A	-0.478	-0.2514686
2123	A	-0.403	-0.2523996
2124	A	-0.518	-0.2563444
2125	A	-0.264	-0.2599605
2126	C	0.315	-0.2763966
2127	A	-0.256	-0.2828657
2128	G	-0.316	-0.2951889
2129	A	-0.275	-0.2833701
2130	A	-0.487	-0.275192
2131	A	-0.208	-0.2666133
2132	G	-0.135	-0.2536894
2133	T	0.037	-0.2336806
2134	T	-0.453	-0.2346102
2135	A	0.132	-0.2304066
2136	G	-0.128	-0.2191577
2137	A	-0.129	-0.2166346
2138	T	0	-0.2161591
 2139	T	-0.249	-0.2132472
2140	G	-0.484	-0.2048407
2141	A	-0.364	-0.1805518
2142	A	-0.482	-0.1682195
2143	A	-0.472	-0.1651102
2144	T	-0.268	-0.1565933
2145	A	-0.399	-0.1597532
2146	A	-0.295	-0.1441582
2147	A	-0.433	-0.1280659
2148	T	0.130	-0.1149278
2149	G	-0.089	-0.1125222
2150	T	-0.058	-0.1070379
2151	A	0.138	-0.1159451
2152	T	0.238	-0.112053
2153	T	-0.224	-0.09172656
2154	T	-0.094	-0.08962951
2155	C	0.042	-0.07390177
2156	T	-0.247	-0.05888574
2157	A	-0.296	-0.05959103
2158	A	-0.264	-0.05899195
2159	C	-0.038	-0.04683211
2160	C	0.444	-0.0328409
2161	C	0.065	-0.02015095
2162	A	-0.400	-0.01517564
2163	G	0.058	-0.007418639
2164	G	0.195	-0.0009592447
2165	T	0.336	-0.003882745
2166	G	0.295	-0.004735192
2167	G	0.223	-0.0187489
2168	A	-0.396	-0.01714747
2169	T	0	-0.02626607
 2170	T	-0.474	-0.03714388
2171	T	0.185	-0.05087201
2172	T	0.318	-0.05793475
2173	G	0.211	-0.05920597
2174	T	0.469	-0.06816366
2175	C	0.441	-0.06537316
2176	T	-0.026	-0.06111848
2177	T	-0.226	-0.0640465
2178	T	-0.021	-0.07426149
2179	C	0.167	-0.09973838
2180	A	0	-0.1154175
 2181	A	-0.283	-0.1125987
2182	T	0.026	-0.1238392
2183	T	-0.153	-0.1307603
2184	T	-0.406	-0.1261802
2185	A	-0.466	-0.1247423
2186	A	-0.401	-0.1270037
2187	A	-0.028	-0.1081187
2188	A	-0.404	-0.1023587
2189	T	-0.275	-0.1016649
2190	A	-0.283	-0.1164088
2191	T	-0.492	-0.134449
2192	A	-0.142	-0.1490058
2193	G	-0.297	-0.1629886
2194	C	-0.141	-0.1816532
2195	A	-0.135	-0.1747982
2196	A	-0.375	-0.154976
2197	A	-0.426	-0.1647016
2198	A	-0.523	-0.1771325
2199	T	-0.530	-0.1844079
2200	A	-0.293	-0.1757026
2201	G	-0.368	-0.1724513
2202	A	-0.067	-0.1562938
2203	T	0.510	-0.1331801
2204	C	0.350	-0.1193231
2205	A	0.137	-0.1098394
2206	T	0.321	-0.1191461
2207	C	0.218	-0.1123195
2208	A	-0.448	-0.1005335
2209	A	-0.374	-0.09480121
2210	A	-0.366	-0.0769269
2211	A	-0.341	-0.07179586
2212	T	-0.062	-0.06331554
2213	A	-0.267	-0.05680512
2214	C	0.233	-0.06512738
2215	T	0.526	-0.05333203
2216	A	-0.391	-0.04634935
2217	A	-0.305	-0.04344814
2218	T	-0.276	-0.03971864
2219	T	0.047	-0.03590396
2220	T	0.150	-0.02672232
2221	C	0.460	-0.01198914
2222	C	0.471	-0.03941909
2223	A	0.060	-0.05634464
2224	T	-0.041	-0.0710943
2225	T	-0.382	-0.08965896
2226	T	-0.145	-0.1071552
2227	T	0.172	-0.1016597
2228	C	-0.065	-0.09089643
2229	A	0.186	-0.09213543
2230	A	0.052	-0.09394919
2231	C	0.024	-0.1047366
2232	A	0.105	-0.1067588
2233	G	-0.451	-0.1235296
2234	T	0.072	-0.1484538
2235	T	-0.161	-0.1343893
2236	A	-0.413	-0.1227179
2237	A	-0.388	-0.1092262
2238	A	-0.148	-0.1134819
2239	T	-0.019	-0.1234578
2240	C	0.492	-0.1324729
2241	A	-0.531	-0.1502851
2242	A	-0.293	-0.139885
2243	A	-0.422	-0.1269935
2244	G	-0.384	-0.119253
2245	T	-0.445	-0.1088612
2246	A	-0.239	-0.1056382
2247	T	0.034	-0.1031665
2248	T	-0.413	-0.1135621
2249	A	-0.410	-0.1085697
2250	A	-0.471	-0.1098998
2251	T	-0.344	-0.1206586
2252	A	-0.403	-0.1224411
2253	A	-0.420	-0.1341671
2254	T	0.142	-0.1176803
2255	A	0.138	-0.1028897
2256	C	0.236	-0.1046468
2257	C	-0.114	-0.112627
2258	A	-0.228	-0.124488
2259	T	0.117	-0.149939
2260	T	-0.204	-0.1471818
2261	C	0.455	-0.1375101
2262	T	0.448	-0.1149664
2263	G	-0.088	-0.1015167
2264	T	0.249	-0.09399103
2265	C	0.295	-0.08324116
2266	A	0.028	-0.0806528
2267	G	-0.208	-0.05702588
2268	T	0.242	-0.05633396
2269	T	-0.025	-0.05017862
2270	T	-0.303	-0.03580196
2271	T	-0.519	-0.02194006
2272	A	-0.373	0.001087832
2273	C	0.465	0.006359042
2274	C	0.148	0.002204768
2275	A	-0.455	-0.007807521
2276	A	-0.451	-0.01339892
2277	T	-0.470	-0.01558568
2278	A	-0.474	-0.02433368
2279	A	-0.427	-0.02071233
2280	A	0.074	-0.03367712
2281	A	0.433	-0.05810525
2282	C	0.127	-0.06460801
2283	A	-0.160	-0.08015619
2284	T	0.169	-0.1006635
2285	T	0.132	-0.1020264
2286	C	0.484	-0.08873222
2287	A	-0.383	-0.08217322
2288	T	-0.238	-0.06909651
2289	T	0.201	-0.0549118
2290	G	0.123	-0.03194582
2291	C	0.454	-0.008374087
2292	T	0.343	-0.03128488
2293	G	-0.019	-0.04393388
2294	A	-0.144	-0.04532803
2295	A	-0.326	-0.04363246
2296	A	-0.311	-0.04204506
2297	G	-0.214	-0.04173709
2298	T	-0.067	-0.04080061
2299	T	-0.037	-0.05358266
2300	T	-0.479	-0.07648518
2301	T	-0.335	-0.08973289
2302	A	-0.341	-0.09597981
2303	A	-0.484	-0.1089308
2304	T	-0.023	-0.1110461
2305	C	0.296	-0.1181256
2306	T	0.491	-0.1134169
2307	C	0.470	-0.1017675
2308	A	0.235	-0.09642787
2309	C	0.353	-0.08848527
2310	T	0.522	-0.1126982
2311	T	-0.405	-0.1223513
2312	A	-0.332	-0.1172657
2313	A	-0.508	-0.1053381
2314	C	-0.387	-0.09382173
2315	A	-0.409	-0.0932361
2316	A	-0.463	-0.09059173
2317	G	-0.391	-0.08000432
2318	A	-0.411	-0.0803324
2319	A	-0.436	-0.05574306
2320	A	-0.376	-0.03484379
2321	A	-0.397	-0.01994948
2322	A	-0.322	0.004095471
2323	T	0.052	0.01682928
2324	T	0.215	0.02234189
2325	G	-0.205	0.01323376
2326	G	0.204	-0.005651505
2327	A	0.404	-0.02028074
2328	G	0.424	-0.02581935
2329	G	-0.465	-0.02822848
2330	A	-0.023	-0.01291379
2331	G	0.173	0.008878811
2332	C	0.309	0.01492673
2333	A	0.110	0.01637839
2334	G	-0.289	0.01653713
2335	G	-0.114	0.01808707
2336	A	0.334	0.01850594
2337	T	-0.049	0.02515057
2338	C	0.454	0.03880153
2339	T	0.458	0.052026
2340	G	0.224	0.05824795
2341	T	0.429	0.07848587
2342	G	0.460	0.08526343
2343	C	0.506	0.08803648
2344	A	0.145	0.106392
2345	T	-0.246	0.10055
2346	T	-0.320	0.07589805
2347	A	0.143	0.05934652
2348	C	0.431	0.06307505
2349	T	0.176	0.05635163
2350	A	0.495	0.05473821
2351	G	-0.278	0.05601005
2352	A	-0.331	0.05076699
2353	T	-0.403	0.04617204
2354	A	-0.404	0.06013731
2355	A	-0.375	0.04101647
2356	A	-0.158	0.03162464
2357	T	0.082	0.007902803
2358	G	0.126	-0.0148282
2359	G	-0.160	-0.02561857
2360	T	0.446	-0.03569267
2361	C	0.310	-0.04114106
2362	C	0.320	-0.05224477
2363	C	0.492	-0.06068419
2364	T	-0.017	-0.04458564
2365	T	-0.532	-0.04460341
2366	A	-0.203	-0.04044614
2367	T	-0.323	-0.05215844
2368	G	-0.279	-0.06243262
2369	A	0.112	-0.07644614
2370	G	0.357	-0.06996725
2371	G	-0.088	-0.07336333
2372	A	-0.464	-0.06082431
2373	T	0.416	-0.05360123
2374	G	-0.391	-0.04233786
2375	T	-0.406	-0.0282522
2376	A	-0.446	-0.01929484
2377	A	-0.405	-0.0161671
2378	T	-0.185	-0.01279493
2379	A	0.046	-0.01841619
2380	C	0.253	-0.03741351
2381	A	0.084	-0.05650698
2382	G	-0.175	-0.07612362
2383	T	0.365	-0.08754807
2384	G	-0.320	-0.08525315
2385	T	0.301	-0.09240836
2386	A	-0.014	-0.09425449
2387	G	-0.213	-0.09168752
2388	T	-0.036	-0.1052795
2389	A	-0.032	-0.1129358
2390	A	-0.460	-0.1212334
2391	T	0.072	-0.1031471
2392	T	-0.129	-0.122462
2393	T	0.052	-0.1061399
2394	A	0.376	-0.08593181
2395	T	0.422	-0.08080994
2396	T	0.245	-0.06265423
2397	T	-0.032	-0.04520752
2398	T	0.232	-0.05069128
2399	T	-0.411	-0.06444291
2400	T	-0.405	-0.07823815
2401	A	-0.252	-0.08007426
2402	A	-0.451	-0.09222705
2403	T	-0.444	-0.09274971
2404	A	-0.475	-0.08726807
2405	T	-0.393	-0.08565897
2406	A	-0.181	-0.08424368
2407	A	-0.404	-0.09514021
2408	C	0.066	-0.1072467
2409	A	-0.403	-0.1050822
2410	G	0.223	-0.1192675
2411	G	-0.317	-0.1190053
2412	T	0.228	-0.1232217
2413	C	0.361	-0.1281265
2414	A	-0.252	-0.1351404
2415	C	0.284	-0.1451955
2416	C	0.477	-0.1550037
2417	G	-0.161	-0.1728359
2418	A	-0.268	-0.1737943
2419	G	-0.440	-0.1757352
2420	A	-0.245	-0.1802533
2421	A	-0.096	-0.1802773
2422	A	-0.340	-0.1773368
2423	T	0.509	-0.1752846
2424	T	0.047	-0.1754275
2425	T	-0.160	-0.1795552
2426	T	-0.450	-0.170236
2427	G	-0.492	-0.1808227
2428	A	-0.378	-0.1823326
2429	A	-0.466	-0.1926131
2430	A	-0.119	-0.1973112
2431	C	-0.107	-0.2142682
2432	A	0.190	-0.2347243
2433	C	0.156	-0.2404265
2434	T	-0.137	-0.2379586
2435	A	-0.405	-0.2615954
2436	A	-0.445	-0.2691336
2437	T	-0.448	-0.2702843
2438	A	-0.478	-0.2702201
2439	A	-0.424	-0.2755753
2440	A	-0.452	-0.2797316
2441	A	-0.333	-0.273289
2442	T	-0.397	-0.2919652
2443	A	-0.399	-0.2818459
2444	A	-0.338	-0.2693048
2445	T	-0.049	-0.249222
2446	T	-0.335	-0.2255912
2447	A	-0.461	-0.2272548
2448	G	-0.167	-0.2276978
2449	A	-0.495	-0.2341071
2450	A	-0.415	-0.2381621
2451	A	-0.415	-0.2338177
2452	A	-0.468	-0.2291615
2453	T	0.378	-0.2250426
2454	A	-0.420	-0.215886
2455	A	-0.448	-0.1925017
2456	A	-0.312	-0.1677195
2457	A	-0.437	-0.1542408
2458	A	-0.448	-0.1485997
2459	T	-0.254	-0.1501228
2460	T	-0.095	-0.146804
2461	T	-0.200	-0.1415715
2462	T	0.431	-0.1394361
2463	G	0.316	-0.1413778
2464	C	0.312	-0.1400625
2465	T	0.405	-0.141769
2466	T	-0.441	-0.136198
2467	T	-0.483	-0.1412397
2468	A	-0.363	-0.1296682
2469	G	-0.261	-0.1226331
2470	G	0.355	-0.1219483
2471	T	0.333	-0.119872
2472	G	0.019	-0.143535
2473	C	-0.057	-0.1381372
2474	A	0.443	-0.1368453
2475	C	0.493	-0.1384711
2476	A	0.033	-0.1250529
2477	T	-0.210	-0.1150079
2478	A	-0.510	-0.1173542
2479	A	-0.207	-0.125892
2480	G	-0.199	-0.1317665
2481	A	-0.317	-0.156779
2482	A	-0.412	-0.1667056
2483	T	0	-0.1735145
 2484	T	-0.400	-0.1943535
2485	A	-0.249	-0.1801564
2486	A	-0.359	-0.17905
2487	T	-0.056	-0.1772417
2488	T	-0.148	-0.181246
2489	T	-0.389	-0.1854301
2490	T	-0.389	-0.1996993
2491	A	-0.520	-0.1900529
2492	A	-0.215	-0.1771985
2493	A	-0.399	-0.1780811
2494	G	-0.374	-0.1834401
2495	A	0.072	-0.1794235
2496	T	-0.066	-0.1676931
2497	G	-0.343	-0.1522175
2498	A	-0.420	-0.1408684
2499	A	-0.423	-0.1413828
2500	A	-0.518	-0.1367674
2501	A	-0.060	-0.1329587
2502	C	0.053	-0.1419211
2503	T	-0.386	-0.1185694
2504	A	0.097	-0.1219388
2505	G	-0.441	-0.1248451
2506	G	-0.294	-0.1371236
2507	A	-0.414	-0.1391945
2508	A	0.196	-0.1285461
2509	A	-0.209	-0.1210995
2510	C	0.386	-0.1004808
2511	T	0.430	-0.08188033
2512	T	0.409	-0.07907336
2513	G	0.289	-0.06200939
2514	T	0.185	-0.05520358
2515	T	0.235	-0.0526229
2516	T	0.077	-0.05449348
2517	C	0.224	-0.05392677
2518	A	-0.218	-0.04915911
2519	T	-0.142	-0.03940114
2520	T	-0.267	-0.03415421
2521	T	-0.340	-0.04215798
2522	C	0.486	-0.02314488
2523	A	-0.377	-0.01511206
2524	A	-0.469	0.01037194
2525	A	-0.522	0.01337818
2526	G	-0.227	0.01304765
2527	T	0.014	0.01865449
2528	G	-0.106	0.0213886
2529	T	0.262	0.005535913
2530	T	0.491	-0.01141077
2531	G	-0.292	-0.03209943
2532	A	0.274	-0.03467888
2533	T	0.330	-0.04487793
2534	T	0.031	-0.06173774
2535	A	-0.414	-0.05229462
2536	G	-0.398	-0.0445278
2537	T	-0.242	-0.04858557
2538	A	-0.148	-0.05744891
2539	C	0.138	-0.05556475
2540	A	-0.250	-0.05800796
2541	T	0.335	-0.08193412
2542	C	0.402	-0.08592188
2543	C	0.527	-0.08158836
2544	A	-0.180	-0.0635427
2545	A	-0.426	-0.06618912
2546	T	0.409	-0.05562999
2547	G	-0.105	-0.04205326
2548	A	-0.216	-0.0443251
2549	C	-0.213	-0.06845244
2550	A	-0.376	-0.07517718
2551	T	0.191	-0.08168952
2552	T	-0.201	-0.08891054
2553	A	-0.405	-0.09425162
2554	C	0.436	-0.08602168
2555	T	0.519	-0.0824706
2556	G	-0.372	-0.07609378
2557	A	-0.479	-0.07793673
2558	T	-0.195	-0.0903696
2559	A	-0.433	-0.08849052
2560	A	-0.422	-0.104917
2561	A	-0.529	-0.1135465
2562	A	-0.304	-0.1321383
2563	T	0.162	-0.1280094
2564	G	-0.327	-0.1228781
2565	G	0.415	-0.1264324
2566	C	0.409	-0.1210667
2567	T	0.176	-0.1124545
2568	T	-0.425	-0.1026945
2569	A	-0.547	-0.09044328
2570	T	0.026	-0.09548936
2571	C	0.056	-0.08088978
2572	A	-0.171	-0.07106189
2573	G	-0.102	-0.08736799
2574	G	-0.263	-0.0984027
2575	T	0	-0.08689928
 2576	A	-0.218	-0.06508652
2577	A	-0.333	-0.05068396
2578	G	-0.178	-0.03266452
2579	A	-0.288	-0.02491017
2580	T	0.074	-0.01477791
2581	T	-0.179	0.0047088
2582	A	-0.023	0.004232695
2583	A	-0.231	0.02060751
2584	G	0.274	0.007451666
2585	T	0.098	-0.005404305
2586	T	0.110	-0.01155924
2587	T	0.157	-0.001504226
2588	G	0.089	0.01106876
2589	C	0	0.01406657
 2590	A	0.353	0.01678212
2591	C	-0.031	0.03304725
2592	G	-0.183	0.04628622
2593	A	0.100	0.05031475
2594	T	0.064	0.05365825
2595	T	0.349	0.06324104
2596	C	0.351	0.08421509
2597	T	0.251	0.1032046
2598	A	-0.127	0.1148305
2599	G	-0.144	0.100446
2600	C	0.435	0.1173027
2601	A	0.144	0.1301947
2602	A	0.294	0.1354557
2603	T	-0.083	0.1177385
2604	G	-0.079	0.1095176
2605	T	-0.057	0.1006438
2606	A	-0.043	0.08472465
2607	T	-0.070	0.07667097
2608	G	0.140	0.06792605
2609	G	0.159	0.04761936
2610	T	0.446	0.04188199
2611	A	0.400	0.03999197
2612	T	-0.110	0.0454502
2613	T	0.127	0.04499786
2614	G	0.146	0.03168801
2615	G	0.463	0.02042665
2616	T	0.542	0.0039782
2617	A	0.153	0.0002361737
2618	A	-0.471	0.01071962
2619	T	0.461	-0.0089173
2620	T	0.466	-0.01130509
2621	T	-0.031	-0.008949668
2622	T	-0.399	0.002927518
2623	A	-0.213	0.01664578
2624	T	-0.226	0.02421003
2625	T	-0.447	0.03738073
2626	A	-0.216	0.03492124
2627	T	-0.332	0.0249339
2628	T	-0.418	0.02446432
2629	A	-0.249	0.009334771
2630	T	-0.254	-0.01167841
2631	T	0.307	-0.00225165
2632	A	0.047	0.001153034
2633	T	-0.156	0.006606929
2634	T	-0.076	0.003838903
2635	T	-0.373	-0.004665176
2636	T	-0.270	0.003651929
2637	T	0.254	0.02160138
2638	G	-0.310	0.004411639
2639	A	0.054	-0.009896345
2640	G	0.384	-0.0005399316
2641	T	0.367	0.01571283
2642	C	0.441	0.03008496
2643	A	0.230	0.04200294
2644	G	0.457	0.05837781
2645	T	-0.163	0.06939991
2646	G	-0.239	0.08315657
2647	T	0.141	0.08779159
2648	T	-0.128	0.1067863
2649	T	-0.397	0.1207104
2650	C	0.247	0.110652
2651	T	0.256	0.1084378
2652	C	0.353	0.1236353
2653	T	0.357	0.1374068
2654	G	0.219	0.159583
2655	T	0.469	0.1778603
2656	C	0.210	0.1684051
2657	T	-0.191	0.177857
2658	A	-0.077	0.1661036
2659	T	0.323	0.1483467
2660	C	0.218	0.140995
2661	C	0.332	0.1377247
2662	T	0.226	0.1390845
2663	G	0.175	0.1275977
2664	G	0.202	0.1361497
2665	A	0.190	0.143247
2666	A	-0.242	0.1511481
2667	C	0.472	0.1619429
2668	T	0.274	0.1690339
2669	T	-0.074	0.1707607
2670	A	-0.037	0.1762026
2671	C	0.421	0.1705962
2672	T	0.446	0.1647999
2673	C	0.468	0.1503592
2674	T	0.424	0.1269074
2675	G	-0.105	0.1113022
2676	T	0.048	0.1203182
2677	A	-0.392	0.1241954
2678	G	-0.290	0.1236759
2679	A	0.088	0.1246479
2680	C	0.317	0.1034923
2681	C	0.281	0.1005906
2682	A	0.020	0.08823599
2683	G	0.161	0.08128001
2684	G	0.030	0.06654927
2685	C	0.441	0.07982875
2686	T	0.281	0.07766588
2687	G	-0.128	0.06563277
2688	G	0.312	0.07649628
2689	C	0.463	0.08857337
2690	T	0.140	0.08771232
2691	T	0.137	0.08652684
2692	T	-0.329	0.07091656
2693	G	-0.421	0.07098398
2694	A	-0.382	0.08526327
2695	A	0.150	0.09254993
2696	C	0.069	0.1109107
2697	T	0.304	0.128585
2698	G	0.255	0.1314347
2699	A	-0.471	0.1341583
2700	G	0.116	0.138137
2701	A	-0.294	0.1428385
2702	G	-0.062	0.1444729
2703	A	-0.369	0.1539927
2704	C	0.262	0.1418753
2705	C	0.389	0.1277847
2706	T	-0.182	0.1364486
2707	T	0.338	0.1243758
2708	C	0.421	0.1197181
2709	C	0.388	0.1253505
2710	T	0.401	0.1252027
2711	G	-0.124	0.141493
2712	C	0.426	0.1405307
2713	C	0.437	0.1453113
2714	T	0.325	0.1458087
2715	C	0.305	0.1317993
2716	T	0.380	0.1229218
2717	G	0.196	0.1094326
2718	C	0.421	0.1094371
2719	C	0.432	0.0918415
2720	T	0.199	0.1002645
2721	C	0.223	0.106943
2722	C	0.392	0.12837
2723	A	-0.018	0.1245548
2724	T	-0.253	0.121037
2725	G	0.201	0.1220107
2726	G	-0.145	0.1271483
2727	T	0.286	0.1121733
2728	G	0.354	0.092939
2729	C	0.132	0.08022488
2730	T	0.289	0.07999778
2731	A	-0.458	0.06644323
2732	G	-0.200	0.04593347
2733	G	0.169	0.04221462
2734	A	-0.462	0.03751149
2735	T	-0.033	0.0374571
2736	T	-0.257	0.0449107
2737	A	-0.471	0.03521304
2738	A	-0.552	0.0298732
2739	A	0.025	0.03129901
2740	G	0.191	0.03171064
2741	G	0.444	0.01941855
2742	C	0.117	0.03151478
2743	A	0.256	0.04873457
2744	T	-0.145	0.04718178
2745	T	0.533	0.04719481
2746	T	-0.147	0.02933505
2747	A	-0.342	0.01219836
2748	C	-0.081	-0.0008505316
2749	C	-0.132	-0.01471437
2750	A	-0.088	-0.01414674
2751	A	-0.341	0.001407521
2752	C	0.184	0.004613916
2753	A	0.126	0.004486863
2754	C	0.378	-0.004873847
2755	C	0.479	-0.009242584
2756	A	0.052	-0.008567532
2757	G	0.230	-0.002799216
2758	C	0.253	-0.01171287
2759	A	0.239	-0.02488614
2760	G	-0.074	-0.04376027
2761	G	0.441	-0.05677201
2762	C	0.400	-0.06739472
2763	T	0.142	-0.06798364
2764	T	-0.145	-0.08457683
2765	A	-0.392	-0.07799407
2766	G	-0.296	-0.06370994
2767	T	-0.363	-0.07117021
2768	A	-0.237	-0.0662316
2769	A	-0.436	-0.07454542
2770	T	0.390	-0.07630831
2771	T	0.291	-0.09177018
2772	T	-0.467	-0.08563831
2773	T	-0.389	-0.08380689
2774	A	-0.423	-0.1027165
2775	A	-0.445	-0.1051838
2776	T	-0.333	-0.1112382
2777	A	-0.312	-0.1247399
2778	A	-0.308	-0.1241066
2779	T	-0.272	-0.1170022
2780	A	-0.377	-0.1416317
2781	A	-0.147	-0.1586088
2782	A	-0.168	-0.155343
2783	T	-0.097	-0.1622418
2784	G	0.103	-0.1647252
2785	T	0.200	-0.1652989
2786	T	-0.364	-0.1610825
2787	A	0.054	-0.154436
2788	A	-0.404	-0.1418246
2789	G	-0.408	-0.1568243
2790	T	-0.403	-0.1765483
2791	A	0.359	-0.1771582
2792	C	0.448	-0.1781177
2793	A	-0.239	-0.1639107
2794	A	-0.041	-0.1420123
2795	T	0	-0.1223571
 2796	T	-0.259	-
2797	T	0.263	-
2798	T	0.195	-
2799	T	-0.494	-
2800	G	-0.244	-
2801	A	0.266	-
2802	A	-0.407	-
2803	A	-0.486	-
2804	A	-0.318	-
2805	T	-0.203	-
2806	T	0.015	-
2807	C	0.042	-
2808	A	-0.179	-
2809	A	-0.457	-
2810	G	-0.490	-
2811	T	-0.425	-
2812	A	0.116	-
2813	G	0.386	-
2814	C	0.413	-
