1	T	0.349	-
2	T	0.214	-
3	C	0.486	-
4	C	0.397	-
5	A	0	-
 6	C	0.438	-
7	A	-0.027	-
8	C	0.432	-
9	A	-0.432	-
10	A	-0.216	-
11	G	-0.400	-0.05696363
12	A	-0.291	-0.0773075
13	A	-0.438	-0.1111776
14	A	-0.526	-0.1492166
15	A	-0.525	-0.1767845
16	A	0.090	-0.1923297
17	G	-0.076	-0.2168587
18	C	0.060	-0.2017682
19	A	-0.194	-0.2403426
20	A	-0.285	-0.2342563
21	A	-0.251	-0.2421964
22	C	-0.077	-0.2490069
23	A	-0.497	-0.2465807
24	A	-0.312	-0.2035495
25	C	-0.181	-0.1976434
26	A	-0.326	-0.18625
27	A	-0.076	-0.2094075
28	C	0.289	-0.1897048
29	A	-0.378	-0.2029357
30	A	-0.304	-0.189636
31	T	-0.383	-0.1710676
32	A	-0.543	-0.1742634
33	A	-0.240	-0.1967467
34	C	0.464	-0.1867476
35	A	-0.402	-0.1499991
36	A	-0.285	-0.1620631
37	A	-0.395	-0.1661503
38	T	0.336	-0.1406744
39	G	-0.217	-0.1446698
40	C	0.084	-0.105183
41	A	0.103	-0.07814986
42	A	-0.318	-0.0466311
43	T	-0.549	-0.03636948
44	A	-0.287	-0.0443571
45	C	0.459	-0.06243588
46	T	-0.434	-0.04466243
47	A	-0.412	-0.02848222
48	T	0.458	-0.02683265
49	C	0.205	-0.05816784
50	C	0.451	-0.05728303
51	A	0.263	-0.0772308
52	G	0.278	-0.09622637
53	G	-0.327	-0.06623132
54	A	-0.408	-0.03189413
55	G	0.085	0.0004180619
56	C	-0.028	-0.00282051
57	A	0.053	0.03734425
58	A	-0.360	0.07644749
59	G	-0.321	0.07376235
60	A	-0.199	0.06702525
61	G	-0.334	0.03412339
62	A	-0.294	-0.004177371
63	C	0.311	-0.0433699
64	A	0.171	-0.03239336
65	G	0.391	-0.004549362
66	C	0.391	0.01045285
67	C	0.409	0.001204114
68	G	0.408	0.007874148
69	C	0.402	0.02864131
70	G	0.064	0.06775489
71	T	-0.239	0.0679286
72	T	-0.541	0.08311302
73	A	-0.544	0.0947218
74	G	-0.097	0.06286018
75	G	0.176	0.04967432
76	G	0.400	0.02506909
77	T	-0.223	0.02578904
78	A	0.193	0.0242389
79	C	0.075	0.01349632
80	G	0.500	0.01695413
81	T	-0.195	0.0336149
82	T	-0.015	0.06159871
83	A	-0.051	0.1008331
84	A	-0.357	0.1380811
85	T	-0.105	0.156155
86	T	-0.125	0.1626683
87	C	0.406	0.1684732
88	A	0.376	0.1996213
89	G	0.183	0.2135575
90	G	0.475	0.2283691
91	C	0.414	0.2224724
92	T	0.347	0.2494212
93	C	0.282	0.2642406
94	G	0.237	0.2685337
95	G	0.282	0.2999793
96	G	0.313	0.2830317
97	G	0.522	0.2669122
98	G	0.430	0.228036
99	T	0.486	0.2026709
100	C	0.386	0.1994424
101	A	0.376	0.1994118
102	C	0.370	0.1826928
103	C	0.295	0.1741137
104	C	0.039	0.182507
105	A	0.302	0.1924379
106	T	-0.461	0.1819143
107	T	-0.463	0.1471338
108	A	-0.410	0.09978584
109	A	-0.156	0.05675684
110	A	0.115	0.01234598
111	C	0.474	-0.03014626
112	A	0.063	-0.07259273
113	G	0.167	-0.1078713
114	T	0.458	-0.1129543
115	C	0.446	-0.1001207
116	T	0.061	-0.1170416
117	G	-0.417	-0.1013198
118	A	-0.472	-0.09641148
119	T	-0.472	-0.09765939
120	A	-0.446	-0.1021067
121	A	-0.505	-0.1059678
122	A	-0.514	-0.1073335
123	A	-0.370	-0.09078124
124	G	0.189	-0.07852852
125	C	0.308	-0.08424429
126	G	-0.052	-0.103771
127	G	-0.130	-0.08693609
128	A	-0.360	-0.08095494
129	T	-0.436	-0.07203813
130	T	-0.249	-0.06869851
131	T	0.034	-0.05824704
132	C	0.445	-0.03876915
133	T	0.410	-0.007091005
134	C	0.425	0.007181457
135	C	0.338	0.008524505
136	A	0.036	-0.01445207
137	C	0.414	-0.02778979
138	A	-0.291	-0.02045296
139	T	-0.284	-0.01152877
140	A	-0.402	0.01405319
141	A	-0.226	0.03119952
142	A	-0.096	0.05009013
143	C	0.150	0.04921156
144	A	-0.070	0.05025337
145	T	0.217	0.04921485
146	G	-0.173	0.05272932
147	A	-0.332	0.07073713
148	G	0.023	0.05821456
149	A	-0.173	0.08448256
150	C	0.101	0.07937485
151	G	0.110	0.1099582
152	C	0.431	0.1123746
153	G	0.427	0.1012843
154	C	0.432	0.1022576
155	T	0.403	0.13067
156	C	0.412	0.1179361
157	C	0.414	0.1353023
158	C	0.151	0.1564559
159	A	0.260	0.1327071
160	C	-0.392	0.1180955
161	T	0.239	0.09322326
162	G	-0.175	0.06269812
163	G	-0.329	0.02106136
164	A	0.170	-0.004836214
165	T	0.526	-0.04685198
166	C	-0.050	-0.07912731
167	A	0.190	-0.08029212
168	C	0.111	-0.07970774
169	A	-0.475	-0.06610988
170	A	-0.480	-0.05655655
171	A	-0.421	-0.01306121
172	A	-0.530	-0.01536702
173	A	-0.443	0.01408526
174	C	-0.116	0.03030046
175	A	-0.449	0.004326029
176	A	-0.274	-0.0004393524
177	T	0.388	0.01691148
178	C	0.426	0.0001135286
179	T	0.437	-0.005202281
180	C	0.460	0.03882996
181	T	0.521	0.0730892
182	G	0.191	0.07983434
183	T	0.442	0.1251249
184	C	0.010	0.1271699
185	A	-0.374	0.1270923
186	A	0.425	0.1303839
187	G	0.314	0.1503929
188	A	-0.162	0.1395693
189	C	0	0.1197454
 190	A	0.449	0.1176059
191	T	0.239	0.09916587
192	T	-0.279	0.05724792
193	C	0.420	0.02387216
194	A	-0.400	0.02693478
195	G	-0.118	0.02902229
196	A	-0.380	0.06324277
197	G	0.145	0.04464109
198	C	0.160	0.02857693
199	A	0.010	0.0274144
200	C	0.392	0.05237983
201	T	0.073	0.01749402
202	T	-0.358	-0.01622926
203	A	-0.509	-0.0258746
204	C	0.506	-0.0705605
205	G	0.054	-0.0766446
206	T	0.343	-0.09141269
207	T	0.035	-0.09417964
208	G	-0.023	-0.115166
209	T	-0.186	-0.1099985
210	T	0.524	-0.09004023
211	T	-0.283	-0.08623385
212	T	-0.468	-0.07018189
213	A	-0.482	-0.04218965
214	A	-0.517	-0.009139605
215	A	-0.528	-0.01550056
216	A	-0.428	-0.01110246
217	A	-0.438	-0.02398139
218	A	-0.295	-0.02800694
219	T	0.269	-0.005887786
220	C	0.429	0.01511774
221	C	0.472	0.0049855
222	C	0.410	0.0004006905
223	T	0.228	0.003047452
224	C	0.184	0.01507788
225	G	0.373	0.03174531
226	G	0.146	0.07787336
227	A	0.073	0.1205883
228	A	-0.049	0.1492383
229	G	0.441	0.1693828
230	G	0.254	0.1774142
231	T	0.311	0.1755985
232	T	-0.379	0.1605545
233	T	-0.413	0.1241636
234	A	-0.229	0.1017782
235	G	-0.167	0.07128598
236	C	0.440	0.04351636
237	T	0.468	0.04349826
238	G	0.162	0.05768719
239	T	0.127	0.08107314
240	C	0.438	0.06943838
241	C	0.391	0.05386509
242	T	0.156	0.03378347
243	T	-0.353	0.05342318
244	T	-0.241	0.06582775
245	T	-0.455	0.08244089
246	A	-0.209	0.09572413
247	T	0.146	0.08475399
248	C	0.371	0.0569167
249	C	0.441	0.05188936
250	C	0.197	0.02511883
251	G	-0.072	-0.002740595
252	A	-0.110	-0.009390119
253	C	0.032	0.007744452
254	A	-0.152	0.04107479
255	A	0.119	0.06864769
256	C	0.111	0.07542526
257	C	0.210	0.07110788
258	G	-0.115	0.05446055
259	A	0.057	0.02053712
260	A	-0.434	-0.02585431
261	A	-0.146	-0.05019579
262	C	0.251	-0.02670964
263	T	0.516	-0.01561859
264	T	0.346	-0.02373877
265	T	0.337	-0.0106261
266	T	-0.313	-0.03361282
267	G	-0.300	-0.06172015
268	G	-0.203	-0.06351782
269	A	-0.340	-0.03926796
270	A	-0.532	-0.0372476
271	A	-0.314	-0.02123389
272	C	0.420	-0.02760756
273	C	0.122	-0.0550946
274	G	-0.137	-0.0950127
275	G	0.122	-0.1203822
276	A	-0.363	-0.1297023
277	G	-0.479	-0.1272345
278	A	0.172	-0.1277943
279	G	0.393	-0.09790699
280	C	0.099	-0.0644987
281	G	-0.097	-0.02275022
282	A	-0.280	0.003851395
283	A	-0.325	-0.0223686
284	G	-0.322	-0.05312822
285	A	-0.186	-0.06079446
286	T	0.142	-0.08043132
287	C	-0.261	-0.06406805
288	A	-0.312	-0.06250467
289	C	0.424	-0.07653043
290	C	0.360	-0.0847051
291	G	0.344	-0.08439293
292	C	0.244	-0.06448788
293	G	-0.129	-0.03840154
294	A	-0.523	-0.004023733
295	A	-0.298	0.02163203
296	G	-0.289	0.04751431
297	C	-0.019	0.03541712
298	A	-0.446	0.04094189
299	A	-0.122	0.04641717
300	G	0.221	0.01325841
301	C	0.106	-0.0231325
302	G	0.320	-0.06206192
303	C	0.266	-0.08243121
304	C	0.396	-0.05950988
305	T	0.216	-0.0565014
306	C	0.357	-0.0491424
307	G	-0.111	-0.0111873
308	A	-0.145	-0.002325476
309	G	-0.197	0.02869248
310	G	-0.271	0.05067952
311	A	-0.403	0.02574176
312	A	-0.473	0.02318415
313	A	-0.183	0.003191171
314	C	0.351	-0.002190448
315	A	-0.460	-0.01216792
316	A	-0.144	-0.02050533
317	C	0.507	-0.01861919
318	G	0.166	0.004409957
319	T	0.205	0.02389372
320	G	0.339	0.04456505
321	A	-0.302	0.07751829
322	G	0.052	0.09673524
323	A	-0.099	0.1132177
324	C	0.153	0.1292784
325	G	0.187	0.1335121
326	G	0.041	0.1548344
327	T	0.396	0.1568198
328	C	0.371	0.1094447
329	G	0.263	0.08976382
330	C	0.236	0.0590973
331	C	0.420	0.04292235
332	G	0	0.07269049
 333	C	-0.126	0.07509434
334	G	0.154	0.05683337
335	C	0.440	0.0371337
336	G	-0.012	0.02473943
337	T	-0.102	0.03367141
338	G	-0.487	0.02096208
339	A	-0.246	0.01535308
340	G	-0.438	0.02251412
341	A	0	0.03204536
 342	C	0.323	0.03416546
343	A	0.103	0.0369636
344	G	-0.483	0.04300931
345	A	-0.259	0.04902169
346	G	-0.073	0.0474615
347	T	0.229	0.04692777
348	T	0.129	0.07100549
349	C	0.253	0.1025747
350	C	0.413	0.1091351
351	C	0.436	0.1521918
352	G	0.464	0.1624576
353	G	0.058	0.1621325
354	G	0	0.1387397
 355	T	0.280	0.1750234
356	C	0.407	0.1972709
357	G	-0.023	0.1910808
358	T	0.402	0.1779742
359	G	0.175	0.1643264
360	T	-0.109	0.1472134
361	C	0.465	0.1229038
362	G	0.215	0.10644
363	T	0.316	0.1023088
364	G	-0.388	0.1000446
365	T	0.278	0.1155924
366	G	0.207	0.08988119
367	T	-0.203	0.07046738
368	T	-0.046	0.07854134
369	G	-0.156	0.06421696
370	A	-0.105	0.070658
371	G	-0.096	0.05382077
372	A	0.091	0.03657453
373	G	0.378	0.002984005
374	T	0.011	0.005605433
375	T	0.326	0.02215405
376	G	-0.259	0.02955324
377	T	0	0.03314186
 378	A	0.146	0.03472343
379	T	0.102	0.01982411
380	C	0.310	0.004734638
381	A	-0.462	-0.003019029
382	G	0.103	0.01262883
383	T	-0.489	0.01532937
384	T	0.371	0.01613603
385	G	-0.040	0.01560204
386	C	0.434	-0.02045577
387	A	0.282	-0.01633167
388	T	-0.169	-0.035592
389	G	-0.359	-0.06118158
390	A	-0.473	-0.06483672
391	A	-0.268	-0.07500974
392	C	0.231	-0.05738428
393	C	0.147	-0.08328047
394	G	0.395	-0.0705179
395	A	0	-0.09041953
 396	T	-0.430	-0.0719482
397	G	-0.173	-0.07243591
398	A	-0.404	-0.07965605
399	G	-0.391	-0.05397305
400	A	0.025	-0.02269605
401	A	0.097	0.02430842
402	C	-0.092	0.05747238
403	G	-0.440	0.06341461
404	A	-0.221	0.06955695
405	G	-0.046	0.05454889
406	T	0.347	0.04807531
407	C	0.423	0.06794182
408	A	0.131	0.07227599
409	G	0.369	0.1097184
410	C	0.297	0.1432691
411	G	0.513	0.1322139
412	C	0.428	0.1095395
413	T	0.356	0.1070689
414	C	0.276	0.1078428
415	A	0.079	0.1113796
416	G	-0.135	0.1164827
417	T	-0.013	0.08838508
418	G	-0.081	0.05106703
419	G	0.381	0.03578036
420	C	0.313	0.006743838
421	A	-0.206	0.01386279
422	A	-0.379	-0.02553792
423	A	-0.144	-0.05997135
424	G	-0.424	-0.1015129
425	T	-0.147	-0.1270411
426	A	0.060	-0.1208444
427	G	-0.242	-0.09342743
428	A	-0.359	-0.08243994
429	G	-0.189	-0.0714451
430	A	-0.240	-0.08962715
431	C	0.447	-0.1045423
432	G	-0.314	-0.08626015
433	A	-0.294	-0.07297625
434	T	-0.515	-0.06609268
435	A	-0.259	-0.04322629
436	G	0.209	-0.05105153
437	G	0.439	-0.06105761
438	C	0.217	-0.03314371
439	A	0.148	-0.005033424
440	G	0	-0.01215547
 441	A	0	-0.0007078524
 442	G	0.177	-0.0262254
443	A	-0.100	-0.03440088
444	T	0	-0.0038164
 445	T	0.055	0.04018322
446	T	-0.311	0.05999022
447	G	-0.149	0.03891322
448	C	0.343	-0.005210781
449	T	0.230	-0.03571297
450	C	-0.339	-0.05735788
451	A	0	-0.06248645
 452	G	-0.088	-0.04200754
453	A	-0.485	-0.0535519
454	G	0.347	-0.03002128
455	G	0.408	-0.00756361
456	T	0.156	-0.03151628
457	A	-0.232	-0.006944567
458	G	-0.486	0.01385239
459	A	-0.423	0.002355767
460	A	-0.305	-0.02012985
461	A	-0.107	-0.01643309
462	C	0.430	-0.0094129
463	A	-0.065	-0.01571411
464	G	0.393	0.02671941
465	T	0.471	-0.0006442095
466	G	-0.447	-0.01121316
467	T	0.204	-0.01437697
468	T	0.287	-0.0187613
469	G	0.102	-0.0001674524
470	G	-0.241	0.01727132
471	A	-0.261	0.04294451
472	G	0.147	0.0666979
473	G	-0.220	0.06356385
474	T	0.405	0.08306087
475	G	-0.227	0.07953591
476	C	0.186	0.07813253
477	A	0.090	0.1161545
478	G	-0.324	0.1270899
479	T	-0.096	0.1287455
480	G	-0.057	0.1143065
481	C	0.233	0.1235195
482	T	0.391	0.1463277
483	G	0.364	0.1551314
484	C	0.344	0.1860621
485	C	0.319	0.1861682
486	G	0.442	0.2110552
487	C	0.351	0.2084312
488	T	0.433	0.1977177
489	C	0.321	0.232589
490	A	-0.201	0.2407306
491	G	-0.048	0.2520755
492	C	0.217	0.2623425
493	G	0.332	0.2621388
494	C	0.428	0.2696394
495	C	0.407	0.2566726
496	A	0.295	0.2425441
497	G	0.131	0.2108943
498	G	-0.134	0.1795032
499	T	0.407	0.1534402
500	T	0.074	0.1299293
501	C	0.181	0.1510787
502	G	0.449	0.1663393
503	C	0.386	0.1567199
504	T	0.521	0.1482126
505	C	0.071	0.1505952
506	A	0.023	0.1497798
507	T	-0.222	0.1266407
508	T	-0.308	0.1171619
509	G	-0.113	0.1475649
510	A	-0.171	0.1190316
511	C	0.242	0.08994659
512	T	0.272	0.07867343
513	G	0.015	0.07849915
514	A	0.153	0.07607415
515	C	0.478	0.07205534
516	A	0.390	0.08657515
517	T	-0.190	0.0944646
518	T	-0.067	0.1243198
519	C	0.503	0.1537719
520	A	-0.191	0.1611918
521	T	-0.536	0.1890772
522	T	-0.055	0.1915908
523	C	0.445	0.1975299
524	T	0.335	0.2013892
525	C	0.437	0.2146979
526	T	0.376	0.21295
527	C	0.188	0.2052861
528	C	0.404	0.2356524
529	T	0.310	0.2515244
530	C	0.042	0.2351711
531	C	0.413	0.2394086
532	T	0.295	0.2738837
533	C	0.396	0.2681854
534	G	0.096	0.2371907
535	C	0.433	0.2226494
536	G	0.441	0.2145747
537	C	0.229	0.2151107
538	G	0.447	0.2273659
539	C	0.265	0.2255946
540	T	0.160	0.2166357
541	G	-0.102	0.2291325
542	A	0.187	0.2195537
543	G	-0.175	0.2171718
544	G	-0.205	0.2133738
545	A	0.030	0.2251662
546	C	0.267	0.2221712
547	C	0.388	0.2095106
548	C	0.446	0.217638
549	T	0.367	0.1963493
550	G	0.122	0.1616689
551	A	0.304	0.1644119
552	C	0.212	0.1853917
553	C	0.245	0.1911539
554	C	0.317	0.2203511
555	C	0.343	0.2424409
556	C	0.370	0.2578955
557	C	0.176	0.259007
558	T	0.400	0.258686
559	T	0	0.2197235
 560	C	-0.462	0.2147502
561	T	0.218	0.2135111
562	C	0.337	0.214641
563	C	0.308	0.1928805
564	G	0.437	0.1805344
565	C	0.258	0.1796095
566	G	0.355	0.1835988
567	C	0.291	0.1914244
568	T	0.381	0.1707693
569	C	-0.371	0.1394402
570	C	0.262	0.1451331
571	C	0.096	0.1880496
572	G	0.328	0.1812072
573	T	-0.244	0.1842705
574	G	-0.013	0.1794743
575	G	0.297	0.1448994
576	G	0.427	0.1282221
577	G	0.534	0.1248628
578	G	-0.257	0.1200935
579	A	-0.257	0.1243717
580	T	0.119	0.1489926
581	C	0.438	0.1490183
582	T	0.074	0.1414363
583	C	0.402	0.1100321
584	A	0.208	0.1124402
585	T	-0.288	0.09113515
586	G	-0.091	0.05927158
587	G	0.284	0.02318324
588	G	0.190	0.002338767
589	C	0.471	0.02129305
590	T	0.145	0.02186734
591	G	0.263	0.03634453
592	T	-0.062	0.02487615
593	T	-0.331	0.03199444
594	T	-0.193	0.01604307
595	T	-0.460	0.01194264
596	G	-0.371	0.006573357
597	T	-0.330	-0.008179057
598	G	0.096	-0.01723054
599	A	0.140	-0.04069206
600	G	-0.245	-0.08619259
601	C	0.423	-0.1149268
602	A	0.197	-0.1425139
603	C	0.223	-0.1353027
604	G	0.067	-0.1145385
605	G	0.122	-0.1003946
606	A	-0.400	-0.05802778
607	A	-0.401	-0.04034464
608	T	0.094	-0.0149105
609	G	-0.301	-0.0007433524
610	A	-0.484	0.01094798
611	A	-0.458	0.03680927
612	T	-0.315	0.03871027
613	T	0.088	0.02798217
614	A	0.105	0.03702174
615	T	0.103	0.05545754
616	C	0.428	0.06642816
617	G	0	0.09666564
 618	T	0.203	0.1361835
619	C	0.394	0.1299797
620	T	0.385	0.1450659
621	C	0.297	0.168918
622	T	0.463	0.1674425
623	C	-0.027	0.1596746
624	T	0.413	0.1329092
625	T	0.454	0.1030218
626	C	0.352	0.08449451
627	A	0.234	0.0617874
628	C	0.428	0.0426585
629	C	-0.035	0.0254435
630	A	0.015	0.02243821
631	T	0.016	0.009390352
632	T	-0.489	-0.001082195
633	T	-0.479	-0.0271052
634	A	-0.473	-0.02063981
635	G	-0.522	-0.02826886
636	A	-0.285	-0.06510234
637	A	-0.048	-0.1071968
638	G	-0.401	-0.1198428
639	A	-0.157	-0.1617933
640	C	0.331	-0.1773775
641	C	0.111	-0.1919331
642	A	0.077	-0.1999699
643	G	-0.082	-0.1928079
644	G	0.108	-0.1726664
645	G	0.253	-0.1373725
646	A	-0.319	-0.09104148
647	A	-0.531	-0.0687459
648	A	-0.031	-0.05331156
649	T	-0.452	-0.02554899
650	G	-0.363	-0.02109552
651	A	-0.290	-0.01870552
652	A	-0.152	-0.03965581
653	G	-0.338	-0.06332998
654	T	-0.056	-0.08489369
655	C	0.267	-0.1039729
656	C	0.450	-0.1209189
657	G	0.182	-0.1218789
658	C	0.276	-0.1187081
659	A	0.181	-0.1411927
660	G	-0.064	-0.137524
661	C	0.381	-0.1278948
662	A	-0.328	-0.1263721
663	A	-0.419	-0.1009989
664	A	-0.535	-0.0883735
665	A	-0.292	-0.07096139
666	C	-0.102	-0.06746548
667	A	-0.339	-0.06565058
668	A	-0.464	-0.0829111
669	A	-0.503	-0.08818205
670	A	-0.375	-0.08009186
671	G	-0.160	-0.09087266
672	A	-0.258	-0.1228569
673	T	0.380	-0.1173258
674	G	-0.073	-0.08621823
675	T	0.309	-0.0658689
676	T	0.341	-0.03975556
677	T	0.488	-0.02421823
678	C	-0.180	0.01124182
679	A	0.165	0.04475815
680	A	0.351	0.05742387
681	C	-0.290	0.06100063
682	A	-0.290	0.07678087
683	A	-0.211	0.1097322
684	T	0.233	0.1041422
685	G	-0.108	0.126607
686	C	0.255	0.1167977
687	G	0.223	0.1217063
688	C	0.405	0.1082813
689	G	0.238	0.0941391
690	A	-0.237	0.06697833
691	G	-0.300	0.02974276
692	G	0.170	0.03276467
693	T	0.433	0.03945238
694	C	0.263	0.036697
695	T	0.397	0.03064586
696	G	0.103	0.0405079
697	C	0.444	0.04229919
698	A	0.206	0.04395105
699	G	-0.477	0.03339062
700	A	-0.405	0.03689986
701	A	-0.430	0.06975424
702	A	-0.226	0.07721643
703	T	-0.149	0.06834332
704	A	-0.269	0.0283389
705	G	0.106	0.0258738
706	G	0.098	0.03010099
707	T	0.293	0.0489898
708	C	0.258	0.02435483
709	T	0.183	0.02426164
710	C	0.312	0.04167564
711	A	0.452	0.08250273
712	T	-0.143	0.1227325
713	T	-0.015	0.1096155
714	T	-0.406	0.1042375
715	G	0.211	0.1386135
716	T	0.486	0.1390476
717	C	0.500	0.1421557
718	A	-0.073	0.1179177
719	T	0.204	0.1223665
720	T	-0.111	0.1356909
721	C	0.452	0.1376858
722	T	0.414	0.1338424
723	T	-0.502	0.1536418
724	G	-0.262	0.1526663
725	C	0.452	0.1662683
726	C	0.115	0.1547857
727	A	0.163	0.1158236
728	T	-0.215	0.08167823
729	G	0.351	0.0943713
730	T	0.463	0.09657782
731	C	0.354	0.1228551
732	T	0.371	0.1094634
733	A	0.271	0.09518891
734	T	-0.036	0.09659315
735	G	-0.121	0.08605644
736	T	-0.029	0.04071582
737	G	-0.331	0.02434044
738	A	-0.216	0.0104061
739	A	0.193	0.03012201
740	C	0.250	0.02507444
741	G	0.440	-0.01105451
742	C	0.171	-0.04432409
743	A	0.114	-0.08074894
744	G	-0.472	-0.1170491
745	A	-0.484	-0.1385393
746	A	-0.500	-0.1536817
747	G	-0.228	-0.1736923
748	A	-0.128	-0.1772165
749	G	0.198	-0.1718991
750	G	0.245	-0.1663308
751	A	-0.295	-0.1683745
752	G	-0.344	-0.1690252
753	T	-0.393	-0.1674633
754	A	-0.490	-0.1737983
755	A	-0.487	-0.133419
756	A	-0.439	-0.09454478
757	A	-0.449	-0.06353368
758	A	-0.405	-0.03250311
759	T	-0.105	-0.01301444
760	C	0.310	-0.03647563
761	A	0.207	-0.06738344
762	T	0.426	-0.07664125
763	C	0.203	-0.08241501
764	G	-0.018	-0.05629054
765	C	0.375	-0.01510868
766	C	0.332	-0.002853062
767	G	0.151	0.03368865
768	C	0.423	0.06720227
769	T	0.280	0.08418226
770	G	-0.294	0.0695455
771	G	-0.403	0.05135926
772	A	-0.489	0.01973021
773	A	-0.465	-0.02045617
774	A	0.155	-0.05458946
775	G	0.374	-0.07309254
776	G	-0.230	-0.07004678
777	G	0.328	-0.09087068
778	A	0.253	-0.08258959
779	A	-0.048	-0.08292216
780	G	-0.412	-0.1010172
781	T	-0.071	-0.0770896
782	T	-0.456	-0.0561748
783	A	-0.417	-0.0135507
784	A	-0.512	0.0005841095
785	A	-0.407	0.01005411
786	C	0.438	0.001336776
787	A	-0.104	0.03715925
788	T	0.325	0.01186897
789	C	0.416	-0.01262775
790	A	-0.099	-0.01588431
791	C	0.208	-0.0005823286
792	A	0.036	-0.005178562
793	C	0.405	0.01568797
794	G	-0.168	0.03397192
795	T	0.354	0.0791654
796	T	0.191	0.07834878
797	C	0.522	0.05577996
798	A	-0.202	0.0554051
799	T	-0.260	0.048689
800	T	-0.117	0.04943758
801	T	-0.091	0.05909288
802	A	-0.168	0.02980716
803	C	-0.018	0.03509879
804	G	-0.033	0.001725167
805	T	0.436	0.02503531
806	T	-0.424	-0.00687331
807	G	-0.034	-0.006651643
808	A	-0.112	-0.02316183
809	G	0.184	0.007716786
810	T	0.432	0.01529469
811	G	0.103	0.04512083
812	A	-0.406	0.05303391
813	T	0.147	0.08251649
814	T	-0.295	0.08232221
815	T	0.320	0.08390217
816	T	-0.316	0.0501645
817	G	0.196	0.0718653
818	A	0.175	0.06342188
819	C	0.445	0.08417078
820	T	-0.101	0.09513207
821	T	0.509	0.08919521
822	C	0.074	0.1052769
823	T	0.450	0.1476546
824	C	-0.022	0.1443093
825	A	0	0.1391329
 826	G	-0.272	0.1055723
827	A	0.031	0.09490011
828	T	-0.212	0.07510635
829	G	0.322	0.06483268
830	T	0.414	0.05753354
831	C	0.307	0.07996578
832	C	0.441	0.0492014
833	C	0.483	0.02929314
834	T	0.077	0.006282338
835	T	-0.404	0.02572798
836	T	-0.383	0.02982668
837	A	-0.540	0.05687663
838	A	-0.219	0.07216641
839	T	-0.040	0.09300222
840	G	0.292	0.06266208
841	C	0.369	0.05932041
842	A	-0.136	0.03189375
843	G	-0.343	-0.01102501
844	A	-0.032	-0.05395297
845	G	0.386	-0.07684177
846	C	0.086	-0.06646644
847	G	0.295	-0.06120044
848	C	0.352	-0.05060906
849	A	0.225	-0.05251672
850	G	-0.314	-0.06600291
851	T	0.344	-0.07041472
852	G	-0.268	-0.0903831
853	A	-0.460	-0.09321849
854	T	-0.418	-0.09232763
855	A	-0.403	-0.07692411
856	A	-0.186	-0.07700744
857	T	-0.273	-0.07081319
858	T	-0.317	-0.06396862
859	G	-0.259	-0.06559624
860	A	-0.323	-0.0901169
861	G	0.199	-0.08385
862	G	-0.049	-0.08693867
863	G	-0.196	-0.1006529
864	A	-0.324	-0.09882143
865	C	0.291	-0.07444261
866	C	0.384	-0.03478433
867	C	0.216	-0.005959757
868	G	0.439	0.01661148
869	T	0.318	0.03426843
870	G	-0.289	0.0386669
871	T	-0.182	0.034786
872	T	0.279	0.04234857
873	G	-0.556	0.06225005
874	A	-0.421	0.07777643
875	G	0.093	0.1119375
876	G	0.429	0.1184559
877	C	0.419	0.1141029
878	A	0.200	0.124044
879	G	0.053	0.1217182
880	G	-0.167	0.09526124
881	A	-0.405	0.09325595
882	C	0.358	0.07912133
883	G	0.368	0.04514429
884	G	0.129	0.05229386
885	T	0.392	0.06687662
886	C	0.428	0.04604157
887	G	0.293	0.04772323
888	C	0.424	0.01552428
889	T	0.390	-0.001521243
890	G	-0.237	-0.0229961
891	T	-0.331	-0.03992814
892	A	-0.479	-0.03197005
893	A	-0.434	-0.03827848
894	T	-0.406	-0.04200805
895	A	-0.115	-0.027263
896	A	-0.343	-0.0399731
897	C	0.464	-0.03585333
898	A	-0.257	-0.0448909
899	G	-0.157	-0.06383669
900	A	-0.397	-0.08587761
901	G	-0.522	-0.07986271
902	A	-0.238	-0.07932495
903	C	0.226	-0.07678971
904	A	0.289	-0.06487595
905	T	0.439	-0.06549542
906	C	0.126	-0.04031738
907	T	0.514	-0.02907409
908	T	0.103	-0.03765852
909	T	0.027	-0.03844671
910	T	-0.072	-0.02481685
911	C	-0.111	0.00354029
912	A	-0.320	0.04842434
913	A	-0.426	0.05763941
914	C	-0.184	0.0423354
915	A	-0.419	0.03989306
916	C	0.413	0.02672835
917	A	-0.107	0.03033949
918	G	0.284	0.02294997
919	C	-0.273	0.02600678
920	A	0.128	0.005030562
921	G	0.197	-0.002219038
922	T	0.419	0.008211581
923	C	-0.044	0.01343482
924	A	-0.095	0.01824891
925	G	0.238	0.01782791
926	G	0.162	0.02099553
927	T	0.201	-0.001219914
928	C	0.359	-0.006750581
929	T	0.167	-0.006315057
930	T	-0.413	0.01330375
931	A	-0.224	0.03202747
932	A	0.107	0.01043094
933	T	-0.210	-0.007771776
934	T	-0.325	-0.02963238
935	A	-0.192	-0.04110126
936	T	-0.352	-0.07398098
937	T	-0.053	-0.08535459
938	A	-0.223	-0.0824523
939	C	0.293	-0.09267397
940	C	0.138	-0.09439235
941	T	0.522	-0.07890569
942	T	-0.255	-0.05671198
943	T	0.037	-0.06396793
944	A	-0.503	-0.04000045
945	C	-0.336	-0.03721407
946	A	-0.451	-0.0169836
947	A	-0.076	0.0178425
948	C	0.262	0.02528619
949	A	0.144	0.01223395
950	G	0.131	-0.01417077
951	C	-0.088	-0.03711191
952	G	0.241	-0.08153029
953	A	-0.044	-0.09499453
954	T	0.292	-0.1042113
955	C	-0.266	-0.06279981
956	G	0.231	-0.03590033
957	C	0.378	-0.005918571
958	A	0.102	-0.00103531
959	G	-0.497	-0.005000833
960	T	-0.261	-0.006312405
961	G	-0.343	0.00924131
962	A	-0.410	0.02625698
963	A	-0.538	0.009772505
964	A	-0.156	0.0163022
965	C	0.366	0.008290729
966	G	0.228	0.0239122
967	G	0.177	-0.008323033
968	G	0.026	-0.007502748
969	T	0.179	0.004656681
970	A	0.117	0.03183518
971	C	0.458	0.04657007
972	C	0.269	0.03931183
973	A	-0.104	0.04325088
974	G	0.092	0.04929445
975	A	0.124	0.06611236
976	G	0.061	0.05553217
977	G	-0.445	0.0460668
978	A	0.395	0.03760275
979	C	0.358	0.02406182
980	C	0.072	0.009690867
981	T	0.048	0.001058095
982	A	-0.495	-0.04014924
983	T	-0.327	-0.06556152
984	A	-0.411	-0.06506976
985	G	0.197	-0.04783217
986	C	0.143	-0.03633884
987	G	0.029	-0.01716822
988	A	0	0.01344921
 989	G	-0.257	-0.01019536
990	A	-0.122	-0.04150803
991	G	-0.064	-0.05705862
992	A	-0.407	-0.07832213
993	T	-0.264	-0.07433209
994	G	-0.094	-0.08125728
995	T	0.454	-0.07087113
996	C	0.365	-0.07965451
997	C	0.464	-0.07694703
998	C	0.197	-0.06686314
999	A	-0.100	-0.05715629
1000	T	-0.299	-0.0336721
1001	A	-0.253	-0.007407286
1002	C	-0.398	0.01352558
1003	A	-0.412	0.0526832
1004	A	-0.473	0.06847352
1005	T	-0.193	0.07929518
1006	G	0.012	0.07179061
1007	G	0.200	0.0567478
1008	A	0.241	0.05639408
1009	G	0.203	0.06337537
1010	G	0.235	0.05730937
1011	C	0.429	0.05594408
1012	T	0.375	0.07978865
1013	C	0.414	0.1166853
1014	A	0.067	0.1470464
1015	G	0.132	0.1904581
1016	C	0.297	0.2225705
1017	A	0.049	0.2426956
1018	C	0.456	0.2405666
1019	A	0.344	0.224152
1020	G	-0.228	0.1936988
1021	A	-0.327	0.1667781
1022	T	0.246	0.1554501
1023	T	0.376	0.131588
1024	C	0.225	0.1163514
1025	C	0.438	0.1015069
1026	T	0.480	0.08561187
1027	C	0.435	0.0720542
1028	A	0.156	0.08369825
1029	T	-0.102	0.08274892
1030	T	-0.435	0.08754225
1031	A	-0.330	0.1025117
1032	G	0.191	0.1213628
1033	C	-0.125	0.132155
1034	A	0.095	0.1358184
1035	T	-0.244	0.1371582
1036	A	-0.200	0.1257154
1037	T	0.012	0.08821
1038	G	0.294	0.05911695
1039	T	0.436	0.06258685
1040	C	0.445	0.09090642
1041	A	0.086	0.1328003
1042	G	0.067	0.1561442
1043	C	0.473	0.1464657
1044	C	0.453	0.1348201
1045	A	0.253	0.1332567
1046	T	0.198	0.1326544
1047	G	-0.306	0.1553962
1048	T	-0.175	0.1542761
1049	G	0.228	0.1600521
1050	C	0.491	0.1621885
1051	T	0.444	0.1440282
1052	T	0.160	0.1463685
1053	C	-0.011	0.1192352
1054	A	-0.370	0.1069358
1055	G	0.062	0.09381236
1056	A	-0.257	0.06745027
1057	T	0.276	0.0513847
1058	G	-0.011	0.06164244
1059	G	0.415	0.05728001
1060	C	0.481	0.06475173
1061	T	0.063	0.0339662
1062	A	0.135	0.03328011
1063	T	-0.501	0.04905535
1064	T	0.215	0.07147294
1065	C	0.177	0.08909851
1066	A	-0.299	0.1047994
1067	T	-0.139	0.1297857
1068	T	-0.091	0.1039671
1069	T	-0.267	0.08435142
1070	C	0.385	0.05430885
1071	T	-0.154	0.03374545
1072	G	0.429	0.04778721
1073	T	0.491	0.05837483
1074	C	0.458	0.09471797
1075	A	0	0.07056454
 1076	C	0.391	0.05087207
1077	T	0.267	0.0568725
1078	T	-0.265	0.05596597
1079	A	-0.423	0.04347065
1080	G	-0.215	0.03635408
1081	C	0.049	5.117619e-05
1082	A	0.358	-0.01531478
1083	C	0.357	-0.01559482
1084	T	0.261	-0.0230413
1085	T	-0.291	-0.02221844
1086	G	-0.235	-0.0176911
1087	G	-0.173	-0.03085787
1088	A	-0.158	-0.03197806
1089	A	-0.353	-0.007161819
1090	G	-0.416	0.01077842
1091	T	-0.376	0.005337657
1092	G	-0.477	-0.01342714
1093	C	0.423	-0.03783609
1094	T	0.335	-0.07724195
1095	C	0.476	-0.07501676
1096	A	0.095	-0.03974128
1097	T	0.115	-0.01547
1098	G	0.243	-0.003577481
1099	C	0.255	-0.00829229
1100	T	-0.046	0.01698866
1101	A	-0.329	0.02214833
1102	A	-0.344	0.02604528
1103	G	-0.153	0.03292385
1104	A	-0.469	-0.004281338
1105	G	0.308	-0.03846967
1106	C	0.448	-0.07947358
1107	T	0.274	-0.1080274
1108	G	0.075	-0.1049963
1109	G	-0.257	-0.09854377
1110	T	0.177	-0.1124588
1111	A	-0.308	-0.09117275
1112	A	-0.294	-0.05348128
1113	A	-0.333	-0.04336009
1114	T	-0.357	-0.04914628
1115	T	-0.382	-0.04961161
1116	A	-0.384	-0.07114809
1117	A	-0.504	-0.08157542
1118	A	0.179	-0.07778966
1119	T	0.379	-0.05983179
1120	G	-0.036	-0.02955174
1121	C	0.400	-0.01848922
1122	T	0.461	0.006614733
1123	G	-0.131	0.04011521
1124	T	-0.275	0.06536897
1125	A	-0.479	0.08015021
1126	T	-0.144	0.0834553
1127	T	0.229	0.08349892
1128	C	0.353	0.08154645
1129	C	0.452	0.08041492
1130	T	0.378	0.08513826
1131	G	0.409	0.1056397
1132	C	0.218	0.06549995
1133	A	0.408	0.03826805
1134	C	0.197	0.0530139
1135	T	-0.047	0.048694
1136	G	-0.313	0.0529619
1137	T	-0.383	0.05063581
1138	A	-0.545	0.0274829
1139	A	0.155	0.00414819
1140	C	0.478	-0.004342
1141	C	0.394	-0.007408905
1142	T	-0.442	-0.004786762
1143	A	-0.109	0.006654095
1144	A	0.177	-0.03199171
1145	G	-0.366	-0.03309733
1146	A	-0.389	-0.03798529
1147	T	-0.193	-0.03054876
1148	T	-0.256	0.01076595
1149	A	-0.136	0.05834819
1150	C	0.274	0.04199486
1151	G	0.314	0.038298
1152	C	0.464	0.01647436
1153	T	0.459	0.02654798
1154	G	-0.402	0.03026143
1155	T	0.174	0.03450248
1156	T	-0.149	0.07066139
1157	G	-0.157	0.1098661
1158	T	0.483	0.1378915
1159	C	0.453	0.1296343
1160	A	-0.188	0.1525276
1161	C	0.400	0.1608786
1162	T	-0.064	0.1671588
1163	G	-0.230	0.1651434
1164	A	-0.031	0.1533767
1165	G	0.266	0.175371
1166	C	0.393	0.1799233
1167	C	0.433	0.2088858
1168	T	0.395	0.1999953
1169	G	-0.429	0.154689
1170	T	0.344	0.1555006
1171	C	0.450	0.1465411
1172	T	0.445	0.1116092
1173	C	0.422	0.09766755
1174	C	0.211	0.1141166
1175	G	0.059	0.1056995
1176	C	0.269	0.07189848
1177	T	0.458	0.06530476
1178	A	-0.344	0.05702714
1179	G	-0.467	0.06160719
1180	T	0.470	0.1083907
1181	A	-0.376	0.1143631
1182	G	-0.332	0.07005986
1183	A	-0.357	0.0266379
1184	T	0.114	-0.009183238
1185	T	-0.208	-0.03915781
1186	A	-0.442	-0.0614419
1187	C	0.254	-0.07890724
1188	T	0.259	-0.1168336
1189	T	0.491	-0.1156807
1190	C	0.552	-0.1085042
1191	T	0.469	-0.1319785
1192	T	-0.480	-0.1182862
1193	A	-0.465	-0.1233774
1194	A	-0.330	-0.128221
1195	A	-0.417	-0.1550951
1196	A	-0.408	-0.1663241
1197	A	-0.097	-0.1664941
1198	T	-0.337	-0.198472
1199	A	-0.319	-0.2331735
1200	A	-0.317	-0.2769068
1201	T	-0.022	-0.2978065
1202	T	-0.088	-0.3195297
1203	T	-0.439	-0.2875126
1204	T	-0.458	-0.2482797
1205	A	-0.449	-0.2219756
1206	A	-0.444	-0.1809681
1207	A	-0.446	-0.1388007
1208	A	-0.416	-0.1263977
1209	A	-0.469	-0.1273259
1210	G	-0.426	-0.1342685
1211	G	0.113	-0.1435102
1212	A	0.013	-0.1677377
1213	C	0.192	-0.1815722
1214	A	0.357	-0.1813089
1215	G	0.222	-0.1810416
1216	G	0.443	-0.1814057
1217	C	0.476	-0.184828
1218	C	0.163	-0.1819562
1219	A	-0.357	-0.1794274
1220	A	-0.465	-0.1697485
1221	A	-0.511	-0.1642806
1222	A	-0.531	-0.1901535
1223	A	-0.379	-0.2060222
1224	G	-0.434	-0.23676
1225	A	-0.453	-0.2719482
1226	A	-0.457	-0.2945422
1227	A	-0.516	-0.331606
1228	A	-0.386	-0.3490452
1229	A	-0.363	-0.3716362
1230	G	-0.266	-0.374561
1231	A	-0.311	-0.3731274
1232	A	-0.429	-0.3639261
1233	A	-0.319	-0.3477342
1234	A	-0.453	-0.3452861
1235	T	-0.380	-0.3146167
1236	A	-0.252	-0.272454
1237	A	-0.334	-0.2530645
1238	T	0.110	-0.2384538
1239	G	-0.311	-0.2303648
1240	T	-0.418	-0.1926376
1241	A	-0.435	-0.1634602
1242	A	-0.317	-0.1561186
1243	T	-0.190	-0.1557677
1244	G	-0.327	-0.1623359
1245	G	0.210	-0.1535901
1246	A	0.432	-0.1377599
1247	C	-0.050	-0.1325176
1248	G	-0.209	-0.1200709
1249	A	-0.216	-0.1046886
1250	G	0.428	-0.07814886
1251	C	0.346	-0.04136248
1252	A	-0.157	-0.002372
1253	A	-0.422	0.002797286
1254	A	-0.457	0.03031005
1255	A	-0.269	0.0599151
1256	T	-0.048	0.05861557
1257	G	-0.142	0.05950338
1258	G	-0.073	0.059747
1259	T	0.433	0.04743205
1260	G	0.246	0.03967629
1261	C	0.353	0.01405914
1262	T	0.383	-0.01527462
1263	G	-0.209	-0.007763238
1264	C	0.386	-0.003316762
1265	T	0.293	0.02753843
1266	G	0.182	0.02531186
1267	T	0.450	0.02887222
1268	G	-0.044	0.03357368
1269	G	-0.468	0.03164292
1270	A	-0.379	0.02068178
1271	A	-0.109	0.02590502
1272	A	-0.269	0.03047821
1273	T	0	0.03149926
 1274	G	-0.328	0.04786711
1275	A	0.190	0.03785469
1276	T	-0.316	0.01753626
1277	T	0.026	-0.003145314
1278	G	-0.043	-0.04420384
1279	A	-0.113	-0.04920382
1280	C	0.203	-0.02690996
1281	A	0.356	-0.0271442
1282	G	0.449	-0.03905853
1283	C	0.404	-0.04481863
1284	T	0.134	-0.03955739
1285	A	0.176	-0.0367872
1286	C	-0.132	-0.06762682
1287	A	-0.251	-0.07140691
1288	A	-0.411	-0.09398697
1289	T	-0.149	-0.1176073
1290	A	0	-0.1241345
 1291	T	-0.384	-0.1256602
1292	G	-0.359	-0.1373751
1293	A	-0.390	-0.1544112
1294	A	0.110	-
1295	T	-0.270	-
1296	G	-0.457	-
1297	A	-0.395	-
1298	A	-0.447	-
1299	A	-0.539	-
1300	A	-0.250	-
1301	C	0.171	-
1302	C	0.109	-
1303	A	0.091	-
