1	G	0.196	-
2	T	0.211	-
3	G	0.350	-
4	C	0.380	-
5	A	0.434	-
6	G	-0.433	-
7	T	-0.425	-
8	A	-0.406	0.06858541
9	A	-0.517	0.07837075
10	A	0.118	0.03544341
11	C	0.317	-0.01525745
12	G	-0.055	-0.04397223
13	G	0.085	-0.09995543
14	T	0.387	-0.1061893
15	T	0.383	-0.1110834
16	T	0.343	-0.1107006
17	C	-0.432	-0.09830096
18	T	-0.409	-0.131785
19	A	-0.050	-0.1585091
20	A	-0.405	-0.1857583
21	A	-0.527	-0.1702669
22	A	-0.498	-0.2100555
23	G	-0.400	-0.2187526
24	T	-0.331	-0.2494604
25	T	-0.383	-0.1890777
26	A	-0.083	-0.177166
27	A	-0.464	-0.1660343
28	C	0.317	-0.1370088
29	A	-0.209	-0.1215967
30	T	0.253	-0.09130913
31	C	-0.117	-0.05831582
32	T	0.473	-0.00569642
33	T	-0.230	0.0206121
34	G	0.116	0.01949136
35	T	0.030	0.02394049
36	G	-0.295	0.01287616
37	A	-0.044	0.03838536
38	G	0.094	0.03485456
39	C	0.457	0.07539223
40	A	0.010	0.06469003
41	T	-0.100	0.1070683
42	G	-0.397	0.08030889
43	T	0.151	0.05235283
44	T	0.172	0.04156856
45	C	0.200	0.0311075
46	C	0.491	0.00533432
47	T	0.313	-0.02788669
48	T	0.404	-0.0005562733
49	T	-0.284	0.01499913
50	G	-0.389	0.06010459
51	T	-0.457	0.06838346
52	A	-0.201	0.08192166
53	T	-0.292	0.05435699
54	G	-0.040	0.02414171
55	C	0.420	0.008139387
56	A	0.133	-0.02089727
57	G	0.278	-0.01172881
58	G	0.276	0.00930702
59	T	0.375	0.0435653
60	G	-0.213	0.0707443
61	T	0.037	0.08243723
62	G	0.073	0.08186085
63	C	-0.030	0.0473734
64	G	-0.146	0.03058173
65	A	-0.073	0.0245854
66	A	0.056	0.01663507
67	T	0.206	0.003431267
68	G	-0.116	0.043746
69	T	-0.049	0.07385722
70	T	-0.096	0.06300528
71	G	-0.118	0.07070907
72	T	0.188	0.0564956
73	C	0.156	0.0631193
74	A	0.177	0.02682389
75	G	0.391	0.006878647
76	C	0.489	0.00283198
77	G	-0.089	0.02107097
78	A	0.084	0.03796022
79	T	-0.360	0.07507975
80	T	0.025	0.04931462
81	A	-0.488	0.02075302
82	C	-0.092	-0.01682465
83	A	-0.177	-0.07297785
84	T	0.224	-0.1407049
85	C	0.156	-0.1697517
86	A	0.437	-0.1779874
87	G	-0.197	-0.1627469
88	G	-0.271	-0.197255
89	A	-0.385	-0.1991689
90	T	-0.450	-0.2178307
91	A	-0.526	-0.2138427
92	A	-0.525	-0.1997039
93	A	-0.038	-0.1939551
94	G	-0.131	-0.2211103
95	A	-0.491	-0.2259809
96	A	-0.516	-0.1901681
97	A	-0.372	-0.1689081
98	G	-0.117	-0.1388646
99	T	0.436	-0.1051176
100	C	0.243	-0.0712888
101	A	0.030	-0.06943781
102	T	-0.270	-0.04353187
103	G	0.265	0.008575193
104	G	-0.066	0.06679519
105	A	0	0.1042555
 106	G	-0.020	0.1106225
107	G	-0.017	0.08840894
108	T	-0.010	0.09226681
109	C	0.257	0.06988629
110	T	0.289	0.05766842
111	G	0.356	0.005341087
112	G	0.189	-0.01274255
113	G	-0.022	-0.03715161
114	A	0.102	-0.02963307
115	T	0.300	-0.03253669
116	G	-0.305	-0.002027753
117	A	-0.454	0.008390113
118	T	-0.519	0.01198591
119	A	-0.338	0.01928645
120	T	-0.366	0.007334987
121	G	0.092	0.02986917
122	A	-0.061	0.04662117
123	G	0.446	0.03085465
124	G	0.413	0.05413558
125	G	0.343	0.07595158
126	T	0.465	0.1235669
127	G	0.010	0.123767
128	T	0.315	0.1685955
129	T	0.354	0.1561244
130	T	0.064	0.1722059
131	T	0.044	0.1307388
132	T	-0.126	0.07964218
133	G	0.194	0.04660918
134	G	-0.335	0.009476193
135	T	0.306	-0.01619001
136	T	-0.094	-0.06114788
137	C	0.179	-0.1206127
138	A	-0.175	-0.142251
139	G	-0.353	-0.1559282
140	G	-0.151	-0.1662354
141	A	-0.091	-0.1655106
142	G	-0.374	-0.1366286
143	A	-0.358	-0.127665
144	A	-0.537	-0.09197199
145	A	-0.260	-0.1081461
146	C	-0.161	-0.07257419
147	A	-0.281	-0.03521899
148	T	0.205	-0.008078593
149	G	0.098	0.02744973
150	C	0.440	0.06916233
151	G	0.440	0.09893613
152	G	-0.062	0.1659051
153	T	0.358	0.2141688
154	A	0.207	0.193401
155	G	0.255	0.1944585
156	C	0.441	0.1511069
157	T	0.250	0.1093983
158	G	0.088	0.06787993
159	C	0.466	0.05109659
160	T	0.463	0.0838418
161	G	-0.472	0.089432
162	T	-0.265	0.0845506
163	T	-0.444	0.07805533
164	T	-0.527	0.07542293
165	T	-0.182	0.07478973
166	C	0.189	0.081611
167	C	0.428	0.06042993
168	T	0.442	0.04664633
169	G	0.133	0.1050289
170	G	0.157	0.1523708
171	G	0.402	0.1979268
172	T	0.241	0.2620573
173	T	0.190	0.2857956
174	G	0.149	0.2601455
175	G	0.257	0.215752
176	T	0.403	0.1714483
177	C	0.444	0.1384822
178	T	0.238	0.1569085
179	G	0.434	0.1578823
180	C	0.174	0.1741893
181	A	-0.195	0.1942673
182	T	-0.237	0.2073711
183	A	-0.222	0.1643623
184	T	-0.360	0.1540858
185	C	0.434	0.1004963
186	G	0.416	0.05710947
187	T	0.485	0.0033732
188	C	0.491	0.0037524
189	A	0.345	0.01161657
190	T	-0.388	0.04908797
191	T	0.249	0.08980863
192	A	-0.359	0.1411241
193	A	-0.411	0.1487284
194	A	-0.371	0.1067632
195	T	0.179	0.06550997
196	T	-0.077	0.0551723
197	A	0.324	0.02033923
198	T	0.388	0.05485323
199	C	0.409	0.04763217
200	T	0.548	0.0874591
201	G	-0.212	0.08252283
202	A	-0.132	0.1168277
203	T	0.336	0.08484057
204	G	-0.176	0.06257333
205	G	0.129	0.0160676
206	C	0.140	0.0142216
207	A	0.238	-0.0077123
208	T	-0.485	-0.01644177
209	G	0.142	0.0203575
210	T	-0.300	0.0421509
211	G	-0.411	0.03363443
212	A	-0.373	0.07334563
213	T	0.360	0.07053517
214	T	0.080	0.06679655
215	C	0.417	0.06442229
216	T	0.339	0.126252
217	G	0.194	0.1478638
218	C	0.208	0.19611
219	G	0.418	0.2149834
220	T	0.087	0.2100954
221	G	0.084	0.200592
222	A	0.202	0.1982614
223	G	0.441	0.181704
224	C	0.467	0.1283
225	A	0.423	0.1213548
226	T	-0.128	0.1361811
227	G	-0.446	0.1126112
228	G	0.218	0.1327292
229	A	0.045	0.09154137
230	G	0.169	0.06226237
231	G	-0.461	0.0187551
232	A	0.089	0.0006579
233	G	0.431	-0.0060963
234	C	0.065	0.0181443
235	T	0.389	0.07192823
236	A	-0.533	0.08071697
237	T	-0.236	0.08592271
238	G	-0.211	0.06647511
239	G	0.195	0.07443104
240	A	0.322	0.09125809
241	G	0.235	0.08193629
242	G	0.360	0.08944327
243	C	0.349	0.08603173
244	G	0.123	0.1445697
245	G	-0.122	0.1806997
246	A	-0.342	0.1962689
247	C	0.342	0.2043643
248	A	0.291	0.1458529
249	C	0.177	0.1513759
250	G	0.338	0.1511913
251	G	0.344	0.1560059
252	G	0.305	0.1766973
253	T	0.022	0.1906236
254	G	0.317	0.2073321
255	A	-0.555	0.1493436
256	T	0.317	0.1325114
257	G	0.357	0.09697481
258	G	0.422	0.08276468
259	G	0.433	0.05349647
260	T	0.086	0.03759364
261	G	-0.091	0.02694725
262	A	-0.527	-0.002508687
263	A	0.038	0.06356938
264	T	-0.355	0.03477671
265	G	0.124	-0.02071742
266	G	-0.094	-0.07830369
267	A	0.066	-0.1287234
268	G	-0.137	-0.1655924
269	A	-0.124	-0.1433412
270	C	0.435	-0.1163195
271	T	-0.114	-0.1030359
272	G	-0.474	-0.04553331
273	A	-0.441	-0.02686951
274	G	-0.322	-0.01812883
275	A	-0.466	0.0071814
276	T	0.242	0.03019067
277	C	-0.122	0.06757013
278	A	0.238	0.05899447
279	C	0.507	0.04588767
280	C	0.404	0.08453953
281	A	0.037	0.0790954
282	C	0.446	0.08873927
283	G	0.207	0.09089553
284	T	0.435	0.101713
285	C	0.307	0.1053437
286	G	-0.310	0.1174159
287	T	0.104	0.07740967
288	T	-0.523	0.05412765
289	T	-0.177	0.06443385
290	C	-0.434	0.05362345
291	G	0.404	0.03976838
292	G	-0.067	-0.00370882
293	T	0.419	-0.02418675
294	G	-0.092	0.01974665
295	G	0.055	0.03593478
296	A	0.191	0.04293538
297	C	0.284	0.02670858
298	T	0	0.02323871
 299	G	-0.216	-0.03510649
300	A	0	-0.03437693
 301	C	0.348	-0.09104073
302	C	0.347	-0.1122933
303	A	-0.418	-0.1498837
304	A	-0.421	-0.1942967
305	A	-0.486	-0.1848644
306	A	-0.470	-0.1780405
307	C	-0.056	-0.1492577
308	A	-0.430	-0.1709293
309	A	-0.411	-0.2149094
310	A	-0.508	-0.2280372
311	G	-0.474	-0.2349914
312	C	0.425	-0.218939
313	A	0.102	-0.1694156
314	G	0.215	-0.1207509
315	G	-0.325	-0.1024013
316	A	-0.311	-0.0469794
317	T	0.150	-0.0333764
318	T	-0.522	0.03263893
319	G	-0.180	0.08722013
320	C	0.256	0.09200827
321	T	0.259	0.1198772
322	C	0.218	0.09163687
323	T	0.400	0.08811653
324	G	-0.207	0.1018244
325	T	0.482	0.06266767
326	G	0.344	0.1098939
327	T	0.497	0.1043725
328	C	0.520	0.1058286
329	T	-0.208	0.085559
330	A	-0.377	0.07861033
331	A	-0.105	0.07789793
332	T	-0.436	0.1104349
333	G	0.185	0.0866212
334	G	-0.263	0.07819933
335	T	0.278	0.072714
336	G	-0.044	0.0200574
337	G	0.114	0.01457273
338	C	0.389	0.0083304
339	C	0.280	-0.01942353
340	G	0.124	-0.0129936
341	G	0.217	-0.01204373
342	C	0.415	0.017879
343	G	-0.269	0.02554273
344	G	-0.290	0.06280307
345	A	-0.471	0.0445068
346	A	-0.521	0.0112794
347	A	-0.340	0.007256933
348	A	0.200	0.00326976
349	G	0.185	-0.01407153
350	C	0.393	-0.03794071
351	T	0.514	-0.00366264
352	T	-0.160	0.01850541
353	T	-0.108	0.02985014
354	C	0.220	0.04582307
355	C	0.065	0.05242014
356	C	-0.042	0.04821914
357	A	0.057	0.05110821
358	T	0.244	0.01341774
359	C	0.042	0.005325607
360	A	-0.301	0.01346413
361	G	-0.282	0.003843267
362	A	-0.241	0.003810533
363	T	0.137	0.002682807
364	C	0.228	0.02444369
365	A	-0.172	0.04711121
366	C	0.392	0.006719807
367	A	-0.038	-0.02022477
368	T	-0.252	-0.003118327
369	G	0.219	-0.01254439
370	G	0.048	-0.01130693
371	T	0.284	-0.03933979
372	G	0.397	-0.06147046
373	G	-0.361	-0.05742339
374	A	-0.361	-0.1184407
375	T	-0.044	-0.1415306
376	A	-0.423	-0.1318137
377	A	-0.222	-0.1182224
378	A	-0.283	-0.09330615
379	T	-0.103	-0.08889095
380	G	-0.111	-0.1024073
381	A	-0.522	-0.06704822
382	A	-0.384	-0.06938815
383	G	-0.107	-0.09423233
384	C	0.423	-0.08771133
385	T	0.421	-0.09822107
386	T	0.350	-0.1001554
387	C	0.194	-0.1080717
388	T	0.169	-0.09791548
389	T	-0.397	-0.07566221
390	G	-0.417	-0.06952075
391	A	-0.325	-0.05903681
392	A	-0.380	-0.05882235
393	A	-0.312	-0.06075121
394	T	-0.221	-0.07064375
395	G	0.040	-0.06953741
396	G	-0.188	-0.1103351
397	A	-0.292	-0.08458134
398	A	0.050	-0.08218901
399	C	0.426	-0.07568221
400	G	0.392	-0.07601047
401	G	0.201	-0.02862414
402	G	0.211	0.01135213
403	A	-0.442	0.03277134
404	A	-0.010	0.05097877
405	G	-0.381	0.09894417
406	A	-0.228	0.1126914
407	A	-0.385	0.09248811
408	T	0.398	0.07808537
409	G	0.377	0.08449284
410	T	0.362	0.06346671
411	G	0.084	0.07013657
412	G	0.427	0.09619857
413	C	0.256	0.1531252
414	A	0.123	0.1542728
415	C	0.176	0.1628748
416	G	0.298	0.1044209
417	G	-0.104	0.05014997
418	A	-0.342	-0.0077905
419	T	0.380	-0.02731533
420	C	0.472	-0.02914133
421	G	-0.211	-0.03099247
422	T	-0.256	-0.02842053
423	A	-0.478	-0.01386387
424	A	-0.436	-0.01283813
425	A	-0.506	-0.014925
426	A	-0.208	0.0415598
427	C	0.399	0.04213633
428	T	0.228	0.01474127
429	G	0.162	-0.001577927
430	G	0.395	0.009954967
431	G	0.313	0.05566317
432	A	-0.135	0.0702479
433	C	0.504	0.08464837
434	C	0.388	0.06246223
435	A	0.061	0.04034379
436	C	-0.455	0.03871726
437	A	-0.083	0.02566238
438	G	0.207	0.008525713
439	G	-0.217	-0.03054362
440	G	-0.290	-0.05058409
441	A	-0.541	-0.1177176
442	A	0.067	-0.1625945
443	C	0.204	-0.1997228
444	G	-0.033	-0.1929414
445	G	0.138	-0.1642813
446	T	-0.272	-0.1753671
447	A	-0.436	-0.1549316
448	A	-0.502	-0.1518693
449	A	-0.284	-0.1076733
450	A	-0.495	-0.1362392
451	G	-0.354	-0.1518674
452	G	0.346	-0.1570944
453	G	0.040	-0.1951591
454	T	0.088	-0.1760532
455	T	-0.244	-0.1410699
456	C	0.121	-0.08601073
457	G	-0.360	-0.05409486
458	G	-0.030	-0.00721966
459	A	-0.111	0.03251841
460	T	-0.432	0.02871727
461	G	0.013	0.04858306
462	G	0.088	0.02509095
463	C	0.323	0.02957508
464	A	0.194	0.02630559
465	G	0.207	0.08289085
466	C	0.241	0.07000269
467	C	0.289	0.06252629
468	A	0.338	0.1080529
469	G	-0.263	0.1190271
470	A	-0.177	0.1185831
471	T	0.072	0.08129875
472	T	0.488	0.04321909
473	C	-0.223	0.05174555
474	A	-0.223	0.06982149
475	T	0.250	0.03722315
476	C	0.178	0.01098726
477	A	0.081	0.01466753
478	A	-0.235	0.002409993
479	G	-0.376	-0.01261511
480	T	0.335	-0.05943211
481	C	0.512	-0.03601025
482	A	-0.199	0.008122487
483	T	-0.054	0.01638829
484	T	-0.208	0.005644567
485	T	-0.361	-0.02121475
486	A	-0.152	0.01228525
487	T	-0.214	0.05444592
488	G	0.127	0.05941472
489	C	0.437	0.05810032
490	C	0.374	0.04214132
491	A	0.017	0.03382515
492	T	-0.321	0.01740315
493	T	0.266	0.01334801
494	C	0.255	0.03521228
495	C	0.410	0.02352288
496	T	0.493	-0.00440172
497	G	-0.438	-0.02034465
498	A	-0.179	-0.05474399
499	A	-0.454	-0.06392447
500	A	-0.422	-0.05068273
501	T	0.175	-0.08757387
502	A	-0.389	-0.1237705
503	T	-0.291	-0.1290708
504	G	0.198	-0.1490137
505	T	-0.141	-0.0977814
506	C	-0.120	-0.05620333
507	A	-0.122	-0.02590033
508	A	-0.286	-0.008243
509	A	-0.287	-0.008629133
510	C	0.330	-0.01941193
511	G	0.194	-0.02861167
512	G	0.329	-0.06139067
513	C	0.444	-0.07738973
514	C	0	-0.08640833
 515	A	-0.157	-0.1069753
516	T	0.169	-0.097538
517	T	-0.551	-0.05951093
518	A	-0.429	-0.06358473
519	G	-0.292	-0.06684587
520	G	-0.381	-0.1079439
521	A	-0.255	-0.1227875
522	A	-0.430	-0.1503113
523	T	-0.145	-0.1152253
524	G	0.283	-0.1152549
525	C	0.269	-0.1111501
526	T	0.145	-0.1023876
527	G	-0.286	-0.1010407
528	T	0.221	-0.0755834
529	T	-0.412	-0.04543233
530	C	0.368	0.0086222
531	C	0.168	0.002399733
532	G	-0.489	-0.044438
533	A	-0.297	-0.09617047
534	G	-0.272	-0.1424223
535	T	0	-0.1501245
 536	A	0.196	-0.1648945
537	C	0.379	-0.1434625
538	T	-0.238	-0.1648216
539	A	-0.419	-0.1692871
540	A	-0.506	-0.1647766
541	A	-0.548	-0.1660109
542	A	-0.402	-0.1611038
543	G	0	-0.1912858
 544	G	-0.091	-0.2303202
545	A	0.048	-0.2824193
546	G	0.101	-0.2954074
547	G	-0.421	-0.2885836
548	A	-0.316	-0.2726029
549	A	-0.199	-0.2609058
550	A	-0.452	-0.2514091
551	G	-0.388	-0.2786852
552	A	-0.401	-0.260829
553	A	-0.433	-0.2681655
554	T	-0.317	-0.2633972
555	T	-0.266	-0.2337133
556	A	-0.373	-0.2324975
557	A	-0.259	-0.2435117
558	A	-0.409	-0.2447575
559	T	0.176	-0.2227965
560	A	-0.061	-0.1847645
561	T	0.173	-0.1346546
562	G	0.023	-0.09566585
563	T	-0.297	-0.05412292
564	G	-0.364	-7.358667e-05
565	A	-0.471	0.02522841
566	A	-0.059	0.03863815
567	C	0.168	0.01964015
568	C	0.318	0.04550606
569	G	0.267	0.05499293
570	G	0.356	0.08249576
571	G	0.437	0.1143486
572	G	0.119	0.1556369
573	A	-0.207	0.2142706
574	T	-0.108	0.2436259
575	G	0.326	0.2128937
576	G	0.315	0.1719711
577	T	0.435	0.1352124
578	G	0.179	0.09294047
579	G	0.255	0.07339527
580	C	0.408	0.09227307
581	T	0.380	0.1326113
582	T	-0.292	0.1525896
583	G	-0.295	0.140373
584	T	-0.283	0.1401589
585	G	-0.277	0.1160008
586	A	0.144	0.1285637
587	G	0.403	0.1064853
588	C	0.397	0.09032433
589	A	0.191	0.0555124
590	G	0.143	0.0567412
591	C	0.312	0.0553262
592	G	0.073	0.04622327
593	T	0.368	0.03140507
594	A	-0.076	-0.0059414
595	T	0.165	-0.03211872
596	T	-0.141	-0.04470639
597	T	-0.273	-0.04057039
598	A	-0.316	-0.05718145
599	A	-0.420	-0.1092277
600	A	-0.500	-0.1442845
601	A	-0.415	-0.2036989
602	T	0.010	-0.2321982
603	T	0.208	-0.2620475
604	C	0.253	-0.2350399
605	T	-0.106	-0.1930489
606	A	-0.468	-0.1489217
607	A	-0.452	-0.1192582
608	A	-0.522	-0.05649398
609	A	-0.503	-0.01432205
610	A	-0.282	-0.00040146
611	G	0.263	0.01709201
612	C	0.356	-0.008679393
613	T	0.345	-0.02121586
614	G	0.024	0.003577793
615	T	0.441	0.02981613
616	C	0.216	0.06467407
617	C	0.219	0.1285849
618	T	0.470	0.177307
619	G	-0.133	0.1766201
620	A	-0.294	0.182037
621	A	-0.096	0.1836073
622	T	-0.058	0.1555387
623	C	0	0.09794646
 624	T	0.455	0.05747579
625	C	0.448	0.03000859
626	T	0.253	0.01462839
627	C	0.437	0.03350626
628	C	0.368	0.07631526
629	T	-0.396	0.1098215
630	A	-0.422	0.1390657
631	A	-0.390	0.1548499
632	T	-0.192	0.1538965
633	C	0.239	0.1483495
634	A	0.149	0.1637841
635	G	0.348	0.1667453
636	G	0.406	0.1218387
637	C	0.379	0.1310193
638	G	0.236	0.1323478
639	C	0.440	0.1361287
640	C	0.365	0.1322407
641	T	0.485	0.0959326
642	C	0.481	0.0576384
643	T	-0.304	0.0086776
644	A	-0.258	-0.04391813
645	A	-0.402	-0.05081727
646	T	-0.333	-0.07712753
647	T	-0.251	-0.108336
648	A	-0.304	-0.1601479
649	T	-0.424	-0.1954216
650	T	-0.386	-0.2361264
651	A	-0.382	-0.1950981
652	A	0.276	-0.1768838
653	A	-0.157	-0.1221766
654	T	-0.027	-0.06723429
655	A	-0.411	-0.05925042
656	T	-0.044	-0.03280727
657	T	-0.128	0.02516247
658	T	0.310	0.07939693
659	T	0.014	0.1320395
660	C	0.418	0.1485435
661	A	0.490	0.1904888
662	G	-0.131	0.1822156
663	A	0.091	0.17567
664	C	0.444	0.1440438
665	T	0.427	0.1323601
666	G	0.407	0.1321667
667	C	0.524	0.1585353
668	T	0.471	0.1387717
669	T	-0.151	0.117571
670	T	-0.509	0.1208427
671	A	-0.518	0.124642
672	G	-0.303	0.07660782
673	T	0.307	0.03246389
674	G	0.410	-0.003357513
675	T	0.121	-0.00609098
676	A	0.172	-0.001304247
677	G	-0.082	0.00879202
678	T	0.148	0.04884543
679	A	-0.275	0.1082599
680	T	-0.235	0.1115303
681	G	-0.130	0.06074303
682	T	0.483	0.06565789
683	C	0.543	0.06599889
684	T	0	0.04282556
 685	A	0.090	0.03143421
686	C	0.372	-0.005598927
687	A	-0.254	-0.01333986
688	A	-0.454	-0.006875727
689	T	0.483	-0.01971479
690	C	0.126	-0.02808286
691	A	-0.174	-0.08244873
692	A	-0.253	-0.08562147
693	T	-0.406	-0.1132625
694	T	-0.391	-0.1300956
695	A	-0.138	-0.08277515
696	A	-0.322	-0.08175775
697	C	0.357	-0.1469716
698	A	-0.272	-0.1795455
699	T	-0.047	-0.1929694
700	G	-0.323	-0.2062584
701	A	0.120	-0.1930208
702	T	0.454	-0.1591811
703	T	-0.438	-0.1479476
704	A	-0.494	-0.1447542
705	A	-0.361	-0.1974223
706	A	-0.376	-0.1934221
707	A	-0.452	-0.1792232
708	T	-0.207	-0.1238776
709	T	0.115	-0.09999002
710	T	0.030	-0.1572763
711	T	-0.274	-0.1577992
712	A	-0.432	-0.1484018
713	T	-0.212	-0.1396886
714	A	0.165	-0.1367616
715	C	0.506	-0.105438
716	A	0.478	-0.1063223
717	T	-0.404	-0.1324118
718	T	-0.446	-0.1501722
719	T	-0.353	-0.1599574
720	T	-0.231	-0.1410001
721	A	-0.332	-0.1359706
722	T	0.017	-0.1742446
723	T	-0.221	-0.2179704
724	T	-0.275	-0.2432677
725	A	-0.235	-0.2192856
726	A	-0.421	-0.1849176
727	T	-0.148	-0.1491353
728	A	-0.136	-0.1180459
729	G	-0.408	-0.06368397
730	A	-0.149	-0.04791275
731	T	0.099	-0.03877796
732	T	-0.044	-0.05299949
733	T	0.068	-0.06856456
734	G	0.183	-0.07070303
735	G	0.235	-0.08882683
736	G	0.482	-0.107061
737	C	0.253	-0.1096075
738	A	-0.084	-0.1271308
739	A	-0.488	-
740	A	-0.469	-
741	A	-0.453	-
742	A	-0.420	-
743	A	-0.410	-
744	A	-0.446	-
745	A	-0.412	-
