1	G	0.432	-
2	T	-0.366	-
3	G	-0.164	-
4	A	-0.245	-
5	T	-0.382	-
6	T	-0.440	-
7	T	-0.341	-
8	T	-0.369	-0.02125781
9	C	0.189	-0.02163044
10	T	0.370	0.028825
11	C	0.375	0.04225648
12	T	0.183	0.07076092
13	C	0.183	0.1146649
14	A	0.240	0.126719
15	C	-0.294	0.1199965
16	G	0.289	0.1142226
17	C	0.426	0.06939323
18	T	0.440	0.01302223
19	G	0.050	-0.04121539
20	G	0.210	-0.07930677
21	T	0.319	-0.1172851
22	T	-0.247	-0.1651629
23	G	-0.448	-0.1610268
24	A	-0.461	-0.1529011
25	A	-0.527	-0.1522557
26	A	-0.531	-0.182431
27	A	-0.491	-0.1774622
28	G	-0.425	-0.1651679
29	A	-0.423	-0.1674374
30	A	-0.525	-0.1223251
31	T	-0.228	-0.06493413
32	C	0.419	-0.05359013
33	C	0.437	-0.04921538
34	T	-0.042	-0.04914938
35	C	0.129	0.001897687
36	T	0.406	0.03880919
37	G	0.283	0.05845469
38	C	0.474	0.07270812
39	T	0.469	0.1166936
40	T	-0.279	0.1130725
41	T	-0.457	0.1004081
42	A	-0.530	0.1222856
43	C	0.324	0.1236228
44	A	0.164	0.08236919
45	G	-0.109	0.09495256
46	A	-0.297	0.09135206
47	C	0.475	0.07362413
48	T	0.361	0.1227715
49	G	0.234	0.1765789
50	T	0.307	0.2132373
51	A	0.151	0.1720266
52	G	-0.253	0.1361668
53	T	0.484	0.1569937
54	C	0.416	0.1685859
55	T	0.185	0.1661875
56	C	0.506	0.1503169
57	A	0.403	0.1588785
58	T	0.055	0.1525777
59	A	-0.334	0.1689234
60	T	-0.409	0.2086594
61	T	0.223	0.2046767
62	T	-0.112	0.1902003
63	C	0.436	0.2047916
64	T	0.107	0.1537575
65	G	0.371	0.1274186
66	G	0.206	0.09505643
67	A	0.412	0.08896218
68	T	0.382	0.08450462
69	C	0.421	0.03991756
70	T	0.185	0.07659649
71	C	0.419	0.06165143
72	A	-0.310	0.08289956
73	T	-0.018	0.08661531
74	T	-0.462	0.09296824
75	A	-0.432	0.09307043
76	A	-0.480	0.06504573
77	A	-0.489	0.04296555
78	T	0.474	0.06338661
79	C	0.197	0.0237723
80	T	0.447	0.0695593
81	C	0.430	0.08804624
82	C	0.308	0.09335237
83	A	0.414	0.1251918
84	G	-0.065	0.1559255
85	C	0.067	0.1687672
86	A	0.512	0.1161301
87	T	-0.214	0.08858443
88	T	0.422	0.06422553
89	C	0.277	0.006576275
90	A	-0.377	-0.009011844
91	C	0.077	-0.005038281
92	A	0.011	-0.003992881
93	G	-0.284	0.008206487
94	A	-0.367	-0.02913772
95	T	-0.242	-0.02457822
96	T	0.057	-0.03824472
97	G	-0.491	-0.03269841
98	A	0.059	-0.02893191
99	G	0.477	-0.04616156
100	G	-0.049	-0.07101491
101	T	0.263	-0.08119216
102	A	-0.085	-0.07785016
103	G	-0.141	-0.08372178
104	T	0.203	-0.06147744
105	G	0.366	-0.00225625
106	A	-0.316	0.002782556
107	G	-0.198	-0.03055829
108	G	-0.386	-0.04058224
109	A	-0.447	-0.04878192
110	A	-0.314	-0.03250103
111	A	-0.336	-0.01720728
112	G	0.413	-0.01873434
113	G	0.456	-0.02430284
114	T	0.139	0.02556828
115	G	-0.055	0.07015578
116	A	-0.209	0.08655359
117	G	0.131	0.08565716
118	A	0.175	0.1096382
119	C	0.103	0.1236489
120	A	0.179	0.124362
121	C	0.277	0.08174404
122	T	0.480	0.1009149
123	C	0.515	0.1185884
124	T	-0.123	0.1585553
125	A	-0.461	0.1357196
126	A	0.069	0.09184389
127	C	-0.112	0.08960216
128	T	0.424	0.06129141
129	T	-0.225	0.04138467
130	C	0.446	0.02468017
131	T	0.227	-0.00512115
132	C	0.429	-0.02693446
133	A	-0.233	0.02630554
134	G	-0.527	0.03937653
135	C	0.067	0.04370578
136	A	-0.273	0.03590278
137	A	-0.041	0.07483053
138	G	0.213	0.0357949
139	T	0.038	0.01679465
140	G	-0.472	0.007090025
141	C	0.390	0.01485409
142	T	0.278	0.06556684
143	A	-0.043	0.04005256
144	C	0.299	0.03708894
145	T	0.397	0.01564862
146	G	-0.178	-0.01801344
147	A	-0.076	-0.04492337
148	G	0.274	-0.02639244
149	T	-0.109	-0.06257125
150	G	0.284	-0.09367531
151	A	-0.340	-0.07004819
152	T	-0.321	-0.06557231
153	A	-0.384	-0.07742506
154	T	-0.324	-0.05561375
155	T	-0.392	-0.04222288
156	T	-0.176	-0.04269469
157	A	-0.188	-0.06227338
158	C	-0.218	-0.06167813
159	G	0.334	-0.04294612
160	C	0.371	-0.04773587
161	T	0.207	-0.00755525
162	A	0.170	0.02593381
163	C	0.137	0.0437145
164	T	0.267	0.03725725
165	A	-0.422	0.05482149
166	T	0.293	0.04771749
167	T	-0.041	0.01733593
168	A	-0.397	-0.005886944
169	C	0.258	-0.03414744
170	C	0.210	-0.03319763
171	G	-0.107	-0.01331026
172	A	-0.279	-0.008509256
173	T	0.092	0.004401681
174	T	-0.332	-0.02651926
175	T	-0.151	-0.05693313
176	G	0	-0.06150751
 177	G	-0.244	-0.1072847
178	A	0.186	-0.147042
179	C	0.455	-0.1697121
180	C	0.343	-0.1794736
181	A	-0.215	-0.219106
182	T	-0.200	-0.2194799
183	A	-0.527	-0.1852976
184	A	-0.470	-0.1584952
185	G	-0.473	-0.1370794
186	A	-0.425	-0.1247145
187	A	-0.470	-0.1195826
188	A	-0.435	-0.1130877
189	A	-0.541	-0.06747272
190	A	-0.338	-0.05492166
191	C	0.395	-0.01521409
192	C	0.428	0.002717156
193	A	0.097	0.03864922
194	C	0.383	0.05613066
195	G	0.537	0.09689172
196	C	0.447	0.1328226
197	A	0.513	0.1926364
198	T	0	0.1862035
 199	A	0.107	0.1342012
200	C	-0.183	0.09858753
201	G	0.101	0.1106317
202	T	-0.145	0.1180274
203	T	0.181	0.07857734
204	C	0.138	0.02326228
205	A	0.415	-0.03812516
206	A	-0.441	-0.06485884
207	G	-0.436	-0.09654428
208	A	-0.140	-0.1047023
209	G	0.290	-0.1244277
210	T	0.502	-0.09481022
211	C	-0.093	-0.09142266
212	A	-0.437	-0.08577653
213	T	-0.468	-0.08816566
214	A	-0.427	-0.04543947
215	A	-0.399	-0.01027978
216	A	-0.314	0.007230469
217	T	-0.214	-0.004172219
218	C	0.328	-0.05776809
219	A	0.235	-0.08126806
220	G	0.229	-0.0838045
221	C	0.377	-0.07924544
222	A	0.242	-0.08270025
223	G	0.125	-0.08800125
224	C	0.139	-0.06695223
225	A	0.108	-0.02907754
226	T	-0.355	-0.03220448
227	A	-0.469	-0.01994073
228	A	-0.477	-0.01064748
229	T	-0.395	-0.0321494
230	A	-0.483	-0.07991615
231	A	-0.484	-0.1163921
232	T	0.022	-0.1347535
233	T	0.391	-0.1524173
234	C	0.278	-0.1249207
235	C	0.432	-0.07145653
236	C	0.377	-0.02362653
237	C	0.033	0.01434747
238	A	-0.522	0.07803347
239	A	-0.457	0.1099108
240	C	-0.154	0.0763193
241	A	-0.174	0.01814643
242	T	0.084	-0.01498526
243	G	0.385	-0.06084257
244	C	0.287	-0.1053446
245	A	0.212	-0.08174984
246	C	0.535	-0.02958797
247	T	0.025	0.008831594
248	A	-0.515	0.01283271
249	A	-0.539	0.02843629
250	A	-0.251	0.04220611
251	G	-0.301	0.04010392
252	A	-0.334	0.04710798
253	C	0.410	0.03837863
254	T	0.312	0.01105236
255	G	0.157	0.02223138
256	A	-0.090	0.07101463
257	G	0.075	0.1221018
258	G	0.304	0.1548714
259	C	0.352	0.1488311
260	T	0.399	0.164311
261	T	0.072	0.1244207
262	G	0.098	0.1361592
263	G	0.204	0.1301002
264	A	0.265	0.1585087
265	G	0.278	0.1812244
266	G	0.272	0.1732995
267	A	-0.398	0.1760512
268	T	-0.086	0.1531789
269	T	-0.227	0.1440187
270	C	0.500	0.1281395
271	A	0.060	0.1196136
272	T	0.363	0.07772236
273	C	0.438	0.02922923
274	G	0.178	-0.01853589
275	C	0.396	0.009885944
276	A	0.033	-0.005866856
277	C	-0.073	-0.006235044
278	A	-0.155	-0.03461667
279	A	0.068	-0.02327614
280	C	-0.404	-0.02517733
281	A	-0.497	-0.02423296
282	A	-0.491	-0.05570264
283	A	0.056	-0.04930583
284	G	-0.338	-0.04041906
285	G	-0.233	-0.03187134
286	A	0.046	0.005228787
287	C	0.241	0.02082767
288	C	0.333	0.04613267
289	T	0.453	0.08646586
290	C	-0.325	0.1431296
291	A	0.498	0.1639843
292	G	0.175	0.2102243
293	A	0.062	0.2330683
294	C	0.438	0.2243223
295	T	0.317	0.1898169
296	G	0	0.1349693
 297	C	0.147	0.07803769
298	T	0.414	0.09600604
299	G	0.390	0.0399001
300	C	0.401	0.04607666
301	T	0.132	0.06865733
302	C	-0.093	0.05969208
303	A	-0.310	0.06084521
304	A	-0.544	0.08958277
305	A	-0.457	0.1052838
306	G	-0.037	0.05455139
307	A	-0.399	0.02581983
308	C	0.274	-0.007554919
309	C	0.424	-0.0002120438
310	A	0.294	0.005648656
311	G	0.336	0.03181428
312	C	0.459	0.07925722
313	T	0.398	0.1078317
314	G	-0.396	0.125476
315	T	-0.069	0.1755331
316	A	-0.132	0.1710495
317	T	0.249	0.1651794
318	T	0	0.1737224
 319	T	0.108	0.1413184
320	G	0.215	0.09207063
321	T	0	0.05098506
 322	G	0.244	0.07362555
323	T	0.401	0.09248949
324	C	0.202	0.09534268
325	C	0.330	0.06610449
326	T	0.431	0.03974837
327	G	-0.182	0.02519849
328	G	-0.328	0.04108649
329	A	-0.258	0.03954254
330	A	-0.034	0.01558148
331	C	0.232	-0.03527121
332	A	-0.086	-0.03701883
333	A	-0.218	-0.03329558
334	G	-0.421	-0.03405314
335	A	-0.124	-0.01712565
336	C	0.469	0.01964848
337	A	-0.024	0.0411696
338	G	-0.138	0.04762762
339	T	-0.411	0.01394919
340	T	0.174	0.0003391813
341	C	0.389	-0.007006444
342	C	0.419	-0.01420894
343	A	0.088	-0.003896388
344	C	0.260	-0.03936812
345	T	0.085	-0.01330867
346	T	0.068	0.01146646
347	G	-0.306	0.04786077
348	T	-0.304	0.04889052
349	A	-0.335	0.05354289
350	A	-0.536	0.04849052
351	G	0.040	0.0341684
352	A	-0.098	0.03958496
353	G	0.392	0.03269871
354	C	0.257	0.03136394
355	A	0.170	0.04827534
356	C	0.191	0.05558484
357	C	0.464	0.06235365
358	G	0.338	0.07614971
359	T	-0.140	0.05282259
360	G	0.346	0.06959701
361	T	-0.024	0.02299445
362	G	0.047	0.01198777
363	A	-0.036	0.005146281
364	A	-0.187	-0.03064453
365	G	-0.227	-0.08603684
366	A	-0.316	-0.09856822
367	T	-0.332	-0.109222
368	T	0.170	-0.1150619
369	T	-0.353	-0.1204966
370	G	0.081	-0.1019971
371	A	0.061	-0.09383124
372	T	-0.381	-0.106946
373	T	-0.422	-0.1053818
374	A	0.138	-0.1147784
375	G	-0.310	-0.1263539
376	T	0.253	-0.1552947
377	G	-0.111	-0.1226795
378	G	0.343	-0.1172461
379	A	0.094	-0.1127091
380	G	-0.397	-0.06759219
381	T	-0.202	-0.05570201
382	A	-0.466	-0.05118976
383	A	-0.518	-0.03498296
384	T	-0.292	-0.03761765
385	A	0.168	-0.0419339
386	G	0.168	-0.05782333
387	C	0.133	-0.05057326
388	A	0.340	-0.01892701
389	C	-0.231	0.02383624
390	A	0.210	0.07101024
391	G	-0.051	0.07755192
392	T	0.211	0.06550649
393	T	-0.180	0.0388828
394	T	0.089	0.03158183
395	T	0.210	-0.002875919
396	G	0.108	-0.04286079
397	C	0.481	-0.05659742
398	T	0.288	-0.06631728
399	T	-0.413	-0.03722676
400	A	-0.485	-0.02602914
401	A	-0.257	-0.004512388
402	A	0.051	-0.03356289
403	A	-0.417	-0.06604771
404	T	-0.299	-0.08643196
405	A	-0.451	-0.137738
406	T	0.054	-0.1367971
407	T	0.413	-0.106233
408	C	0.390	-0.04831586
409	C	0.163	-0.05866399
410	A	-0.375	-0.05892654
411	A	-0.309	-0.04286866
412	C	-0.217	-0.02713579
413	A	-0.339	-0.02418273
414	C	0.303	-0.0501558
415	A	0.075	-0.1084302
416	C	0.441	-0.1511453
417	A	-0.423	-0.1465059
418	G	0.047	-0.1138224
419	C	-0.160	-0.08409005
420	A	-0.047	-0.0508023
421	T	-0.404	-0.03899111
422	T	-0.360	-0.06100029
423	A	-0.518	-0.05885495
424	T	-0.292	-0.09802807
425	G	0.238	-0.08552095
426	G	0.147	-0.08123931
427	G	0.166	-0.05306549
428	T	0.315	-0.04073593
429	G	-0.150	0.01374063
430	A	-0.048	0.0315218
431	C	0.109	0.06610462
432	A	-0.185	0.1029817
433	C	-0.222	0.106544
434	A	0.115	0.1012671
435	T	0.290	0.1101067
436	C	0.149	0.1125233
437	A	0.467	0.1122553
438	G	-0.076	0.08889196
439	A	0.034	0.04946177
440	G	0.297	0.05452027
441	T	0.295	0.06450061
442	T	0.062	0.04133018
443	C	0.307	0.02320293
444	A	0.353	0.02539018
445	C	-0.154	0.007422613
446	A	-0.422	-0.01003868
447	A	-0.520	-0.03869588
448	G	-0.104	-0.07618637
449	A	-0.063	-0.0734185
450	G	-0.254	-0.06969179
451	G	0	-0.1064527
 452	A	0.184	-0.1163657
453	C	0.179	-0.08144629
454	A	-0.355	-0.04168566
455	A	-0.423	-0.0301666
456	A	-0.302	-0.01152623
457	T	0.339	0.002512312
458	T	0.122	0.04018687
459	G	-0.280	0.06744462
460	T	0.195	0.06410662
461	T	0.404	0.06207594
462	G	0.213	0.0915405
463	G	-0.336	0.1445306
464	T	0.193	0.1924585
465	G	0.161	0.1712462
466	C	0.347	0.1908471
467	A	0.436	0.2352793
468	C	0.131	0.2327902
469	G	0.147	0.2202274
470	T	0.115	0.2204154
471	C	0.424	0.2677891
472	T	0.464	0.2836117
473	C	0	0.2838279
 474	T	0.436	0.2800161
475	C	0.430	0.2814498
476	T	0.155	0.2997649
477	G	0.203	0.3015605
478	G	0.216	0.3107941
479	T	0.421	0.3110672
480	G	0.446	0.2571107
481	C	0.164	0.2446106
482	A	0.286	0.2443565
483	T	0.459	0.2270252
484	C	0.424	0.1857682
485	T	0.175	0.1421769
486	G	0.263	0.120069
487	T	0.428	0.1042126
488	G	-0.399	0.1000719
489	A	-0.200	0.1045287
490	C	0.432	0.08892795
491	C	0.153	0.06308221
492	A	-0.504	0.01046546
493	A	-0.494	-0.01562067
494	G	-0.137	-0.04266704
495	G	0.167	-0.05599817
496	C	0.380	-6.010625e-05
497	A	0.236	0.01560438
498	G	0.037	-0.01453732
499	C	0.045	-0.04240345
500	A	-0.417	-0.04275183
501	G	-0.241	0.01720992
502	A	-0.169	0.0497153
503	T	0.215	0.0609948
504	C	0.495	0.03911055
505	T	0.050	-0.002018825
506	T	-0.050	-0.02900871
507	T	-0.292	-0.03849547
508	G	-0.510	-0.017819
509	T	0.465	-0.03187781
510	G	0.382	-0.01927616
511	G	0.348	-0.04985778
512	T	0.030	-0.09137447
513	G	-0.421	-0.09830689
514	T	-0.394	-0.07868162
515	A	-0.106	-0.03567888
516	T	-0.086	0.01077162
517	C	-0.466	-0.02415909
518	A	0.032	-0.02487109
519	A	-0.274	-0.01655628
520	G	-0.168	-0.03134747
521	A	-0.060	-0.02361197
522	G	0.263	-0.01137928
523	C	0.395	-0.01066621
524	C	0.232	0.02149039
525	A	-0.093	0.07123351
526	C	0.371	0.08153667
527	A	0.481	0.08725817
528	G	-0.206	0.08728611
529	T	-0.298	0.09850154
530	A	-0.198	0.05748223
531	T	-0.094	-0.0003692688
532	C	0.427	-0.04385221
533	C	0.329	-0.04939661
534	A	0.197	-0.05011155
535	G	-0.182	-0.0531208
536	A	-0.168	-0.02506905
537	G	0.119	0.02009664
538	T	-0.392	0.06231101
539	A	-0.530	0.06562207
540	A	-0.462	0.02849713
541	C	-0.182	-0.02346918
542	A	0.360	-0.04653924
543	T	0.432	-0.01816281
544	C	0.242	0.004141944
545	A	0.424	0.02531894
546	G	0.476	0.07301988
547	C	-0.041	0.1279571
548	A	-0.166	0.1458049
549	T	-0.501	0.1336323
550	A	-0.171	0.08406294
551	C	0.271	0.02775251
552	A	0.188	-0.01163312
553	T	0.457	-0.06327793
554	C	0.370	-0.1009883
555	C	0.348	-0.07403188
556	A	-0.177	-0.03785519
557	A	-0.377	-0.02805581
558	G	-0.433	-0.05011981
559	A	-0.467	-0.07519812
560	A	-0.387	-0.08800579
561	G	-0.401	-0.104476
562	G	-0.126	-0.1276464
563	A	0.389	-0.1236455
564	C	0.412	-0.08853636
565	G	-0.345	-0.05206998
566	A	-0.524	-0.01832023
567	A	-0.129	0.04038233
568	C	-0.016	0.05389783
569	C	0.194	0.06561177
570	A	0	0.06344033
 571	C	0.412	0.04378207
572	A	0.384	0.02623113
573	T	0.206	0.02881669
574	C	0.106	0.06339182
575	C	0.471	0.04826932
576	A	-0.171	0.02568612
577	A	-0.214	-0.006293006
578	C	-0.161	-0.01512569
579	A	0.074	-0.01087526
580	G	0.132	-0.005541381
581	G	-0.303	-0.006791506
582	A	0.028	0.01447518
583	A	-0.371	0.007918494
584	T	-0.377	-0.008874069
585	A	-0.317	-0.02225132
586	A	-0.141	-0.01936951
587	C	0.481	-0.04812699
588	T	0.469	-0.07350906
589	G	0.186	-0.08832224
590	T	0.447	-0.1221442
591	G	0.366	-0.1111368
592	G	-0.440	-0.08691706
593	A	-0.428	-0.07246592
594	A	-0.115	-0.08229573
595	G	-0.385	-0.145655
596	T	-0.274	-0.2061721
597	A	-0.540	-0.2064239
598	A	-0.512	-0.2327281
599	G	-0.195	-0.2253747
600	A	0.010	-0.2042242
601	G	-0.085	-0.1488787
602	G	-0.298	-0.1290352
603	A	-0.532	-0.1159809
604	A	-0.498	-0.1211959
605	G	0.182	-0.1077826
606	C	0.026	-0.094551
607	T	0.483	-0.1019084
608	G	-0.101	-0.07651151
609	T	0.457	-0.04338596
610	C	0.202	-0.02134079
611	T	-0.176	0.01270126
612	G	-0.357	0.04279408
613	A	-0.326	0.01740226
614	A	-0.301	0.03313391
615	A	-0.313	0.02974503
616	G	0.416	0.06057797
617	G	0.444	0.05850566
618	G	0.054	0.05655628
619	A	0.011	0.09508641
620	T	-0.016	0.1427613
621	G	-0.224	0.1586183
622	T	0.278	0.1636547
623	C	0.429	0.1685267
624	C	0.391	0.1092091
625	G	0.423	0.06313447
626	C	0.170	0.07123724
627	G	0.440	0.09044544
628	T	0.405	0.1058503
629	G	-0.072	0.1472835
630	C	-0.220	0.1251484
631	T	-0.235	0.09828739
632	A	-0.532	0.08372658
633	A	-0.293	0.04098502
634	C	0.183	0.01128039
635	C	0.319	-0.01502057
636	C	0.229	-0.03458766
637	G	0.438	0.0005787188
638	G	-0.076	0.02602916
639	A	0	0.01522797
 640	T	0.158	0.01806884
641	T	-0.259	0.007609531
642	G	-0.304	-0.03142628
643	T	0.019	-0.08391297
644	A	0.092	-0.1147035
645	T	0.490	-0.1173902
646	C	0.186	-0.1101639
647	T	-0.408	-0.09590481
648	A	-0.487	-0.1095
649	A	-0.460	-0.09525953
650	A	-0.440	-0.1009172
651	A	-0.520	-0.1279289
652	A	-0.263	-0.1449369
653	C	0.395	-0.1459144
654	C	0.039	-0.1307215
655	A	0.228	-0.1005283
656	T	-0.059	-0.05917376
657	G	-0.032	-0.01948395
658	T	-0.394	0.01245891
659	A	-0.412	0.06903673
660	A	-0.179	0.1107637
661	C	0.474	0.1064355
662	C	0.429	0.1301074
663	A	0.074	0.1360469
664	C	0.174	0.1724906
665	A	0.174	0.1686105
666	G	0.070	0.1763951
667	C	0.384	0.1890929
668	T	0.404	0.1862493
669	G	0.326	0.1834616
670	C	0.418	0.1566069
671	C	0.323	0.1813689
672	C	0.524	0.1734945
673	A	-0.094	0.170913
674	A	-0.270	0.1931341
675	T	-0.209	0.1815294
676	T	-0.225	0.1276352
677	C	0.429	0.1128484
678	A	0	0.08041784
 679	C	0.471	0.03934403
680	A	0.048	-0.02207778
681	G	0.133	-0.04158566
682	C	0.425	-0.04965104
683	A	0.199	-0.04082358
684	G	-0.457	-0.03539727
685	A	0.090	-0.08146596
686	G	-0.100	-0.05640683
687	T	-0.334	-0.07905308
688	T	-0.458	-0.06144949
689	A	-0.406	-0.06004386
690	A	-0.399	-0.05740668
691	A	-0.068	-0.05913486
692	T	-0.138	-0.03602219
693	G	-0.307	-0.04475169
694	T	0.400	-0.06267457
695	G	0.108	-0.07193144
696	C	0.330	-0.06407394
697	A	0.155	-0.05305832
698	C	0.468	-0.01963332
699	C	0.171	0.00901485
700	T	-0.087	0.02978216
701	C	-0.049	0.07790023
702	A	-0.387	0.07679235
703	A	-0.482	0.08282423
704	A	-0.332	0.08653291
705	T	-0.230	0.07274613
706	C	0.135	0.06682157
707	T	0.389	0.07099363
708	C	0.193	0.09998846
709	C	0.462	0.118932
710	G	0.383	0.1724405
711	G	0.205	0.2287881
712	T	0.389	0.2210191
713	T	-0.064	0.2089228
714	T	0.373	0.1692002
715	C	0.238	0.1315342
716	C	0.376	0.122899
717	A	0.253	0.09946627
718	C	0.468	0.05920664
719	C	0.419	0.03960414
720	A	-0.457	0.01228706
721	A	-0.423	0.02081952
722	A	-0.500	-0.01337336
723	A	-0.212	-0.01327717
724	C	0.055	-0.02150911
725	T	0.087	-0.008759856
726	G	-0.260	-0.02187148
727	T	-0.108	-0.06389098
728	T	-0.047	-0.04718948
729	C	0.071	0.005624894
730	G	-0.173	0.05417771
731	G	0.239	0.09023933
732	C	0.244	0.09271731
733	G	0.457	0.08988176
734	G	0.258	0.07785438
735	G	-0.252	0.05684851
736	A	-0.190	0.03060047
737	G	0.421	0.02195179
738	C	0.276	0.04097142
739	T	0.364	0.05129773
740	C	0.095	0.05036779
741	C	0.042	0.02535815
742	A	-0.453	0.03165871
743	C	-0.444	0.02864178
744	A	-0.467	0.01603846
745	G	-0.066	-0.02335297
746	G	0.130	-0.06012922
747	G	0.404	-0.1057728
748	T	0.229	-0.1135894
749	C	0.057	-0.1286425
750	A	0.359	-0.07360849
751	A	-0.301	-0.02575743
752	T	-0.391	0.0007231875
753	A	-0.208	0.03197237
754	T	-0.311	0.05193599
755	A	-0.366	0.05289656
756	T	-0.029	0.02300624
757	A	-0.198	0.01942614
758	T	0.427	0.02332445
759	G	0.321	0.03679262
760	G	-0.043	0.08839418
761	G	0.433	0.1245716
762	C	0.449	0.150434
763	A	0.420	0.1404556
764	G	-0.248	0.1227665
765	T	0	0.1200476
 766	T	0.422	0.1005234
767	T	-0.085	0.1090914
768	C	0.433	0.1390335
769	C	0.369	0.1119557
770	T	0.102	0.06580404
771	A	-0.525	0.05365742
772	T	-0.312	0.08711111
773	A	-0.241	0.117796
774	G	0.114	0.1143598
775	C	0.458	0.1011617
776	C	0.435	0.04710725
777	A	0	0.04712838
 778	A	-0.288	0.051842
779	A	0.225	0.09876731
780	C	0.286	0.1409574
781	C	0.490	0.1460196
782	T	0.367	0.1463725
783	T	-0.296	0.1443636
784	T	-0.430	0.1171641
785	G	0.370	0.1436755
786	G	0.177	0.1794775
787	T	0.225	0.1840832
788	T	0.362	0.1564729
789	G	-0.160	0.1078869
790	A	0.120	0.0774495
791	C	0.426	0.06572775
792	T	0	0.1044109
 793	C	0.424	0.1067546
794	A	0.284	0.07357569
795	T	0.299	0.07789512
796	G	-0.155	0.08271281
797	C	-0.286	0.09748895
798	G	-0.119	0.07144551
799	A	-0.484	0.05267164
800	A	0.188	0.08083889
801	T	0.407	0.07212433
802	G	-0.353	0.0687087
803	C	0.294	0.07647914
804	C	0.439	0.1161341
805	A	0.075	0.1317937
806	A	-0.296	0.1659935
807	C	0.125	0.2024364
808	C	0.450	0.1895336
809	G	0.284	0.1640459
810	T	0.229	0.1771232
811	C	0.423	0.1622102
812	C	0.479	0.162383
813	G	-0.035	0.1428953
814	T	0.427	0.1410644
815	T	0.098	0.113009
816	T	-0.018	0.1031064
817	C	0	0.1091992
 818	A	-0.144	0.11205
819	G	0.055	0.09161289
820	T	0.441	0.07793439
821	G	-0.236	0.1074752
822	A	-0.325	0.06510337
823	A	-0.323	0.06314089
824	G	0.292	0.05700941
825	C	0.382	0.02776397
826	C	0.275	0.007561844
827	A	0.096	-0.02335176
828	G	0.260	-0.07825164
829	G	0.436	-0.07542764
830	A	-0.250	-0.02703639
831	G	0.067	0.02576105
832	A	-0.116	0.003740263
833	G	-0.467	-0.01812116
834	A	-0.467	-0.03201942
835	A	-0.439	-0.02559348
836	A	-0.436	-0.02302948
837	A	-0.191	-0.02342811
838	T	0.448	0.01098608
839	C	0.521	0.02255184
840	T	-0.060	0.01909915
841	T	0.032	0.04021603
842	A	0.052	0.0598294
843	G	0.199	0.1171508
844	G	0.301	0.14443
845	C	0.430	0.1451318
846	T	0.300	0.1118362
847	G	0.252	0.1041016
848	T	-0.171	0.1250498
849	G	-0.130	0.1129768
850	G	-0.153	0.1047537
851	A	0.478	0.0712892
852	C	0	0.04314926
 853	A	-0.179	0.03463845
854	A	-0.084	0.04339676
855	T	0.397	0.04578389
856	G	0.275	0.06013769
857	T	-0.160	0.08945169
858	G	-0.078	0.1033703
859	A	-0.335	0.05433082
860	A	-0.148	0.03615294
861	A	0.294	0.03059444
862	C	0.440	0.04624884
863	A	0.290	0.04777434
864	T	0.057	0.04466009
865	G	0.338	0.07486334
866	T	0.069	0.08612118
867	A	-0.306	0.09389318
868	T	-0.290	0.08325243
869	T	-0.268	0.09758424
870	G	0.166	0.08521862
871	C	0.422	0.07811462
872	T	0.225	0.09072019
873	C	0.322	0.05013875
874	A	0.101	0.01720938
875	G	-0.211	0.0154675
876	G	-0.319	0.01535081
877	A	0.523	0.03032786
878	T	0.242	0.01370898
879	T	0.176	-0.01267621
880	C	0.259	-0.04711427
881	T	-0.310	-0.09843309
882	G	-0.457	-0.1344373
883	A	-0.334	-0.1437682
884	T	-0.292	-0.1502154
885	A	-0.029	-0.1822221
886	C	-0.099	-0.1834827
887	A	0	-0.1797543
 888	G	-0.325	-0.1880575
889	A	-0.498	-0.1674047
890	A	-0.474	-0.1403482
891	A	-0.360	-0.1322314
892	G	-0.422	-0.1224609
893	T	0.011	-0.08828066
894	A	0.222	-0.05539202
895	C	0.236	-0.04896496
896	T	0.126	-0.0007213313
897	T	0.020	0.05608904
898	G	-0.024	0.09633598
899	A	-0.204	0.09433111
900	A	-0.136	0.1419237
901	T	0.517	0.1696951
902	C	0.426	0.183235
903	T	0.102	0.1695374
904	C	0.446	-
905	A	0.410	-
906	G	0.169	-
907	A	-0.392	-
908	C	0.339	-
909	T	0.455	-
910	C	0.438	-
911	A	0.017	-
