1	A	0.320	-
2	G	0.117	-
3	G	0.389	-
4	T	0.375	-
5	T	0	-
 6	T	0.234	0.1975625
7	T	-0.218	0.1903252
8	G	-0.172	0.168211
9	C	0.418	0.1783135
10	T	0.157	0.1366312
11	C	0.322	0.112228
12	A	0.425	0.09266558
13	G	0.233	0.1252035
14	A	-0.147	0.1457179
15	C	0.510	0.1455678
16	T	-0.124	0.162294
17	T	-0.292	0.1521729
18	T	0	0.1365726
 19	C	0.171	0.1507467
20	G	0.073	0.187069
21	G	0.416	0.1445323
22	G	0.358	0.154923
23	A	0.201	0.1736352
24	C	0.238	0.1805729
25	G	0.403	0.1493575
26	T	0.288	0.1319467
27	T	0	0.06864842
 28	T	0	-0.004115083
 29	G	-0.068	-0.05777525
30	G	0.083	-0.04118808
31	A	-0.202	-0.06033442
32	A	-0.135	-0.056263
33	T	-0.343	-0.04894623
34	T	-0.514	-0.02235331
35	A	-0.442	0.02468258
36	C	0.437	0.05005586
37	T	0.174	0.08786219
38	C	0.336	0.1260389
39	C	0.087	0.1797398
40	G	0.319	0.2617745
41	T	0.496	0.3353702
42	C	0.387	0.3186292
43	T	0.250	0.3440493
44	C	0.322	0.3228133
45	G	0.301	0.3077282
46	T	0.469	0.2662116
47	C	0.440	0.1863245
48	A	0.236	0.1207775
49	C	0.479	0.07121379
50	C	0.082	0.01690929
51	A	-0.093	-0.006697033
52	T	-0.179	-0.0568222
53	A	-0.462	-0.05450862
54	T	-0.398	-0.09251537
55	A	-0.344	-0.1551386
56	A	-0.328	-0.1551997
57	C	0.018	-0.1838698
58	A	-0.131	-0.135524
59	C	0.467	-0.08463929
60	A	-0.219	-0.02549687
61	T	-0.272	0.02065554
62	A	0.081	0.05606012
63	G	-0.437	0.01736045
64	C	0.401	0.01851712
65	A	0.148	-0.03651055
66	G	0.310	0.01278262
67	C	0.209	0.07784303
68	A	0.095	0.0931545
69	A	-0.446	0.1041037
70	G	-0.117	0.08241933
71	A	-0.192	0.03175342
72	C	0.372	0.02541433
73	C	0.508	-0.008171667
74	C	0.265	-0.04214117
75	A	-0.305	-0.02217358
76	T	0.140	-0.04563708
77	G	-0.459	-0.06202317
78	G	0.234	-0.1198152
79	G	-0.193	-0.1469331
80	A	-0.311	-0.1578595
81	T	-0.206	-0.1398278
82	T	-0.399	-0.1358362
83	T	-0.388	-0.06725666
84	C	-0.321	-0.04975632
85	A	0.182	0.002466925
86	T	0.134	0.03884884
87	C	-0.089	0.05861002
88	A	0.188	0.1320295
89	G	0.363	0.1947849
90	C	0.444	0.2091584
91	C	0.433	0.2065855
92	A	0.124	0.2368204
93	C	0.030	0.2105852
94	T	0.481	0.2290374
95	C	0.364	0.2095742
96	A	-0.148	0.1379103
97	C	0.152	0.08779793
98	C	0.496	0.05544518
99	A	-0.404	0.08687
100	T	0.410	0.06939342
101	C	0.129	0.075605
102	A	-0.415	0.1233241
103	G	-0.167	0.1425314
104	A	-0.263	0.1178733
105	G	0.407	0.1756484
106	T	0.271	0.1668573
107	C	0.438	0.1158815
108	C	0.423	0.1336658
109	T	0.382	0.1266848
110	C	0.200	0.1463781
111	A	0.288	0.1145696
112	G	0.304	0.1263898
113	T	-0.482	0.1261084
114	G	-0.201	0.1040672
115	G	-0.251	0.05073493
116	A	-0.027	-0.003488067
117	A	0.025	-0.01337982
118	G	0.413	-0.03993507
119	C	0.435	0.01923059
120	T	0.159	0.01992568
121	G	-0.257	0.06370826
122	A	-0.449	0.05900023
123	G	0.170	0.07966818
124	A	-0.013	0.0350141
125	G	0.227	-0.04279473
126	G	-0.193	-0.09824057
127	A	0.273	-0.1112357
128	G	-0.083	-0.1056463
129	C	0.273	-0.1314386
130	A	-0.122	-0.1446941
131	G	-0.498	-0.1902156
132	A	-0.505	-0.1878917
133	A	-0.413	-0.2386236
134	G	-0.382	-0.2421507
135	A	-0.139	-0.2461739
136	G	-0.173	-0.1991527
137	G	-0.318	-0.1762377
138	A	-0.165	-0.150393
139	A	-0.335	-0.1413907
140	G	-0.125	-0.0791555
141	C	0.225	-0.06464428
142	C	0.442	-0.01803762
143	A	-0.223	-0.004693533
144	A	-0.195	0.00476525
145	G	-0.305	0.01129083
146	C	0.364	-0.009825083
147	A	0.034	-0.06991008
148	A	0.386	-0.07717767
149	G	-0.158	-0.02631742
150	A	-0.052	0.01603083
151	G	-0.256	0.03677048
152	A	-0.379	-0.03336536
153	T	-0.495	-0.07180607
154	G	0.354	-0.1404824
155	C	0.386	-0.1608148
156	C	0.312	-0.1967319
157	A	-0.056	-0.2169894
158	G	-0.477	-0.1920409
159	A	-0.426	-0.1265573
160	A	-0.437	-0.1290321
161	A	-0.402	-0.1356014
162	A	-0.483	-0.1292941
163	A	-0.499	-0.1146953
164	A	-0.079	-0.09809195
165	G	0.290	-0.08498703
166	G	0.325	-0.04411642
167	G	0.308	0.014002
168	G	0.388	0.03098925
169	G	0.118	0.03784883
170	A	-0.278	0.00954245
171	A	-0.269	-0.04747613
172	G	0.052	-0.1002594
173	G	0.295	-0.1521483
174	A	-0.279	-0.1824145
175	A	-0.417	-0.2051154
176	A	-0.419	-0.1501551
177	T	-0.393	-0.09963144
178	A	-0.308	-0.07147698
179	A	-0.314	-0.1327617
180	T	0.024	-0.1466936
181	G	-0.153	-0.09051206
182	T	0.381	-0.07510206
183	G	0.337	-0.001885558
184	T	0.390	0.003262025
185	T	-0.440	0.01849719
186	A	-0.446	0.01192972
187	T	0.256	0.0540913
188	T	-0.234	0.03055558
189	T	0.484	-0.01264026
190	T	-0.246	-0.04138277
191	G	-0.131	-0.03424986
192	T	-0.053	-0.02208252
193	T	0.352	-0.08107977
194	T	0.098	-0.08408144
195	G	-0.181	-0.1567641
196	A	0.045	-0.1181513
197	G	-0.354	-0.09010019
198	T	-0.300	-0.04940916
199	A	-0.451	-0.04790974
200	T	-0.270	-0.0278321
201	A	-0.387	-0.02060347
202	G	0.217	-0.009868617
203	G	0.204	0.04898022
204	C	0.434	0.09840372
205	A	0.370	0.137606
206	G	0.339	0.1409094
207	G	-0.094	0.1659675
208	T	0.174	0.1495863
209	G	0.351	0.1605029
210	C	0.292	0.1386621
211	A	0.019	0.1189172
212	T	-0.231	0.1034775
213	T	-0.086	0.09650887
214	G	0.020	0.1056736
215	G	0.335	0.09011212
216	G	0.172	0.09206879
217	T	0.133	0.06108001
218	A	0.154	0.03923917
219	G	-0.178	0.03170807
220	C	0.284	0.06558758
221	A	0.164	0.0506115
222	C	0.316	0.075154
223	A	-0.352	0.08550517
224	A	-0.493	0.07905063
225	T	-0.177	0.105962
226	C	0.426	0.06530122
227	G	0.156	0.05566182
228	C	0.466	0.02059841
229	C	0.257	0.03968899
230	T	0.077	0.08362163
231	C	0.144	0.08746188
232	A	-0.203	0.02226105
233	C	0.049	0.01670239
234	A	-0.104	-0.06682469
235	G	-0.123	-0.1326589
236	C	0.034	-0.1642463
237	A	-0.131	-0.1399392
238	A	-0.355	-0.09016233
239	G	0.089	-0.07882618
240	A	-0.535	-0.05673418
241	A	-0.532	-0.01574343
242	G	-0.302	-0.03975282
243	G	0.436	-0.06761291
244	T	0.393	-0.05971383
245	C	0.185	-0.07632367
246	A	0.160	-0.02312592
247	C	0.368	0.00868475
248	T	-0.254	0.0542965
249	A	-0.465	0.01462397
250	G	-0.260	0.01557497
251	T	-0.109	0.03978888
252	T	0.102	0.06227288
253	C	-0.150	0.05949013
254	G	0.245	0.1034046
255	A	-0.039	0.1697425
256	G	0.405	0.2086603
257	C	0.475	0.2475423
258	C	0.430	0.2762797
259	T	0.334	0.3225942
260	C	0.272	0.3178014
261	G	0.330	0.3483837
262	G	0.206	0.3379623
263	C	0.356	0.2961
264	T	0.447	0.2515179
265	G	0.405	0.2338134
266	G	0.187	0.1727202
267	G	0.327	0.1289769
268	T	0.280	0.09960045
269	C	-0.026	0.1083414
270	A	-0.104	0.1065159
271	G	0.122	0.07666332
272	T	-0.460	0.04343882
273	T	-0.194	0.00782675
274	G	-0.146	-0.02193089
275	A	0.461	0.005278325
276	C	0.425	0.04054533
277	A	0.046	0.06461407
278	T	-0.210	0.1352317
279	T	-0.099	0.1209691
280	T	-0.077	0.16144
281	C	0.299	0.1410594
282	T	0.318	0.1224261
283	G	0.411	0.1308706
284	T	0.387	0.1377897
285	G	-0.365	0.160431
286	T	0.339	0.1698209
287	G	0.216	0.1249929
288	G	0.202	0.08901228
289	A	0.148	0.08110828
290	G	-0.127	0.04548177
291	T	0.171	0.07593243
292	T	0.035	0.0305431
293	T	-0.238	0.01246285
294	G	-0.113	-0.01667807
295	C	0.316	-0.003749233
296	A	-0.040	0.04257218
297	T	0	0.06163768
 298	G	-0.205	0.09438648
299	T	0	0.1519766
 300	T	-0.147	0.1813277
301	C	0.303	0.1735096
302	T	0.428	0.1497668
303	C	0.400	0.1099507
304	C	0.428	0.08616708
305	C	0.452	0.04628775
306	C	0.239	0.03381842
307	A	0.222	0.01085431
308	T	-0.325	0.01167331
309	G	-0.477	0.01532514
310	T	-0.490	0.01197389
311	T	-0.478	0.003816808
312	A	-0.297	0.01827872
313	G	0.027	-0.004318517
314	C	0.437	0.02943692
315	G	0.444	0.0618845
316	T	0.388	0.1071051
317	G	0.355	0.1815476
318	G	0.412	0.2367252
319	G	-0.048	0.2557354
320	T	0.079	0.2332368
321	T	-0.088	0.2109553
322	T	0.052	0.1751333
323	C	0.414	0.182489
324	C	0.365	0.178581
325	T	0.255	0.2155116
326	C	0.167	0.244072
327	C	0.177	0.2811268
328	G	-0.041	0.2962679
329	G	0.443	0.2938495
330	G	0.365	0.2938729
331	T	0.394	0.3032854
332	G	0.422	0.3123101
333	C	0.356	0.2583878
334	T	0.233	0.2180608
335	C	0.385	0.1594747
336	C	0.365	0.1420049
337	C	0.368	0.1433327
338	A	0.276	0.1326014
339	C	-0.470	0.1375247
340	A	-0.525	0.08050267
341	A	-0.259	0.009692167
342	G	0.156	-0.0547615
343	T	0.410	-0.1258618
344	C	0.293	-0.185161
345	C	0.415	-0.1636796
346	A	-0.450	-0.1285673
347	A	-0.463	-0.0711755
348	A	-0.408	-0.06127858
349	A	-0.484	-0.08833871
350	A	-0.435	-0.1393137
351	T	-0.212	-0.2016556
352	A	-0.104	-0.1587246
353	C	0.429	-0.1200588
354	T	0.274	-0.0488156
355	G	0.085	-0.005034133
356	T	-0.317	0.04220995
357	A	-0.332	0.0936822
358	T	0.064	0.1341923
359	G	0	0.1087285
 360	T	0.446	0.06231978
361	G	0.040	0.06118463
362	G	0.131	0.09155071
363	T	0.405	0.1208937
364	G	0.382	0.14442
365	A	0.123	0.1593321
366	C	-0.282	0.161118
367	A	0.072	0.1865198
368	T	0.046	0.1755618
369	T	0.019	0.1202975
370	G	0.347	0.1221214
371	G	0.178	0.1459415
372	G	0.468	0.1358648
373	T	0.345	0.111635
374	A	0	0.07377038
 375	A	-0.257	0.03762983
376	G	0.403	-0.03059708
377	C	0.409	-0.04745859
378	T	-0.403	-0.08979039
379	A	-0.218	-0.154939
380	A	-0.407	-0.1400048
381	A	-0.414	-0.1032539
382	A	-0.471	-0.09693739
383	T	-0.023	-0.1517021
384	T	-0.039	-0.1028783
385	G	-0.436	-0.07938797
386	T	0.179	-0.01714013
387	T	0.183	0.0075032
388	C	0.479	0.05247562
389	G	-0.247	0.04209787
390	T	0.182	0.08095792
391	A	0.063	0.123427
392	T	0.339	0.1111535
393	T	-0.118	0.09301862
394	G	0.067	0.06287453
395	T	-0.147	0.0724357
396	A	0.426	0.08292803
397	T	0.073	0.1029692
398	G	0.031	0.03889519
399	T	-0.034	0.006819108
400	G	0.118	0.01309361
401	T	-0.133	0.05586311
402	G	0.308	-0.01342139
403	T	0.303	-0.03810826
404	G	-0.429	-0.03795167
405	A	-0.503	-0.05145992
406	A	0.143	-0.0470035
407	T	0.365	-0.01118317
408	G	-0.404	-0.04602417
409	A	-0.222	-0.08492967
410	G	0.033	-0.05280544
411	T	-0.196	-0.02420594
412	G	0.171	-0.03739492
413	T	0.296	-0.04240067
414	G	-0.109	-0.00866
415	T	-0.163	-0.01421583
416	A	-0.044	-0.03889142
417	T	-0.160	-0.005525417
418	G	-0.015	-0.058958
419	G	0.305	-0.07863211
420	A	0	-0.05185861
 421	T	-0.289	0.000500225
422	G	-0.262	0.04229525
423	T	0.203	0.06805892
424	T	-0.469	0.06037264
425	T	0.060	0.01368897
426	C	0.211	-0.008606108
427	C	0.465	-0.02385411
428	C	0.457	0.01483223
429	A	0.148	0.01647781
430	G	-0.107	0.07546364
431	T	-0.254	0.02703742
432	G	-0.267	0.04883592
433	A	-0.472	0.01546489
434	T	0.201	-0.02481152
435	G	0.223	-0.03984642
436	G	0.238	-0.05492042
437	G	-0.520	-0.008046425
438	T	0.473	0.04794641
439	T	0.064	0.1206891
440	G	-0.026	0.103861
441	C	-0.031	0.09499583
442	A	-0.288	0.09695174
443	G	0.307	0.1700845
444	C	0.404	0.158682
445	T	0.400	0.1545313
446	G	0	0.1873088
 447	G	0.117	0.1899432
448	G	0.261	0.1864138
449	T	0.357	0.1845144
450	G	0.336	0.1210861
451	G	0.014	0.1121684
452	C	0.367	0.09613624
453	A	0	0.09780866
 454	A	-0.330	0.06879623
455	C	0.284	0.06875573
456	A	-0.356	0.06106023
457	C	0.293	0.09072132
458	A	-0.192	0.06890074
459	G	0.137	0.09968449
460	T	-0.086	0.1100492
461	G	0.356	0.09484482
462	G	0.244	0.1030866
463	C	0.370	0.09700199
464	A	0.105	0.09212283
465	C	0.369	0.1001129
466	A	-0.206	0.083592
467	G	0.102	0.05091795
468	T	-0.257	0.01772512
469	A	0.220	-0.0065585
470	G	-0.250	0.009816333
471	G	0.233	0.0058915
472	T	-0.284	0.044024
473	A	-0.035	0.03394055
474	G	-0.153	0.04062313
475	T	0.079	0.01224463
476	G	0.301	0.01962963
477	C	0.322	0.01630122
478	T	0.251	0.06228222
479	G	-0.018	0.1060249
480	T	-0.177	0.1388535
481	T	-0.119	0.1199703
482	T	-0.162	0.104529
483	C	0.193	0.0689583
484	C	0.267	0.0376983
485	T	0.489	0.04209681
486	C	0.240	0.04598056
487	A	-0.147	0.02635639
488	C	0.116	0.02526697
489	A	-0.104	-0.03291094
490	G	-0.123	-0.09696094
491	C	0.034	-0.161831
492	A	-0.131	-0.2169058
493	A	-0.355	-0.1672466
494	G	-0.175	-0.1448893
495	A	-0.504	-0.1016523
496	A	-0.501	-0.08045294
497	G	-0.289	-0.04987492
498	G	-0.420	-0.04431186
499	T	0.448	-0.01559238
500	T	0.384	-0.0274723
501	G	0.414	0.0268217
502	C	0.130	0.10438
503	T	0.400	0.1476885
504	G	-0.064	0.1827631
505	G	-0.010	0.1791242
506	T	-0.317	0.1866876
507	T	0.146	0.1880266
508	C	0.429	0.2050353
509	G	0.230	0.1943624
510	A	0	0.2272771
 511	G	0.405	0.2453745
512	C	0.475	0.3015901
513	C	0.430	0.3266718
514	T	0.334	0.3246645
515	C	0.272	0.3210938
516	G	0.330	0.3483837
517	G	0.206	0.3379623
518	C	0.356	0.3081989
519	T	0.447	0.2567915
520	G	0.405	0.2610257
521	G	0.187	0.258797
522	G	0.327	0.2666094
523	T	0.280	0.2267103
524	C	0.118	0.2216402
525	A	-0.186	0.1843322
526	G	0.385	0.1914915
527	T	0.246	0.155979
528	T	0.424	0.1382182
529	G	-0.272	0.09931533
530	G	0.295	0.1274268
531	A	0	0.1566916
 532	G	0.490	0.1405294
533	T	-0.238	0.1333506
534	T	0.114	0.1230029
535	T	-0.186	-
536	C	0.455	-
537	T	0.164	-
538	G	0.191	-
539	C	0.160	-
540	G	0.300	-
