1	G	0.188	-
2	G	-0.065	-
3	T	0.242	-
4	T	0.389	-
5	C	0.415	-
6	C	0.430	0.3006699
7	T	0.497	0.274001
8	G	-0.151	0.2446605
9	A	0.423	0.1971761
10	C	0.444	0.1337696
11	C	0.492	0.05157309
12	A	-0.104	0.005249491
13	A	-0.388	-0.009678964
14	G	-0.279	0.04600076
15	A	-0.307	0.03036995
16	T	-0.488	0.0367594
17	A	-0.079	0.03108222
18	C	0.332	0.001104673
19	T	0.461	0.03975779
20	T	0.251	0.02776915
21	C	0.514	0.04168806
22	T	0.430	0.102037
23	A	-0.434	0.1436918
24	C	0.036	0.1603778
25	A	-0.411	0.1446838
26	T	-0.154	0.08060394
27	A	0.175	-0.01275661
28	C	0.379	-0.1008048
29	C	0.516	-0.09749725
30	T	0.288	-0.09307567
31	A	-0.453	-0.01959922
32	A	-0.512	0.02060196
33	A	-0.538	0.02095151
34	A	-0.398	-0.01351395
35	G	0.085	-0.0970344
36	G	0.396	-0.1670921
37	C	0.287	-0.1695617
38	T	0.179	-0.1593401
39	T	0	-0.1429684
 40	T	-0.402	-0.1502414
41	A	-0.482	-0.1924192
42	A	-0.480	-0.2508055
43	A	-0.400	-0.2866659
44	A	-0.358	-0.313251
45	A	-0.478	-0.313251
46	A	-0.378	-0.2871083
47	T	-0.245	-0.2032675
48	T	-0.106	-0.1248179
49	A	-0.113	-0.07442555
50	T	0	-0.04631327
 51	G	-0.114	0.03486255
52	C	0.440	0.06929782
53	C	0.382	0.06943136
54	C	0.154	0.09270036
55	A	-0.049	0.1116411
56	T	0.414	0.1249379
57	C	0	0.1647876
 58	A	-0.244	0.160528
59	C	0.149	0.1135713
60	C	0.095	0.1191722
61	A	0.146	0.1648772
62	T	0.323	0.158364
63	C	0.393	0.1689556
64	A	-0.134	0.2177694
65	G	0.215	0.2067174
66	T	0.453	0.2046987
67	C	0.343	0.1830922
68	A	0.116	0.1077667
69	C	0.292	0.03076602
70	T	0.027	0.06617056
71	G	0.072	0.08713738
72	T	-0.091	0.04478465
73	T	-0.504	0.01761209
74	A	-0.453	0.02639818
75	C	0.255	0.01588109
76	C	0.446	0.03718254
77	A	-0.012	0.05937125
78	G	0.044	0.03999707
79	G	0.213	0.1015851
80	G	0.177	0.1512067
81	C	0.261	0.1319552
82	C	0.317	0.1315917
83	A	-0.304	0.1626496
84	G	0.172	0.203286
85	T	0.092	0.1452908
86	G	0.043	0.1133297
87	C	0.442	0.06761558
88	C	0.329	0.07200813
89	T	0.491	0.1373836
90	C	-0.424	0.1114104
91	A	-0.174	0.1141248
92	T	-0.240	0.1039356
93	C	0.365	0.07955719
94	T	0.414	0.07617055
95	G	-0.113	0.06126774
96	G	0.121	0.1384933
97	A	-0.068	0.2001133
98	C	0.174	0.1808451
99	T	0.292	0.1668201
100	C	0.327	0.1117585
101	T	0.424	0.1037876
102	C	0.503	0.08079092
103	A	-0.452	0.05080091
104	T	0.211	-0.01061936
105	C	-0.191	-0.07801364
106	T	-0.200	-0.1281127
107	T	-0.130	-0.1733569
108	A	-0.398	-0.20087
109	T	-0.501	-0.1450895
110	A	-0.449	-0.1996201
111	G	-0.223	-0.2016032
112	G	-0.072	-0.1929641
113	A	0.200	-0.1979431
114	C	0.160	-0.1431539
115	G	-0.388	-0.08189022
116	A	-0.212	-0.07645858
117	A	-0.105	-0.07967304
118	C	-0.185	-0.07634178
119	A	0.204	-0.1032203
120	T	0.172	-0.107129
121	G	-0.389	-0.03105144
122	A	-0.259	-0.02850816
123	A	-0.036	0.01606675
124	C	-0.094	0.01982484
125	A	0.117	0.02106256
126	C	0.448	0.0283702
127	A	-0.184	0.07590202
128	G	0.384	0.1185611
129	G	-0.144	0.1509781
130	A	0.217	0.1996543
131	G	0.252	0.1861681
132	C	0.133	0.1878329
133	A	0.210	0.1703627
134	C	0.320	0.1253539
135	C	0.440	0.1649962
136	A	-0.030	0.1123323
137	G	0.466	0.0936851
138	G	-0.377	0.09292801
139	A	-0.110	0.1054598
140	T	0.291	0.1138833
141	T	-0.361	0.1140285
142	T	0.047	0.1374025
143	G	0.125	0.07583595
144	G	0.347	0.09792967
145	G	0.412	0.09295067
146	C	0.442	0.06375783
147	C	0.226	0.1270323
148	T	-0.210	0.1142861
149	A	-0.134	0.08990011
150	C	-0.165	0.03601375
151	G	-0.029	0.03504593
152	C	0.334	0.0350472
153	T	-0.092	0.05440738
154	A	-0.143	0.1000814
155	G	-0.244	0.1483067
156	G	0.402	0.1996935
157	G	0.442	0.2303933
158	T	0.439	0.186312
159	G	0.291	0.1787856
160	G	0.396	0.1424635
161	C	0.399	0.1258522
162	T	0.308	0.09446066
163	T	-0.150	0.08266294
164	G	-0.175	0.08129885
165	A	-0.542	0.08295348
166	A	-0.427	0.08088212
167	G	0.056	0.08644012
168	C	0.312	0.08146539
169	C	0.424	0.07994494
170	T	0.309	0.1106485
171	C	0.373	0.1915014
172	C	0.461	0.2690411
173	T	0.253	0.3052625
174	G	-0.167	0.2803627
175	T	0.162	0.2216696
176	C	0.346	0.1803615
177	C	0.425	0.110858
178	T	0.455	0.07455185
179	G	0.038	0.006463945
180	A	-0.221	-0.01791215
181	T	-0.144	-0.01765951
182	G	-0.390	-0.08173615
183	A	0.061	-0.1138434
184	A	-0.495	-0.1944128
185	T	-0.435	-0.1847998
186	A	0.165	-0.1646969
187	G	-0.358	-0.1687392
188	G	0.072	-0.1584653
189	G	-0.430	-0.2015247
190	A	0.144	-0.1948336
191	C	0	-0.1927485
 192	T	-0.189	-0.1754053
193	A	-0.277	-0.1050692
194	T	-0.411	-0.07335609
195	G	-0.421	-0.03418418
196	A	-0.412	-0.06517145
197	T	0.356	-0.080188
198	C	0.415	-0.01911018
199	C	0.420	-0.01231664
200	A	0	-0.005855364
 201	G	-0.196	0.01455473
202	A	-0.165	0.06542291
203	G	0.482	0.07260918
204	G	-0.203	0.02175573
205	A	-0.340	-0.06064418
206	A	-0.197	-0.05936589
207	T	0.147	-0.05668289
208	C	0.435	-0.06385935
209	G	-0.143	-0.0763918
210	A	-0.485	-0.02477635
211	A	0.014	0.04640702
212	G	-0.167	0.07496984
213	A	-0.244	0.0496342
214	C	0.344	-0.02399262
215	T	0.364	-0.04975025
216	C	0.442	-0.03603662
217	A	0.116	-0.07295955
218	G	-0.131	-0.07308455
219	G	-0.374	-0.08388573
220	A	-0.427	-0.1199699
221	A	-0.334	-0.1203705
222	T	-0.392	-0.1241649
223	A	-0.168	-0.1465022
224	C	-0.362	-0.1133862
225	A	-0.052	-0.05237758
226	G	0.360	0.002367236
227	T	0.400	0.06792315
228	G	-0.128	0.1273834
229	C	0.232	0.1412809
230	G	0.296	0.186394
231	T	0.174	0.1828529
232	C	0.386	0.1461569
233	T	0.261	0.07190113
234	G	-0.015	0.0767198
235	G	0.133	0.01769007
236	A	-0.090	-0.01134996
237	G	-0.043	-0.04228224
238	A	-0.416	-0.04604133
239	A	-0.075	-0.02933933
240	G	-0.416	-0.02792554
241	G	-0.023	-0.04633911
242	A	-0.165	-0.06400248
243	T	0.345	-0.05514876
244	C	0.445	-0.05057467
245	A	0	-0.08874735
 246	C	-0.069	-0.09441098
247	A	-0.285	-0.1344939
248	T	0.053	-0.1563149
249	T	-0.366	-0.2248639
250	A	-0.495	-0.3127307
251	A	-0.478	-0.3480988
252	G	-0.463	-0.3586412
253	A	-0.405	-0.3714856
254	A	-0.408	-0.4123266
255	A	-0.520	-0.4078901
256	A	-0.389	-0.3882217
257	T	-0.185	-0.3781907
258	G	-0.426	-0.355868
259	A	-0.395	-0.3209254
260	T	-0.317	-0.2485317
261	A	-0.279	-0.1615376
262	A	-0.368	-0.1453436
263	C	-0.218	-0.1459854
264	A	-0.020	-0.1440938
265	C	0.387	-0.119666
266	C	0.436	-0.04624184
267	G	-0.210	-0.0007652909
268	A	-0.192	0.008194255
269	G	-0.405	-0.008862382
270	A	-0.126	-0.02997691
271	T	0.490	-0.1018185
272	C	0.220	-0.1835924
273	T	-0.269	-0.1906818
274	A	-0.406	-0.1354657
275	A	-0.253	-0.1137619
276	A	-0.402	-0.1244044
277	A	-0.463	-0.1644433
278	A	-0.288	-0.1964769
279	T	0.415	-0.1501613
280	G	-0.166	-0.07402304
281	G	-0.243	-0.01750604
282	T	0.049	-0.008845218
283	A	-0.131	-0.002838127
284	A	0.239	-0.007056855
285	C	0.431	-0.08229276
286	T	0.368	-0.08201531
287	T	-0.307	-0.08863067
288	A	-0.397	-0.1214793
289	T	-0.335	-0.1577289
290	A	-0.412	-0.1483419
291	A	-0.163	-0.1800376
292	A	-0.316	-0.2403794
293	C	-0.311	-0.2425787
294	A	-0.530	-0.2434694
295	A	0.342	-0.2589339
296	C	0.082	-0.2630104
297	A	-0.295	-0.2650063
298	G	-0.331	-0.2684519
299	A	-0.407	-0.224308
300	A	-0.505	-0.1950345
301	A	-0.457	-0.2248038
302	A	-0.185	-0.2220458
303	G	-0.354	-0.1790726
304	G	0.174	-0.1086219
305	A	-0.208	-0.03949322
306	G	0.015	0.01397277
307	G	0.113	0.01733623
308	G	0.177	-0.002704591
309	T	0.443	-0.01422905
310	C	0.353	-0.0686065
311	T	0.082	-0.08555805
312	G	-0.420	-0.1270037
313	T	-0.406	-0.1780559
314	A	-0.481	-0.1591613
315	A	-0.423	-0.2429664
316	A	-0.394	-0.2847196
317	A	-0.440	-0.2780947
318	A	-0.448	-0.2570846
319	C	0.385	-0.1792945
320	A	-0.478	-0.09742582
321	A	-0.106	-0.02782018
322	G	0.155	0.02055718
323	G	-0.189	0.09594982
324	C	0.449	0.1784709
325	T	0.419	0.1855907
326	G	0.341	0.2787988
327	G	0.137	0.2484102
328	T	0.388	0.2342662
329	T	0.459	0.2764223
330	C	0.463	0.2443013
331	T	0.546	0.1866311
332	T	-0.440	0.1297219
333	T	0	0.07384819
 334	C	0.274	0.04405617
335	A	0.096	-0.03753592
336	A	-0.214	-0.1235674
337	T	-0.284	-0.1557996
338	G	-0.477	-0.1097112
339	T	0.061	-0.1440902
340	A	-0.438	-0.2033557
341	A	-0.482	-0.2430787
342	T	0.192	-0.2463374
343	C	0.066	-0.2451374
344	A	-0.378	-0.2072053
345	A	-0.377	-0.2255252
346	A	-0.340	-0.2217012
347	T	-0.250	-0.1863615
348	A	-0.271	-0.2258012
349	G	-0.059	-0.1997911
350	A	-0.140	-0.1225768
351	G	-0.396	-0.04697174
352	A	-0.094	0.02947545
353	T	-0.241	0.08814208
354	G	0.352	0.1566236
355	C	0.471	0.1584325
356	T	0.454	0.1791399
357	T	0.499	0.2161909
358	C	0.394	0.1905409
359	T	0.482	0.1752129
360	C	-0.040	0.09602217
361	A	0.087	0.008785445
362	C	0.011	0.007895809
363	A	-0.376	-0.01552501
364	A	-0.410	-0.006538009
365	A	-0.518	-0.0596061
366	A	-0.488	-0.09320813
367	C	0.444	-0.1433204
368	T	0.242	-0.1806866
369	C	0.493	-0.1689363
370	A	-0.101	-0.1645765
371	A	-0.409	-0.1579855
372	T	-0.463	-0.1521307
373	A	-0.399	-0.2412725
374	A	-0.246	-0.3068865
375	A	-0.362	-0.3712459
376	G	-0.445	-0.3959104
377	A	-0.424	-0.3874662
378	A	-0.536	-0.3660212
379	A	-0.479	-0.3565249
380	C	-0.214	-0.3718028
381	A	-0.372	-0.3103056
382	A	-0.316	-0.2317669
383	G	-0.227	-0.1932203
384	A	-0.295	-
385	G	-0.414	-
386	C	0.314	-
387	C	0.418	-
388	A	0	-
 