1	C	0.289	-
2	A	0.388	-
3	G	0	-
 4	G	0.032	-
5	G	0.390	-
6	C	0.100	-
7	A	0.078	-
8	T	0.326	0.1838278
9	C	-0.079	0.1940374
10	A	0.213	0.1876733
11	T	-0.218	0.2044238
12	C	0.138	0.1759383
13	A	0.346	0.1345204
14	G	0.354	0.1115725
15	C	0.398	0.1208467
16	C	0.442	0.08731507
17	C	0.292	0.07415113
18	T	0.251	0.05994053
19	T	-0.395	0.0882256
20	T	-0.230	0.1040281
21	T	-0.243	0.0780792
22	C	0.218	0.03648013
23	A	-0.176	-0.025779
24	G	-0.276	-0.0882584
25	A	0	-0.1272951
 26	T	0.205	-0.1714217
27	C	0.375	-0.1220107
28	C	-0.043	-0.09361887
29	T	-0.269	-0.06498953
30	A	-0.535	-0.1109962
31	A	-0.494	-0.1155685
32	G	-0.292	-0.08171933
33	G	-0.410	-0.07350273
34	T	0.345	-0.06347533
35	T	0.195	-0.06150367
36	C	0.185	-0.04874273
37	T	-0.472	-0.05775513
38	G	-0.245	-0.05779707
39	A	0.231	-0.05961913
40	G	0.123	-0.03249047
41	G	0.355	0.0064644
42	C	0.404	-0.0016776
43	T	0.148	-0.0008858667
44	T	-0.404	0.02097693
45	A	-0.536	0.07654227
46	A	-0.522	0.1151424
47	C	0.114	0.08613413
48	G	0.173	0.07232999
49	T	0.223	0.02875213
50	C	0.207	-0.03320747
51	A	0.513	-0.07493087
52	C	0.361	-0.06017187
53	A	0.333	0.003512927
54	C	-0.204	0.06269639
55	A	-0.083	0.06888126
56	G	-0.297	0.07978919
57	A	-0.524	0.09417986
58	A	-0.477	0.08398675
59	G	-0.183	0.06931768
60	C	0.419	0.07289568
61	T	0.365	0.07461721
62	A	0.206	0.1141011
63	C	0.337	0.1115638
64	T	0.439	0.146287
65	G	0.054	0.2037672
66	C	0.293	0.255077
67	C	0.415	0.258668
68	A	0.359	0.2358552
69	C	0.388	0.1792745
70	A	-0.121	0.1370986
71	T	0.222	0.07819769
72	G	0.337	0.05491565
73	G	0.292	0.0809997
74	A	-0.129	0.09131097
75	T	0.077	0.07940617
76	T	-0.483	0.02765743
77	A	-0.425	-0.0148913
78	A	-0.546	-0.03033757
79	A	0.090	-0.06733617
80	C	0.445	-0.08847515
81	C	0.448	-0.09177875
82	C	0.236	-0.05659529
83	A	-0.416	-0.05446883
84	A	-0.250	-0.02952556
85	G	-0.353	-0.02772776
86	A	-0.332	0.01413042
87	A	0.020	0.01029267
88	C	0.242	0.0107854
89	T	0.398	0.01684747
90	T	0.108	0.00763642
91	G	-0.109	0.02609969
92	A	-0.398	0.03999283
93	G	0.081	0.03252503
94	A	0.032	0.0280973
95	G	0.452	-0.005947713
96	C	0.538	-0.04045658
97	T	0.098	-0.08789785
98	A	-0.139	-0.07223151
99	T	-0.041	-0.06410281
100	T	-0.465	-0.03898365
101	T	-0.398	-0.06603316
102	A	-0.490	-0.0876261
103	A	-0.275	-0.1156712
104	A	-0.313	-0.1800994
105	G	0.343	-0.2008532
106	C	0.012	-0.2090964
107	T	-0.022	-0.21012
108	T	-0.324	-0.2083594
109	A	-0.290	-0.1817932
110	A	0.032	-0.1686062
111	G	-0.427	-0.1472927
112	G	-0.212	-0.1032875
113	A	-0.263	-0.09578854
114	T	-0.056	-0.07149557
115	T	-0.439	-0.07259615
116	T	0	-0.07966415
 117	T	-0.292	-0.07169635
118	G	0.044	-0.07465116
119	C	0.346	-0.08031203
120	C	0.456	-0.06611876
121	C	0.377	-0.02233409
122	T	-0.038	-0.01249713
123	A	-0.430	0.02159587
124	A	-0.171	0.05322307
125	C	-0.012	0.09501487
126	A	-0.512	0.1078886
127	A	0	0.09210563
 128	T	0.393	0.05618237
129	G	0.090	0.0003767
130	T	0.072	-0.02456855
131	T	0.474	-0.005558953
132	C	0.334	-0.02603975
133	A	0.237	-0.05049215
134	C	0.109	-0.02576049
135	T	-0.082	-0.03858089
136	T	-0.459	-0.07463209
137	T	-0.412	-0.08916553
138	T	-0.144	-0.09805114
139	T	-0.478	-0.1018524
140	T	-0.378	-0.1148922
141	T	-0.141	-0.1212146
142	T	-0.192	-0.1320842
143	T	-0.147	-0.1161992
144	T	-0.127	-0.05809149
145	G	-0.061	-0.00482702
146	C	0.417	0.02635271
147	A	0.138	0.03155345
148	C	0.142	0.02676065
149	A	-0.053	0.01241125
150	G	0.155	0.0004839133
151	C	0.411	-0.01204742
152	C	0.386	-0.03083775
153	C	0.322	-0.005815613
154	G	-0.400	-0.02997189
155	A	-0.450	-0.05912295
156	A	-0.356	-0.06865182
157	A	-0.371	-0.07927754
158	A	-0.335	-0.1174531
159	A	-0.409	-0.1289681
160	T	0.314	-0.1475796
161	T	0.055	-0.15603
162	T	-0.298	-0.1240493
163	A	0	-0.1191721
 164	G	-0.212	-0.1177289
165	G	-0.416	-0.1218525
166	A	0.239	-0.12546
167	T	0.107	-0.1109059
168	T	0.195	-0.1318571
169	C	0.079	-0.1362757
170	T	-0.377	-0.1065968
171	A	-0.334	-0.07972218
172	A	-0.433	-0.03513678
173	T	-0.389	0.01942462
174	A	-0.190	0.03449162
175	A	0	0.03250248
 176	C	-0.011	-0.005501587
177	C	0.146	-0.03156734
178	A	0.403	-0.03375947
179	T	0.456	-0.03038701
180	C	0.401	-0.03636261
181	C	0.465	0.002496993
182	A	0.077	0.04170766
183	G	-0.374	0.05783873
184	A	-0.311	0.07320986
185	A	-0.410	0.09437919
186	T	-0.284	0.08077293
187	A	-0.522	0.03076453
188	T	0.193	-0.01066774
189	C	0.397	-0.06295867
190	T	0.241	-0.078855
191	G	0.219	-0.0313018
192	C	0.464	0.02515913
193	C	0.199	0.073163
194	A	-0.293	0.0974646
195	A	-0.219	0.1373811
196	G	-0.319	0.1372204
197	T	-0.161	0.09581625
198	A	0.339	0.1021447
199	C	0.534	0.06571892
200	T	0.309	0.00806592
201	T	0.080	-0.01229788
202	C	0.076	0.01231988
203	G	0.190	0.05102808
204	A	-0.223	0.07775285
205	C	0.336	0.07231191
206	A	-0.327	0.0445964
207	T	-0.400	0.03770973
208	A	-0.106	0.04640987
209	G	0.075	0.05622013
210	C	0.360	0.06862008
211	A	0.081	0.08845621
212	G	-0.242	0.1189894
213	T	-0.076	0.1196953
214	C	0.431	0.1548587
215	T	0.439	0.2092856
216	C	0.227	0.2226597
217	C	0.262	0.242102
218	C	0.488	0.2278633
219	T	0.234	0.2385444
220	T	0.347	0.2780261
221	C	0.200	0.2848675
222	C	0.416	0.279221
223	C	0.094	0.2447784
224	T	0.366	0.2557763
225	T	0.147	0.2606916
226	C	0.241	0.260808
227	C	0.349	0.2821734
228	A	0.026	0.24641
229	G	0.346	0.2580973
230	A	-0.076	0.2269479
231	T	0.392	0.1955595
232	T	0.335	0.1739621
233	C	0.490	0.1923058
234	T	0.554	0.1779033
235	T	-0.188	0.1843697
236	A	0.375	0.2109714
237	C	-0.051	0.2003394
238	A	-0.376	0.2366304
239	T	0.043	0.218347
240	C	0.422	0.2085536
241	A	0.025	0.1522203
242	C	0.446	0.08909537
243	T	0.425	0.08018423
244	G	0.187	0.0878403
245	C	0.467	0.09307787
246	C	0.118	0.0854148
247	A	0.188	0.04919137
248	A	-0.354	0.006504967
249	G	-0.392	-0.00690354
250	A	-0.322	-0.03788745
251	A	0.490	-0.05348392
252	C	0.027	-0.06385246
253	A	-0.491	-0.07957559
254	A	-0.500	-0.06921959
255	A	-0.217	-0.1006577
256	G	-0.175	-0.07699453
257	T	-0.018	-0.04183753
258	G	0.191	0.008884007
259	C	0.031	-0.03063346
260	G	0.231	-0.00809332
261	T	0.273	0.05438055
262	G	-0.282	0.0843943
263	G	0	0.1130935
 264	A	0.135	0.1370846
265	T	0.438	0.1391305
266	C	-0.102	0.1073845
267	A	0.365	0.08494935
268	C	0.445	0.06079021
269	T	-0.050	0.06189495
270	G	0.212	0.1087559
271	A	0.184	0.1391298
272	G	0.012	0.1141529
273	G	-0.285	0.08705566
274	A	-0.304	0.08438513
275	T	-0.130	0.04972646
276	T	0.289	-0.004030607
277	C	0.420	0.006384907
278	C	0.455	-0.03230129
279	T	-0.239	-0.06198723
280	A	0.031	-0.07141195
281	G	-0.142	-0.06179402
282	G	-0.154	-0.01781582
283	A	-0.360	0.005451913
284	G	0.106	0.01780745
285	A	-0.367	-0.01775502
286	A	-0.260	-0.07107549
287	A	-0.129	-0.04079602
288	G	-0.140	-0.06351747
289	T	0.355	-0.0457744
290	C	0.218	-0.0234366
291	T	0.475	0.026137
292	G	-0.113	0.04840813
293	A	-0.344	0.09594533
294	T	0.214	0.1286162
295	C	-0.309	0.1710296
296	G	0.123	0.1936753
297	A	0.180	0.1812726
298	C	0.382	0.1903702
299	C	0.440	0.1612082
300	C	0.345	0.1485447
301	G	0.229	0.152882
302	T	0.507	0.1494816
303	C	0.198	0.1809952
304	T	0.169	0.1539496
305	C	0.354	0.1553164
306	A	0.037	0.1279619
307	G	-0.303	0.1288066
308	A	-0.279	0.09111013
309	T	0.163	0.1017145
310	C	0.163	0.0941796
311	A	-0.281	0.1068053
312	C	0.201	0.1110031
313	A	-0.027	0.1098687
314	T	0.452	0.1340138
315	G	-0.220	0.181762
316	T	0.388	0.2274988
317	T	0.394	0.2020634
318	C	0.388	0.1969526
319	A	0.232	0.1960314
320	C	0.337	0.1484305
321	C	0.400	0.1577168
322	C	0.413	0.1336424
323	T	0.406	0.1549479
324	C	-0.217	0.1087057
325	G	0.086	0.06414008
326	A	-0.295	0.01420575
327	G	-0.512	-0.01421619
328	T	0.111	-0.00844712
329	T	0.091	-0.008073853
330	G	0.099	-0.01776859
331	G	-0.305	-0.04489605
332	A	-0.274	-0.05968652
333	G	-0.360	-0.08119699
334	A	-0.194	-0.09333392
335	C	0.424	-0.08501645
336	G	0.405	-0.07052912
337	C	0.267	-0.07383001
338	T	0	-0.07595738
 339	G	-0.439	-0.05560305
340	A	-0.235	-0.00843478
341	A	-0.477	0.04245249
342	A	-0.388	0.04234989
343	C	0.329	-0.01405425
344	T	0.042	-0.06319865
345	G	0.067	-0.106874
346	G	0	-0.08357251
 347	T	0.433	-0.02721138
348	G	0.402	-0.03958298
349	G	-0.195	0.00475122
350	A	-0.421	0.03062295
351	A	-0.331	0.01459002
352	C	-0.387	0.01317434
353	A	0.349	0.02017691
354	C	0.405	0.007541313
355	A	-0.421	-0.04646735
356	G	0.187	-0.08124049
357	T	0	-0.08258769
 358	C	0.088	-0.03818555
359	A	0.020	-0.02184315
360	C	0.172	0.01191925
361	A	-0.189	-0.03137315
362	T	-0.376	-0.08704681
363	G	-0.118	-0.08603128
364	A	-0.216	-0.132672
365	C	0.244	-0.1295574
366	A	-0.086	-0.1169558
367	T	0.118	-0.09859215
368	G	-0.299	-0.08229101
369	A	-0.429	-0.03991568
370	A	-0.406	0.01234312
371	A	-0.512	0.03495905
372	T	0.046	0.07879625
373	C	0.277	0.09237992
374	C	0.296	0.1221274
375	G	0.417	0.1430776
376	T	0.446	0.1810246
377	C	0.406	0.2236397
378	C	0.220	0.2574615
379	C	0.441	0.2977831
380	T	0.448	0.3159842
381	C	0.359	0.3158811
382	C	0.433	0.2961189
383	C	0.269	0.2653969
384	G	0.209	0.2007592
385	G	0.101	0.1455236
386	A	0.092	0.1415828
387	G	0.319	0.1134622
388	T	0.276	0.1135852
389	C	0	0.1023364
 390	A	-0.043	0.07778289
391	T	-0.523	0.06545069
392	A	-0.421	0.05293712
393	A	0.161	0.04618525
394	G	0.019	0.02593084
395	C	0.450	-0.01518183
396	A	0.191	-0.02754303
397	G	0.064	0.0002703067
398	T	0.084	0.03299702
399	G	0.022	0.09669282
400	T	0	0.1361833
 401	A	-0.211	0.1535069
402	G	-0.296	0.144028
403	A	0.090	0.08382669
404	G	0.417	0.04732189
405	C	0.447	0.05547157
406	C	0.431	0.06042703
407	T	0.170	0.0841866
408	C	0.421	0.08905916
409	T	-0.122	0.1017703
410	G	-0.452	0.09440423
411	A	-0.356	0.06094003
412	G	0.187	0.03912346
413	G	0.158	0.01096427
414	T	0.378	-0.03307693
415	G	0.073	-0.035205
416	G	-0.020	-0.08571727
417	A	-0.407	-0.1085959
418	A	-0.411	-0.1080899
419	T	0.089	-0.08527543
420	G	0.024	-0.09469212
421	T	-0.228	-0.1254026
422	G	0.138	-0.1685666
423	A	-0.336	-0.1993273
424	G	-0.465	-0.1748315
425	A	-0.445	-0.1671843
426	A	-0.014	-0.1141179
427	G	0.045	-0.113025
428	G	-0.301	-0.1046011
429	A	-0.268	-0.06615692
430	A	-0.388	-0.05931712
431	G	0.346	-0.04690859
432	G	-0.292	0.003638813
433	A	0.384	0.03333121
434	G	0.106	0.001862913
435	G	0.151	-0.01503027
436	G	0.348	0.0240426
437	A	0.241	0.0526942
438	G	-0.150	0.09955667
439	G	0.292	0.1049565
440	G	0	0.156839
 441	A	-0.486	0.1445697
442	A	-0.207	0.1489032
443	T	0.284	0.1615917
444	G	0.160	0.1110895
445	T	0.314	0.1249498
446	T	0.427	0.1635357
447	T	0.485	0.1702641
448	G	0.200	0.2017037
449	T	0.171	0.2311667
450	C	0.341	0.2536666
451	A	-0.409	0.2473545
452	T	0.449	0.2104187
453	C	0.428	0.1565342
454	T	0.393	0.09896265
455	C	0.471	0.07790365
456	T	-0.044	0.05913698
457	G	0.129	0.02923738
458	A	0.189	0.01280603
459	A	-0.393	0.05668963
460	G	-0.493	0.03516377
461	A	-0.435	0.0277239
462	T	0.169	0.03066303
463	G	-0.080	-0.004439613
464	T	-0.277	-0.005014847
465	G	0.094	-0.04869458
466	G	0.248	-0.06064229
467	G	0.126	-0.02671715
468	G	0.316	0.03462171
469	C	0.437	0.08998178
470	T	-0.054	0.07689404
471	G	-0.052	0.05196431
472	A	-0.525	0.03675791
473	A	0.010	-0.006134213
474	G	0.115	-0.05588941
475	G	0.426	-0.05265721
476	C	0.394	-0.1038614
477	T	-0.026	-0.1420653
478	A	-0.454	-0.1337475
479	A	-0.505	-0.1217178
480	A	-0.548	-0.06630877
481	A	-0.497	-0.0813884
482	G	0.174	-0.07546887
483	A	-0.451	-0.07387487
484	G	-0.135	-0.08287667
485	A	0.069	-0.1155713
486	C	0.127	-0.08524893
487	T	0.305	-0.06652453
488	T	-0.215	-0.009750527
489	G	0.204	0.04569027
490	C	0.450	0.05719114
491	T	0.259	0.08018454
492	G	-0.517	0.1147017
493	A	0	0.1154784
 494	G	-0.224	0.1017761
495	C	0.303	0.1005783
496	T	0.334	0.1149759
497	G	0.347	0.08380781
498	T	-0.106	0.02506407
499	G	0.382	-0.02311206
500	G	0.081	-0.01596726
501	T	-0.078	-0.04412746
502	T	0.287	-0.05021526
503	C	0	-0.09696353
 504	A	-0.263	-0.1456329
505	A	-0.430	-0.198255
506	G	-0.463	-0.2176011
507	A	-0.409	-0.2741812
508	T	-0.422	-0.2919848
509	A	-0.315	-0.312131
510	A	-0.397	-0.3470256
511	A	-0.396	-0.3788162
512	T	-0.441	-0.3858747
513	A	-0.396	-0.3894328
514	A	-0.466	-0.3827396
515	A	-0.185	-0.3806259
516	T	-0.380	-0.3766743
517	G	-0.235	-0.3689912
518	A	-0.476	-0.3605321
519	A	-0.368	-0.3599999
520	T	-0.484	-0.3175619
521	A	-0.362	-0.2593879
522	A	-0.378	-0.1987739
523	A	-0.363	-0.1973606
524	T	-0.200	-0.1534349
525	A	-0.271	-0.1120155
526	A	-0.388	-0.09335587
527	G	0.194	-0.0604308
528	T	0.475	0.0034864
529	C	0.442	0.0350418
530	A	-0.164	0.02470527
531	T	0.278	0.01764987
532	G	0.385	-0.0005186667
533	G	-0.196	-0.005220733
534	C	0.124	0.006971267
535	T	0.474	-0.03750033
536	T	0.110	-0.09404153
537	T	-0.533	-0.1471156
538	A	-0.468	-0.1304087
539	G	-0.472	-0.1163777
540	A	-0.341	-0.1716817
541	A	-0.205	-0.1913479
542	A	-0.472	-0.2335749
543	G	-0.372	-0.2864829
544	A	-0.353	-0.3058008
545	A	0.086	-0.2879265
546	C	0.489	-0.2710991
547	A	-0.443	-0.2728766
548	A	-0.491	-0.2838907
549	A	-0.508	-0.2654232
550	A	-0.319	-0.2213666
551	G	-0.179	-0.1691203
552	A	-0.265	-0.1132527
553	G	-0.216	-0.09855491
554	A	-0.499	-0.1516878
555	A	-0.506	-0.1368683
556	T	0.071	-0.1302042
557	C	0.188	-0.1179816
558	C	0.411	-0.08015871
559	C	0.484	-0.08693891
560	A	0.306	-0.08601177
561	T	-0.307	-0.05879497
562	T	-0.221	0.009128427
563	T	-0.391	0.06243896
564	A	-0.325	0.0692722
565	T	0.248	0.07116993
566	T	-0.280	0.0150374
567	A	-0.251	-0.04461513
568	G	0.191	-0.08897393
569	T	0.519	-0.04538647
570	C	0.292	-0.002772933
571	A	0.174	0.03851607
572	C	0.216	0.08777013
573	A	-0.430	0.09346147
574	G	-0.410	0.08850467
575	A	-0.358	0.1169463
576	A	0.345	0.1119549
577	C	0.417	0.091473
578	C	0.227	0.07837287
579	G	0.413	0.03928834
580	C	0.333	0.003317673
581	A	-0.355	0.0376895
582	G	0.175	0.07605317
583	A	0.116	0.1152181
584	C	0.211	0.0830025
585	G	0.096	0.08370757
586	G	-0.411	0.08395603
587	T	-0.322	0.06522303
588	A	0.085	0.0621503
589	T	0.165	0.114255
590	T	0.228	0.1270764
591	C	-0.137	0.113053
592	C	0.428	0.07600357
593	T	0.231	0.07325739
594	G	0.132	0.1304233
595	G	0.287	0.1322407
596	C	0.426	0.1017123
597	C	0.367	0.106789
598	G	-0.093	0.1217497
599	T	-0.343	0.1293824
600	T	0.055	0.12722
601	C	0.445	0.1427243
602	A	-0.295	0.1300054
603	G	-0.372	0.07998943
604	A	0.241	0.0708739
605	T	0.453	0.05388543
606	T	-0.022	0.07361569
607	C	0.395	0.1086582
608	C	0.463	0.1398377
609	T	-0.058	0.1189309
610	T	-0.462	0.1071745
611	A	0.289	0.1367897
612	T	0.112	0.1074115
613	C	0.202	0.05493545
614	T	0.181	0.04834625
615	C	0.522	0.006983187
616	A	0.131	-0.04905315
617	T	-0.471	-0.01943649
618	A	0.071	0.03108691
619	T	-0.199	0.02403305
620	G	-0.333	0.02704045
621	T	-0.121	0.03156745
622	A	-0.224	0.04239691
623	A	-0.376	0.01985838
624	C	0.386	0.04276798
625	C	0.295	0.10721
626	G	0.183	0.1234173
627	T	0.157	0.1387947
628	G	0.270	0.1461439
629	G	0.344	0.1291978
630	G	0.184	0.12524
631	T	0.475	0.1741497
632	C	0.494	0.1340551
633	T	0.314	0.1056119
634	A	0.031	0.1029871
635	T	-0.223	0.1248849
636	G	-0.375	0.1381634
637	A	-0.283	0.1276379
638	T	0.356	0.1276101
639	T	-0.215	0.09270912
640	A	-0.131	0.03878592
641	C	0.144	0.02443417
642	C	0.486	0.01991305
643	G	0.469	0.02474125
644	T	0.186	0.07399798
645	T	0.184	0.1170465
646	T	-0.047	0.1219486
647	G	-0.313	0.1627368
648	T	0.099	0.1537644
649	A	-0.036	0.130518
650	T	-0.151	0.07050611
651	C	0.362	0.02180425
652	T	0.361	0.01447849
653	C	0.430	-0.002276513
654	A	0.396	0.0273415
655	A	-0.266	0.0770767
656	T	-0.204	0.05554025
657	A	-0.413	0.03128844
658	A	-0.261	0.006866173
659	T	0.076	0.0002861733
660	G	-0.067	-0.02383456
661	T	0.396	-0.04744461
662	C	0.432	-0.09657901
663	G	-0.223	-0.07116541
664	T	-0.400	-0.07366881
665	A	-0.517	-0.04251711
666	A	0.264	-0.03251677
667	G	0	-0.00705528
 668	G	0.076	-0.00053722
669	A	-0.340	-0.00134022
670	A	0.115	-0.01437395
671	T	-0.241	0.02234865
672	G	0.053	0.08279365
673	A	-0.111	0.1186631
674	C	0.458	0.0825301
675	C	0.030	0.05972263
676	T	0.384	0.02320895
677	A	0.236	0.02602569
678	T	0.326	-0.009178713
679	C	0.506	0.03727835
680	T	0.020	0.05312271
681	T	-0.277	0.02504198
682	A	-0.342	0.001891647
683	A	-0.471	0.006894653
684	C	-0.298	-0.04643735
685	A	-0.412	-0.04487701
686	T	0.455	-0.04885248
687	C	0.291	-0.07007255
688	A	-0.532	-0.1000654
689	A	0.111	-0.07227793
690	G	0.105	-0.0305204
691	G	-0.415	0.0295262
692	A	0.259	0.06281173
693	T	0.267	0.07208353
694	T	0.188	0.02613873
695	T	-0.429	0.0161666
696	G	0.139	0.05426307
697	G	0.284	0.03451587
698	C	0.429	0.05204887
699	A	0.201	0.1148301
700	G	-0.273	0.1134616
701	G	-0.234	0.1133629
702	T	0.141	0.06891974
703	T	0.039	0.07543467
704	T	-0.184	0.03807767
705	C	0.368	-0.01293919
706	C	0.526	-0.07349393
707	T	0.239	-0.1179457
708	A	0.265	-0.1277477
709	T	-0.478	-0.1404789
710	G	-0.331	-0.1530818
711	A	-0.421	-0.139067
712	A	-0.481	-0.1225044
713	A	-0.479	-0.1213694
714	A	-0.465	-0.1257139
715	A	-0.420	-0.1259451
716	A	-0.424	-0.1129792
717	A	-0.047	-0.07026298
718	C	0.249	-0.01730631
719	C	0.063	0.01877142
720	A	0.385	0.05663827
721	T	0.460	0.07196361
722	C	0.235	0.06965567
723	C	0.460	0.1013788
724	A	0.162	0.1511529
725	G	0.462	0.1882599
726	C	0.119	0.2042011
727	A	0.087	0.1806497
728	A	-0.249	0.1659144
729	T	-0.500	0.1246754
730	T	0.054	0.08043006
731	C	0.321	0.03009446
732	T	0.509	0.01134206
733	C	0.488	-0.02488225
734	T	-0.289	-0.00849598
735	T	0.164	0.001469567
736	T	-0.157	0.0134002
737	G	-0.427	0.0702374
738	A	-0.294	0.03476719
739	A	-0.118	0.002210727
740	T	-0.080	-0.00542914
741	T	0.365	-0.02183467
742	C	0.236	0.02216359
743	G	-0.070	0.02807293
744	T	0.352	0.06586613
745	T	-0.477	0.1008981
746	A	-0.166	0.1118631
747	T	0.394	0.1315431
748	C	0.242	0.1691614
749	C	0.370	0.177305
750	C	0.253	0.1745031
751	C	0.409	0.2114491
752	A	0.097	0.211171
753	A	-0.130	0.2214557
754	C	0.176	0.2088977
755	C	0.483	0.1520417
756	T	0.487	0.1253133
757	T	0.194	0.08095461
758	A	0.483	0.04207015
759	C	0.348	0.01353157
760	T	-0.322	-0.01279365
761	A	-0.355	-0.02517971
762	T	-0.458	-0.05771258
763	A	-0.158	-0.07364605
764	A	-0.295	-0.08916558
765	A	-0.329	-0.1118646
766	T	-0.018	-0.1670134
767	A	-0.297	-0.1790633
768	T	-0.315	-0.189439
769	A	-0.311	-0.1842577
770	T	0.244	-0.1666714
771	T	0.255	-0.1397573
772	T	-0.146	-0.1031159
773	G	-0.343	-0.07229658
774	G	0.167	-0.09596213
775	A	-0.478	-0.0534108
776	A	-0.277	-0.05636707
777	G	-0.194	-0.0561494
778	G	0.245	-0.04875013
779	C	0.254	-0.058794
780	A	0.132	-0.05622113
781	G	-0.373	-0.065981
782	T	0.341	-0.08386393
783	T	-0.360	-0.02566593
784	A	-0.308	0.02088547
785	C	0.355	0.04938173
786	A	0.104	0.04864693
787	T	-0.107	0.0437292
788	G	-0.489	0.06394887
789	A	-0.100	0.09934307
790	G	0.394	0.06548567
791	C	0.420	0.1209844
792	T	0.232	0.134459
793	G	0.234	0.1360765
794	G	0.180	0.1147791
795	C	0.435	0.1123629
796	A	0.157	0.1115497
797	A	-0.166	0.0940176
798	T	0.472	0.0604646
799	G	-0.106	0.04324273
800	T	0.379	0.05674507
801	T	-0.215	0.07005753
802	G	-0.143	0.0858288
803	A	-0.502	-
804	A	-0.363	-
805	G	-0.108	-
806	T	0.162	-
807	C	0.435	-
808	C	0.433	-
809	C	0.417	-
