1	A	0.144	-
2	T	-0.380	-
3	A	-0.506	-
4	A	-0.278	-0.1030091
5	T	-0.193	-0.1460489
6	G	-0.100	-0.0708355
7	G	0.203	-0.02745213
8	G	0.288	0.01291191
9	A	-0.199	0.0004342875
10	T	0.220	0.006726137
11	T	-0.159	-0.02618661
12	G	0.044	-0.08159311
13	T	-0.293	-0.09271411
14	T	-0.050	-0.1342782
15	A	-0.059	-0.1192971
16	G	-0.154	-0.1407308
17	A	-0.288	-0.0977475
18	G	-0.111	-0.1260867
19	A	-0.039	-0.1291163
20	C	-0.127	-0.1761488
21	A	0.050	-0.209338
22	T	-0.276	-0.1999939
23	C	-0.084	-0.1929922
24	A	-0.531	-0.1722727
25	A	-0.554	-0.1371495
26	A	-0.036	-0.04559376
27	G	0.016	0.02770867
28	G	0.038	0.1184694
29	C	0.331	0.1616128
30	C	0.455	0.1159614
31	C	0.502	0.06720024
32	A	0.194	0.02892025
33	T	-0.209	-0.05271
34	T	-0.402	-0.1506252
35	G	-0.373	-0.251484
36	A	-0.267	-0.3205089
37	A	-0.321	-0.3482372
38	G	-0.327	-0.3619559
39	G	-0.304	-0.3180291
40	A	-0.357	-0.2368161
41	A	-0.431	-0.1638241
42	A	-0.511	-0.06123187
43	A	-0.022	0.034619
44	C	0.381	0.1095184
45	T	0.262	0.1039124
46	C	0.492	0.1938648
47	T	0.462	0.1742535
48	T	0.241	0.1704675
49	T	-0.475	0.1817071
50	T	0.207	0.1234584
51	C	-0.178	0.1158503
52	T	0.351	0.06776351
53	T	0.352	0.1301717
54	C	0.026	0.07297321
55	T	0.401	0.08651447
56	G	-0.142	-0.01212378
57	G	0.023	-0.0434159
58	T	-0.249	-0.02318304
59	T	-0.070	-0.05678454
60	A	-0.437	-0.01756754
61	T	0.101	0.01841014
62	G	0.188	0.1007844
63	G	0.132	0.1542224
64	G	0.170	0.1572147
65	A	0.311	0.089535
66	G	0.409	0.01943563
67	T	0.356	-0.03205712
68	G	-0.413	-0.00887125
69	A	-0.439	0.02126413
70	A	-0.372	0.0095085
71	A	-0.279	-0.05983537
72	T	0.356	0.03460725
73	C	0.552	0.1340051
74	T	0.315	0.1975496
75	A	-0.197	0.2713065
76	T	0.341	0.2815962
77	G	0.355	0.2653245
78	G	0.136	0.1772744
79	C	0.310	0.1574646
80	C	0.438	0.1456004
81	T	0.422	0.09286325
82	G	-0.389	0.09270838
83	A	-0.356	-0.0053725
84	G	0.246	-0.07579063
85	T	-0.066	-0.1662268
86	G	0.135	-0.06108338
87	A	-0.473	0.017915
88	G	-0.124	-0.02800775
89	A	-0.301	-0.0616575
90	C	0.451	-0.1032963
91	C	0.275	-0.005705
92	T	-0.120	-0.01435525
93	A	-0.335	0.05517163
94	A	-0.198	0.036952
95	T	0.306	0.019574
96	G	-0.193	0.0530115
97	T	0.254	0.08386982
98	T	0.306	0.1524103
99	G	0.136	0.1668159
100	C	0.147	0.2226149
101	A	-0.088	0.1614251
102	G	0.350	0.1051772
103	C	0.422	0.0806674
104	T	0.252	0.03211565
105	G	-0.234	0.00815445
106	G	-0.143	-0.0639923
107	A	-0.059	-0.1041095
108	G	-0.241	-0.1927348
109	T	-0.280	-0.1819294
110	G	-0.226	-0.1755673
111	G	0.101	-0.2144363
112	A	-0.456	-0.2302233
113	A	-0.148	-0.1983772
114	G	-0.092	-0.187155
115	G	-0.370	-0.2608342
116	A	-0.367	-0.1829975
117	T	-0.025	-0.2052385
118	G	-0.137	-0.2037716
119	A	-0.488	-0.14936
120	T	0.166	-0.1382501
121	G	-0.326	-0.1570164
122	G	-0.081	-0.09860474
123	A	0.064	-0.01386436
124	T	-0.278	0.01885351
125	A	-0.175	0.08534214
126	T	0.330	0.0833984
127	C	0.189	0.01208549
128	C	0.428	-0.002920138
129	A	0.205	-0.03260176
130	C	-0.096	-0.1165041
131	A	-0.505	-0.1892276
132	A	-0.398	-0.2791554
133	G	-0.413	-0.3358006
134	G	-0.341	-0.3781554
135	A	-0.392	-0.3786784
136	A	-0.291	-0.3347742
137	G	-0.247	-0.2206447
138	A	-0.435	-0.1356717
139	T	-0.509	-0.07802901
140	G	-0.047	0.01462011
141	C	0.499	0.09525974
142	T	0.338	0.1854917
143	A	0.068	0.2748631
144	C	0.449	0.3461236
145	C	0.397	0.2773525
146	T	0.286	0.2053554
147	C	0.205	0.2523875
148	A	0.522	0.24441
149	G	-0.050	0.2568751
150	A	-0.237	0.2382453
151	C	0.445	0.1800867
152	T	0.385	0.09122909
153	C	0.497	0.033366
154	A	0.137	0.00515775
155	G	-0.260	-0.0863015
156	T	-0.188	-0.1028045
157	A	-0.513	-0.1090325
158	G	-0.462	-0.07201512
159	A	-0.286	0.01058475
160	G	0.253	0.04269438
161	C	0.447	0.1603721
162	T	0.433	0.2817982
163	T	0.400	0.2937111
164	C	0.068	0.3252114
165	A	0.428	0.3157388
166	T	0.508	0.2116254
167	C	-0.191	0.1222614
168	A	0.505	0.0634035
169	T	0.371	-0.00798975
170	T	-0.399	-0.1034997
171	A	-0.314	-0.09463762
172	A	-0.402	-0.1222269
173	T	-0.143	-0.1383888
174	G	-0.255	-0.1054589
175	A	-0.120	-0.1004962
176	G	0.285	-0.07476075
177	T	0.242	0.004135125
178	A	-0.136	0.021033
179	A	-0.274	0.06251125
180	T	-0.196	0.04654
181	T	0.488	0.009847962
182	T	-0.120	-0.008955912
183	A	0.211	-
184	T	0.157	-
185	G	-0.050	-
186	G	-0.286	-
