1	T	0.169	-
2	G	0	-
 3	G	0.222	-
4	C	0.412	-
5	C	0.484	-
6	T	-0.270	0.1583597
7	A	-0.545	0.1641753
8	A	0.391	0.1941021
9	C	0.329	0.1801075
10	C	0.077	0.1699512
11	A	0.232	0.1638285
12	C	0.396	0.1810243
13	C	0.238	0.2638218
14	T	0.359	0.2537392
15	A	0.054	0.2505322
16	G	0.291	0.2738223
17	G	0.410	0.2954653
18	C	-0.063	0.2677957
19	A	0.447	0.2102783
20	C	0.270	0.1644753
21	G	0.291	0.1843115
22	C	0.356	0.173148
23	A	0.492	0.1745354
24	G	0.064	0.1626683
25	T	-0.451	0.09794359
26	A	-0.190	0.04934026
27	C	0.292	-0.008745325
28	A	0.157	-0.04237327
29	G	0.427	-0.1281645
30	A	-0.206	-0.1693385
31	A	-0.328	-0.1456461
32	T	-0.312	-0.1442227
33	A	-0.405	-0.1546686
34	T	-0.046	-0.1616887
35	A	-0.537	-0.2065364
36	A	-0.429	-0.1768182
37	G	-0.166	-0.1683109
38	A	-0.173	-0.1705321
39	C	0.167	-0.1571418
40	A	0.072	-0.137931
41	T	-0.110	-0.05353599
42	T	0.150	0.01596867
43	A	-0.226	0.06675367
44	T	-0.339	0.1144738
45	A	-0.244	0.1005529
46	G	0.183	0.1015092
47	T	0.475	0.1083715
48	C	0.404	0.118829
49	T	0.442	0.1742188
50	C	0.399	0.2141371
51	T	0	0.2669805
 52	T	0.084	0.2863762
53	G	-0.028	0.2229861
54	G	0.276	0.2002958
55	T	0.438	0.1926286
56	C	0.139	0.2027195
57	A	0.389	0.2162696
58	C	0.416	0.215564
59	T	-0.285	0.2105922
60	A	0.132	0.2226681
61	G	0.350	0.2282861
62	C	0.520	0.2004135
63	T	0.162	0.1814126
64	A	0.075	0.1366034
65	C	-0.087	0.1885732
66	T	0.420	0.2129419
67	C	0.505	0.1975265
68	A	-0.195	0.1747706
69	T	0.161	0.1414647
70	C	-0.121	0.1287925
71	T	0.338	0.165333
72	C	0.424	0.1412703
73	T	0.165	0.08100178
74	T	0.247	0.1213818
75	G	-0.237	0.1212582
76	G	-0.076	0.1602985
77	T	0.350	0.1661909
78	C	0.132	0.1610892
79	T	-0.217	0.1532352
80	A	0.289	0.09579041
81	G	0.159	0.08086957
82	C	0.347	0.04835738
83	C	0.408	0.02281299
84	C	0.363	0.03763449
85	T	0.071	0.07076633
86	T	-0.442	0.05111791
87	G	-0.416	0.02976133
88	A	-0.466	-0.03956217
89	A	0.044	-0.1190921
90	G	0.310	-0.1930681
91	C	0.179	-0.216643
92	C	0.053	-0.1854268
93	A	-0.096	-0.1354287
94	T	-0.484	-0.07676228
95	A	-0.545	-0.07657784
96	A	-0.524	-0.09935591
97	G	-0.211	-0.07748966
98	A	-0.067	-0.09759824
99	G	0.183	-0.09375371
100	C	0.237	-0.07436079
101	A	0.046	-0.06070021
102	A	0.036	-0.04918671
103	C	0.442	-0.01575963
104	A	-0.187	0.0135376
105	T	-0.050	-0.02093523
106	T	-0.251	-0.0569864
107	A	-0.381	-0.05776638
108	G	-0.386	-0.07914732
109	T	0.189	-0.1299161
110	A	0.284	-0.1485319
111	T	-0.229	-0.1538759
112	G	-0.194	-0.1625264
113	G	0.036	-0.1009241
114	A	-0.219	-0.02685494
115	A	-0.167	-0.02609486
116	A	-0.410	-0.07109369
117	T	-0.114	-0.04509918
118	A	-0.355	-0.03955527
119	C	0.357	-0.007603575
120	T	0.502	-0.0007337417
121	T	0.198	-0.02014641
122	T	-0.255	0.02461009
123	T	0.082	0.07081401
124	T	-0.128	0.1406788
125	C	0.420	0.1374858
126	A	-0.137	0.1411758
127	T	-0.399	0.1499413
128	T	0.126	0.1499488
129	C	0.439	0.1486192
130	T	0.482	0.1192774
131	C	0.319	0.07061024
132	T	0.546	0.04156299
133	C	0.303	0.03941916
134	A	-0.255	-0.005523425
135	T	0.066	-0.04442884
136	A	-0.480	-0.05229184
137	G	-0.163	-0.06205951
138	A	-0.485	-0.07651576
139	A	-0.425	-0.1209523
140	T	-0.413	-0.1297722
141	A	-0.027	-0.1521729
142	C	0.388	-0.08230583
143	T	0.202	-0.07694342
144	A	0.373	-0.03093163
145	G	-0.229	0.0262692
146	A	-0.361	0.07650012
147	T	-0.202	0.09451878
148	A	0.357	0.06700696
149	C	-0.099	0.06722988
150	A	0.066	0.05364671
151	C	0.260	0.09595079
152	A	0.189	0.1547033
153	C	0.189	0.2121135
154	A	0.058	0.1994365
155	G	0.204	0.1933957
156	G	0.210	0.1993445
157	T	0.278	0.1776193
158	C	0.343	0.1823018
159	C	0.486	0.17777
160	T	0.205	0.1690259
161	A	-0.171	0.150102
162	G	0.137	0.1101143
163	G	0	0.07798018
 164	G	0.245	0.06318092
165	A	0.134	0.006392592
166	T	-0.046	-0.02273157
167	G	-0.022	-0.05075383
168	A	-0.269	-0.08032382
169	T	-0.107	-0.04475974
170	C	0.165	-0.04608766
171	A	-0.195	-0.05570797
172	C	-0.143	-0.06556622
173	A	-0.508	-0.02763823
174	A	-0.217	0.02253669
175	G	0.426	0.005632025
176	C	0.229	-0.04516414
177	A	0.019	-0.01277814
178	G	-0.165	0.01890777
179	A	0.432	0.08856769
180	C	0.332	0.119313
181	A	-0.310	0.1038545
182	A	-0.443	0.1206825
183	T	0.193	0.1495559
184	G	0.236	0.1929196
185	T	0.327	0.1379699
186	C	0.151	0.1391857
187	A	0.241	0.2019063
188	G	0.431	0.2740225
189	C	0.365	0.2977761
190	A	0.355	0.3189087
191	G	-0.226	0.3015077
192	C	0.347	0.2428693
193	C	0.442	0.2075472
194	T	0.421	0.1333061
195	C	0.478	0.08279567
196	C	0.490	0.018672
197	T	0.119	0.01330758
198	T	-0.551	-0.001993083
199	A	-0.182	-0.01835975
200	G	-0.459	-0.04694308
201	G	-0.240	-0.09590941
202	A	-0.414	-0.1313116
203	T	-0.290	-0.1647176
204	G	0.163	-0.1533103
205	C	0.245	-0.1261916
206	A	0.078	-0.07292884
207	T	-0.109	-0.01232801
208	G	0.065	0.01163749
209	G	-0.281	0.007457242
210	A	-0.415	0.003220658
211	A	0.142	-0.04695534
212	C	0.180	-0.02015827
213	C	0.486	0.02609732
214	A	-0.126	0.05355242
215	A	-0.340	0.09978883
216	G	0.112	0.1564012
217	A	-0.356	0.1433115
218	C	0.400	0.1213353
219	T	0.445	0.08206717
220	C	0.394	0.07782443
221	C	0.273	0.1102412
222	A	0.264	0.1114011
223	G	-0.014	0.1433293
224	G	-0.083	0.1198564
225	T	0.015	0.07678304
226	A	-0.177	0.01964121
227	T	0.048	0.03857104
228	G	0.126	0.01471436
229	G	0.026	0.0005645167
230	A	0.118	0.04071572
231	C	-0.070	0.009949933
232	A	-0.290	0.04112227
233	T	0.500	0.01453134
234	C	-0.022	-0.0005206833
235	T	-0.184	-0.04826024
236	A	0.398	-0.09485816
237	G	-0.353	-0.07064362
238	G	0.196	-0.07303188
239	A	-0.271	-0.105539
240	G	-0.053	-0.1004686
241	A	-0.545	-0.05202896
242	A	-0.440	-0.04891996
243	G	0.219	0.02179113
244	G	-0.319	0.03009121
245	T	0.110	0.04205704
246	G	0.038	0.06949982
247	C	0.397	0.111085
248	C	0.435	0.105112
249	C	0.495	0.06509118
250	T	0.296	0.1296953
251	T	-0.127	0.1484296
252	C	0.275	0.1113331
253	A	-0.046	0.0938652
254	T	-0.512	0.02742453
255	A	-0.260	-0.01718448
256	C	0.455	-0.07134732
257	C	0.334	-0.07191982
258	A	-0.406	-0.1369494
259	A	0.187	-0.1166945
260	G	-0.361	-0.05678152
261	T	-0.040	-0.02431335
262	T	-0.353	-0.02272177
263	A	-0.134	-0.01334493
264	A	-0.505	0.007862983
265	T	0.196	-0.0320241
266	C	0.206	0.03317865
267	T	0.129	0.07269942
268	C	0.474	0.1380321
269	A	0.447	0.1433888
270	G	-0.151	0.2070103
271	T	-0.291	0.231063
272	T	0.420	0.2572588
273	C	0.433	0.2201727
274	T	0.430	0.1551901
275	T	-0.070	0.1135792
276	G	0.258	0.1600809
277	C	0.484	0.1585676
278	T	0.520	0.09178862
279	T	-0.316	0.09531971
280	A	-0.305	0.05770216
281	T	-0.051	0.08181965
282	C	0.406	0.04442007
283	T	-0.309	0.01053204
284	T	-0.380	-0.05335137
285	C	0.476	-0.02701721
286	C	-0.021	0.03965104
287	A	0.219	0.04952732
288	A	-0.190	0.03176883
289	T	0.078	0.09279424
290	G	-0.245	0.1289193
291	A	0	0.09903438
 292	G	0.494	0.07872993
293	C	0.066	0.05361877
294	A	0.193	0.04786844
295	C	0.423	0.01655705
296	A	0.052	0.06788863
297	C	0.117	0.09604438
298	A	-0.264	0.0656783
299	A	-0.081	0.0306249
300	G	-0.259	0.04538573
301	A	-0.297	0.0002124
302	T	0.370	-0.04972674
303	T	0.337	-0.06214509
304	C	0.130	-0.003889008
305	A	-0.354	0.03783548
306	C	0.370	0.0963714
307	A	-0.118	0.1422874
308	A	-0.546	0.1278014
309	A	-0.031	0.1377187
310	C	0.434	0.1076077
311	C	0.418	0.1730988
312	T	0.443	0.1280306
313	C	0.253	0.09185515
314	A	0.196	0.1019113
315	G	0.456	0.06050933
316	G	-0.230	-0.006553167
317	T	0.431	-0.06284817
318	T	-0.170	-0.1022481
319	T	-0.553	-0.1005626
320	T	-0.425	-0.08466197
321	C	-0.528	-0.08579055
322	A	-0.370	-0.04557238
323	A	-0.256	-0.09016155
324	G	-0.029	-0.04650222
325	C	0.273	0.03222862
326	C	0.387	0.1026485
327	T	0.443	0.1253619
328	T	0.251	0.1715291
329	G	-0.103	0.1707897
330	T	0.353	0.1509318
331	C	0.391	0.1659223
332	C	0.419	0.1554262
333	A	-0.255	0.1514124
334	A	0.183	0.1219194
335	A	-0.265	0.1339233
336	T	-0.268	0.09848627
337	T	0.453	0.08372785
338	C	0.261	0.03601293
339	T	0.395	0.06650152
340	G	-0.102	0.04227752
341	T	0.040	0.02930852
342	T	-0.071	0.00687285
343	A	0.214	-0.06434898
344	C	-0.153	-0.0641404
345	T	0.110	-0.06477815
346	T	-0.107	-0.06549023
347	T	-0.421	-0.06003276
348	A	-0.537	-0.06575742
349	A	-0.401	-0.08999589
350	C	0.263	-0.06799122
351	T	0.387	-0.05178406
352	G	-0.110	-0.01700564
353	C	0.106	0.05697352
354	A	-0.140	0.1386086
355	A	-0.076	0.1953268
356	A	0.110	0.1859918
357	C	0.304	0.1931868
358	T	0.310	0.2233838
359	C	0.466	0.2235989
360	T	0.442	0.259644
361	T	0.279	0.25839
362	C	0.151	0.2567649
363	T	0.473	0.2610481
364	C	0.251	0.2773066
365	T	0.108	0.2075806
366	T	0.291	0.1263729
367	T	-0.091	0.08083112
368	G	0.091	0.03648996
369	C	0.356	-0.01517988
370	C	0.505	-0.05209554
371	A	-0.370	-0.03066779
372	A	-0.532	-0.01965804
373	A	-0.267	-0.03977528
374	T	-0.380	-0.0319165
375	G	-0.146	-0.0977955
376	A	-0.191	-0.1673203
377	G	0.366	-0.1779795
378	G	0.424	-0.1741417
379	A	-0.332	-0.1850593
380	T	0.185	-0.1387182
381	T	-0.434	-0.08788475
382	T	-0.329	-0.05839517
383	T	-0.498	-0.1175933
384	A	-0.486	-0.1963093
385	A	-0.398	-0.2135281
386	G	0.175	-0.2364798
387	C	0.463	-0.2386453
388	A	0.162	-0.2442758
389	T	-0.344	-0.2256906
390	A	-0.520	-0.2118964
391	A	-0.539	-0.142515
392	C	-0.089	-0.1571669
393	A	-0.460	-0.2196907
394	A	-0.396	-0.2395654
395	T	-0.275	-0.2082503
396	A	-0.320	-0.1648677
397	C	0.434	-0.1113273
398	A	0	-0.1183209
 399	G	-0.286	-0.117529
400	A	-0.075	-0.1163473
401	G	0.031	-0.1360083
402	A	0	-0.1196204
 403	T	0.103	-0.1449111
404	G	-0.173	-0.1449111
405	A	-0.450	-0.08439435
406	A	-0.382	-0.07577373
407	T	-0.511	-0.08780593
408	A	-0.123	-0.09365248
409	T	0.131	-0.117956
410	G	0	-0.09912628
 411	C	0.439	-0.0217762
412	T	0.027	-0.01502703
413	G	-0.112	0.004000883
414	A	-0.070	0.04729472
415	G	-0.188	0.0312998
416	T	0.052	-0.002220867
417	G	0.477	-0.06256645
418	G	-0.301	-0.1044342
419	A	-0.282	-0.1341404
420	A	0.395	-0.1657281
421	T	-0.060	-0.1902966
422	T	-0.402	-0.2342925
423	T	-0.284	-0.3127414
424	A	-0.474	-0.3278983
425	A	-0.469	-0.3396643
426	A	-0.449	-0.4144863
427	A	-0.483	-0.4439024
428	A	-0.475	-0.3987853
429	A	-0.464	-0.3605136
430	A	-0.483	-0.2877149
431	A	-0.423	-0.288591
432	A	-0.502	-0.2555122
433	A	-0.413	-0.257921
434	C	0.139	-0.2612308
435	A	0.174	-0.2196658
436	C	0.398	-0.2009951
437	A	-0.479	-0.1935445
438	A	-0.052	-0.1859482
439	G	-0.512	-0.1486367
440	T	-0.515	-0.134894
441	A	0.034	-0.1210893
442	G	-0.259	-0.1616804
443	T	-0.334	-0.1459136
444	A	-0.411	-0.124669
445	G	0.033	-0.04900733
446	G	0.304	0.0224295
447	C	0.340	0.05794764
448	A	-0.088	0.1189291
449	A	-0.290	0.1769839
450	G	0.202	0.2112406
451	C	0.395	0.2153107
452	T	0.341	0.1594393
453	C	0.460	0.1461555
454	C	0.472	0.1844188
455	T	0.362	0.2474615
456	T	0	0.2657346
 457	T	0.082	0.2578163
458	G	-0.366	0.2343131
459	T	0.181	0.1646877
460	T	0.370	0.09829881
461	G	0.465	0.03354298
462	C	0.421	-0.005199275
463	T	0.300	-0.04320527
464	C	0.059	-0.03508527
465	A	-0.374	-0.08256877
466	G	-0.324	-0.1574209
467	A	-0.414	-0.1920268
468	A	-0.464	-0.1882966
469	A	-0.373	-0.1915981
470	T	-0.268	-0.1551561
471	A	-0.388	-0.09376125
472	A	-0.527	-0.1018816
473	A	0.050	-0.09185167
474	C	0.466	-0.08168625
475	T	0.261	-0.04223083
476	C	0.496	-0.04932233
477	T	0.362	-0.04939592
478	A	-0.421	-0.03264908
479	A	-0.294	-0.07572675
480	A	-0.342	-0.1247492
481	T	0.100	-0.1663328
482	T	-0.354	-0.2289789
483	A	-0.389	-0.2310052
484	A	-0.326	-0.189459
485	A	-0.466	-0.1492641
486	T	-0.121	-
487	T	-0.237	-
488	G	-0.254	-
489	C	0.337	-
490	A	0.076	-
491	C	0.187	-
