1	G	0.033	-
2	C	0.396	-
3	T	0.450	-
4	T	0.243	-
5	C	0.329	-
6	C	0.446	-
7	C	0.515	-
8	T	0.104	0.1097302
9	A	-0.170	0.1159155
10	C	0.257	0.09742449
11	T	0.303	0.08280917
12	T	-0.280	0.07869174
13	T	-0.089	0.03658992
14	T	-0.122	-0.01975564
15	T	-0.320	-0.06036033
16	A	-0.341	-0.0758452
17	T	0.132	-0.04297558
18	T	0.100	-0.04957201
19	C	0.217	-0.05607426
20	T	0.177	-0.007399075
21	G	-0.344	0.01871475
22	A	-0.455	0.01324444
23	T	-0.133	0.01104419
24	T	-0.142	0.02163188
25	G	0.355	0.01029844
26	G	0.151	-0.01743287
27	G	0.199	-0.02760573
28	C	0.498	-0.02420729
29	T	0.328	-0.01817004
30	A	-0.210	0.01989103
31	T	-0.355	0.04823327
32	A	-0.172	0.07610152
33	T	-0.048	0.02733746
34	T	-0.343	0.007516963
35	A	0.054	0.009359775
36	G	0.232	0.004828525
37	T	-0.247	0.009241462
38	G	0.153	0.0077084
39	T	0.319	0.005222525
40	C	0.303	-0.01361329
41	A	-0.424	-0.01448298
42	A	-0.165	-0.002369856
43	T	0.228	-0.01754038
44	C	0.425	-0.008827
45	T	0.398	0.03197375
46	A	-0.234	0.0413795
47	G	-0.395	0.04889556
48	A	-0.473	0.04036225
49	A	-0.062	0.04214906
50	T	-0.149	0.03970463
51	G	-0.188	0.0192081
52	C	0.371	-0.02590946
53	T	0.404	-0.06785265
54	C	0.304	-0.08529634
55	C	0.439	-0.04607315
56	G	0.166	-0.01579031
57	G	-0.396	0.004105069
58	A	-0.204	0.02153232
59	A	-0.099	0.04000294
60	T	-0.296	0.01162024
61	G	-0.272	-0.02285776
62	A	-0.513	-0.01622501
63	G	0.232	-0.04702799
64	G	0.010	-0.03960449
65	C	0.255	-0.008799769
66	G	0.129	0.02821654
67	G	0.107	0.02133107
68	G	-0.082	0.04737869
69	T	-0.146	0.08244588
70	C	0.410	0.14749
71	T	-0.052	0.1518654
72	G	0.285	0.1454293
73	T	0.096	0.09909219
74	T	0.387	0.06409038
75	G	-0.209	0.02618826
76	G	0.120	0.01602796
77	C	0.288	-0.004152038
78	C	0.527	-0.04765898
79	T	0.302	-0.04580697
80	A	-0.092	-0.05214841
81	T	-0.485	-0.02436288
82	A	-0.430	-0.06652669
83	G	-0.499	-0.08647581
84	T	-0.245	-0.06951319
85	T	-0.469	-0.06704469
86	A	-0.285	-0.1053769
87	T	-0.023	-0.1407258
88	C	0.183	-0.1152679
89	C	0.541	-0.08490536
90	A	-0.286	-0.06747929
91	A	-0.528	-0.06856911
92	T	0.391	-0.05324254
93	C	0.328	-0.04901217
94	G	-0.086	-0.06060173
95	G	-0.263	-0.0591422
96	A	0.315	-0.09105557
97	T	0	-0.1362089
 98	A	-0.151	-0.1015321
99	T	-0.516	-0.06770893
100	T	0	-0.1074267
 101	G	-0.401	-0.1403246
102	A	-0.471	-0.122993
103	A	0	-0.09903792
 104	T	-0.326	-0.1152038
105	G	-0.181	-0.1417684
106	C	0.267	-0.1499195
107	G	0.012	-0.1251298
108	A	-0.243	-0.1242003
109	G	-0.198	-0.07875582
110	T	0.191	-0.02037151
111	G	0.120	0.006262744
112	G	0.056	0.03404224
113	A	-0.425	0.06708099
114	A	-0.282	0.06866231
115	G	-0.120	0.0897821
116	T	0.014	0.1217162
117	C	0.325	0.1625458
118	A	0.462	0.1783791
119	C	0.426	0.1729134
120	T	0.117	0.1459374
121	C	0.347	0.1483134
122	T	0.293	0.1407686
123	G	0.350	0.1529569
124	G	0.267	0.178272
125	C	0.455	0.1570841
126	T	0.444	0.1179072
127	C	0.032	0.08106257
128	T	-0.375	0.05437239
129	A	-0.387	0.02872029
130	G	-0.403	0.03264422
131	A	0.074	0.01989648
132	G	0.419	0.02968029
133	T	-0.013	0.02903697
134	T	-0.164	0.02504947
135	A	-0.163	0.05352707
136	T	-0.309	0.06523569
137	A	-0.062	0.1113897
138	T	0.356	0.1197572
139	T	0.146	0.1016746
140	C	0.423	0.09392289
141	T	0.444	0.09221217
142	C	0.380	0.1173093
143	T	0.488	0.149313
144	C	-0.187	0.1928852
145	T	0.351	0.2263685
146	A	-0.269	0.2133864
147	T	-0.214	0.1849698
148	G	0.295	0.1624032
149	G	-0.041	0.1106831
150	T	0.237	0.1079125
151	C	0.348	0.1004813
152	C	0.387	0.1310113
153	C	0.472	0.1193011
154	A	0.148	0.1361244
155	G	-0.308	0.1828141
156	T	0.062	0.1625436
157	A	-0.382	0.1447004
158	C	0.336	0.1397877
159	T	0.369	0.1298579
160	T	0.300	0.1293726
161	G	0.164	0.1164221
162	G	0	0.1335257
 163	C	0.532	0.1449323
164	A	-0.028	0.1221667
165	A	-0.326	0.1193469
166	C	0.158	0.06813943
167	G	0.189	0.03224705
168	C	0.380	0.03949574
169	G	0.265	0.05601305
170	C	0.422	0.07432305
171	T	-0.125	0.06057567
172	G	-0.301	0.08793938
173	A	-0.427	0.09120262
174	G	-0.483	0.09053837
175	A	-0.204	0.1022237
176	G	0.416	0.07646869
177	C	0.428	0.08608362
178	G	0.292	0.08602994
179	C	0.312	0.1025752
180	T	0.409	0.1440501
181	G	-0.274	0.1503196
182	G	0.148	0.1758686
183	T	0.376	0.1866764
184	C	-0.032	0.1472706
185	C	0.419	0.1294523
186	C	0.421	0.1206187
187	G	0.139	0.08972908
188	G	0.362	0.03705602
189	G	-0.327	0.04209289
190	T	-0.074	0.05726621
191	A	-0.032	0.05887796
192	C	-0.213	0.07337083
193	A	0.143	0.04901329
194	G	0.151	0.04788329
195	G	-0.181	0.04274311
196	A	-0.433	0.005697363
197	A	-0.193	0.02926228
198	G	0.391	0.01708401
199	T	0.402	0.03408344
200	G	0.199	0.07347382
201	A	0.029	0.09028526
202	C	0.403	0.07494393
203	G	0.056	0.1040527
204	G	-0.230	0.1592495
205	A	0.049	0.1806432
206	A	-0.269	0.1624796
207	G	0.239	0.123438
208	C	0.416	0.1246707
209	T	0.412	0.1082156
210	G	-0.093	0.1091188
211	G	0.284	0.1311127
212	C	0.449	0.1686925
213	G	0.148	0.1784761
214	G	0.100	0.1970108
215	A	-0.222	0.1868224
216	G	0.219	0.1687076
217	G	-0.233	0.1422506
218	G	0.417	0.1685993
219	G	0.408	0.1609287
220	C	0.370	0.1328189
221	G	0.206	0.1297696
222	C	0.027	0.1125438
223	G	0.076	0.1216091
224	A	0.126	0.08115511
225	G	-0.011	0.06608936
226	G	0.327	0.03155399
227	T	0.161	0.01537574
228	T	0	0.00808405
 229	T	0.099	0.02056555
230	C	-0.175	0.03898841
231	A	-0.077	0.04999878
232	A	-0.427	0.05128197
233	G	-0.474	0.04683791
234	A	-0.135	0.01302884
235	T	0.150	0.03048722
236	G	0.254	0.05571678
237	G	0.405	0.05975961
238	C	0.322	0.06585291
239	G	0.253	0.07796651
240	G	0.147	0.09316958
241	T	-0.082	0.1506078
242	G	-0.213	0.1734113
243	C	0.440	0.1710125
244	C	0.403	0.1793343
245	T	0.164	0.1297706
246	G	-0.077	0.09406301
247	T	0.116	0.06166982
248	G	-0.184	0.06647351
249	T	0.444	0.07489769
250	G	0.229	0.09249424
251	G	0.111	0.0452303
252	T	0.387	0.0039418
253	T	-0.387	0.0158223
254	G	-0.249	0.03918763
255	A	-0.265	0.05841888
256	C	0.224	0.09738176
257	C	0.052	0.06572944
258	G	0.068	0.02849269
259	A	-0.315	0.004931125
260	G	-0.256	-0.03496144
261	A	0.354	-0.01862644
262	C	0.296	-0.01827363
263	C	0.424	-0.01513081
264	C	0.438	-0.05857319
265	A	-0.062	-0.09182165
266	G	-0.365	-0.1271514
267	A	-0.265	-0.09424269
268	G	-0.251	-0.06024269
269	G	-0.125	-0.05642251
270	T	-0.243	-0.05117413
271	G	-0.214	-0.04496144
272	A	-0.471	-0.04634957
273	A	-0.479	-0.03993341
274	G	-0.496	-0.002886844
275	G	0.211	0.02798009
276	C	0.287	0.03047841
277	C	0.415	0.02225866
278	C	0.380	0.02461247
279	C	0.523	0.004891719
280	T	0.416	0.003167969
281	T	0.040	0.01478641
282	C	0.226	0.01999803
283	G	0.228	-0.01147366
284	G	-0.211	-0.04686203
285	A	-0.257	-0.04842097
286	G	-0.205	-0.04573209
287	A	-0.530	-0.05414628
288	A	-0.498	-0.07835736
289	A	-0.293	-0.07526294
290	G	-0.413	-0.1050732
291	T	-0.292	-0.1358345
292	A	-0.279	-0.1469187
293	C	0.390	-0.1083738
294	T	0.423	-0.07075963
295	C	0.389	-0.008034131
296	G	0.029	0.05056437
297	G	0.090	0.08715756
298	G	-0.250	0.1130044
299	A	-0.263	0.1468305
300	A	-0.388	0.1372181
301	C	0.359	0.1335683
302	C	0.395	0.08932549
303	C	0.473	0.06430175
304	C	0.438	0.09040901
305	T	0.292	0.1111033
306	C	0	0.1540894
 307	G	0.248	0.1979598
308	C	-0.432	0.2458141
309	T	0.332	0.2250722
310	A	-0.284	0.2258627
311	G	-0.011	0.2234638
312	T	0.447	0.210014
313	C	0.421	0.2062564
314	G	0.437	0.218231
315	C	0.438	0.1880083
316	T	0.377	0.2023154
317	C	0.027	0.2055715
318	T	0.408	0.2449651
319	C	0.434	0.2730505
320	G	0.223	0.2673402
321	C	0.231	0.2528859
322	C	0.191	0.2344912
323	G	-0.234	0.217985
324	T	-0.204	0.1994999
325	C	0.384	0.1845871
326	C	0.345	0.17403
327	C	0.438	0.1637826
328	G	0.355	0.1766336
329	G	0.189	0.19026
330	G	0.143	0.2075478
331	A	0.174	0.234222
332	G	0.081	0.2699413
333	A	-0.211	0.2221648
334	C	0.239	0.2206005
335	T	0.270	0.2190498
336	C	0.429	0.2062336
337	T	0.449	0.1692815
338	C	0.468	0.1655699
339	A	0.191	0.1339534
340	G	0.367	0.1129343
341	T	-0.380	0.1331905
342	C	0.320	0.1020323
343	G	0.413	0.08510291
344	T	0.150	0.04001628
345	T	-0.401	-0.01629153
346	T	0.083	-0.06844172
347	T	-0.331	-0.1069008
348	T	-0.254	-0.1407407
349	T	0.112	-0.12706
350	T	-0.258	-0.172423
351	T	0	-0.2171425
 352	T	-0.291	-0.250978
353	T	-0.450	-0.2093698
354	T	-0.366	-0.2391912
355	T	-0.423	-0.2493939
356	A	-0.173	-0.2504124
357	A	-0.161	-0.2739626
358	T	-0.405	-0.28308
359	G	-0.302	-0.3100777
360	A	-0.390	-0.3214061
361	A	0.264	-0.3120397
362	G	-0.393	-0.2634363
363	A	-0.494	-0.2279687
364	A	-0.271	-0.2040759
365	G	-0.263	-0.2219766
366	T	-0.404	-0.2261026
367	A	-0.431	-0.2285467
368	A	-0.473	-0.2279567
369	A	-0.301	-0.2572091
370	C	0.411	-0.263609
371	C	0.144	-0.2039728
372	A	0.208	-0.1762934
373	T	-0.447	-0.1317513
374	A	-0.471	-0.08290687
375	T	-0.341	-0.03453469
376	A	-0.381	-0.02910156
377	A	-0.203	-0.007463956
378	A	-0.495	-0.04609346
379	C	0.459	-0.08299427
380	T	0.171	-0.09333081
381	G	0.448	-0.06361619
382	T	0.376	-0.03112058
383	C	0.341	0.0002566687
384	A	-0.386	0.02408311
385	A	0.045	0.0403779
386	C	-0.206	0.05527377
387	A	-0.446	0.00015615
388	T	0.042	-0.02774866
389	G	0.027	-0.08042341
390	G	0.048	-0.1201982
391	G	0.160	-0.1163873
392	A	0	-0.1038277
 393	C	0.057	-0.1239535
394	G	-0.257	-0.1246456
395	A	-0.422	-0.1044057
396	A	-0.274	-0.09219786
397	G	-0.394	-0.07199122
398	A	-0.259	-0.05033883
399	T	0.402	-0.03285077
400	C	-0.185	-0.008055456
401	A	-0.276	0.01795688
402	A	-0.217	0.06201513
403	C	-0.122	0.1030594
404	A	0.238	0.1052233
405	T	0.351	0.1384022
406	C	0.395	0.1655329
407	C	0.440	0.1252259
408	T	0.396	0.1241924
409	C	0.473	0.1281091
410	C	0.447	0.1552346
411	A	0.234	0.1863168
412	C	-0.240	0.1899276
413	C	0.136	0.1787919
414	A	0.174	0.1718459
415	A	-0.241	0.1381421
416	G	-0.201	0.1111751
417	A	-0.214	0.07206583
418	G	0.216	0.05480296
419	T	0.374	0.05935764
420	G	0.296	0.04130952
421	G	0.172	0.005062706
422	G	0.283	-0.003962037
423	A	-0.098	-0.01330654
424	A	-0.034	-0.01397504
425	G	-0.152	0.008363212
426	T	0.171	0.02100277
427	T	0.306	0.01698196
428	T	-0.528	0.01094946
429	A	-0.443	0.02759096
430	T	0.030	0.02456959
431	G	-0.391	0.05330721
432	A	-0.212	0.04260476
433	A	0.143	0.02310438
434	C	0.418	0.005115319
435	C	0.310	0.005264069
436	C	0.199	0.04904613
437	C	0.439	0.06270844
438	A	0.235	0.04265713
439	C	0.361	0.07862663
440	A	-0.205	0.1194677
441	G	-0.464	0.1297952
442	A	-0.116	0.1367341
443	C	0.309	0.1091565
444	C	0.171	0.06409706
445	A	-0.224	0.01507675
446	A	-0.290	-0.03319581
447	G	0.184	-0.03136175
448	C	0.440	-0.0048745
449	C	0.308	0.0038615
450	C	0.529	0.02493831
451	G	-0.130	0.03248875
452	T	-0.521	0.05146575
453	A	-0.345	0.07601437
454	A	-0.536	0.06704631
455	G	0.390	0.02333806
456	T	0.217	-0.01403825
457	G	-0.324	-0.04147463
458	C	0.220	-0.05431744
459	C	0.430	-0.06034581
460	C	0.475	0.0007348125
461	T	0.168	0.011349
462	T	-0.434	0.04103477
463	A	-0.515	0.008605081
464	G	-0.157	-0.0005614312
465	T	-0.130	0.01019213
466	G	0.324	-0.006615675
467	T	-0.227	-0.007364175
468	G	0.455	-0.05092168
469	C	-0.175	-0.08470411
470	A	-0.061	-0.0575653
471	A	-0.128	-0.02778751
472	T	0.071	-0.01796488
473	G	-0.152	0.01140643
474	A	-0.048	-0.01255438
475	G	0.418	-0.02723963
476	G	-0.221	-0.08042119
477	A	-0.372	-0.09884882
478	A	0	-0.1253883
 479	G	-0.038	-0.1054617
480	A	0	-0.09305801
 481	G	0.339	-0.0787154
482	T	-0.059	-0.05358934
483	T	-0.462	-0.05271097
484	A	-0.395	-0.02045091
485	A	-0.470	0.002816656
486	A	-0.486	0.007022238
487	C	0.190	0.01512243
488	G	0.269	0.01156114
489	T	0.076	-0.02420067
490	G	0.353	-0.03790736
491	G	0.432	-0.03121067
492	C	0.294	-0.04018886
493	A	0	0.006938456
 494	G	0.067	0.06435983
495	A	0.090	0.06517821
496	T	-0.056	0.06686133
497	G	-0.232	0.08500303
498	A	-0.278	0.05731689
499	T	-0.355	0.02186839
500	T	-0.538	0.02731458
501	T	0.283	0.03542433
502	C	0.432	0.05778512
503	A	0.203	0.07300776
504	C	0.296	0.08473742
505	T	0.367	0.06523417
506	G	-0.089	0.06918536
507	T	-0.134	0.1033925
508	G	0.381	0.1615002
509	G	0.129	0.1717121
510	C	0.425	0.1717562
511	C	0.334	0.1498061
512	T	0.130	0.1395848
513	A	-0.544	0.1218723
514	A	-0.215	0.1319037
515	G	0.192	0.1612421
516	C	0.391	0.16435
517	T	0.447	0.1736485
518	C	0.433	0.1659759
519	A	-0.147	0.1544972
520	G	0.132	0.1463288
521	C	0.083	0.1953138
522	G	0.071	0.2390021
523	T	0.334	0.2401986
524	C	0.431	0.2115425
525	G	0.278	0.1806818
526	G	0.302	0.1840951
527	T	0.150	0.2213966
528	A	0	0.2444968
 529	G	0.238	0.2392614
530	C	0.483	0.201683
531	G	0.211	0.1628785
532	A	-0.067	0.1240395
533	G	-0.046	0.1159431
534	G	0.487	0.09189206
535	G	0.449	0.08171823
536	T	0.502	0.1014214
537	T	0	0.1011556
 538	A	-0.529	0.08546172
539	T	-0.286	0.08303072
540	G	-0.190	0.09200377
541	G	0.148	0.1031459
542	G	-0.082	0.04415481
543	A	-0.012	0.02886519
544	G	0.315	-0.001843613
545	G	0.234	-0.02690074
546	T	0.232	-0.01897817
547	C	0.172	0.01226682
548	A	0.076	0.01497333
549	T	0.131	0.01572201
550	G	-0.456	0.02698583
551	T	0.204	0.05681098
552	A	0.011	0.03434034
553	G	-0.400	-0.002983975
554	A	-0.403	-0.04516266
555	A	0.213	-0.07989379
556	T	-0.146	-0.09819358
557	T	0.160	-0.09623483
558	C	0.097	-0.09088146
559	T	0.465	-0.1312066
560	T	-0.044	-0.1593184
561	A	-0.362	-0.16321
562	T	-0.442	-0.1684742
563	A	-0.383	-0.1909658
564	G	-0.216	-0.2052565
565	T	0.163	-0.2099752
566	T	-0.370	-0.2432747
567	A	-0.440	-0.2749977
568	A	-0.438	-0.2712016
569	A	-0.463	-0.2298184
570	A	-0.487	-0.194666
571	T	-0.146	-0.1465819
572	T	-0.375	-0.1195909
573	A	0.085	-0.1182196
574	A	-0.435	-0.0970718
575	T	-0.042	-0.08156199
576	T	0.016	-0.07372805
577	C	0.299	-0.06007355
578	A	0.120	-0.02720022
579	T	0.386	-0.03386529
580	G	0.215	-0.01467835
581	G	0.185	-0.03994121
582	T	-0.032	0.01370642
583	T	-0.192	0.0337752
584	A	-0.313	0.05739584
585	G	-0.244	0.02116378
586	A	0.038	-0.003853219
587	A	-0.253	-0.05993703
588	T	-0.068	-0.08237453
589	G	-0.318	-0.09557342
590	T	0.423	-0.1112875
591	T	0.278	-0.11834
592	C	0.394	-0.1189108
593	A	-0.280	-0.1290523
594	G	-0.280	-0.1494899
595	A	-0.511	-0.1007777
596	A	-0.143	-0.07481145
597	A	-0.026	-0.02621851
598	G	-0.283	-0.02060264
599	T	-0.305	-0.03801682
600	A	-0.322	-0.08683857
601	A	-0.406	-0.08420933
602	G	-0.288	-0.07421576
603	T	0.526	-0.01302739
604	T	0.347	-0.006273819
605	A	0.458	-0.008886925
606	C	0.513	0.03665158
607	T	0	0.08451833
 608	T	-0.386	0.09184689
609	A	-0.238	0.09476326
610	A	-0.120	0.1057486
611	C	0.467	0.0694066
612	A	-0.035	0.05929079
613	T	-0.067	0.0442806
614	A	0.444	0.04221723
615	T	0.460	0.06207441
616	G	-0.205	0.1084761
617	T	-0.360	0.1409139
618	T	-0.112	0.1442943
619	T	-0.055	0.09158819
620	T	0.185	0.06759331
621	C	0.218	0.09441293
622	T	0.480	0.09211481
623	C	0.317	0.06017799
624	T	0.355	0.05216336
625	C	0.280	0.06095042
626	A	-0.066	0.07420074
627	A	-0.375	0.0688389
628	A	-0.419	0.04827503
629	C	0.361	0.03076683
630	T	0.408	0.01194046
631	T	-0.050	-0.02908261
632	G	-0.333	-0.04637131
633	A	-0.219	-0.03864225
634	T	0.099	-0.01137166
635	T	-0.140	0.02253097
636	G	-0.143	0.06553359
637	G	-0.061	0.06136228
638	T	0.178	0.01653278
639	T	-0.338	0.01237804
640	A	0.079	0.002986787
641	G	0.404	-0.009299775
642	T	0.370	-0.04481152
643	G	0.166	-0.06435752
644	G	0.268	-0.05965811
645	G	0.294	-0.08548522
646	A	-0.309	-0.1007683
647	T	-0.116	-0.07590751
648	A	-0.483	-0.07932774
649	A	-0.416	-0.07414274
650	A	-0.468	-0.08132468
651	A	-0.453	-0.07049343
652	T	-0.068	-0.05877806
653	T	-0.474	-0.1082166
654	A	-0.065	-0.09410864
655	A	0.059	-0.113607
656	G	0.024	-0.1026694
657	T	0.487	-0.04586576
658	T	0.255	-0.01656957
659	T	0.340	0.01557084
660	T	0.455	0.02069412
661	T	-0.496	0.01908243
662	T	-0.083	0.001659713
663	T	-0.428	0.0037482
664	G	-0.308	-0.009239362
665	T	0.492	-0.0678643
666	G	0	-0.0973523
 667	T	0.060	-0.09708674
668	T	0.013	-0.114409
669	A	-0.500	-0.1069396
670	G	-0.344	-0.127945
671	A	0.092	-0.1261679
672	A	-0.183	-0.1235845
673	A	-0.450	-0.1770262
674	T	-0.216	-0.2012983
675	T	0.344	-0.2171812
676	T	0.178	-0.2479506
677	T	-0.377	-0.1976737
678	T	-0.419	-0.1896548
679	A	-0.400	-0.2163932
680	A	-0.267	-0.2320015
681	C	-0.362	-0.2242395
682	A	-0.388	-0.2358977
683	A	-0.193	-0.2891396
684	A	-0.478	-0.313224
685	T	0.303	-0.3061946
686	G	-0.216	-0.2523089
687	A	-0.335	-0.2079556
688	G	-0.433	-0.1802596
689	T	-0.326	-0.1343361
690	T	-0.403	-0.08640606
691	A	-0.507	-0.06206694
692	A	-0.206	-0.038432
693	G	-0.264	-0.04403038
694	T	0.442	-0.03156219
695	G	0.309	-0.04069194
696	T	0.175	-0.02213182
697	G	0.372	-0.005817519
698	G	0.378	0.02933561
699	G	0.195	0.0619318
700	A	-0.100	0.1005726
701	T	0.214	0.1409807
702	T	-0.016	0.1406534
703	T	-0.481	0.1501887
704	G	-0.136	0.1650696
705	A	-0.065	0.1459961
706	G	0.159	0.1135327
707	A	0.014	0.09799574
708	C	0.411	0.120338
709	T	0.381	0.1242809
710	C	0.437	0.1508252
711	T	0.461	0.2049881
712	C	0.414	0.2051282
713	T	0.067	0.2323964
714	T	-0.140	0.2508193
715	T	-0.052	0.2445127
716	C	0.256	0.1923631
717	C	0.277	0.197521
718	C	0.408	0.1619122
719	T	0.385	0.1342776
720	C	-0.134	0.1365776
721	C	0.371	0.1311334
722	T	0.454	0.1163011
723	T	-0.086	0.11459
724	G	-0.422	0.1004009
725	T	0.464	0.1119102
726	G	-0.132	0.07996517
727	G	0.019	0.0378028
728	T	0.450	0.02547811
729	T	-0.020	0.009857425
730	T	-0.378	-0.00558195
731	A	-0.080	0.02894934
732	G	0.029	0.06463152
733	T	0.461	0.04680427
734	T	-0.103	0.03941646
735	A	-0.289	0.00756735
736	T	-0.331	-0.04710484
737	T	0.121	-0.07196595
738	T	0.207	-0.0797287
739	C	0.465	-0.1033904
740	T	0.148	-0.1045661
741	G	0.179	-0.1436846
742	T	-0.250	-0.1618857
743	A	-0.489	-0.1684754
744	A	-0.423	-0.1722415
745	A	-0.417	-0.2009212
746	A	-0.502	-0.2097331
747	A	-0.458	-0.2634148
748	C	0.010	-0.2837972
749	A	-0.164	-0.2937068
750	A	-0.394	-0.2494647
751	A	-0.394	-0.187702
752	A	-0.391	-0.1428069
753	T	-0.337	-0.1209341
754	A	0.066	-0.1201422
755	T	-0.393	-0.1125948
756	T	-0.178	-0.1342644
757	G	0.020	-0.09666537
758	G	0.457	-0.07472238
759	C	0.498	-0.04278944
760	A	0.294	-0.005378188
761	T	-0.067	0.01573206
762	T	-0.489	0.004828487
763	T	-0.337	0.01922742
764	T	-0.335	0.02495425
765	G	0.437	0.0520312
766	G	-0.043	0.02002961
767	G	0.116	-7.76375e-05
768	T	0.207	-0.04521382
769	T	0	-0.06758364
 770	G	-0.108	-0.06964964
771	A	-0.162	-0.08032007
772	G	-0.086	-0.06574957
773	G	0.453	-0.09168971
774	G	-0.054	-0.06593208
775	T	0.176	-0.04447039
776	T	-0.427	-0.08040202
777	A	-0.425	-0.1132697
778	T	-0.522	-0.1352631
779	A	-0.508	-0.1277993
780	A	-0.102	-0.1382672
781	G	0.022	-0.1756251
782	C	0.368	-0.1701628
783	A	0.459	-0.1541631
784	G	-0.367	-0.1090724
785	T	-0.525	-0.05800899
786	A	-0.460	-0.03277456
787	C	-0.043	-0.03215343
788	A	-0.253	-0.04116068
789	G	-0.143	-0.05839049
790	T	0.032	-0.07060955
791	T	0.432	-0.08950374
792	T	0.293	-0.04763399
793	C	0.391	0.008416762
794	T	-0.119	0.04508651
795	T	-0.498	0.02160731
796	A	-0.246	0.006261619
797	G	-0.253	-0.003242569
798	T	0.173	-0.0210205
799	G	0.157	-0.02689594
800	G	0.302	-0.01798419
801	G	0.370	-0.02665331
802	T	0.126	0.0039205
803	C	-0.418	0.0317161
804	A	-0.499	0.04466836
805	A	-0.295	0.04127986
806	A	-0.251	0.03136452
807	G	0.338	0.01869768
808	C	0.436	0.01214686
809	C	0.252	0.01569174
810	A	0.370	0.02436649
811	C	-0.053	0.04548289
812	C	-0.039	0.0909327
813	A	-0.307	0.09990108
814	A	0.014	0.1020248
815	G	-0.045	0.04924607
816	G	0.197	-0.0004763
817	C	0.427	-0.03450774
818	T	0.265	-0.07259967
819	G	-0.081	-0.04878121
820	T	0.227	-0.01471891
821	T	-0.152	0.03280322
822	A	-0.217	0.05133699
823	C	-0.505	0.04512721
824	A	-0.359	0.005765775
825	T	-0.291	-0.0382631
826	A	-0.239	-0.04812941
827	T	0.327	-0.01689762
828	C	0.505	-0.006662188
829	C	0.452	0.01764563
830	A	0.311	0.05508525
831	T	-0.144	0.07719456
832	G	-0.432	0.06604531
833	T	-0.276	0.0675885
834	A	0.107	0.08112124
835	C	0.418	-
836	T	0.391	-
837	C	0.236	-
838	C	0.381	-
839	A	-0.152	-
840	T	-0.537	-
841	A	-0.267	-
842	G	-0.022	-
