1	C	0.260	-
2	T	0.305	-
3	T	-0.130	-
4	G	0.033	-
5	A	-0.344	-
6	G	-0.115	0.04590465
7	T	0.434	0.04388015
8	G	-0.229	0.03646782
9	G	-0.019	0.03978324
10	A	-0.084	-0.002894442
11	T	0.088	0.02010777
12	G	0.352	0.04652477
13	C	0.236	0.03124768
14	A	0.216	0.03696985
15	G	-0.090	0.02720867
16	T	-0.479	0.03426792
17	G	-0.068	0.0660248
18	G	0.201	0.07032205
19	T	0.251	0.09071738
20	T	-0.160	0.1131649
21	G	-0.136	0.1188876
22	G	0	0.1160969
 23	T	0.469	0.1241674
24	C	0.403	0.1360312
25	A	0.481	0.1240464
26	C	0.485	0.160122
27	T	-0.021	0.2066933
28	T	-0.512	0.2423559
29	A	0.028	0.2194386
30	G	0.343	0.2057042
31	T	0.107	0.185552
32	G	0.272	0.1191035
33	G	0.422	0.08810042
34	C	0.427	0.1345381
35	T	0.194	0.1002993
36	T	0.239	0.08475472
37	T	0.239	0.06519822
38	G	-0.311	0.04248663
39	A	-0.393	0.04152088
40	G	0.044	0.01338936
41	A	-0.382	-0.01298889
42	A	0.157	0.001237525
43	T	-0.127	0.009475775
44	C	0	0.07133586
 45	G	0.410	0.1142659
46	G	0.090	0.1446432
47	T	-0.122	0.1944617
48	G	0.409	0.2187706
49	G	0.338	0.2653912
50	G	0.430	0.2925416
51	C	0.121	0.2815536
52	A	0.409	0.3104782
53	T	0.215	0.3435905
54	C	0.449	0.3168903
55	T	0.432	0.2841413
56	T	0.325	0.2607651
57	C	0.278	0.2637151
58	C	0.437	0.2580405
59	T	0.275	0.2776853
60	C	0.089	0.2546485
61	A	-0.054	0.255903
62	T	0.149	0.2483824
63	T	0.156	0.2565444
64	C	0.341	0.2550496
65	T	0.450	0.2678069
66	C	0.172	0.2426287
67	T	0.447	0.2700282
68	G	0.235	0.293414
69	G	0.376	0.3251812
70	C	0.419	0.2967567
71	T	0.428	0.2532876
72	T	-0.212	0.1946889
73	C	0.274	0.1157954
74	C	0.430	0.08295516
75	C	0.538	0.04774024
76	T	0	0.03287532
 77	T	-0.070	-0.01148518
78	T	-0.530	0.03531491
79	A	-0.499	-0.01437193
80	G	-0.158	-0.08485284
81	A	-0.045	-0.1547083
82	G	0.241	-0.1181763
83	T	-0.103	-0.098379
84	G	0.348	-0.0626495
85	G	-0.322	-0.04305892
86	A	-0.415	-0.04270942
87	A	-0.300	-0.003158333
88	T	0.438	-0.04680758
89	C	0.166	-0.05119467
90	T	-0.101	-0.07048117
91	A	-0.264	-0.03943217
92	T	-0.154	-0.0003089833
93	T	0.428	0.04467335
94	G	-0.282	0.0389696
95	G	-0.156	0.0631066
96	G	0.117	0.08249068
97	T	0.050	0.1391876
98	T	0.054	0.1684409
99	C	0.239	0.1335719
100	T	0.369	0.192957
101	G	0.456	0.2060039
102	G	0.130	0.1881792
103	T	0.416	0.1591898
104	T	0.196	0.1825997
105	C	0.010	0.2003094
106	T	0.429	0.2017973
107	T	0	0.1971467
 108	T	-0.096	0.2185864
109	G	-0.297	0.2214569
110	C	0.335	0.2243435
111	T	0.452	0.2579659
112	C	0.387	0.2385346
113	T	0.400	0.2552043
114	G	0.388	0.2531976
115	T	0.450	0.2478285
116	G	0.231	0.2399273
117	T	0.413	0.2176478
118	C	0.196	0.1760508
119	T	0.200	0.09883692
120	T	-0.120	0.05679875
121	T	-0.361	0.05294758
122	C	0.240	0.05274292
123	C	0.184	0.05391817
124	T	-0.111	0.05053525
125	T	-0.525	0.05097
126	T	-0.116	0.04796308
127	C	0.404	0.06891325
128	C	0.228	0.05711363
129	T	0.427	0.02695488
130	G	0.156	0.05286629
131	G	0.205	0.08459637
132	A	-0.156	0.1052
133	G	-0.110	0.06817992
134	G	0.098	0.08559843
135	A	-0.177	0.08961209
136	A	0.199	0.1127504
137	T	-0.145	0.1260984
138	T	0.130	0.1611354
139	T	-0.039	0.2010368
140	C	0.437	0.2278011
141	T	0.475	0.2204546
142	C	0.433	0.1998746
143	A	0.365	0.2576411
144	C	0.263	0.2318631
145	T	0.368	0.2468764
146	C	0.419	0.2023459
147	G	-0.265	0.1877689
148	T	-0.047	0.1891884
149	T	0.547	0.1785944
150	T	-0.178	0.1684618
151	A	0.140	0.1242313
152	C	-0.096	0.09164907
153	C	0.301	0.1374527
154	C	0.450	0.1156881
155	A	0.238	0.09235488
156	G	0.142	0.06984605
157	A	-0.162	0.02682572
158	T	0.028	0.04203751
159	T	0.284	0.004900175
160	G	-0.308	-0.04813049
161	G	0.267	-0.06682316
162	A	-0.448	-0.06308424
163	A	-0.375	-0.04089332
164	A	0.086	-0.04464158
165	A	-0.144	-0.1022313
166	G	-0.185	-0.1092171
167	A	0.013	-0.1663857
168	G	0.187	-0.1623176
169	G	0.103	-0.1520853
170	T	-0.016	-0.1858836
171	T	-0.406	-0.1729463
172	A	-0.392	-0.160452
173	A	-0.418	-0.1552146
174	C	-0.399	-0.1415963
175	A	-0.253	-0.1333778
176	G	-0.319	-0.1638344
177	T	0.010	-0.1475939
178	A	-0.035	-0.1433708
179	T	0.076	-0.1466734
180	G	0.350	-0.1501881
181	G	0.202	-0.1736684
182	A	-0.381	-0.1603616
183	A	-0.211	-0.1369464
184	A	-0.341	-0.1060834
185	G	-0.457	-0.1209708
186	A	-0.441	-0.1640862
187	A	-0.534	-0.2160411
188	A	-0.159	-0.2268531
189	G	0.291	-0.2503105
190	C	0.334	-0.2462972
191	A	-0.101	-0.2417883
192	T	-0.166	-0.2407393
193	T	-0.420	-0.2392239
194	A	-0.511	-0.2359689
195	A	-0.493	-0.2343072
196	A	-0.293	-0.2511
197	G	-0.403	-0.268195
198	A	-0.429	-0.2722578
199	A	-0.516	-0.2565192
200	A	-0.120	-0.2208482
201	T	0.311	-0.1486568
202	G	0.133	-0.09286114
203	A	-0.306	-0.02361456
204	T	-0.215	0.04396602
205	G	-0.232	0.09582786
206	A	-0.083	0.130335
207	C	0.373	0.1363959
208	C	0.375	0.1388607
209	C	0.427	0.1386918
210	T	0.381	0.1468636
211	G	0.105	0.2018906
212	C	0.293	0.2416917
213	C	0.384	0.2226989
214	T	0.162	0.196001
215	T	-0.308	0.1247032
216	G	-0.117	0.05597182
217	C	0.428	0.05281672
218	T	0.394	-0.005407867
219	C	0.145	-0.04306118
220	T	0.055	-0.02524993
221	G	-0.428	0.02851473
222	A	-0.443	0.07560165
223	A	0.067	0.0608749
224	A	-0.405	0.06766082
225	T	-0.067	0.09870407
226	C	0.376	0.1046149
227	T	0.336	0.1253136
228	T	0.447	0.1184323
229	C	0.251	0.1300346
230	T	0.475	0.1619715
231	C	0.517	0.148941
232	T	0.126	0.1086501
233	A	-0.179	0.09412613
234	T	-0.525	0.04683447
235	G	0.207	-0.01149012
236	G	-0.022	-0.0192347
237	G	-0.223	-0.05068453
238	A	-0.106	-0.05070045
239	A	0.161	-0.05505262
240	G	-0.120	-0.04904853
241	G	-0.448	-0.07790462
242	A	0.382	-0.08842192
243	T	0.140	-0.06599061
244	C	0.126	-0.03156428
245	A	-0.232	-0.02079436
246	A	-0.453	0.02227922
247	G	-0.139	0.08670914
248	A	-0.148	0.08622764
249	C	0.045	0.1135682
250	T	0.306	0.08670214
251	A	0.291	0.07482689
252	C	0.396	0.08966947
253	C	0.324	0.07897456
254	T	0.377	0.1221049
255	T	0.468	0.1366556
256	G	-0.196	0.1010559
257	A	-0.374	0.0925875
258	G	-0.275	0.09527875
259	A	-0.267	0.09888158
260	C	0.369	0.1077584
261	A	0.219	0.1007443
262	G	-0.120	0.1433093
263	T	0.189	0.1608866
264	G	0.429	0.1462201
265	C	0.367	0.1685183
266	T	0.483	0.1267812
267	C	0.384	0.09722017
268	T	0.314	0.1393593
269	T	-0.163	0.1290901
270	G	-0.451	0.1081483
271	A	0	0.05477187
 272	G	-0.131	0.03190154
273	A	-0.134	0.03517538
274	C	0.384	0.04340137
275	A	0.066	0.07287204
276	G	0.177	0.1494108
277	T	-0.272	0.1393557
278	G	0.209	0.1531453
279	G	0.423	0.1659363
280	C	0.413	0.117932
281	C	0.190	0.1324602
282	A	0.466	0.1517596
283	G	-0.120	0.19902
284	G	0.033	0.2011447
285	A	0.018	0.1860858
286	G	-0.191	0.1703274
287	G	0.240	0.1544898
288	C	0.409	0.1114865
289	C	0.294	0.1298368
290	T	0.234	0.1132662
291	G	0.242	0.09451223
292	G	0.224	0.07918182
293	G	0	0.0390499
 294	G	-0.049	-0.03110868
295	A	0.099	-0.06222692
296	G	-0.164	-0.1184832
297	G	-0.206	-0.1189718
298	A	-0.375	-0.1293169
299	G	-0.240	-0.1293169
300	A	-0.432	-0.08876883
301	G	-0.078	-0.06468398
302	A	-0.440	-0.05366565
303	G	0.236	-0.02812848
304	C	0.100	-0.0003904417
305	A	0	0.02512112
 306	C	0.437	0.05059295
307	T	0.388	0.09430652
308	G	-0.032	0.1677424
309	T	0.100	0.1760655
310	T	-0.042	0.1912643
311	G	0.065	0.1790742
312	A	-0.126	0.166913
313	T	0.445	0.1496776
314	C	0.440	0.1656208
315	C	0.336	0.1665556
316	T	0.282	0.183198
317	T	-0.146	0.2152572
318	G	0.291	0.2580174
319	G	0.181	0.2542571
320	T	0.158	0.2323652
321	G	0.111	0.2286788
322	T	0.157	0.2195326
323	T	0.449	0.2221343
324	C	0.386	0.2165786
325	T	0.400	0.1774134
326	G	0.178	0.1862439
327	T	0.292	0.2226543
328	G	0.172	0.2436842
329	G	-0.115	0.179519
330	A	0.224	0.1266733
331	G	-0.288	0.1097392
332	G	0.264	0.06499608
333	C	0.548	0.07705125
334	T	0.409	0.091759
335	A	-0.320	0.1394327
336	T	-0.247	0.1376617
337	T	0.197	0.1853429
338	G	-0.358	0.1531975
339	C	0.437	0.09626667
340	C	0.349	0.04036125
341	T	0.457	0.02189125
342	G	0.203	0.0216015
343	C	0.283	0.001827217
344	C	-0.121	0.04739555
345	A	-0.135	0.01842668
346	A	-0.261	-0.05111007
347	A	-0.541	-0.06357016
348	A	-0.251	-0.05288399
349	T	-0.039	-0.06343483
350	G	0.188	-0.03155707
351	T	0.089	0.01958667
352	G	-0.485	0.08188993
353	T	0.307	0.1286685
354	T	0.331	0.1369352
355	T	0.157	0.1060045
356	C	0.261	0.04694418
357	T	0.478	0.0006564667
358	C	0.486	0.01766422
359	T	0.019	0.02877063
360	T	-0.152	0.0209673
361	T	-0.411	-0.004329033
362	T	-0.520	-0.0100757
363	A	-0.465	-0.03081853
364	G	-0.281	-0.03409595
365	C	0.440	-0.002093833
366	A	0.238	0.04284617
367	G	-0.146	0.07126403
368	A	0.192	0.1537889
369	G	0.229	0.1843799
370	T	0.447	0.2025269
371	C	0.403	0.1553414
372	T	0.387	0.1245994
373	G	-0.070	0.1548333
374	T	0.469	0.1535449
375	A	-0.098	0.1513816
376	T	-0.063	0.1028553
377	T	-0.125	0.05760194
378	T	-0.130	0.04838469
379	G	0.216	0.04279733
380	C	0.176	0.01494658
381	A	0.203	0.01840115
382	C	-0.135	0.03457504
383	A	-0.139	0.06706213
384	G	0.276	0.1088901
385	T	-0.137	0.1280683
386	G	0.135	0.1499902
387	G	-0.057	0.1587592
388	T	0.130	0.1994605
389	G	0.264	0.1936023
390	G	0.371	0.12557
391	C	0.446	0.1464459
392	A	0.439	0.145035
393	C	0.309	0.1071787
394	T	0.353	0.08214342
395	T	-0.209	0.01993483
396	T	-0.539	-0.04474008
397	T	0.113	-0.1224615
398	C	0.118	-0.1793498
399	A	-0.511	-0.1768487
400	A	-0.169	-0.1759745
401	A	-0.482	-0.1228937
402	G	-0.404	-0.04516042
403	A	-0.485	-0.04820509
404	A	-0.242	-0.08197867
405	T	0.339	-0.0001550917
406	C	0.363	0.04818574
407	C	0.427	0.06429016
408	T	0.393	0.1205019
409	T	0.076	0.148872
410	G	-0.286	0.1325245
411	T	0.470	0.07967333
412	C	0.410	0.04842177
413	T	-0.288	-0.02890407
414	T	0.269	-0.0800949
415	T	-0.145	-0.1036787
416	T	-0.438	-0.06782897
417	A	-0.295	-0.1100366
418	T	-0.011	-0.1815816
419	T	-0.500	-0.1688076
420	A	-0.221	-0.1984298
421	G	-0.206	-0.2168519
422	C	0.143	-0.1826316
423	A	-0.036	-0.1221311
424	A	-0.448	-0.1093622
425	G	-0.135	-0.081296
426	A	-0.085	-0.02327333
427	G	-0.366	0.012881
428	G	-0.028	0.03706358
429	A	0.430	0.07751626
430	C	0.141	0.1488737
431	A	-0.163	0.1169417
432	C	0.474	0.1105519
433	G	0.227	0.1530295
434	T	0.433	0.1874323
435	C	0.449	0.1866909
436	T	0.408	0.1990311
437	A	-0.518	0.2497683
438	G	-0.162	0.2256141
439	G	0.143	0.2383358
440	C	0.384	0.2336599
441	A	0.421	0.2301763
442	C	0.289	0.2029392
443	C	0.445	0.2586101
444	C	0.185	0.2704398
445	A	0.380	0.2974866
446	G	0.377	0.2454057
447	C	0.407	0.2020063
448	T	0.081	0.1676133
449	T	0.149	0.1690575
450	C	-0.020	0.1873528
451	G	0.467	0.1611814
452	A	-0.240	0.167356
453	T	-0.098	0.1007953
454	T	-0.122	0.1006606
455	C	0.462	0.05568217
456	T	0.404	0.03029792
457	T	0.066	-0.04266016
458	G	0.451	-0.05925382
459	G	-0.391	-0.04293302
460	T	0.079	-0.02509655
461	A	-0.390	-0.06914591
462	T	-0.325	-0.1288309
463	A	-0.407	-0.09970969
464	A	-0.439	-0.1030494
465	A	0.097	-0.05043352
466	C	0.091	-0.03553205
467	A	-0.066	-0.002035375
468	G	-0.311	0.05585571
469	C	0.415	0.09230492
470	T	0.411	0.1507723
471	C	0.240	0.1549606
472	C	0.258	0.1726716
473	T	0.011	0.1793364
474	G	0.369	0.2241988
475	T	0.029	0.1702859
476	G	0.262	0.1103688
477	T	0.147	0.08156792
478	G	0.303	0.08580142
479	T	0.013	0.120959
480	G	0.226	0.1238451
481	T	-0.231	0.157552
482	G	-0.307	0.1721184
483	A	-0.105	0.1787389
484	T	0.309	0.1564396
485	C	0.433	0.1874996
486	C	0.404	0.2039252
487	C	0.434	0.2453579
488	T	0.436	0.3121634
489	G	0.226	0.3679959
490	G	0.036	0.3523479
491	C	0.386	0.3122351
492	T	0.423	0.3237739
493	C	0.266	0.3064272
494	C	0.494	0.242932
495	T	0.564	0.1900585
496	T	0.121	0.147779
497	T	-0.047	0.07399393
498	C	0.542	0.01982677
499	A	0.225	-0.04413173
500	T	-0.325	-0.06994798
501	T	-0.407	-
502	A	-0.471	-
503	T	-0.498	-
504	A	-0.226	-
505	A	-0.501	-
506	G	0.184	-
