1	T	0.117	-
2	C	0.434	-
3	T	0.278	-
4	C	0.460	-
5	A	0.381	-
6	T	0.080	-
7	T	-0.443	-
8	G	-0.493	0.1973138
9	T	0.279	0.1880099
10	C	0.335	0.158236
11	T	0.296	0.1136971
12	T	0.411	0.06961496
13	T	0	0.06047565
 14	G	0.241	0.08415341
15	C	0.342	0.09144129
16	T	0.434	0.09279016
17	C	-0.031	0.05125604
18	T	-0.041	0.04869885
19	A	-0.434	-0.003870525
20	T	-0.245	-0.01738277
21	T	0.235	0.01333085
22	C	0.459	-5.7575e-05
23	T	-0.326	-0.00607495
24	A	-0.472	-0.04317382
25	A	-0.385	-0.06069792
26	T	0.294	-0.05194464
27	T	-0.544	-0.001150831
28	C	0.194	0.04329317
29	C	0.491	0.04436723
30	G	0.027	0.01442609
31	A	0.246	0.01660297
32	T	-0.158	0.07186366
33	G	-0.311	0.1083248
34	T	0.098	0.1152961
35	T	0.378	0.1698089
36	C	0.465	0.1832378
37	T	0.252	0.1478919
38	T	-0.019	0.1461829
39	T	-0.291	0.1119459
40	T	0.412	0.1218798
41	C	0.198	0.1545297
42	T	0.405	0.1753618
43	C	0.327	0.1782105
44	T	0.409	0.1785105
45	G	-0.074	0.1877169
46	T	0	0.1801014
 47	G	-0.301	0.1912048
48	T	0	0.17078
 49	T	0.210	0.1619915
50	C	0.431	0.1325376
51	C	0.424	0.1041474
52	C	0.470	0.06737763
53	T	0.400	0.04681627
54	T	-0.141	0.04075541
55	T	-0.114	0.06890091
56	C	0.085	0.09272335
57	T	0.057	0.06972216
58	G	-0.065	0.04721617
59	T	-0.126	0.0415888
60	A	-0.178	0.02419405
61	G	-0.403	0.02817555
62	A	-0.096	0.06940636
63	G	0.148	0.07357644
64	T	0.381	0.08657522
65	G	-0.157	0.06002098
66	G	0.071	0.03193223
67	A	0.334	0.02083804
68	C	0.192	0.01385267
69	T	0.463	0.02849292
70	C	0.518	0.02236259
71	A	-0.047	-0.0179261
72	T	0.293	-0.03955921
73	T	-0.367	-0.004687713
74	T	-0.514	0.01509421
75	A	-0.304	0.0219649
76	A	-0.290	0.01941734
77	G	-0.168	-0.0267216
78	A	-0.195	-0.0860536
79	A	-0.495	-0.1148257
80	G	0.035	-0.1657819
81	T	0.400	-0.1226622
82	G	0.387	-0.08241817
83	C	0.444	-0.03976205
84	T	0.151	-0.02799755
85	G	-0.274	-0.04864799
86	A	-0.431	-0.05177117
87	A	-0.507	-0.04505099
88	A	-0.521	-0.07723019
89	T	0.322	-0.1122591
90	G	0.129	-0.1157074
91	G	0.378	-0.1395968
92	G	-0.102	-0.158708
93	A	-0.499	-0.1521027
94	A	-0.245	-0.1500633
95	A	-0.388	-0.1396901
96	G	-0.479	-0.1332422
97	A	-0.159	-0.1794376
98	C	0.332	-0.2177917
99	A	0.061	-0.2640437
100	A	-0.154	-0.283536
101	G	-0.168	-0.2823475
102	A	-0.398	-0.2944031
103	G	-0.341	-0.2834327
104	A	-0.418	-0.2621632
105	A	-0.416	-0.2237943
106	A	-0.484	-0.2164666
107	A	-0.361	-0.2261578
108	T	-0.413	-0.2219704
109	G	-0.480	-0.2285757
110	A	-0.437	-0.2310386
111	A	-0.212	-0.2445639
112	A	-0.139	-0.2510556
113	C	0.454	-0.2524951
114	T	0.449	-0.2519504
115	G	-0.093	-0.2076407
116	T	-0.087	-0.1876659
117	T	-0.274	-0.1516451
118	T	-0.437	-0.09910217
119	T	-0.558	-0.07561367
120	A	-0.522	-0.07431823
121	A	-0.439	-0.1308948
122	A	-0.475	-0.1812028
123	G	0.347	-0.1926587
124	C	-0.094	-0.1839212
125	A	0.096	-0.1920699
126	G	0.402	-0.1876456
127	T	0.162	-0.1798416
128	T	-0.118	-0.1414855
129	T	-0.450	-0.1195396
130	G	-0.354	-0.114657
131	A	-0.276	-0.1628398
132	A	0.052	-0.1745237
133	A	-0.404	-0.1708298
134	G	-0.367	-0.2277535
135	A	-0.433	-0.2121796
136	T	0.091	-0.1926236
137	T	-0.088	-0.1697548
138	T	-0.397	-0.1419292
139	G	-0.423	-0.09817773
140	A	-0.281	-0.08657448
141	A	0.155	-0.07016285
142	A	-0.508	-0.04530328
143	T	0.412	-0.03679846
144	A	0.194	-0.06912739
145	G	-0.084	-0.06040206
146	T	0.090	-0.006680681
147	C	0.423	0.03817876
148	T	0.238	0.04105363
149	T	-0.142	0.05737963
150	T	0.030	0.1152326
151	A	-0.297	0.09418307
152	T	-0.426	0.1035829
153	G	0.051	0.1043675
154	C	0.461	0.1229552
155	T	0.293	0.1183507
156	A	-0.235	0.1215302
157	C	0.416	0.1473487
158	G	0.417	0.1773213
159	G	0.075	0.1883982
160	G	0.344	0.1974974
161	G	-0.072	0.1677913
162	A	0.387	0.1226778
163	C	0.349	0.07386426
164	C	0.289	0.07395026
165	A	0.270	0.03203188
166	C	0.510	0.005929694
167	G	-0.120	0.03058676
168	T	-0.280	0.005443944
169	A	-0.424	-0.0110175
170	A	-0.259	-0.05923956
171	A	-0.487	-0.1139834
172	T	-0.233	-0.1624439
173	T	-0.254	-0.2042511
174	G	0	-0.2242039
 175	C	0.469	-0.1904513
176	A	-0.057	-0.1497034
177	G	-0.335	-0.1300281
178	A	-0.383	-0.1306918
179	A	-0.526	-0.092634
180	A	-0.486	-0.09507038
181	A	-0.398	-0.08914681
182	G	0.190	-0.1173326
183	C	0.419	-0.1763824
184	T	0.371	-0.1741799
185	T	-0.109	-0.1522408
186	T	-0.270	-0.1493709
187	T	0.121	-0.139432
188	C	-0.272	-0.1368667
189	A	-0.159	-0.1119895
190	A	-0.450	-0.1229275
191	T	-0.474	-0.1740449
192	T	-0.022	-0.1951756
193	C	0.015	-0.2111414
194	A	-0.338	-0.196408
195	A	-0.367	-0.2109738
196	A	-0.445	-0.2112133
197	A	0	-0.218537
 198	T	0.015	-0.2124444
199	T	-0.397	-0.1933308
200	T	0.033	-0.2169907
201	T	-0.364	-0.2346961
202	T	-0.034	-0.2464416
203	T	-0.111	-0.1997821
204	T	-0.276	-0.1758915
205	T	-0.276	-0.1578904
206	T	-0.353	-0.1513023
207	T	-0.169	-0.1365852
208	T	-0.401	-0.1568108
209	T	-0.268	-0.116121
210	T	-0.525	-0.1048546
211	T	0.379	-0.1169013
212	G	-0.062	-0.1225385
213	G	0.288	-0.1040702
214	A	0.121	-0.09570491
215	A	-0.162	-0.1007152
216	A	-0.290	-0.04835122
217	T	0.286	-0.005884469
218	T	0.145	0.02163442
219	G	-0.304	0.02947011
220	G	-0.366	0.006999456
221	A	0.018	-0.04062167
222	A	-0.219	-0.06229623
223	A	-0.249	-0.08419448
224	G	0.436	-0.07807223
225	T	0.411	-0.1229281
226	T	-0.085	-0.1368189
227	T	0.504	-0.1090325
228	T	-0.422	-0.07508518
229	A	-0.473	-0.04994837
230	T	-0.225	-0.01847218
231	A	-0.512	0.009074506
232	A	-0.192	-0.001459681
233	G	-0.431	-0.02632421
234	A	-0.076	-0.04795391
235	T	0.140	-0.1126633
236	G	0.176	-0.07997728
237	C	0.420	-0.04355378
238	A	0.283	-0.05663391
239	G	0.191	-0.04958022
240	C	0.268	-0.07024353
241	C	0.013	-0.01487078
242	A	-0.431	0.01871335
243	A	-0.530	0.03656891
244	T	0.100	0.05435366
245	C	0.108	0.04435285
246	A	-0.434	0.03177994
247	A	-0.399	0.01625058
248	A	-0.523	0.004337644
249	T	0.454	0.02666192
250	C	0.460	0.02568111
251	T	0.426	0.02776523
252	C	0.460	-0.004121394
253	C	0.260	-0.03355483
254	A	0.082	-0.02617389
255	C	-0.056	-0.003347687
256	A	0.077	0.03507557
257	T	0.370	-0.02236331
258	T	-0.447	-0.08194324
259	T	-0.497	-0.1414322
260	A	-0.409	-0.1981832
261	G	-0.362	-0.2181757
262	A	-0.316	-0.2315482
263	A	-0.034	-0.2447069
264	T	0.091	-0.2735352
265	T	-0.464	-0.3243124
266	A	-0.492	-0.3236306
267	A	-0.525	-0.3253764
268	A	-0.447	-0.2885793
269	G	-0.058	-0.2392642
270	A	-0.131	-0.2010657
271	G	-0.267	-0.1710544
272	G	-0.383	-0.1567871
273	A	-0.441	-0.1341104
274	A	-0.436	-0.1080084
275	A	-0.525	-0.09648709
276	T	0.179	-0.07856478
277	C	0.426	-0.04901656
278	G	0.294	-0.05268249
279	C	0.445	-0.007459931
280	C	0.320	0.02396551
281	A	-0.101	0.08376438
282	T	-0.075	0.1407781
283	C	-0.341	0.1598088
284	A	-0.160	0.1380697
285	C	0.413	0.08044388
286	G	-0.189	0.07161932
287	C	0.456	0.06643813
288	A	0.119	0.04735986
289	G	0.515	0.05239198
290	C	0.475	0.05328404
291	A	-0.220	0.05714723
292	T	-0.168	0.03743048
293	T	-0.495	0.007490338
294	T	0.153	0.02780378
295	C	0.362	-0.02469629
296	T	0.014	-0.01060504
297	T	-0.021	-0.06810754
298	T	-0.060	-0.1306866
299	T	-0.279	-0.1263767
300	T	-0.475	-0.1364125
301	T	-0.065	-0.1265165
302	T	0.135	-0.142454
303	C	-0.383	-0.1567483
304	T	0.344	-0.1296922
305	A	-0.404	-0.1021073
306	G	-0.525	-0.07676289
307	A	-0.151	-0.02775114
308	A	-0.329	0.004534956
309	G	-0.336	-0.01694459
310	A	-0.101	-0.03146076
311	C	0.133	-0.01592845
312	T	0.447	-0.04834289
313	T	0.420	-0.04153495
314	C	0.344	-0.04066726
315	T	0.504	-0.0459917
316	T	0.040	-0.01413158
317	T	-0.408	0.0219733
318	A	-0.097	0.05500467
319	A	-0.135	0.06835074
320	T	-0.174	0.02614142
321	G	-0.296	-0.02954883
322	A	-0.511	-0.08143495
323	A	-0.236	-0.1391636
324	G	0.180	-0.1644662
325	C	0.240	-0.133053
326	A	0.426	-0.1142944
327	G	0.347	-0.07800298
328	G	-0.227	-0.03729011
329	A	-0.470	0.008243206
330	A	-0.485	0.06919202
331	A	-0.418	0.1047736
332	A	-0.364	0.1202698
333	A	0.093	0.09783758
334	T	0.203	0.05412233
335	C	0.445	0.001870644
336	T	0.477	-0.01209198
337	C	0.432	-0.0006594188
338	A	0.463	0.0009650813
339	C	0.332	0.03018809
340	T	0.428	0.05599741
341	C	-0.117	0.05013707
342	A	-0.272	0.04023037
343	G	-0.488	-0.01138232
344	A	-0.451	-0.05825376
345	A	-0.287	-0.1166509
346	G	-0.459	-0.1523883
347	G	0.048	-0.1764528
348	A	0.048	-0.2140831
349	A	0	-0.1986714
 350	G	0.044	-0.156283
351	A	-0.380	-0.1107188
352	G	-0.272	-0.09954371
353	A	-0.501	-0.06200965
354	A	-0.108	-0.05729634
355	G	-0.052	-0.03313929
356	A	-0.173	-0.01575816
357	C	0.128	0.01714934
358	T	0.405	-0.003117269
359	T	0.240	0.02067036
360	T	-0.272	0.04964604
361	T	0.312	0.07861234
362	G	-0.384	0.06324622
363	G	0.435	0.04574461
364	C	0.326	0.0319063
365	T	0.526	-0.00047145
366	T	-0.279	-0.0386612
367	T	0	-0.03431426
 368	C	0.191	0.001815675
369	C	-0.038	0.0097398
370	A	-0.354	0.05687549
371	A	-0.332	0.05162417
372	G	-0.395	0.05173642
373	A	-0.389	0.03602142
374	A	-0.205	0.07881593
375	C	0.309	0.0919873
376	G	0.305	0.1047434
377	C	0.439	0.120849
378	T	0.370	0.1690948
379	C	0.351	0.2167001
380	C	0.328	0.2438566
381	T	0.275	0.2830495
382	C	0.405	0.2914999
383	T	0.210	0.28611
384	C	0.395	0.2992524
385	C	0.219	0.2495239
386	C	0.417	0.2052361
387	T	0.429	0.1575579
388	C	0.039	0.1130146
389	T	0.237	0.09285959
390	G	-0.070	0.06025647
391	G	0.223	0.05718609
392	C	0.516	0.05952666
393	G	-0.356	0.06774334
394	A	-0.338	0.06848734
395	A	-0.411	0.06980041
396	A	-0.384	0.07013321
397	C	-0.047	0.07041615
398	G	-0.116	0.101534
399	T	0.161	0.09754251
400	T	0.432	0.08068032
401	C	0.350	0.1289441
402	C	0.429	0.1768764
403	T	0.450	0.219753
404	G	0.044	0.2694826
405	C	0.242	0.2995346
406	C	0.427	0.3339559
407	T	0.159	0.3193083
408	G	0.246	0.3089966
409	C	0.416	0.2926357
410	T	0.428	0.293368
411	G	0.274	0.2788266
412	C	0.411	0.2835239
413	C	0.433	0.2617026
414	T	0.434	0.2181624
415	C	-0.072	0.1745499
416	T	0.267	0.1584462
417	C	0.089	0.1080963
418	C	0.441	0.1014893
419	T	0.217	0.07450841
420	C	0.119	0.04059541
421	T	-0.106	-0.01860634
422	G	-0.269	-0.05161121
423	A	-0.537	-0.05298643
424	A	-0.011	-0.1007987
425	G	-0.389	-0.1202872
426	G	0.322	-0.1637294
427	T	-0.157	-0.1773191
428	G	-0.130	-0.1815215
429	A	-0.513	-0.2009579
430	A	-0.093	-0.179905
431	G	-0.094	-0.1527385
432	A	-0.497	-0.1820991
433	G	-0.222	-0.1865246
434	G	-0.253	-0.2203923
435	A	0	-0.2186828
 436	A	0.052	-0.236709
437	G	-0.417	-0.1936828
438	G	0.067	-0.2024749
439	T	-0.103	-0.2127505
440	A	-0.481	-0.1743005
441	A	-0.460	-0.1622761
442	T	-0.219	-0.1636283
443	G	-0.130	-0.1688834
444	A	-0.419	-0.2021125
445	C	0.174	-0.1963689
446	A	-0.234	-0.2291308
447	T	-0.259	-0.2366107
448	G	0.117	-0.222114
449	G	-0.030	-0.1734033
450	T	-0.275	-0.1501839
451	A	-0.084	-0.1233393
452	T	-0.479	-0.08989353
453	G	-0.326	-0.1106026
454	A	-0.456	-0.122345
455	A	-0.223	-0.1335575
456	A	-0.249	-0.1655613
457	C	0.319	-0.1849592
458	C	0.152	-0.1711207
459	T	0.299	-0.1745108
460	T	0.115	-0.1353846
461	C	-0.156	-0.094776
462	A	-0.422	-0.09400369
463	A	-0.438	-0.09981469
464	G	-0.394	-0.07572925
465	T	-0.340	-0.1145626
466	A	-0.053	-0.1335359
467	G	-0.138	-0.1599989
468	A	0.146	-0.1561051
469	C	0.323	-0.1208002
470	A	-0.444	-0.07204206
471	T	-0.315	-0.04300531
472	T	0.136	0.01340051
473	G	-0.302	0.009743444
474	T	-0.151	-0.01144056
475	A	-0.123	-0.01039743
476	T	0.178	-0.02454559
477	C	0.408	-0.02641665
478	T	0.357	-0.01131084
479	C	0.026	-0.01289996
480	A	0.508	-0.02046649
481	T	-0.399	0.02058119
482	T	-0.392	0.05659288
483	A	-0.121	0.08269488
484	T	-0.079	0.09174894
485	C	0.293	0.03560801
486	A	-0.202	-0.01257143
487	A	-0.341	-0.03698581
488	G	0.015	-0.09701812
489	G	0.354	-0.1011867
490	C	0.424	-0.09056706
491	C	0.293	-0.1074541
492	C	0.322	-0.08985391
493	A	-0.490	-0.1291171
494	A	-0.413	-0.1048147
495	G	-0.364	-0.1046225
496	A	-0.452	-0.1099538
497	T	-0.466	-0.1488638
498	A	-0.222	-0.1809559
499	A	-0.391	-0.1892677
500	G	0.202	-0.1913244
501	A	-0.334	-0.1307967
502	C	0.186	-0.1125209
503	A	-0.338	-0.1148742
504	A	-0.070	-0.1207712
505	G	-0.268	-0.1251363
506	G	-0.088	-0.1284173
507	A	0.160	-0.1313352
508	C	0.290	-0.1684974
509	C	0.478	-0.1682529
510	T	-0.120	-0.2037753
511	T	-0.402	-0.1959521
512	A	-0.546	-0.2151817
513	A	-0.535	-0.2205232
514	C	-0.275	-0.2329458
515	A	-0.438	-0.2587034
516	G	-0.392	-0.2963075
517	A	-0.330	-0.3552118
518	A	-0.381	-0.3760376
519	G	-0.213	-0.3257607
520	A	-0.377	-0.3118043
521	G	-0.353	-0.2526997
522	A	-0.287	-0.2226054
523	A	-0.251	-0.2063318
524	C	-0.311	-0.2129959
525	A	-0.464	-0.1801069
526	A	-0.454	-0.1562427
527	G	0.402	-0.1451947
528	C	-0.323	-0.1062675
529	A	0.409	-0.05375214
530	T	0.206	-0.01037202
531	C	-0.178	-0.02788564
532	A	-0.499	-0.02338333
533	A	0.195	0.01179218
534	T	0	0.03146361
 535	G	-0.036	-0.009566138
536	C	0.244	0.005847556
537	C	0.486	-0.02710007
538	T	0.406	-0.05315813
539	A	-0.531	-0.02989326
540	A	-0.239	0.01630593
541	T	0.098	0.03332468
542	G	-0.139	0.03752511
543	G	-0.254	0.01246857
544	T	-0.076	0.01852151
545	A	-0.117	0.01684457
546	A	-0.210	0.01916313
547	C	0.194	0.08434026
548	C	0.240	0.09012344
549	C	0.468	0.06008287
550	A	0.067	0.0515
551	A	-0.437	0.05143419
552	C	0.341	0.07399449
553	T	0.459	0.07347512
554	C	0.443	0.1015018
555	T	0.511	0.07211506
556	T	-0.147	0.06796993
557	T	-0.381	0.0341134
558	A	-0.276	0.01236266
559	A	-0.255	0.01157834
560	C	0.284	0.009368031
561	T	-0.125	-0.04454991
562	A	0.237	-0.09171559
563	A	-0.276	-0.1118895
564	T	0.173	-0.07225678
565	T	-0.073	-0.02490953
566	A	-0.280	-0.01938647
567	A	-0.449	-0.02224472
568	T	0.306	-0.06829328
569	T	-0.402	-0.07807947
570	A	-0.310	-0.1161365
571	A	0.188	-0.1204033
572	T	0.487	-0.1587447
573	C	0.375	-0.1588862
574	A	-0.188	-0.1567172
575	A	-0.301	-0.1175223
576	T	-0.452	-0.1528885
577	T	-0.282	-0.1466147
578	A	-0.371	-0.1420461
579	A	-0.344	-0.1350525
580	A	-0.439	-0.1617827
581	T	-0.075	-0.156715
582	T	-0.246	-0.1394369
583	T	0.177	-0.1075785
584	A	-0.259	-0.05073412
585	C	-0.302	-0.006805869
586	A	-0.237	0.03711726
587	T	0.300	0.07326482
588	C	0.059	0.1242254
589	C	0.456	0.126825
590	A	0.088	0.1680104
591	G	0.208	0.1807897
592	G	0.456	0.2126511
593	T	0.420	0.2513933
594	T	0.331	0.281651
595	C	0.234	0.267813
596	T	0.375	0.2589861
597	G	-0.034	0.2286972
598	C	0.412	0.2151006
599	C	0.381	0.2157753
600	C	0.250	0.214972
601	C	0.317	0.2142738
602	C	0.246	0.2188055
603	T	0.078	0.218407
604	C	-0.081	0.2206349
605	A	-0.027	0.2377617
606	T	-0.129	0.2030759
607	C	0.219	0.1865324
608	C	0.444	0.1960744
609	C	0.409	0.1934079
610	T	0.403	0.2046072
611	C	0.227	0.2121028
612	C	0.411	0.1861501
613	T	0.239	0.1555458
614	C	-0.142	0.1358809
615	T	0.117	0.1322942
616	C	0.403	0.126317
617	C	0.274	0.123862
618	T	0.425	0.1142384
619	T	0.198	0.1225254
620	T	-0.497	0.1087432
621	T	-0.517	0.106261
622	A	-0.444	0.1425833
623	G	0.162	0.1676071
624	T	0.348	0.1706821
625	C	0.370	0.134967
626	C	0.249	0.07843175
627	C	0.360	0.06109736
628	A	0.190	0.07668949
629	C	0.199	0.09252136
630	C	0.439	0.0892218
631	C	0.517	0.09971486
632	T	0.452	0.09596261
633	T	-0.296	0.1010278
634	A	-0.479	0.1175383
635	C	-0.078	0.1098144
636	A	-0.247	0.09341562
637	A	-0.264	0.1001574
638	A	-0.496	0.09480006
639	T	0.329	0.09019431
640	T	0.288	0.08673787
641	C	0.451	0.1169795
642	C	0.514	0.1288632
643	T	0.236	0.1153699
644	A	-0.071	0.1049186
645	C	0.307	0.1109386
646	C	0.353	0.1637259
647	C	0.443	0.159318
648	C	0.396	0.1591533
649	C	0.187	0.1207352
650	A	-0.288	0.1111035
651	T	-0.294	0.1140481
652	T	-0.414	0.135304
653	A	-0.167	0.1378745
654	C	0.347	0.1429763
655	T	0.259	0.1442693
656	C	0.285	0.1049205
657	T	-0.163	0.08461113
658	C	0.360	0.08141806
659	T	0.283	0.08353481
660	C	0.268	0.090929
661	C	0.348	0.1185837
662	C	0.434	0.119615
663	C	0.464	0.1297566
664	T	-0.232	0.1172521
665	T	-0.137	0.1182976
666	A	-0.339	0.07130037
667	T	-0.260	0.06290075
668	A	-0.296	0.03571362
669	C	0.274	0.04145919
670	T	0.364	0.02524975
671	C	0.421	0.005557
672	A	0.085	0.0161007
673	G	-0.146	-0.0088038
674	A	-0.391	-0.0069353
675	G	0.149	-0.01931305
676	A	-0.166	-0.006910975
677	C	0.440	0.00105465
678	G	0.175	0.003024775
679	G	0.149	-0.004955912
680	G	-0.063	0.01697365
681	A	-0.536	0.05170421
682	A	-0.310	0.1022685
683	A	-0.458	0.08826712
684	G	-0.098	0.116917
685	C	0.401	0.05704219
686	C	0.395	0.05134555
687	C	0.293	0.07146211
688	C	0.436	0.06915466
689	C	0.408	0.1127233
690	C	0.417	0.1409893
691	C	-0.074	0.1567855
692	T	0.292	0.1300721
693	T	-0.517	0.08424365
694	G	0.084	0.06899771
695	G	0.471	0.03942828
696	G	-0.100	0.02961615
697	T	0.160	0.0172774
698	A	0.142	0.01717628
699	T	-0.205	0.04898386
700	T	-0.525	0.05564036
701	A	-0.331	0.1011415
702	C	0.151	0.1020093
703	A	-0.179	0.05176578
704	C	0.279	0.03357903
705	A	0.211	-0.009897912
706	C	0.415	-0.04421047
707	C	0.434	-0.0499686
708	C	0.398	-0.00965535
709	A	0.210	0.004345712
710	C	0.098	0.02188396
711	T	-0.332	0.05574946
712	A	-0.391	0.05924409
713	A	-0.534	0.06801678
714	A	-0.406	0.06675428
715	T	-0.297	0.05259659
716	G	0.119	0.05241096
717	C	-0.107	0.06353446
718	A	0.432	0.08584269
719	T	0.362	0.1189216
720	C	0.335	0.1427753
721	C	0.351	0.1609584
722	T	0.395	0.1976154
723	T	0.207	0.1826894
724	T	0.395	0.1517346
725	C	0.388	0.1535048
726	C	0.455	0.1465692
727	C	0.196	0.1505064
728	A	-0.010	0.1587849
729	C	-0.243	0.1140059
730	T	0.179	0.0817271
731	T	-0.536	0.0950906
732	A	-0.375	0.09492566
733	G	-0.078	0.07764991
734	G	0.321	0.03342804
735	C	0.425	0.00613435
736	T	0.467	-0.02391313
737	C	-0.364	-0.02563344
738	A	-0.121	-0.06144407
739	A	0.421	-0.03446694
740	C	0.392	-0.01763576
741	C	0.112	0.01476906
742	A	-0.252	0.008477188
743	A	-0.240	-0.004856375
744	G	-0.490	-0.02106781
745	T	-0.271	0.001717875
746	A	-0.393	-0.01401769
747	G	-0.105	-0.07346269
748	T	-0.106	-0.1138584
749	C	0.439	-0.1156244
750	T	0.220	-0.08233606
751	G	0.212	-0.08404987
752	G	0.208	-0.07622062
753	T	0	-0.07859949
 754	T	-0.372	-0.04305362
755	A	-0.529	-0.04390618
756	A	-0.253	-0.06536706
757	G	0.084	-0.08714587
758	G	0.280	-0.1034803
759	G	-0.267	-0.1082279
760	A	-0.365	-0.1219662
761	A	-0.309	-0.08996308
762	G	0.175	-0.09381695
763	A	-0.118	-0.07300776
764	G	-0.449	-0.0394477
765	G	0.091	-0.02250789
766	A	-0.040	-0.02167114
767	T	0.136	0.01832198
768	T	-0.011	0.06861929
769	C	0.512	0.1056963
770	A	-0.434	0.1232134
771	A	-0.196	0.1306384
772	C	0.283	0.1480906
773	G	0.355	0.1661097
774	T	0.293	0.1817468
775	C	0.372	0.183108
776	A	0.439	0.2097
777	G	0.283	0.15365
778	C	0.455	0.1756504
779	C	0	0.1694188
 780	A	-0.170	0.1373412
781	A	0.379	0.1263162
782	C	0.209	0.09499975
783	C	0.158	0.07774038
784	A	0.414	0.07886838
785	G	-0.384	0.05455994
786	T	-0.082	0.002061131
787	T	-0.296	-0.02659049
788	C	-0.229	-0.02931193
789	A	0.178	-0.06540668
790	G	-0.207	-0.08539599
791	G	0.096	-0.08115937
792	T	0.457	-0.08153481
793	A	-0.105	-0.03313331
794	A	-0.384	-0.003484681
795	A	-0.458	0.02904838
796	T	-0.214	0.06863313
797	T	-0.198	0.08384307
798	A	-0.110	0.09036888
799	G	0.225	0.08524596
800	C	0.408	0.03564228
801	C	0.389	0.07238209
802	T	0.391	0.09454241
803	T	0.224	0.1195945
804	G	0.403	0.1090654
805	C	0.422	0.09519105
806	A	-0.102	0.09528836
807	T	0.014	0.1068524
808	A	-0.336	0.09620711
809	C	0.482	0.06899732
810	A	-0.029	0.03427851
811	T	-0.057	0.05148132
812	T	-0.382	0.02546127
813	A	-0.420	0.02201421
814	A	-0.108	0.05886764
815	A	0.411	0.08694937
816	C	0.237	0.08190299
817	A	-0.045	0.03883331
818	C	-0.163	0.04388626
819	T	0.499	0.03636393
820	A	-0.012	0.05099174
821	T	0.367	0.07725193
822	C	0.486	0.05973981
823	T	0.463	0.04140237
824	T	-0.417	0.05019318
825	A	-0.206	0.03962873
826	T	0.051	0.02132391
827	A	-0.177	-0.02413634
828	T	-0.148	-0.02465578
829	T	0	-0.06508309
 830	T	-0.388	-0.1061063
831	G	0.117	-0.1589622
832	T	0.378	-0.109047
833	T	-0.214	-0.1055635
834	T	-0.456	-0.1101869
835	A	-0.227	-0.06791051
836	A	-0.020	-0.05862332
837	A	-0.279	-0.05086807
838	T	-0.169	0.002390056
839	T	-0.382	0.007540181
840	T	0.381	-0.0099596
841	T	-0.150	-0.01731566
842	T	-0.022	-0.0023316
843	T	0.498	0.0225984
844	C	0	0.02390933
 845	A	0.124	0.05280577
846	C	0.463	0.07672771
847	C	0.200	0.1339628
848	T	0.098	0.08937302
849	A	-0.332	0.1094518
850	G	-0.216	0.1000842
851	T	0.170	0.04407903
852	C	0	0.02328353
 853	A	0.182	0.02142687
854	T	0.213	0.00614725
855	C	0.533	-0.0026554
856	A	-0.332	-0.02382131
857	T	0.170	-0.01564543
858	T	-0.172	-0.02661362
859	G	-0.397	-0.05772868
860	A	-0.332	-0.04668843
861	A	0.094	-0.06223669
862	C	0.218	-0.06181719
863	T	0.059	-0.07291313
864	G	-0.240	-0.08302851
865	T	-0.201	-0.1211629
866	A	-0.392	-0.111202
867	A	-0.326	-0.06362989
868	G	0.176	-0.01663021
869	T	-0.066	-0.01637892
870	C	0.219	-0.04957924
871	C	0.356	-0.07389796
872	A	-0.493	-0.04286809
873	A	-0.439	-0.0080314
874	C	-0.013	0.03621391
875	T	0.363	0.0849891
876	C	0.419	0.09440854
877	T	0.098	0.1121434
878	A	-0.312	0.1059884
879	G	-0.329	0.06285061
880	T	0.256	0.1166185
881	T	0.355	0.1395494
882	C	0.315	0.107801
883	C	0.453	0.05171551
884	T	0.327	0.02620019
885	T	0.217	0.012744
886	G	0.121	0.03134892
887	G	-0.334	0.01891073
888	T	0.366	-0.03050577
889	A	-0.072	-0.04716689
890	G	-0.521	-0.05883695
891	A	-0.533	-
892	A	0.011	-
893	G	-0.116	-
894	C	-0.014	-
895	A	-0.528	-
896	A	-0.534	-
897	T	0.089	-
898	G	0.128	-
