1	C	0.407	-
2	G	0.250	-
3	C	0.370	-
4	G	-0.127	0.03356431
5	A	-0.343	-0.03340894
6	A	0.087	-0.0594859
7	C	-0.238	-0.04732902
8	A	-0.137	-0.01936016
9	T	-0.128	0.06989334
10	A	0.041	0.05018338
11	C	0.467	0.04958775
12	A	0.096	0.03185875
13	G	0.370	-0.01505862
14	T	-0.069	0.02239871
15	A	-0.243	-0.09721391
16	G	-0.279	-0.145071
17	A	-0.503	-0.2365365
18	T	0.341	-0.2401508
19	G	-0.489	-0.205734
20	T	-0.286	-0.1178406
21	A	-0.361	-0.0876456
22	G	-0.098	-0.166576
23	A	0.032	-0.157508
24	G	0.423	-0.1592331
25	G	-0.262	-0.07922998
26	A	-0.290	-0.06215685
27	T	-0.417	-0.01003021
28	A	-0.300	-0.1137586
29	C	0.278	-0.09814709
30	A	0.037	-0.1038901
31	C	0.449	-0.07240534
32	A	-0.406	-0.06007409
33	G	-0.137	-0.1431637
34	T	-0.336	-0.1940081
35	A	-0.165	-0.2817433
36	G	-0.201	-0.2973821
37	A	-0.386	-0.3405029
38	T	-0.368	-0.2717984
39	A	-0.252	-0.259634
40	T	-0.531	-0.2344233
41	A	-0.482	-0.2175404
42	G	0.213	-0.2113232
43	A	-0.067	-0.2056328
44	G	0	-0.1609074
 45	G	-0.250	-0.04898916
46	A	-0.319	-0.02276004
47	T	-0.207	0.01204163
48	A	-0.173	0.0386185
49	C	0.413	0.09630288
50	G	0.423	0.1264157
51	C	0.210	0.08762094
52	A	0.212	0.1076287
53	G	0.210	0.09934734
54	A	-0.078	0.004352087
55	G	-0.517	-0.03193901
56	A	-0.013	-0.1151718
57	T	0.346	-0.1592373
58	G	-0.336	-0.1990443
59	T	-0.079	-0.08446795
60	A	-0.453	-0.07071381
61	G	-0.141	-0.1012821
62	A	-0.396	-0.01216031
63	G	0.398	0.03812404
64	G	0.096	0.1443787
65	A	0.102	0.1164454
66	G	0.376	0.1147549
67	G	0.322	0.01317579
68	G	0.396	-0.02066775
69	T	-0.365	-0.0655735
70	A	-0.410	-0.07630113
71	C	-0.413	-0.1199378
72	A	-0.174	-0.1533375
73	A	-0.256	-0.111874
74	G	0.290	-0.088816
75	G	-0.026	-0.0601505
76	G	0.129	-0.07860588
77	T	-0.033	0.018593
78	A	-0.225	-0.07892
79	G	-0.184	-0.111419
80	A	-0.321	-0.1842739
81	T	0.520	-0.1965669
82	G	-0.489	-0.1330308
83	T	-0.286	-0.1261319
84	A	-0.453	-0.1216599
85	G	-0.132	-0.1642721
86	A	0.282	-0.1513775
87	G	-0.129	-0.1176096
88	G	-0.285	-0.02392062
89	A	0.179	0.01231438
90	G	-0.386	-0.03591775
91	T	-0.016	0.01840713
92	A	0.296	0.09582913
93	C	0.157	0.07336613
94	A	-0.103	0.05535325
95	C	0.305	0.008916375
96	C	0.333	-0.058978
97	A	0	-0.09963625
 98	T	-0.530	-0.05772725
99	A	-0.387	-0.145162
100	G	-0.246	-0.1951169
101	A	-0.167	-0.2292659
102	T	0.232	-0.1835655
103	G	-0.394	-0.1325865
104	T	-0.066	-0.07879821
105	A	-0.273	-0.03157621
106	G	-0.164	-0.1113742
107	A	0.019	-0.08619946
108	G	0.183	-0.09699259
109	A	0.210	-0.05108646
110	G	-0.406	-0.01070346
111	T	-0.192	0.01734837
112	A	-0.152	-0.07108987
113	C	0.094	-0.1415049
114	A	0.158	-0.1416219
115	C	0.244	-0.097628
116	G	-0.524	-0.09615888
117	A	-0.353	-0.1477449
118	G	-0.407	-0.1187369
119	A	0.159	-0.1913562
120	G	-0.140	-0.1358106
121	A	-0.318	-0.1483387
122	T	0.390	-0.1131941
123	G	-0.336	-0.1924721
124	T	-0.079	-0.117259
125	A	-0.453	-0.06847662
126	G	-0.126	-0.1353557
127	A	-0.474	-0.1375874
128	G	0.460	-0.181146
129	G	0.071	-0.1846029
130	A	-0.144	-0.227347
131	G	-0.354	-0.12744
132	A	-0.428	-0.1649263
133	T	-0.480	-0.1177528
134	A	-0.468	-0.1504094
135	C	0.324	-0.1366873
136	A	0.161	-0.1252859
137	C	0.449	-0.0739363
138	A	-0.406	-0.03969992
139	G	-0.244	-0.1360181
140	T	-0.336	-0.168395
141	A	-0.070	-0.2527008
142	G	-0.194	-0.2503285
143	A	-0.446	-0.2704705
144	T	-0.097	-0.2874805
145	G	-0.225	-0.3046353
146	T	-0.387	-0.2433868
147	T	-0.405	-0.1380254
148	A	-0.473	-0.1053229
149	G	-0.207	-0.127917
150	G	0.295	-0.08358511
151	A	0.396	-0.07011736
152	G	0.163	0.005085137
153	A	-0.406	0.04390064
154	T	-0.032	0.06318926
155	A	-0.298	0.06556951
156	C	0.128	0.06948726
157	A	0.103	0.1713699
158	C	0.450	0.193197
159	G	0.415	0.1880295
160	C	0.195	0.1427294
161	A	0.408	0.1045111
162	G	0.142	-0.01472463
163	T	-0.339	-0.02402437
164	A	-0.233	-0.1095966
165	G	-0.202	-0.1965231
166	A	-0.503	-0.2594626
167	T	0.341	-0.2293647
168	G	-0.489	-0.1961338
169	T	-0.286	-0.1178406
170	A	-0.361	-0.0876456
171	G	-0.098	-0.166576
172	A	0.032	-0.157508
173	G	0.423	-0.1762679
174	G	-0.262	-0.1551056
175	A	-0.290	-0.1452333
176	T	-0.417	-0.1221108
177	A	-0.436	-0.1526169
178	C	-0.192	-0.1074613
179	A	-0.019	-
180	C	0.216	-
181	A	0.179	-
182	G	0.099	-
