1	C	-0.034	-
2	A	0.035	-
3	C	0.181	-
4	T	0.427	-
5	C	0.360	-
6	C	0.420	0.2921647
7	T	0.378	0.334109
8	G	0.131	0.367447
9	T	0.411	0.3534495
10	C	0.421	0.2790805
11	C	0.479	0.2184079
12	C	0.427	0.1790956
13	T	0.402	0.1870903
14	C	0.027	0.1826651
15	A	-0.390	0.0974949
16	G	-0.307	0.03263917
17	A	-0.011	0.004628264
18	G	0.466	-0.01700801
19	T	0.082	-0.05360855
20	G	-0.525	-0.02850535
21	A	-0.291	0.04194501
22	C	0.170	0.1050679
23	T	0.189	0.1431768
24	G	0	0.1171158
 25	C	0.303	0.1543218
26	C	0.384	0.2176796
27	C	0.386	0.2379693
28	C	0.407	0.2509633
29	T	0.179	0.2575495
30	C	0.491	0.2854742
31	T	0.171	0.2679961
32	T	-0.068	0.2612932
33	T	0.313	0.2633592
34	C	0.261	0.2462652
35	T	0.307	0.2365729
36	T	0.111	0.2176062
37	C	0.310	0.2235719
38	C	0.409	0.2355798
39	T	0.219	0.2235133
40	C	0.073	0.1797171
41	T	0.283	0.1195975
42	T	0.237	0.09086789
43	C	0.063	0.04539835
44	T	0.181	-0.02181902
45	T	-0.220	-0.05756084
46	T	-0.354	-0.0239012
47	T	-0.204	-0.01547856
48	T	-0.189	-0.005268655
49	A	-0.329	0.02468973
50	C	-0.173	0.03679973
51	T	0.443	0.09173173
52	C	0.375	0.1292464
53	A	0.349	0.1867868
54	G	0.392	0.1831738
55	C	0.314	0.1839254
56	T	0.384	0.1746661
57	T	0.058	0.1597591
58	C	0.428	0.1158751
59	A	-0.229	0.04970648
60	T	-0.321	-0.01649288
61	G	-0.275	-0.005210427
62	A	0.279	-0.0009494273
63	T	-0.107	0.03385627
64	G	-0.378	0.02283809
65	A	-0.335	0.030552
66	T	0.438	0.04381436
67	C	0.430	0.05987992
68	C	0.441	0.02774836
69	T	0.307	0.04768127
70	G	-0.144	0.1021554
71	A	-0.175	0.103796
72	G	-0.098	0.053245
73	A	-0.073	0.041257
74	C	0.112	0.03748455
75	T	0.220	0.04946236
76	T	-0.317	0.09538209
77	G	-0.117	0.1283221
78	T	0.299	0.1749579
79	C	0.399	0.2013585
80	C	0.439	0.1647135
81	T	0.360	0.1764329
82	G	0.186	0.2303967
83	C	0.414	0.2426803
84	T	0.216	0.229273
85	G	-0.290	0.1866571
86	C	0.349	0.1836213
87	T	0.276	0.1609848
88	G	0.017	0.1264167
89	C	0.151	0.08005233
90	T	-0.068	0.06037142
91	G	0.405	0.1264525
92	T	0.111	0.1121785
93	A	-0.193	0.1191696
94	G	-0.095	0.1497717
95	C	0	0.1404235
 96	A	0.436	0.1012723
97	T	0.192	0.03576927
98	C	0.353	-0.01683936
99	C	0.354	-0.04471018
100	A	0.048	-0.04194616
101	G	-0.499	-0.007467255
102	A	-0.314	-0.02221135
103	G	-0.467	-0.02892462
104	A	-0.500	-0.05525847
105	A	-0.065	-0.1236158
106	G	0.379	-0.1765097
107	C	0.273	-0.1132014
108	G	0.118	-0.05986658
109	G	0.063	0.02155478
110	A	-0.397	0.08548715
111	G	-0.533	0.05285905
112	A	0.196	-0.008382127
113	G	0.271	-0.06996004
114	C	0.428	-0.04300758
115	C	0.203	-0.014525
116	A	-0.424	0.06114773
117	A	-0.294	0.1480285
118	A	-0.403	0.1673157
119	C	0.415	0.1557141
120	T	0.376	0.1444283
121	C	0.434	0.162164
122	C	0.422	0.206485
123	C	0.408	0.1907465
124	A	0.144	0.1952808
125	C	0.304	0.196634
126	C	0.398	0.199171
127	A	0.063	0.1795261
128	T	-0.467	0.1553308
129	G	-0.353	0.1348002
130	C	0.430	0.1443221
131	T	0.404	0.1339015
132	G	0.218	0.1249138
133	C	0.156	0.1573939
134	T	0.183	0.2342305
135	G	0.249	0.3046011
136	G	0.189	0.2851173
137	G	0.299	0.2663471
138	C	0.420	0.2854073
139	C	0.377	0.2605405
140	T	0.420	0.2555134
141	G	0.215	0.2494715
142	G	0.198	0.2076192
143	C	0.428	0.2031805
144	A	-0.117	0.1886804
145	G	0.127	0.1781009
146	A	0.182	0.164055
147	G	-0.270	0.1750227
148	C	0.250	0.1860467
149	A	0.261	0.1744911
150	G	0.261	0.2101189
151	G	0.265	0.1957989
152	G	0.336	0.187188
153	G	0.319	0.2062276
154	C	0.301	0.1834433
155	T	0.274	0.1272998
156	G	-0.029	0.09934612
157	G	0.087	0.05770585
158	A	-0.061	0.06424403
159	T	0	0.07287421
 160	A	-0.356	0.03937865
161	T	-0.046	0.01438819
162	T	-0.192	0.01299099
163	T	0.408	0.0102223
164	T	0.414	0.04975877
165	T	-0.067	0.06414095
166	T	0	0.1117961
 167	A	-0.045	0.1255213
168	C	0.057	0.1273679
169	T	0.373	0.1186365
170	T	0.158	0.08985437
171	T	0.167	0.08256594
172	C	0.104	0.0521873
173	G	-0.171	0.09401493
174	A	0.312	0.0928201
175	C	0.098	0.1019492
176	A	-0.147	0.1270196
177	A	-0.334	0.07838683
178	T	0.415	0.02125565
179	T	0.044	0.0002607364
180	C	0.474	-0.05069435
181	C	0.433	-0.02261059
182	A	-0.367	0.03707495
183	A	-0.523	0.07422454
184	A	-0.402	0.03519623
185	C	-0.248	0.01442373
186	A	0.406	0.01400545
187	C	0.509	0.004622364
188	T	0.074	0.05515445
189	T	-0.014	0.141921
190	A	-0.184	0.2065008
191	T	0.469	0.2705236
192	C	0.330	0.2055745
193	A	0.188	0.1324884
194	C	0.430	0.1025231
195	T	0.307	0.1380855
196	C	0.456	0.1708978
197	A	-0.307	0.08794027
198	G	-0.294	0.04168627
199	A	-0.255	0.03023347
200	T	0.376	-0.01727219
201	A	0.176	-0.06799274
202	A	-0.442	-0.1458737
203	G	-0.178	-0.1616524
204	T	0.062	-0.1459266
205	T	-0.091	-0.1631312
206	T	-0.250	-0.2008343
207	A	-0.400	-0.2481418
208	A	-0.481	-0.2384365
209	G	-0.121	-0.2661894
210	T	-0.444	-0.271893
211	T	-0.037	-0.2736574
212	A	-0.343	-0.2690783
213	A	-0.336	-0.2285902
214	A	-0.483	-0.1559273
215	T	0	-0.1718836
 216	T	-0.111	-0.1049511
217	G	-0.199	-0.06300568
218	C	0.044	0.01474905
219	A	0.318	0.03963329
220	A	-0.297	0.1191674
221	C	0.291	0.1607279
222	C	0.423	0.1606718
223	T	0.511	0.191043
224	G	-0.062	0.2029439
225	T	0.391	0.1610863
226	C	0.457	0.1605868
227	A	-0.111	0.1387066
228	G	0.134	0.1001962
229	A	0.175	0.04374435
230	G	-0.142	0.07203947
231	G	-0.302	0.03644284
232	A	0.051	-0.0074579
233	T	0	0.02238692
 234	G	-0.109	0.0409391
235	G	0.248	0.06280346
236	G	0	0.1150221
 237	A	-0.025	0.1814935
238	C	0.216	0.1525428
239	T	0.338	0.1563414
240	C	0.416	0.1717051
241	C	0.432	0.1435307
242	T	0.428	0.1498178
243	G	-0.267	0.1222798
244	G	0.041	0.07433675
245	A	0.059	0.08069839
246	G	-0.061	0.07506012
247	T	0.069	0.06374485
248	G	-0.328	0.02918043
249	G	-0.310	0.02496779
250	A	0.408	-0.004825173
251	C	0.354	0.01158683
252	C	0.307	0.02863395
253	A	0.048	-0.007970327
254	C	-0.313	0.01308005
255	A	-0.285	0.06530324
256	G	0.240	0.04109815
257	G	0.126	0.03557215
258	G	-0.333	-0.0003561455
259	A	-0.097	-0.05059836
260	C	0.263	-0.07164036
261	T	0.141	-0.07054409
262	G	0.293	-0.1137686
263	C	-0.087	-0.1604238
264	G	-0.504	-0.172856
265	A	-0.545	-0.1426772
266	A	-0.273	-0.1431284
267	G	-0.235	-0.1383813
268	G	-0.386	-0.1331646
269	A	-0.470	-0.1263407
270	G	0.234	-0.06879969
271	C	0.258	-0.05500169
272	T	0.194	0.004950036
273	G	0.350	0.02633795
274	T	-0.012	0.05692075
275	G	0.128	0.1167535
276	T	-0.393	0.1401624
277	G	0.385	0.1550789
278	T	0	0.1555803
 279	G	-0.050	0.1455949
280	A	0.187	0.1378165
281	C	0.492	0.135784
282	T	0.422	0.1629222
283	T	0.199	0.09344801
284	T	0.241	0.0785971
285	G	-0.097	0.08045733
286	T	0.105	0.01479533
287	A	-0.094	-0.07405595
288	C	-0.378	-0.09399058
289	A	-0.163	-0.07875149
290	T	-0.029	-0.08072849
291	T	-0.534	-0.06755731
292	A	-0.485	-0.08243165
293	G	0.203	-0.04719516
294	G	0.367	-0.01895749
295	G	0.219	0.007991873
296	G	0.046	-0.0002158818
297	T	-0.057	0.06320148
298	T	0.292	0.14709
299	C	-0.068	0.15617
300	T	0.133	0.159534
301	A	-0.120	0.1772164
302	T	0.163	0.1365469
303	C	0.437	0.1745319
304	T	0.303	0.1263333
305	G	0.404	0.1123326
306	C	0.413	0.1112965
307	A	-0.400	0.09187209
308	T	0.360	0.06807635
309	T	-0.237	0.04731281
310	G	-0.222	0.009281355
311	T	0.121	-0.04825365
312	T	-0.333	-0.05859837
313	G	-0.098	-0.004039555
314	G	0.209	-0.01958746
315	G	-0.115	-0.04257928
316	G	-0.228	-0.01806091
317	G	0.300	0.01115245
318	T	0.199	0.0429597
319	G	0.189	0.04144371
320	G	-0.490	0.06853289
321	A	0.047	0.0751902
322	G	0.443	0.06074838
323	T	0.015	0.05986965
324	G	-0.115	0.07838384
325	T	0.507	0.0260492
326	G	-0.041	0.08890765
327	T	-0.387	0.06993374
328	T	0.290	0.03577884
329	T	0.403	0.006489318
330	G	-0.386	-0.0176265
331	T	0.201	-0.07738741
332	A	-0.161	-0.06314572
333	T	0.067	-0.05005645
334	T	-0.306	-0.1056024
335	G	-0.380	-0.1875829
336	A	-0.150	-0.191702
337	A	0.114	-0.2533564
338	G	-0.243	-0.2048304
339	G	-0.320	-0.1843267
340	A	-0.498	-0.1135947
341	A	-0.431	-0.1049416
342	T	-0.477	-0.08463305
343	T	0.372	-0.0713746
344	C	0.292	-0.009546236
345	T	0.471	0.03107831
346	G	-0.285	0.1027268
347	T	0.073	0.1737315
348	T	0.260	0.1954299
349	C	0.436	0.1872956
350	T	0.126	0.1551145
351	C	0.289	0.09077485
352	A	0.349	0.07418231
353	G	-0.238	0.09404627
354	C	0.283	0.03616164
355	A	-0.061	-0.01902636
356	C	-0.235	-0.05316591
357	A	-0.467	-0.1214508
358	T	0.291	-0.1323695
359	C	-0.376	-0.08412055
360	A	-0.170	-0.06929064
361	A	-0.249	-0.02314336
362	C	-0.461	0.01171545
363	G	0.229	0.06216805
364	T	0.292	0.06874868
365	C	0.446	0.141653
366	C	0.446	0.1756939
367	T	0.147	0.1640803
368	G	0.087	0.1623147
369	A	0.364	0.1291394
370	C	0.425	0.08187814
371	A	0.204	0.001035773
372	G	-0.377	-0.0475984
373	A	-0.480	-0.04575204
374	A	-0.135	-0.01798081
375	T	-0.227	-0.02121545
376	G	-0.442	-0.02334408
377	T	-0.088	-0.04544209
378	A	0.167	-0.04772191
379	C	0.392	-0.01290929
380	T	0.328	-0.0196192
381	C	0.402	-0.005352982
382	A	-0.039	0.0442202
383	G	-0.402	0.04132846
384	T	-0.097	-0.01225672
385	A	-0.209	-0.08483181
386	T	-0.070	-0.1534022
387	T	0.102	-0.228129
388	C	-0.120	-0.2648726
389	A	-0.421	-0.2665649
390	A	-0.405	-0.3058896
391	A	-0.425	-0.303061
392	T	-0.419	-0.3417372
393	A	-0.443	-0.3510505
394	A	-0.420	-0.3099491
395	A	-0.530	-0.2501208
396	A	-0.178	-0.1778548
397	T	-0.495	-0.1140073
398	G	0	-0.09638091
 399	C	0.331	-0.06054545
400	A	0.236	0.0006918273
401	T	0.389	0.03697937
402	C	0.276	0.05320774
403	G	-0.225	0.1362467
404	T	-0.049	0.102594
405	A	0.252	0.04004337
406	T	-0.131	-0.02214081
407	T	0	-0.07140672
 408	C	0.417	-0.07561308
409	T	-0.370	-0.02705554
410	A	-0.356	-0.010565
411	A	-0.447	0.007949727
412	G	-0.152	0.04039109
413	T	0.230	0.04909582
414	C	0.308	0.05021964
415	A	0.132	0.1263222
416	C	0.456	0.1759884
417	T	0.225	0.2622127
418	T	0.095	0.2821731
419	C	0.429	0.2987363
420	T	0.466	0.3008581
421	G	0.190	0.3268682
422	T	0.500	0.3275409
423	G	0.066	0.3537571
424	T	0.412	0.3860704
425	C	0.331	0.3885923
426	T	0.418	0.3484618
427	G	0.463	0.3758025
428	T	0.513	0.3287242
429	G	0.451	0.2815415
430	T	0.457	0.2500133
431	C	0.025	0.2066695
432	T	0.490	0.1491405
433	T	-0.016	0.09761336
434	T	-0.452	0.06025709
435	T	0.065	0.009648182
436	C	-0.144	-0.05781509
437	T	-0.214	-0.06457865
438	A	-0.102	-0.07180738
439	G	0.102	-0.04102598
440	A	-0.105	0.03693938
441	A	-0.284	0.04505797
442	A	-0.048	0.0532
443	C	0.411	0.1171297
444	T	0.321	0.1648085
445	C	0.405	0.182089
446	A	0.155	0.2299826
447	G	-0.055	0.2989932
448	T	0.488	0.344171
449	C	0.421	0.3067775
450	A	0.293	0.2693211
451	C	0.421	0.1922244
452	T	0.474	0.167483
453	C	0.448	0.1598408
454	A	0	0.1602572
 455	A	-0.090	0.07779565
456	T	-0.442	0.05904571
457	C	-0.117	0.01433193
458	A	-0.139	-0.05491135
459	T	0.493	-0.1106463
460	G	-0.485	-0.1225442
461	T	0.086	-0.1030378
462	T	-0.070	-
463	G	-0.287	-
464	A	-0.165	-
465	A	-0.130	-
466	C	0.124	-
