1	G	-0.210	-
2	G	-0.300	-
3	A	-0.417	-
4	A	-0.167	-
5	G	-0.231	-0.3210139
6	A	-0.367	-0.3147189
7	T	-0.267	-0.2630152
8	G	-0.425	-0.1780756
9	A	-0.431	-0.1814032
10	A	-0.390	-0.1732764
11	A	-0.147	-0.1815449
12	T	0.216	-0.2038341
13	G	0.432	-0.2141306
14	G	-0.200	-0.2162374
15	A	-0.150	-0.2248487
16	G	-0.450	-0.1817926
17	A	-0.490	-0.1591649
18	A	-0.528	-0.2005217
19	A	-0.452	-0.2264335
20	G	-0.476	-0.263524
21	A	0.282	-0.2708162
22	C	0.442	-0.2739504
23	T	0.018	-0.25545
24	A	-0.459	-0.2202751
25	A	-0.521	-0.2122671
26	A	-0.523	-0.2845106
27	A	-0.521	-0.369281
28	G	-0.343	-0.3791034
29	C	-0.101	-0.3739794
30	A	-0.396	-0.3602002
31	A	-0.439	-0.3503298
32	A	-0.405	-0.3506903
33	T	-0.079	-0.3618789
34	G	-0.408	-0.3434674
35	A	-0.383	-0.3466638
36	T	-0.424	-0.3027088
37	A	-0.525	-0.3155734
38	A	-0.454	-0.3529814
39	A	0.083	-0.2955656
40	G	-0.428	-0.2118001
41	G	0	-0.1212191
 42	A	-0.533	-0.07595048
43	A	-0.453	-0.07871868
44	G	0.165	-0.1075403
45	C	0.454	-0.04487902
46	T	0.481	-0.04487902
47	T	-0.072	0.05096018
48	T	-0.482	0.1307884
49	T	-0.205	0.1392787
50	G	0.198	0.1105594
51	C	0	0.08559258
 52	T	0.424	0.1060637
53	G	0.344	0.1329998
54	G	0.250	0.1276354
55	G	0.166	0.0664525
56	G	0.231	0.0219363
57	A	0.132	-0.05483
58	T	-0.213	-0.0671744
59	G	-0.258	-0.0996723
60	A	-0.413	-0.1291323
61	T	-0.445	-0.101429
62	A	-0.343	-0.1239394
63	T	0.221	-0.1486581
64	C	-0.074	-0.1598215
65	A	-0.127	-0.112948
66	T	0.508	-0.08116861
67	C	-0.093	-0.07798591
68	A	-0.460	-0.1054991
69	A	-0.370	-0.08942159
70	A	0.055	-0.04946399
71	G	-0.127	-0.05551779
72	A	-0.311	-0.02006837
73	G	-0.053	0.02002132
74	T	0.086	0.01255392
75	T	0.271	-0.04090159
76	C	0.447	-0.07963269
77	C	0.261	-0.09134799
78	T	-0.059	-0.08812366
79	A	-0.445	-0.1445087
80	A	-0.479	-0.1918559
81	A	-0.514	-0.2557338
82	A	-0.428	-0.312743
83	G	-0.021	-0.2897817
84	A	-0.477	-0.2422812
85	G	-0.201	-0.2282089
86	A	-0.190	-0.1818405
87	A	-0.308	-0.1865468
88	G	0.170	-0.2288748
89	A	0.029	-0.2345603
90	G	-0.338	-0.2578544
91	A	-0.050	-0.2038433
92	A	-0.475	-0.2057669
93	A	-0.444	-0.2475787
94	A	-0.534	-0.2534385
95	A	-0.434	-0.1773802
96	C	0.349	-0.1283893
97	T	-0.327	-0.03844609
98	A	-0.248	0.01993901
99	T	-0.028	0.09733681
100	C	0.421	0.1749976
101	C	0.438	0.1871139
102	A	0.423	0.2117208
103	G	0.138	0.1916211
104	G	0.239	0.1621526
105	C	0.342	0.07500297
106	C	0.470	-0.00466763
107	A	-0.081	-0.0545326
108	A	-0.449	-0.0229352
109	T	-0.323	-0.0066527
110	A	-0.449	-0.0866184
111	A	-0.357	-0.1648239
112	G	-0.074	-0.1762316
113	C	0.454	-0.1650073
114	C	0.402	-0.1692851
115	A	-0.457	-0.07369077
116	A	-0.311	-0.02097787
117	A	-0.195	-0.00629353
118	G	-0.336	-0.09192583
119	G	-0.366	-0.1485624
120	A	0.506	-0.1160852
121	C	0.169	-0.05517513
122	A	0.072	-0.05361793
123	T	-0.401	0.01999047
124	G	-0.163	0.07121857
125	G	-0.132	0.04215267
126	A	0.297	0.03735857
127	T	-0.180	0.02680171
128	C	0.399	0.06968801
129	C	0.146	0.07151841
130	G	0.215	0.03642711
131	A	0.121	0.03374131
132	C	-0.033	0.08687041
133	T	0.027	0.08595881
134	T	-0.145	0.1041057
135	T	-0.483	0.06736521
136	G	0.270	0.05909531
137	C	0.351	0.1055886
138	C	0.390	0.1413053
139	T	0.327	0.1889946
140	G	-0.151	0.2531339
141	G	0.038	0.2730268
142	C	0.431	0.2679637
143	T	0.384	0.2075046
144	G	0.331	0.1386098
145	G	0.157	0.1304038
146	G	0.469	0.1457172
147	G	0.300	0.1350555
148	A	-0.214	0.1013192
149	T	-0.361	0.08590605
150	A	-0.233	0.06611725
151	G	0.191	-0.01435605
152	T	0.324	-0.03728663
153	G	0.047	-0.01450332
154	G	0.177	0.05128848
155	G	-0.040	0.1192216
156	A	-0.335	0.1459963
157	C	0.071	0.08114008
158	A	0.013	0.03645193
159	G	0.296	-0.02690567
160	C	0.445	-0.01170017
161	A	0.459	0.05619813
162	T	-0.323	0.09083921
163	G	-0.399	0.08591819
164	A	-0.456	0.03452409
165	A	0.111	-0.06160191
166	C	0.343	-0.1106397
167	C	0.417	-0.05606133
168	T	-0.035	0.01922247
169	G	-0.217	0.1080849
170	A	-0.515	0.1379727
171	A	-0.030	0.1419101
172	G	0.222	0.07063387
173	C	0.353	0.03367488
174	C	0.432	0.05541758
175	C	0.410	0.1355812
176	G	0.383	0.1645206
177	G	-0.295	0.1369762
178	A	-0.405	0.07163517
179	A	0	-0.01248703
 180	C	0.285	-0.09825513
181	C	0.258	-0.1881944
182	A	-0.053	-0.1525094
183	A	-0.300	-0.1518466
184	G	-0.409	-0.1736176
185	A	-0.446	-0.2431565
186	A	-0.516	-0.2388752
187	A	0.061	-0.2487578
188	A	-0.398	-0.1717903
189	G	-0.217	-0.1273744
190	A	-0.409	-0.1105787
191	C	0.301	-0.09144808
192	A	-0.152	-0.1245553
193	C	0.469	-0.0860252
194	A	0.035	-0.07178253
195	G	-0.278	-0.02442489
196	T	-0.324	-0.08497789
197	A	-0.269	-0.02546499
198	T	-0.013	-0.02996179
199	T	-0.075	-0.0256723
200	T	0.064	-0.010549
201	G	-0.304	0.0320231
202	G	0.442	0.05566062
203	C	0.424	0.0462662
204	T	0.078	0.02855593
205	T	-0.127	-0.02317301
206	T	0.100	-0.01482731
207	C	-0.033	-0.02017751
208	A	-0.107	-0.05414773
209	A	-0.252	-0.0797853
210	G	-0.453	-0.0297723
211	A	-0.220	-0.017023
212	T	0.389	-0.04693142
213	T	0.084	-0.06483992
214	T	-0.178	-0.07656682
215	C	0.372	-0.07935142
216	T	0.228	-0.09139342
217	T	-0.332	-0.1751243
218	A	-0.286	-0.2174113
219	T	-0.369	-0.253998
220	T	-0.481	-0.3374168
221	A	-0.341	-0.3247926
222	A	-0.447	-0.2597783
223	G	-0.338	-0.1858391
224	G	-0.544	-0.1010303
225	A	-0.461	-0.0852298
226	C	0.354	-0.07805
227	C	0.317	-0.0746926
228	C	0.452	-0.0642527
229	T	0.478	-0.00836713
230	G	-0.323	0.04680103
231	A	-0.269	0.03756733
232	A	-0.414	0.04977783
233	G	-0.233	0.04533033
234	A	0.014	0.03509313
235	T	0.089	0.1136359
236	C	0.262	0.1481462
237	C	0.440	0.1437676
238	T	0.408	0.1347809
239	C	0.376	0.09894519
240	C	0.462	0.03790023
241	A	0.075	-0.03773057
242	A	-0.458	-0.1177787
243	G	-0.323	-0.1560303
244	A	-0.343	-0.2092247
245	A	-0.520	-0.2822212
246	A	-0.494	-0.3314019
247	A	-0.360	-0.3321637
248	G	0.025	-0.2872181
249	A	-0.155	-0.2853342
250	T	-0.267	-0.2499953
251	A	-0.415	-0.2291961
252	A	-0.465	-0.1772099
253	G	0.125	-0.2045892
254	A	-0.324	-0.165946
255	A	-0.167	-0.0956724
256	T	-0.286	-0.0078409
257	T	0.159	0.04101066
258	T	-0.247	0.04930956
259	G	0.230	0.05389266
260	C	0.435	0.01965686
261	C	0.462	0.00444096
262	C	0.022	-0.04130254
263	A	0.208	-0.0071948
264	A	-0.279	-0.0150414
265	T	-0.509	-0.0144433
266	G	-0.438	-0.0878579
267	T	-0.298	-0.08050208
268	G	0.093	-0.1432286
269	C	0.152	-0.1555494
270	T	0.441	-0.1451201
271	T	-0.271	-0.115131
272	G	0.096	-0.08245352
273	T	-0.418	-0.1111156
274	T	-0.402	-0.153586
275	A	-0.405	-0.1838629
276	G	-0.138	-0.2063825
277	T	0.028	-0.1827326
278	G	-0.193	-0.1824021
279	A	-0.272	-0.1513735
280	G	0.138	-0.1077483
281	A	-0.497	-0.1101117
282	A	0.332	-0.1256914
283	G	-0.415	-0.07969205
284	T	-0.091	-0.06806925
285	A	0.030	-0.09847815
286	C	-0.162	-0.06323505
287	A	-0.127	-0.1308235
288	A	0.266	-0.1233049
289	C	-0.156	-0.1280088
290	A	-0.165	-0.0972679
291	T	-0.144	-0.1241923
292	T	-0.342	-0.1439631
293	A	-0.339	-0.2130717
294	A	-0.139	-0.1757053
295	C	0.338	-0.1128385
296	A	-0.431	-0.1017539
297	T	-0.324	-0.01660858
298	T	-0.424	0.04917062
299	A	0.217	0.08792142
300	C	0.462	0.07816502
301	A	-0.033	0.1447292
302	G	0.508	0.2224101
303	C	0.317	0.2974561
304	A	0.248	0.3189443
305	C	0.240	0.2484483
306	A	0.234	0.2182358
307	C	0.452	0.1751635
308	C	0.325	0.09659893
309	A	0.432	0.02079333
310	G	-0.242	0.04234443
311	G	-0.335	0.06598543
312	T	0.077	0.02499311
313	A	-0.467	-0.01295667
314	A	-0.509	-0.07174167
315	G	0.456	-0.09453907
316	G	0.470	-0.1090215
317	T	0.042	-0.1315813
318	T	-0.053	-0.07706083
319	T	-0.155	-0.00919133
320	A	-0.470	-0.01492053
321	G	-0.480	-0.04850563
322	A	-0.147	-0.01020081
323	G	0.077	0.01595767
324	A	0.169	0.07891647
325	G	0.399	0.120038
326	C	0.134	0.1489589
327	T	0.425	0.1793094
328	C	0.208	0.1808748
329	T	0.473	0.1921307
330	C	-0.058	0.1358831
331	T	-0.191	0.1329194
332	A	0.155	0.12697
333	C	0.093	0.150211
334	T	0.281	0.1517415
335	T	-0.163	0.1117935
336	G	0.105	0.0857359
337	T	0.365	0.1156539
338	C	0.440	0.1473985
339	T	0.489	0.159151
340	G	-0.458	0.214231
341	A	-0.452	0.2416805
342	T	0.454	0.2051108
343	C	0.410	0.1877401
344	T	0.399	0.1552757
345	C	0.387	0.2343157
346	C	0.379	0.3244528
347	A	0	0.32098
 348	T	0.266	0.2538913
349	C	0.164	0.203802
350	G	0.332	0.2023518
351	C	0.449	0.2064044
352	T	0.420	0.2064044
353	A	-0.260	0.2164055
354	G	-0.101	0.2446003
355	C	0.372	0.2553925
356	T	0.420	0.2331979
357	T	0	0.1677053
 358	C	0.366	0.1576942
359	C	0.446	0.1153638
360	C	0.440	0.0236452
361	T	0.227	-0.0472735
362	T	-0.234	-0.0871031
363	G	-0.360	-0.1663794
364	A	-0.524	-0.1957498
365	A	-0.544	-0.193485
366	A	-0.288	-
367	G	-0.398	-
368	A	-0.425	-
369	A	0.152	-
370	C	0.462	-
