1	G	-0.114	-
2	A	-0.017	-
3	G	-0.353	-
4	A	-0.457	-0.2411081
5	A	-0.418	-0.1860176
6	T	-0.041	-0.1499335
7	T	-0.212	-0.05233779
8	T	-0.313	0.05703809
9	G	0.326	0.1489675
10	G	0.271	0.1811275
11	C	0.427	0.2592606
12	C	0.418	0.32836
13	T	0.317	0.3253065
14	G	0.215	0.3559392
15	G	0.412	0.3359483
16	G	0.239	0.2185643
17	G	0.301	0.1372483
18	C	0.516	0.07484288
19	T	0.267	-0.002902625
20	A	-0.521	0.01298275
21	A	-0.333	-0.01627919
22	G	-0.283	-0.08078731
23	T	-0.209	-0.05995031
24	G	0.366	0.04148519
25	G	0.067	0.1077717
26	G	0	0.1242171
 27	A	0.433	0.1466596
28	G	0.290	0.06037734
29	G	0.196	0.07478115
30	A	-0.152	0.01977227
31	A	-0.029	-0.09251023
32	G	-0.323	-0.181489
33	T	0.182	-0.2640966
34	T	-0.440	-0.3074616
35	A	-0.464	-0.35477
36	T	-0.421	-0.3637629
37	A	-0.464	-0.443747
38	A	-0.499	-0.3697424
39	T	-0.408	-0.3014249
40	G	-0.395	-0.256371
41	T	-0.456	-0.196971
42	A	0.151	-0.1213632
43	C	0.082	-0.01256311
44	A	-0.060	0.02651997
45	A	0.011	0.1385177
46	G	0.105	0.1240179
47	C	0.462	0.08296385
48	T	-0.083	0.05805546
49	A	0.439	0.02225898
50	T	0.035	-0.01650802
51	A	-0.246	-0.07429152
52	A	-0.260	-0.009584113
53	T	-0.275	-0.004046112
54	T	-0.204	0.0492425
55	T	0	0.1336804
 56	C	0.434	0.189572
57	T	0.483	0.2381679
58	C	0.462	0.2321404
59	T	0.429	0.215676
60	C	0.186	0.2113451
61	T	0.113	0.1840015
62	G	-0.252	0.1763809
63	G	-0.131	0.1250197
64	A	0.399	0.1285513
65	G	0.264	0.1011482
66	C	0.401	0.1129988
67	T	0.018	0.1006699
68	G	0.215	0.02646981
69	A	-0.105	0.04655081
70	T	-0.157	0.00275295
71	G	-0.230	-0.01282849
72	T	-0.193	-0.08031286
73	T	0.425	-0.1244735
74	T	0.050	-0.1577416
75	C	-0.106	-0.1629446
76	A	-0.324	-0.1979941
77	G	-0.458	-0.2981991
78	A	-0.424	-0.3285514
79	A	-0.271	-0.3716498
80	A	-0.474	-0.3828791
81	G	-0.376	-0.3780871
82	A	-0.191	-0.3755113
83	A	-0.451	-0.3673943
84	A	-0.414	-0.2899382
85	A	-0.420	-0.2020008
86	A	-0.403	-0.1882227
87	A	-0.207	-0.1113603
88	T	0.145	-0.1074316
89	T	0.327	-0.08155096
90	G	-0.081	0.02213441
91	C	0.163	0.08503404
92	A	-0.383	0.126681
93	A	-0.213	0.1022947
94	C	0.426	0.1350246
95	C	0.296	0.1330097
96	C	0.478	0.1878559
97	A	0.131	0.2170564
98	T	0.180	0.1290791
99	G	0.147	0.02791344
100	G	0.055	-0.08971381
101	T	0.020	-0.1516219
102	T	-0.277	-0.1776667
103	T	-0.513	-0.1588024
104	A	-0.462	-0.2110815
105	C	-0.363	-0.1908884
106	A	-0.028	-0.1352804
107	C	0.298	-0.09039875
108	A	-0.362	-
109	G	0.181	-
110	A	0.167	-
111	G	-0.154	-
