1	C	0.374	-
2	C	0.459	-
3	A	0.045	-
4	A	-0.431	-
5	G	-0.389	-
6	A	-0.383	-0.122187
7	T	-0.260	-0.1912454
8	A	-0.212	-0.2217926
9	G	-0.204	-0.2366916
10	A	0.064	-0.2069014
11	G	-0.406	-0.131779
12	A	-0.385	-0.07303115
13	A	0.123	-0.07195996
14	T	-0.118	-0.08694651
15	G	-0.103	-0.04044215
16	C	0.437	-0.01794673
17	T	0.262	0.03639309
18	T	-0.248	0.108395
19	T	-0.376	0.1062918
20	G	0.306	0.1482076
21	C	0.312	0.1252387
22	A	0.190	0.105669
23	G	0.406	0.04471182
24	T	0.100	0.02706764
25	G	0.342	0.01718127
26	A	-0.356	-0.04058673
27	T	0.221	-0.1107243
28	G	-0.407	-0.1187005
29	T	-0.442	-0.1511171
30	A	-0.485	-0.1268887
31	T	-0.328	-0.1243653
32	T	-0.459	-0.09437271
33	A	0.103	-0.1081554
34	T	0.050	-0.08446521
35	C	0.367	-0.0227683
36	C	0.370	0.06100934
37	A	-0.026	0.1257932
38	C	0.070	0.166046
39	A	-0.147	0.1805339
40	G	0.235	0.1911336
41	G	0.435	0.1577478
42	G	0.383	0.07658999
43	G	-0.016	0.04321651
44	C	0.262	0.0013351
45	T	0.166	-0.01422108
46	C	0	-0.07265699
 47	A	-0.522	-0.07855345
48	G	-0.393	-0.07337908
49	G	-0.390	-0.05410264
50	A	-0.318	-0.077961
51	A	-0.406	-0.05131273
52	C	0.371	-0.04146391
53	C	0.440	0.02007118
54	G	0.195	0.07471927
55	G	0	0.1259727
 56	C	0.460	0.116944
57	T	0.108	0.1539434
58	G	0.154	0.08998255
59	T	0.207	0.04054991
60	C	0.173	0.04308818
61	A	-0.417	0.03288618
62	T	0	0.02771245
 63	A	-0.332	0.05568064
64	T	-0.103	0.07680164
65	T	0.223	0.06828518
66	T	-0.112	0.084443
67	C	0.403	0.1004312
68	T	0.415	0.05876882
69	G	0.386	0.06268455
70	G	0.114	0.031535
71	A	0.350	-0.02250991
72	T	-0.241	0.002783818
73	T	-0.458	-0.01533882
74	A	-0.289	-0.04325173
75	A	-0.445	-0.1169701
76	A	-0.370	-0.1696659
77	G	0.166	-0.223394
78	C	0.203	-0.2499683
79	T	0.108	-0.2072944
80	G	-0.424	-0.175108
81	A	-0.465	-0.1713822
82	A	-0.240	-0.1858349
83	G	-0.534	-0.2399001
84	A	0.011	-0.2278922
85	T	0.064	-0.2784044
86	G	-0.404	-0.2213684
87	A	-0.529	-0.1589714
88	A	-0.428	-0.1010343
89	C	0.335	-0.01564666
90	A	-0.446	0.02049744
91	G	0.203	0.005663436
92	G	0.220	0.03443999
93	C	0.397	0.1036459
94	T	0.404	0.1641255
95	G	0.408	0.1645275
96	G	-0.098	0.1908594
97	G	-0.088	0.202723
98	A	0.231	0.2061391
99	T	0.236	0.2003043
100	G	0.340	0.1903474
101	G	-0.157	0.1768372
102	G	0.333	0.19641
103	C	0.258	0.2182643
104	T	0.333	0.206182
105	G	0.295	0.1881703
106	T	0.260	0.1613842
107	G	0.116	0.2052932
108	G	0.152	0.1850382
109	T	0.098	0.2096014
110	T	0.038	0.1736175
111	T	0.045	0.1575829
112	T	0.325	0.1037853
113	C	0.110	0.05630749
114	T	0.528	0.006011855
115	T	-0.062	0.01878024
116	T	0.119	0.01275787
117	T	-0.331	0.01290697
118	G	-0.405	-0.01334105
119	A	-0.401	-0.004305773
120	T	0.238	-0.01471732
121	C	-0.027	0.0326668
122	G	0.047	0.04877307
123	A	0.037	0.1010418
124	C	0.210	0.1777389
125	T	0.414	0.2436309
126	C	0.458	0.2477781
127	T	0.296	0.2703758
128	T	0.243	0.2489893
129	C	0.438	0.248917
130	T	0.323	0.2144754
131	C	0.284	0.1481498
132	T	0.220	0.09959626
133	G	-0.187	0.1153159
134	C	0.036	0.06523054
135	A	-0.168	0.003623627
136	A	-0.315	-0.06286892
137	G	-0.075	-0.1172467
138	C	0.469	-0.1532124
139	A	-0.307	-0.1204659
140	A	-0.239	-0.1107451
141	A	-0.407	-0.1144225
142	T	-0.313	-0.1233802
143	A	-0.174	-0.1365276
144	C	0.172	-0.1827951
145	C	0.143	-0.1187179
146	A	-0.208	-0.07797058
147	A	-0.414	-0.03890039
148	G	-0.220	-0.01038912
149	A	-0.039	-0.01105812
150	C	0.397	-0.03768739
151	C	0.208	-0.01248885
152	A	0.022	0.01520224
153	T	0	0.06074491
 154	G	-0.182	0.08273949
155	T	-0.120	0.10166
156	C	0.420	0.0950158
157	G	0.095	0.1146358
158	G	0.086	0.154782
159	A	0.021	0.1660682
160	G	0.168	0.1787103
161	A	0.324	0.202855
162	C	0.424	0.2014883
163	C	0.463	0.1689751
164	T	0.124	0.170952
165	T	-0.043	0.1967022
166	T	0.144	0.2154035
167	C	0.405	0.2196821
168	T	-0.262	0.1942986
169	G	0.108	0.1844009
170	C	0.304	0.2132425
171	G	0.374	0.1999608
172	T	0.371	0.1890476
173	G	0.145	0.1233991
174	G	0.354	0.1013743
175	T	0.441	0.08574866
176	A	-0.189	0.07347794
177	G	0.024	0.02616821
178	T	-0.316	-0.01715843
179	A	-0.504	0.002887936
180	G	-0.063	0.01162785
181	G	0.170	0.005964845
182	T	-0.146	0.04605657
183	G	-0.105	0.06058369
184	C	0.365	0.06402469
185	T	0.451	0.08052705
186	G	0.379	0.03655945
187	C	0.251	-0.01945936
188	T	0.184	-0.02924191
189	A	-0.278	-0.03818318
190	T	-0.322	-0.04448864
191	A	-0.546	-0.045546
192	A	-0.446	-0.05585327
193	G	-0.253	-0.04655345
194	A	-0.203	-0.075901
195	T	0.296	-0.02351464
196	C	0.439	0.03699818
197	T	0.265	0.09300647
198	G	0.354	0.09891629
199	T	-0.138	0.1381751
200	G	0.297	0.2000199
201	C	0.342	0.1346071
202	A	0.069	0.04816084
203	C	-0.381	-0.0224198
204	A	0.177	-0.03921144
205	C	0.476	-0.01004925
206	A	-0.423	0.0019272
207	A	-0.511	-0.002774982
208	T	-0.510	-0.01132336
209	T	0.169	0.03437755
210	G	0.182	-0.005680455
211	C	0.429	-0.091624
212	T	0.291	-0.05903418
213	G	-0.024	-0.01895575
214	G	0.121	0.01879592
215	A	-0.262	0.01818055
216	C	-0.468	-0.002676509
217	A	-0.064	-0.06222315
218	A	-0.070	-0.07994859
219	G	-0.095	-0.1197598
220	C	0.162	-0.1113565
221	A	-0.046	-0.1221369
222	G	-0.225	-0.1194275
223	A	0.096	-0.161436
224	G	-0.462	-0.1724904
225	A	0.213	-0.1332514
226	G	-0.381	-0.1106021
227	A	-0.439	-0.0660169
228	G	-0.526	-0.01221863
229	A	-0.192	-0.01934315
230	G	0.336	0.007838218
231	C	0.411	-0.04883133
232	C	0.443	-0.02599096
233	T	0.365	0.04600922
234	G	0.017	0.1198166
235	A	-0.163	0.1747729
236	G	-0.409	0.1891015
237	C	-0.130	0.1868009
238	A	0.352	0.1686674
239	C	0.285	0.1743429
240	C	0.412	0.1816614
241	C	0.493	0.1932803
242	A	0.386	0.273164
243	T	0.244	0.2880635
244	C	0.428	0.2548294
245	A	0.098	0.2304574
246	C	-0.035	0.2186781
247	T	0.469	0.124628
248	G	0.033	0.08614708
249	G	-0.012	0.07258478
250	A	0.017	0.001565509
251	T	0.282	-0.02480121
252	G	-0.540	-0.06912318
253	A	-0.036	-0.1212805
254	C	0.094	-0.1160249
255	A	-0.352	-0.08156566
256	A	-0.191	-0.0454984
257	A	-0.523	-0.05694667
258	T	-0.104	0.01213069
259	G	0.091	0.02431969
260	C	0.366	-0.01298119
261	T	0.413	-0.009734555
262	T	0.156	-0.0246511
263	C	0.219	0.001162991
264	T	0.097	-0.0181691
265	A	-0.315	-0.01525827
266	T	-0.317	-0.06344009
267	T	-0.355	-0.1200066
268	T	-0.239	-0.1405314
269	G	-0.317	-0.1826501
270	G	0.123	-0.2339202
271	A	-0.163	-0.2166696
272	A	-0.208	-0.1660519
273	G	-0.069	-0.09582328
274	T	-0.244	-0.05419346
275	G	-0.466	0.001475355
276	A	-0.125	-0.006507573
277	T	0.239	-0.0341083
278	C	0.416	-0.03595685
279	C	0.218	0.008397436
280	C	0.295	0.07018707
281	A	0.035	0.1520999
282	A	-0.467	0.2024916
283	G	-0.228	0.1603285
284	C	0.418	0.1141184
285	C	0.435	0.07626191
286	T	0.434	0.0004129091
287	G	0.428	-0.03348771
288	G	-0.224	0.01109217
289	T	-0.091	0.0485569
290	G	-0.198	0.04843145
291	A	-0.539	0.01755757
292	A	-0.337	-0.01950071
293	G	0.023	-0.06940462
294	G	0.183	-0.03274362
295	C	0.417	0.02083273
296	A	0.095	0.06861073
297	G	0.026	0.1251146
298	G	-0.120	0.1419265
299	G	0.179	0.1511494
300	G	0.497	0.1530729
301	T	0.327	0.1455314
302	T	0.082	0.1698674
303	C	-0.152	0.1815863
304	A	0.124	0.1993354
305	C	0.204	0.2127085
306	T	0.334	0.1952761
307	G	0.363	0.1918625
308	C	0.155	0.2152306
309	A	0.075	0.2527565
310	G	0.326	0.2068849
311	C	0.305	0.1495479
312	C	0.289	0.07309393
313	C	0.339	0.002263473
314	C	0.260	0.003302927
315	A	-0.379	-0.008349345
316	A	-0.426	-0.01622053
317	G	-0.506	-0.01362971
318	A	-0.415	0.002260382
319	C	0.166	0.01148347
320	A	-0.053	0.02317711
321	G	0.239	0.1016063
322	C	0.334	0.1497133
323	G	0.464	0.2174425
324	G	0.440	0.2552167
325	T	0.389	0.2766092
326	G	0.482	0.2681935
327	T	0.103	0.2216266
328	G	0.238	0.1514937
329	T	0	0.09671982
 330	T	0.402	0.01768982
331	T	-0.145	-0.04249055
332	T	-0.272	-0.1243019
333	G	-0.436	-0.1529224
334	T	-0.137	-0.1485076
335	A	-0.428	-0.1593088
336	T	-0.272	-0.1919733
337	A	-0.417	-0.1768971
338	C	-0.211	-0.1759444
339	A	0.287	-0.1580848
340	G	-0.118	-0.1812784
341	C	0.042	-0.1641139
342	A	0.020	-0.1246512
343	A	-0.262	-0.1144641
344	G	-0.240	-0.1326244
345	A	-0.392	-0.1894139
346	A	-0.239	-0.2125577
347	T	0.161	-0.1754733
348	A	-0.305	-0.141991
349	T	-0.411	-0.1622435
350	A	-0.337	-0.14438
351	A	-0.373	-0.06817335
352	T	0.450	-0.06737507
353	C	0.388	-0.05627471
354	A	-0.484	-0.01197753
355	G	-0.044	0.008926382
356	T	0.445	0.08105547
357	G	-0.230	0.1445882
358	T	0.283	0.1414533
359	T	0.182	0.1249309
360	G	-0.181	0.1941772
361	T	0.455	0.185011
362	C	0.325	0.1171229
363	T	0.416	0.1000173
364	G	0.206	0.09301273
365	C	0.276	0.1146705
366	T	-0.144	0.1695225
367	A	-0.301	0.127026
368	T	-0.418	0.1201077
369	G	0.206	0.1156924
370	G	0.420	0.1039271
371	T	0.421	0.1168655
372	T	-0.011	0.1688064
373	C	0.249	0.2070252
374	T	0.367	0.2038029
375	G	0.077	0.14402
376	C	0.419	0.05830914
377	A	0.426	-0.01998959
378	T	0.119	-0.06073805
379	T	-0.454	-0.07061024
380	G	-0.451	-0.09555287
381	A	-0.522	-0.1208559
382	A	-0.439	-0.1963271
383	A	-0.459	-0.2818097
384	G	0.140	-0.3278147
385	C	0.093	-0.2828846
386	T	-0.201	-0.2829864
387	A	-0.410	-0.2296493
388	A	-0.513	-0.2175207
389	A	-0.387	-0.215499
390	C	0.039	-0.273164
391	A	-0.452	-0.3278573
392	T	0.064	-0.3122217
393	G	-0.306	-0.2748608
394	A	-0.437	-0.2062241
395	A	-0.493	-0.1329934
396	A	-0.508	-0.09346081
397	T	-0.029	-0.02962626
398	G	0	-0.01214944
 399	G	0.241	0.05980884
400	C	0.418	0.122197
401	A	0.474	0.1248987
402	C	0.249	0.1352769
403	A	0.256	0.09088991
404	C	0.485	0.06235609
405	T	0.248	-0.005683636
406	T	-0.463	-0.02817836
407	T	-0.393	-0.05954464
408	A	-0.517	-0.07177064
409	A	-0.313	-0.07563609
410	A	-0.507	-0.08369027
411	G	0.171	-0.07691255
412	C	0.129	0.001388636
413	A	0.115	0.07965227
414	G	0.214	0.1004904
415	C	0.396	0.1012337
416	C	0.323	0.1010892
417	C	0.397	0.04467036
418	C	0.466	0.01151064
419	A	-0.288	-0.03036291
420	G	-0.305	-0.06214582
421	A	-0.508	-0.14443
422	A	-0.449	-0.1897372
423	G	-0.235	-0.1893475
424	A	-0.345	-
425	G	-0.135	-
426	A	-0.508	-
427	A	-0.175	-
428	G	0.401	-
