1	T	0.269	-
2	T	-0.211	-
3	G	-0.098	-
4	C	0.396	-
5	T	-0.048	-
6	A	-0.013	-
7	G	-0.079	-
8	G	0.202	0.01754669
9	T	0.483	-0.02232331
10	C	0.473	-0.0004303067
11	T	0.187	0.002040433
12	A	-0.338	-0.01306963
13	G	-0.461	-0.02395427
14	A	-0.336	-0.05790643
15	A	-0.161	-0.08157503
16	A	-0.328	-0.1296465
17	G	0.116	-0.1618674
18	A	-0.061	-0.1856783
19	C	0.170	-0.1962664
20	G	-0.211	-0.1567549
21	A	-0.522	-0.1000247
22	A	-0.434	-0.1043672
23	G	-0.518	-0.08367817
24	T	0	-0.07162677
 25	T	0.116	-0.09826744
26	G	0.029	-0.07308974
27	C	0.254	-0.07889803
28	T	0.389	-0.07904163
29	G	-0.402	-0.05277817
30	T	0.148	-0.03826363
31	A	-0.148	-0.0179913
32	T	-0.282	0.01217163
33	T	0.315	0.0165743
34	C	0.082	-0.009809027
35	A	-0.214	-0.03527623
36	A	-0.128	-0.08352516
37	G	-0.216	-0.04001129
38	T	-0.214	-0.04255809
39	A	0.452	-0.01015243
40	T	0.182	0.02062171
41	G	-0.366	-0.02686936
42	T	-0.127	-0.0615908
43	A	-0.334	-0.0815594
44	T	0.250	-0.1081433
45	T	0.110	-0.1055561
46	C	0.338	-0.09974527
47	C	0.178	-0.1383323
48	T	-0.396	-0.1449833
49	A	-0.437	-0.1326593
50	A	-0.513	-0.1148543
51	A	-0.527	-0.1072991
52	A	-0.178	-0.09013992
53	G	-0.127	-0.1157814
54	G	-0.126	-0.1589883
55	T	0.082	-0.1820558
56	A	-0.181	-0.1408234
57	T	0.139	-0.09589612
58	A	-0.221	-0.03334059
59	C	0.508	-0.02216225
60	T	-0.273	-0.007321187
61	A	-0.310	-0.02787052
62	A	-0.167	-0.03552879
63	T	0.222	-0.03827429
64	C	0.236	-0.00472062
65	T	0.424	0.01123498
66	T	-0.359	0.04448625
67	T	0.044	0.01971391
68	A	-0.435	0.01115818
69	T	-0.241	0.01841898
70	G	0.041	0.01412711
71	C	0.321	-0.01857562
72	G	0.378	-0.03569599
73	C	0.277	-0.05987727
74	A	0.136	-0.03899334
75	T	-0.402	-0.03296014
76	G	-0.201	0.00639706
77	A	-0.231	0.00601206
78	C	-0.268	-0.004948453
79	A	-0.020	-0.02151232
80	A	0.061	-0.05502005
81	G	-0.046	-0.1024817
82	G	0.135	-0.1361809
83	T	0.154	-0.1319197
84	G	-0.247	-0.1119809
85	T	-0.122	-0.1065403
86	T	0.073	-0.06909244
87	C	-0.123	-0.07328229
88	A	-0.434	-0.08772054
89	A	-0.369	-0.07824747
90	A	-0.338	-0.09140345
91	G	0.097	-0.1046227
92	T	-0.149	-0.09273979
93	C	0.293	-0.07570273
94	A	-0.083	-0.06614586
95	T	-0.154	-0.04655073
96	T	0.095	0.01177814
97	C	-0.062	0.05265994
98	T	-0.043	0.07222219
99	A	-0.068	0.03557304
100	G	0.132	0.06197964
101	G	0.216	0.07200924
102	G	0.170	0.09464759
103	G	0.440	0.1199253
104	T	0.244	0.1399656
105	G	-0.044	0.1763812
106	G	-0.451	0.214668
107	T	0.246	0.2079631
108	C	0.443	0.1781006
109	T	0.255	0.1296814
110	G	0.224	0.09879925
111	C	0.396	0.05157965
112	T	0.483	0.02178251
113	C	0.530	0.01395853
114	T	-0.169	0.02806373
115	A	-0.315	-0.005050733
116	A	-0.509	-0.02847649
117	G	-0.293	-0.02453336
118	G	-0.267	-0.00923476
119	A	-0.202	-0.02605803
120	T	-0.162	-0.02860189
121	A	-0.240	-0.02747176
122	T	-0.250	0.00159864
123	G	0.092	0.03231117
124	C	0.315	0.07941071
125	T	0.454	0.09642337
126	A	0.143	0.1443144
127	G	0.445	0.185612
128	C	0.547	0.2252602
129	T	0.266	0.2360617
130	T	0.145	0.2319733
131	C	0.196	0.20017
132	G	-0.037	0.1653204
133	T	0.450	0.1285428
134	C	0.416	0.1342542
135	C	0.432	0.1290468
136	T	-0.078	0.09379793
137	G	-0.311	0.07477941
138	A	-0.384	0.07161839
139	A	-0.207	0.04849572
140	G	-0.097	0.06200973
141	G	0.229	0.06067439
142	T	0.367	0.05951513
143	G	0.019	0.05857246
144	G	-0.018	0.09416642
145	G	0.098	0.1036282
146	G	-0.150	0.1121684
147	A	0.164	0.09718282
148	G	0.430	0.07640535
149	G	0.399	0.03051929
150	G	0.418	-0.01026378
151	G	0.455	-0.00092914
152	G	-0.169	0.01042758
153	A	-0.256	-0.001463507
154	G	-0.432	0.03349629
155	A	-0.409	0.03073036
156	A	-0.458	0.001032993
157	A	-0.244	-0.03761407
158	T	0.159	-0.04851507
159	G	0.151	-0.06338887
160	G	-0.080	-0.03361881
161	A	0.374	0.009656393
162	G	0.123	0.04474484
163	G	-0.014	0.07672415
164	G	-0.180	0.1147364
165	A	0.254	0.1586382
166	G	0.232	0.1708259
167	C	0.276	0.1898063
168	T	0.392	0.1833586
169	G	0.093	0.166764
170	G	0.070	0.153511
171	A	0.111	0.1583647
172	C	0.414	0.1907705
173	C	0.341	0.1745539
174	A	0.436	0.1843484
175	C	-0.176	0.1950836
176	A	0.125	0.1531075
177	G	-0.075	0.1540613
178	T	0.057	0.1691059
179	G	0.305	0.1559685
180	G	0.011	0.1404878
181	G	0.379	0.1362025
182	T	0.437	0.08943235
183	A	-0.237	0.1273948
184	G	0.108	0.1532893
185	T	0.296	0.1702415
186	T	-0.085	0.179044
187	T	0.182	0.1842325
188	C	0.277	0.2136844
189	G	-0.265	0.2095639
190	T	0.392	0.148742
191	C	0.513	0.1343882
192	T	0.178	0.1120379
193	A	0.189	0.06493796
194	C	0.383	0.0835838
195	C	0.453	0.09901153
196	C	0.317	0.08919413
197	A	-0.474	0.1202707
198	A	-0.452	0.07710973
199	G	-0.227	0.008726333
200	A	-0.410	-0.03949653
201	G	0.193	-0.0883334
202	G	0.413	-0.1268877
203	G	0.130	-0.1571147
204	G	0.201	-0.1929138
205	A	-0.254	-0.1467026
206	A	-0.512	-0.09160253
207	A	-0.544	-0.0545404
208	A	-0.542	0.0012774
209	G	-0.194	0.01790353
210	G	0	0.01833973
 211	T	-0.219	0.0347822
212	A	0.218	0.04266647
213	G	0.374	0.08901953
214	C	0.328	0.1468643
215	C	0.426	0.1773067
216	C	0.443	0.1983673
217	C	0.420	0.186125
218	T	0.376	0.1550237
219	C	0.319	0.1661523
220	C	0.440	0.1681049
221	C	0.355	0.1704605
222	A	-0.087	0.1677839
223	T	-0.226	0.1677695
224	T	-0.378	0.1603819
225	A	-0.466	0.1237457
226	T	-0.052	0.1132408
227	T	0.247	0.1038991
228	C	0.409	0.07453841
229	C	0.288	0.04206808
230	C	0.426	0.03163007
231	T	0.332	0.03259301
232	T	-0.129	0.07758987
233	G	0.219	0.1207515
234	C	0.179	0.116197
235	G	0	0.07950813
 236	G	-0.131	0.0264266
237	A	-0.244	-0.02898947
238	G	-0.212	-0.05114781
239	C	0.296	-0.04747301
240	C	0.180	-0.03004187
241	G	-0.120	-0.01489261
242	G	-0.302	0.002445193
243	A	-0.386	0.02357279
244	A	-0.542	0.06134586
245	A	0.094	0.10485
246	C	0.387	0.09689073
247	C	0.132	0.1042935
248	C	0.446	0.1190954
249	T	0.439	0.1435423
250	G	0.316	0.1889032
251	C	0.435	0.2344536
252	T	0.408	0.2996349
253	G	-0.331	0.3219406
254	C	0.407	0.3230315
255	C	0.402	0.3300409
256	C	0.246	0.3155325
257	T	0.377	0.2820533
258	G	0.296	0.2425989
259	G	0.435	0.2281114
260	C	0.428	0.2289804
261	T	0.403	0.2619823
262	C	0.237	0.2258661
263	T	0.229	0.1982626
264	A	-0.062	0.1980013
265	T	-0.274	0.1773499
266	C	0.217	0.1630283
267	C	0.421	0.1328385
268	G	0.163	0.1309337
269	T	-0.134	0.1231171
270	G	-0.011	0.1219716
271	C	0.242	0.1357658
272	A	0.068	0.1465593
273	G	0.081	0.140687
274	C	-0.017	0.1033214
275	A	0.400	0.09644875
276	T	0.286	0.1134451
277	C	0.220	0.1371226
278	C	0.435	0.12184
279	T	0.099	0.1056968
280	G	-0.362	0.1204855
281	A	-0.342	0.115049
282	G	0.318	0.1246193
283	C	0.418	0.1165223
284	T	0.220	0.1211963
285	G	-0.240	0.1181317
286	T	0	0.1210698
 287	T	0.289	0.1290789
288	C	0	0.1805003
 289	T	0.125	0.2283189
290	T	0.278	0.2365981
291	C	0.356	0.2354227
292	T	0.174	0.2280384
293	T	0.479	0.2499722
294	C	0.219	0.2782458
295	T	0.408	0.2617722
296	C	0.374	0.2617722
297	C	0.442	0.2752334
298	C	0.400	0.2616249
299	A	0.110	0.2680047
300	G	0.088	0.2706673
301	C	0.424	0.2516968
302	C	0.042	0.2664245
303	A	0	0.257503
 304	T	0.327	0.2560826
305	C	0.074	0.2442196
306	C	0.452	0.2328147
307	T	0.214	0.2532407
308	G	0.195	0.2666249
309	C	0.440	0.2523766
310	T	0.274	0.2653528
311	G	0.353	0.2565844
312	G	0.264	0.2425908
313	C	0.229	0.2404518
314	C	0.416	0.1764652
315	T	0.289	0.1877896
316	C	0.210	0.1955302
317	C	0.237	0.1866342
318	C	-0.131	0.1956658
319	A	0.117	0.1562854
320	G	0.042	0.14312
321	G	-0.507	0.1535822
322	A	0.383	0.1542648
323	G	0.311	0.1649603
324	C	0.306	0.178322
325	T	0.409	0.1624906
326	G	-0.237	0.1371668
327	A	0.066	0.1068716
328	C	0.386	0.1260008
329	C	0.426	0.1287056
330	C	0.449	0.08377204
331	T	0.410	0.06915441
332	C	0	0.08005055
 333	A	-0.511	0.07245608
334	G	-0.336	0.106857
335	C	0.329	0.1297675
336	A	-0.466	0.1134154
337	A	-0.290	0.05022244
338	G	0.092	0.002373507
339	C	0.470	-0.02023084
340	G	0.296	-0.03628704
341	T	0.278	-0.03711764
342	C	0.410	-0.04246144
343	T	0.141	-0.100139
344	G	-0.521	-0.08560571
345	A	-0.267	-0.04664257
346	A	0.071	-0.03443201
347	G	-0.240	-0.03998148
348	A	-0.523	-0.03785015
349	A	-0.416	-0.04065361
350	A	-0.535	-0.05988315
351	A	-0.248	-0.05876021
352	T	0.294	0.004532653
353	G	0.275	0.01664645
354	C	0.386	0.0150206
355	T	0.328	0.0387798
356	G	0.236	0.0880334
357	G	0.122	0.1347667
358	A	0.158	0.1833286
359	G	0.428	0.2029442
360	G	-0.086	0.2126585
361	T	0.047	0.1783194
362	G	0.115	0.1763043
363	G	0.214	0.1707941
364	T	0.284	0.1872735
365	C	0.192	0.1948086
366	C	0.045	0.2077793
367	T	0.440	0.2055542
368	A	-0.239	0.2348596
369	G	0.356	0.2576288
370	C	0.245	0.2684287
371	C	0.483	0.2777139
372	A	0.235	0.2806796
373	T	0.352	0.2770426
374	C	0.394	0.3045221
375	G	0.353	0.3081055
376	G	0.388	0.3557773
377	C	0.277	0.3568839
378	A	0.354	0.353913
379	A	0.328	0.2962142
380	C	0.138	0.2795224
381	T	0.457	0.2591271
382	T	0.493	0.208749
383	C	0.475	0.1739407
384	A	0.373	0.1431895
385	T	0.200	0.1220222
386	G	-0.381	0.1268647
387	A	-0.015	0.1296443
388	A	0.046	0.1379512
389	C	-0.360	0.1115074
390	A	-0.168	0.05388611
391	A	-0.072	0.02945091
392	G	-0.039	0.002857147
393	G	0.426	-0.009158647
394	G	0.370	0.006402687
395	T	0.262	0.03295385
396	C	0.061	0.04776359
397	A	-0.370	0.08635806
398	G	0.108	0.1187408
399	C	-0.025	0.1464505
400	G	0.020	0.1718134
401	T	-0.148	0.1513483
402	G	0.382	0.1410114
403	G	0.268	0.16002
404	G	0.218	0.1676844
405	G	0.317	0.1779114
406	G	0.343	0.1544874
407	T	0.340	0.1597248
408	G	0.119	0.1678815
409	C	0.215	0.1565731
410	C	0.547	0.1457094
411	T	0.176	0.1375509
412	A	-0.217	0.1420825
413	T	-0.242	0.1407121
414	G	0.052	0.1149418
415	G	0.142	0.1136185
416	G	-0.317	0.08525093
417	T	0.219	0.05300826
418	T	0.146	-0.01985734
419	C	0.286	-0.02130427
420	C	0.296	0.00896086
421	G	-0.043	0.04481839
422	G	0.320	0.06542134
423	G	-0.305	0.07996761
424	T	-0.268	0.1310555
425	A	-0.545	0.1388725
426	G	0.154	0.1616043
427	C	0.236	0.1182528
428	C	0.295	0.06619447
429	A	0.361	0.03942613
430	G	0.361	-0.01489233
431	C	0.448	-0.01096193
432	C	0.337	-0.01979433
433	T	0.487	-0.0035318
434	C	-0.364	-0.04073507
435	A	-0.484	-0.05297573
436	A	-0.444	-0.04578366
437	C	-0.494	-0.06111493
438	A	-0.246	-0.06551073
439	A	-0.400	-0.1056416
440	G	-0.301	-0.1375989
441	A	-0.403	-0.1634503
442	T	0.053	-0.1468768
443	T	0.403	-0.1368891
444	G	0.131	-0.08029201
445	C	0.295	-0.03350748
446	T	-0.153	-0.04538975
447	G	-0.142	-0.04302101
448	A	0.099	-0.02485272
449	C	-0.115	0.03198341
450	A	-0.334	0.06098721
451	C	0.404	0.06206881
452	C	0.207	0.06045127
453	A	-0.424	0.05384107
454	A	-0.365	0.09757581
455	G	-0.028	0.1002837
456	T	0.448	0.08793887
457	C	0.488	0.07927521
458	T	0.419	0.1101583
459	A	0.107	0.05810454
460	G	0.196	0.07230081
461	C	0.502	0.1202188
462	A	-0.101	0.1431012
463	T	-0.085	0.122141
464	T	-0.245	0.06141615
465	G	0.128	0.02606744
466	A	-0.376	-0.01963969
467	C	0.420	-0.02138426
468	A	0.293	-0.01409966
469	G	-0.021	-0.01748533
470	G	-0.342	0.01866001
471	A	-0.462	0.05186756
472	A	-0.041	0.09689323
473	C	-0.266	0.1077803
474	A	0.081	0.135129
475	T	0.305	0.1129615
476	C	0.451	0.0943568
477	T	0.440	0.1185613
478	C	0.412	0.1527277
479	T	0.429	0.1815257
480	C	0.291	0.1879057
481	T	0.033	0.2268804
482	A	0.088	0.2083356
483	C	0.014	0.1580804
484	T	0.341	0.1511145
485	T	0.169	0.1501378
486	C	-0.030	0.154136
487	A	0.053	0.1176762
488	T	0.318	0.1097478
489	T	-0.196	0.1002161
490	A	-0.448	0.1159698
491	C	0.347	0.09468753
492	C	0.426	0.05314933
493	T	0.472	0.0127646
494	G	-0.116	0.00266738
495	A	0.173	0.02445967
496	T	-0.109	0.0148712
497	C	0.324	0.0575558
498	A	-0.304	0.1100621
499	T	-0.281	0.09624113
500	G	-0.436	0.0745364
501	A	-0.181	0.02346433
502	T	0.380	-0.004122667
503	C	0.174	-0.04511447
504	C	0.443	-0.06831087
505	T	0.339	-0.1075481
506	G	0.139	-0.070971
507	G	0.100	-0.0475055
508	A	-0.293	-0.0005977
509	G	-0.530	0.02111683
510	A	-0.441	7.264667e-05
511	A	-0.457	0.003397913
512	G	-0.264	0.002924247
513	C	0.244	0.009161847
514	A	0.070	0.03000711
515	C	0.267	0.01155551
516	T	0.144	0.01900585
517	T	0.065	0.03196098
518	C	0.224	0.03705391
519	C	0.436	0.09318765
520	C	0.432	0.1326062
521	G	0.452	0.1465123
522	G	-0.176	0.143793
523	A	-0.181	0.1159094
524	T	-0.336	0.1184855
525	A	-0.365	0.08264455
526	T	0.384	0.06588667
527	C	0.327	0.007549273
528	C	0.452	-0.03351099
529	T	0.029	-0.07133779
530	G	-0.150	-0.03252619
531	A	0.182	0.00942094
532	A	-0.472	0.05821907
533	C	-0.026	0.1057765
534	A	-0.438	0.08283245
535	T	-0.183	0.04314051
536	G	-0.114	0.02471411
537	C	0.405	0.01407283
538	C	0.447	0.04729229
539	C	0.395	0.06083089
540	T	0.347	0.09770183
541	C	0.040	0.1143834
542	A	-0.268	0.1709403
543	G	0.176	0.1950814
544	A	-0.130	0.226728
545	G	0.347	0.2217006
546	C	0.385	0.2192998
547	T	0.080	0.2027524
548	G	0.223	0.2053756
549	C	0.409	0.1987403
550	T	0.178	0.2266932
551	G	0.359	0.2345131
552	C	0.330	0.2207089
553	A	0.411	0.2261041
554	T	0.147	0.1722888
555	C	0.387	0.1442081
556	T	-0.059	0.140753
557	A	0.150	0.1326191
558	T	0.293	0.1485933
559	C	-0.337	0.1466022
560	C	0.428	0.1435323
561	A	-0.421	0.1374388
562	A	-0.340	0.1218055
563	G	0.171	0.07674535
564	G	0.287	0.05610469
565	C	0.418	0.04177211
566	C	0.330	0.04925117
567	G	0.284	0.1038135
568	C	0.320	0.09068424
569	C	-0.087	0.108605
570	A	-0.288	0.1103041
571	A	-0.368	0.07724117
572	G	-0.063	0.03517137
573	G	0.405	0.006315373
574	T	0.481	-0.00532796
575	C	0.231	-0.01960607
576	A	-0.152	-0.01603347
577	A	-0.315	0.0160959
578	G	-0.324	0.01990823
579	T	-0.343	0.01486243
580	A	-0.014	0.01341883
581	A	0.155	0.01181243
582	G	0.070	0.005683233
583	C	0.373	0.01901377
584	A	0.394	0.0564349
585	G	-0.231	0.1068007
586	T	-0.444	0.1083268
587	A	-0.085	0.1048683
588	C	0.381	0.1303374
589	C	0.389	0.1265175
590	C	0.431	0.1302764
591	C	0.408	0.1074654
592	C	0.440	0.08738787
593	A	-0.301	0.129472
594	A	-0.395	0.1928591
595	C	0.367	0.2090329
596	C	0.098	0.2200387
597	T	0.126	0.1870353
598	T	0.031	0.133831
599	T	0.093	0.07386446
600	C	0.399	0.02578286
601	C	0.506	0.01871773
602	T	0.156	0.02537619
603	T	0.546	0.02823233
604	C	-0.105	0.04561449
605	A	-0.366	0.06536262
606	C	-0.490	0.09221816
607	A	-0.281	0.1050442
608	G	-0.407	0.1047809
609	A	-0.295	0.09183207
610	G	0.410	0.1090279
611	C	0.358	0.09747873
612	C	0.422	0.1271193
613	C	0.434	0.1809776
614	A	0.286	0.220526
615	C	0.395	0.2681568
616	A	0.312	0.3067801
617	C	0.414	0.3389981
618	C	0.373	0.3161766
619	C	0.338	0.3071352
620	T	0.441	0.291398
621	C	0.102	0.2768896
622	T	0.433	0.2867156
623	G	0.171	0.2811629
624	G	0.187	0.2761732
625	C	0.068	0.2546728
626	T	0.223	0.2252832
627	T	0.186	0.2219016
628	C	0.216	0.2210041
629	C	0.433	0.18858
630	C	0.312	0.1555532
631	C	0.237	0.1135109
632	T	0.092	0.1159912
633	G	-0.067	0.1334049
634	T	0.287	0.1453001
635	C	0.427	0.1190025
636	T	-0.383	0.1245422
637	G	-0.061	0.1111037
638	A	-0.458	0.1039047
639	G	0.225	0.09772935
640	G	0.329	0.1101196
641	G	0.401	0.1001464
642	G	-0.207	0.0783492
643	A	0.299	0.0274088
644	C	0.231	0.02649213
645	A	0.204	0.04018784
646	C	0.144	0.09857104
647	T	0.278	0.1049938
648	A	-0.216	0.08303471
649	G	-0.038	0.05845719
650	G	-0.336	0.08809005
651	A	-0.397	0.07742425
652	A	0.143	0.04224605
653	T	0.417	0.04248292
654	G	0.321	0.04679545
655	G	0	0.05502032
 656	G	0.032	0.09088145
657	T	0.236	0.1095061
658	A	0.139	0.1226408
659	G	-0.295	0.1440782
660	T	0.208	0.1605871
661	G	0.209	0.1351107
662	T	0.401	0.1216956
663	C	0.321	0.1275158
664	T	0.240	0.154106
665	C	-0.139	0.1048125
666	A	-0.076	0.1179828
667	G	0.391	0.1654686
668	G	0.034	0.1859199
669	G	0.120	0.1604305
670	T	0.087	0.1003746
671	A	0.431	0.04294468
672	T	-0.502	0.03528215
673	T	0.337	0.02655061
674	C	0.416	0.03091385
675	T	0.514	0.0001488867
676	T	-0.172	-0.03074027
677	T	-0.499	-0.0561178
678	T	-0.540	-0.06056891
679	A	0.125	-0.08067577
680	G	-0.270	-0.02050264
681	G	-0.010	-0.05618951
682	A	-0.070	-0.08953637
683	G	-0.428	-0.138067
684	A	-0.260	-0.1142436
685	A	0.020	-0.05336263
686	C	0.130	-0.0271897
687	C	0.399	-0.04785383
688	A	-0.197	-0.06266057
689	G	-0.083	-0.03380083
690	G	-0.213	0.003061327
691	G	0.184	0.06154773
692	T	0.413	0.1070982
693	T	-0.147	0.08383021
694	T	-0.184	0.07755379
695	T	-0.492	0.06233526
696	C	0.422	0.07656029
697	T	0.482	0.1017048
698	C	0.448	0.1465198
699	T	0.422	0.1479766
700	C	-0.328	0.1284931
701	T	0.036	0.1158592
702	G	0.171	0.1009088
703	G	0.015	0.1040604
704	G	0.293	0.06166142
705	G	0.459	0.04356629
706	T	0.206	0.04404082
707	G	0.121	0.02791842
708	C	-0.337	0.06833969
709	A	-0.408	0.09039457
710	A	-0.445	0.08454091
711	A	-0.213	0.06976001
712	T	0.211	0.03411095
713	C	0.455	0.01141428
714	A	0.181	0.02166495
715	C	0.277	-0.00155652
716	T	0.366	0.05444081
717	T	0.083	0.05147415
718	T	-0.206	0.05625781
719	A	-0.241	0.03589321
720	T	0.118	0.00320328
721	T	0.360	-0.02352595
722	T	-0.226	-0.05268922
723	C	0.502	-0.09260342
724	A	-0.453	-0.1381236
725	T	-0.373	-0.1323144
726	A	-0.519	-0.1064853
727	A	-0.279	-0.07061963
728	G	0.055	-0.05501797
729	T	-0.256	-0.06614643
730	G	-0.320	-0.06737863
731	A	-0.315	-0.1175731
732	T	0.171	-0.1121288
733	T	0.181	-0.1152616
734	C	0.296	-0.1011498
735	T	0.352	-0.07914573
736	G	0.193	-0.05522783
737	G	-0.245	-0.0276287
738	A	-0.250	-0.003742493
739	A	-0.371	0.01982619
740	A	-0.420	-0.00396048
741	T	-0.307	-0.04101815
742	A	0.050	-0.08649848
743	C	0.413	-0.1407037
744	C	0.157	-0.1580155
745	A	0.037	-0.1271875
746	A	0.037	-0.1218752
747	G	-0.185	-0.09110535
748	A	-0.374	-0.04143728
749	G	-0.385	-0.02577946
750	A	-0.460	-0.05129196
751	A	-0.066	-0.07758961
752	T	0.217	-0.09295007
753	G	-0.170	-0.1249385
754	G	0.089	-0.156217
755	A	0.324	-0.1793753
756	G	-0.072	-0.1760384
757	G	-0.331	-0.132276
758	A	0.019	-0.07163649
759	G	-0.072	-0.03826912
760	T	-0.442	-0.06272285
761	A	-0.431	-0.01992939
762	A	-0.533	-1.622667e-05
763	A	-0.324	-0.01126136
764	C	0.270	-6.577333e-05
765	C	0.449	0.02744554
766	G	0.433	0.007836853
767	T	-0.149	-0.01680895
768	G	0.471	-0.02164781
769	C	0.388	-0.01032848
770	A	0.155	-0.00131128
771	C	0.095	-0.01562361
772	A	0.080	-0.04310908
773	G	-0.274	-0.06775112
774	A	-0.442	-0.1116689
775	A	-0.514	-0.07877859
776	A	-0.261	-0.1035471
777	G	-0.397	-0.1321773
778	A	-0.539	-0.1610459
779	A	-0.141	-0.1959682
780	T	0.079	-0.2371217
781	G	-0.224	-0.2242896
782	C	0.343	-0.181646
783	C	0.099	-0.1380329
784	A	-0.040	-0.1087438
785	T	-0.277	-0.09794865
786	T	-0.428	-0.09160865
787	A	-0.536	-0.09528718
788	A	-0.082	-0.1167619
789	C	0.197	-0.09058754
790	C	0.139	-0.1044277
791	A	0.177	-0.1089616
792	G	-0.235	-0.1333269
793	A	-0.444	-0.09545146
794	A	-0.196	-0.08329346
795	G	-0.242	-0.02946613
796	C	0.167	-0.04235725
797	A	0.136	-0.06811285
798	T	0.031	-0.1037519
799	T	-0.406	-0.1370407
800	A	0.291	-0.1334032
801	A	-0.246	-
802	T	0.270	-
803	T	-0.275	-
804	G	-0.189	-
805	A	-0.395	-
806	G	-0.321	-
807	A	-0.181	-
