1	T	-0.115	-
2	T	-0.254	-
3	T	-0.155	-
4	T	0.180	-
5	C	0.436	-
6	C	0.202	-
7	T	0.340	-
8	G	0.410	-
9	C	0.466	-
10	A	0.318	-
11	T	-0.069	-
12	G	-0.022	-
13	T	0.299	0.1859885
14	A	0.097	0.1899221
15	T	0.248	0.1918346
16	G	-0.064	0.187968
17	T	0.455	0.1762949
18	T	0.467	0.1749259
19	T	0.421	0.1831137
20	G	0.157	0.1677433
21	T	-0.261	0.1647336
22	G	0.294	0.1251023
23	C	-0.137	0.09176023
24	A	0.453	0.08814838
25	C	0.479	0.09208988
26	G	-0.017	0.07048436
27	A	-0.206	0.08036827
28	T	-0.252	0.08196607
29	G	-0.111	0.09787256
30	T	0.402	0.09726184
31	C	0.407	0.07155868
32	G	-0.043	0.0721634
33	T	0.335	0.07573176
34	T	-0.523	0.08207668
35	A	-0.514	0.06400436
36	C	-0.159	0.06192532
37	A	0.075	0.0489276
38	G	-0.241	0.04481684
39	T	0.344	0.06158157
40	G	0.288	0.06983005
41	C	0.332	0.07356509
42	C	0.440	0.05983309
43	A	-0.175	0.02226457
44	G	0.436	-0.007549148
45	C	0.246	-0.01712042
46	A	-0.102	-0.05113078
47	G	-0.157	-0.03820874
48	A	-0.189	-0.00751366
49	G	0.128	-0.004928852
50	G	0.376	0.008500168
51	C	0.402	0.03491173
52	A	0	0.005291088
 53	A	-0.158	0.008661968
54	G	-0.455	0.003524328
55	A	-0.537	-0.000154032
56	A	-0.337	-0.006099312
57	G	-0.282	-0.03381179
58	G	-0.514	-0.03653539
59	A	-0.200	-0.02990098
60	C	0.252	-0.02634027
61	A	-0.095	-0.007191748
62	G	0.411	0.003878852
63	T	0.419	0.003972292
64	G	-0.395	-9.48e-07
65	T	0.373	-0.007598548
66	T	0.204	-0.01095351
67	G	0.348	0.00475536
68	G	-0.324	0.02833936
69	A	-0.256	0.04913148
70	T	0.178	0.05131808
71	C	0.062	0.06800492
72	G	-0.068	0.07284835
73	C	0.289	0.05942952
74	C	0.405	0.05606492
75	C	0.379	0.04201659
76	T	0.302	0.02455863
77	G	-0.189	0.02241691
78	G	-0.242	0.001824672
79	A	-0.062	-0.01810065
80	T	0.052	-0.01543621
81	G	0.181	-0.007315048
82	T	-0.228	-0.001873368
83	G	-0.097	0.009823792
84	G	-0.079	0.02393874
85	A	-0.082	0.04568715
86	G	-0.179	0.03225674
87	T	0.060	0.009756216
88	T	-0.017	0.008764296
89	A	-0.449	-0.0164565
90	G	-0.141	-0.02834494
91	A	-0.293	-0.01808428
92	G	0.415	-0.002612752
93	A	-0.121	0.01341481
94	T	-0.120	0.003782104
95	G	0.470	0.0211365
96	T	0.415	0.0317379
97	T	0.475	0.02834295
98	T	-0.046	0.0373641
99	G	-0.156	0.04250907
100	T	0.354	0.04009991
101	T	-0.327	0.05725083
102	A	-0.487	0.08082567
103	G	0.013	0.09516723
104	C	0.324	0.1140994
105	C	0.453	0.1097724
106	A	-0.058	0.1262873
107	G	0.205	0.139269
108	C	0.167	0.1364936
109	A	-0.164	0.1038609
110	T	0.142	0.06495655
111	G	-0.050	0.04976016
112	C	0	0.04805356
 113	G	0.411	0.02609392
114	G	0.139	0.04564364
115	G	0.216	0.05832
116	T	0.179	0.03689646
117	G	0.307	0.03949646
118	C	0.291	0.03923526
119	T	0.203	0.05839925
120	G	0.401	0.06584813
121	G	-0.400	0.07380781
122	A	-0.497	0.09692037
123	A	-0.426	0.1036405
124	G	-0.199	0.1239636
125	T	-0.194	0.1063039
126	C	0.160	0.1073149
127	A	-0.170	0.1181978
128	A	-0.521	0.102952
129	A	0.389	0.08458828
130	C	0.446	0.06123332
131	C	0.420	0.05489088
132	T	0.392	0.0350476
133	A	0.366	0.00544348
134	C	0.413	0.01325632
135	A	0.310	0.02814692
136	T	0.457	0.02942568
137	C	-0.441	0.0256712
138	T	0.436	0.01282172
139	T	0.411	0.0063824
140	C	-0.164	0.03064004
141	T	-0.279	0.06122392
142	G	-0.276	0.05934068
143	G	0.133	0.02340968
144	A	-0.292	0.01056736
145	A	-0.338	-0.007616088
146	G	-0.204	-0.01217929
147	A	-0.125	-0.02383381
148	G	-0.394	-0.01660505
149	T	-0.293	-0.0382978
150	A	-0.516	-0.01901305
151	G	0	-0.03349748
 152	C	0.436	-0.05919752
153	C	0.242	-0.0410254
154	A	0.342	-0.02166708
155	G	-0.451	0.001215204
156	T	0.099	0.005016804
157	T	-0.062	-0.000258356
158	C	0.252	0.03127972
159	T	0.121	0.06102288
160	C	0.491	0.04807452
161	A	-0.084	0.043442
162	T	0.040	0.03876876
163	C	0.074	0.07360312
164	A	-0.230	0.08087572
165	T	0.290	0.06845912
166	C	0.204	0.07598956
167	T	0.295	0.0812272
168	G	0.228	0.08805384
169	A	-0.424	0.0703086
170	G	0.449	0.06016753
171	C	0.538	0.03020217
172	A	-0.448	0.02045485
173	A	-0.509	0.008067292
174	T	-0.410	0.02487037
175	T	0.354	0.02497843
176	G	0.181	0.01703178
177	T	0.125	0.0406987
178	C	0.431	0.01416866
179	C	0.473	0.01475502
180	A	-0.281	0.0090655
181	A	-0.344	0.00401374
182	T	-0.316	0.03766486
183	T	-0.496	0.02861106
184	A	-0.121	0.01227246
185	C	0.181	0.04525294
186	C	0.335	0.06825484
187	A	0.043	0.08384313
188	A	-0.123	0.05328777
189	G	0.361	0.04202286
190	G	-0.373	0.0197799
191	G	0.219	0.02189438
192	T	0.152	0.01899786
193	C	0.102	0.0453759
194	T	0.417	0.0651851
195	T	0.223	0.06136514
196	C	0.130	0.0645933
197	T	0.375	0.05192674
198	G	0.065	0.0244247
199	T	-0.020	0.02460602
200	A	-0.409	0.0383086
201	C	-0.099	0.05865108
202	A	-0.430	0.06341216
203	T	0.483	0.08266548
204	C	0.400	0.05846532
205	T	0.378	0.05438265
206	C	0.150	0.03884333
207	A	-0.411	0.01871803
208	A	-0.415	0.01269339
209	A	-0.438	0.02269667
210	A	-0.505	0.01491863
211	C	0.339	0.0211718
212	A	0.385	0.0318288
213	C	0.384	0.06767856
214	C	0.480	0.0886105
215	A	0.108	0.1244434
216	G	-0.385	0.1042226
217	T	0.050	0.07260748
218	T	-0.286	0.04820588
219	G	-0.085	0.02710696
220	A	0.072	0.05420988
221	G	0.380	0.0749382
222	G	0.181	0.09847332
223	G	0.221	0.1314707
224	C	0.245	0.1077661
225	T	0.487	0.08619932
226	G	0.423	0.06674988
227	T	0.465	0.04655016
228	T	-0.021	0.05945144
229	G	-0.389	0.08963788
230	T	-0.231	0.1016581
231	A	-0.376	0.1332302
232	C	0.266	0.1402762
233	A	0.102	0.1408905
234	G	0.149	0.1038762
235	C	0.319	0.07930792
236	A	-0.252	0.0546078
237	A	-0.153	0.02986316
238	T	-0.101	-0.008812204
239	T	-0.024	-0.04521212
240	C	0.430	-0.08101536
241	C	0.368	-0.0865039
242	T	0.351	-0.08078126
243	T	0.502	-0.06148286
244	C	0.090	-0.05984046
245	T	0.087	-0.05546994
246	A	-0.544	-0.0718537
247	A	-0.432	-0.06247622
248	G	-0.396	-0.05838414
249	A	-0.372	-0.0322419
250	T	-0.479	-0.02387355
251	A	-0.486	-0.007389068
252	A	-0.429	-0.01000209
253	A	-0.158	-0.02443804
254	A	-0.246	-0.03919272
255	C	0.250	-0.041704
256	A	-0.335	-0.04699892
257	T	0.375	-0.04805162
258	T	-0.307	-0.05854286
259	C	0.384	-0.02062194
260	G	0.421	-0.001237476
261	G	0.400	0.032038
262	G	0.055	0.03388488
263	A	0.310	0.04169132
264	T	-0.090	0.07166176
265	C	0.069	0.1067955
266	A	0	0.1173824
 267	C	0.288	0.1418434
268	T	0.370	0.1481591
269	G	0.063	0.1577439
270	G	-0.174	0.1427331
271	G	0.403	0.1748179
272	A	0.051	0.163543
273	G	0.435	0.1611123
274	T	-0.326	0.1425747
275	G	-0.284	0.155392
276	C	0.262	0.1557382
277	C	0.448	0.1768219
278	A	0.105	0.1713644
279	C	0.365	0.1800446
280	T	0.408	0.182
281	G	-0.096	0.1682468
282	G	0	0.1763629
 283	G	0.494	0.1638115
284	A	0.102	0.1534366
285	T	0.360	0.1653066
286	C	-0.062	0.1535963
287	A	0.376	0.1560366
288	C	0.319	0.1459726
289	T	0.436	0.1502719
290	G	-0.066	0.1218783
291	G	0.217	0.1081382
292	C	0.337	0.09353632
293	A	0.026	0.0760796
294	G	0.266	0.09742771
295	A	-0.488	0.09675684
296	G	0.143	0.0808553
297	G	0.348	0.09076486
298	A	0.143	0.08240438
299	G	-0.265	0.06740901
300	A	-0.536	0.05590855
301	T	0.370	0.04823299
302	T	-0.261	0.02924055
303	G	-0.237	0.04114316
304	T	0	0.03558355
 305	G	-0.027	0.03386067
306	C	0.437	0.03781416
307	A	-0.016	0.02069524
308	G	0.097	0.04954016
309	C	0.350	0.05878532
310	A	0.151	0.05657008
311	A	-0.437	0.06809564
312	T	0.088	0.0770556
313	C	0.127	0.1113043
314	A	-0.037	0.1136722
315	T	0.230	0.1297462
316	T	0.078	0.1518143
317	C	0.294	0.1432473
318	T	0.125	0.1285754
319	G	-0.161	0.09335475
320	T	0.232	0.09445566
321	T	0.374	0.08279776
322	C	0.292	0.0653382
323	C	0.431	0.05281212
324	T	-0.041	0.05288872
325	G	0.320	0.0472387
326	C	0.429	0.02615794
327	T	0.140	0.0119269
328	G	0.314	0.005679236
329	T	-0.214	0.004508172
330	G	-0.394	-0.01415219
331	A	-0.442	-0.005373788
332	A	0.010	-0.008039948
333	C	-0.194	-0.02497531
334	A	-0.086	-0.04704459
335	T	-0.161	-0.04677711
336	T	-0.435	-0.04930467
337	A	-0.052	-0.0319199
338	C	-0.399	-0.03613098
339	A	-0.393	-0.0533083
340	A	0.074	-0.06892222
341	G	0.048	-0.08694062
342	C	-0.172	-0.08881402
343	T	0.344	-0.06142302
344	A	-0.227	-0.05510798
345	G	-0.190	-0.03833666
346	A	-0.176	-0.02470922
347	G	0.299	-0.01253358
348	C	0.368	0.008567256
349	C	0.393	0.03750642
350	G	0.214	0.0511129
351	A	0	0.07594638
 352	G	-0.249	0.09976954
353	T	-0.136	0.114991
354	A	-0.261	0.1076056
355	C	0.290	0.1168545
356	A	-0.285	0.1105056
357	C	0.430	0.1149051
358	A	0.146	0.1162153
359	G	0.217	0.1207562
360	G	0.366	0.1027495
361	C	0.287	0.1067725
362	T	0.287	0.1084732
363	G	0.221	0.09428316
364	G	0.201	0.09054145
365	C	0.455	0.1012767
366	C	-0.135	0.1185333
367	A	0.059	0.1284695
368	T	0.186	0.09838046
369	C	-0.117	0.1260317
370	A	-0.157	0.1039053
371	T	-0.063	0.08919986
372	G	-0.150	0.07208658
373	T	0.468	0.06630918
374	C	0.435	0.06235618
375	A	-0.139	0.04185194
376	C	-0.093	0.04172578
377	G	0.018	0.03817158
378	T	0.295	0.01794978
379	T	-0.012	0.007594264
380	A	-0.461	-0.000725364
381	C	0.406	-0.02447456
382	A	-0.123	-0.04080472
383	G	-0.221	-0.05509044
384	T	-0.209	-0.05679334
385	A	0.221	-0.06511582
386	T	0.188	-0.07698966
387	G	-0.224	-0.1001331
388	G	0.217	-0.09453554
389	A	0.113	-0.07878071
390	G	-0.050	-0.07844198
391	G	-0.394	-0.07668674
392	A	-0.148	-0.06750503
393	G	-0.407	-0.06171327
394	A	-0.526	-0.08171048
395	A	-0.514	-0.06521112
396	A	-0.105	-0.06657296
397	G	-0.358	-0.0581782
398	C	0.171	-0.05558672
399	A	-0.142	-0.04968088
400	A	0	-0.0444743
 401	G	0.300	-0.03769898
402	G	0.027	-0.04889606
403	G	0.338	-0.0578667
404	A	0.216	-0.02416982
405	T	-0.317	-0.00108878
406	A	-0.093	0.0304955
407	T	0.289	0.06932494
408	G	-0.255	0.09911034
409	T	0	0.1007228
 410	T	0.286	0.1076462
411	G	0.336	0.1072876
412	G	-0.094	0.1269455
413	T	0.387	0.1278215
414	A	-0.166	0.1237329
415	A	-0.274	0.1319423
416	C	0.447	0.1296723
417	C	0.428	0.1365393
418	T	0.382	0.1518166
419	G	0.444	0.1619218
420	G	0.229	0.156207
421	G	-0.065	0.151453
422	A	-0.185	0.1458481
423	A	0.162	0.1220251
424	C	0.348	0.09646292
425	T	0.021	0.08292594
426	G	0.198	0.06332926
427	G	0.232	0.05743626
428	T	0.282	0.0701547
429	G	0.388	0.04903732
430	T	0.064	0.02824002
431	G	0.158	0.02828982
432	G	0.146	0.01682954
433	G	-0.374	-0.01115754
434	T	-0.140	-0.02480895
435	A	-0.309	-0.03548327
436	A	-0.302	-0.06176227
437	A	-0.433	-0.09529927
438	G	-0.102	-0.1050186
439	G	-0.314	-0.1256795
440	A	0.043	-0.1517025
441	G	-0.080	-0.1513532
442	A	-0.091	-0.1680035
443	G	0.383	-0.1705948
444	T	0.158	-0.1953334
445	T	-0.469	-0.1929048
446	A	-0.406	-0.17492
447	G	-0.452	-0.164402
448	A	-0.494	-0.1622563
449	A	-0.489	-0.1501535
450	A	-0.221	-0.1539809
451	G	-0.318	-0.1566167
452	A	-0.418	-0.1248612
453	G	0.290	-0.1147192
454	C	-0.027	-0.1311914
455	A	0	-0.1344598
 456	T	-0.459	-0.1536424
457	T	0.207	-0.1726282
458	C	0.075	-0.1411678
459	A	0.122	-0.1085731
460	G	-0.255	-0.07821332
461	T	0	-0.03746364
 462	T	-0.528	-0.006418276
463	A	-0.168	-0.01808628
464	C	0.479	-0.02660144
465	T	0.296	-0.0269652
466	A	-0.492	-0.05215976
467	T	-0.173	-0.06106727
468	G	-0.096	-0.05869031
469	G	-0.316	-0.02726147
470	A	0.316	-0.01661519
471	C	0.408	-0.02563209
472	C	0.306	-0.01733857
473	C	0.524	-0.01413605
474	T	0.286	-0.01982821
475	T	-0.512	-0.00034678
476	A	-0.531	0.006910416
477	A	-0.427	-0.0217375
478	G	-0.338	-0.04354946
479	A	-0.250	-0.02638078
480	A	0.059	-0.02231176
481	C	0.326	-0.000306108
482	T	0.473	0.02844433
483	G	-0.149	0.02859249
484	T	0.330	-0.005154268
485	A	-0.175	-0.03220963
486	T	-0.142	-0.07209923
487	G	-0.041	-0.09360723
488	G	0.012	-0.06566131
489	A	-0.236	-0.03294331
490	T	-0.248	0.002253892
491	T	-0.062	0.03385677
492	G	-0.071	0.05430925
493	C	0.453	0.05150175
494	C	0.402	0.04904147
495	A	0.320	0.04089755
496	G	-0.435	0.03459891
497	A	-0.369	0.02339181
498	A	-0.472	0.0277716
499	A	-0.251	0.02953344
500	T	0.185	0.01903712
501	C	0.286	0.01760408
502	C	0.452	0.04388076
503	T	0.451	0.07287136
504	C	0.260	0.07677577
505	C	-0.010	0.07730293
506	A	0.264	0.04544693
507	G	0.269	0.01735205
508	G	-0.307	0.01740705
509	A	0.049	0.04146933
510	T	-0.066	0.06057925
511	T	-0.098	0.06889453
512	T	-0.304	0.06972937
513	G	-0.022	0.05455885
514	C	0.420	0.02567349
515	C	0.476	-0.01075923
516	T	0.034	-0.03648067
517	T	-0.058	-0.05909391
518	T	-0.342	-0.07861441
519	G	-0.300	-0.1072889
520	T	0.321	-0.1014123
521	G	0.165	-0.07330193
522	G	0.108	-0.06763919
523	A	-0.264	-0.06499882
524	T	-0.230	-0.04964462
525	T	-0.193	-0.03440186
526	T	-0.435	-0.03394011
527	G	-0.458	-0.05973187
528	A	-0.191	-0.08303823
529	A	-0.304	-0.08364766
530	G	-0.498	-0.08755376
531	A	-0.452	-0.05941196
532	C	0.416	-0.04799968
533	C	0.395	-0.06832764
534	C	0.191	-0.08125176
535	T	0	-0.097255
 536	A	0.285	-0.09890668
537	G	0.076	-0.1049854
538	A	-0.011	-0.1121945
539	G	-0.224	-0.1147343
540	A	-0.106	-0.08583404
541	T	0.019	-0.0619814
542	G	-0.156	-0.0543074
543	C	0.361	-0.02749396
544	A	-0.014	-0.0142938
545	G	-0.186	-0.02477628
546	A	-0.157	-0.0478258
547	G	-0.292	-0.05639888
548	G	-0.306	-0.0358846
549	A	-0.382	-0.04484939
550	T	-0.373	-0.05610679
551	G	-0.498	-0.04702554
552	C	0.264	-0.04985826
553	G	0.404	-0.04633642
554	G	-0.112	-0.03912444
555	T	0.171	-0.01566596
556	T	-0.122	-0.02096096
557	G	0.154	-0.003732884
558	G	-0.180	-0.01167072
559	A	-0.022	-0.0120314
560	G	0.512	-0.006193044
561	G	0.061	0.005277012
562	A	-0.204	0.008240092
563	T	0.215	0.03662861
564	T	-0.295	0.05471174
565	G	-0.018	0.05349334
566	G	0.199	0.02201438
567	G	0.430	0.02308198
568	T	0.228	0.01202506
569	G	0.415	0.0285133
570	G	-0.384	0.006163496
571	G	-0.166	0.02396474
572	A	-0.146	0.04310694
573	A	-0.019	0.01756602
574	A	-0.308	0.02134553
575	G	0.336	0.04638193
576	T	-0.046	0.04428645
577	G	0.234	0.07296809
578	A	-0.382	0.0846783
579	T	-0.085	0.05887366
580	T	-0.104	0.0224451
581	T	0.290	0.01987626
582	G	-0.404	0.002727612
583	T	0.264	0.02684121
584	G	0.455	0.02498053
585	G	-0.125	0.04917497
586	T	0.155	0.06754824
587	T	0.421	0.09630852
588	C	0.163	0.09792408
589	T	0.421	0.1051756
590	C	0.274	0.08348783
591	G	-0.445	0.08730103
592	A	-0.480	0.07975267
593	G	0.164	0.07607715
594	T	-0.012	0.04847267
595	G	0.217	0.07066383
596	A	-0.212	0.06573627
597	G	0.458	0.06668959
598	G	0.440	0.06621483
599	G	0.410	0.04453679
600	T	0.376	0.03928531
601	T	0.134	0.01564055
602	G	-0.308	0.008230832
603	A	-0.287	0.01442871
604	A	-0.274	0.04028019
605	T	-0.196	0.05993259
606	T	-0.400	0.04309531
607	A	0.150	0.05166636
608	T	0.141	0.06029572
609	C	0.479	0.08610748
610	A	-0.137	0.08244568
611	A	-0.385	0.0795556
612	C	0.290	0.07097784
613	A	-0.427	0.06396768
614	G	0.236	0.0438542
615	G	0.429	0.04009848
616	C	0.200	0.04276208
617	A	0.010	0.06802504
618	T	-0.256	0.08405772
619	G	0.201	0.1048168
620	C	0.433	0.1187338
621	C	0.432	0.1264232
622	T	0.367	0.1260107
623	C	0.367	0.1370787
624	G	0.196	0.1589829
625	G	0.201	0.1306041
626	A	-0.368	0.1298801
627	G	-0.402	0.1080611
628	A	-0.220	0.09601808
629	T	0.357	0.0769602
630	C	0.204	0.07800709
631	T	0.118	0.07396933
632	C	0.498	0.07770405
633	G	0.333	0.07791249
634	T	0.469	0.07150429
635	T	0.139	0.06845633
636	T	0.161	0.06605517
637	T	-0.419	0.06716661
638	G	-0.445	0.06980741
639	A	-0.308	0.1018358
640	T	0.128	0.1368476
641	A	-0.275	0.1662164
642	G	0.037	0.1549722
643	G	-0.357	0.1631977
644	C	0.294	0.153621
645	C	0.438	0.1275994
646	A	0.272	0.1279797
647	C	0.291	0.1248106
648	C	0.307	0.1374707
649	T	0.223	0.1492351
650	G	0.267	0.1665523
651	C	0.432	0.1796371
652	C	0.473	0.1795919
653	T	0.513	0.1680672
654	G	0.075	0.1741788
655	T	0.409	0.1894207
656	C	-0.120	0.2084501
657	A	-0.151	0.2169325
658	T	0.342	0.200306
659	C	0.390	0.1740815
660	C	0.455	0.1446793
661	C	0.455	0.1201249
662	T	0.013	0.100058
663	T	-0.118	0.07339051
664	T	-0.310	0.06153335
665	G	-0.159	0.05517207
666	A	-0.122	0.02938923
667	T	0.418	0.04301697
668	C	0.118	0.04065853
669	C	0.506	0.04328274
670	T	0.023	0.04537392
671	A	-0.383	0.03116166
672	A	-0.444	0.02651482
673	T	-0.306	0.007529432
674	G	-0.277	-0.006187928
675	A	-0.399	-0.01440376
676	T	0.135	-0.01572976
677	A	0.314	-0.004382312
678	G	-0.130	0.004041336
679	A	0.416	0.02632858
680	T	0.350	0.0185159
681	G	-0.054	0.01039816
682	C	-0.099	-0.000333196
683	T	-0.012	-0.003015912
684	A	0.273	0.002065488
685	T	-0.018	0.009693328
686	G	0.112	0.02854405
687	A	-0.191	0.04978577
688	G	-0.151	0.07277677
689	T	-0.026	0.06046429
690	G	0.050	0.04173173
691	T	0.434	0.04697125
692	G	0.222	0.0299044
693	G	-0.084	-0.00191032
694	T	0.238	-0.01350104
695	G	-0.043	-0.02571427
696	A	-0.256	-0.03023516
697	A	-0.253	-0.0348048
698	C	0.165	-0.02522906
699	A	0.253	-0.01137274
700	G	0.175	0.00147878
701	G	-0.171	0.007962124
702	G	-0.154	-0.01256476
703	A	0	-0.02674089
 704	C	-0.010	-0.05353185
705	A	-0.444	-0.05633393
706	T	-0.344	-0.04444896
707	T	-0.405	-0.06441172
708	A	-0.125	-0.05571206
709	T	0.159	-0.04480514
710	G	0.220	-0.03036754
711	C	0.459	-0.04133406
712	T	0.129	-0.04384122
713	T	0.010	-0.03334146
714	A	-0.539	-0.01018706
715	T	-0.303	0.01384778
716	G	-0.235	0.0327983
717	A	0.152	0.02421347
718	C	0.212	0.03430227
719	T	-0.260	0.03146695
720	A	0.173	0.05566363
721	T	0.016	0.07689367
722	C	0.107	0.08425931
723	A	-0.108	0.05814783
724	T	0.190	0.05144887
725	C	0.437	0.04851596
726	G	0.406	0.02975582
727	C	0.446	0.04218522
728	T	0.473	0.03603114
729	G	-0.224	0.0261395
730	T	-0.192	0.002415856
731	A	-0.415	-0.01055426
732	G	0.199	-0.007722904
733	C	0.405	0.000724856
734	C	0.343	0.01041945
735	G	-0.432	0.01650549
736	A	0.291	0.03254601
737	C	0.056	0.03293545
738	G	-0.458	0.02482325
739	A	-0.228	0.02027261
740	A	-0.457	0.01908817
741	G	-0.482	-0.01532135
742	A	-0.440	-0.01095579
743	A	-0.111	0.01457001
744	G	-0.189	0.03996409
745	C	0.384	0.04163185
746	A	0.258	0.008767608
747	G	0.259	-0.01953735
748	G	0.292	-0.01091891
749	T	0.200	-0.02005161
750	C	0.235	-0.01288006
751	A	0.293	0.001835212
752	C	0.417	0.006314212
753	G	-0.386	0.007176812
754	A	-0.115	0.02060653
755	T	0.445	0.03437558
756	C	0.219	0.05376938
757	T	0.241	0.07374622
758	A	-0.416	0.07728486
759	G	-0.363	0.07344922
760	A	-0.216	0.06820694
761	T	0.063	0.05960546
762	C	0.235	0.0590295
763	A	-0.091	0.05451422
764	C	-0.116	0.03559022
765	A	-0.435	0.01285286
766	T	-0.146	0.02096314
767	T	-0.096	0.0364439
768	C	0.373	0.01518597
769	C	0.309	-0.008460188
770	G	0.473	-0.01358291
771	G	0.162	0.00638174
772	A	0.128	0.03796486
773	T	0.076	0.0552553
774	C	0.185	0.05758064
775	C	0.122	0.03065444
776	A	-0.179	0.01479333
777	A	-0.151	0.01081861
778	G	-0.183	0.03670777
779	G	0.271	0.05159301
780	G	-0.085	0.0745426
781	A	-0.371	0.0723512
782	A	0.113	0.04817544
783	G	0.082	0.00973664
784	G	0.425	0.02079752
785	C	0.215	0.03682916
786	G	0.121	0.05042176
787	A	-0.437	0.05736736
788	T	-0.487	0.0703062
789	A	-0.216	0.09070832
790	C	0.211	0.1086423
791	T	0.225	0.115991
792	C	0.477	0.11026
793	T	0.318	0.1273681
794	T	-0.294	0.1401684
795	A	-0.487	0.128464
796	C	0.439	0.1286727
797	T	0.529	0.1205082
798	C	0.416	0.1238468
799	A	0.359	0.1294391
800	C	0.445	0.1570085
801	G	0.330	0.1852963
802	C	0.297	0.2085118
803	A	0	0.2143211
 804	G	0.128	0.1861055
805	C	0.341	0.1457555
806	A	-0.051	0.1167599
807	G	-0.179	0.1225491
808	G	0.087	0.143763
809	A	0.221	0.1300696
810	G	0.298	0.1158538
811	C	0.261	0.09333019
812	T	0.251	0.09222231
813	G	0.219	0.07536578
814	C	0.364	0.0680007
815	G	0.356	0.03829302
816	G	-0.480	0.02318626
817	A	-0.531	0.02598778
818	A	-0.406	0.02191822
819	G	-0.149	0.04390527
820	G	0.042	0.03883627
821	A	0.097	0.03616304
822	G	0.174	0.02975351
823	G	-0.146	0.01536634
824	T	0.331	0.01029918
825	C	0.024	0.01378446
826	A	0.145	0.01906674
827	A	-0.445	0.0202831
828	G	-0.377	0.01907346
829	A	0.198	0.04783674
830	T	0.240	0.07005001
831	C	0.497	0.08123473
832	A	-0.305	0.08245333
833	A	0.021	0.09832174
834	C	0.061	0.0788881
835	A	-0.060	0.0601355
836	T	0.134	0.08408674
837	C	0.338	0.0895831
838	T	0.351	0.08361074
839	C	0.394	0.07076554
840	C	0.326	0.08926904
841	T	0.238	0.1106454
842	C	0.024	0.1160077
843	T	-0.126	0.1239588
844	A	-0.119	0.1129615
845	T	0.439	0.1342239
846	G	-0.388	0.1274709
847	A	-0.294	0.1386965
848	T	0.452	0.1598641
849	C	0.469	0.1645938
850	A	-0.125	0.1654416
851	A	-0.175	0.1671652
852	G	0.016	0.1600122
853	G	0.156	0.1539884
854	T	0.332	0.1589466
855	C	0.439	0.1742838
856	T	0.222	0.1948986
857	G	0.225	0.1926595
858	T	-0.147	0.1626889
859	G	0.342	0.1916024
860	T	0.468	0.2185041
861	C	0.252	0.1980921
862	T	0.359	0.1676189
863	C	0.394	0.1555961
864	T	0.215	0.1475865
865	T	0.175	0.1420325
866	C	0.362	0.1539123
867	C	0.407	0.1385621
868	T	0.388	0.1017334
869	A	-0.175	0.09738613
870	G	-0.309	0.08540954
871	T	0.334	0.1038183
872	T	0.377	0.09719478
873	C	-0.057	0.09242526
874	A	-0.292	0.1028166
875	A	-0.425	0.1064723
876	G	-0.375	0.1083368
877	A	-0.121	0.1072012
878	T	0.453	0.1063544
879	C	-0.051	0.0822947
880	A	-0.481	0.05727054
881	A	0.114	0.03245726
882	C	-0.073	0.0219285
883	T	0.312	0.02745354
884	T	0.176	0.0284083
885	C	0.349	0.0182559
886	A	0.512	0.01034996
887	C	0.451	0.0054094
888	T	0.441	0.02775196
889	C	0.187	0.04853616
890	A	0.154	0.06448368
891	G	-0.238	0.06541184
892	A	-0.218	0.08559438
893	A	-0.231	0.1118136
894	G	-0.438	0.1048308
895	A	-0.171	0.115323
896	T	0.357	0.1220461
897	C	0.124	0.1131958
898	T	-0.255	0.1164538
899	A	-0.416	0.08576054
900	A	0.132	0.05151434
901	G	0.144	0.01501674
902	T	0.276	-0.01205718
903	C	0.476	-0.01740389
904	T	0.453	-0.01110173
905	G	0.173	-0.01790829
906	T	-0.060	-0.01439557
907	T	0.188	-0.000735944
908	T	0.480	0.01498094
909	C	-0.044	0.01303422
910	T	0.430	0.008073296
911	A	-0.254	0.003931216
912	T	-0.404	0.003359616
913	A	-0.471	-0.00591986
914	A	-0.489	-0.00423882
915	T	0.021	-0.00081006
916	A	-0.080	-0.00261534
917	G	-0.388	-0.00341418
918	G	-0.144	-0.0004567
919	A	-0.097	-0.00052348
920	T	0.221	-0.02966472
921	C	0.309	-0.05106755
922	G	0	-0.06522623
 923	A	-0.359	-0.07262563
924	G	-0.430	-0.04879211
925	A	-0.099	-0.02168455
926	T	0.186	0.01009641
927	C	0.362	0.01143153
928	C	0.431	-0.006241728
929	C	0.433	-0.008921644
930	A	0.247	0.02093772
931	C	-0.062	0.0144256
932	A	-0.539	0.01176157
933	A	-0.054	-0.01221763
934	G	-0.398	-0.03814339
935	G	0.245	-0.05722615
936	T	0.341	-0.03212231
937	C	0.272	0.004430048
938	G	0.323	0.01795364
939	A	-0.456	0.008711252
940	G	-0.420	0.001192132
941	A	-0.147	-0.008388868
942	T	0.358	-0.01514283
943	C	-0.306	-0.006318628
944	A	-0.163	-0.000175556
945	A	-0.378	0.0120658
946	G	-0.338	0.0173571
947	A	-0.477	0.04440514
948	T	0.268	0.04694334
949	C	0.483	0.0518685
950	T	0.238	0.05467106
951	A	-0.044	0.0568723
952	G	0.174	0.0637939
953	G	0.192	0.08261529
954	T	0.264	0.104915
955	C	0.468	0.1057253
956	T	0.091	0.1238966
957	A	-0.233	0.1141259
958	T	0.077	0.1212809
959	T	0.277	0.113376
960	T	0.309	0.1109047
961	C	0.464	0.1106601
962	A	0.342	0.1082233
963	T	0.378	0.1153138
964	G	-0.283	0.1219465
965	A	0.049	0.1242606
966	C	0.409	0.1134194
967	C	0.378	0.08654318
968	A	0.147	0.05489622
969	A	-0.407	0.05874863
970	G	-0.199	0.05122647
971	A	-0.536	0.03510072
972	A	-0.538	0.006917964
973	G	0.262	-0.02334588
974	C	0.422	-0.05905328
975	T	0.416	-0.05510412
976	G	0.120	-0.0529146
977	C	0.232	-0.02361504
978	C	-0.078	-0.02645601
979	A	-0.407	-0.06192509
980	A	-0.322	-0.07442915
981	T	0.187	-0.07168811
982	C	-0.421	-0.03792039
983	A	-0.325	-0.01470751
984	A	-0.427	0.02523457
985	A	-0.447	0.06032841
986	A	-0.428	0.06143689
987	T	0.441	0.06297789
988	C	0.433	0.03627437
989	C	0.449	0.04386541
990	A	-0.021	0.05329589
991	G	-0.477	0.07339104
992	A	0.065	0.105107
993	T	0.215	0.101083
994	C	0.436	0.0805936
995	T	0.380	0.08230336
996	C	0.462	0.08990244
997	C	0.338	0.09202832
998	A	0.290	0.09126764
999	T	0.461	0.1041766
1000	C	-0.251	0.07162744
1001	T	0.310	0.04894488
1002	C	0.468	0.0448602
1003	C	0.423	0.0395187
1004	T	0.385	0.07622878
1005	A	-0.423	0.06873968
1006	G	-0.324	0.06774096
1007	A	-0.379	0.06727752
1008	A	-0.135	0.06101388
1009	G	-0.373	0.03614536
1010	A	-0.466	0.02594794
1011	A	-0.105	0.005900824
1012	G	-0.372	-0.03247402
1013	T	-0.133	-0.02577854
1014	C	0.347	-0.02792474
1015	A	-0.154	-0.06429542
1016	T	0.440	-0.09686302
1017	T	-0.121	-0.130677
1018	C	0.190	-0.1137395
1019	C	0.424	-0.08709846
1020	C	0.224	-0.05386298
1021	C	-0.159	-0.03179154
1022	A	0.083	-0.02196278
1023	T	-0.210	0.0104949
1024	C	-0.498	0.001095576
1025	A	-0.083	0.004262056
1026	G	0.257	0.01263361
1027	G	-0.441	-0.009866268
1028	A	-0.390	-0.000195388
1029	A	-0.460	-0.01415724
1030	G	0	0.001404716
 1031	T	0.341	-0.004874812
1032	C	0.451	-0.03306401
1033	C	0.416	-0.05733249
1034	A	-0.128	-0.05948785
1035	C	0.344	-0.06949824
1036	A	-0.340	-0.0673278
1037	T	-0.293	-0.0367436
1038	A	0.075	-0.01590083
1039	G	-0.215	-0.008925908
1040	G	0.086	-0.001770828
1041	A	0.091	-0.003963228
1042	G	0.267	-0.005403868
1043	T	0.033	-0.02561503
1044	G	-0.280	-0.05078215
1045	C	-0.382	-0.08474719
1046	A	-0.213	-0.1165591
1047	A	-0.166	-0.1215823
1048	G	-0.156	-0.1334901
1049	T	0.266	-0.1225149
1050	C	0.437	-0.1027236
1051	C	0.431	-0.09516297
1052	A	-0.262	-0.06816457
1053	G	-0.445	-0.06786732
1054	A	-0.496	-0.06128506
1055	A	-0.505	-0.08011638
1056	A	-0.287	-0.0963691
1057	G	-0.397	-0.1051512
1058	A	-0.378	-0.08203082
1059	A	-0.253	-0.06199882
1060	T	0.047	-0.04545902
1061	G	-0.066	-0.02637386
1062	G	0.201	-0.02885914
1063	A	0.264	-0.05356342
1064	C	0.459	-0.08857846
1065	T	0.094	-0.09635118
1066	G	0.256	-0.06543462
1067	A	-0.203	-0.03133442
1068	A	-0.372	-0.008787852
1069	G	-0.499	-0.000210948
1070	T	0.195	0.03038989
1071	T	0.287	0.05846753
1072	C	0.246	0.05967297
1073	T	0.320	0.06550022
1074	C	0.204	0.06581902
1075	A	-0.180	0.03668286
1076	A	-0.443	0.01083566
1077	G	-0.456	-0.02795154
1078	T	0.327	-0.04187607
1079	T	0.356	-0.05383122
1080	C	0.058	-0.0589281
1081	A	-0.073	-0.05972518
1082	C	0.367	-0.0533093
1083	C	0.323	-0.07073558
1084	C	-0.223	-0.06486242
1085	G	0.192	-0.06457982
1086	T	-0.058	-0.08240118
1087	T	-0.526	-0.07897766
1088	A	-0.381	-0.08783138
1089	G	-0.509	-0.06100154
1090	G	-0.253	-0.04509788
1091	A	-0.042	-0.0509788
1092	A	-0.330	-0.06897604
1093	A	-0.392	-0.07131145
1094	A	-0.339	-0.06370355
1095	A	-0.240	-0.08528951
1096	G	0.434	-0.1048506
1097	T	0.253	-0.09322167
1098	T	-0.125	-0.103305
1099	T	0.289	-0.1055165
1100	T	-0.401	-0.07980278
1101	T	0.226	-0.06320636
1102	A	-0.058	-0.02154004
1103	T	0.180	-0.02341916
1104	T	-0.093	-0.04057442
1105	T	0	-0.04036278
 1106	T	0.117	-0.04171134
1107	T	-0.172	-0.02625282
1108	T	-0.165	-0.01974042
1109	T	0.067	-0.03310282
1110	T	-0.059	-0.05375586
1111	T	-0.113	-0.06531098
1112	T	0.116	-0.09453698
1113	G	0.033	-0.09621518
1114	T	0.531	-0.1262325
1115	T	-0.300	-0.1407645
1116	T	-0.471	-0.1523085
1117	A	-0.325	-0.1377416
1118	A	-0.426	-0.153423
1119	A	0.047	-0.1560142
1120	T	-0.077	-0.1482794
1121	T	0.100	-0.1527858
1122	A	-0.262	-0.1628159
1123	T	-0.414	-0.1774962
1124	T	-0.440	-0.1774315
1125	A	-0.443	-0.1610513
1126	T	-0.523	-0.1717852
1127	A	-0.422	-0.1998137
1128	A	-0.108	-0.189049
1129	G	0.270	-0.155317
1130	G	-0.392	-0.1242269
1131	G	0.052	-0.08929936
1132	A	0.021	-0.07168273
1133	T	-0.278	-0.06629334
1134	T	-0.183	-0.07305116
1135	T	-0.426	-0.08298608
1136	G	-0.111	-0.0786276
1137	T	0.525	-0.05795512
1138	T	-0.235	-0.04963548
1139	A	-0.168	-0.0377964
1140	C	-0.031	-0.02981876
1141	G	0.371	-0.03614864
1142	T	0.452	-0.05727968
1143	C	0.447	-0.0278954
1144	T	0.487	-0.01355034
1145	G	0.057	-0.006075116
1146	T	-0.068	0.013307
1147	A	-0.510	0.006866124
1148	A	-0.305	0.01944376
1149	G	0.075	0.006518044
1150	T	-0.235	-0.01873416
1151	G	-0.227	-0.01827556
1152	T	-0.222	-0.02463352
1153	A	-0.266	-0.005616712
1154	A	-0.257	-0.000891392
1155	C	0.342	-0.02917879
1156	C	0.410	-0.05796699
1157	T	0.208	-0.09092715
1158	A	0.205	-0.1034829
1159	G	-0.344	-0.1194638
1160	G	-0.111	-0.10477
1161	A	-0.435	-0.0758734
1162	A	-0.105	-0.06235552
1163	G	-0.223	-0.03539964
1164	G	-0.327	-0.00800724
1165	A	0.443	0.0079486
1166	T	0.489	0.02543352
1167	C	-0.255	0.02011056
1168	A	-0.272	-0.0087366
1169	A	-0.336	-0.02006924
1170	C	-0.256	-0.03233813
1171	A	-0.468	-0.05648925
1172	A	-0.143	-0.05917565
1173	C	0.417	-0.07596193
1174	C	0.413	-0.06513485
1175	A	0.438	-0.06139328
1176	T	0.457	-0.06750372
1177	C	0.176	-0.05144742
1178	T	0.170	-0.06786746
1179	A	-0.390	-0.07680174
1180	A	-0.378	-0.05386498
1181	T	0.127	-0.03915338
1182	C	-0.098	-0.01480314
1183	A	-0.397	-0.004546744
1184	A	-0.411	0.02917334
1185	A	-0.531	0.02769506
1186	A	-0.164	0.00949714
1187	T	-0.012	-0.02535978
1188	G	-0.376	-0.05464154
1189	G	0.073	-0.08759986
1190	A	0.033	-0.1061659
1191	T	0.266	-0.1113644
1192	C	0.318	-0.09028757
1193	T	0.095	-0.05693281
1194	G	0.272	-0.05844081
1195	G	0	-0.05577475
 1196	A	0.374	-0.04375802
1197	T	-0.180	-0.0253316
1198	T	-0.037	-0.020613
1199	A	-0.457	-0.03207148
1200	T	-0.293	-0.04877644
1201	T	-0.366	-0.03466699
1202	A	-0.288	-0.02395617
1203	T	0.040	-0.008019896
1204	T	0.136	-0.02033564
1205	C	0.455	-0.04051228
1206	T	0.089	-0.04679321
1207	G	-0.031	-0.0596134
1208	C	-0.097	-0.04336844
1209	A	0.048	-0.05890339
1210	A	-0.413	-0.05168519
1211	A	-0.450	-0.0452876
1212	A	-0.429	-0.04231052
1213	T	-0.023	-0.05011952
1214	T	0.341	-0.0534516
1215	C	0.431	-0.02315124
1216	A	-0.041	-0.03007861
1217	C	-0.186	-0.04620421
1218	A	-0.061	-0.04520673
1219	G	-0.048	-0.05368777
1220	C	0.406	-0.07014346
1221	G	-0.013	-0.07840715
1222	G	0	-0.09253921
 1223	C	0.122	-0.06059833
1224	A	-0.383	-0.02420469
1225	A	-0.489	0.008852552
1226	A	-0.450	0.0280099
1227	T	0.469	-0.003142424
1228	G	-0.132	-0.0389203
1229	T	-0.266	-0.0523484
1230	T	0.480	-0.04741674
1231	A	-0.122	-0.04236875
1232	T	-0.443	-0.0508182
1233	T	-0.304	-0.08305596
1234	T	-0.304	-0.06321441
1235	T	0.385	-0.07843753
1236	T	0.458	-0.09785857
1237	C	0.396	-0.1020068
1238	T	0.455	-0.09497637
1239	T	-0.437	-0.07190485
1240	G	-0.462	-0.1093779
1241	A	-0.377	-0.1004113
1242	A	-0.062	-0.08271634
1243	A	0.064	-0.09132702
1244	G	-0.259	-0.1013714
1245	T	-0.399	-0.08873538
1246	A	0.482	-0.0877665
1247	T	-0.380	-0.0869521
1248	T	-0.363	-0.1125551
1249	A	-0.486	-0.1164251
1250	A	-0.313	-0.1152241
1251	C	0.126	-0.144707
1252	A	-0.467	-0.143237
1253	T	0.091	-0.1321462
1254	C	0.175	-0.1330556
1255	T	0.264	-0.1473754
1256	T	-0.373	-0.1658955
1257	A	-0.127	-0.1593148
1258	T	-0.279	-0.1419539
1259	G	-0.284	-0.1681961
1260	A	-0.255	-0.1344054
1261	T	0.362	-0.1043848
1262	C	0.426	-0.09165324
1263	T	-0.281	-0.0588214
1264	G	-0.400	-0.0546996
1265	A	-0.185	-0.02748648
1266	A	-0.399	-0.03814691
1267	A	-0.420	-0.03536011
1268	A	-0.398	-0.05589043
1269	T	-0.094	-0.06116547
1270	G	0.034	-0.07398243
1271	T	-0.173	-0.07927163
1272	G	0.464	-0.06045339
1273	G	0.387	-0.05436367
1274	G	-0.168	-0.05189943
1275	T	0.507	-0.06566194
1276	T	0.229	-0.0384077
1277	T	0.212	-0.004141584
1278	T	-0.174	-0.01040742
1279	T	0.245	0.007111316
1280	A	-0.248	0.004263236
1281	T	-0.505	0.003252356
1282	T	-0.447	-0.006337736
1283	T	-0.412	-0.02567945
1284	G	0.186	-0.03476569
1285	A	-0.102	-0.06966761
1286	C	0.423	-0.1022648
1287	A	0.082	-0.1159176
1288	C	0.399	-0.156492
1289	A	0.455	-0.1777993
1290	T	-0.342	-0.1959773
1291	T	0.037	-0.1701824
1292	T	-0.491	-0.1793319
1293	A	-0.423	-0.1588715
1294	A	-0.334	-0.1187344
1295	A	-0.449	-0.08530543
1296	T	-0.400	-0.08884555
1297	A	-0.408	-0.08260983
1298	A	-0.427	-0.07545871
1299	A	-0.509	-0.09799479
1300	A	-0.506	-0.1013031
1301	T	-0.302	-0.1150259
1302	G	-0.241	-0.1436006
1303	T	0.470	-0.1429131
1304	T	0.016	-0.1619057
1305	T	0.263	-0.161228
1306	C	0.498	-0.162776
1307	T	0.387	-0.166989
1308	A	-0.500	-0.1649915
1309	A	0.342	-0.1584261
1310	C	0.075	-0.1254419
1311	T	-0.139	-0.1035871
1312	A	0	-0.06981932
 1313	G	0.056	-0.06994856
1314	G	-0.258	-0.05025072
1315	A	-0.324	-0.02590696
1316	A	-0.436	-0.02517268
1317	A	-0.475	-0.04280175
1318	A	-0.462	-0.05502779
1319	A	-0.439	-0.09287927
1320	A	-0.399	-0.1242727
1321	A	-0.236	-0.1138248
1322	C	0.416	-0.1427876
1323	C	0.118	-0.1563573
1324	A	0.334	-0.1687249
1325	T	-0.510	-0.1635112
1326	T	0.189	-0.1790634
1327	C	0.367	-0.1687245
1328	C	0.488	-0.1749616
1329	A	-0.424	-0.1692799
1330	T	-0.042	-0.1461115
1331	T	-0.447	-0.1174657
1332	A	-0.396	-0.08296176
1333	T	-0.239	-0.06379652
1334	A	-0.381	-0.05656815
1335	G	-0.263	-0.09109279
1336	A	-0.448	-0.1168267
1337	A	0.130	-0.1443821
1338	G	-0.332	-0.1330249
1339	G	0	-0.1485779
 1340	A	-0.480	-0.1764817
1341	A	-0.294	-0.1793036
1342	G	0.104	-0.1513019
1343	C	0.253	-0.1322918
1344	T	0.422	-0.1165305
1345	T	0.079	-0.1135867
1346	T	-0.056	-0.1158053
1347	T	-0.446	-0.1064174
1348	T	-0.524	-0.1005383
1349	A	-0.354	-0.081804
1350	A	-0.226	-0.06967936
1351	G	-0.199	-0.03754496
1352	A	-0.330	-0.01699204
1353	C	0.417	0.001543248
1354	T	0.275	0.000125328
1355	C	0.432	-0.02599427
1356	A	-0.053	-0.05132071
1357	A	-0.323	-0.07234495
1358	G	-0.294	-0.06764224
1359	A	-0.147	-0.06767683
1360	T	-0.116	-0.03095399
1361	G	0.019	-0.01805575
1362	T	0.433	-0.02109283
1363	T	0.471	-0.02625975
1364	C	0.513	-0.03546907
1365	T	-0.017	-0.04061723
1366	T	-0.330	-0.04466851
1367	A	-0.548	-0.05487046
1368	A	-0.379	-0.0789579
1369	G	-0.102	-0.08101738
1370	G	0.197	-0.08691918
1371	G	-0.056	-0.09101586
1372	A	0.471	-0.07078226
1373	G	-0.202	-0.04774722
1374	A	-0.430	-0.03133809
1375	T	-0.355	-0.0479886
1376	A	-0.429	-0.07538704
1377	A	-0.459	-0.114706
1378	T	0.316	-0.1329836
1379	C	0.020	-0.1389668
1380	A	-0.169	-0.133526
1381	A	-0.105	-0.1360726
1382	G	-0.470	-0.1477467
1383	A	-0.397	-0.1755387
1384	T	0.358	-0.1924555
1385	T	0.459	-0.2277543
1386	C	0.429	-0.237206
1387	A	0.017	-0.2222085
1388	G	-0.213	-0.21475
1389	G	-0.469	-0.2133241
1390	A	-0.474	-0.2124155
1391	A	-0.479	-0.242791
1392	A	-0.412	-0.263229
1393	G	-0.443	-0.2744112
1394	A	-0.394	-0.2891615
1395	A	-0.497	-0.2880272
1396	A	-0.479	-0.2859364
1397	T	-0.411	-0.2919537
1398	A	-0.438	-0.3000671
1399	A	-0.055	-0.2964383
1400	C	-0.168	-0.279078
1401	A	-0.393	-0.2548062
1402	T	-0.436	-0.2243936
1403	A	-0.442	-0.2201507
1404	A	-0.490	-0.2119192
1405	A	-0.448	-0.2157817
1406	A	-0.474	-0.2164116
1407	A	-0.442	-0.2181934
1408	A	-0.344	-0.1882699
1409	A	0.208	-0.1537433
1410	C	0.256	-0.1189293
1411	C	0.520	-0.09530424
1412	T	0.451	-0.1104231
1413	T	0.392	-0.1211868
1414	C	0.291	-0.118941
1415	A	-0.368	-0.1207253
1416	G	-0.274	-0.1217817
1417	A	-0.509	-0.08423872
1418	A	-0.458	-0.08059292
1419	G	-0.439	-0.06915004
1420	T	0.250	-0.05026344
1421	T	0.383	-0.0339943
1422	C	0.459	-0.04739934
1423	C	0.152	-0.06756982
1424	T	-0.433	-0.1016555
1425	A	-0.438	-0.1342797
1426	A	-0.337	-0.1418767
1427	A	-0.481	-0.1551348
1428	A	-0.469	-0.1237745
1429	C	0.448	-0.09865182
1430	T	-0.357	-0.06276142
1431	G	-0.188	-0.06540774
1432	A	0.029	-0.04683766
1433	C	0.061	-0.05211442
1434	T	-0.126	-0.05427538
1435	A	-0.247	-0.06077006
1436	G	-0.331	-0.06286958
1437	A	-0.364	-0.03849954
1438	T	0.202	-0.004577736
1439	T	-0.040	0.005497496
1440	C	0.415	0.04268394
1441	C	0.354	0.04524454
1442	T	0.387	0.02901127
1443	G	-0.525	0.04332371
1444	A	0.024	0.04676247
1445	G	0.118	0.06218331
1446	G	0.329	0.0728184
1447	T	0.296	0.09486928
1448	T	0.099	0.1219182
1449	C	0.175	0.148677
1450	T	0.409	0.1677328
1451	T	-0.085	0.1412697
1452	C	0.448	0.1338566
1453	A	-0.405	0.1219114
1454	T	0.042	0.1004812
1455	T	0	0.07493633
 1456	G	-0.102	0.08101961
1457	C	0.415	0.06128161
1458	C	0.327	0.04038457
1459	C	0.424	0.008823728
1460	A	0.428	-0.01425815
1461	G	0.337	-0.005667036
1462	G	0.111	-0.02341344
1463	A	-0.458	-0.0512244
1464	A	-0.225	-0.05916067
1465	T	0.117	-0.07946878
1466	G	-0.181	-0.07058502
1467	T	-0.250	-0.08028523
1468	A	-0.373	-0.08637755
1469	T	-0.468	-0.07648615
1470	A	-0.403	-0.07489647
1471	A	-0.459	-0.07156975
1472	A	-0.280	-0.07942195
1473	C	0.314	-0.08166139
1474	A	-0.267	-0.08023991
1475	G	-0.285	-0.07004027
1476	T	-0.284	-0.04302591
1477	A	-0.059	-0.0359133
1478	A	-0.182	-0.02773966
1479	G	-0.200	-8.2304e-05
1480	T	-0.152	0.02756066
1481	T	0.145	0.06010362
1482	C	0.454	0.09104274
1483	T	0.410	0.09667798
1484	G	0.228	0.1094109
1485	C	0.372	0.1085512
1486	T	0.372	0.1088212
1487	G	0.366	0.115868
1488	G	0.216	0.134529
1489	A	-0.047	0.1547985
1490	C	0.321	0.1751242
1491	T	0.509	0.1906866
1492	C	0.440	0.1863935
1493	T	0.440	0.1744802
1494	C	0.304	0.1672516
1495	A	-0.262	0.1557758
1496	G	-0.141	0.1498792
1497	A	-0.301	0.1465887
1498	C	0.321	0.1475571
1499	C	-0.091	0.1485294
1500	A	0.181	0.1492957
1501	G	0.222	0.1416898
1502	C	0.448	0.1249708
1503	T	0.206	0.09798751
1504	G	-0.307	0.05931191
1505	A	-0.450	0.02078587
1506	G	-0.035	-0.006056448
1507	C	0.168	-0.03565365
1508	T	0.263	-0.01234017
1509	T	0.145	0.001821912
1510	C	0.396	0.012973
1511	C	0.397	-0.01676244
1512	C	0.386	-0.007962052
1513	T	0.026	-0.02804453
1514	G	-0.465	-0.03984274
1515	A	-0.353	-0.04601194
1516	A	-0.457	-0.04932194
1517	A	-0.522	-0.04162862
1518	A	-0.230	-0.0444387
1519	G	-0.434	-0.04165747
1520	C	0.319	-0.04307407
1521	T	0.212	-0.06681323
1522	A	-0.023	-0.08591835
1523	G	-0.422	-0.1186926
1524	T	0.128	-0.1548016
1525	T	-0.320	-0.1883398
1526	T	-0.072	-0.1984981
1527	C	0.294	-0.1666819
1528	C	0.123	-0.1365068
1529	A	-0.115	-0.1014321
1530	A	-0.520	-0.08548982
1531	T	0.033	-0.05745214
1532	C	0.132	-0.0444275
1533	A	-0.330	-0.05813948
1534	A	-0.331	-0.05974568
1535	T	-0.422	-0.0768003
1536	T	-0.505	-0.07349514
1537	A	-0.452	-0.0940821
1538	A	-0.227	-0.07941773
1539	G	0.329	-0.0571478
1540	C	0.401	-0.05461492
1541	T	0.419	-0.06312289
1542	G	-0.124	-0.07080857
1543	T	0.470	-0.06894185
1544	C	-0.109	-0.08514835
1545	A	-0.022	-0.09699251
1546	A	0.172	-0.09543723
1547	T	-0.449	-0.07444675
1548	A	-0.339	-0.05831597
1549	A	-0.386	-0.04695881
1550	G	0.045	-0.04669473
1551	T	0.484	-0.02843393
1552	C	0.358	-0.03259253
1553	A	-0.089	-0.04749906
1554	T	-0.307	-0.05604962
1555	A	-0.473	-0.0569825
1556	T	-0.371	-0.0668871
1557	A	-0.163	-0.07007062
1558	A	-0.291	-0.07302635
1559	C	0.192	-0.09098511
1560	T	-0.019	-0.08830471
1561	G	-0.221	-0.08688927
1562	A	-0.445	-0.07688179
1563	G	0.229	-0.08659612
1564	C	0.225	-0.09868436
1565	T	0.028	-0.09527816
1566	G	0.205	-0.1047255
1567	T	-0.147	-0.08952244
1568	G	0.222	-0.075253
1569	A	-0.188	-0.0509344
1570	T	-0.096	-0.03760044
1571	T	-0.276	-0.01125616
1572	C	-0.382	-0.0144358
1573	A	-0.304	0.0004127
1574	T	-0.136	0.0215919
1575	A	-0.197	0.05645882
1576	C	0.182	0.0558013
1577	T	0.443	0.03777446
1578	A	-0.325	0.05395975
1579	G	0.072	0.03381879
1580	A	-0.116	0.03456727
1581	G	0.236	0.008127992
1582	T	0.169	-0.001050648
1583	G	0.367	-0.01268254
1584	G	0.113	-0.02071486
1585	A	0.352	0.0039799
1586	C	0.307	0.03180962
1587	T	0.425	0.04383002
1588	T	0.212	0.06611858
1589	T	-0.225	0.07697938
1590	T	0.433	0.07616382
1591	G	-0.297	0.07867982
1592	T	-0.128	0.09492008
1593	T	-0.438	0.1203066
1594	A	-0.418	0.1198308
1595	A	-0.387	0.1019135
1596	A	-0.477	0.1033926
1597	C	0.234	0.0777528
1598	T	0.391	0.05372936
1599	A	0.164	0.05844144
1600	G	0.360	0.05736544
1601	C	0.453	0.0649288
1602	T	0.422	0.08139936
1603	G	-0.262	0.06068272
1604	T	0.478	0.0889374
1605	C	0.517	0.09873148
1606	T	0.224	0.131073
1607	T	-0.278	0.1452077
1608	T	0.404	0.1531361
1609	G	-0.527	0.1775493
1610	A	-0.248	0.1719497
1611	G	0.425	0.1723061
1612	C	0.399	0.1791192
1613	T	0.401	0.1840886
1614	T	0.186	0.1776198
1615	G	-0.084	0.1558016
1616	T	0.408	0.1720708
1617	T	0.116	0.1385268
1618	C	0.370	0.1211992
1619	T	-0.065	0.1080822
1620	A	-0.189	0.1017428
1621	C	0.133	0.07304437
1622	T	0.094	0.08484961
1623	T	0.400	0.1105232
1624	C	0.334	0.1112204
1625	T	0.484	0.1127665
1626	G	0.291	0.1158636
1627	T	-0.122	0.1247279
1628	A	0.144	0.1451241
1629	G	-0.359	0.1447692
1630	G	0.084	0.1435251
1631	T	-0.103	0.1443251
1632	A	-0.436	0.1500829
1633	A	-0.313	0.1508461
1634	A	-0.232	0.1455259
1635	C	0.393	0.152756
1636	C	0.443	0.1544887
1637	C	0.437	0.1585477
1638	T	0.479	0.1579437
1639	C	0.408	0.1647594
1640	A	0.425	0.170571
1641	C	0.399	0.1590535
1642	C	0.084	0.1526051
1643	C	0.390	0.1347666
1644	A	0.078	0.1308143
1645	T	-0.170	0.1326488
1646	A	0	0.129609
 1647	C	0.275	0.1186492
1648	T	0.443	0.1016228
1649	C	0.436	0.09451191
1650	C	0.469	0.09576971
1651	C	0.462	0.08525635
1652	A	0.022	0.06330231
1653	C	-0.143	0.02973191
1654	A	-0.520	-0.002526848
1655	A	-0.361	-0.02358602
1656	G	-0.201	-0.05588166
1657	T	-0.390	-0.07799856
1658	A	-0.389	-0.08707504
1659	A	-0.506	-0.08609778
1660	C	-0.032	-0.09607659
1661	A	0.265	-0.1179529
1662	C	0.469	-0.1266157
1663	C	0.216	-0.1430772
1664	A	-0.140	-0.171031
1665	A	-0.414	-0.1753948
1666	T	-0.406	-0.1777572
1667	A	-0.441	-0.1411251
1668	A	-0.417	-0.1104721
1669	A	-0.474	-0.08975801
1670	A	-0.397	-0.09476777
1671	T	0.024	-0.06752081
1672	T	0.026	-0.05729161
1673	C	-0.103	-0.05599726
1674	A	0.219	-0.07315666
1675	C	0.057	-0.09192306
1676	T	-0.236	-0.08219042
1677	A	-0.086	-0.0684887
1678	G	-0.202	-
1679	T	0.394	-
1680	T	0.404	-
1681	C	0.316	-
1682	A	-0.515	-
1683	T	0.292	-
1684	C	-0.250	-
1685	A	0	-
 1686	A	-0.163	-
1687	G	0	-
 1688	C	0.459	-
1689	T	0.202	-
