1	A	0.181	-
2	G	0.210	-
3	C	0.412	-
4	C	0.152	-
5	A	-0.083	-
6	T	-0.538	-
7	A	-0.277	-
8	G	-0.046	-
9	G	-0.023	0.157137
10	C	0.453	0.1538091
11	G	0.427	0.1477775
12	G	-0.014	0.09991672
13	C	0.415	0.06362842
14	A	0.386	0.04997388
15	G	0.216	0.05426358
16	G	0.425	0.04759305
17	C	0.375	0.01896626
18	T	0.124	0.01341219
19	G	0.108	0.009502959
20	A	-0.400	-0.02586122
21	G	-0.464	-0.003295647
22	A	-0.315	-0.004319412
23	A	-0.465	-0.003431235
24	A	-0.391	-0.006320412
25	A	-0.532	-0.01888188
26	A	-0.118	-0.05064829
27	C	0.386	-0.04760353
28	A	-0.173	-0.07071288
29	G	0.368	-0.02282788
30	G	0.398	-0.02425982
31	C	0.401	-7.449412e-05
32	A	0.167	0.03969239
33	T	0.211	0.08104033
34	G	-0.164	0.08177233
35	A	0.176	0.05984039
36	G	-0.284	0.0492808
37	T	0.413	0.06254281
38	G	-0.489	0.06104316
39	A	0.095	0.04338253
40	C	0.210	-0.002493353
41	C	0.311	-0.03456606
42	A	-0.520	-0.073461
43	A	-0.490	-0.09342065
44	G	0.207	-0.1197403
45	G	0.051	-0.1195314
46	T	0.343	-0.1286838
47	G	0.097	-0.08035694
48	G	-0.378	-0.06778809
49	T	-0.377	-0.05283698
50	A	-0.449	-0.07468608
51	A	-0.504	-0.04965916
52	A	-0.271	-0.04924092
53	A	-0.281	-0.08892786
54	G	0.257	-0.1206592
55	C	0.332	-0.1685156
56	G	0.309	-0.202707
57	G	0.464	-0.2086461
58	T	-0.059	-0.2103648
59	T	-0.095	-0.2082464
60	T	-0.483	-0.2029134
61	A	-0.467	-0.2112756
62	A	-0.487	-0.2190553
63	A	-0.470	-0.2585245
64	A	-0.483	-0.3023971
65	A	-0.479	-0.3448909
66	A	-0.407	-0.3965259
67	A	-0.413	-0.4149308
68	A	-0.413	-0.4365182
69	A	-0.413	-0.4361069
70	A	-0.413	-0.4317716
71	A	-0.413	-0.4325087
72	A	-0.413	-0.3990385
73	A	-0.413	-0.3606241
74	A	-0.413	-0.3560594
75	A	-0.372	-0.3566112
76	A	-0.462	-0.3612963
77	A	-0.476	-0.3369792
78	A	-0.393	-0.2942391
79	A	-0.500	-0.2461701
80	A	0.098	-0.1955812
81	C	0.169	-0.1497537
82	A	-0.401	-0.1120117
83	G	-0.416	-0.06297878
84	A	-0.493	-0.02637289
85	A	0	0.01731111
 86	C	0.313	0.02663111
87	C	0.403	0.05457732
88	C	0.446	0.1092897
89	T	0.365	0.1281537
90	G	0.228	0.1411853
91	C	0.420	0.1780537
92	T	0.249	0.2185622
93	C	0.280	0.2732879
94	T	-0.318	0.2810646
95	G	0.081	0.2467492
96	C	0.430	0.2299148
97	C	0.419	0.1993012
98	T	0.391	0.2001895
99	G	0.224	0.2125679
100	C	0.272	0.1997004
101	C	0.437	0.2130352
102	T	0.132	0.2217627
103	C	-0.270	0.2547742
104	A	0.117	0.2689393
105	G	-0.073	0.2281033
106	C	0.380	0.1794483
107	G	0.438	0.1268439
108	G	0.201	0.08509739
109	T	0.476	0.05098968
110	C	0.428	0.01756104
111	T	0.242	0.01554282
112	C	0.322	0.05525982
113	T	-0.264	0.06552012
114	G	-0.407	0.08779955
115	A	-0.503	0.07879155
116	A	-0.484	0.07562196
117	A	-0.307	0.08968844
118	G	-0.130	0.08969955
119	A	0.097	0.06014969
120	C	0.405	0.04480368
121	C	0.292	-0.004179376
122	T	0.304	-0.01191502
123	T	0.227	-0.01079285
124	G	0.384	0.0155721
125	C	0.440	0.04574852
126	C	0.476	0.04759817
127	C	-0.073	0.0273357
128	A	-0.018	-0.0008210294
129	A	-0.510	-0.01599426
130	A	-0.395	-0.05139774
131	G	-0.388	-0.09120832
132	A	-0.054	-0.1159078
133	C	0.028	-0.1141621
134	A	-0.276	-0.1313534
135	A	-0.475	-0.1737802
136	A	-0.380	-0.1680323
137	C	0.147	-0.1588827
138	C	-0.309	-0.1028817
139	A	-0.371	-0.07511561
140	A	-0.192	-0.02582961
141	C	0.414	-0.01311444
142	C	0.148	0.002380194
143	A	-0.244	0.03939496
144	G	0.024	0.07199137
145	C	0.137	0.09725319
146	C	0.441	0.1013202
147	T	0.076	0.101151
148	G	0.449	0.1337032
149	G	0.161	0.1366996
150	T	0.291	0.09261884
151	T	0.353	0.08233906
152	C	0.078	0.07919871
153	A	0.048	0.08229572
154	T	0.216	0.07773203
155	C	-0.312	0.04464674
156	A	0.181	0.04015584
157	A	-0.141	0.01475489
158	T	-0.334	0.01721271
159	G	-0.026	0.003092365
160	A	-0.298	-0.04445264
161	C	0.076	-0.04689822
162	A	0.059	-0.02311945
163	A	-0.121	-0.03053326
164	G	0	-0.02536556
 165	A	0.017	-0.0311535
166	G	0.203	0.005668147
167	T	0.051	0.04416374
168	G	-0.455	0.05699057
169	A	0.037	0.08917863
170	C	0.452	0.06559309
171	T	0.090	0.05047502
172	G	-0.224	0.06667584
173	A	0.083	0.06445164
174	G	0.484	0.03879041
175	G	0.319	0.01559506
176	T	0.191	-0.005103241
177	T	0.249	0.02946735
178	G	-0.323	0.03317634
179	G	-0.197	0.03051052
180	A	0.154	0.03069664
181	C	-0.037	0.06412617
182	A	-0.418	0.06293576
183	A	-0.191	0.0258587
184	C	-0.300	0.009485247
185	A	0.132	0.01526784
186	G	0.100	0.01076484
187	C	0.407	0.05073054
188	G	0.093	0.08555642
189	G	0.343	0.08866466
190	C	0.062	0.106375
191	A	-0.145	0.1573326
192	A	0.041	0.1965487
193	C	0.289	0.2254648
194	T	0.172	0.2064515
195	C	0.355	0.2095748
196	G	0.394	0.1701452
197	G	0.207	0.1587072
198	G	0.263	0.1138745
199	C	0.447	0.08770702
200	G	0.475	0.06978331
201	G	0.191	0.04730253
202	A	-0.190	0.04754988
203	G	0.153	0.03020106
204	T	-0.262	0.03326988
205	T	-0.101	0.02186347
206	T	-0.418	0.03667265
207	G	-0.381	0.01291229
208	A	-0.450	0.003831941
209	A	-0.341	-0.02688784
210	C	0.294	-0.05093778
211	T	-0.122	-0.04884201
212	G	0.407	-0.06769831
213	G	0.201	-0.03622078
214	A	0.458	-0.01416778
215	C	-0.140	-0.006138424
216	A	0.293	0.01830716
217	C	-0.046	0.05981899
218	A	-0.217	0.09202264
219	C	-0.155	0.09125381
220	A	-0.167	0.1131076
221	G	0.272	0.08913064
222	G	0.273	0.08784516
223	G	-0.282	0.06927422
224	A	0.033	0.09686722
225	G	0.255	0.1061999
226	G	0.206	0.1072585
227	C	0.281	0.1078675
228	A	0.249	0.1071154
229	G	0	0.1286006
 230	T	0.179	0.1382653
231	G	0.143	0.1478169
232	C	0.328	0.1752482
233	T	0.451	0.1695908
234	C	-0.028	0.1676661
235	T	-0.207	0.1817288
236	G	-0.167	0.1931078
237	G	0.197	0.1692678
238	C	0.436	0.1619387
239	G	0.436	0.1202301
240	G	0.184	0.09803678
241	G	-0.062	0.04707055
242	G	0.222	0.007048371
243	C	0.445	-0.01275498
244	A	0.474	0.01536919
245	G	-0.156	0.04786514
246	T	-0.124	0.05214108
247	A	-0.529	0.05230984
248	C	-0.234	0.0539939
249	A	-0.538	0.03470755
250	A	-0.228	0.06017953
251	G	-0.365	0.04833949
252	G	0.270	0.04011126
253	C	0.384	-0.004626565
254	A	0.270	-0.01708262
255	G	0.439	-0.02231621
256	C	0.464	-0.01413133
257	G	-0.143	0.01192738
258	A	0.370	0.03213996
259	T	0.021	0.02071855
260	G	0.305	0.03500585
261	G	-0.286	0.002569671
262	A	-0.367	-0.01888841
263	A	-0.213	-0.02464876
264	A	-0.390	-0.02654188
265	C	0.208	-0.06059153
266	A	-0.194	-0.04699351
267	A	-0.422	-0.09329104
268	G	-0.122	-0.09747109
269	A	-0.280	-0.1281955
270	C	0.019	-0.08975232
271	A	0.172	-0.07626162
272	C	0.407	-0.05151803
273	A	-0.114	-0.01555197
274	G	0.087	-0.01817532
275	A	-0.416	0.01647197
276	T	-0.049	0.0660105
277	G	-0.216	0.09587221
278	T	0.367	0.1281262
279	C	-0.138	0.1395711
280	T	0.207	0.12535
281	T	0.220	0.08002237
282	G	0.164	0.1123047
283	G	0.394	0.1248215
284	C	0.419	0.1770432
285	T	0.385	0.1875847
286	C	0.267	0.2037587
287	T	0.214	0.2027272
288	G	-0.069	0.2229129
289	A	-0.363	0.2287649
290	C	0.434	0.2405884
291	C	0.300	0.2533847
292	C	0.471	0.2474992
293	T	0.129	0.241477
294	G	0.058	0.2271463
295	C	0.349	0.2311793
296	G	0.204	0.2263089
297	G	0.306	0.2334557
298	C	0.421	0.2498
299	G	0.381	0.2481518
300	C	0.294	0.2384251
301	C	0.316	0.2287288
302	C	0.141	0.2184812
303	C	0.336	0.1966538
304	A	0.131	0.186987
305	G	0.052	0.1904422
306	A	-0.085	0.1868145
307	T	0.406	0.1657906
308	C	0.134	0.1149641
309	C	0.306	0.09287481
310	T	-0.044	0.09251363
311	A	-0.312	0.1100462
312	G	0.185	0.09917016
313	G	0.263	0.1010151
314	C	0.244	0.1090313
315	T	0.064	0.09324641
316	G	-0.482	0.05655352
317	A	-0.080	0.06633494
318	C	0.310	0.06849764
319	C	0.439	0.09432946
320	T	0.151	0.1369772
321	G	0.162	0.1524268
322	T	0.188	0.1603869
323	G	-0.353	0.1663132
324	A	-0.217	0.172851
325	C	0.301	0.2044168
326	C	0.343	0.2305532
327	C	0.394	0.2362332
328	C	0.412	0.2348185
329	C	0.448	0.2512484
330	G	0.398	0.2670005
331	C	0.345	0.2660472
332	A	0.175	0.3067293
333	G	0.054	0.3454245
334	C	0.363	0.3439753
335	C	0.407	0.3415122
336	C	0.415	0.3435284
337	C	0.430	0.3450306
338	T	0.430	0.3409422
339	G	0.172	0.3449695
340	C	0.337	0.3537386
341	C	0.440	0.3418189
342	C	0.276	0.3443408
343	A	0.301	0.3415554
344	C	0.428	0.310984
345	C	0.437	0.2774613
346	C	0.378	0.2392431
347	C	0.467	0.1968691
348	C	0.494	0.1959788
349	A	-0.027	0.1903909
350	T	0.097	0.1753677
351	C	0.316	0.1619046
352	C	-0.112	0.1536177
353	A	-0.154	0.1382952
354	A	-0.218	0.127964
355	C	-0.289	0.1213379
356	A	0.157	0.117406
357	C	0.242	0.111998
358	C	0.185	0.1359234
359	A	0.047	0.1362514
360	C	0.160	0.1350863
361	C	0.168	0.1690947
362	A	0.262	0.1954115
363	C	0.266	0.2391224
364	C	0.400	0.2267383
365	C	0.402	0.1864837
366	C	0.379	0.1450261
367	G	0.102	0.1103852
368	T	0.296	0.08406241
369	C	0.465	0.05566371
370	C	0.292	0.06886465
371	T	0.524	0.07694171
372	T	-0.500	0.07862947
373	A	-0.526	0.08070782
374	G	-0.461	0.05418275
375	A	-0.403	0.05529493
376	G	-0.399	0.04549992
377	A	-0.322	0.03040658
378	T	0.392	0.0279194
379	C	0.399	0.0274254
380	G	0.294	0.01152452
381	C	0.435	0.03649392
382	G	-0.048	0.07958975
383	C	0.398	0.1310245
384	A	-0.063	0.1630976
385	G	0.039	0.207723
386	C	0.423	0.2347684
387	C	0.284	0.2274633
388	G	0.253	0.1966957
389	G	-0.075	0.1718506
390	C	0.205	0.1568271
391	G	0.412	0.1578146
392	C	0.141	0.1064504
393	G	0.358	0.1091493
394	C	0.137	0.1176091
395	T	0.268	0.1036777
396	C	-0.123	0.1011098
397	G	-0.127	0.1070227
398	A	0.180	0.08292968
399	G	-0.031	0.05785315
400	G	-0.474	0.005632324
401	A	-0.017	-0.03286021
402	G	0.183	-0.08129197
403	G	0.186	-0.07783085
404	G	0.240	-0.08787961
405	A	0.354	-0.05536555
406	G	-0.485	-0.02239332
407	G	-0.220	-0.006192671
408	A	-0.475	0.0171093
409	A	-0.512	0.05849677
410	A	-0.464	0.08279342
411	G	0.196	0.1011177
412	T	0.097	0.1000955
413	C	0.429	0.1000542
414	C	0.432	0.1018434
415	C	0.455	0.1564121
416	G	0.364	0.1835587
417	C	0.228	0.2396189
418	C	0.395	0.2867018
419	G	0.494	0.3452202
420	G	0.169	0.3356505
421	A	0.240	0.3200872
422	C	0.384	0.3199843
423	C	0.442	0.3014596
424	C	0.240	0.293725
425	A	0.477	0.2946984
426	C	0.287	0.3050577
427	T	0.530	0.3003009
428	C	0.033	0.293587
429	A	-0.166	0.3092494
430	C	0.427	0.3199721
431	G	0.118	0.3115553
432	G	0.324	0.2600153
433	C	0.381	0.2287434
434	G	0.404	0.1814955
435	C	0.314	0.1786643
436	C	0.380	0.1651291
437	G	0.435	0.186425
438	C	0.422	0.2203449
439	G	0.241	0.2250373
440	G	-0.433	0.1986478
441	A	-0.290	0.1479057
442	A	-0.325	0.09516918
443	C	0.239	0.08473706
444	C	0.300	0.08323882
445	C	0.395	0.07663759
446	C	0.409	0.05459991
447	C	0.507	0.04086755
448	G	-0.330	0.03551226
449	A	-0.538	0.08306891
450	A	-0.515	0.1173666
451	G	0.227	0.1528069
452	C	0.288	0.1533818
453	T	0.268	0.1507667
454	G	0.060	0.1487926
455	A	0.189	0.1491501
456	C	0.150	0.139859
457	C	0.374	0.184127
458	A	0.292	0.1994194
459	C	0.277	0.2055668
460	G	0.249	0.166658
461	T	0.255	0.1643515
462	G	0.361	0.1737071
463	C	0.415	0.1950204
464	A	0.349	0.2052839
465	C	0.421	0.1833382
466	G	-0.278	0.1312084
467	A	-0.410	0.08247018
468	A	-0.433	0.09007388
469	G	0.249	0.08924735
470	G	0.427	0.09898365
471	C	0.423	0.09701647
472	G	0.363	0.09411606
473	G	-0.222	0.09380253
474	A	-0.511	0.06296276
475	A	-0.536	0.100733
476	G	0.406	0.1333747
477	C	0.235	0.1710859
478	G	0.421	0.1676335
479	G	0.328	0.1334399
480	G	0.366	0.1231354
481	C	0.343	0.07668071
482	A	-0.102	0.06424518
483	A	0.363	0.06551888
484	C	0.144	0.09807513
485	G	0.207	0.09132901
486	T	0.191	0.09958736
487	T	-0.153	0.09477466
488	G	0.248	0.09444054
489	G	-0.426	0.09171913
490	A	-0.433	0.06564818
491	A	-0.489	0.05301859
492	G	0.017	-0.0004921118
493	G	0.291	-0.01931476
494	C	0.375	-0.0174497
495	G	0.339	-0.004497288
496	G	0.322	0.03055783
497	C	0.320	0.02232301
498	C	-0.099	0.02542295
499	G	-0.317	0.05930359
500	A	-0.546	0.1168347
501	A	-0.175	0.09017723
502	G	0.238	0.04191623
503	G	0.411	-0.01021783
504	C	0.442	-0.05408089
505	G	0.108	-0.06663242
506	G	-0.373	-0.07201259
507	A	0.142	-0.04791788
508	C	0.488	-0.006181118
509	A	-0.435	0.02226059
510	A	-0.528	0.02593459
511	A	-0.510	0.03190465
512	A	-0.406	-0.002379406
513	G	0.109	-0.02758885
514	T	0.228	-0.03243639
515	C	0.310	-0.01469968
516	T	0.392	-0.04593339
517	T	-0.062	-0.06523045
518	T	-0.113	-0.02072386
519	C	0.340	0.02728438
520	T	-0.171	0.05141726
521	G	0.013	0.1038249
522	G	0.025	0.1269465
523	G	-0.071	0.08388085
524	A	-0.388	0.03300126
525	C	0.160	-0.006504976
526	G	0.320	0.01966572
527	C	0.287	0.04986637
528	G	-0.100	0.02450844
529	C	0.484	0.02449785
530	C	0.502	0.04627859
531	T	-0.503	0.05697442
532	A	-0.554	0.06786631
533	G	-0.279	0.08088042
534	C	0.382	0.07703088
535	G	0.400	0.07262976
536	G	-0.090	0.07418652
537	G	-0.171	0.09589311
538	G	0.383	0.06822267
539	T	0.207	0.0466012
540	G	0.113	0.05173073
541	G	-0.167	0.09202626
542	A	0.094	0.08820914
543	C	0.245	0.04967714
544	C	0.313	0.03417914
545	C	0.268	0.05688189
546	A	0.014	0.08918931
547	G	0.135	0.05736072
548	T	-0.416	0.04791125
549	G	0.130	0.06674708
550	G	-0.343	0.09957878
551	G	-0.272	0.111066
552	T	0.136	0.1137471
553	G	0.295	0.1219494
554	G	0.377	0.1301453
555	G	-0.157	0.1384974
556	G	0.046	0.1305561
557	C	0.433	0.1799348
558	T	0.390	0.1909009
559	T	0.289	0.2057794
560	C	0.291	0.2129874
561	C	0.453	0.2103388
562	C	0.408	0.2029031
563	A	0.156	0.1903067
564	C	0	0.2102189
 565	C	0.423	0.2165565
566	A	0.316	0.1778441
567	G	-0.091	0.1525355
568	G	-0.150	0.1568278
569	A	0.091	0.1529956
570	T	0.168	0.147094
571	C	0.163	0.1230895
572	C	0.181	0.1352942
573	A	0.154	0.160938
574	A	-0.224	0.1422599
575	G	-0.039	0.1010007
576	C	0.362	0.07597824
577	C	0.226	0.0761073
578	A	0.352	0.06402214
579	G	0	0.04264208
 580	T	0.363	0.05590261
581	C	0.435	0.07031266
582	T	0.105	0.03877031
583	A	-0.384	0.03481572
584	G	-0.516	0.02038424
585	A	-0.148	-0.01207412
586	T	-0.113	-0.03603547
587	G	-0.194	-0.03633282
588	C	0.388	-0.01589247
589	C	0.426	-0.04617135
590	G	-0.381	-0.08076559
591	T	-0.291	-0.1042222
592	T	-0.284	-0.1013259
593	T	-0.188	-0.09094282
594	T	-0.181	-0.05750735
595	C	0.347	-0.04133088
596	C	0.347	-0.01869653
597	A	-0.151	-0.03262282
598	G	-0.152	-0.08430294
599	A	-0.293	-0.09409041
600	G	-0.335	-0.1032293
601	A	-0.339	-0.09836835
602	G	0.420	-0.08549525
603	G	0.161	-0.04894902
604	G	0.190	-0.04664696
605	G	0.151	-0.03433519
606	A	-0.452	-0.04498008
607	A	-0.548	-0.04993661
608	A	-0.447	-0.04539866
609	G	-0.202	-0.04800261
610	G	0.029	-0.01744755
611	C	0.440	-0.01734743
612	T	0.387	-0.01200243
613	C	0.556	-0.01010784
614	T	-0.331	-0.007844959
615	A	-0.236	0.04428475
616	C	-0.215	0.0928491
617	G	-0.379	0.1153873
618	T	0.179	0.1470728
619	C	0.422	0.17043
620	G	0.252	0.1621057
621	G	0.222	0.1239323
622	C	0.190	0.06443001
623	G	0.434	0.0522573
624	T	0.277	0.05052601
625	G	-0.064	0.03231577
626	G	0.336	0.06628265
627	C	0.426	0.07773112
628	T	0.298	0.06884777
629	T	-0.261	0.04139171
630	G	-0.454	0.0033243
631	A	-0.538	-0.03765135
632	A	-0.265	-0.08885576
633	A	-0.525	-0.1208623
634	A	0.197	-0.1485988
635	G	0.374	-0.1618099
636	T	0.271	-0.1650066
637	G	-0.214	-0.1569089
638	A	-0.424	-0.112111
639	A	-0.506	-0.05377482
640	A	-0.436	-0.01454382
641	C	-0.266	-0.02160365
642	A	-0.535	-0.01757541
643	A	0.111	-0.05246718
644	C	0.372	-0.09920576
645	C	0.436	-0.1387295
646	T	0.499	-0.129918
647	C	0.536	-0.1083138
648	A	0.127	-0.1023931
649	T	-0.385	-0.07426018
650	T	-0.456	-0.04328618
651	A	-0.395	0.01135146
652	A	-0.420	0.01749199
653	A	-0.400	-0.02294748
654	A	-0.064	-0.03549054
655	T	-0.057	-0.03940589
656	G	-0.405	-0.0647653
657	T	0.041	-0.07852701
658	G	0.260	-0.08362024
659	C	0.393	-0.07095995
660	A	0.216	-0.06182101
661	G	-0.314	-0.04227208
662	G	0.223	-0.04224561
663	T	0.433	-0.05518319
664	T	0.105	-0.05180665
665	A	-0.105	-0.002895176
666	G	-0.472	0.01699028
667	G	-0.241	0.02380322
668	A	-0.240	0.008313753
669	A	-0.088	-0.004397718
670	T	-0.400	0.03283634
671	G	-0.284	0.03715511
672	C	0	0.01281142
 673	A	0.426	0.01914589
674	C	0.379	0.03975884
675	C	0.375	0.08965442
676	A	0.129	0.1088656
677	G	0	0.146935
 678	G	0.318	0.1788219
679	G	0.296	0.1989739
680	A	0.019	0.2031034
681	G	0.213	0.2176581
682	C	0.244	0.1842737
683	C	0.375	0.1712984
684	A	0.084	0.1529228
685	C	0.407	0.1421699
686	T	0.453	0.1309794
687	C	-0.057	0.08799788
688	A	-0.214	0.04345764
689	G	0.247	0.01818521
690	C	-0.141	-0.02589538
691	A	0.159	-0.02445397
692	G	0.063	-0.02455897
693	G	-0.052	-0.009948994
694	T	-0.190	-0.02362741
695	A	-0.412	-0.03161135
696	A	-0.460	-0.02181036
697	T	-0.410	-0.02480736
698	A	-0.535	-0.05605495
699	A	0.268	-0.02385319
700	C	0.373	-0.01057278
701	T	0.333	0.01111968
702	G	0.174	0.01423318
703	C	0.318	0.0009612941
704	A	0.108	0.03217671
705	G	-0.265	0.04475
706	A	-0.283	0.05029276
707	T	0.405	0.05130976
708	G	0.385	0.02185382
709	C	0.432	0.008542588
710	A	0	-0.005275335
 711	T	-0.415	0.009169665
712	A	0.118	0.01109631
713	G	-0.246	0.02995114
714	A	-0.316	0.06905619
715	T	-0.518	0.1069581
716	A	-0.231	0.104015
717	G	0.147	0.08783302
718	T	0.098	0.08807243
719	C	0.420	0.1158235
720	C	0.351	0.1578885
721	C	0.429	0.153926
722	A	0.399	0.1849997
723	G	0.360	0.2059004
724	C	0.355	0.2512957
725	A	0.109	0.2712608
726	C	0.436	0.2640597
727	C	0.471	0.2429078
728	G	0.299	0.212026
729	A	0.050	0.2195537
730	C	0.281	0.2073685
731	T	0.039	0.1720291
732	C	0.253	0.1742066
733	A	0.107	0.1468685
734	G	0.025	0.1238964
735	T	-0.261	0.08905572
736	G	-0.104	0.07727266
737	C	0.478	0.08463031
738	T	0.222	0.08993983
739	A	-0.201	0.06916903
740	C	0.397	0.08411593
741	T	-0.108	0.09376787
742	G	-0.280	0.1139122
743	A	-0.156	0.1161093
744	G	0.271	0.1579993
745	C	0.424	0.1350296
746	A	0.140	0.1180358
747	G	-0.071	0.1293388
748	G	0.293	0.1663246
749	C	0.417	0.1592723
750	C	0.450	0.1715221
751	C	0.062	0.1945854
752	T	0.450	0.2290444
753	T	-0.495	0.2351339
754	G	0.190	0.2371541
755	C	0.414	0.2522531
756	C	0.427	0.2399859
757	T	0.277	0.2448214
758	G	0.099	0.2397403
759	G	0.111	0.2319561
760	C	0.429	0.2460174
761	C	0.374	0.2392838
762	C	0.458	0.2703312
763	A	0.397	0.2561598
764	T	-0.280	0.2223151
765	G	0.375	0.2088206
766	G	0.330	0.2156749
767	C	0.317	0.2353477
768	A	0.301	0.2536131
769	C	0.336	0.2408983
770	C	0.032	0.2273254
771	A	-0.050	0.1946524
772	A	-0.161	0.1985505
773	C	0.197	0.2310372
774	C	0.394	0.1935008
775	C	0.433	0.1674732
776	T	0.422	0.1624307
777	G	0.213	0.1567996
778	G	0.144	0.1471155
779	C	-0.096	0.1535972
780	A	0.463	0.167393
781	T	0.271	0.185829
782	T	-0.262	0.1859024
783	G	-0.111	0.1703783
784	G	0.232	0.1587011
785	G	0.205	0.1307931
786	A	0.171	0.1231648
787	G	0.142	0.1080827
788	G	0.183	0.1045233
789	T	0.152	0.07248084
790	C	0.198	0.08080401
791	A	0.130	0.1221627
792	C	0.235	0.1448059
793	A	-0.052	0.1567814
794	G	0.083	0.1635924
795	A	-0.112	0.1791597
796	T	-0.157	0.1969344
797	G	-0.080	0.1852813
798	C	0.413	0.1864324
799	T	0.440	0.159698
800	C	0.273	0.1490482
801	T	0.435	0.1164688
802	C	0.321	0.1114022
803	G	0.436	0.1036712
804	C	0.444	0.117078
805	A	-0.014	0.1425086
806	G	0.171	0.1350621
807	T	-0.255	0.1349556
808	T	-0.050	0.1365475
809	A	-0.318	0.1323532
810	C	-0.138	0.1240592
811	A	-0.047	0.1351669
812	C	0.115	0.1345737
813	C	0.275	0.1045706
814	A	-0.207	0.09535065
815	C	0.411	0.06692489
816	T	0.467	0.1004789
817	G	0.202	0.1235283
818	G	0.294	0.1673831
819	C	0.510	0.1763798
820	T	0.426	0.157609
821	T	-0.065	0.1499878
822	T	-0.171	0.1548605
823	G	-0.311	0.1864654
824	T	0.314	0.1808834
825	G	0.341	0.1422936
826	G	0.426	0.1387338
827	T	0.014	0.1418814
828	G	-0.366	0.1033649
829	T	-0.013	0.07253973
830	G	0.357	0.08767867
831	T	0.329	0.07791885
832	G	0.316	0.08551279
833	G	-0.188	0.04988861
834	A	0.141	0.004901494
835	C	0.348	-0.03413451
836	C	-0.144	-0.02190809
837	A	-0.097	0.01366349
838	T	0.192	0.03158655
839	C	-0.337	0.03544173
840	A	-0.182	0.04275426
841	A	-0.290	0.03814338
842	G	-0.423	0.05279044
843	T	-0.236	0.07214321
844	T	0.222	0.05238601
845	T	0.238	0.04628495
846	C	0.290	0.06213546
847	C	0.423	0.04581195
848	C	0.454	0.07036691
849	A	0.238	0.1119618
850	G	0.060	0.1290614
851	C	0.470	0.1452971
852	A	0.012	0.1340378
853	T	-0.247	0.1063231
854	T	0.171	0.118681
855	T	-0.085	0.1292633
856	G	0.080	0.1313978
857	T	0.524	0.09312891
858	T	0	0.09965067
 859	A	-0.147	0.06546519
860	T	-0.428	0.01803331
861	T	-0.248	0.03924927
862	T	0.448	0.07504633
863	C	0.470	0.09121604
864	C	0.459	0.1108117
865	A	-0.196	0.1158689
866	G	0.349	0.09604318
867	A	-0.520	0.1095784
868	A	-0.335	0.1486412
869	G	0.372	0.1458123
870	C	0.360	0.1415065
871	T	0.446	0.09549188
872	G	0.247	0.05649859
873	C	0.166	0.04500865
874	T	0.187	0.08220888
875	C	0.230	0.08486847
876	C	0.516	0.1467741
877	A	-0.476	0.1760805
878	A	-0.322	0.1761118
879	T	-0.334	0.1665806
880	T	-0.192	0.1637524
881	T	0.264	0.1743055
882	C	0.436	0.1877902
883	C	0.394	0.1611609
884	G	0.531	0.1243248
885	G	0.162	0.1110886
886	A	0.373	0.1243932
887	C	0.198	0.1681646
888	G	0.398	0.1963505
889	C	0.427	0.2193208
890	T	0.395	0.2037698
891	G	-0.264	0.1536931
892	T	-0.396	0.09868465
893	T	0.291	0.05396859
894	G	-0.249	0.03060894
895	T	0.422	-0.007556706
896	G	0.145	-0.04021265
897	T	0.198	-0.06948744
898	T	0	-0.1143841
 899	T	-0.415	-0.1648226
900	A	-0.540	-0.1771479
901	A	-0.228	-0.1794225
902	T	-0.234	-0.2233599
903	G	-0.275	-0.2219099
904	A	-0.356	-0.2201209
905	C	-0.099	-0.2112173
906	A	-0.336	-0.1960659
907	T	-0.461	-0.1960659
908	A	-0.474	-0.1511784
909	A	-0.434	-0.09203821
910	A	-0.455	-0.1048899
911	A	-0.225	-0.1000426
912	C	0.452	-0.1068351
913	C	0.296	-0.1123323
914	T	0.455	-0.1312639
915	T	0	-0.1294259
 916	C	0.347	-0.1281781
917	T	0.464	-0.1107963
918	C	-0.446	-0.1011627
919	A	-0.152	-0.06044671
920	T	-0.390	-0.03376412
921	T	-0.450	-0.03626794
922	A	-0.420	-0.02796488
923	T	-0.304	-0.05618793
924	G	-0.440	-0.05143056
925	T	-0.178	-0.06593145
926	A	-0.271	-0.08028462
927	G	0.236	-0.03813274
928	C	0.228	-0.0178468
929	C	0.409	0.01881973
930	C	0.437	0.07026049
931	T	-0.023	0.1184473
932	G	0.080	0.1445729
933	A	0.101	0.1843749
934	C	0.220	0.17488
935	C	0.269	0.1656533
936	C	0.192	0.1329209
937	G	0.232	0.09326691
938	C	0.424	0.09539149
939	C	0.398	0.08895667
940	T	0.139	0.1161024
941	G	0.235	0.1367778
942	G	-0.340	0.1598487
943	A	-0.427	0.1621697
944	A	-0.319	0.1737088
945	A	-0.445	0.1907109
946	T	0.445	0.2073286
947	C	0.328	0.2101211
948	T	0.437	0.1707869
949	C	0.432	0.152496
950	T	0.493	0.1128242
951	C	0.260	0.1490166
952	T	0.465	0.1675757
953	C	0.481	0.177863
954	G	0.514	0.2257594
955	T	0.471	0.2217046
956	A	-0.270	0.2288494
957	T	-0.171	0.2283849
958	A	-0.438	0.2297771
959	T	0.275	0.2280172
960	A	-0.112	0.2067362
961	T	-0.144	0.1783816
962	C	0.368	0.1560839
963	C	0.377	0.1270299
964	T	0.449	0.1114835
965	C	0.429	0.1465834
966	C	0.456	0.1752601
967	C	0.463	0.1859579
968	A	-0.101	0.1572193
969	G	-0.016	0.1917405
970	A	0.102	0.1844909
971	T	0.021	0.1513656
972	G	0.207	0.1144609
973	C	0.326	0.05826842
974	T	0.315	0.001325065
975	G	-0.256	-0.04506629
976	G	-0.213	-0.0723377
977	G	0.474	-0.06534455
978	A	-0.268	-0.05154221
979	T	-0.194	-0.03610221
980	T	-0.250	-0.01572715
981	A	-0.505	-0.02794197
982	A	-0.538	-0.04544301
983	A	-0.332	-0.08424331
984	G	0	-0.06989512
 985	G	0.017	-0.06553194
986	T	0.218	-0.07834724
987	G	0.364	-0.04732271
988	T	0.367	-0.01738576
989	G	0	-
 990	T	0.028	-
991	A	-0.343	-
992	C	-0.012	-
993	C	-0.139	-
994	A	0.256	-
995	C	0.259	-
996	C	0.314	-
