1	G	-0.181	-
2	T	0.096	-
3	G	0.203	-
4	C	0.259	-
5	T	0.188	-
6	A	-0.314	-
7	G	-0.422	-
8	G	-0.236	-
9	A	-0.433	-0.007410724
10	A	-0.302	-0.01948555
11	C	0.203	-0.003023294
12	C	0.524	0.006452059
13	A	-0.385	0.01145029
14	A	-0.395	0.01002329
15	A	0.163	0.02764453
16	C	0.428	0.05811921
17	C	0.476	0.08284221
18	T	-0.386	0.1381464
19	A	0.375	0.1805263
20	G	0.365	0.1569875
21	G	0.344	0.1268989
22	T	0.164	0.1254271
23	A	-0.014	0.1180034
24	C	0.095	0.09575395
25	T	0.184	0.07822806
26	C	0.507	0.05729601
27	T	0.418	0.07904272
28	T	-0.196	0.03796695
29	C	0.013	0.01329638
30	A	-0.410	-0.006970447
31	A	-0.522	-0.007138918
32	G	-0.215	0.005558494
33	A	0.130	0.007544112
34	G	0.120	0.0150517
35	C	-0.016	-0.01359107
36	A	-0.322	-0.01756689
37	A	-0.054	0.02073881
38	C	0	0.04479613
 39	T	0.161	0.08553113
40	G	0.200	0.09060354
41	G	0.129	0.08913531
42	T	0.311	0.07375278
43	G	0.020	0.09522866
44	C	0.350	0.1027267
45	T	0.454	0.1122782
46	C	0.422	0.1277097
47	T	0.281	0.1484457
48	C	-0.435	0.1497777
49	A	-0.240	0.112413
50	A	-0.131	0.1292075
51	C	0.486	0.1127895
52	C	0.110	0.08756489
53	A	-0.160	0.06390559
54	C	0.207	0.05899471
55	T	0.352	0.05945912
56	G	0.184	0.06950001
57	A	-0.434	0.1237685
58	G	0.415	0.1576725
59	C	0.032	0.1596058
60	A	-0.408	0.1559423
61	A	-0.051	0.1517823
62	T	0.371	0.1555988
63	C	0.430	0.1709739
64	T	0.452	0.1761364
65	C	0.486	0.1854185
66	T	0.336	0.2383743
67	T	-0.098	0.2418545
68	C	0.423	0.224112
69	A	0.039	0.2460285
70	G	-0.095	0.2556322
71	T	0.469	0.2194934
72	C	0.440	0.1706122
73	T	0.341	0.1162091
74	C	0.466	0.05614337
75	C	0.474	0.008500076
76	T	-0.268	-0.002422518
77	A	-0.036	-0.001673694
78	G	0.111	0.01470562
79	T	-0.243	0.05052474
80	G	-0.400	0.005011147
81	A	-0.472	-0.05124732
82	A	-0.534	-0.1022424
83	A	-0.473	-0.1605811
84	A	-0.283	-0.199226
85	G	0.436	-0.1903459
86	T	0.318	-0.1639588
87	C	0.513	-0.1690435
88	T	-0.304	-0.1580656
89	A	-0.516	-0.1592291
90	A	-0.525	-0.159802
91	A	-0.525	-0.153115
92	G	-0.182	-0.1511981
93	A	-0.117	-0.1511889
94	G	0.412	-0.1712583
95	C	0.025	-0.2047507
96	A	-0.056	-0.2652822
97	A	-0.420	-0.2629979
98	A	-0.482	-0.2523429
99	A	-0.420	-0.2465204
100	T	-0.441	-0.2358982
101	A	-0.283	-0.2273051
102	C	0.095	-0.1996345
103	A	-0.250	-0.2066128
104	A	-0.515	-0.1951599
105	T	-0.265	-0.1757784
106	G	-0.334	-0.1732691
107	T	-0.426	-0.1757164
108	A	-0.345	-0.182104
109	A	-0.036	-0.1827445
110	C	0.352	-0.1929227
111	C	0.293	-0.2168933
112	C	0.220	-0.2285191
113	T	0.272	-0.1847371
114	G	-0.377	-0.141075
115	A	-0.523	-0.1188075
116	A	-0.529	-0.1095582
117	A	-0.452	-0.1204895
118	G	-0.456	-0.09086957
119	T	-0.312	-0.08595163
120	A	-0.448	-0.1004913
121	A	0.229	-0.1080161
122	C	0.476	-0.1470235
123	T	0.043	-0.1456293
124	T	-0.268	-0.1461208
125	A	-0.530	-0.1266073
126	G	0.467	-0.07498092
127	C	0.436	-0.04385338
128	A	0.046	-0.03012378
129	T	0.092	-0.02642378
130	G	-0.390	-0.02246566
131	T	-0.354	-0.04088484
132	A	-0.532	-0.03352615
133	A	-0.197	-0.008584618
134	C	0.425	0.0004537941
135	C	0.072	-0.007074559
136	A	-0.078	-0.0340089
137	G	-0.385	-0.05905384
138	A	0.296	-0.08533608
139	T	0.163	-0.08584078
140	C	0.168	-0.08790531
141	A	0.155	-0.08879149
142	G	-0.377	-0.09950119
143	G	0.339	-0.1283484
144	A	-0.021	-0.1621099
145	G	-0.379	-0.1862307
146	A	-0.354	-0.1361883
147	G	-0.398	-0.1511249
148	T	-0.389	-0.1658629
149	A	-0.547	-0.1877083
150	A	-0.379	-0.1671124
151	C	-0.064	-0.1374829
152	A	-0.501	-0.131526
153	A	-0.488	-0.1172783
154	C	0.465	-0.07895658
155	T	0.042	-0.06004278
156	G	-0.086	-0.03939816
157	A	-0.202	-0.03361951
158	T	0.505	-0.01381163
159	C	0.126	-0.0045881
160	A	0.440	-0.02708908
161	C	0.220	-0.002590571
162	T	0.272	0.02222881
163	T	-0.033	0.003239518
164	G	-0.047	0.02283174
165	T	-0.291	0.05575219
166	A	-0.210	0.0853189
167	A	-0.222	0.07333231
168	C	-0.447	0.08688461
169	A	-0.084	0.07565043
170	T	-0.066	0.07540831
171	A	0.142	0.06342426
172	C	0.375	0.06369675
173	T	0.472	0.08208666
174	C	0.299	0.06788761
175	T	0.301	0.0555349
176	C	0.356	0.0511829
177	T	0.249	0.05273602
178	T	0.216	0.04316427
179	G	0.068	0.06654142
180	G	-0.028	0.05732795
181	T	0.264	0.02431518
182	T	-0.532	-0.02529282
183	A	-0.420	-0.05999752
184	C	-0.296	-0.05514905
185	A	-0.420	-0.07267394
186	A	-0.247	-0.08541855
187	G	0.330	-0.1087864
188	C	-0.014	-0.1033361
189	A	-0.185	-0.1036198
190	T	-0.370	-0.1119583
191	A	-0.290	-0.09191081
192	T	0.383	-0.05435922
193	C	0.058	-0.05908158
194	A	0.032	-0.05116075
195	T	-0.180	-0.04355799
196	G	0.161	-0.07557105
197	A	-0.033	-0.08232493
198	G	0.123	-0.06671122
199	T	-0.191	-0.04647516
200	T	0.217	-0.03570152
201	G	-0.377	-0.06133849
202	C	-0.286	-0.04230584
203	A	-0.118	-0.01908452
204	T	-0.213	-0.01119266
205	T	-0.129	-0.04848396
206	C	0.079	-0.07208894
207	A	-0.026	-0.06353806
208	G	-0.106	-0.04235865
209	A	-0.051	-0.04566982
210	C	0.382	-0.007882765
211	T	0.427	-0.009306176
212	G	-0.046	-0.01959182
213	A	-0.472	0.003584118
214	A	-0.434	0.03803094
215	G	0.268	0.06378224
216	C	0.168	0.04226841
217	A	0.161	0.01980235
218	C	0.265	0.02160666
219	A	-0.310	-0.001972294
220	G	-0.293	-0.04020076
221	A	0.180	-0.02638703
222	C	0.456	0.005743829
223	C	0.517	0.02333895
224	T	-0.392	0.001349182
225	A	-0.488	-0.02845376
226	T	-0.021	-0.05716817
227	T	-0.018	-0.08275152
228	G	-0.222	-0.04103017
229	G	0.188	0.003649653
230	G	0.073	0.003929182
231	T	-0.135	-0.02803246
232	A	-0.105	-0.03976558
233	T	-0.338	-7.198824e-05
234	G	-0.326	0.01835601
235	A	-0.169	0.02128731
236	C	0.398	0.04622974
237	C	0.466	0.05646761
238	C	0.184	0.06681278
239	A	-0.086	0.08508516
240	C	0.318	0.08491786
241	T	0.282	0.1219232
242	G	-0.175	0.1652999
243	A	0.028	0.1944129
244	G	0.405	0.2226955
245	G	-0.048	0.2263236
246	C	0.363	0.2273395
247	C	0.384	0.2119138
248	A	-0.138	0.2011393
249	C	0.523	0.1760347
250	T	0.399	0.1331279
251	T	0.168	0.1363964
252	C	0.311	0.1362569
253	G	0.460	0.1320839
254	C	0.483	0.1485693
255	A	-0.077	0.09908881
256	A	-0.270	0.06339699
257	T	-0.108	0.05124887
258	G	-0.447	0.001314106
259	T	-0.119	-0.04683325
260	G	0.026	-0.06672525
261	C	0.334	-0.1015244
262	T	0.231	-0.1039958
263	G	-0.477	-0.1101435
264	T	-0.222	-0.08712487
265	T	-0.344	-0.04636393
266	C	-0.325	-0.03693675
267	A	-0.419	0.006436541
268	T	-0.169	-0.01719416
269	A	-0.280	-0.03454882
270	C	0.418	-0.02891918
271	C	0.378	-0.01774718
272	C	0.314	0.01288375
273	A	0.422	0.03652664
274	C	0.051	0.06776328
275	C	0.290	0.1105899
276	G	-0.521	0.1511208
277	A	-0.268	0.137231
278	G	0.430	0.1662138
279	G	0.421	0.1198297
280	G	0.043	0.07872134
281	T	0.179	0.06092645
282	A	0.186	0.009353218
283	C	0.402	0.0327051
284	A	0.269	0.02466428
285	G	-0.405	0.07145757
286	T	0.212	0.07078686
287	A	-0.370	0.05285522
288	G	-0.319	0.006227276
289	T	0.011	-0.01059036
290	A	-0.453	-0.03555977
291	C	0.448	-0.05353171
292	T	0.153	-0.07722801
293	C	0.273	-0.07471477
294	A	-0.280	-0.02888936
295	A	0.125	-0.01378089
296	G	-0.370	0.001808053
297	A	-0.242	0.02567681
298	G	-0.245	0.02101521
299	T	-0.119	0.02395645
300	T	0	-0.02957208
 301	C	0.312	-0.01841044
302	C	0.373	-0.01128285
303	A	0.469	0.03056756
304	G	-0.105	0.03573839
305	T	0.085	0.06928392
306	G	-0.067	0.1049953
307	A	-0.403	0.1359215
308	A	-0.461	0.1375676
309	G	0.343	0.1632173
310	C	0.394	0.154015
311	T	0.431	0.1356094
312	G	0.213	0.1244876
313	C	0.199	0.1523896
314	C	0.364	0.1457497
315	A	0.280	0.144745
316	T	-0.091	0.164445
317	G	0.436	0.1685949
318	C	0.155	0.1236902
319	A	0.060	0.08284285
320	T	0.279	0.04345502
321	T	0.369	0.01291326
322	G	-0.026	-0.009654859
323	C	-0.084	-0.06042592
324	A	-0.069	-0.07459988
325	T	-0.390	-0.09556864
326	A	-0.419	-0.09744546
327	A	-0.299	-0.09658599
328	A	-0.238	-0.06980401
329	T	-0.305	-0.09967424
330	G	-0.184	-0.1308961
331	A	-0.498	-0.1445171
332	A	0.039	-0.1302491
333	G	-0.447	-0.09925826
334	C	0.404	-0.06338579
335	T	0.170	-0.05060749
336	C	0.515	-0.02600302
337	A	-0.227	-0.02878444
338	A	-0.161	-0.02685761
339	T	-0.258	-0.04319614
340	C	0.157	-0.01218492
341	C	0.457	0.01097951
342	A	0.218	0.05772745
343	G	-0.202	0.02388892
344	T	0.118	0.0366601
345	G	-0.285	0.02825869
346	A	-0.273	0.03571957
347	T	-0.462	0.05309016
348	A	0.028	0.08539786
349	C	0.433	0.08175236
350	T	0.346	0.06974331
351	G	-0.171	0.07980072
352	C	0.387	0.09475954
353	A	0.372	0.08439825
354	G	-0.101	0.120971
355	T	0.133	0.1397052
356	G	0.290	0.1889934
357	C	0.095	0.175913
358	A	0.253	0.1643898
359	C	0.389	0.118486
360	T	0.051	0.1117823
361	G	-0.057	0.06768414
362	C	0.336	0.02233149
363	A	0.045	0.0063899
364	C	0.375	-0.02769604
365	A	-0.193	-0.02102428
366	G	0.237	-0.01663178
367	A	-0.433	-0.001225306
368	T	-0.285	-0.03756089
369	G	-0.362	-0.05009319
370	A	-0.398	-0.06192784
371	A	-0.372	-0.07241784
372	G	-0.445	-0.04815971
373	C	0.404	-0.06014747
374	T	0.170	-0.04402336
375	C	0.515	-0.03355266
376	A	-0.227	-0.01070995
377	A	-0.161	-0.007303712
378	T	-0.258	-0.0007000059
379	C	0.157	0.008799347
380	C	0.457	0.05543929
381	A	0.172	0.1058679
382	G	0.080	0.1022814
383	T	0.415	0.1029992
384	G	-0.045	0.07868452
385	A	-0.227	0.06575617
386	T	-0.249	0.06531799
387	G	-0.236	0.06164311
388	C	0.420	0.04131523
389	T	0.411	0.02305788
390	G	0.343	0.03828523
391	C	0.182	0.05434389
392	A	0.102	0.03779689
393	A	-0.447	0.05792129
394	T	-0.168	0.08933271
395	G	-0.320	0.1261354
396	T	-0.187	0.1286739
397	A	0.147	0.1178944
398	C	0.430	0.06818847
399	T	0.353	0.03123282
400	G	0.134	-0.0008119412
401	C	0.297	-0.03025135
402	A	0.306	-0.02580371
403	C	0.375	-0.04208088
404	A	-0.193	0.0005734706
405	G	0.237	0.02164835
406	A	-0.433	0.04330312
407	T	-0.285	0.004552176
408	G	-0.362	-0.02574206
409	A	-0.398	-0.04884906
410	A	-0.372	-0.05704135
411	G	-0.445	-0.04815971
412	C	0.404	-0.06014747
413	T	0.170	-0.04402336
414	C	0.515	-0.03355266
415	A	-0.227	-0.01070995
416	A	-0.161	-0.007303712
417	T	-0.258	-0.0007000059
418	C	0.157	0.008122229
419	C	0.457	0.05481164
420	A	0.172	0.1051423
421	G	0.080	0.07239605
422	T	0.415	0.06164309
423	G	-0.045	0.04047551
424	A	-0.227	0.02725521
425	T	-0.249	0.0446258
426	G	-0.248	0.07693351
427	C	0.421	0.07328801
428	T	0.409	0.06127895
429	G	-0.152	0.07409095
430	C	-0.012	0.07238766
431	A	0.155	0.04456831
432	G	-0.452	0.06699042
433	T	0.133	0.08302535
434	G	0.290	0.1198281
435	C	0.095	0.1230436
436	A	0.253	0.1122146
437	C	0.389	0.06260671
438	T	0.051	0.05481082
439	G	-0.057	0.03423678
440	C	0.336	0.001650312
441	A	0.045	0.0063899
442	C	0.375	-0.02769604
443	A	-0.193	-0.02102428
444	G	0.237	-0.01663178
445	A	-0.433	-0.001225306
446	T	-0.285	-0.03756089
447	G	-0.362	-0.05009319
448	A	-0.398	-0.06192784
449	A	-0.372	-0.07241784
450	G	-0.445	-0.04815971
451	C	0.404	-0.06014747
452	T	0.170	-0.04402336
453	C	0.515	-0.03355266
454	A	-0.227	-0.01070995
455	A	-0.161	-0.007303712
456	T	-0.258	-0.0007000059
457	C	0.157	0.008122229
458	C	0.457	0.05481164
459	A	0.172	0.1051423
460	G	0.080	0.07239605
461	T	0.415	0.06164309
462	G	-0.045	0.04047551
463	A	-0.227	0.02725521
464	T	-0.249	0.0446258
465	G	-0.248	0.07693351
466	C	0.421	0.07328801
467	T	0.409	0.05249995
468	G	-0.152	0.06690083
469	C	-0.012	0.07407802
470	A	0.155	0.04062361
471	G	-0.452	0.06403672
472	T	0.133	0.06022725
473	G	0.290	0.04889648
474	C	0.095	0.05794019
475	A	0.104	0.03313455
476	C	0.416	-0.008685571
477	T	0.202	0.02241637
478	G	-0.153	0.01360404
479	C	0.352	-0.01028808
480	A	-0.291	-0.005548494
481	T	-0.442	-0.03963444
482	A	-0.094	-0.03296267
483	G	0	-0.02857017
 484	A	-0.300	-0.0043847
485	T	0.376	-0.04230917
486	G	-0.162	-0.06372194
487	A	-0.250	-0.06992152
488	A	-0.372	-0.08140252
489	G	-0.445	-0.03729999
490	C	0.404	-0.001154288
491	T	0.170	0.009141694
492	C	0.515	0.03358905
493	A	-0.227	0.04864394
494	A	-0.161	0.01315235
495	T	-0.258	0.007994347
496	C	0.157	0.008122229
497	C	0.457	0.05481164
498	A	0.172	0.1051423
499	G	0.080	0.07239605
500	T	0.415	0.06164309
501	G	-0.045	0.04047551
502	A	-0.227	0.02725521
503	T	-0.249	0.0446258
504	G	-0.248	0.07693351
505	C	0.421	0.07328801
506	T	0.409	0.06127895
507	G	-0.152	0.07409095
508	C	-0.012	0.07238766
509	A	0.155	0.04456831
510	G	-0.452	0.06699042
511	T	0.133	0.08302535
512	G	0.290	0.1198281
513	C	0.095	0.1230436
514	A	0.253	0.1122146
515	C	0.389	0.06260671
516	T	0.051	0.05481082
517	G	-0.057	0.03423678
518	C	0.336	0.001650312
519	A	0.045	0.0063899
520	C	0.375	0.008172488
521	A	-0.193	0.01684937
522	G	0.237	0.03897028
523	A	-0.433	0.0261629
524	T	-0.285	-0.02279734
525	G	-0.362	-0.04810086
526	A	-0.398	-0.07654275
527	A	-0.372	-0.1232816
528	G	0.164	-0.150963
529	C	0.438	-0.1808521
530	T	0.471	-0.161004
531	C	0.035	-0.1874187
532	A	-0.442	-0.1910106
533	A	-0.378	-0.1979189
534	A	-0.540	-0.1745333
535	A	-0.458	-0.165711
536	A	-0.425	-0.1190216
537	A	-0.132	-0.1045594
538	G	0.143	-0.1393109
539	T	-0.211	-0.1677922
540	G	-0.494	-0.160746
541	A	-0.402	-0.1613416
542	T	0.035	-0.1311998
543	G	-0.248	-0.08228485
544	C	0.421	-0.04968146
545	T	0.409	-0.009751053
546	G	-0.152	0.02096236
547	C	-0.012	0.01553501
548	A	0.155	0.02460112
549	G	-0.452	0.07345783
550	T	0.133	0.09980729
551	G	0.290	0.1198281
552	C	0.095	0.1230436
553	A	0.253	0.1122146
554	C	0.389	0.06260671
555	T	0.051	0.05481082
556	G	-0.057	0.04290466
557	C	0.336	0.003632841
558	A	0.045	0.005728076
559	C	0.375	0.002593218
560	A	-0.193	0.008443571
561	G	0.237	0.02052713
562	A	-0.433	-0.008781694
563	T	-0.285	-0.04529999
564	G	-0.214	-0.05248364
565	A	-0.511	-0.06372494
566	A	-0.416	-0.0885924
567	G	0.080	-0.1042332
568	C	0.390	-0.104614
569	T	0.301	-0.1212469
570	A	-0.244	-0.1321438
571	T	-0.230	-0.08853895
572	T	-0.070	-0.1000443
573	T	-0.248	-0.1060686
574	G	-0.086	-0.07723093
575	A	-0.220	-0.04971337
576	G	0.369	-0.02470522
577	G	-0.476	-0.06692763
578	A	0.052	-0.09806351
579	C	0.307	-0.06059792
580	A	-0.480	-0.05124975
581	A	-0.317	-0.04467508
582	G	-0.021	-0.04898426
583	T	0.050	-0.05952103
584	A	0.505	-0.05984009
585	T	-0.327	-0.1027371
586	A	-0.228	-0.08449721
587	T	0.392	-0.1085822
588	C	-0.072	-0.1155243
589	A	0.041	-0.08515096
590	A	-0.321	-0.04334025
591	G	-0.265	-0.03627355
592	G	-0.225	-0.0302994
593	A	-0.359	-0.07576446
594	A	-0.166	-0.05393424
595	C	-0.357	-0.02452241
596	A	0.189	-0.02252165
597	T	0.035	-0.005403053
598	C	0.393	-0.001521482
599	A	0.098	0.003763282
600	C	0.152	0.03252152
601	T	-0.267	0.05630005
602	T	0.043	0.09020105
603	T	0.271	0.1183542
604	C	0.426	0.155637
605	C	0.218	0.1644536
606	T	0.107	0.1912639
607	T	-0.231	0.1654078
608	C	0.223	0.1512613
609	T	0.178	0.1346709
610	C	0.216	0.129578
611	A	0.312	0.1477034
612	G	0.276	0.1411023
613	C	0.339	0.1320977
614	T	0.491	0.1454569
615	T	-0.045	0.1589137
616	T	-0.142	0.1833414
617	C	-0.129	0.1524049
618	A	-0.353	0.1130774
619	G	0.351	0.06846392
620	C	0.159	0.05718616
621	C	0.273	0.03144228
622	C	0.446	-0.007503371
623	C	0.335	-0.01873425
624	G	0.183	-0.004364529
625	A	-0.302	0.03206571
626	T	-0.490	0.05075412
627	T	-0.541	0.08254647
628	A	0.120	0.06004068
629	G	-0.160	0.04678712
630	G	-0.322	0.02077706
631	G	0.300	-0.01786141
632	A	0.198	-0.01519517
633	G	0.477	-0.0003334647
634	C	0.188	0.04055683
635	A	0.186	0.09592548
636	C	-0.030	0.1297931
637	C	-0.065	0.0989714
638	A	-0.168	0.09022181
639	A	-0.210	0.1165206
640	C	0.381	0.09505598
641	C	0.436	0.06235727
642	C	0.392	0.02156562
643	C	0.451	0.02446015
644	C	0.033	0.04046151
645	A	-0.403	0.05170971
646	G	-0.309	0.04802668
647	A	0.124	0.03947038
648	T	-0.064	0.02164032
649	G	-0.357	0.02277203
650	T	-0.216	0.01714762
651	G	0.237	0.005791147
652	C	0.458	-0.001321618
653	T	0.160	-0.004882176
654	T	-0.128	0.004036647
655	T	-0.314	0.03059224
656	G	-0.513	-0.001087529
657	C	0.400	-0.0163494
658	A	0.340	-0.02402305
659	T	0.199	-0.005899894
660	C	0.330	-0.04169178
661	T	-0.026	-0.0980056
662	G	-0.251	-0.1200051
663	T	0.141	-0.1108867
664	A	-0.413	-0.09064381
665	T	-0.323	-0.04303469
666	A	-0.487	-0.0429881
667	G	0.091	-0.05117628
668	G	-0.371	-0.05782009
669	A	-0.498	-0.1023119
670	A	-0.213	-0.104677
671	T	0.026	-0.09727239
672	G	0.029	-0.09605498
673	C	0.295	-0.05465539
674	C	0.401	-0.02114774
675	A	0.201	0.007554847
676	T	0.086	0.0302524
677	T	-0.426	0.04743906
678	T	-0.066	0.102896
679	T	-0.125	0.1290198
680	C	0.162	0.1002622
681	A	0.290	0.07497051
682	G	0.245	0.06499845
683	T	0	0.02650021
 684	G	0.477	0.007635741
685	G	-0.079	-0.009711971
686	T	0.444	5.985294e-05
687	T	0.230	-0.001850235
688	T	-0.462	0.03198418
689	G	-0.400	0.04511441
690	A	0.125	0.04982588
691	A	-0.253	0.03536671
692	T	-0.119	0.04545041
693	A	-0.208	0.03537529
694	T	-0.260	0.05786639
695	G	-0.099	0.05803698
696	C	0.449	0.05198163
697	T	0.385	0.08165797
698	T	0.370	0.1089086
699	G	0	0.07098815
 700	G	0.171	0.0691738
701	C	0.306	0.09542268
702	C	0.303	0.1083242
703	C	0.446	0.1333148
704	A	0.127	0.1646581
705	G	0.042	0.1485006
706	G	0.063	0.1542784
707	A	-0.518	0.1213992
708	A	-0.284	0.09565186
709	G	0.326	0.06746715
710	T	0.010	0.03831204
711	G	0.164	-0.001712965
712	G	0.433	-0.04193444
713	C	0.174	-0.06670973
714	A	0.483	-0.05856636
715	T	-0.188	-0.04103502
716	T	-0.437	-0.02238714
717	A	-0.307	-0.01673019
718	T	-0.189	-0.02905108
719	T	-0.377	-0.04663129
720	T	-0.236	-0.03005859
721	G	-0.293	-0.04051806
722	G	0.180	-0.02305647
723	A	0.361	-0.03087318
724	G	-0.201	-0.01540377
725	A	-0.187	-0.003006476
726	T	0.117	0.006666465
727	G	-0.288	0.002183818
728	T	0.446	0.01034117
729	G	0.255	0.02987463
730	G	0.471	0.03199734
731	C	0.351	0.01295645
732	A	0.074	0.008776276
733	T	-0.226	0.03077692
734	A	-0.143	0.06451551
735	G	-0.265	0.08717934
736	A	-0.238	0.1343423
737	T	0.095	0.09547416
738	G	-0.257	0.08186935
739	T	-0.142	0.05715376
740	T	0.290	0.05727494
741	G	0.172	0.08041065
742	G	0.385	0.1151902
743	C	0.502	0.1474508
744	G	0.513	0.1859513
745	T	-0.214	0.2227111
746	A	0.024	0.2215989
747	T	0.051	0.2598012
748	G	0.353	0.2967475
749	T	0.467	0.2934523
750	G	0.364	0.2750527
751	T	0.405	0.2659075
752	C	0.389	0.2483215
753	T	0.386	0.2058286
754	C	0.076	0.2191047
755	A	0.391	0.2215409
756	C	0.485	0.2383462
757	T	0.234	0.2388689
758	G	-0.140	0.2331721
759	T	0.230	0.2263035
760	G	0.203	0.2220653
761	G	-0.208	0.204039
762	G	0.011	0.1897958
763	T	0.065	0.178108
764	G	0.336	0.125038
765	T	0.361	0.07233828
766	G	0.370	0.04219057
767	G	0.247	0.05448065
768	A	0.333	0.04172362
769	C	0.082	0.05286632
770	T	0.144	0.08204844
771	T	-0.122	0.1055344
772	T	-0.510	0.1278544
773	G	-0.410	0.1254693
774	A	-0.278	0.1197526
775	G	0.068	0.1219097
776	A	0.013	0.1333687
777	C	0.393	0.144481
778	C	0.287	0.1493829
779	C	0.410	0.1510292
780	T	0.445	0.1656011
781	T	0.296	0.2117379
782	C	0.264	0.2402714
783	T	0.407	0.2824044
784	C	0.442	0.3050924
785	C	0.522	0.3172127
786	T	0.166	0.2991007
787	A	0.172	0.2738472
788	C	0.125	0.2283028
789	T	0.273	0.1800545
790	G	0.074	0.1522656
791	C	0.437	0.1492278
792	C	0.454	0.1516015
793	C	0.219	0.1442856
794	A	0.085	0.09058789
795	T	-0.141	0.08507182
796	G	-0.363	0.1028598
797	A	-0.375	0.1164002
798	G	-0.175	0.1167459
799	A	0.213	0.1251778
800	C	0.447	0.1275032
801	A	0.317	0.08414405
802	G	-0.390	0.06965119
803	T	0.072	0.07660272
804	C	0.474	0.08839154
805	T	0.355	0.1025351
806	T	0.279	0.1469172
807	C	0.217	0.1878779
808	T	0.477	0.1920413
809	G	-0.282	0.1812377
810	T	-0.026	0.1646006
811	T	0.203	0.1860381
812	T	0.058	0.1570885
813	G	-0.123	0.1189433
814	C	0.379	0.1136821
815	C	0.520	0.1021081
816	T	0.283	0.06934802
817	T	0.263	0.02536437
818	C	0.035	0.02858614
819	A	-0.026	0.0008888706
820	G	-0.419	0.0009788118
821	A	-0.173	-0.01721824
822	T	0.266	-0.035967
823	C	0.083	-0.08118424
824	A	-0.339	-0.1377304
825	A	-0.270	-0.1809923
826	G	-0.228	-0.1793761
827	A	-0.497	-0.1587435
828	T	0.204	-0.1445467
829	G	-0.250	-0.09278262
830	T	-0.441	-0.07250509
831	A	-0.389	-0.1152411
832	G	-0.440	-0.1471656
833	A	-0.451	-0.1061794
834	A	0.291	-0.06419412
835	C	0.385	-0.02764918
836	T	0.214	0.01906612
837	C	0.460	0.01809971
838	T	0.170	0.05682747
839	T	-0.460	0.07367141
840	A	-0.459	0.09810252
841	G	0.357	0.1414648
842	C	0.443	0.1703166
843	T	0.393	0.1683796
844	C	0.296	0.1596568
845	C	0.188	0.1739956
846	T	0.407	0.1586987
847	C	-0.155	0.1592553
848	C	0.026	0.1700204
849	T	0.296	0.2033045
850	G	0.038	0.2062575
851	G	0.258	0.1970717
852	G	0.237	0.1605807
853	C	0.458	0.1383455
854	C	0.200	0.1464343
855	A	0.180	0.1475149
856	T	-0.277	0.1766382
857	G	0.106	0.2025427
858	C	0.407	0.1882138
859	T	0.287	0.1847107
860	G	-0.227	0.19362
861	G	-0.081	0.2053056
862	C	0.325	0.1962157
863	C	0.425	0.2001315
864	T	0.339	0.1952602
865	G	0.466	0.2383555
866	G	0.052	0.2478033
867	A	-0.020	0.2336708
868	C	0.409	0.2294899
869	A	0.436	0.2439796
870	C	0.304	0.271916
871	T	0.266	0.2725945
872	G	0.097	0.2707677
873	C	0.455	0.2760811
874	C	0.266	0.2735298
875	A	0.167	0.2962457
876	T	0.216	0.3069867
877	G	0.019	0.2912002
878	C	0.393	0.2890286
879	T	0.337	0.2513781
880	C	0.394	0.2207784
881	C	0.429	0.2420689
882	C	0.423	0.2232025
883	T	0.438	0.207511
884	C	0.161	0.18744
885	C	0.141	0.1700925
886	T	0.399	0.1535647
887	T	-0.335	0.1224091
888	G	-0.253	0.1017464
889	A	0.459	0.06804401
890	T	0.134	0.03416978
891	G	0	0.01223922
 892	A	-0.173	0.008579047
893	T	-0.078	-0.006088006
894	A	-0.261	-0.03647101
895	T	-0.136	-0.08443195
896	T	-0.013	-0.09678165
897	T	-0.178	-0.06473177
898	G	-0.145	-0.07986942
899	A	0.050	-0.06210354
900	C	0.376	-0.04681142
901	T	-0.087	-0.02741389
902	G	-0.374	-0.03996293
903	A	-0.415	-0.04914769
904	A	-0.545	-0.02924769
905	A	0.291	-0.01530214
906	C	0.202	0.006553335
907	T	0.436	0.03310957
908	C	0.259	0.01140548
909	T	0.156	0.002656535
910	G	-0.292	-0.02388041
911	A	-0.418	-0.02612171
912	A	0.201	0.01075924
913	C	0.223	0.06695824
914	C	0.193	0.07510459
915	T	0.305	0.08822565
916	G	-0.318	0.08695188
917	T	0.227	0.09622882
918	A	-0.538	0.09825853
919	A	-0.413	0.1403401
920	G	0.210	0.1649311
921	C	0.409	0.1359867
922	C	0.429	0.1188881
923	C	0.425	0.09233822
924	G	0.414	0.04811158
925	C	0.417	0.04342475
926	C	0.190	0.0003295765
927	C	0.423	0.04253599
928	C	0	0.08914611
 929	A	-0.290	0.09026969
930	A	-0.067	0.09023916
931	T	-0.257	0.07730016
932	T	-0.446	0.07645634
933	A	-0.398	0.03929734
934	A	-0.504	0.02768458
935	A	0.179	0.04325464
936	T	0.379	0.002075871
937	G	0.230	-0.01517478
938	C	0.409	-0.02216142
939	T	0.209	-0.03510312
940	G	0.410	-0.03962171
941	T	-0.216	-0.01890856
942	A	0.220	-
943	C	0.455	-
944	T	-0.276	-
945	T	-0.293	-
946	A	-0.408	-
947	T	-0.287	-
948	A	-0.334	-
949	A	-0.094	-
