1	C	0.123	-
2	T	0.070	-
3	A	-0.405	-
4	A	-0.507	-
5	A	-0.498	-
6	T	-0.177	-
7	T	0.169	-
8	T	-0.123	-
9	C	0.437	-
10	C	0.408	-
11	C	0.493	0.04035881
12	A	0.174	0.05794759
13	A	-0.255	0.05695719
14	T	-0.411	0.07103302
15	A	-0.210	0.09861573
16	G	-0.076	0.1134779
17	T	0.350	0.1186509
18	T	0.282	0.1103054
19	G	-0.064	0.136677
20	C	0.353	0.1110989
21	C	0.301	0.07420369
22	C	0.452	0.06793328
23	A	0.510	0.046083
24	G	0.049	0.039743
25	A	-0.095	0.05385841
26	T	0.099	0.05808937
27	T	-0.171	0.0498741
28	G	-0.063	0.02813987
29	C	-0.014	0.02961469
30	T	0.456	0.01536702
31	T	-0.125	-0.02333366
32	G	-0.402	-0.05928766
33	T	0.355	-0.101293
34	A	-0.306	-0.1186759
35	A	-0.395	-0.1009714
36	A	-0.101	-0.07962115
37	T	-0.117	-0.0848541
38	T	-0.257	-0.07592799
39	T	-0.127	-0.05997084
40	T	0.315	-0.05498947
41	T	-0.377	-0.07314603
42	A	-0.497	-0.04800366
43	T	-0.489	-0.01379785
44	A	-0.471	-0.01705621
45	G	0.127	0.001420155
46	G	0.438	0.01742649
47	T	0.374	0.003905714
48	G	-0.015	0.001546168
49	C	0.025	-0.002935195
50	T	0.287	-0.01679115
51	T	0.095	-0.01466892
52	G	0.057	0.0217444
53	G	0.427	0.06489153
54	C	0.349	0.08240585
55	C	0.283	0.09219199
56	A	0.100	0.06913844
57	T	-0.042	0.03972094
58	T	-0.398	0.04358194
59	T	-0.169	0.05388964
60	T	-0.356	0.05944739
61	A	-0.432	0.04417525
62	G	0.361	0.03718635
63	C	0.423	0.05456386
64	T	0.451	0.05602559
65	T	-0.104	0.05994713
66	T	-0.256	0.07074563
67	T	-0.379	0.07535018
68	G	-0.208	0.08592435
69	C	0.459	0.1045004
70	T	0.211	0.1087826
71	T	0.147	0.1424365
72	C	-0.048	0.1515999
73	A	-0.058	0.1489746
74	C	0.439	0.1515512
75	T	0.460	0.1493973
76	C	0.435	0.1762044
77	T	0.521	0.1732568
78	G	0.201	0.2030341
79	T	0.189	0.2150295
80	C	0.010	0.1881096
81	A	-0.075	0.1946479
82	A	0.384	0.207822
83	C	-0.231	0.2021517
84	T	0.304	0.1874314
85	T	0.480	0.1548041
86	C	0.403	0.1280554
87	T	0.485	0.1262549
88	A	-0.321	0.115501
89	G	0.275	0.1243914
90	C	0.055	0.1249305
91	A	-0.133	0.1454268
92	T	0.354	0.1523948
93	C	0.437	0.1499849
94	A	-0.173	0.1801674
95	A	-0.382	0.175226
96	G	-0.278	0.1396643
97	A	-0.128	0.1189424
98	T	0.396	0.09900838
99	T	0.284	0.119655
100	T	0.396	0.09889083
101	G	0.201	0.07730423
102	T	0.460	0.06524487
103	C	0.078	0.02945228
104	A	0.331	-0.013184
105	C	0.432	-0.01708827
106	C	0.195	-0.01100913
107	A	-0.302	-0.0164819
108	A	-0.051	-0.02230272
109	G	0.047	-0.04375219
110	G	0.133	-0.05544702
111	A	-0.181	-0.06592406
112	T	-0.419	-0.07508702
113	T	-0.398	-0.07864006
114	A	-0.432	-0.07824146
115	A	-0.500	-0.1005721
116	A	-0.259	-0.09979819
117	T	-0.248	-0.105995
118	G	-0.398	-0.07111372
119	A	-0.256	-0.06629623
120	A	-0.075	-0.0814788
121	T	0.027	-0.07590067
122	G	0.166	-0.07589476
123	G	0	-0.0678208
 124	T	0.382	-0.06316921
125	G	0.086	-0.03860071
126	C	-0.160	-0.02606776
127	T	0.449	-0.03202921
128	C	0.059	-0.03910153
129	T	0.465	-0.01331867
130	T	0.054	0.01387488
131	G	-0.286	0.007724341
132	T	0.255	-0.006498918
133	T	-0.180	-0.02226074
134	G	-0.241	-0.009156827
135	A	-0.296	-0.04292828
136	T	0.108	-0.06477451
137	T	-0.224	-0.06198463
138	T	-0.390	-0.07992073
139	A	-0.403	-0.1036069
140	T	0.168	-0.130999
141	T	0.341	-0.1480768
142	T	-0.210	-0.1512546
143	T	-0.285	-0.1840644
144	A	-0.180	-0.1867101
145	T	0.288	-0.1690719
146	G	-0.360	-0.1357189
147	A	-0.393	-0.1206765
148	A	-0.098	-0.1241535
149	G	0.055	-0.1076812
150	T	-0.461	-0.09359143
151	G	-0.137	-0.09941706
152	A	-0.321	-0.1171234
153	A	-0.356	-0.1148765
154	G	-0.465	-0.09596269
155	A	-0.239	-0.1079293
156	G	0.146	-0.1364909
157	C	0.437	-0.1386647
158	A	0.438	-0.1445199
159	G	-0.301	-0.1526065
160	G	-0.028	-0.1741945
161	A	-0.093	-0.1720368
162	T	0.040	-0.1868777
163	C	-0.047	-0.1892677
164	A	-0.161	-0.1808305
165	T	0.130	-0.1780235
166	A	-0.443	-0.1748871
167	G	-0.340	-0.1653742
168	A	-0.407	-0.1691101
169	A	-0.522	-0.1818128
170	A	-0.276	-0.1741463
171	A	-0.419	-0.1845122
172	G	-0.414	-0.179678
173	A	-0.463	-0.1736321
174	A	-0.374	-0.1617266
175	G	-0.171	-0.1574128
176	A	-0.404	-0.1689625
177	G	-0.170	-0.1444132
178	G	0.355	-0.1182136
179	C	0.355	-0.08023239
180	A	0.159	-0.04067975
181	G	-0.132	-0.01618412
182	G	-0.256	0.02451715
183	A	0.012	0.0421375
184	T	0.173	0.08303114
185	C	0.214	0.1162925
186	A	-0.066	0.1414118
187	T	-0.123	0.1707108
188	G	0.096	0.1794359
189	T	0.236	0.1681992
190	C	0.427	0.1428983
191	C	0.347	0.1178674
192	T	0.262	0.1185136
193	G	0.475	0.1097799
194	G	-0.026	0.1268249
195	T	0.435	0.1219551
196	C	0.357	0.09270624
197	T	0.381	0.09143893
198	T	0.240	0.0922557
199	C	0.021	0.08402597
200	T	0.108	0.07704305
201	G	-0.201	0.03653715
202	A	-0.391	0.0180428
203	G	-0.118	0.002402909
204	A	-0.448	4.668182e-05
205	C	0.387	0.0147182
206	G	0.066	-0.005089532
207	A	-0.429	-0.01113985
208	A	-0.094	-0.009200941
209	G	-0.105	-0.004636805
210	A	-0.084	0.01387765
211	G	0.082	0.02888401
212	A	-0.463	0.05981719
213	G	-0.059	0.08538065
214	G	-0.081	0.1100618
215	C	0.423	0.1525515
216	C	0.295	0.1486897
217	A	0	0.1644865
 218	G	0.224	0.2013771
219	C	0.424	0.1950679
220	G	0.340	0.1909547
221	C	0.429	0.1777109
222	C	0.438	0.1671035
223	T	0.479	0.2016825
224	G	0.171	0.1901263
225	T	0.424	0.1844557
226	C	0.486	0.1854316
227	C	0.302	0.193037
228	T	0.413	0.1798396
229	C	0.382	0.1533001
230	G	-0.233	0.1381571
231	A	-0.196	0.1306237
232	G	-0.375	0.09592399
233	T	-0.150	0.07648804
234	A	0.297	0.0771014
235	A	-0.313	0.07347677
236	G	-0.206	0.070495
237	C	0.445	0.06832959
238	T	0.463	0.07826864
239	G	-0.290	0.07832314
240	T	-0.359	0.07634968
241	T	0.090	0.09913923
242	C	0.175	0.123894
243	T	-0.334	0.1360975
244	A	0.010	0.1523022
245	C	0.492	0.1478073
246	T	0.091	0.1715146
247	A	0.358	0.1940976
248	C	0.438	0.1854462
249	C	0.521	0.160308
250	T	0.415	0.1490271
251	A	0.338	0.1711061
252	C	0.268	0.180005
253	T	0.348	0.1752497
254	C	-0.107	0.212846
255	A	0.205	0.2091619
256	T	0.198	0.1656973
257	G	0.207	0.1395283
258	C	0.290	0.1110688
259	T	0.255	0.067433
260	G	-0.089	0.03197927
261	A	-0.538	-0.00523405
262	G	0.126	-0.04077241
263	G	0.286	-0.06198505
264	G	0.070	-0.09787682
265	C	0.492	-0.08739778
266	T	-0.070	-0.08468064
267	T	-0.463	-0.1106771
268	A	-0.484	-0.1285546
269	C	-0.267	-0.1383274
270	A	-0.521	-0.1317026
271	A	-0.258	-0.124111
272	G	-0.403	-0.1046099
273	A	-0.442	-0.1069453
274	A	-0.198	-0.09967427
275	G	-0.441	-0.1127031
276	T	0.123	-0.1294063
277	G	0.265	-0.1198258
278	G	-0.373	-0.08526812
279	A	-0.185	-0.07703966
280	A	0.075	-0.07322212
281	T	0.400	-0.06668116
282	C	0.077	-0.07302085
283	A	-0.109	-0.07921898
284	T	0.074	-0.06489853
285	T	0.446	-0.07490248
286	G	-0.216	-0.06208307
287	A	0.125	-0.05999144
288	G	0.140	-0.06807882
289	T	0.296	-0.0316155
290	G	-0.303	-0.01239078
291	A	-0.183	-0.0111247
292	A	-0.377	-0.02218139
293	G	-0.398	-0.02569346
294	A	-0.539	-0.003500373
295	A	-0.127	-0.004230955
296	G	-0.418	-0.003925591
297	A	-0.159	-0.009037091
298	C	0.169	-0.035272
299	A	0.087	-0.06393423
300	G	0.428	-0.09521677
301	C	0.237	-0.09780491
302	A	0.103	-0.08299641
303	T	0.157	-0.06584986
304	G	0	-0.07044418
 305	T	0.378	-0.06332477
306	G	0.058	-0.0723035
307	G	0.453	-0.06559309
308	T	-0.328	-0.06484832
309	A	-0.451	-0.07663233
310	A	-0.490	-0.06069858
311	G	-0.391	-0.06356558
312	A	-0.360	-0.07908054
313	A	0.142	-0.1027661
314	C	0	-0.106036
 315	A	-0.499	-0.1027218
316	A	-0.383	-0.1003875
317	G	-0.325	-0.09087688
318	T	-0.271	-0.1054427
319	A	-0.142	-0.07070788
320	A	-0.090	-0.05363217
321	C	0.438	-0.02881815
322	T	0.365	-0.02606287
323	G	-0.103	-0.01120931
324	A	-0.417	-0.0248494
325	G	0.085	-0.04180622
326	A	0.072	-0.04108477
327	T	0.430	-0.04512518
328	C	0.268	-0.05135377
329	A	0.132	-0.05870963
330	G	0.435	-0.0739384
331	G	-0.076	-0.08448512
332	A	0.055	-0.08639871
333	G	-0.330	-0.08149075
334	G	-0.033	-0.0560123
335	A	-0.157	-0.03443731
336	A	-0.373	-0.02493555
337	A	-0.483	-0.02574398
338	A	-0.472	-0.0416163
339	A	-0.462	-0.04127671
340	A	-0.432	-0.04268557
341	A	-0.477	-0.05712962
342	A	-0.322	-0.05702026
343	T	0.396	-0.04498156
344	C	0.473	-0.0417132
345	C	0.456	-0.05034775
346	T	0.056	-0.02696025
347	T	0.294	0.0082277
348	G	0.055	0.03643734
349	G	0.080	0.0374737
350	A	0.275	0.04537156
351	T	0.101	0.04279102
352	T	0.117	0.04031738
353	C	-0.073	0.06038656
354	T	0.320	0.04467134
355	A	-0.258	0.04085207
356	C	-0.223	0.03868102
357	A	0.356	0.05464512
358	C	0.401	0.0330804
359	A	0.137	0.0201393
360	T	-0.449	-0.006162427
361	T	-0.288	-0.04357311
362	T	-0.489	-0.06377011
363	T	-0.532	-0.06154084
364	T	0.119	-0.07632295
365	G	0.050	-0.08058477
366	G	0.389	-0.04983477
367	C	0.409	-0.02497386
368	T	0.407	-0.04487802
369	T	-0.179	-0.06310915
370	T	-0.229	-0.08049911
371	A	-0.497	-0.07802984
372	T	-0.547	-0.08476911
373	G	-0.342	-0.06781843
374	C	0.166	-0.04718043
375	A	-0.398	-0.04229234
376	A	0.226	-0.03382648
377	G	0.417	-0.03277785
378	G	0.323	-0.03253335
379	G	-0.080	-0.0350948
380	A	0	-0.01343812
 381	A	-0.245	0.01420661
382	G	-0.395	0.05623115
383	A	-0.436	0.1009644
384	A	-0.116	0.1357711
385	C	-0.078	0.1476337
386	A	0.226	0.1806372
387	G	0.236	0.1890541
388	C	0.412	0.1633172
389	T	0.414	0.1385643
390	C	0.351	0.1507091
391	C	0.296	0.1536181
392	C	0.378	0.1832448
393	C	0.426	0.2012041
394	T	0.436	0.2075796
395	C	0.423	0.1922471
396	C	0.427	0.1740808
397	C	0.327	0.1443554
398	C	0.412	0.1161876
399	C	-0.148	0.1082281
400	A	-0.220	0.1082809
401	G	0.186	0.1030904
402	G	0.063	0.09486276
403	G	0.406	0.06846954
404	A	0	0.03658717
 405	T	-0.296	-0.0007283273
406	A	-0.454	-0.01857341
407	T	-0.477	-0.03563181
408	T	-0.426	-0.04620637
409	A	-0.383	-0.06186001
410	A	0.237	-0.03494342
411	C	0.415	-0.02367678
412	C	0.237	-0.02610928
413	C	0.115	-0.034747
414	A	-0.202	-0.06861027
415	A	-0.274	-0.04922922
416	T	-0.384	-0.04047404
417	A	0.030	-0.01288622
418	T	0.052	-0.005937905
419	C	0.094	0.01775109
420	A	0.067	0.04347291
421	C	0.443	0.02461964
422	A	0.026	-0.008957364
423	T	0.132	-0.02946655
424	G	-0.126	-0.04515291
425	A	-0.338	-0.059263
426	C	0.426	-0.06348818
427	A	-0.104	-0.06356327
428	A	0.152	-0.0740706
429	G	-0.324	-0.08877742
430	A	0.094	-0.1086109
431	T	0.182	-0.1080445
432	G	-0.177	-0.1199249
433	G	-0.323	-0.1341851
434	A	-0.213	-0.1330887
435	A	-0.229	-0.1411753
436	T	-0.512	-0.1468392
437	A	-0.367	-0.1528761
438	A	-0.385	-0.1574065
439	G	-0.200	-0.1875722
440	A	-0.271	-0.1864092
441	G	-0.341	-0.181764
442	T	0.080	-0.1766538
443	T	0.182	-0.1500682
444	A	-0.286	-0.1161753
445	A	0.156	-0.08785667
446	T	-0.303	-0.08821626
447	G	-0.463	-0.07345517
448	C	0.293	-0.07942617
449	A	-0.203	-0.07934345
450	A	-0.510	-0.07991754
451	A	-0.299	-0.08601563
452	C	0.196	-0.07519258
453	C	0.295	-0.07044114
454	G	0.407	-0.09169718
455	T	0.422	-0.05914655
456	C	0.409	-0.05053609
457	A	-0.237	-0.04249018
458	T	-0.187	-0.04034555
459	A	-0.498	-0.06668505
460	T	-0.384	-0.07528136
461	C	-0.212	-0.07637218
462	A	-0.405	-0.08067445
463	A	-0.103	-0.09954955
464	G	0.184	-0.09597309
465	G	-0.285	-0.1042172
466	C	0.429	-0.1289052
467	T	0.346	-0.1462461
468	G	-0.126	-0.1157516
469	G	-0.416	-0.08918889
470	A	-0.285	-0.0462428
471	T	-0.392	-0.0181438
472	A	-0.534	-0.01006357
473	A	-0.394	0.006368173
474	G	-0.218	0.02276749
475	G	0.373	0.02763076
476	C	0.226	0.05314022
477	A	-0.120	0.03816776
478	A	0.027	0.003701764
479	C	0.433	0.008200668
480	C	0.396	0.0332098
481	T	0.445	0.04454615
482	G	0.234	0.08258692
483	A	-0.035	0.09379342
484	G	-0.043	0.1131053
485	C	0.257	0.1433547
486	A	0.291	0.1243509
487	C	0.275	0.1070878
488	T	0.099	0.1024005
489	T	-0.411	0.08915678
490	G	-0.027	0.05746996
491	G	0.134	0.0192491
492	A	-0.036	-0.003252841
493	T	0.444	-0.03407039
494	G	-0.288	-0.03676005
495	G	0.030	-0.0467043
496	T	0.446	-0.060473
497	T	-0.044	-0.0706732
498	G	-0.153	-0.09516006
499	G	-0.223	-0.1177091
500	A	-0.263	-0.1134075
501	A	-0.263	-0.1246863
502	T	-0.444	-0.1432875
503	A	-0.049	-0.1233829
504	T	-0.443	-0.1229166
505	A	-0.094	-0.08954299
506	C	-0.262	-0.08267954
507	A	-0.045	-0.1196975
508	T	0.067	-0.1296711
509	T	-0.262	-0.1284578
510	A	-0.396	-0.1142036
511	A	-0.317	-0.09077843
512	T	-0.276	-0.06380293
513	A	-0.275	-0.04929261
514	C	0.401	-0.06317708
515	T	0.454	-0.0662843
516	C	0.446	-0.08679345
517	A	0.181	-0.09316318
518	G	-0.367	-0.10952
519	G	-0.263	-0.1269759
520	A	-0.126	-0.1323841
521	C	0.089	-0.1331439
522	A	0.251	-0.1396613
523	C	0.329	-0.1401169
524	C	-0.124	-0.1359488
525	A	-0.354	-0.1528558
526	A	-0.512	-0.1749526
527	A	-0.545	-0.2035497
528	A	-0.402	-0.2336772
529	G	-0.405	-0.2281086
530	G	-0.316	-0.2243112
531	A	-0.381	-0.2319064
532	A	-0.412	-0.2546007
533	A	-0.460	-0.267975
534	A	-0.286	-0.2948193
535	G	-0.183	-0.2976313
536	C	0.029	-0.3035791
537	A	-0.031	-0.2987204
538	A	-0.183	-0.286516
539	C	-0.480	-0.2864783
540	A	-0.245	-0.2858998
541	C	-0.180	-0.282547
542	A	-0.294	-0.2737867
543	A	-0.409	-0.2343406
544	T	-0.042	-0.2109548
545	A	-0.260	-0.1807438
546	T	-0.186	-0.1676248
547	A	-0.485	-0.1818494
548	A	-0.405	-0.1648815
549	T	-0.277	-0.1565572
550	A	-0.401	-0.127594
551	A	-0.393	-0.124935
552	T	-0.242	-0.1307821
553	A	-0.189	-0.1316533
554	C	0.454	-0.1076109
555	A	0.053	-0.1072896
556	T	0.378	-0.0919489
557	G	0.105	-0.09394399
558	A	-0.283	-0.06153331
559	C	0.341	-0.05587072
560	A	0	-0.05113049
 561	A	0.156	-0.05029517
562	C	-0.186	-0.02100872
563	A	-0.308	-0.001000264
564	G	-0.313	-0.0046609
565	T	0.119	-0.03726417
566	A	-0.035	-0.05724461
567	T	0.076	-0.09248275
568	G	-0.230	-0.1165545
569	G	0.227	-0.1067731
570	A	-0.280	-0.1292592
571	A	-0.172	-0.1507231
572	A	-0.383	-0.1739099
573	G	0.251	-0.149913
574	T	0.197	-0.1300455
575	T	-0.269	-0.1023372
576	G	-0.262	-0.104323
577	T	-0.385	-0.1052162
578	T	-0.396	-0.106443
579	A	-0.424	-0.1059912
580	A	-0.068	-0.1060818
581	C	-0.153	-0.07437373
582	G	-0.472	-0.04810082
583	A	-0.353	-0.0130135
584	G	0.341	-0.01026032
585	G	0.128	-0.01478672
586	G	0.296	-0.01669476
587	G	0.075	-0.01672667
588	A	-0.055	-0.007387855
589	C	0.049	0.02173874
590	A	-0.220	0.0475311
591	T	0.225	0.05145172
592	C	0.416	0.06712013
593	G	0.405	0.09657727
594	C	0.388	0.1036501
595	T	0.311	0.07839072
596	G	0.097	0.0712755
597	A	-0.311	0.05621714
598	G	-0.263	0.04715213
599	A	-0.180	0.06855366
600	C	0.244	0.06897664
601	T	0.143	0.0944295
602	G	0.017	0.08938173
603	G	0.191	0.08250809
604	A	0.175	0.05666214
605	G	-0.198	0.01728586
606	T	-0.214	-0.01166768
607	A	-0.028	-0.01941255
608	G	-0.034	-0.02006924
609	G	-0.123	0.0009280818
610	G	0.415	0.02885495
611	A	0.059	0.04047222
612	G	0.339	0.04305563
613	C	0.114	0.05988539
614	A	0.265	0.0487225
615	G	-0.163	0.05444514
616	G	-0.477	0.083345
617	A	-0.325	0.1027461
618	G	-0.072	0.1074283
619	A	-0.326	0.1048781
620	G	0.198	0.09737251
621	G	0.434	0.09331742
622	G	0.499	0.1009054
623	T	0.199	0.08021813
624	T	0.388	0.07775481
625	C	-0.054	0.07517249
626	A	0.301	0.09350781
627	C	0.437	0.1266228
628	T	0.212	0.1590219
629	G	0.074	0.1814202
630	G	-0.090	0.2044304
631	G	-0.288	0.216417
632	G	0.326	0.2041774
633	T	0.226	0.1908081
634	G	-0.115	0.1906127
635	C	0.060	0.1885164
636	A	0.208	0.2009638
637	G	0.239	0.1969971
638	C	0.250	0.1962024
639	A	0.387	0.1644662
640	C	0.419	0.1536836
641	A	0.180	0.1557364
642	C	0.462	0.1505649
643	A	0.164	0.1233815
644	G	0.205	0.09391197
645	T	0.195	0.08835565
646	C	0.342	0.06750475
647	G	0.219	0.06944498
648	T	0.214	0.04856589
649	C	0.420	0.04176611
650	G	-0.485	0.004563386
651	A	-0.162	-0.03344248
652	G	-0.045	-0.0637583
653	T	-0.402	-0.08743869
654	G	-0.271	-0.07661387
655	A	-0.422	-0.1058268
656	A	-0.238	-0.1275799
657	A	-0.398	-0.1622388
658	T	0.251	-0.1910873
659	G	-0.219	-0.2149447
660	G	0.101	-0.2178306
661	A	-0.430	-0.1780044
662	A	-0.416	-0.1540148
663	A	-0.486	-0.1296196
664	A	-0.058	-0.1086646
665	C	0.402	-0.09355263
666	A	-0.437	-0.09527977
667	G	-0.283	-0.09876036
668	A	-0.420	-0.09751595
669	A	-0.414	-0.11912
670	A	-0.310	-0.1208358
671	T	0.356	-0.1459185
672	C	0.390	-0.1342144
673	C	0.365	-0.1241076
674	C	0.490	-0.1007107
675	T	0.058	-0.1180691
676	T	0.060	-0.1439157
677	T	-0.460	-0.1413247
678	G	-0.314	-0.1122935
679	A	-0.371	-0.09254186
680	A	-0.223	-0.08473005
681	A	-0.257	-0.08960573
682	A	-0.450	-0.1275097
683	T	-0.173	-0.1651899
684	A	-0.193	-0.1991705
685	A	0.027	-0.2360864
686	G	-0.440	-0.2387456
687	A	-0.165	-0.2591273
688	G	-0.380	-0.2390585
689	A	0.355	-0.222867
690	T	0.014	-0.1886921
691	A	-0.243	-0.1737302
692	G	-0.417	-0.1534689
693	A	-0.477	-0.1308264
694	A	-0.438	-0.1162147
695	T	-0.382	-0.1036317
696	T	-0.321	-0.116384
697	C	0	-0.09177997
 698	A	-0.387	-0.09238815
699	A	-0.018	-0.0571492
700	G	0.041	-0.06216565
701	G	0.380	-0.05293923
702	G	0.105	-0.03379091
703	T	0.188	0.002408177
704	T	0.047	0.01374154
705	T	0.148	0.01749622
706	C	0.083	0.02382309
707	A	-0.252	0.01829313
708	G	0.100	0.009837632
709	G	-0.179	0.04049631
710	A	0.395	0.05116185
711	G	0.245	0.06003707
712	C	0.217	0.0535392
713	C	0.178	0.05830111
714	A	0.378	0.05584616
715	T	-0.228	0.03546505
716	G	-0.356	0.03531173
717	A	-0.242	0.02389709
718	A	-0.442	0.01287473
719	T	-0.186	0.01754568
720	G	0.286	0.04453623
721	G	0.215	0.03657336
722	A	0.236	0.03955345
723	G	0.237	0.01957391
724	T	0.210	0.002735273
725	G	0.134	-0.03401868
726	A	-0.400	-0.0387035
727	T	0.144	-0.02469407
728	T	-0.168	-0.002457345
729	T	-0.495	0.0333872
730	G	0.203	0.05007406
731	G	0.414	0.05787915
732	T	0.219	0.06986638
733	G	0.310	0.0721502
734	G	-0.222	0.06133675
735	A	-0.192	0.03436684
736	G	-0.429	0.009874109
737	A	-0.331	0.01345656
738	C	-0.047	0.02412761
739	A	0.246	0.04548888
740	T	0.345	0.08223152
741	C	0.181	0.0931502
742	C	0.458	0.08902143
743	T	0.479	0.09033129
744	G	0.286	0.07719049
745	T	0	0.07331622
 746	T	-0.383	0.07728395
747	T	-0.404	0.08162872
748	A	-0.322	0.08862813
749	C	0.379	0.08443993
750	A	0.301	0.06768356
751	G	0.313	0.02946252
752	C	0.443	0.01565288
753	T	0.323	-0.0297898
754	G	0.248	-0.05759821
755	A	0.021	-0.05904753
756	G	-0.307	-0.04657548
757	T	-0.104	-0.01147203
758	A	-0.334	0.02382806
759	T	-0.177	0.0570537
760	T	-0.140	0.05289356
761	C	-0.122	0.040698
762	A	-0.495	0.02298483
763	A	-0.122	0.01221337
764	A	-0.541	0.004025009
765	G	-0.132	-0.01740949
766	G	0.255	-0.03983833
767	T	0.274	-0.02054355
768	C	0.388	0.005005945
769	C	0.372	0.02183573
770	C	0.408	0.04996432
771	T	0.288	0.07724669
772	G	0.033	0.08817705
773	G	-0.076	0.1311997
774	A	0.206	0.128567
775	C	0.143	0.1558755
776	T	-0.222	0.1829442
777	A	-0.471	0.1911639
778	A	0.116	0.1918985
779	T	0.457	0.1591991
780	C	0.035	0.1338682
781	T	0.441	0.1207221
782	C	0.460	0.1251838
783	A	0.118	0.1187654
784	G	0.451	0.115988
785	G	-0.180	0.1122304
786	T	0.059	0.1130862
787	T	0.463	0.1251445
788	C	0.435	0.1257996
789	A	0.290	0.1129324
790	T	-0.330	0.08174603
791	G	-0.184	0.0899082
792	G	0.119	0.07542506
793	T	0.386	0.06056402
794	C	-0.107	0.04387134
795	A	-0.137	0.02460146
796	A	0.124	0.02920538
797	C	0.162	0.03582679
798	C	0.042	0.03295756
799	A	-0.457	0.02196079
800	A	-0.166	-0.001524077
801	G	-0.228	0.0143823
802	G	0.215	0.00825925
803	A	0.123	0.004795982
804	G	0.133	-0.03301965
805	G	-0.249	-0.05085965
806	A	0.027	-0.05958647
807	T	-0.079	-0.05463802
808	C	0.205	-0.06202584
809	A	0.400	-0.04352812
810	C	0.193	-0.002927895
811	G	-0.226	0.005287845
812	G	0.019	0.01971568
813	A	-0.319	2.3e-05
814	T	0.043	0.005445636
815	A	-0.445	0.01816845
816	A	-0.500	0.02873052
817	G	-0.329	0.03688499
818	T	0.233	0.05891256
819	T	0	0.05518115
 820	C	0.449	0.03170611
821	C	0.435	0.004636155
822	A	0.014	0.01621729
823	T	0.088	0.001438555
824	C	-0.217	0.009672873
825	T	0.242	0.007696823
826	C	0.413	0.04175005
827	A	-0.016	0.07394814
828	C	0.206	0.08484197
829	C	0.405	0.05870647
830	G	0.123	0.03404747
831	A	-0.116	-0.005023941
832	G	-0.401	-0.04381712
833	T	0.028	-0.04395685
834	A	-0.305	-0.02543769
835	G	-0.138	-0.03114296
836	A	0	-0.06365665
 837	C	0.303	-0.08842124
838	C	0.208	-0.08545884
839	T	-0.089	-0.07499548
840	T	-0.341	-0.07564839
841	A	-0.542	-0.08841502
842	A	-0.410	-0.08068509
843	G	-0.417	-0.0693455
844	A	0.011	-0.06216186
845	C	0.495	-0.05646868
846	A	-0.343	-0.02832545
847	A	-0.472	-0.02409687
848	A	-0.131	-0.03697528
849	T	0.048	-0.02668942
850	C	0.436	-0.0032687
851	T	0.390	-0.005410427
852	G	-0.157	0.007188391
853	T	0.053	0.02254942
854	T	-0.152	0.02489133
855	G	0.186	0.005556682
856	C	-0.180	-0.01841723
857	T	0.480	0.01748536
858	T	0.093	0.0469644
859	G	0.020	0.06831877
860	T	0.434	0.07882817
861	C	0.425	0.07791222
862	G	-0.388	0.05382313
863	T	-0.265	0.07824058
864	T	-0.072	0.0945111
865	T	-0.365	0.1209782
866	T	-0.413	0.1200566
867	A	-0.031	0.125254
868	C	0.446	0.1229493
869	A	0.175	0.1398113
870	C	0.338	0.1466594
871	T	0.279	0.1477584
872	C	0.416	0.1058423
873	T	-0.139	0.1318019
874	G	0.379	0.1612865
875	C	0.411	0.1811454
876	C	0.430	0.1924306
877	T	0.166	0.2127958
878	G	-0.066	0.2282069
879	C	0.430	0.2057758
880	C	0.463	0.1937251
881	C	0.170	0.1598784
882	T	0.458	0.1530084
883	T	-0.496	0.1428977
884	G	0.182	0.1609693
885	C	0.383	0.1437138
886	T	0.364	0.1336367
887	G	-0.117	0.1240072
888	T	0.034	0.1389483
889	G	0.307	0.1352609
890	T	-0.046	0.1108955
891	G	-0.089	0.06871314
892	A	-0.406	0.05496178
893	A	0.128	0.0239066
894	G	0.194	0.05353755
895	T	0.258	0.04031428
896	G	0	0.04137596
 897	G	0.190	0.030512
898	A	0.218	0.05355837
899	C	0.495	0.07165954
900	T	-0.147	0.07723554
901	A	-0.106	0.1001401
902	A	-0.464	0.09552795
903	C	-0.131	0.09175073
904	T	-0.224	0.06513118
905	A	0.155	0.04266786
906	C	-0.108	0.05036714
907	C	0.406	0.06285064
908	A	0.125	0.06728541
909	G	0.389	0.06775195
910	C	0.432	0.06447132
911	C	0.430	0.09032014
912	C	0.457	0.09671139
913	C	-0.190	0.1083212
914	A	-0.489	0.1326114
915	A	-0.457	0.1645732
916	C	-0.299	0.1652686
917	C	0.427	0.1588876
918	T	0.274	0.122996
919	G	0.287	0.102221
920	G	0.228	0.07702493
921	C	0.422	0.05302993
922	T	0.421	0.05272193
923	T	0.034	0.05037389
924	C	-0.208	0.07343248
925	T	0.402	0.1002693
926	C	0.478	0.1396366
927	T	0.170	0.165065
928	T	-0.249	0.1445286
929	G	-0.382	0.1347245
930	A	-0.331	0.1096374
931	A	-0.165	0.07526913
932	T	-0.095	0.03115063
933	C	0.423	0.0009404909
934	C	0.405	-0.007674395
935	T	0.316	-0.003604214
936	T	0.100	-0.03221844
937	G	0.408	-0.0316879
938	G	0.259	-0.04897958
939	G	-0.023	-0.0157719
940	T	0.058	0.01801556
941	A	-0.264	0.05605083
942	A	-0.527	0.07952942
943	A	-0.547	0.09928229
944	A	-0.243	0.09950556
945	G	-0.154	0.0810777
946	G	-0.119	0.05619351
947	T	-0.226	0.05083411
948	A	0.490	0.01377111
949	C	-0.210	-0.009342568
950	A	0.481	-0.01715692
951	C	0.360	-0.0095974
952	T	0.505	0.02346233
953	C	0.351	0.05529474
954	A	0.338	0.1015018
955	C	0.428	0.09997274
956	A	0	0.09906815
 957	T	-0.231	0.1009401
958	A	-0.017	0.1054596
959	T	-0.406	0.07691683
960	G	-0.248	0.07123897
961	T	-0.195	0.03776583
962	T	0.225	0.03633188
963	C	0.463	0.004910786
964	C	0.172	-0.006740145
965	T	0.468	-0.0011761
966	T	-0.276	-0.004248918
967	T	-0.174	0.003371673
968	T	-0.077	0.01542142
969	C	-0.127	0.01468952
970	A	-0.137	0.03937334
971	A	-0.334	0.04867654
972	C	-0.254	0.04969867
973	T	0.328	0.05614095
974	A	-0.185	0.05383231
975	G	0.095	0.05707663
976	C	0.461	0.03494802
977	C	0.360	0.04896735
978	T	0.167	0.05575377
979	T	0.033	0.04204145
980	C	-0.033	0.04463376
981	T	0.136	0.06100658
982	T	-0.044	0.0949218
983	G	-0.173	0.1236071
984	G	0.366	0.1263277
985	C	0.412	0.1495179
986	A	0.244	0.166995
987	C	-0.017	0.1500785
988	A	0.031	0.1475645
989	G	-0.025	0.1406182
990	T	-0.379	0.1252682
991	T	-0.070	0.1258662
992	G	0.222	0.1221777
993	C	0.411	0.1279827
994	T	0.376	0.1223449
995	G	0.388	0.1239981
996	G	0.324	0.1256779
997	G	0.479	0.1318594
998	T	0.089	0.1521402
999	A	0.305	0.1584698
1000	C	0.014	0.1735457
1001	T	-0.303	0.1812032
1002	A	-0.020	0.1948089
1003	C	0.055	0.2052016
1004	T	0.083	0.2033725
1005	A	-0.297	0.1862747
1006	T	0.403	0.1628366
1007	C	0.449	0.1333786
1008	T	0.380	0.09068329
1009	C	0.428	0.06314073
1010	C	0.170	0.0299356
1011	T	0.306	0.01823078
1012	A	-0.211	0.04528078
1013	C	0.228	0.04549383
1014	C	0.451	0.03877948
1015	T	0.370	0.03677298
1016	G	0	0.06316366
 1017	G	-0.126	0.06464911
1018	A	-0.323	0.0663252
1019	G	-0.459	0.06359689
1020	A	-0.516	0.03049793
1021	A	-0.425	0.008752159
1022	G	-0.242	-0.005678923
1023	C	0.291	0.01817903
1024	A	-0.015	-0.01101901
1025	T	-0.092	-0.04405865
1026	G	0.039	-0.03771392
1027	C	0.283	-0.0421218
1028	C	0.436	-0.03268787
1029	C	0.486	0.003633627
1030	T	0.320	0.02452449
1031	T	-0.299	0.03274804
1032	A	-0.307	0.04216013
1033	T	-0.011	0.05376145
1034	C	0.313	0.06076136
1035	A	-0.413	0.06296061
1036	A	-0.275	0.07540456
1037	T	0.510	0.09144747
1038	T	-0.096	0.08851356
1039	T	0.080	0.08954342
1040	C	0.475	0.08652106
1041	T	0	0.09298629
 1042	T	-0.335	0.1256399
1043	A	-0.218	0.1582599
1044	T	0.012	0.1800564
1045	C	0.445	0.1828034
1046	T	0.032	0.2191726
1047	C	0.181	0.240491
1048	A	0.392	0.2141548
1049	G	0.218	0.2313672
1050	T	0.458	0.2482315
1051	C	0.419	0.246658
1052	T	0.462	0.2662938
1053	C	0.418	0.2902636
1054	T	0.410	0.3092706
1055	C	0.468	0.3169599
1056	C	0.374	0.2722498
1057	T	0.386	0.2727657
1058	A	0.193	0.2658797
1059	C	-0.068	0.2527817
1060	C	0.281	0.2486924
1061	T	0.451	0.2482268
1062	T	0.440	0.2269238
1063	C	0.431	0.1884
1064	C	0.191	0.1738631
1065	C	0.200	0.1655821
1066	T	0.181	0.1416046
1067	A	-0.538	0.143314
1068	A	0.044	0.1058115
1069	C	0.030	0.07913487
1070	T	0.104	0.05761711
1071	T	0.128	0.03334643
1072	C	0.448	0.03031343
1073	A	-0.049	0.03102898
1074	G	-0.385	0.03162025
1075	T	0.098	0.04295598
1076	T	0.228	0.05000407
1077	G	-0.059	0.06219357
1078	C	0.411	0.08665848
1079	A	-0.438	0.07826276
1080	A	-0.393	0.06607696
1081	A	-0.542	0.04265828
1082	A	-0.252	0.02825569
1083	C	0.384	0.02374637
1084	T	0.456	0.0455699
1085	C	0.444	0.0748998
1086	T	0.440	0.08927079
1087	C	0.355	0.08949579
1088	C	0.449	0.1089628
1089	T	0	0.1112361
 1090	G	-0.140	0.1251988
1091	A	-0.238	0.1197464
1092	A	-0.411	0.1415916
1093	C	-0.188	0.1595362
1094	A	0.349	0.1374814
1095	C	0.431	0.1074803
1096	C	0.260	0.09213357
1097	C	0.414	0.08969593
1098	A	0.232	0.08812066
1099	C	0.368	0.06922992
1100	C	0.461	0.08436529
1101	T	-0.131	0.1022421
1102	G	-0.513	0.1212862
1103	T	-0.061	0.1438334
1104	A	0.142	0.162314
1105	G	-0.100	0.1276415
1106	G	-0.203	0.0895589
1107	A	0.107	0.05714253
1108	G	0.387	0.02895299
1109	T	0.320	0.02319312
1110	G	0.034	0.02466149
1111	G	0.332	0.01802726
1112	C	0.252	0.03131635
1113	A	0.180	0.05106717
1114	T	0.084	0.0337396
1115	G	0.218	0.01026365
1116	T	-0.413	0.02163487
1117	G	-0.406	0.02169583
1118	A	-0.453	0.03260601
1119	A	-0.205	0.005314418
1120	G	0.106	-0.008015727
1121	C	0.401	-0.02523076
1122	C	0.315	-0.02156354
1123	A	0.161	-0.04732504
1124	C	-0.078	-0.06779345
1125	T	-0.442	-0.06594765
1126	A	-0.373	-0.06838101
1127	C	0.149	-0.02912183
1128	A	-0.202	0.01092654
1129	T	0.347	0.04933258
1130	T	-0.213	0.07980808
1131	T	0.027	0.09481072
1132	T	-0.344	0.06917572
1133	C	0.413	0.0308369
1134	A	-0.313	0.01279313
1135	G	-0.269	0.0083734
1136	A	0.125	0.03567767
1137	T	0.164	0.04841574
1138	C	0.450	0.04061676
1139	T	0.474	0.06022162
1140	C	0.391	0.06401858
1141	A	0.465	0.09513253
1142	C	0.436	0.1073742
1143	A	-0.162	0.1087968
1144	T	-0.527	0.09073359
1145	G	-0.235	0.1072156
1146	G	-0.176	0.1270824
1147	T	0.157	0.1392633
1148	T	-0.093	0.1452318
1149	G	-0.021	0.1441415
1150	C	0.229	0.1363497
1151	C	0.430	0.1366349
1152	C	0.471	0.1364994
1153	A	0.296	0.1373762
1154	G	-0.313	0.1559114
1155	T	0.016	0.1869633
1156	T	0.048	0.2107018
1157	C	0.167	0.207412
1158	T	0.393	0.1772522
1159	C	0.296	0.1620891
1160	C	0.426	0.1526815
1161	T	0.302	0.1386398
1162	C	0.398	0.12264
1163	T	0.462	0.09726274
1164	C	0.455	0.06298574
1165	T	0.245	0.07931125
1166	C	0.155	0.0624212
1167	C	0.286	0.0479974
1168	A	-0.248	0.0281064
1169	A	-0.505	-0.009576418
1170	A	-0.427	-0.03841115
1171	G	-0.228	-0.07337201
1172	C	-0.079	-0.07133769
1173	A	0.078	-0.09114949
1174	T	-0.086	-0.0909614
1175	A	-0.457	-0.1077831
1176	G	0.046	-0.1089982
1177	C	-0.355	-0.1036581
1178	A	-0.268	-0.105444
1179	A	-0.269	-0.08346401
1180	A	-0.435	-0.03798929
1181	A	-0.338	-0.00749365
1182	T	-0.342	0.01004567
1183	C	0.347	0.02561209
1184	G	-0.037	0.04180183
1185	G	0.466	0.05784696
1186	T	0.085	0.06821974
1187	T	0.218	0.05572909
1188	C	0.273	0.08158222
1189	T	0.247	0.09052356
1190	C	0.234	0.1208763
1191	C	0.494	0.1500255
1192	T	0.243	0.1851763
1193	T	0.157	0.2083917
1194	C	0.262	0.2086466
1195	C	0.435	0.2259696
1196	T	0.266	0.211517
1197	T	-0.229	0.2140406
1198	G	-0.228	0.2101113
1199	C	0.213	0.2164977
1200	A	-0.071	0.1976929
1201	T	0.397	0.1971707
1202	C	0.205	0.1931335
1203	T	0.435	0.2028227
1204	C	0.167	0.2158517
1205	C	0.353	0.2242825
1206	C	0.343	0.2206421
1207	T	0.148	0.2113867
1208	T	0.141	0.210438
1209	C	0.131	0.218346
1210	T	0.413	0.210398
1211	T	-0.166	0.2107886
1212	G	0.223	0.2033125
1213	C	0.405	0.1964613
1214	C	0.456	0.1954391
1215	T	0.443	0.1712877
1216	C	0.448	0.1468546
1217	C	0.355	0.1210081
1218	A	0.062	0.09131587
1219	G	-0.250	0.07115228
1220	A	-0.054	0.07443733
1221	G	0.038	0.07521542
1222	A	-0.063	0.1023269
1223	T	0.233	0.1112811
1224	T	0.055	0.1108572
1225	C	0.412	0.1099183
1226	A	-0.363	0.08974455
1227	G	-0.184	0.05862133
1228	A	-0.225	0.02401583
1229	A	-0.504	0.009344914
1230	G	-0.302	-0.00419645
1231	T	0.204	-0.01073769
1232	C	0.430	-0.002392
1233	C	0.429	0.008511873
1234	T	0.420	0.01388824
1235	G	0.396	0.03027014
1236	C	0.436	0.03030359
1237	C	0	0.06606882
 1238	T	-0.236	0.09437509
1239	A	-0.406	0.1212675
1240	T	-0.260	0.1547125
1241	A	-0.548	0.1620678
1242	C	-0.198	0.1711122
1243	C	0.222	0.1444124
1244	T	0.176	0.109255
1245	T	0.351	0.07046364
1246	C	0.415	0.02816182
1247	C	0.413	-0.01420445
1248	C	0.423	-0.02694586
1249	C	0.438	-0.004797909
1250	C	0.366	0.03379136
1251	C	0.230	0.06060364
1252	A	-0.140	0.09617868
1253	G	0.403	0.1248758
1254	C	-0.156	0.1056455
1255	A	-0.343	0.09761668
1256	A	-0.432	0.06672245
1257	T	-0.533	0.04046664
1258	T	-0.495	0.001498273
1259	A	-0.280	0.001056727
1260	G	0.250	-0.0006494545
1261	C	0.442	-0.004130364
1262	C	0.329	0.001676864
1263	C	0.234	-0.0040125
1264	A	0.432	-0.03251859
1265	C	-0.200	-0.04839123
1266	A	0	-0.04312491
 1267	A	-0.328	-0.02344695
1268	T	-0.162	-0.01327668
1269	T	-0.443	0.004529227
1270	T	0.413	0.02818909
1271	T	0.400	0.001775727
1272	C	0.289	-0.03379341
1273	T	0.358	-0.06424336
1274	T	-0.265	-0.06909032
1275	T	-0.224	-0.0887555
1276	A	-0.505	-0.08264294
1277	T	-0.227	-0.09592239
1278	T	0	-0.1005881
 1279	G	-0.310	-0.1149554
1280	A	-0.104	-0.1071623
1281	C	0.240	-0.1057507
1282	A	-0.330	-0.1115498
1283	G	-0.339	-0.1380755
1284	A	-0.340	-0.174396
1285	T	0.127	-0.1568041
1286	C	0	-0.1407187
 1287	A	-0.066	-0.1325585
1288	A	-0.292	-0.1331125
1289	G	-0.430	-0.112471
1290	A	-0.478	-0.08555366
1291	A	-0.272	-0.09930689
1292	C	0.444	-0.1267064
1293	C	0.273	-0.1326245
1294	A	-0.293	-0.1223081
1295	A	-0.440	-0.1040142
1296	T	0.121	-0.08975649
1297	T	0.129	-0.08066244
1298	G	-0.326	-0.05733491
1299	A	-0.239	-0.02528928
1300	T	0.454	-0.0003902773
1301	C	0.281	0.0285544
1302	A	-0.406	0.05536672
1303	A	-0.362	0.02806186
1304	T	-0.460	0.004910495
1305	T	-0.112	0.01262981
1306	T	0.062	0.02331086
1307	G	0.441	0.01893359
1308	G	0.200	0.005649
1309	G	0.446	0.003683409
1310	T	0.412	0.03942682
1311	C	0.117	0.002053727
1312	A	0.158	0.004712955
1313	T	0.317	0.01300468
1314	T	-0.156	0.02948577
1315	T	-0.235	0.03207318
1316	T	-0.123	0.03953091
1317	A	-0.205	0.03566708
1318	T	0.024	0.014896
1319	T	-0.162	0.02078191
1320	T	-0.369	0.006379727
1321	T	0.546	-0.02145564
1322	A	-0.368	-0.04496409
1323	T	0.340	-0.03631718
1324	T	-0.224	-0.04898293
1325	T	0	-0.01976448
 1326	A	-0.403	-0.0008526591
1327	T	0.051	0.01519861
1328	A	-0.022	0.0245372
1329	T	-0.015	0.0308512
1330	A	0.329	0.05481338
1331	T	0.129	0.0544322
1332	T	-0.199	0.01094575
1333	T	-0.400	0.01573538
1334	T	0.348	-0.0003564727
1335	T	0.038	-0.005631791
1336	C	0.486	0.01044744
1337	T	0.180	0.04708966
1338	T	0.229	0.06985175
1339	T	0	0.09144318
 1340	C	0.163	0.07953962
1341	T	0.364	0.06936808
1342	T	-0.378	0.05650649
1343	T	-0.410	0.05239153
1344	T	-0.262	0.0614813
1345	T	-0.013	0.0244019
1346	T	-0.340	0.004017918
1347	C	0.353	-0.03657581
1348	C	0.402	-0.0575259
1349	C	0.551	-0.07542317
1350	T	0.452	-0.06633417
1351	A	-0.277	-0.05641454
1352	T	0.105	-0.08161426
1353	G	-0.152	-0.05392781
1354	G	-0.290	-0.01490249
1355	A	-0.200	-0.01565299
1356	A	-0.466	-0.01776334
1357	A	-0.409	0.009054023
1358	A	-0.406	0.01585989
1359	A	-0.280	0.01773948
1360	T	-0.164	0.009975932
1361	A	0.199	-0.01312914
1362	T	0.381	-0.009923955
1363	G	-0.189	-0.01009109
1364	T	0.231	0.007478636
1365	T	0.448	0.02912209
1366	T	-0.279	0.04446627
1367	T	-0.060	0.0556215
1368	A	0.249	0.05277582
1369	C	0.503	0.05130291
1370	A	0.443	0.04511436
1371	T	0.381	0.03076332
1372	T	-0.056	-5.259091e-05
1373	A	-0.206	-0.03703132
1374	T	0.102	-0.05075605
1375	G	0.233	-0.07867586
1376	T	0.186	-0.1059218
1377	G	0.137	-0.1071366
1378	T	-0.221	-0.08564489
1379	A	-0.472	-0.07860016
1380	A	-0.438	-0.08152507
1381	A	-0.416	-
1382	A	-0.480	-
1383	T	-0.477	-
1384	A	-0.431	-
1385	A	-0.491	-
1386	A	-0.383	-
1387	T	-0.151	-
1388	A	-0.305	-
1389	C	0.412	-
1390	C	0.404	-
1391	C	0.439	-
