1	A	-0.054	-
2	G	0.186	-
3	T	0.174	-
4	A	-0.115	-
5	T	0.270	-
6	G	-0.215	-
7	T	0.216	-
8	C	0.449	0.07009973
9	T	0.405	0.1021544
10	G	-0.146	0.0723455
11	T	-0.178	0.06252113
12	G	-0.451	0.08424619
13	A	-0.072	0.07282263
14	A	0.367	0.06218916
15	C	0.215	0.02912803
16	C	0.425	-0.02896491
17	A	-0.260	-0.04751491
18	A	0.027	-0.07133551
19	G	0.210	-0.05606773
20	T	0.099	-0.006226393
21	G	-0.374	-0.01534909
22	T	-0.279	-0.03477503
23	A	-0.422	-0.0542038
24	T	0.127	-0.05629047
25	A	-0.503	-0.007315867
26	C	0.050	0.01979024
27	G	0.296	0.03314064
28	G	-0.209	0.02575367
29	T	0.075	0.01673393
30	A	-0.076	-0.001270867
31	C	0.394	-0.008819533
32	C	0.473	-0.02202955
33	C	0.434	-0.01677302
34	T	0.410	0.0094146
35	C	-0.011	0.001127733
36	A	-0.509	0.01871552
37	G	-0.549	0.002408987
38	A	-0.535	0.00064356
39	G	-0.070	-0.02656307
40	G	-0.425	-0.06820287
41	C	0.443	-0.0877638
42	C	0.171	-0.1012527
43	A	0.054	-0.07279826
44	G	-0.168	-0.01058399
45	A	-0.102	0.02109178
46	G	-0.013	0.08371251
47	G	-0.150	0.1068153
48	A	0.140	0.1596444
49	G	0.208	0.105769
50	G	0.415	0.1053003
51	G	0.423	0.08906188
52	T	-0.074	0.1264843
53	A	0.403	0.1082083
54	C	0.275	0.1256455
55	C	0.367	0.1617408
56	T	-0.364	0.1801959
57	G	0.164	0.1801714
58	A	-0.189	0.1558623
59	T	0.392	0.1121462
60	T	-0.377	0.1197857
61	C	0.248	0.08194293
62	C	0.390	0.09126247
63	C	0.417	0.06098141
64	T	0.208	0.06600881
65	G	0.051	0.03946107
66	G	-0.232	0.03774254
67	A	0.040	-0.01245433
68	A	-0.163	-0.02164886
69	C	0.415	-0.03332701
70	T	-0.086	-0.07868375
71	A	-0.289	-0.1127026
72	G	-0.233	-0.1591083
73	A	-0.214	-0.1917852
74	G	-0.360	-0.1483304
75	A	-0.514	-0.1207042
76	T	0.072	-0.09622059
77	G	-0.289	-0.09737125
78	T	-0.092	-0.07684166
79	G	-0.487	-0.03423299
80	A	-0.439	-0.01444064
81	G	0.419	-0.01894464
82	C	0.454	-0.02734257
83	T	0.203	-0.01048564
84	G	0.398	0.00727758
85	C	0.221	0.04435851
86	T	0.350	0.06941389
87	T	0.063	0.08488775
88	T	-0.282	0.1445446
89	G	-0.486	0.1294618
90	T	-0.262	0.08890222
91	G	0.339	0.04293555
92	G	0.266	-0.01590965
93	G	0.283	-0.05877211
94	G	-0.255	-0.1145559
95	G	0.455	-0.137312
96	C	0.193	-0.1211164
97	T	-0.153	-0.07581083
98	A	-0.486	-0.04158456
99	A	-0.484	-0.06242398
100	A	-0.421	-0.05703538
101	A	-0.486	-0.08708731
102	A	-0.277	-0.04318018
103	T	-0.039	-0.05832445
104	C	0.193	-0.06215025
105	C	0.251	-0.05938578
106	A	0.026	-0.01635031
107	T	0.347	0.04504942
108	C	-0.167	0.09525309
109	C	0.402	0.1527639
110	C	0.228	0.19151
111	A	0.135	0.1980869
112	G	-0.112	0.1566054
113	G	0.159	0.1215679
114	T	0.436	0.1079583
115	C	0.331	0.09589474
116	C	0.375	0.1255276
117	T	0.303	0.07937387
118	T	0.059	0.05094347
119	G	-0.428	0.05068514
120	G	-0.274	0.04559047
121	G	-0.177	0.02667274
122	A	0.166	0.01769621
123	T	0.276	0.01904914
124	G	-0.289	0.01712594
125	A	-0.197	-0.00396794
126	G	0.131	0.01278879
127	C	-0.188	0.04688129
128	A	-0.124	0.06516395
129	G	0.302	0.1047888
130	C	0.351	0.1240469
131	C	0.347	0.1232737
132	A	-0.013	0.1338482
133	G	0.310	0.1174753
134	T	0.082	0.07248095
135	G	0	0.06765955
 136	C	0.416	0.08839369
137	T	0.455	0.08171995
138	C	0.265	0.03623349
139	T	-0.130	0.04207615
140	T	-0.443	0.07484143
141	A	-0.542	0.06557457
142	A	-0.261	0.07452393
143	C	0.186	0.0646784
144	C	0.201	0.07038787
145	A	-0.330	0.0095106
146	C	0.434	-7.053333e-05
147	T	0.478	0.0034418
148	G	0.171	0.06453327
149	A	0.216	0.1262919
150	G	-0.147	0.1724495
151	C	0.502	0.1875605
152	A	-0.457	0.2035124
153	T	0.121	0.2504018
154	C	-0.078	0.2348586
155	T	0.472	0.2321349
156	C	0.383	0.2571909
157	T	0.431	0.2403799
158	C	0.413	0.2298245
159	C	0.441	0.2082335
160	A	0.372	0.2527023
161	G	0.201	0.2708145
162	C	0.437	0.3114434
163	C	0.547	0.2890915
164	T	-0.035	0.2777784
165	A	-0.306	0.2591564
166	T	0.178	0.263882
167	G	0.209	0.2025133
168	T	0.393	0.1828377
169	G	0.531	0.1931898
170	T	0.137	0.1532536
171	A	0.213	0.141098
172	C	0.151	0.1592754
173	T	0.484	0.1820337
174	T	-0.479	0.1968255
175	T	0.077	0.189639
176	T	0.356	0.1698406
177	G	-0.161	0.1491384
178	T	0.364	0.1328621
179	T	0.237	0.15276
180	G	0.035	0.1610791
181	T	0.400	0.1595201
182	T	0.101	0.2014837
183	G	0.096	0.1827249
184	T	0.220	0.1873603
185	T	-0.106	0.2318733
186	T	0.512	0.2230714
187	G	0.276	0.2008953
188	T	0.460	0.2194638
189	T	0.150	0.2091136
190	G	-0.203	0.1943457
191	T	0.426	0.1611598
192	T	0.506	0.1410637
193	T	0.232	0.1741535
194	G	-0.095	0.1338231
195	T	0.313	0.09406626
196	A	0.245	0.07707366
197	T	-0.120	0.04769493
198	T	-0.401	0.04722393
199	T	-0.080	0.01174013
200	T	0.389	-0.03297534
201	G	-0.092	-0.04007501
202	T	-0.319	-0.05732719
203	T	0.205	-0.09960992
204	T	-0.290	-0.1213841
205	T	-0.210	-0.08630492
206	T	-0.105	-0.05601038
207	C	-0.164	-0.02638593
208	A	0.126	-0.03961406
209	A	-0.354	-0.02421893
210	G	-0.320	0.009709473
211	A	-0.081	0.006715673
212	C	0.405	0.02864786
213	A	0.052	0.06316213
214	G	0.363	0.06339779
215	G	0.191	0.1056642
216	G	0.138	0.08647599
217	T	0.189	0.1287909
218	T	0.160	0.1584192
219	T	0.038	0.1457023
220	C	0.306	0.1327427
221	G	-0.102	0.09850112
222	T	0.469	0.08585212
223	T	-0.161	0.09218879
224	G	0.280	0.1071021
225	T	0.124	0.1230593
226	G	-0.271	0.1239381
227	T	0.211	0.1371091
228	A	-0.460	0.1405203
229	G	0.173	0.1774931
230	C	0.286	0.1728652
231	C	0.361	0.1649183
232	C	0.428	0.1730561
233	T	0.174	0.1809301
234	G	0.236	0.2279593
235	G	0.357	0.2230115
236	C	0.452	0.2217825
237	T	0.399	0.1849555
238	G	-0.280	0.1308621
239	T	0.402	0.08450087
240	C	0.242	0.08330387
241	C	0.433	0.09211387
242	T	0.137	0.1052296
243	A	-0.479	0.09531973
244	G	-0.378	0.09328467
245	A	-0.524	0.0829352
246	A	-0.333	0.1345369
247	C	0.410	0.1393865
248	T	0.306	0.121761
249	C	0.432	0.0960978
250	A	0.209	0.06077007
251	C	0.421	0.07333413
252	T	0.244	0.1044379
253	C	0.493	0.1622269
254	T	0.475	0.1993088
255	G	-0.022	0.2006211
256	T	0.048	0.1873558
257	A	-0.392	0.1829116
258	G	-0.290	0.1945585
259	A	0.088	0.1934544
260	C	0.341	0.18992
261	C	0.222	0.1776079
262	A	0.430	0.1686442
263	G	0.107	0.1547001
264	G	0.366	0.1234014
265	C	0.383	0.1364552
266	A	0.405	0.1763785
267	G	0.191	0.198266
268	G	0.308	0.2045945
269	C	0.340	0.2191315
270	G	-0.231	0.1873539
271	A	-0.420	0.1591233
272	A	-0.196	0.1225435
273	T	0.308	0.07919199
274	C	0.416	0.03381659
275	T	0.436	0.04123033
276	C	0.440	0.01742074
277	T	-0.046	-0.03643313
278	G	-0.316	-0.02660675
279	A	-0.182	0.01608959
280	G	-0.266	0.03439875
281	T	-0.275	0.04505649
282	T	0.302	0.008681553
283	T	-0.048	-0.05678085
284	G	-0.467	-0.08121428
285	A	-0.083	-0.04507881
286	G	0.219	-0.03803141
287	G	0.077	-0.04533167
288	C	0.467	0.004903793
289	T	-0.129	0.01310919
290	A	-0.545	0.01266633
291	A	0.074	0.02864891
292	C	0.495	0.03398831
293	G	-0.210	0.07054327
294	T	-0.292	0.02497313
295	A	0.487	0.0440101
296	G	-0.152	0.0421767
297	T	0.296	0.06125863
298	T	0.191	0.0870615
299	A	-0.386	0.06239673
300	C	0.464	-0.001715267
301	G	-0.464	-0.007940333
302	T	0.363	-0.004978733
303	G	0.440	-0.0228476
304	G	0.156	0.01537273
305	T	-0.158	0.0240934
306	A	-0.295	0.045071
307	A	-0.466	0.08406367
308	G	-0.303	0.07933573
309	A	-0.247	0.1102743
310	C	0.219	0.09641127
311	C	0.420	0.09435407
312	C	0.427	0.1068385
313	T	0.505	0.08875773
314	G	0.197	0.0750136
315	T	0.393	0.07024613
316	C	0	0.05641327
 317	A	0.155	0.050077
318	C	0.409	0.028576
319	C	0.344	-0.00289152
320	G	-0.429	-0.008139987
321	A	-0.501	-0.06940925
322	A	-0.537	-0.08515685
323	A	-0.511	-0.1166292
324	G	-0.342	-0.131564
325	A	-0.103	-0.148691
326	G	-0.051	-0.2070911
327	A	0.348	-0.2646565
328	G	-0.413	-0.269189
329	A	-0.038	-0.2654842
330	G	-0.078	-0.243762
331	A	-0.224	-0.2014192
332	G	-0.101	-0.1589036
333	A	-0.466	-0.1587774
334	A	-0.519	-0.164229
335	A	-0.497	-0.2163271
336	A	-0.446	-0.2191847
337	G	-0.211	-0.2468101
338	A	0.123	-0.2653803
339	C	0.295	-0.2822869
340	C	-0.101	-0.282137
341	A	-0.132	-0.279037
342	T	-0.433	-0.2338649
343	A	-0.455	-0.2007104
344	A	-0.452	-0.1598248
345	A	-0.357	-0.16515
346	A	-0.477	-0.2055938
347	A	-0.099	-0.2559608
348	G	-0.419	-0.2735717
349	T	0.158	-0.287323
350	G	0	-0.2759052
 351	T	0.166	-0.2236032
352	T	-0.291	-0.1994201
353	A	-0.482	-0.1756066
354	A	-0.460	-0.1237119
355	A	-0.365	-0.09228382
356	A	-0.339	-0.04060815
357	A	-0.261	-0.02465795
358	T	0.328	-0.01144262
359	T	-0.089	-0.01645672
360	G	0	-0.01500499
 361	G	0.300	0.004151613
362	C	0.372	0.01654695
363	C	0.355	0.07091715
364	A	0.397	0.1053986
365	G	0.198	0.1449768
366	G	0.091	0.1462041
367	A	-0.269	0.1533241
368	G	-0.195	0.1459454
369	A	-0.274	0.1388199
370	C	0.449	0.1275275
371	T	0.178	0.09520392
372	G	0.331	0.04740452
373	C	0.346	0.0004926533
374	A	0.016	-0.03326278
375	T	-0.110	-0.04901891
376	G	0.193	-0.04014159
377	G	0.202	-0.00190032
378	T	-0.129	-0.001555453
379	A	-0.319	-0.00853458
380	T	-0.505	-0.01655731
381	T	-0.414	-0.05590551
382	A	-0.506	-0.02754947
383	G	-0.062	0.01220247
384	C	0.299	-0.0169866
385	C	0.455	-0.0057788
386	A	0.073	0.03031353
387	G	0.211	0.0263022
388	A	-0.243	0.02711687
389	C	0.442	0.02521653
390	T	0.485	0.0270156
391	G	-0.243	0.04762501
392	A	0.370	0.05740774
393	C	0.411	0.04901627
394	A	-0.379	0.07979867
395	A	-0.493	0.07435513
396	A	-0.443	0.07267547
397	T	-0.479	0.03067053
398	A	0.246	-0.02404647
399	C	0.445	-0.016353
400	C	0.329	-0.04405555
401	C	0.535	-0.06048795
402	A	0.129	-0.01047461
403	A	-0.268	0.03202932
404	C	-0.187	0.04491059
405	A	-0.335	0.05731859
406	G	-0.128	0.02723799
407	A	-0.044	-0.03871621
408	C	0.165	-0.04690608
409	A	0.370	-0.06683028
410	G	0.144	-0.09559928
411	G	-0.249	-0.07899588
412	A	-0.293	-0.08699275
413	A	-0.204	-0.07906541
414	A	-0.543	-0.09449508
415	A	0.206	-0.06664247
416	C	0.236	-0.05701473
417	T	-0.301	-0.07452813
418	A	-0.019	-0.05203593
419	T	-0.307	-0.0028988
420	T	-0.216	0.01280748
421	A	-0.359	0.04425228
422	C	0.373	0.1030683
423	C	0.309	0.05901781
424	A	0.107	0.06797408
425	T	0.481	0.1076615
426	C	0.487	0.1098984
427	T	-0.057	0.1568507
428	A	0.267	0.1924395
429	T	0.338	0.2226198
430	G	-0.454	0.2282382
431	A	0.370	0.2217462
432	T	0.293	0.2354533
433	T	0.014	0.2325027
434	C	0.396	0.2276534
435	T	0.317	0.2019362
436	G	0.092	0.1660212
437	T	0.457	0.131866
438	G	0.212	0.1661375
439	G	0.313	0.1307419
440	C	0.437	0.08386461
441	T	0.414	0.05638138
442	G	-0.443	0.02210638
443	A	-0.271	0.03360018
444	G	-0.173	0.04908298
445	T	0.059	0.001770913
446	T	-0.160	-0.01845183
447	A	-0.409	-0.05299063
448	G	-0.398	-0.06280116
449	A	-0.117	-0.1050732
450	C	0.489	-0.08608709
451	A	0.324	-0.0745278
452	T	-0.252	-0.03367973
453	T	-0.090	-0.04807298
454	A	-0.204	-0.06391831
455	C	0.290	-0.02946998
456	T	-0.219	0.02222869
457	A	-0.158	0.05146315
458	G	-0.098	0.04484149
459	T	0.439	0.05416082
460	G	-0.156	0.09492042
461	G	-0.397	0.08939736
462	A	0.107	0.1265042
463	T	0.377	0.1182687
464	C	0.320	0.1622122
465	C	0.390	0.1842008
466	C	0.464	0.1857144
467	A	0.359	0.1374509
468	G	-0.173	0.1574722
469	C	0.352	0.198066
470	A	0.166	0.219638
471	C	0.439	0.2088366
472	T	0.171	0.1927121
473	G	-0.075	0.1871551
474	T	-0.284	0.1805079
475	G	0.144	0.1517125
476	T	0.210	0.146939
477	C	0.430	0.132483
478	C	0.215	0.1319753
479	T	0.079	0.1234673
480	G	0.307	0.1420306
481	C	0.365	0.154333
482	T	-0.072	0.145721
483	A	-0.245	0.1222055
484	A	0.135	0.105578
485	C	0.159	0.06192295
486	C	0.311	0.02191629
487	C	0.449	0.02368526
488	A	0.109	-0.003751607
489	A	-0.413	-0.01290427
490	G	-0.208	0.01987531
491	T	-0.038	0.05281404
492	G	-0.224	0.07171771
493	A	-0.384	0.07162051
494	T	0.105	0.06156877
495	G	-0.104	0.01608951
496	T	0.227	0.03775684
497	C	0.418	0.08210531
498	T	0.248	0.1063962
499	C	0.418	0.1408219
500	A	0.157	0.1686075
501	G	0.161	0.1990845
502	G	-0.232	0.2214117
503	A	0.434	0.2537229
504	T	0.251	0.2681245
505	C	0.155	0.2604293
506	T	0.477	0.2179299
507	T	0.192	0.1790735
508	T	0.072	0.157418
509	C	0.440	0.153745
510	T	0.380	0.1528584
511	C	0.443	0.1364675
512	C	0.303	0.1406652
513	A	-0.388	0.1577062
514	G	-0.164	0.1285345
515	A	-0.167	0.1219323
516	G	0.106	0.1015612
517	A	-0.245	0.06082565
518	G	0.188	0.0403165
519	C	0.314	0.0005238333
520	C	0.411	-0.021165
521	A	0.040	0.0271192
522	C	0.093	0.06655593
523	A	-0.233	0.1073381
524	G	-0.170	0.1304847
525	G	0.072	0.1640642
526	A	-0.153	0.1546015
527	T	-0.021	0.1142851
528	C	0.335	0.07395277
529	C	0.427	0.03978139
530	C	0.444	0.01705533
531	T	0.453	0.01276513
532	G	0.258	0.00605826
533	T	0.046	0.01027907
534	G	-0.290	0.02661597
535	T	-0.193	0.0507366
536	A	-0.472	0.05764307
537	A	-0.247	0.0365432
538	G	-0.297	0.0137358
539	A	-0.271	-0.01212919
540	G	0.136	-0.01299439
541	T	0.091	-0.03715137
542	C	0.340	-0.03910977
543	C	0.439	-0.02840631
544	T	0.110	0.01510409
545	G	0.102	0.05959115
546	A	0.065	0.08403962
547	C	0.245	0.09707429
548	T	-0.315	0.09532282
549	G	-0.319	0.08919193
550	T	-0.033	0.07646946
551	T	0.180	0.05709139
552	C	0.420	0.08112586
553	T	0.069	0.08893913
554	G	-0.075	0.1131751
555	G	0.109	0.1223343
556	A	0	0.1670491
 557	A	0.149	0.2163917
558	C	0.148	0.2482057
559	T	0.471	0.2403678
560	C	0.219	0.2088311
561	A	0.428	0.1869562
562	C	0.382	0.1859317
563	A	0.354	0.1844786
564	C	0.420	0.2056471
565	T	0.444	0.2144863
566	G	0.062	0.2059688
567	T	-0.052	0.1852896
568	A	-0.258	0.1922112
569	G	-0.091	0.1927846
570	A	0.088	0.1901803
571	C	0.317	0.1600882
572	C	0.281	0.1339878
573	A	0.020	0.1300726
574	G	0.161	0.1365257
575	G	0.323	0.1685068
576	C	0.437	0.1911267
577	T	0.343	0.1823511
578	G	-0.096	0.1497067
579	G	0.028	0.1179776
580	C	0.385	0.1093492
581	C	0.159	0.1276329
582	T	0.426	0.1449533
583	C	0.080	0.1395332
584	G	-0.222	0.1240087
585	A	-0.401	0.09088524
586	A	-0.158	0.1022349
587	C	0.152	0.08190183
588	T	0.294	0.02810916
589	C	0.421	-0.00154204
590	A	0.242	-0.003514173
591	C	0.204	0.007628707
592	A	-0.153	0.04707151
593	G	0.073	0.06648231
594	A	-0.276	0.1033671
595	G	-0.421	0.1109194
596	A	-0.285	0.1138784
597	T	0.397	0.08580531
598	C	0.247	0.1003376
599	C	0.369	0.1163326
600	A	-0.110	0.1523188
601	T	0.394	0.1621911
602	C	0.265	0.1816822
603	T	0.339	0.2211444
604	G	0	0.263222
 605	C	0.460	0.2661377
606	C	0.444	0.2539614
607	T	0.386	0.2460159
608	C	0.221	0.266974
609	T	0.016	0.2431244
610	G	0.170	0.2254144
611	C	0.346	0.1849116
612	T	0.440	0.1887298
613	T	0.064	0.1606247
614	C	0.249	0.108693
615	C	0.203	0.1110671
616	C	0.037	0.1239112
617	A	0	0.1398846
 618	A	-0.268	0.1056263
619	G	0.057	0.09127667
620	T	0.038	0.0379024
621	G	-0.334	0.06767744
622	C	0.421	0.04561257
623	T	0.414	0.0126561
624	G	0.255	-0.02523173
625	G	-0.343	-0.04552667
626	T	0.130	-0.02009753
627	A	-0.359	-0.04162639
628	T	0.511	-0.01612021
629	C	-0.081	-0.004864273
630	A	-0.290	-0.00790694
631	A	-0.531	-0.007235207
632	A	-0.304	0.00854046
633	G	0.113	0.06111073
634	A	-0.265	0.08319419
635	C	0.421	0.1010512
636	A	-0.165	0.09338131
637	C	0.376	0.1155992
638	G	0.424	0.1544228
639	C	0.492	0.1856143
640	G	0.445	0.222984
641	T	0.462	0.2447447
642	C	-0.091	0.278868
643	A	0.396	0.2785376
644	C	0.252	0.3047859
645	C	0.291	0.2886114
646	A	-0.063	0.2365575
647	C	0.256	0.1741388
648	T	0.439	0.1124532
649	G	0.246	0.05354054
650	C	0.416	0.02692849
651	C	0.228	-0.02855164
652	C	0.133	-0.07204911
653	A	-0.356	-0.1113888
654	A	-0.443	-0.141931
655	G	-0.480	-0.1452722
656	A	-0.421	-0.1453854
657	A	-0.491	-0.1307491
658	A	-0.435	-0.1232033
659	T	-0.400	-0.1106401
660	A	-0.298	-0.1120562
661	A	-0.521	-0.1227827
662	C	0.206	-0.1251189
663	T	0.437	-0.0854736
664	T	0.465	-0.0373484
665	C	0.529	0.004147067
666	T	0.416	0.0260318
667	T	0.112	0.04386287
668	T	-0.517	0.0491196
669	A	-0.479	0.08048434
670	G	0.114	0.08325861
671	C	0.300	0.07466381
672	T	0.131	0.02759994
673	G	-0.107	0.01838627
674	T	-0.132	-0.01985879
675	T	-0.219	-0.02016133
676	T	-0.050	-0.005912193
677	C	0.247	0.01281074
678	T	0.308	0.003083493
679	G	-0.240	-0.001240773
680	G	0.391	-0.03045297
681	T	-0.157	-0.00949384
682	T	0.107	-0.02952617
683	A	-0.303	-0.04676757
684	G	-0.198	-0.07863885
685	T	-0.031	-0.1299312
686	A	0.235	-0.1545195
687	G	-0.306	-0.1396327
688	T	0.206	-0.1369655
689	T	-0.433	-0.1225221
690	A	-0.477	-0.1297165
691	A	-0.529	-0.130862
692	A	-0.521	-0.1534582
693	A	-0.059	-0.1502593
694	G	-0.016	-0.1496577
695	T	0.431	-0.1574018
696	C	0.059	-0.1520395
697	A	0	-0.1551806
 698	G	-0.320	-0.1495593
699	A	-0.537	-0.1480528
700	A	0.016	-0.1220999
701	T	0.244	-0.1291589
702	G	-0.422	-0.09928139
703	T	0.287	-0.1240673
704	A	-0.480	-0.1280306
705	A	-0.393	-0.1520803
706	A	-0.506	-0.1664723
707	A	-0.132	-0.1388445
708	G	-0.165	-0.1127167
709	T	0.431	-0.1370958
710	C	0.059	-0.08361167
711	A	0	-0.1005443
 712	G	-0.360	-0.08916532
713	A	-0.536	-0.07340592
714	A	-0.122	-0.02842019
715	T	0.408	-0.006492987
716	G	-0.121	0.01758881
717	T	0.379	0.01045208
718	C	0.033	0.03314322
719	A	-0.309	0.04657375
720	A	-0.157	0.08459455
721	G	0.168	0.1440194
722	T	0.196	0.1521988
723	G	0.195	0.1303763
724	C	0.324	0.131207
725	C	0.399	0.120651
726	A	0.201	0.1029815
727	G	0.209	0.1382567
728	G	0.354	0.1667129
729	C	0	0.1639819
 730	A	0.081	0.1773037
731	G	-0.108	0.1936497
732	T	0.220	0.1971229
733	G	-0.231	0.1895627
734	G	0.219	0.2035445
735	T	0.269	0.2083181
736	G	0.127	0.2106779
737	G	0.396	0.2335727
738	C	0.440	0.2588947
739	G	0.376	0.2661485
740	C	0.286	0.2277787
741	A	0.411	0.2146741
742	C	0.281	0.1687043
743	G	0.390	0.1142993
744	C	0.343	0.09669573
745	C	0.461	0.0990504
746	T	0	0.08752507
 747	T	-0.354	0.0831466
748	T	-0.428	0.09360033
749	A	-0.470	0.0654651
750	A	-0.546	0.0724905
751	T	-0.136	0.05653803
752	C	0.431	0.05526643
753	C	0.267	0.0524191
754	C	0.310	0.05007208
755	A	0.443	0.06337568
756	G	-0.010	0.08204955
757	C	0.386	0.09684541
758	A	0.150	0.1340465
759	C	0.324	0.1476814
760	T	0.418	0.1433416
761	C	-0.035	0.1386184
762	A	-0.155	0.1170725
763	G	-0.148	0.07392008
764	G	-0.248	0.04767851
765	A	0.011	0.04031078
766	G	0.067	0.06070845
767	G	0.366	0.06155065
768	C	0.196	-
769	A	-0.012	-
770	G	-0.204	-
771	A	-0.404	-
772	G	0.276	-
773	G	0.456	-
774	C	0.336	-
