1	T	0.205	-
2	C	0.364	-
3	C	0.376	-
4	C	0.220	-
5	A	0.230	-
6	C	0.367	-
7	T	0.366	-
8	G	0.379	-
9	C	0.428	-
10	C	0.475	0.1702984
11	C	0.173	0.1759248
12	A	0.389	0.1502276
13	C	0.424	0.1377715
14	T	0.135	0.1115556
15	G	-0.251	0.09144687
16	A	-0.508	0.05193453
17	T	-0.418	0.01780333
18	G	-0.220	-0.02083498
19	A	0.029	-0.05036493
20	G	0.237	-0.05665043
21	C	0.318	-0.04677673
22	A	-0.149	-0.05836258
23	G	0.127	-0.06498907
24	A	-0.304	-0.06067142
25	T	-0.171	-0.03262307
26	T	-0.423	0.01100933
27	T	-0.316	0.05201783
28	G	-0.392	0.08301607
29	A	-0.162	0.1020982
30	G	0.350	0.1030156
31	G	0.371	0.096351
32	G	0.157	0.121211
33	A	0.292	0.1302781
34	G	0.221	0.1688474
35	G	0.309	0.1986899
36	C	0.364	0.2212826
37	C	0.401	0.232368
38	C	0.399	0.2538007
39	A	0.411	0.2538001
40	G	0.256	0.2561713
41	G	0.185	0.253099
42	G	0.347	0.2312065
43	A	0.309	0.2382188
44	C	0.467	0.2129666
45	T	0.424	0.2005341
46	G	0.028	0.1868468
47	T	-0.094	0.154033
48	A	0.035	0.1237293
49	G	-0.162	0.1184458
50	T	0.397	0.09445348
51	G	0.309	0.06192178
52	T	-0.280	0.01898113
53	G	0.432	-0.01956852
54	A	-0.283	-0.06476462
55	G	0.060	-0.09701762
56	T	0.090	-0.0939975
57	A	-0.254	-0.07121711
58	G	-0.206	-0.08141554
59	T	0.305	-0.09843519
60	G	-0.223	-0.1334918
61	A	-0.465	-0.1695218
62	T	-0.510	-0.1716044
63	A	-0.461	-0.1876527
64	A	-0.436	-0.1532018
65	G	-0.220	-0.1413368
66	A	0.089	-0.1316571
67	C	0.361	-0.09680449
68	A	-0.168	-0.06473128
69	A	-0.502	-0.05724268
70	A	-0.303	-0.02692128
71	G	-0.411	0.003316165
72	T	-0.321	0.03679767
73	C	0.111	0.07084327
74	A	0.405	0.103225
75	C	0.297	0.124034
76	C	0.283	0.1276321
77	C	0.442	0.1188618
78	T	0.435	0.1452521
79	C	0.455	0.1850906
80	C	0.382	0.2124199
81	A	0.139	0.2506379
82	C	0.158	0.2881487
83	A	0.218	0.3051527
84	C	0.210	0.2894233
85	T	0.196	0.2745408
86	G	0.160	0.2399268
87	T	0.185	0.2124261
88	C	0.359	0.164398
89	A	0.294	0.1319265
90	C	0.243	0.1049673
91	C	0.353	0.07741356
92	C	0.428	0.087617
93	T	0.451	0.06499771
94	C	0.090	0.07078085
95	T	0	0.0695412
 96	A	-0.408	0.07419446
97	T	-0.107	0.08514256
98	A	-0.525	0.08727566
99	T	-0.194	0.0971573
100	T	-0.156	0.1012687
101	G	-0.411	0.1023461
102	T	0.362	0.08301107
103	C	-0.233	0.03381077
104	A	0.326	0.05145882
105	C	0.171	0.07504587
106	C	0.254	0.1071334
107	C	0.404	0.128067
108	T	0.402	0.1622768
109	C	0.491	0.1836815
110	C	0.325	0.2113254
111	A	0.374	0.2466025
112	T	0.041	0.2493625
113	G	-0.532	0.2832856
114	C	0.443	0.2746277
115	T	0.471	0.2653194
116	G	0.233	0.2597933
117	T	0.310	0.2400741
118	C	0.158	0.2120714
119	G	0.233	0.1844511
120	C	0.396	0.1594486
121	C	0.293	0.1303625
122	C	0.417	0.1276134
123	T	0.445	0.1673502
124	C	0.153	0.1645606
125	C	-0.014	0.155856
126	A	0.143	0.1583825
127	G	0.010	0.1649496
128	G	-0.157	0.1787679
129	A	-0.060	0.1888494
130	A	-0.174	0.182858
131	G	-0.206	0.1746505
132	T	-0.013	0.1699278
133	C	0.262	0.1483082
134	A	0.387	0.1481825
135	C	0.297	0.1533422
136	C	0.283	0.1534508
137	C	0.442	0.1381855
138	T	0.435	0.1407225
139	C	0.435	0.1266789
140	C	0.276	0.1410278
141	A	0.129	0.1595
142	C	0.323	0.159355
143	A	0.012	0.1525283
144	C	0.150	0.1481458
145	C	0.088	0.1442729
146	A	0.145	0.1494758
147	T	-0.294	0.1466563
148	C	-0.107	0.1438053
149	A	-0.341	0.1409485
150	C	0.112	0.1506076
151	A	0.162	0.1679455
152	G	-0.016	0.1741541
153	G	0.125	0.1698197
154	C	0.300	0.1418481
155	A	0.220	0.116777
156	C	0.388	0.09290422
157	A	0.385	0.1205987
158	T	0.378	0.1299715
159	T	0.378	0.1614483
160	C	0.469	0.1349
161	T	0.476	0.1336879
162	C	0.447	0.1178824
163	T	-0.074	0.1109661
164	T	-0.408	0.08271223
165	A	-0.413	0.06359033
166	A	-0.331	0.06408168
167	T	0.258	0.06796058
168	C	0.080	0.05427278
169	T	0.287	0.05451208
170	T	-0.418	0.04611133
171	T	0.138	0.03824058
172	T	-0.332	0.02530878
173	T	-0.012	0.05276307
174	T	-0.264	0.06239867
175	G	-0.162	0.06705442
176	G	0.397	0.1073821
177	T	0.463	0.1148596
178	G	0.104	0.1014902
179	T	0.383	0.07109058
180	T	0.301	0.1157665
181	G	0.318	0.129274
182	T	0.189	0.1365335
183	T	0.475	0.1211533
184	T	-0.215	0.1581332
185	G	-0.320	0.1866721
186	T	0.474	0.1574323
187	T	0.408	0.1182644
188	T	-0.186	0.1367909
189	G	-0.320	0.1281389
190	T	0.474	0.113055
191	T	0.408	0.0850512
192	T	-0.186	0.07458007
193	G	-0.320	0.07583522
194	T	0.474	0.07209887
195	T	0.408	0.07755202
196	T	-0.186	0.04852062
197	G	-0.320	0.01986182
198	T	0.474	0.03552827
199	T	0.210	0.03381482
200	T	0	-0.00594318
 201	G	-0.241	-0.03043123
202	T	-0.020	-0.00078508
203	T	0.500	0.01786002
204	T	-0.290	0.01230053
205	T	-0.210	0.008619775
206	T	-0.105	0.04029953
207	C	-0.164	0.06649763
208	A	0.126	0.05562933
209	A	-0.354	0.05542553
210	G	-0.320	0.06972503
211	A	-0.081	0.09368507
212	C	0.405	0.1168976
213	A	0.052	0.1094468
214	G	0.363	0.1187515
215	G	0.334	0.113957
216	G	0.446	0.1274225
217	T	0.203	0.1557572
218	T	0.257	0.1385911
219	T	0.206	0.1678082
220	C	0.285	0.2002855
221	T	0.237	0.21641
222	C	0.443	0.2174704
223	T	0.351	0.2370853
224	G	-0.104	0.228806
225	T	-0.306	0.225483
226	G	0.163	0.2257268
227	T	0.402	0.2326166
228	G	-0.216	0.2114595
229	G	0.230	0.2249695
230	C	0.329	0.2200593
231	C	0.241	0.2129346
232	C	0.427	0.1976973
233	T	0.445	0.1899282
234	G	0.198	0.2014348
235	G	0.268	0.2118251
236	C	0.451	0.2205432
237	T	0.341	0.1891774
238	G	-0.165	0.2085533
239	T	0.476	0.1882998
240	C	0.187	0.1737085
241	T	0.095	0.1832748
242	T	0.139	0.1790393
243	G	0.195	0.1751834
244	G	0.125	0.1634994
245	A	-0.099	0.1345557
246	A	0.337	0.1155946
247	C	-0.225	0.07660979
248	T	0.170	0.06769499
249	T	-0.175	0.02093574
250	G	0.037	0.01870359
251	C	0.432	0.03412804
252	T	0.342	0.006602385
253	C	0.368	0.008139335
254	T	-0.035	0.02464024
255	G	-0.310	0.05298188
256	C	0.072	0.05318263
257	A	-0.437	0.05745133
258	A	-0.343	0.04180688
259	A	-0.458	0.06843723
260	C	0.143	0.07227943
261	C	0.403	0.07339678
262	A	-0.411	0.03347153
263	G	0.226	-0.006699675
264	C	0.455	-0.0258309
265	G	0.467	-0.03553985
266	T	0.341	-0.0330733
267	G	-0.139	-0.00130865
268	A	-0.142	0.03759555
269	C	0.357	0.05475435
270	C	0.114	0.02779725
271	T	0.454	-0.00868365
272	T	-0.456	0.00611055
273	A	-0.435	-0.00730708
274	A	-0.418	-0.05063558
275	A	-0.504	-0.06632418
276	C	0.121	-0.0788202
277	T	0.197	-0.0620202
278	C	0.434	-0.0346761
279	A	-0.115	-0.030534
280	A	-0.395	-0.0239031
281	G	-0.325	-0.04470827
282	A	-0.115	-0.01486807
283	G	-0.041	0.02163348
284	A	-0.410	0.06151028
285	T	0.154	0.09678473
286	T	0.091	0.1021559
287	C	0.196	0.1058519
288	T	0.404	0.1061866
289	C	0.440	0.1325204
290	G	0.246	0.1716917
291	G	0.038	0.2027325
292	G	0.140	0.2191643
293	T	0.294	0.2212589
294	C	0.379	0.2627837
295	T	0.200	0.27112
296	G	0.229	0.2856592
297	C	0.271	0.2909706
298	C	0.440	0.2813331
299	T	0.410	0.2541531
300	C	0.387	0.2418117
301	A	0.295	0.2285222
302	G	0.213	0.1961519
303	C	0	0.197953
 304	C	0.419	0.1867156
305	T	0.320	0.197751
306	C	0.382	0.2005115
307	C	0.302	0.2030428
308	G	0.211	0.1839351
309	G	-0.103	0.1491728
310	A	0	0.1200663
 311	G	-0.226	0.09279294
312	T	-0.506	0.05685949
313	T	0.330	0.02919179
314	C	0.154	0.00980283
315	T	0.421	0.00598843
316	G	0.284	-0.00594452
317	G	0.321	-0.01763877
318	G	0.058	-0.02142222
319	A	-0.284	-0.00016122
320	T	-0.194	0.01890008
321	T	-0.250	0.01961063
322	A	-0.505	0.06589568
323	A	-0.553	0.06568723
324	A	0.031	0.06360023
325	G	0.244	0.05014238
326	G	0.144	0.05150918
327	T	0.068	0.04295848
328	G	0.136	0.05888344
329	C	0.322	0.07575957
330	T	0.381	0.08549472
331	G	-0.212	0.1156423
332	C	0.419	0.1320365
333	A	0.326	0.1817026
334	C	0.112	0.2013554
335	C	0.152	0.2101749
336	A	0.311	0.2153047
337	C	0.150	0.227916
338	C	0.377	0.2416954
339	A	0.053	0.2419456
340	C	0	0.2459358
 341	C	0.352	0.2780289
342	A	-0.177	0.2454216
343	C	0.439	0.2084004
344	C	0.424	0.1791018
345	T	0.420	0.1613428
346	G	0.246	0.14662
347	G	0.320	0.1250971
348	C	0.411	0.1306585
349	A	0.327	0.1294709
350	C	0.461	0.1533763
351	C	0.429	0.1301123
352	T	-0.233	0.1327805
353	T	-0.413	0.08672544
354	A	-0.473	0.06547789
355	T	-0.202	0.02526864
356	A	0.017	-0.00618286
357	A	-0.279	-0.03932101
358	T	0.488	-0.05704566
359	C	0.029	-0.05206171
360	T	0.478	-0.05467962
361	T	-0.112	-0.05706021
362	T	-0.124	-0.04328034
363	T	-0.481	0.001793665
364	A	0	0.03554072
 365	A	-0.383	0.06215332
366	G	-0.382	0.07951832
367	A	-0.342	0.1041761
368	A	0.057	0.07384512
369	C	0.426	0.05542363
370	T	0.408	0.01083352
371	G	0.381	-0.006708125
372	G	0.042	-0.02469272
373	A	0.487	-0.02698272
374	C	0.201	-0.04613408
375	T	0.329	-0.04127033
376	C	0.364	-0.04319742
377	A	0.213	-0.02609308
378	G	-0.118	-0.04306762
379	G	-0.338	-0.04219522
380	A	-0.413	-0.04323532
381	A	-0.463	-0.05486767
382	A	-0.483	-0.0324274
383	A	-0.526	-0.0787591
384	A	-0.383	-0.1096477
385	G	-0.286	-0.1525091
386	A	-0.420	-0.1665325
387	T	0	-0.1706556
 388	G	-0.282	-0.1532706
389	A	0.444	-0.1459122
390	G	0.387	-0.1510486
391	G	0.148	-0.1161655
392	T	0.491	-0.0778161
393	A	-0.439	-0.0334926
394	T	-0.416	-0.00181395
395	A	-0.527	0.01388949
396	A	0.083	0.01210134
397	C	0.131	-0.00500531
398	T	0.229	-0.01539611
399	G	-0.191	-0.03613942
400	A	-0.516	-0.04419006
401	A	0.234	-0.03003162
402	G	0.282	-0.07041697
403	G	0.359	-0.06126287
404	C	0.250	-0.04823607
405	T	0.028	-0.008795415
406	A	-0.456	0.01039498
407	T	-0.342	0.001273475
408	A	-0.490	0.005283575
409	A	0.029	0.02350382
410	C	0.226	0.04640571
411	C	0.432	0.04962701
412	G	-0.316	0.05107291
413	A	-0.255	0.05531836
414	G	-0.155	0.05941226
415	T	0.261	0.08214912
416	G	0.467	0.1170156
417	G	-0.051	0.1395684
418	T	0.309	0.1873963
419	C	0.172	0.205979
420	T	-0.058	0.2014605
421	T	0.298	0.1989401
422	C	0.311	0.2353686
423	C	0.444	0.262909
424	T	0.332	0.2768144
425	C	0.482	0.2750285
426	C	0.240	0.2566417
427	A	0.108	0.2512677
428	T	0.466	0.2289256
429	C	0.400	0.2116474
430	T	0.136	0.2237783
431	G	0.381	0.2074026
432	C	0.412	0.1939324
433	C	0.294	0.1766416
434	A	0.122	0.1809867
435	C	0.225	0.1774841
436	C	0.100	0.1868873
437	A	-0.158	0.2006545
438	T	-0.137	0.1855968
439	A	-0.172	0.1730903
440	C	0.184	0.1470256
441	C	-0.028	0.1147266
442	A	0.042	0.09935581
443	T	0.098	0.09330186
444	C	0.419	0.09993236
445	T	0.412	0.09630866
446	C	0.428	0.1026907
447	A	0.384	0.125231
448	C	0.165	0.1512177
449	C	0.150	0.1527546
450	A	-0.384	0.1223242
451	A	-0.264	0.1265772
452	A	0.104	0.1325195
453	C	0.173	0.1482743
454	T	0.255	0.1353368
455	G	0.152	0.1334027
456	C	0.227	0.1347477
457	A	0.291	0.1214936
458	C	0.382	0.1111918
459	G	-0.142	0.0800025
460	T	-0.424	0.09088355
461	A	0.056	0.1201089
462	C	0.161	0.1314521
463	C	0.413	0.1320697
464	A	0.160	0.1213077
465	G	0.374	0.1365159
466	C	0.455	0.1371177
467	T	0.119	0.1182744
468	G	-0.040	0.07468243
469	A	-0.472	0.09150443
470	A	-0.167	0.1316776
471	G	0.320	0.1391128
472	T	0.331	0.1157412
473	G	0.186	0.08666003
474	T	0.039	0.07228582
475	C	0.457	0.04067358
476	G	0.239	0.002065425
477	T	-0.084	-0.01925773
478	G	-0.489	-0.03001772
479	T	0.194	0.00604793
480	G	0.379	0.02250198
481	G	0.204	0.02845653
482	G	-0.306	0.03553863
483	A	-0.167	0.03512403
484	A	-0.126	0.03781156
485	A	-0.258	0.03357286
486	T	-0.316	0.00925981
487	A	-0.307	0.01138839
488	T	-0.255	0.01347753
489	T	0.248	-0.02188127
490	T	0.161	-0.06038812
491	C	0.439	-0.05728602
492	A	0.473	-0.03222892
493	T	0.177	-0.02809646
494	G	0.093	-0.04198601
495	C	0.372	-0.05151936
496	T	-0.246	-0.03146731
497	G	-0.042	0.00296279
498	A	-0.447	0.03551414
499	A	-0.512	0.04513089
500	A	-0.391	0.03703619
501	C	0.266	0.00669144
502	C	0.195	-0.01697226
503	A	-0.085	-0.03932236
504	T	-0.404	-0.06914001
505	A	-0.448	-0.08289263
506	T	0.084	-0.05554538
507	C	0.381	-0.03381486
508	C	0.395	0.005711635
509	A	0.440	0.05441053
510	G	0	0.1003983
 511	G	-0.167	0.08999117
512	A	0	0.06561932
 513	T	-0.269	0.06472067
514	G	-0.502	0.08752401
515	C	0.097	0.1033666
516	C	0.300	0.08209891
517	A	0.392	0.06303271
518	G	0.343	0.05393717
519	C	0.461	0.02836585
520	C	0.528	0.03257763
521	T	0.058	0.05637733
522	A	-0.292	0.06163913
523	T	-0.103	0.08456864
524	G	0.051	0.1310197
525	G	-0.132	0.1397565
526	G	-0.340	0.1466573
527	A	0	0.1513108
 528	T	0.213	0.1422861
529	G	-0.070	0.142222
530	G	0.084	0.1063078
531	T	0.308	0.08286126
532	G	0.105	0.08541486
533	C	0.189	0.07995311
534	T	0.426	0.05914447
535	G	0.271	0.06710664
536	C	0.438	0.09329859
537	C	0.485	0.115088
538	C	0.162	0.124329
539	A	0.459	0.1404053
540	C	-0.189	0.1550054
541	A	-0.410	0.151083
542	A	-0.241	0.1346811
543	T	-0.212	0.1385363
544	T	-0.364	0.1375137
545	A	0.027	0.142272
546	G	0.182	0.1307908
547	C	0.435	0.1266718
548	G	0.398	0.1366024
549	T	0.250	0.1181816
550	G	0.376	0.1395587
551	G	0.229	0.1659176
552	G	-0.222	0.1854139
553	T	0.266	0.2187764
554	C	0.405	0.2467702
555	T	0.367	0.2661759
556	C	0.208	0.2650387
557	C	0.402	0.268793
558	C	0.361	0.2463989
559	T	0.091	0.232311
560	A	0.237	0.2027757
561	C	0.116	0.2013204
562	C	0.148	0.2307249
563	T	0.454	0.2433379
564	C	0.195	0.2096338
565	A	0.415	0.1640009
566	G	0.160	0.1636835
567	C	0.510	0.131341
568	T	-0.049	0.1193927
569	A	-0.030	0.1212171
570	A	-0.214	0.118209
571	C	0.200	0.1115905
572	C	0.365	0.1098268
573	C	0.518	0.09568363
574	A	-0.268	0.08790727
575	A	-0.545	0.08277827
576	T	0.202	0.09436877
577	G	-0.243	0.09229977
578	G	0.122	0.1129081
579	A	0.127	0.1416343
580	G	0.177	0.1455318
581	C	-0.015	0.1533295
582	A	0.113	0.1525717
583	G	0.171	0.1197878
584	C	0.039	0.142661
585	T	0.312	0.1812461
586	C	0.392	0.1755191
587	C	0.469	0.2094671
588	C	0.362	0.2028255
589	T	0.543	0.2059406
590	C	-0.136	0.2148642
591	A	0.356	0.2379197
592	C	0.350	0.2374184
593	G	-0.136	0.2288219
594	G	0.189	0.2239196
595	A	0.226	0.1983999
596	C	0.087	0.1819908
597	G	0.435	0.1548598
598	T	-0.010	0.1585379
599	G	0.190	0.1510068
600	T	0.356	0.181439
601	C	0.445	0.1715045
602	C	0.103	0.1771653
603	A	0	0.2018552
 604	G	-0.058	0.175975
605	A	-0.197	0.1595826
606	G	0.063	0.1446482
607	G	-0.073	0.1118572
608	T	0.435	0.08758109
609	C	0.392	0.08711509
610	T	0.472	0.07771294
611	G	0.158	0.06378504
612	T	0.463	0.07129724
613	C	0.356	0.09082634
614	T	-0.328	0.09263881
615	T	-0.101	0.1081784
616	C	-0.210	0.1004774
617	A	-0.220	0.08006168
618	A	-0.496	0.03577748
619	G	0.180	-0.003529915
620	G	0.168	-0.03257176
621	T	0.167	-0.02009076
622	G	0.253	-0.02365822
623	G	0.390	-0.02445471
624	C	-0.022	0.002975035
625	T	0.113	0.03025499
626	T	-0.090	0.04798399
627	T	-0.481	0.04472369
628	A	-0.449	0.05338384
629	G	-0.393	0.04597551
630	A	-0.108	0.04354546
631	C	0.407	0.02207191
632	C	0.391	0.007783125
633	T	0.340	-0.01091065
634	G	0.220	0.00020499
635	C	0.443	-0.00736914
636	C	0.143	-0.01569312
637	A	-0.285	0.01057004
638	A	-0.323	0.01393925
639	G	0.032	0.0174153
640	T	0.119	0.002259445
641	T	-0.262	-0.04130901
642	G	-0.032	-0.04439386
643	A	0.016	-0.0418303
644	C	0.200	-0.0382766
645	A	-0.038	-0.074186
646	G	-0.256	-0.06341255
647	T	0.043	-0.02713645
648	A	-0.382	-0.008701735
649	A	-0.323	0.00712489
650	A	-0.411	0.02276714
651	T	-0.463	0.05803814
652	A	0.330	0.08135607
653	C	0.392	0.1022499
654	C	0.291	0.0993416
655	A	-0.274	0.125063
656	A	0.359	0.1548065
657	C	0.439	0.1789784
658	C	0.045	0.1854434
659	A	0.349	0.2082257
660	C	0.432	0.2274114
661	C	0.443	0.2311755
662	A	0.434	0.2101649
663	C	0.434	0.1933114
664	A	0.141	0.200065
665	C	0.476	0.2195436
666	A	0.338	0.2195333
667	C	0.527	0.1756737
668	A	-0.253	0.1943732
669	A	0.131	0.201618
670	C	-0.028	0.206177
671	A	-0.388	0.1909713
672	T	-0.089	0.147221
673	T	0.055	0.1229109
674	C	0.426	0.1433973
675	A	0.115	0.1264536
676	C	0.359	0.08734186
677	G	-0.437	0.08097287
678	T	0.419	0.1050183
679	T	0.494	0.09995134
680	C	0.523	0.1218737
681	A	0.139	0.1442894
682	T	-0.440	0.1450156
683	T	-0.051	0.1345208
684	C	0.551	0.1316925
685	T	0.137	0.1368727
686	T	-0.443	0.1321182
687	C	0.399	0.1749079
688	G	0.227	0.1406504
689	G	0.030	0.1313524
690	T	0.410	0.1259984
691	G	0.059	0.1427958
692	G	-0.075	0.1864407
693	A	-0.154	0.1868234
694	A	0.369	0.139587
695	C	0.218	0.1121241
696	C	0.263	0.1083041
697	T	0.418	0.07201121
698	G	-0.265	0.03364831
699	C	0.308	0.01876118
700	G	0.416	0.00635703
701	C	0.474	0.01833093
702	T	0.432	0.03036751
703	T	-0.043	0.05745571
704	C	-0.393	0.06057056
705	T	-0.412	0.06673516
706	A	-0.520	0.07868866
707	A	-0.325	0.06512496
708	A	-0.539	0.05803481
709	G	-0.267	0.02623991
710	G	0.162	0.02537936
711	T	0.299	-0.00501074
712	C	0.165	-0.01913919
713	A	0.387	-0.01881546
714	G	0.432	0.02369679
715	A	0.342	0.06650204
716	C	0.503	0.07428385
717	T	0.146	0.0663541
718	T	-0.407	0.06987254
719	A	-0.327	0.06146584
720	T	0.399	0.03479715
721	G	-0.132	0.02366155
722	T	0.149	0.0061686
723	G	-0.037	-0.03214805
724	C	0.457	-0.06537325
725	T	0.444	-0.09093595
726	T	-0.364	-0.1231127
727	T	-0.484	-0.1085099
728	A	-0.469	-0.0734387
729	A	-0.435	-0.0646672
730	A	-0.371	-0.100334
731	A	0.076	-0.08481395
732	T	-0.184	-0.07214325
733	T	-0.379	-0.04775629
734	A	-0.232	-0.06320165
735	G	-0.169	-0.06581179
736	A	-0.140	-0.05176351
737	C	0.438	-0.04843676
738	C	0.294	-0.005702065
739	A	-0.152	0.03267949
740	G	-0.313	0.07178664
741	A	0.177	0.08879978
742	G	0.402	0.09434563
743	C	0.450	0.1175444
744	C	0.148	0.1222688
745	T	0.391	0.1375427
746	T	-0.083	0.1455633
747	G	-0.418	0.1455371
748	T	0.385	0.1319032
749	C	0.332	0.1587073
750	C	0.411	0.1968467
751	A	0.416	0.1856754
752	G	-0.073	0.1439525
753	T	0.084	0.1090085
754	A	-0.137	0.1056579
755	T	0.136	0.1043246
756	T	0.019	0.1157035
757	C	0.438	0.1591836
758	G	0.021	0.1468536
759	C	0.383	0.1388432
760	A	0.448	0.1046213
761	C	-0.045	0.08494114
762	A	-0.431	0.1083342
763	A	-0.248	0.1258725
764	T	0.081	0.1492835
765	C	0.365	0.1568235
766	A	0.143	0.1564166
767	C	0.451	0.1421838
768	A	0.138	0.1345565
769	G	0.172	0.1014189
770	A	-0.273	0.05763998
771	G	0.023	0.07685271
772	T	0.394	0.09366955
773	T	0.435	0.1143038
774	C	0.330	0.0949053
775	T	0.287	0.05374775
776	G	0.011	0.04490457
777	C	0.153	0.04263322
778	A	-0.131	0.02588837
779	A	-0.279	0.03329492
780	A	-0.426	0.07175127
781	A	0.338	0.05376359
782	T	-0.095	0.02160159
783	C	0.164	0.00660364
784	A	-0.306	0.00928329
785	T	-0.457	0.01484184
786	T	-0.033	0.03264547
787	T	0.406	0.04690332
788	G	-0.195	0.07129262
789	C	0.320	0.09975111
790	T	0.495	0.1111538
791	G	-0.336	0.07244312
792	A	-0.248	0.05282333
793	A	0.135	0.05517022
794	C	0.384	0.07667883
795	C	0.398	0.1168201
796	T	0.367	0.1246422
797	C	0.438	0.1026404
798	G	0.356	0.09186435
799	G	0.290	0.07275159
800	C	-0.198	0.02368985
801	A	-0.435	0.0170688
802	A	-0.487	0.03882274
803	G	0.210	0.01862065
804	G	0.123	0.004897345
805	T	0.344	-0.01843146
806	T	0.123	-0.01572946
807	C	-0.033	-0.06362337
808	A	-0.411	-0.05997986
809	T	-0.061	-0.05645087
810	A	-0.485	-0.03182832
811	T	-0.468	0.01174089
812	G	0.186	0.05467879
813	A	-0.268	0.02782049
814	G	0.109	0.01434604
815	A	-0.068	-0.01847047
816	G	0.421	-0.01746486
817	G	-0.518	-0.02640002
818	C	0.429	0.01832524
819	C	0.360	0.04277219
820	A	0.293	0.06390228
821	C	0.435	0.09559143
822	C	0.371	0.1031914
823	T	-0.326	0.1283416
824	G	-0.146	0.1390668
825	A	-0.311	0.1569602
826	T	0.143	0.1255425
827	G	-0.212	0.1422057
828	C	0.483	0.1370061
829	T	0.426	0.1380549
830	A	-0.062	0.1387545
831	C	0.164	0.1322079
832	A	0.338	0.1204293
833	G	0.234	0.157652
834	C	0.324	0.1744048
835	T	0.289	0.1851908
836	T	-0.206	0.1705249
837	G	-0.185	0.2004995
838	C	0.325	0.1809994
839	C	0.381	0.1613246
840	C	0.307	0.1516089
841	T	0.304	0.1213013
842	T	0.135	0.08294443
843	C	0.418	0.06267998
844	T	0.188	0.03998408
845	G	-0.095	0.02138074
846	A	-0.149	0.03575282
847	G	0.386	0.06694792
848	T	0.093	0.07495781
849	T	0.033	0.07070671
850	A	-0.257	0.07880012
851	T	-0.441	0.04637742
852	T	-0.429	0.01626532
853	T	-0.170	-0.01989284
854	T	-0.129	-0.05390004
855	T	-0.082	-0.07414413
856	C	0.080	-0.08056128
857	C	0.438	-0.07822463
858	C	0.485	-0.06978699
859	C	0.296	-0.04819337
860	A	0.469	-0.04046762
861	C	-0.343	-0.03454572
862	G	-0.466	-0.03081372
863	A	-0.304	-0.04307597
864	A	-0.491	-0.06338287
865	G	-0.500	-0.07849328
866	A	-0.278	-0.09103315
867	G	0.433	-0.1136834
868	G	0.261	-0.1189641
869	G	0.465	-0.1368198
870	A	-0.102	-0.1400829
871	G	-0.322	-0.1139755
872	A	-0.354	-0.06845344
873	A	-0.416	-0.05320929
874	A	-0.536	-0.04950674
875	A	-0.384	-0.03776479
876	T	-0.169	-0.04743934
877	G	-0.014	-0.06578069
878	G	0.380	-0.07087289
879	T	-0.060	-0.114308
880	T	0.404	-0.1318569
881	C	0.178	-0.1265141
882	C	0.443	-0.1354965
883	A	0	-0.1306905
 884	A	-0.417	-0.1171082
885	G	-0.265	-0.1011114
886	A	-0.471	-0.09683286
887	T	0.066	-0.116453
888	T	0.159	-0.1597841
889	G	-0.403	-0.1771727
890	A	-0.453	-0.2170709
891	T	-0.215	-0.2484419
892	A	-0.534	-0.2921064
893	A	-0.319	-0.3140669
894	G	-0.264	-0.3081785
895	G	-0.064	-0.3144264
896	A	-0.084	-0.2838805
897	A	-0.407	-0.2958047
898	A	-0.486	-0.3038043
899	A	-0.408	-0.2945299
900	T	-0.393	-0.2811219
901	A	-0.449	-0.2472037
902	A	-0.429	-0.2159904
903	T	-0.439	-0.1960637
904	A	-0.299	-0.1999931
905	T	-0.390	-0.2202844
906	A	0.139	-0.2371454
907	A	-0.171	-0.2389901
908	T	0	-0.2299846
 909	G	-0.217	-0.1890343
910	A	-0.185	-0.1839206
911	G	0.462	-0.1706595
912	C	0.090	-0.1725434
913	T	0.078	-0.1331071
914	A	-0.342	-0.09698957
915	T	-0.470	-0.05815792
916	A	-0.421	-0.04168617
917	A	-0.444	-0.01104942
918	A	-0.306	-0.02685362
919	C	0.410	-0.01596077
920	T	-0.291	-0.00576601
921	G	-0.183	-0.00805306
922	A	-0.467	0.01224024
923	T	0.349	0.02860501
924	T	0.423	0.05288976
925	C	0.385	0.07641256
926	C	0.468	0.1086749
927	A	0.441	0.1300511
928	G	-0.316	0.1364155
929	T	0	0.1070111
 930	A	0.018	0.1002798
931	C	0.416	0.1074185
932	T	0.496	0.1541927
933	C	0.405	0.1460306
934	A	0.142	0.1368574
935	C	0	0.1233615
 936	T	0.223	0.1158961
937	G	-0.016	0.07059203
938	A	-0.179	0.09120326
939	A	-0.177	0.08064757
940	G	-0.425	0.0602529
941	G	-0.041	0.01474365
942	C	0.468	-0.0162174
943	A	0.186	-0.04291395
944	T	0.239	-0.0738935
945	G	0.115	-0.09078135
946	T	0.319	-0.1085741
947	G	-0.465	-0.1034312
948	G	0.096	-0.1096598
949	A	-0.211	-0.1146217
950	G	-0.389	-0.1087997
951	A	-0.493	-0.1310698
952	A	-0.123	-0.1407995
953	C	-0.128	-0.127767
954	A	-0.476	-0.1182421
955	A	-0.337	-0.1147882
956	A	-0.132	-0.1062984
957	G	0.086	-0.102756
958	G	-0.303	-0.1223714
959	A	-0.276	-0.1371851
960	T	-0.309	-0.1256776
961	T	-0.486	-0.1155182
962	T	0.273	-0.1048843
963	C	0.446	-0.07486993
964	C	0.430	-0.04619238
965	A	0.185	-0.04122538
966	T	0.489	-0.01345118
967	G	-0.394	0.000374085
968	A	-0.296	0.01058013
969	A	-0.507	0.04153708
970	T	-0.159	0.07593318
971	T	-0.290	0.1260834
972	G	0.089	0.1171028
973	C	0.472	0.1038759
974	T	0.096	0.1044612
975	G	-0.238	0.116929
976	T	0.423	0.09013673
977	T	0.362	0.1003897
978	G	-0.099	0.1178763
979	G	0.342	0.1243153
980	G	0.378	0.1160951
981	T	0.516	0.1152572
982	G	0.094	0.1002734
983	T	0.182	0.06252344
984	C	0.441	0.05889845
985	T	0.434	0.07221648
986	G	-0.046	0.03666818
987	A	-0.189	0.03289258
988	A	0.053	0.06095994
989	G	-0.378	0.06528064
990	T	-0.323	0.04820486
991	G	-0.307	0.0446747
992	T	-0.210	0.0611135
993	T	-0.282	0.06101075
994	T	0.024	0.03662881
995	C	0.027	-0.005119895
996	T	-0.287	0.007136615
997	G	0.287	-0.004198635
998	C	0.461	0.003881325
999	T	0.429	-0.000451575
1000	T	0.036	0.03601307
1001	C	0.445	0.07493302
1002	C	0.422	0.09913673
1003	T	0.180	0.1330154
1004	T	-0.045	0.131
1005	G	-0.400	0.1215568
1006	G	0.198	0.1218554
1007	A	-0.415	0.1086098
1008	G	0.215	0.08256376
1009	A	-0.465	0.08010606
1010	G	0.405	0.09302359
1011	C	0.471	0.06751251
1012	A	0.273	0.07121207
1013	G	0.394	0.05718261
1014	T	-0.016	0.08013221
1015	T	-0.160	0.1252502
1016	T	-0.281	0.1363318
1017	G	0.022	0.1435075
1018	G	-0.059	0.1145801
1019	C	0.379	0.1117714
1020	A	0.295	0.06518786
1021	G	-0.064	0.02191681
1022	T	0.496	-0.009617595
1023	T	-0.100	-0.03831475
1024	T	0.413	-0.04288382
1025	C	0.501	-0.04891802
1026	T	0.420	-0.05354882
1027	A	-0.272	-0.07918329
1028	T	-0.363	-0.1006818
1029	T	-0.521	-0.1411733
1030	A	-0.526	-0.1713527
1031	A	-0.394	-0.1891039
1032	G	-0.356	-0.2336975
1033	A	-0.179	-0.247123
1034	T	-0.107	-0.2807787
1035	G	-0.281	-0.3227384
1036	A	-0.374	-0.3640169
1037	A	-0.490	-0.3466818
1038	A	-0.489	-0.330112
1039	A	-0.429	-0.2857104
1040	A	-0.308	-0.2772746
1041	A	-0.419	-0.2711737
1042	A	-0.395	-0.2421036
1043	A	-0.368	-0.211605
1044	T	-0.260	-0.1837773
1045	T	-0.337	-0.1445416
1046	A	-0.405	-0.1263501
1047	T	0.074	-0.1097808
1048	A	-0.031	-0.09868544
1049	C	0.366	-0.08800569
1050	A	-0.357	-0.08037899
1051	T	-0.272	-0.03692609
1052	T	0.224	-0.000498245
1053	C	0.430	0.0443025
1054	C	0.449	0.07004835
1055	C	0.503	0.1059256
1056	T	-0.010	0.1275235
1057	T	-0.158	0.1080745
1058	A	-0.267	0.1336527
1059	G	-0.216	0.1183998
1060	A	-0.155	0.1268665
1061	C	0.449	0.1316568
1062	C	0.333	0.1242132
1063	T	0.527	0.08287713
1064	G	0.254	0.05607326
1065	T	0.380	0.004382005
1066	C	0.026	0.00839898
1067	A	-0.314	0.03515788
1068	A	0.479	0.03995078
1069	C	0.061	0.03642858
1070	T	-0.188	0.05085858
1071	A	-0.176	0.02357591
1072	C	0.075	0.01615591
1073	A	-0.395	-0.01406623
1074	A	-0.087	-0.04585223
1075	A	-0.530	-0.08822728
1076	T	0.069	-0.1092597
1077	T	0.376	-0.1153551
1078	G	-0.171	-0.1483172
1079	T	-0.286	-0.1487768
1080	A	0.132	-0.1170621
1081	G	-0.095	-0.08062754
1082	G	0.185	-0.0623834
1083	A	-0.077	-0.05593905
1084	A	-0.380	-0.05158843
1085	T	-0.467	-0.04846083
1086	T	-0.394	-0.07515714
1087	T	-0.436	-0.115007
1088	A	-0.179	-0.130656
1089	T	0.052	-0.1368849
1090	C	0.446	-0.1192235
1091	C	0.552	-0.1339656
1092	T	0.440	-0.1697667
1093	A	-0.267	-0.1886778
1094	T	0	-0.186836
 1095	A	-0.468	-0.1829271
1096	G	-0.463	-0.1825039
1097	A	-0.420	-0.187407
1098	A	-0.484	-0.199341
1099	A	-0.411	-0.201958
1100	C	0.485	-0.2420031
1101	A	-0.390	-0.2868196
1102	A	-0.530	-0.2866535
1103	A	-0.455	-0.2819259
1104	A	-0.343	-0.2886251
1105	G	-0.389	-0.2787167
1106	T	-0.385	-0.2574467
1107	A	-0.534	-0.2604797
1108	A	-0.418	-0.2623608
1109	C	0	-0.2522965
 1110	A	-0.354	-0.2945562
1111	A	-0.343	-0.2740203
1112	T	0.443	-0.2465457
1113	G	-0.172	-0.2237748
1114	T	-0.133	-0.1863717
1115	A	-0.269	-0.1450307
1116	T	-0.038	-0.1330783
1117	T	-0.481	-0.1244866
1118	A	-0.521	-0.123748
1119	A	-0.210	-0.1155985
1120	G	-0.359	-0.1099009
1121	C	0.019	-0.07070053
1122	A	0.018	-0.1053131
1123	T	0	-0.09515155
 1124	A	0.404	-0.0878581
1125	T	0.437	-0.05855595
1126	G	-0.146	-0.05591528
1127	T	-0.362	-0.03005434
1128	T	-0.403	0.01690286
1129	A	0.162	0.04349881
1130	A	-0.240	0.08805021
1131	C	0.440	0.08318488
1132	A	-0.248	0.06936771
1133	T	0.030	0.06155262
1134	G	0.011	0.03071691
1135	T	0.316	-0.006901335
1136	T	0.014	-0.01364473
1137	T	0.035	0.02648397
1138	T	0.417	0.07272726
1139	C	0.321	0.05217661
1140	T	0.531	0.06792756
1141	T	-0.077	0.06471246
1142	T	-0.257	0.06512616
1143	T	-0.156	0.04691387
1144	A	-0.212	0.03309718
1145	T	-0.314	-0.006161275
1146	T	-0.281	-0.02245004
1147	A	0.439	-0.03058953
1148	C	0.521	-0.0484875
1149	A	-0.248	-0.0622249
1150	T	0.074	-0.08996746
1151	T	0.375	-0.1089117
1152	G	-0.239	-0.1047607
1153	T	-0.333	-0.1224181
1154	G	-0.264	-0.1264325
1155	A	-0.469	-0.09532359
1156	T	-0.311	-0.08859894
1157	A	-0.126	-0.09263844
1158	G	0.059	-0.1033924
1159	C	0.047	-0.06879904
1160	A	-0.023	-0.05023188
1161	A	-0.456	-0.04148213
1162	A	-0.174	-0.05120863
1163	G	-0.509	-0.04981713
1164	T	-0.292	-0.06032593
1165	A	0.307	-0.05302058
1166	G	-0.147	-0.04727943
1167	T	0.359	-0.04543972
1168	G	0.306	-0.05545619
1169	G	0.443	-0.03438489
1170	C	0.445	-0.03800473
1171	G	0.550	-0.007838735
1172	A	-0.434	0.02550732
1173	A	-0.305	0.03997031
1174	T	-0.474	0.05172826
1175	A	-0.323	0.04457816
1176	T	-0.196	0.03782501
1177	A	-0.090	-0.00625514
1178	T	-0.141	-0.01458959
1179	G	0.468	-0.01112999
1180	G	-0.095	-0.01147029
1181	A	0.147	-0.02559324
1182	T	0.492	0.00281156
1183	G	-0.220	0.03244346
1184	T	-0.057	0.06494806
1185	C	0.164	0.07480561
1186	T	-0.282	0.06874126
1187	A	-0.522	0.0663078
1188	A	0.139	0.05202579
1189	C	0.513	0.03968395
1190	C	0.438	0.06564715
1191	A	0.268	0.08033
1192	C	0.133	0.05782935
1193	A	0.286	0.08535385
1194	G	0.175	0.1080076
1195	T	-0.125	0.122277
1196	G	-0.317	0.1406872
1197	A	-0.138	0.1455522
1198	G	-0.426	0.1404669
1199	A	0.221	0.09556552
1200	C	0.423	0.06148178
1201	T	0.440	0.05128224
1202	G	0.042	0.04687848
1203	C	0.330	0.03557682
1204	T	0.395	0.02492622
1205	G	0.449	0.05343817
1206	A	0.086	0.08988007
1207	A	-0.425	0.1190322
1208	T	0.037	0.1597776
1209	A	-0.384	0.1578023
1210	T	-0.242	0.147677
1211	A	0.064	0.1241788
1212	T	0.045	0.0985623
1213	T	0.060	0.05567735
1214	G	-0.037	0.0439077
1215	T	0.444	0.0005117
1216	G	0.410	-0.02354099
1217	G	0.444	-0.02387249
1218	T	0.388	-0.02387278
1219	G	0.182	-0.009502585
1220	T	0.221	0.007128255
1221	T	-0.029	0.01441269
1222	T	-0.470	-0.009317945
1223	A	-0.527	-0.00757593
1224	A	0.159	-0.006804045
1225	A	-0.418	-0.05152145
1226	G	-0.394	-0.086325
1227	A	-0.431	-0.1179618
1228	T	0.037	-0.126582
1229	A	-0.097	-0.1114093
1230	C	0.089	-0.09730285
1231	T	0.210	-0.1161163
1232	A	-0.429	-0.08999422
1233	T	0.095	-0.07056207
1234	G	-0.022	-0.08824982
1235	A	-0.449	-0.04553357
1236	A	-0.285	-0.02244109
1237	A	-0.188	-0.00947374
1238	T	0.215	-
1239	C	0.485	-
1240	T	0.503	-
1241	T	-0.405	-
1242	A	0.052	-
1243	T	-0.138	-
1244	G	-0.193	-
1245	C	0.436	-
1246	A	0.066	-
1247	G	-0.172	-
