1	A	-0.232	-
2	G	-0.167	-
3	T	-0.038	-
4	T	0.256	-
5	G	0.311	-
6	C	0.456	0.1652832
7	T	0.338	0.1948147
8	T	-0.177	0.2039094
9	C	0.156	0.201476
10	C	0.483	0.1965758
11	T	0.459	0.1824871
12	T	0.136	0.1887346
13	T	0.122	0.1619991
14	C	-0.057	0.144052
15	T	-0.067	0.1448889
16	A	0.197	0.06282237
17	C	0.142	-0.006780633
18	T	0.531	-0.03947122
19	G	0.017	-0.09118755
20	T	-0.393	-0.06822269
21	T	0.166	-0.09459808
22	A	-0.500	-0.08182833
23	G	-0.375	-0.05665317
24	T	-0.255	-0.1178302
25	A	-0.498	-0.1382344
26	C	0.217	-0.1485468
27	A	-0.384	-0.1732943
28	C	0.351	-0.1623367
29	C	0.444	-0.09849867
30	A	-0.202	-0.05463583
31	G	-0.227	0.014516
32	G	-0.517	-0.01455533
33	A	-0.130	-0.01850092
34	G	-0.369	-0.03697217
35	G	0.390	-0.06779617
36	C	0.270	-0.01757992
37	T	0.331	0.0145385
38	G	-0.131	0.06543597
39	G	-0.431	0.07031609
40	A	0.129	0.06639093
41	G	0.074	-0.004399575
42	C	0.400	-0.05105107
43	T	0.157	-0.07866891
44	C	0.093	-0.06564567
45	A	-0.071	0.004631083
46	A	-0.416	0.03174058
47	G	-0.459	0.03613483
48	A	-0.289	-0.03705842
49	A	0	-0.09323583
 50	G	0.025	-0.1464265
51	G	0.411	-0.1738818
52	G	0.454	-0.1776641
53	A	0.127	-0.1477303
54	G	-0.478	-0.1127122
55	A	-0.516	-0.1540977
56	A	-0.544	-0.1499138
57	A	-0.401	-0.1698931
58	G	-0.461	-0.2401334
59	A	-0.099	-0.2958183
60	T	0.130	-0.2525487
61	G	-0.496	-0.1903952
62	A	0.075	-0.1355301
63	C	0.171	-0.1194163
64	A	-0.388	-0.08884762
65	A	-0.540	-0.04981765
66	A	0.041	-0.03782215
67	C	0.229	-0.003249767
68	G	0.113	0.01280523
69	G	-0.207	0.02528357
70	A	-0.095	0.01647657
71	T	0.368	0.04204523
72	T	0.274	0.05086208
73	G	-0.081	0.070442
74	G	0.267	0.0286305
75	G	0.321	0.01824083
76	A	-0.493	0.06035238
77	A	-0.234	0.06741613
78	G	0.146	0.0641158
79	C	0.464	0.03314967
80	A	-0.387	-0.02720783
81	A	-0.332	-0.09587717
82	G	0.410	-0.09068475
83	G	0.453	-0.106567
84	T	0.235	-0.1430632
85	G	-0.453	-0.214921
86	A	-0.456	-0.2166969
87	A	-0.502	-0.2214878
88	A	-0.431	-0.2337597
89	A	-0.424	-0.2331211
90	A	-0.291	-0.2466877
91	T	-0.397	-0.1919179
92	A	-0.409	-0.1676397
93	A	-0.389	-0.1257608
94	T	0.263	-0.08979659
95	T	0.460	-0.07473309
96	C	0.072	-0.05202078
97	A	0.203	-0.0366427
98	G	-0.165	0.01748163
99	A	0	0.07848305
 100	G	0	0.07548847
 101	A	-0.243	0.06165138
102	G	-0.018	0.07682756
103	A	-0.213	0.07887106
104	G	0.240	0.1253387
105	G	0.342	0.1499088
106	T	0.227	0.1477993
107	T	0.294	0.1767266
108	G	0.254	0.1669349
109	G	0.228	0.1885176
110	G	0.392	0.1629881
111	G	0.294	0.1383907
112	A	-0.025	0.1283063
113	G	0.103	0.1222531
114	A	-0.136	0.1010441
115	T	0.045	0.1150899
116	C	-0.066	0.1085503
117	A	0.046	0.117627
118	T	0.106	0.114267
119	G	0.222	0.1000994
120	G	0	0.1028197
 121	C	0.396	0.09554653
122	A	0.314	0.1187851
123	C	0.403	0.1394958
124	A	-0.065	0.142864
125	G	-0.066	0.1363009
126	G	-0.103	0.1124285
127	C	-0.041	0.08592434
128	A	0.212	0.06205143
129	T	0.295	0.05676402
130	C	0.146	0.08824693
131	A	0.143	0.1157796
132	G	-0.286	0.1011972
133	G	0.078	0.1366618
134	A	0.027	0.1269025
135	C	0.340	0.1172476
136	C	0.312	0.08874021
137	T	0.263	0.06145012
138	G	-0.278	0.07737047
139	A	0.384	0.05080572
140	G	0.095	0.0693928
141	T	0.179	0.07320447
142	T	-0.195	0.07167913
143	T	-0.184	0.07791747
144	G	-0.095	0.09234922
145	G	-0.239	0.06897222
146	A	0.250	0.03016659
147	C	0.386	0.01937447
148	C	0.293	0.07486839
149	C	0.338	0.1116346
150	T	-0.105	0.1429662
151	A	0.103	0.1800849
152	G	-0.369	0.1946822
153	C	0.050	0.1598318
154	A	0.470	0.108499
155	T	0.257	0.04511034
156	C	0.280	0.01576576
157	C	0.205	-0.03346733
158	G	0.425	0.03025676
159	T	-0.032	0.04689221
160	G	-0.322	0.02894471
161	T	-0.422	0.02830429
162	A	-0.457	0.01757787
163	A	-0.487	-0.005452958
164	T	0.394	-0.04457543
165	G	0.249	-0.01980381
166	G	0.254	0.01948719
167	C	0.249	0.07558252
168	T	0.151	0.1463882
169	G	-0.070	0.1891176
170	A	-0.043	0.1771601
171	G	0.265	0.1707183
172	C	0.149	0.173423
173	T	0.250	0.1901235
174	C	0.392	0.2141439
175	T	0.025	0.2351933
176	T	0.251	0.2702309
177	G	0.172	0.2720707
178	T	0.287	0.2784518
179	C	0.449	0.2362142
180	T	0.440	0.2264286
181	C	0.181	0.2610149
182	C	0.376	0.2708764
183	A	0.287	0.2772117
184	C	0.225	0.2928619
185	A	-0.255	0.2164598
186	C	0.274	0.1428566
187	T	0.440	0.1122911
188	C	0.369	0.08479135
189	C	0.248	0.07427285
190	T	0.475	0.06706793
191	G	-0.466	0.09561782
192	A	-0.443	0.0835634
193	A	-0.185	0.04685665
194	G	0.046	0.0433699
195	G	0.160	0.02266773
196	T	0.139	-0.02795202
197	A	0.086	-0.01400202
198	G	0.130	-0.0186656
199	G	0	-0.03896443
 200	G	0.327	-0.07805162
201	A	0	-0.1251565
 202	A	-0.132	-0.1819363
203	G	-0.299	-0.1776384
204	A	-0.499	-0.1618841
205	A	-0.428	-0.1749919
206	G	-0.422	-0.2189944
207	A	-0.404	-0.2138334
208	A	-0.541	-0.2273622
209	A	0.138	-0.224253
210	C	0.319	-0.1869455
211	G	-0.157	-0.171997
212	T	-0.200	-0.106839
213	G	0.061	-0.03830163
214	A	-0.294	0.03597837
215	A	-0.262	0.04274004
216	T	-0.051	-0.009628792
217	T	-0.249	-0.001911192
218	T	0.359	0.01238174
219	C	0.418	0.03186912
220	T	0.349	0.09490229
221	G	0.219	0.1579912
222	G	-0.309	0.1759984
223	A	-0.064	0.1786505
224	A	-0.028	0.1207488
225	T	0.295	0.09874953
226	C	0.461	0.09069778
227	C	0.494	0.1089857
228	A	0.164	0.1672336
229	T	-0.217	0.2101024
230	T	-0.335	0.1939193
231	G	0.154	0.15884
232	G	0.252	0.1046934
233	C	0.438	0.05159558
234	A	0.389	0.05382733
235	C	0.449	0.09167975
236	G	-0.222	0.1562238
237	T	-0.125	0.1589945
238	A	-0.187	0.1507389
239	T	-0.142	0.1542107
240	G	0.191	0.1098874
241	C	0.236	0.08153117
242	C	0.439	0.08842133
243	C	0.187	0.1207652
244	A	0.153	0.1414605
245	T	0.480	0.1941755
246	C	-0.142	0.1516483
247	T	0.109	0.1474063
248	A	-0.140	0.1488256
249	C	0.262	0.162868
250	A	0.060	0.1877065
251	T	0.490	0.1847242
252	G	-0.318	0.1640231
253	A	0.185	0.1370948
254	G	0.456	0.1414998
255	C	0.355	0.1470228
256	A	0.451	0.1483847
257	T	0.444	0.07640113
258	G	-0.390	0.1216627
259	T	-0.213	0.104917
260	A	-0.087	0.09516179
261	T	0.329	0.104877
262	G	0.076	0.09331663
263	T	-0.373	0.09663921
264	G	0.224	0.1601103
265	C	-0.015	0.221011
266	A	0.339	0.2432935
267	C	0.472	0.2178232
268	C	0.313	0.1940493
269	T	0.484	0.2303415
270	C	0.371	0.2472382
271	A	0.517	0.2520304
272	C	0.179	0.1822935
273	A	0.023	0.1079362
274	C	-0.208	0.04527756
275	A	0.061	-0.03417303
276	C	0.427	-0.07009927
277	A	0.042	-0.1450063
278	G	-0.497	-0.1973148
279	A	-0.419	-0.2296688
280	G	-0.438	-0.2503457
281	A	-0.468	-0.2985091
282	A	-0.059	-0.3671273
283	A	-0.381	-0.3872262
284	G	-0.447	-0.31508
285	A	-0.364	-0.2542982
286	A	-0.456	-0.2208365
287	A	-0.515	-0.1899833
288	A	-0.396	-0.2068971
289	A	-0.198	-0.1822583
290	G	0.368	-0.1805781
291	C	0.309	-0.1627355
292	G	-0.037	-0.08684167
293	A	-0.098	-0.0064535
294	T	-0.262	0.06166633
295	G	-0.086	0.1028594
296	A	-0.427	0.09394008
297	A	-0.150	0.031768
298	T	0.454	0.01864219
299	C	0.448	0.04535252
300	C	0.421	0.06436628
301	A	0.295	0.1059143
302	T	0.261	0.1619126
303	C	-0.436	0.197182
304	A	-0.194	0.1593419
305	G	0.221	0.1368176
306	C	-0.034	0.1389358
307	C	0.412	0.08158002
308	A	0.244	0.0232526
309	G	0.272	0.08545385
310	G	0	0.1312
 311	A	0.178	0.1511334
312	T	0.446	0.1333714
313	G	-0.392	0.1007904
314	A	-0.438	0.07346794
315	C	0.309	0.03124761
316	C	0.354	0.01913211
317	T	0.461	0.008695883
318	T	-0.247	-0.03411674
319	G	0.021	0.02672734
320	A	-0.083	0.09853609
321	A	-0.233	0.1091029
322	C	-0.145	0.08261004
323	A	0.053	0.06542713
324	T	-0.067	0.107551
325	C	0.337	0.1121128
326	T	0.422	0.1274822
327	G	0.436	0.1814681
328	G	0.036	0.2307532
329	G	0.254	0.2131033
330	C	0.257	0.2502933
331	T	0.076	0.2622499
332	T	0.100	0.2594257
333	C	0.413	0.2295916
334	C	0.446	0.2594768
335	T	-0.158	0.2724346
336	G	0.378	0.2530859
337	C	0.480	0.2820027
338	T	0.389	0.2822584
339	T	0.078	0.2811469
340	C	0.394	0.2680769
341	C	0.410	0.2993585
342	A	0.025	0.2935307
343	C	0.423	0.2255833
344	C	0.104	0.1768892
345	T	0.400	0.1604002
346	T	0.289	0.1361381
347	C	0.216	0.1344139
348	C	0.309	0.1654689
349	A	-0.334	0.1354811
350	G	-0.195	0.1547257
351	A	-0.119	0.1450042
352	G	0.103	0.1571651
353	G	0.389	0.1441184
354	C	0.398	0.08415982
355	A	0.063	0.06897082
356	G	0.334	0.04998665
357	G	0.283	0.08022482
358	T	0.435	0.07387252
359	T	0.060	0.07227985
360	T	-0.410	0.07272318
361	T	-0.516	0.1053326
362	A	-0.423	0.1049466
363	C	0.243	0.1114566
364	A	0.027	0.04029372
365	G	0.370	0.02194195
366	G	0.403	0.07050537
367	G	0.454	0.1119075
368	G	0.330	0.170792
369	T	0.361	0.1420129
370	G	-0.418	0.1595249
371	T	-0.160	0.1640242
372	G	0.172	0.1187699
373	T	-0.019	0.04297345
374	C	0.283	0.01649161
375	A	-0.101	0.02181019
376	C	0.237	0.09241836
377	C	0.424	0.137838
378	A	-0.139	0.1271542
379	T	-0.454	0.1514301
380	G	0.012	0.1627153
381	C	0.425	0.1829329
382	C	0.428	0.185885
383	T	0.384	0.1428794
384	G	0.044	0.191237
385	G	0.271	0.2537935
386	C	0.419	0.261733
387	T	0.140	0.2127009
388	G	0.273	0.1565959
389	G	-0.091	0.1076126
390	G	0.440	0.08008096
391	C	0.295	0.1013781
392	A	0.107	0.1074891
393	G	-0.162	0.1154517
394	T	-0.244	0.09269296
395	T	-0.202	0.07566142
396	G	-0.286	0.06474142
397	A	0.527	0.02624475
398	C	0.492	-0.02332892
399	A	0.236	-0.01427372
400	T	0	0.002039908
 401	T	-0.295	0.01894141
402	T	0.309	0.02869616
403	T	-0.166	0.005999742
404	T	-0.487	-0.02496134
405	T	-0.053	-0.03960268
406	C	-0.049	-0.04854235
407	A	0	-0.03199738
 408	T	-0.169	-0.02030397
409	G	0.254	0.01739353
410	G	0.120	0.01844745
411	A	0.060	-0.01333867
412	G	-0.107	-0.04748637
413	A	-0.097	-0.09093162
414	C	0.449	-0.1198505
415	T	0.286	-0.1564029
416	T	-0.474	-0.1532818
417	A	-0.435	-0.1249165
418	A	-0.458	-0.1105187
419	A	-0.521	-0.08877296
420	A	-0.516	-0.1434193
421	A	-0.183	-0.1889146
422	G	0.158	-0.1640933
423	C	0.401	-0.1417018
424	A	0.065	-0.06244462
425	A	0.163	-0.004180208
426	C	-0.205	0.01121454
427	G	-0.259	0.01260229
428	A	-0.176	-0.01917354
429	A	-0.166	-0.08787479
430	C	0.492	-0.1170157
431	T	0.177	-0.09199642
432	A	-0.331	-0.0374575
433	T	-0.167	0.01031125
434	A	-0.223	0.06369992
435	T	-0.423	0.09250892
436	G	-0.284	0.009224917
437	T	0.463	-0.03875967
438	C	0.448	-0.04240958
439	T	0.313	-0.01175267
440	C	0.464	-0.003748667
441	T	0.179	0.0007986667
442	A	-0.507	0.05853508
443	A	-0.397	0.05454042
444	G	-0.375	0.05474433
445	T	0.200	0.04935133
446	T	-0.127	0.04360658
447	G	-0.368	0.06378775
448	C	0.408	0.1340909
449	T	0.415	0.2086902
450	C	0.451	0.2263442
451	T	0.248	0.2334816
452	T	0.395	0.2165107
453	T	0.421	0.2155074
454	C	0.336	0.1427532
455	T	0.497	0.09126883
456	C	-0.163	0.02907442
457	A	0.286	-0.02373317
458	A	-0.330	-0.09729308
459	A	-0.380	-0.1634258
460	A	-0.464	-0.2241246
461	A	-0.201	-0.3044296
462	T	-0.295	-0.3261244
463	A	-0.384	-0.3488086
464	A	-0.487	-0.3629054
465	A	-0.372	-0.3436354
466	T	-0.391	-0.3218489
467	A	-0.466	-0.3370985
468	A	-0.423	-0.3498872
469	C	0.014	-0.3460601
470	A	-0.499	-0.2641228
471	A	-0.149	-0.2226807
472	A	-0.202	-0.2330826
473	G	-0.384	-0.1795929
474	T	-0.448	-0.1766564
475	A	-0.338	-0.2191867
476	T	0.495	-0.1783929
477	C	0.124	-0.173109
478	A	-0.516	-0.1948909
479	A	0.175	-0.1980343
480	G	-0.388	-0.2005729
481	A	-0.496	-0.2116123
482	A	-0.010	-
483	T	-0.086	-
484	G	-0.464	-
485	A	-0.422	-
486	A	-0.479	-
487	A	-0.471	-
