1	G	-0.390	-
2	A	-0.209	-
3	A	0.128	-
4	C	0.347	-
5	T	0.240	0.04955863
6	G	-0.179	0.09865862
7	G	0.153	0.1102656
8	A	-0.094	0.04628529
9	C	0.448	-0.005478933
10	T	0.051	-0.03759771
11	G	-0.104	0.03273584
12	A	-0.447	0.06395662
13	A	-0.117	0.1173068
14	C	-0.048	0.09124699
15	A	0.453	0.07725817
16	C	0.434	0.03932739
17	T	0.385	0.04012994
18	C	0.214	0.01841883
19	T	-0.074	-0.01616006
20	G	-0.446	-0.04369628
21	A	-0.440	-0.05910894
22	A	-0.313	-0.05069006
23	A	-0.359	-0.02050517
24	C	0.206	-0.042098
25	C	0.295	0.04874511
26	C	0.461	0.05056456
27	T	0.486	0.09782044
28	G	-0.268	0.08517978
29	T	0.371	0.04479133
30	T	-0.423	0.03956467
31	A	0.111	0.03774167
32	T	-0.473	0.013463
33	G	-0.157	0.07123811
34	C	0.248	0.03925998
35	A	0.444	0.1254804
36	C	0.267	0.1341256
37	A	0.251	0.1867432
38	C	0.083	0.2523703
39	G	0.352	0.2669033
40	T	0.189	0.2241917
41	G	0	0.13449
 42	T	0.433	0.06686314
43	C	0.379	0.05955201
44	C	0.060	0.04760823
45	A	-0.539	0.05139757
46	A	-0.357	0.09486034
47	C	0.017	0.07122146
48	C	0.244	0.07229912
49	A	0.223	0.1105982
50	G	0.391	0.2127038
51	C	0.220	0.2698031
52	C	0.389	0.2638335
53	C	0.405	0.179636
54	C	0.379	0.1547677
55	C	0.156	0.1092476
56	A	-0.035	0.1307569
57	G	-0.513	0.1097118
58	A	0	0.1125163
 59	G	-0.018	0.1202507
60	C	0.414	0.1500656
61	T	0.199	0.1672908
62	C	0.430	0.2701668
63	C	0.448	0.3151548
64	T	0.425	0.3443308
65	G	0.119	0.3104656
66	C	0.412	0.3009386
67	C	0.404	0.2328144
68	G	0.244	0.2034977
69	T	0.109	0.19766
70	G	0.113	0.2168522
71	T	-0.182	0.1938034
72	G	0.184	0.1550695
73	C	0.372	0.1567716
74	C	0.291	0.1813014
75	A	0.205	0.2153917
76	G	0.056	0.2570505
77	G	0.259	0.2550356
78	G	0.330	0.182638
79	C	0.420	0.1728004
80	C	0.192	0.1810684
81	T	0.166	0.1853558
82	A	-0.279	0.2040546
83	C	0.203	0.204067
84	G	0.279	0.1895306
85	C	0.094	0.2155598
86	C	0.427	0.1716568
87	A	0.330	0.2223692
88	C	0.289	0.1941897
89	T	0.426	0.1213804
90	T	-0.228	0.05743361
91	G	0.177	0.01780453
92	T	-0.050	0.01064964
93	C	-0.375	0.02718931
94	A	-0.480	-0.03476024
95	A	0.071	-0.02287224
96	G	0.265	-0.03780292
97	G	0.438	-0.08277476
98	G	-0.131	-0.0875142
99	G	-0.121	-0.08080476
100	A	0.043	-0.08432256
101	A	-0.454	-0.07400733
102	G	-0.418	-0.1028574
103	A	-0.420	-0.1184972
104	A	0.039	-0.1396069
105	T	0.358	-0.1700164
106	C	0.179	-0.158715
107	A	-0.271	-0.1558748
108	G	-0.311	-0.1344473
109	A	-0.230	-0.1865479
110	A	-0.353	-0.2333743
111	G	-0.392	-0.2620315
112	A	-0.227	-0.1951738
113	A	-0.429	-0.1127537
114	T	-0.062	-0.06035269
115	G	-0.078	-0.03243113
116	G	0.329	0.06320276
117	C	0.430	0.081017
118	T	0.240	0.1485948
119	C	-0.101	0.1391085
120	T	0.468	0.195705
121	C	-0.067	0.1351367
122	G	0.178	0.08241111
123	C	-0.148	0.001122111
124	T	0.430	-0.03114633
125	T	-0.215	-0.09959233
126	G	-0.044	-0.1078379
127	A	-0.490	-0.1195042
128	G	-0.392	-0.0956779
129	G	-0.147	-0.1197166
130	A	-0.141	-0.06560046
131	C	0.073	-0.09650599
132	A	0.066	0.007505678
133	C	0.214	0.0834999
134	G	0.271	0.1484997
135	T	-0.322	0.2042407
136	C	0.445	0.2460194
137	C	0.291	0.2705703
138	G	0.437	0.2742872
139	T	0.360	0.2685147
140	C	0.449	0.3601593
141	T	0.287	0.2882491
142	G	0.247	0.2046718
143	C	0.219	0.1729963
144	G	0.502	0.1042959
145	G	-0.201	0.005884111
146	T	-0.460	-0.07610011
147	A	0.151	-0.1569841
148	T	-0.257	-0.2331212
149	G	-0.436	-0.3425478
150	A	-0.450	-0.3667357
151	A	-0.480	-0.3520422
152	A	-0.465	-0.4092936
153	A	-0.482	-0.3382413
154	A	-0.419	-0.2805829
155	G	-0.328	-0.2447574
156	A	-0.363	-0.2323098
157	T	0.381	-0.2266686
158	C	0.082	-0.200265
159	A	-0.128	-0.1955375
160	T	-0.368	-0.1427846
161	A	-0.414	-0.1124085
162	A	-0.244	-0.1904436
163	A	-0.376	-0.1748926
164	C	0.146	-0.104393
165	A	-0.089	-0.009098667
166	C	-0.320	0.06456867
167	A	0.222	0.1204053
168	T	0.506	0.1768497
169	C	0.489	0.1146561
170	A	0.248	0.09367211
171	T	0.257	0.08239367
172	T	0.131	0.04809709
173	G	-0.413	-0.03665824
174	C	-0.278	-0.1359832
175	A	-0.422	-0.1268052
176	A	-0.085	-0.1533495
177	C	-0.256	-0.1481734
178	A	-0.404	-0.05182547
179	C	0.331	0.02633098
180	A	0.018	0.1068913
181	G	0.177	0.1040889
182	C	0.453	0.1827022
183	T	0.424	0.2247588
184	T	0.302	0.1396627
185	G	-0.111	0.1429282
186	C	0.450	0.1416039
187	T	-0.026	0.1139618
188	A	-0.434	0.0818621
189	A	0.048	0.07732821
190	G	0.165	0.1085205
191	T	0.205	0.1053659
192	G	0.135	0.0906915
193	C	0.261	0.1252883
194	A	0.169	0.1130032
195	G	0.422	0.1014887
196	T	-0.158	0.1092537
197	G	-0.123	0.1418913
198	A	-0.062	0.1247337
199	T	0.062	0.07864193
200	G	0.274	0.08006049
201	C	0.429	0.1453313
202	A	0.107	0.2105929
203	G	-0.245	0.2499726
204	G	0.435	0.1990349
205	C	0.429	0.1203267
206	T	0.463	0.01686744
207	C	0.292	-0.005885933
208	A	-0.396	-0.03570193
209	T	-0.433	-0.1380006
210	A	-0.501	-0.220813
211	C	-0.097	-0.2792463
212	A	-0.513	-0.2567616
213	A	-0.485	-0.2332233
214	A	-0.315	-0.1966419
215	G	-0.061	-0.1451782
216	C	0.494	-0.195925
217	G	-0.184	-0.1655899
218	T	-0.104	-0.1135312
219	C	-0.038	-0.07842307
220	A	-0.553	-0.06398676
221	A	-0.240	-0.1712196
222	G	-0.016	-0.1274649
223	G	0	-0.1368438
 224	G	0.067	-0.09534317
225	A	-0.470	0.01343872
226	A	0.209	0.09376439
227	G	-0.188	0.06048357
228	G	0.335	0.04210923
229	C	0.425	0.01569422
230	A	0.482	0.05873647
231	T	-0.316	0.06493302
232	A	-0.165	0.1080347
233	T	-0.169	0.1220435
234	T	-0.083	0.1095566
235	G	0.265	0.08490924
236	C	0.199	0.1200606
237	C	0.461	0.1886439
238	T	0.312	0.1967239
239	G	0.260	0.2110794
240	T	0	0.1582562
 241	G	0.451	0.1052072
242	G	-0.097	0.04867083
243	A	0.046	-0.01273861
244	G	-0.210	-0.08829339
245	A	-0.278	-0.1337321
246	T	-0.047	-0.1894237
247	T	-0.239	-0.1428272
248	A	-0.419	-0.1692787
249	A	-0.408	-0.1625892
250	A	-0.049	-0.1798315
251	T	0.322	-0.1712289
252	G	-0.192	-0.1293587
253	A	-0.150	-0.1157455
254	G	-0.433	-0.1024608
255	A	0.029	-0.1022936
256	T	0.136	-0.1200492
257	T	-0.296	-0.06695557
258	A	-0.289	-0.04283142
259	T	-0.047	0.004046811
260	G	0.162	-0.04982663
261	T	0.285	-
262	G	0.067	-
263	T	-0.011	-
264	A	-0.455	-
