1	G	0.256	-
2	C	0.406	-
3	C	0.185	-
4	A	0.064	-
5	C	0.032	-
6	G	0.261	-
7	T	0.205	-
8	C	0.404	-
9	C	0.510	-
10	T	0.069	-
11	T	0.175	-
12	C	0.021	-
13	G	-0.303	0.003115842
14	G	0.041	-0.001576735
15	A	-0.409	-0.004509196
16	T	-0.413	-0.01992785
17	G	-0.162	-0.03978813
18	A	-0.468	-0.0296237
19	G	-0.016	-0.04223842
20	A	-0.029	-0.06456404
21	G	0	-0.08910515
 22	G	-0.377	-0.1241881
23	A	-0.283	-0.1377469
24	A	0.067	-0.1423914
25	T	-0.126	-0.1490453
26	G	-0.031	-0.1436251
27	A	0.134	-0.1275909
28	G	0.329	-0.1261773
29	G	-0.215	-0.1047203
30	A	-0.451	-0.08661618
31	A	0.296	-0.0833141
32	G	-0.066	-0.1010995
33	A	-0.375	-0.1159749
34	G	-0.233	-0.1313637
35	A	-0.401	-0.1336164
36	A	-0.282	-0.1378543
37	T	0.055	-0.1579561
38	C	-0.151	-0.1453908
39	A	-0.162	-0.1561986
40	C	0.458	-0.1595768
41	A	-0.372	-0.1851889
42	G	0.144	-0.1837961
43	C	0.308	-0.1842141
44	G	-0.382	-0.2129536
45	A	-0.478	-0.2295324
46	A	-0.416	-0.2355328
47	A	-0.400	-0.2175216
48	A	-0.435	-0.1848626
49	C	-0.393	-0.1739881
50	A	-0.455	-0.1835276
51	A	0.199	-0.1840528
52	G	-0.312	-0.160536
53	G	0.046	-0.1619046
54	A	-0.336	-0.1316691
55	A	-0.179	-0.1462934
56	G	-0.462	-0.1650463
57	A	-0.450	-0.1626385
58	A	-0.497	-0.1525444
59	A	-0.531	-0.1426782
60	C	0.234	-0.1106346
61	C	0.447	-0.07806452
62	T	0	-0.04625637
 63	A	-0.193	-0.02202787
64	G	-0.165	-0.0126551
65	T	0.448	-0.00064775
66	C	0.423	-0.01402846
67	C	0.413	-0.02132892
68	A	-0.236	-0.01495518
69	G	-0.179	-0.01296561
70	A	-0.319	-0.01414788
71	C	-0.216	-0.01150788
72	A	-0.160	-0.009771723
73	C	0.433	-0.03552542
74	C	0.410	-0.07096107
75	G	0.433	-0.09045884
76	G	0.174	-0.1006347
77	G	0.443	-0.1099121
78	T	0	-0.1435196
 79	G	-0.301	-0.1760828
80	A	-0.525	-0.1846991
81	A	-0.013	-0.1711201
82	A	-0.410	-0.1484869
83	G	-0.481	-0.1217335
84	T	-0.429	-0.1223079
85	A	-0.486	-0.1311363
86	A	-0.434	-0.1649849
87	A	-0.473	-0.195643
88	A	-0.506	-0.2233011
89	A	-0.457	-0.2497426
90	A	-0.406	-0.2560441
91	G	-0.424	-0.2490597
92	A	-0.423	-0.2293124
93	C	0.189	-0.1927312
94	A	0.117	-0.1749133
95	C	0.409	-0.1455051
96	T	0.375	-0.1176176
97	G	-0.230	-0.1021811
98	G	-0.389	-0.09548045
99	T	-0.447	-0.08300418
100	A	-0.386	-0.08152048
101	A	-0.285	-0.06764395
102	A	-0.512	-0.06616033
103	G	0.279	-0.04627529
104	G	0.181	-0.03771368
105	T	0.211	-0.01384956
106	C	0.425	-0.01297172
107	C	0.449	-0.003085946
108	T	0.354	-0.01377175
109	T	0.243	-0.03782183
110	G	-0.027	-0.03188025
111	G	-0.311	-0.009891596
112	G	-0.110	0.02384202
113	A	-0.435	0.05684083
114	A	-0.146	0.08264775
115	A	-0.419	0.1105832
116	G	0.110	0.1052469
117	A	-0.202	0.08341963
118	T	0.196	0.08452179
119	G	0.212	0.08181844
120	C	0.374	0.0798551
121	T	0.131	0.08012202
122	G	-0.249	0.08712513
123	A	-0.076	0.09832977
124	G	0.182	0.1039372
125	T	0.430	0.1178301
126	C	0.471	0.1440944
127	T	0.385	0.1572745
128	G	0.213	0.1761017
129	T	0.141	0.1626672
130	A	-0.385	0.180113
131	G	0.240	0.1647576
132	G	0.354	0.1495782
133	C	0.398	0.1173641
134	T	0.360	0.1175255
135	C	0.425	0.1131349
136	T	0.263	0.1168917
137	G	-0.166	0.1187646
138	T	0.250	0.0864931
139	T	0.247	0.05523298
140	G	0.196	0.0343989
141	G	0.070	0.01706129
142	A	-0.238	-0.002128519
143	A	0.251	0.001069712
144	C	-0.202	0.008594981
145	A	-0.182	0.01190348
146	A	-0.463	0.01424667
147	T	0.135	-0.005358519
148	G	-0.363	-0.0139316
149	T	0.021	-0.006077712
150	T	0.230	-0.009981788
151	A	-0.409	-0.04017467
152	T	-0.341	-0.03574602
153	G	-0.156	-0.05792071
154	A	-0.237	-0.08024385
155	G	-0.357	-0.09238735
156	A	-0.302	-0.1206281
157	A	0.436	-0.1220605
158	C	0.440	-0.1080655
159	T	0.459	-0.07778908
160	G	-0.148	-0.07704712
161	A	0.202	-0.05685497
162	G	0.467	-0.06205573
163	G	-0.267	-0.06756955
164	A	-0.534	-0.04930782
165	A	0.362	-0.04307294
166	G	-0.380	-0.0411434
167	A	-0.509	-0.04724932
168	A	-0.554	-0.04980602
169	A	-0.482	-0.04755352
170	G	-0.239	-0.07393432
171	G	0.181	-0.1033884
172	A	0.323	-0.1328674
173	C	0.154	-0.1330122
174	A	0.161	-0.1375124
175	G	-0.114	-0.1625777
176	G	0.087	-0.1618624
177	A	0.065	-0.1382077
178	T	-0.178	-0.164041
179	A	-0.105	-0.1543407
180	T	-0.395	-0.1496172
181	A	-0.424	-0.1235289
182	T	-0.244	-0.116914
183	T	-0.249	-0.1216597
184	A	-0.324	-0.1232954
185	G	-0.307	-0.1444147
186	T	-0.152	-0.1548688
187	A	0.085	-0.1620341
188	G	-0.184	-0.1623789
189	A	-0.248	-0.1517917
190	G	0.080	-0.1660422
191	A	-0.309	-0.1741648
192	G	-0.127	-0.187289
193	G	-0.387	-0.1720675
194	A	0.123	-0.1470479
195	A	-0.310	-0.1540956
196	A	-0.362	-0.1515647
197	G	0.139	-0.1439269
198	A	-0.225	-0.1469779
199	G	-0.116	-0.1553113
200	T	-0.025	-0.1605431
201	A	-0.122	-0.154267
202	C	0.362	-0.1308141
203	A	-0.304	-0.1324448
204	G	-0.390	-0.1178671
205	A	-0.447	-0.1017885
206	A	0	-0.08977847
 207	T	0.226	-0.09747165
208	G	-0.427	-0.0955183
209	A	-0.184	-0.0725623
210	C	-0.126	-0.08953876
211	A	-0.386	-0.0836502
212	A	-0.369	-0.06139397
213	A	-0.050	-0.04732688
214	G	-0.020	-0.05479112
215	G	0.360	-0.06963845
216	G	0.038	-0.05480093
217	A	0.069	-0.04428035
218	C	0.290	-0.02141751
219	T	-0.074	-0.02468553
220	G	-0.076	-0.05328207
221	A	-0.260	-0.05547149
222	A	0.233	-0.04006915
223	G	-0.302	-0.02995315
224	G	-0.072	-0.0008779538
225	C	0.461	0.02268616
226	T	0.340	0.0300379
227	A	-0.317	0.04633437
228	T	-0.023	0.0364021
229	G	0.081	0.03021793
230	C	-0.116	0.04265798
231	A	0.147	0.03703206
232	G	-0.084	0.0543217
233	A	-0.517	0.07195815
234	A	-0.484	0.07038815
235	G	0.216	0.06709915
236	G	0.136	0.07116761
237	T	0.369	0.06885755
238	C	0.243	0.05817643
239	A	0.140	0.0428699
240	C	0.402	0.06922083
241	T	0.102	0.08777605
242	G	-0.122	0.07985449
243	G	0.393	0.08758628
244	G	0.143	0.1008952
245	G	0.374	0.08922534
246	G	0.382	0.1058494
247	A	-0.300	0.1184343
248	A	0.148	0.09182017
249	T	-0.196	0.07217844
250	G	-0.132	0.04344194
251	T	0.184	0.04097179
252	G	-0.057	0.03486946
253	C	0.368	0.01849149
254	A	0.459	0.02762026
255	G	-0.124	0.01703638
256	A	0.084	-0.01574255
257	C	0.493	-0.03836162
258	T	-0.388	-0.04617301
259	A	-0.085	-0.07127435
260	C	-0.157	-0.07240124
261	A	-0.475	-0.08063992
262	A	-0.373	-0.08608627
263	A	-0.377	-0.09692404
264	G	0.179	-0.09620404
265	A	-0.017	-0.09222641
266	C	-0.022	-0.09062202
267	T	0.339	-0.09100348
268	A	-0.397	-0.07730083
269	A	-0.458	-0.08236547
270	A	-0.444	-0.117697
271	T	0.171	-0.1218174
272	G	-0.270	-0.1341237
273	G	-0.330	-0.1430105
274	A	-0.065	-0.1423754
275	A	-0.337	-0.1474349
276	A	-0.414	-0.1530102
277	G	0.202	-0.1552798
278	A	0.046	-0.1488624
279	G	0.409	-0.1330285
280	G	0.449	-0.1291278
281	C	0.231	-0.1296554
282	A	-0.047	-0.1302426
283	G	-0.425	-0.1304885
284	A	-0.495	-0.156437
285	A	-0.405	-0.1605249
286	A	-0.388	-0.1509093
287	A	-0.459	-0.1686509
288	T	-0.505	-0.1696306
289	A	-0.522	-0.165744
290	A	0.120	-0.1881272
291	G	0.148	-0.192116
292	C	0.388	-0.199868
293	T	0.441	-0.2026825
294	G	-0.411	-0.2259576
295	A	-0.474	-0.2430208
296	A	-0.450	-0.2341273
297	A	-0.503	-0.2290606
298	A	-0.376	-0.2286931
299	G	-0.080	-0.2194365
300	A	-0.527	-0.1890024
301	A	-0.363	-0.1634108
302	A	-0.313	-0.1289137
303	G	-0.379	-0.1266934
304	A	-0.057	-0.1299658
305	C	0.208	-0.1279012
306	A	0.375	-0.1264484
307	G	-0.373	-0.09121171
308	A	-0.490	-0.07363084
309	A	-0.194	-0.07235015
310	T	-0.363	-0.06499692
311	G	-0.395	-0.04421203
312	T	-0.147	-0.02297486
313	A	0.332	0.007485412
314	G	0.159	0.03846353
315	C	0.374	0.07040199
316	T	0.177	0.1007401
317	G	0.063	0.09531575
318	G	0.442	0.07189317
319	C	0.479	0.05822573
320	A	0.504	0.06886128
321	T	-0.017	0.07824685
322	T	-0.417	0.09213197
323	T	-0.311	0.1172607
324	G	0.163	0.1400626
325	T	0.471	0.1608164
326	C	0.264	0.1631804
327	A	0.442	0.176963
328	C	0.517	0.1472834
329	T	0.409	0.1231858
330	A	-0.198	0.1004192
331	T	-0.400	0.07588162
332	T	0.020	0.05450357
333	G	-0.097	0.04328846
334	G	-0.246	0.05364086
335	T	0.166	0.06016486
336	T	0.289	0.07773644
337	C	0.197	0.06263948
338	C	0.392	0.05376525
339	C	0.393	0.06185855
340	C	0.518	0.05015109
341	T	-0.397	0.02926893
342	T	-0.448	0.01672923
343	T	-0.528	0.01640965
344	G	-0.195	0.02725196
345	G	-0.076	0.02407588
346	G	0.213	0.04278734
347	G	0.252	0.05707723
348	G	-0.247	0.0596993
349	A	0.144	0.04458677
350	G	-0.228	0.04846073
351	G	0.241	0.05076492
352	C	0.475	0.05290646
353	A	0.137	0.0507875
354	A	-0.025	0.05945061
355	T	0.083	0.06041238
356	T	-0.207	0.06684911
357	T	-0.118	0.08999492
358	G	-0.061	0.08547082
359	C	0.389	0.0750221
360	A	0.124	0.06361832
361	T	0.235	0.07159912
362	C	-0.103	0.08248693
363	T	0.297	0.1080193
364	G	0.451	0.08067885
365	G	0.449	0.06615245
366	T	0.463	0.07044933
367	T	-0.172	0.08470919
368	T	-0.423	0.1028493
369	A	-0.360	0.1008987
370	T	0.406	0.1137131
371	T	-0.194	0.1053146
372	T	-0.058	0.0815116
373	G	-0.044	0.06181813
374	G	-0.040	0.06794371
375	T	0.428	0.0789791
376	G	0.435	0.07369402
377	G	-0.469	0.0642739
378	G	0.097	0.06165663
379	A	0.249	0.06221444
380	A	0.345	0.08884848
381	C	0.555	0.09896229
382	T	-0.257	0.1214751
383	A	0.214	0.1223546
384	T	-0.280	0.1182564
385	T	-0.229	0.1276577
386	G	-0.387	0.1421786
387	C	0.394	0.1490669
388	A	0.183	0.1203234
389	C	0.160	0.1158847
390	T	0.207	0.1486923
391	C	0.381	0.1549618
392	C	0.477	0.1384605
393	T	0.520	0.1190623
394	T	-0.160	0.09626573
395	T	0.224	0.09466712
396	C	0.429	0.09844277
397	T	-0.300	0.116033
398	G	0.186	0.1313109
399	C	0.333	0.1372771
400	T	0.138	0.1151441
401	A	-0.319	0.1028679
402	G	0.319	0.1127944
403	C	0.383	0.09097816
404	T	0.260	0.0805782
405	T	-0.179	0.04419427
406	G	-0.159	0.0138225
407	G	-0.037	0.005505042
408	A	-0.299	-0.002671612
409	G	0.312	-0.001537342
410	T	0.177	0.02082954
411	C	0.167	0.01688783
412	A	-0.232	0.005169173
413	G	-0.181	0.004398327
414	A	-0.135	0.01560721
415	C	0.418	0.01714033
416	T	-0.360	0.01324644
417	G	0.110	0.007330212
418	A	-0.468	0.02141513
419	G	-0.269	0.04430194
420	T	-0.376	0.02966855
421	G	0.012	0.05609644
422	G	0.458	0.04504718
423	C	0.280	0.05356737
424	A	0.083	0.05831129
425	A	0.028	0.08509341
426	G	0.118	0.1031827
427	G	-0.027	0.1045417
428	A	0.359	0.09265933
429	C	0.282	0.1025196
430	A	0.106	0.08257683
431	G	0.186	0.09313164
432	C	0.435	0.1019547
433	A	-0.417	0.09538417
434	A	0.387	0.1048871
435	C	0.025	0.09920863
436	T	0.398	0.1054043
437	G	0.290	0.1179756
438	T	0.464	0.1248814
439	G	0.289	0.133587
440	T	-0.100	0.1520983
441	T	0.109	0.1451894
442	T	-0.103	0.1507219
443	G	-0.407	0.1459807
444	A	-0.193	0.1200403
445	A	-0.039	0.108218
446	G	-0.547	0.1333794
447	T	0.259	0.1136569
448	C	0.310	0.1311604
449	C	0.441	0.1017526
450	T	0.410	0.09354033
451	T	0.208	0.06026622
452	G	0.345	0.03331157
453	T	0.453	0.0266503
454	G	0.180	0.02967607
455	C	0.425	0.04993964
456	T	-0.016	0.08141418
457	T	-0.487	0.1020351
458	T	0.128	0.112767
459	C	0.236	0.1219095
460	A	-0.124	0.128927
461	G	0.480	0.1163351
462	A	-0.366	0.0978812
463	T	0.077	0.07059493
464	T	-0.401	0.05135528
465	T	-0.411	0.02847113
466	A	-0.273	0.02236705
467	T	0.188	0.0319209
468	T	0.423	0.03658755
469	C	0.410	0.04530095
470	C	0.342	0.08335876
471	T	0.239	0.09246757
472	A	-0.309	0.07115753
473	C	0.441	0.0787047
474	A	-0.016	0.06373755
475	T	-0.038	0.05876378
476	G	-0.298	0.06915922
477	G	-0.292	0.1021653
478	A	-0.249	0.1330711
479	A	0.294	0.1510387
480	C	0.428	0.1313421
481	A	0.547	0.124021
482	G	0.210	0.1239213
483	T	0.501	0.09866683
484	C	0.365	0.09012409
485	A	-0.317	0.09697213
486	A	0.071	0.09522948
487	G	0.091	0.1128308
488	G	-0.495	0.127237
489	A	0.347	0.1450802
490	C	0.457	0.1506832
491	C	0.391	0.155937
492	T	0.193	0.1271104
493	A	-0.323	0.09548543
494	C	0.232	0.07751446
495	T	0.408	0.08485188
496	A	-0.314	0.08222923
497	G	0.017	0.08541004
498	G	-0.131	0.1041838
499	C	0.396	0.09256283
500	T	0.441	0.09483156
501	C	0.336	0.1076912
502	C	0.164	0.07782383
503	A	-0.146	0.04705495
504	A	-0.113	0.02566068
505	T	-0.454	0.01464217
506	A	-0.393	0.02300482
507	T	0.079	-0.0007051423
508	T	0.400	-0.02867622
509	C	0.433	-0.02353545
510	T	0.447	-0.01324805
511	G	0.170	0.008870908
512	G	-0.230	0.009603292
513	A	0.150	0.009233831
514	A	-0.161	0.01325698
515	G	-0.428	0.0117501
516	A	-0.342	0.02120537
517	A	-0.164	0.02703801
518	C	-0.092	0.05323167
519	T	-0.106	0.08385763
520	A	-0.383	0.09814698
521	A	-0.319	0.09897686
522	G	-0.180	0.08707763
523	T	0.284	0.06416971
524	C	0.443	0.06266555
525	T	0.415	0.08130259
526	G	0.431	0.07224615
527	C	0.441	0.08643842
528	T	0.125	0.1170276
529	T	0.099	0.1439135
530	T	0.038	0.168837
531	G	0.226	0.173272
532	C	0.402	0.1606808
533	C	0.451	0.1565683
534	C	0.422	0.1557032
535	A	0.123	0.1633769
536	G	-0.147	0.1577991
537	T	0.131	0.1480109
538	C	0.253	0.1388432
539	T	-0.085	0.1191349
540	G	0.207	0.1057539
541	G	0.366	0.0956109
542	T	0.356	0.0964779
543	T	0.483	0.1128618
544	C	0.022	0.1212771
545	T	-0.433	0.1198245
546	A	-0.490	0.09597734
547	C	-0.341	0.07119203
548	A	0.018	0.05823695
549	A	0.139	0.05402584
550	C	0.188	0.03665903
551	C	0.176	0.01052042
552	A	-0.080	0.007055781
553	T	0.093	-0.00659795
554	T	-0.137	-0.0132146
555	A	0.121	-0.01987372
556	C	0.464	-0.03055368
557	C	0.445	-0.01560782
558	T	0.364	0.01871672
559	C	-0.168	0.03632059
560	A	-0.221	0.05289578
561	A	-0.212	0.04081938
562	C	-0.257	0.04514896
563	A	-0.320	0.02377507
564	T	-0.425	0.01863368
565	A	-0.175	0.009221742
566	T	-0.147	0.02401948
567	T	0.194	0.04521179
568	G	0.183	0.05747198
569	G	0.206	0.03960494
570	C	0.411	0.03224721
571	A	0.458	0.02377906
572	G	-0.032	0.01571852
573	T	0.089	0.0147001
574	A	-0.295	0.008746442
575	C	0.252	0.002965058
576	A	-0.367	0.004790596
577	T	0.043	0.01132552
578	A	-0.325	0.01354317
579	T	0.477	0.009771365
580	C	0.413	-0.01347637
581	T	0.440	-0.01951725
582	T	0	-0.02704048
 583	T	0.253	-0.03202429
584	T	0.144	-0.04380214
585	C	-0.378	-0.05984017
586	A	-0.248	-0.07563598
587	A	-0.367	-0.05293625
588	T	-0.407	-0.05278821
589	A	-0.272	-0.02820963
590	G	-0.256	-0.04092343
591	A	-0.117	-0.01825139
592	T	-0.245	-0.04259739
593	T	-0.410	-0.06401481
594	T	0.025	-0.08034522
595	C	0.010	-0.06055802
596	A	0.281	-0.08410298
597	T	0.152	-0.09629995
598	A	-0.449	-0.08479777
599	T	-0.321	-0.05666023
600	T	0.295	-0.04956546
601	G	0.255	-0.04574923
602	G	0.272	-0.04065938
603	T	-0.287	-0.04940107
604	T	0.263	-0.05845357
605	A	-0.155	-0.06339038
606	T	-0.143	-0.06038515
607	C	0.016	-0.05559899
608	C	0.514	-0.04105438
609	A	-0.358	-0.03498468
610	A	-0.172	-0.03083399
611	A	-0.079	-0.0102856
612	C	0.483	-0.01432049
613	T	-0.183	-0.0428236
614	A	-0.308	-0.04694283
615	G	-0.140	-0.04546707
616	A	-0.483	-0.04888295
617	A	-0.353	-0.0727436
618	A	-0.373	-0.06486498
619	A	-0.331	-0.05549192
620	A	0.150	-0.05844103
621	C	0.388	-0.09534457
622	T	0.439	-0.09271211
623	G	0.260	-0.09095592
624	T	0.084	-0.1071232
625	G	-0.426	-0.131116
626	A	-0.446	-0.1097214
627	G	0.148	-0.1072546
628	T	0.310	-0.1187481
629	G	-0.376	-0.09816973
630	A	-0.356	-0.06828027
631	A	0.049	-0.05448511
632	T	0.099	-0.0247505
633	T	-0.060	-0.03958311
634	G	-0.445	-0.03845834
635	A	-0.289	-0.07133403
636	A	-0.126	-0.09343073
637	G	-0.499	-0.09903973
638	T	-0.140	-0.08058945
639	T	0.373	-0.04354233
640	G	-0.244	-0.03289645
641	G	-0.439	-0.05425045
642	A	0.051	-0.05648279
643	G	0.424	-0.03913468
644	C	-0.014	-0.05374238
645	T	0.441	-0.07281033
646	T	-0.235	-0.06465423
647	C	0.417	-0.03910239
648	A	-0.415	-0.0389957
649	T	-0.314	-0.04805493
650	A	-0.061	-0.04624223
651	G	0.053	-0.0547587
652	C	0.517	-0.08753277
653	T	0.425	-0.093895
654	T	-0.244	-0.07202889
655	A	-0.434	-0.07401921
656	G	0.094	-0.07629525
657	T	-0.329	-0.07395011
658	T	-0.395	-0.07451092
659	A	0.151	-0.05415603
660	G	0.219	-0.06325334
661	T	-0.287	-0.03652473
662	G	-0.362	-0.01670038
663	G	-0.452	0.003701046
664	A	-0.362	0.01323283
665	A	-0.479	-0.004069827
666	A	-0.409	-0.0004927885
667	G	0.129	0.008923865
668	C	0	0.005960788
 669	A	0.364	-0.008769131
670	G	0.046	-0.0009619769
671	G	0.426	-0.006612669
672	G	0.294	-0.006361938
673	T	0.181	-0.01479744
674	C	0.279	-0.01307478
675	C	0.201	-0.01095955
676	T	0.468	-0.01263328
677	A	0.301	-0.01395102
678	G	0.067	-0.002511323
679	T	0.518	0.009462604
680	T	0	0.009385142
 681	T	-0.511	-0.0006728962
682	T	-0.288	-0.01689447
683	C	-0.126	-0.005067465
684	A	-0.542	-0.01200123
685	A	0.157	-0.01975371
686	G	0	-0.03140559
 687	G	-0.242	-0.05213802
688	G	-0.307	-0.07788809
689	A	-0.495	-0.08897436
690	A	-0.396	-0.0848164
691	A	-0.181	-0.08237128
692	G	-0.098	-0.09589324
693	T	0.127	-0.1044195
694	T	-0.261	-0.09643739
695	G	-0.056	-0.0934832
696	G	0.353	-0.1000499
697	G	0.246	-0.09707843
698	A	0.092	-0.09701312
699	T	-0.121	-0.09701312
700	T	-0.259	-0.08514042
701	T	-0.468	-0.06321826
702	T	0.180	-0.03308899
703	C	0.409	-0.03040126
704	T	0.130	-0.03535934
705	T	0.167	-0.03949207
706	C	-0.221	-0.03899353
707	A	-0.303	-0.02691792
708	A	-0.211	-0.029247
709	T	-0.297	-0.032339
710	G	-0.465	-0.03210415
711	C	0.159	-0.02423429
712	A	0	-0.02985945
 713	A	0.066	-0.01336672
714	G	0.262	-0.0114496
715	T	0.287	-0.0091246
716	G	-0.326	-0.02933583
717	A	-0.310	-0.04499264
718	A	-0.205	-0.03782941
719	G	0.140	-0.02387145
720	G	0.052	-0.02201252
721	A	-0.117	-0.02857187
722	C	0.273	-0.03072487
723	T	0.252	0.002312669
724	C	0.297	-0.007039358
725	A	-0.267	-0.01406517
726	G	0.169	-0.03209899
727	G	-0.418	-0.0597583
728	T	0.241	-0.05324326
729	A	-0.116	-0.03275053
730	G	-0.276	-0.002983065
731	T	0.353	0.01280443
732	G	0.141	0.0006145885
733	T	-0.255	-0.01857537
734	G	-0.382	-0.02422807
735	A	-0.353	-0.03610342
736	A	0.393	-0.03464968
737	T	-0.083	-0.02653211
738	G	-0.182	0.003007123
739	A	-0.402	-0.003503492
740	A	-0.456	-0.0043483
741	T	0.456	-0.02227095
742	G	0.206	-0.03415626
743	G	0.463	-0.03721384
744	T	0.204	-0.06720757
745	T	-0.176	-0.07140167
746	A	-0.446	-0.06553963
747	A	-0.264	-0.06454405
748	G	-0.035	-0.06708097
749	T	0.290	-0.09107901
750	C	0.508	-0.104195
751	A	0.500	-0.1120268
752	T	0	-0.1009912
 753	T	-0.440	-0.07159579
754	T	-0.224	-0.08128725
755	A	-0.425	-0.07469756
756	T	-0.355	-0.08950711
757	A	-0.426	-0.08765561
758	T	0.032	-0.06888942
759	C	-0.102	-0.03371965
760	A	-0.356	-0.003653608
761	A	-0.419	0.006466588
762	A	-0.230	0.005679973
763	A	-0.424	0.001081435
764	T	-0.386	0.001364012
765	A	-0.115	0.008108204
766	T	0.307	0.03576978
767	C	0.205	0.04552325
768	T	0.377	0.06425177
769	G	0.078	0.06971665
770	G	0.252	0.0656935
771	C	0.311	0.06090599
772	C	0.467	0.0778373
773	A	0.517	0.1050315
774	T	0.227	0.1375035
775	T	0.269	0.1581973
776	C	0.388	0.1888248
777	T	0.507	0.2075988
778	G	0.175	0.1980226
779	A	0.278	0.1667442
780	C	0.028	0.1382558
781	T	0.061	0.1074856
782	A	-0.213	0.08454269
783	A	-0.531	0.06806377
784	G	-0.092	0.05609765
785	C	0.337	0.042223
786	A	0.350	0.03710654
787	G	0.424	0.03757377
788	C	0.307	0.0160695
789	T	0.371	-0.004831538
790	C	0.101	-0.04297435
791	A	-0.364	-0.06279281
792	T	-0.505	-0.08143742
793	A	-0.535	-0.07760827
794	A	-0.422	-0.06503572
795	G	-0.518	-0.03980176
796	G	-0.175	0.001785242
797	A	0	0.015835
 798	G	0.107	-0.008078231
799	C	0.384	-0.02786088
800	T	0.239	-0.06498058
801	G	-0.289	-0.09076904
802	G	-0.154	-0.123988
803	A	-0.484	-0.1406338
804	A	-0.339	-0.1163152
805	T	-0.205	-0.08442435
806	T	0.128	-0.05702838
807	C	0.388	-0.02104012
808	C	0.442	0.01790062
809	C	0.550	0.006271654
810	T	0.272	0.002330115
811	A	-0.284	0.01220523
812	T	-0.163	0.01330415
813	A	-0.540	0.006530688
814	G	-0.362	0.03380177
815	A	-0.491	0.02501857
816	A	-0.330	0.0259333
817	G	0.267	0.0213045
818	T	0.323	0.009021612
819	C	0.176	-0.01292262
820	A	0.513	-0.03953212
821	G	0.494	-0.05269581
822	T	-0.477	-0.05824189
823	A	-0.102	-0.06153816
824	T	0.363	-0.0613462
825	G	0.412	-0.04671689
826	T	0.063	-0.01394423
827	T	0.419	0.008288073
828	T	-0.383	0.02551618
829	A	-0.460	0.03345184
830	A	-0.460	0.005471185
831	T	-0.525	-0.02641335
832	A	-0.442	-0.05387178
833	A	-0.303	-0.08863974
834	G	0.100	-0.1139392
835	C	0.405	-0.1062285
836	A	0.187	-0.0955957
837	G	-0.279	-0.1309023
838	A	0.216	-0.1380784
839	C	0.311	-0.1552677
840	T	0.215	-0.1786234
841	T	-0.043	-0.1546932
842	C	-0.124	-0.1467447
843	A	-0.459	-0.1480499
844	A	-0.505	-0.1487541
845	A	-0.537	-0.1205968
846	A	-0.390	-0.110992
847	G	-0.163	-0.1296162
848	C	-0.277	-0.1434491
849	T	0.173	-0.1569347
850	A	-0.554	-0.1386788
851	A	0.226	-0.1665289
852	G	-0.383	-0.1822116
853	G	-0.187	-0.1715532
854	G	0.238	-0.1528231
855	T	-0.253	-0.1463661
856	A	-0.494	-0.1139814
857	A	-0.543	-0.08239498
858	G	0.289	-0.04697078
859	G	-0.053	-0.03553576
860	T	-0.384	-0.03560972
861	A	0.046	-0.03203199
862	G	-0.163	-0.04789991
863	A	0.195	-0.03225145
864	T	-0.507	-0.0335496
865	G	-0.096	-0.02315945
866	C	0.492	-0.01484598
867	T	0.443	-0.02656813
868	T	0.043	-0.003647135
869	C	0.382	-0.002603404
870	C	0.315	0.01101829
871	C	0.383	-0.01117856
872	T	-0.093	-0.0003075231
873	T	-0.165	0.03205267
874	T	-0.184	0.0509208
875	T	-0.238	0.04724788
876	T	-0.147	0.04239249
877	A	0.192	0.05024368
878	T	-0.113	0.03669463
879	T	0.028	-0.001549642
880	C	-0.065	-0.03567772
881	T	0.342	-0.04697428
882	A	-0.467	-0.0780992
883	T	-0.189	-0.1002216
884	T	-0.287	-0.1318249
885	T	0.229	-0.1441997
886	C	0.457	-0.1487666
887	T	0.536	-0.1505168
888	G	-0.258	-0.1543279
889	T	0.068	-0.1424955
890	T	-0.303	-0.1458513
891	A	-0.448	-0.1522588
892	A	-0.502	-0.1379831
893	A	-0.444	-0.1170635
894	G	-0.250	-0.1353229
895	T	-0.427	-0.1037977
896	A	-0.259	-0.08163112
897	A	-0.437	-0.05167778
898	A	-0.415	-0.06474078
899	T	-0.284	-0.08772805
900	A	-0.229	-0.1147013
901	T	-0.337	-0.1098863
902	A	0.160	-0.1110796
903	G	0.105	-0.09809426
904	G	-0.279	-0.06471949
905	C	0.399	-0.03004738
906	T	0.478	-0.005729069
907	G	-0.132	0.01968693
908	T	0.352	0.03411477
909	C	0.387	0.04696559
910	C	0.491	0.0815489
911	A	-0.110	0.1049662
912	A	-0.140	0.1318666
913	T	-0.164	0.1607651
914	G	-0.133	0.1719408
915	A	0.037	0.1583807
916	C	0.034	0.1436473
917	T	0.419	0.1450973
918	T	0.399	0.1137151
919	C	0.187	0.08562173
920	A	0.410	0.07199862
921	T	-0.051	0.07532808
922	T	0.074	0.07783435
923	C	0.461	0.05416181
924	T	0.193	0.07690858
925	G	0.415	0.07813842
926	T	0.521	0.08024904
927	T	-0.047	0.08966473
928	T	-0.192	0.07130688
929	A	-0.277	0.07660376
930	T	-0.241	0.06885018
931	T	-0.416	0.04093572
932	A	-0.252	0.04937911
933	A	-0.486	0.02065607
934	T	0.439	0.02893562
935	A	0.452	0.006257638
936	G	-0.124	-0.03048755
937	A	0.481	-0.05018321
938	T	-0.108	-0.06419967
939	A	-0.109	-0.06803801
940	T	0.111	-0.06322827
941	T	-0.439	-0.05011485
942	T	0.172	-0.02668073
943	G	0.217	-0.02249627
944	G	-0.326	0.01146888
945	T	0.407	0.03857542
946	T	-0.336	0.07093634
947	T	0.163	0.05353938
948	A	-0.514	0.05262923
949	T	-0.494	0.07088007
950	A	-0.318	0.06692838
951	G	0.050	0.08746527
952	C	0.421	0.09403386
953	A	0.077	0.07610548
954	C	0.148	0.08088371
955	T	0.331	0.09318275
956	A	-0.133	0.08612461
957	T	0.466	0.1017307
958	C	0.452	0.07993343
959	T	0.354	0.09345397
960	A	-0.013	0.09714397
961	T	0.428	0.1169448
962	T	0.350	0.1276306
963	C	0.378	0.1221329
964	T	0.425	0.108321
965	T	0.061	0.07269573
966	T	-0.354	0.05211297
967	A	-0.315	0.03234093
968	T	0.491	0.02730843
969	C	0.034	0.04471801
970	T	0.079	0.01178113
971	A	-0.159	-0.008710677
972	C	0.015	-0.0218859
973	T	0.259	-0.02708836
974	A	0	-0.04763998
 975	T	-0.216	-0.07613759
976	T	-0.461	-0.1074734
977	G	-0.308	-0.1389954
978	A	-0.504	-0.1579589
979	A	-0.457	-0.1313931
980	A	-0.365	-0.1139757
981	G	0.200	-0.1432049
982	T	0.319	-0.1257499
983	G	-0.389	-0.137382
984	A	-0.080	-0.1439848
985	G	0.012	-0.1527214
986	G	-0.148	-0.1482511
987	T	-0.105	-0.1577577
988	A	-0.390	-0.1545918
989	G	-0.436	-0.1480939
990	T	-0.393	-0.1154903
991	A	-0.431	-0.09835181
992	G	0.335	-0.08255822
993	T	0.137	-0.08157565
994	C	-0.268	-0.1024363
995	A	0.488	-0.1312501
996	T	-0.223	-0.1334984
997	T	-0.330	-0.139222
998	A	-0.212	-0.1408357
999	C	0.375	-0.1442342
1000	T	-0.247	-0.1542833
1001	T	-0.134	-0.129775
1002	A	-0.292	-0.1039018
1003	C	0.539	-0.07574335
1004	A	-0.058	-0.05497528
1005	T	-0.046	-0.05286628
1006	T	-0.339	-0.06615197
1007	A	-0.341	-0.03742016
1008	A	-0.429	-0.04731958
1009	A	-0.447	-0.02518566
1010	A	-0.229	-0.01559515
1011	T	-0.029	-0.0150603
1012	G	-0.236	-0.03523922
1013	T	-0.367	-0.02327555
1014	T	0.246	-0.001360165
1015	C	0.236	0.003045527
1016	A	0.338	-0.03709724
1017	T	0.108	-0.0469818
1018	G	0.390	-0.05655201
1019	G	-0.207	-0.05082382
1020	A	0.479	-0.03001908
1021	T	0.230	-0.006443123
1022	G	0.352	0.02269572
1023	T	-0.081	0.04269092
1024	A	-0.198	0.05555788
1025	G	-0.149	0.05723923
1026	A	0.063	0.05993588
1027	C	0.435	0.0359445
1028	T	-0.177	0.01605277
1029	A	-0.504	-0.01407589
1030	A	-0.315	-0.02970027
1031	G	-0.295	-0.0294305
1032	A	-0.190	-0.003320696
1033	G	0.199	-0.00287085
1034	G	0.183	-0.00463935
1035	G	0.309	-0.02024507
1036	T	0.290	-0.005196542
1037	G	0.304	0.01405319
1038	T	-0.193	0.009566188
1039	A	-0.296	-0.003571215
1040	T	-0.377	-0.01382968
1041	A	-0.280	-0.0060476
1042	A	-0.445	0.009055862
1043	T	-0.298	0.01437213
1044	T	0.397	0.02860266
1045	T	0.471	0.05261247
1046	C	0.490	0.03923635
1047	T	0.184	0.03723404
1048	A	-0.053	0.02023943
1049	C	0.309	-0.005757419
1050	A	0.302	-0.02166338
1051	T	-0.265	-0.006627112
1052	G	-0.277	0.01863973
1053	A	0.169	0.03145796
1054	T	0.024	0.03989472
1055	T	-0.111	0.03972502
1056	T	-0.177	0.03483114
1057	T	0.074	0.002160908
1058	C	0.433	-0.02379436
1059	A	-0.148	-0.03756813
1060	C	0.131	-0.06350417
1061	A	-0.132	-0.0684678
1062	T	-0.385	-0.06981372
1063	A	-0.108	-0.06710361
1064	A	0.197	-0.04780342
1065	T	0.359	-0.02883565
1066	C	-0.043	-0.03258947
1067	T	-0.061	-0.03113812
1068	T	-0.449	-0.01671504
1069	A	-0.425	0.001977846
1070	A	-0.451	-0.005612681
1071	A	-0.203	-0.0246306
1072	T	0.132	-0.03414741
1073	G	-0.489	-0.05616918
1074	T	-0.182	-0.06271864
1075	T	0.274	-0.05963768
1076	C	0.372	-0.0611166
1077	T	0.235	-0.08132998
1078	G	0.215	-0.1140365
1079	T	0.071	-0.1213924
1080	G	0.062	-0.1122063
1081	G	0.263	-0.08960627
1082	G	0.308	-0.08429512
1083	T	-0.122	-0.0703805
1084	G	-0.060	-0.07894296
1085	A	-0.396	-0.09662027
1086	G	-0.441	-0.0770478
1087	T	-0.302	-0.06575411
1088	A	-0.305	-0.05986603
1089	T	-0.147	-0.05862857
1090	T	-0.327	-0.06176134
1091	A	-0.490	-0.05715096
1092	A	-0.234	-0.05495313
1093	G	0.177	-0.04380195
1094	G	0.137	-0.06801368
1095	G	-0.287	-0.09647814
1096	A	-0.090	-0.09774795
1097	A	-0.426	-0.08454722
1098	A	-0.327	-0.06698669
1099	A	0.019	-0.06705523
1100	T	0.111	-0.0522752
1101	C	0.427	-0.03918497
1102	T	0.404	-0.03978112
1103	T	0.154	-0.0453702
1104	T	0.335	-0.04640381
1105	C	0.128	-0.04358254
1106	T	0.352	-0.05272173
1107	A	-0.366	-0.05225777
1108	G	-0.431	-0.05934616
1109	A	-0.155	-0.06671297
1110	A	0.282	-0.06660678
1111	C	0.060	-0.06849235
1112	T	-0.443	-0.07967678
1113	A	0.081	-0.09901255
1114	C	0.035	-0.1315544
1115	T	-0.162	-0.1659146
1116	T	-0.473	-0.1784276
1117	A	-0.517	-0.1798956
1118	A	-0.161	-0.1691645
1119	G	-0.060	-0.1896361
1120	T	0.150	-0.1862257
1121	G	-0.471	-0.1614952
1122	A	-0.281	-0.1369589
1123	G	-0.423	-0.133354
1124	A	-0.376	-0.1493057
1125	A	-0.271	-0.1406884
1126	T	-0.391	-0.1495346
1127	A	-0.418	-0.1589169
1128	A	-0.488	-0.1434084
1129	A	-0.170	-0.1096847
1130	C	0.297	-0.08172635
1131	T	0.407	-0.05757915
1132	T	-0.180	-0.03868181
1133	G	-0.277	-0.05744277
1134	A	0.211	-0.05423181
1135	T	0.482	-0.05777415
1136	C	0.376	-0.04841923
1137	A	-0.354	-0.04948842
1138	T	-0.219	-0.03438546
1139	T	-0.148	-0.03105992
1140	C	-0.208	-0.007427154
1141	A	0.240	0.01135742
1142	T	0.403	0.02502742
1143	C	0.209	0.02567435
1144	C	0.466	0.02750938
1145	T	0.430	0.05326854
1146	G	-0.337	0.07023288
1147	A	-0.388	0.07955862
1148	A	-0.373	0.06656842
1149	A	-0.180	0.05776223
1150	A	-0.403	0.07427393
1151	T	0.121	0.07067505
1152	A	-0.305	0.06545416
1153	C	0.196	0.06281801
1154	A	0	0.0706497
 1155	T	0.184	0.0693362
1156	A	0.313	0.07850293
1157	C	0.455	0.05154893
1158	T	0.489	0.01460674
1159	G	0.163	0.03363097
1160	A	0.453	0.03107405
1161	C	0.144	0.04613391
1162	T	0.147	0.0656183
1163	A	0.075	0.09464191
1164	T	-0.312	0.1078996
1165	G	-0.283	0.1175667
1166	A	-0.277	0.0994236
1167	T	0.443	0.118094
1168	C	0.369	0.1199907
1169	C	0.447	0.09663618
1170	T	-0.234	0.07061337
1171	T	-0.529	0.03787729
1172	A	0.156	0.02059837
1173	G	-0.454	-0.01475721
1174	G	0.017	-0.03815709
1175	G	0.326	-0.03440513
1176	T	0.350	-0.04642364
1177	C	0.465	-0.04941575
1178	A	-0.053	-0.03674781
1179	A	-0.275	-0.02424213
1180	C	0.485	-0.05150078
1181	T	0.233	-0.07466102
1182	T	-0.293	-0.1074191
1183	A	-0.221	-0.09231394
1184	A	-0.361	-0.05717075
1185	C	-0.285	-0.05739863
1186	A	-0.465	-0.03518155
1187	A	-0.463	-0.04162327
1188	A	0.244	-0.06224038
1189	G	-0.237	-0.06675111
1190	G	-0.390	-0.07794565
1191	A	0.045	-0.0831953
1192	A	0.047	-0.08992418
1193	T	-0.264	-0.1239951
1194	G	-0.232	-0.1503388
1195	A	-0.403	-0.1588001
1196	G	0.158	-0.1703861
1197	T	0.384	-0.1744005
1198	T	0.150	-0.1553322
1199	T	0.123	-0.1358719
1200	T	-0.149	-0.1017817
1201	G	-0.209	-0.1054528
1202	T	0.233	-0.1024768
1203	A	0.174	-0.08955416
1204	T	-0.190	-0.09216544
1205	T	-0.450	-0.1117272
1206	T	-0.400	-0.1164881
1207	T	-0.451	-0.121794
1208	A	-0.513	-0.1260609
1209	A	-0.522	-0.1514913
1210	A	-0.465	-0.1655504
1211	G	0.210	-0.1669462
1212	G	0.040	-0.1574836
1213	G	0.422	-0.151729
1214	G	0.149	-0.1546681
1215	G	-0.160	-0.1711227
1216	A	-0.054	-0.1725932
1217	A	-0.022	-0.1813621
1218	G	-0.460	-0.178611
1219	A	-0.388	-0.1666099
1220	G	-0.370	-0.1409599
1221	A	-0.514	-0.1326063
1222	A	-0.503	-0.1271
1223	A	0.018	-0.1267353
1224	G	0.114	-0.1526069
1225	T	0.369	-0.149769
1226	G	0	-0.1766661
 1227	G	-0.286	-0.1666093
1228	T	-0.194	-0.1418604
1229	A	0.136	-0.1421742
1230	A	-0.418	-0.1504829
1231	T	-0.378	-0.1327634
1232	A	-0.088	-0.1096623
1233	C	0.215	-0.09073894
1234	A	-0.296	-0.05453144
1235	T	-0.379	-0.04051402
1236	T	-0.456	-0.04469428
1237	T	-0.462	-0.06435201
1238	A	0.114	-0.08552689
1239	G	-0.276	-0.06690166
1240	C	0.410	-0.03974335
1241	T	0.483	-0.02597685
1242	T	-0.062	-0.01986566
1243	T	-0.238	0.007389762
1244	T	0	0.03716326
 1245	G	0.212	0.03496938
1246	A	0.121	0.01822515
1247	C	0.426	0.02394503
1248	T	-0.138	0.04623434
1249	T	-0.090	0.07718877
1250	A	-0.396	0.1125357
1251	G	-0.181	0.09029546
1252	T	0.484	0.1156796
1253	C	0.419	0.1111768
1254	A	0.163	0.1099759
1255	C	0.295	0.1166927
1256	T	0.290	0.1338934
1257	C	0.395	0.1435502
1258	A	-0.145	0.1386865
1259	T	-0.219	0.139208
1260	G	-0.147	0.1267514
1261	G	0.200	0.1301896
1262	G	0.348	0.1302074
1263	T	0.456	0.1426148
1264	T	-0.464	0.1353349
1265	G	0.383	0.1052735
1266	T	0.293	0.08354113
1267	T	0.452	0.06551317
1268	T	0.112	0.04835156
1269	G	0.208	0.03002175
1270	T	0.251	0.01429893
1271	G	0.085	0.01798509
1272	A	0.135	0.01169717
1273	T	0.102	0.02523205
1274	G	-0.049	0.02884152
1275	G	-0.089	0.03122563
1276	T	-0.073	0.01828652
1277	A	-0.370	0.04146655
1278	A	-0.297	0.01443744
1279	T	-0.145	-0.003100523
1280	T	-0.305	-0.03855237
1281	A	-0.150	-0.04826037
1282	A	-0.186	-0.06180668
1283	T	-0.013	-0.07083136
1284	G	-0.049	-0.07740117
1285	G	-0.382	-0.09304417
1286	A	0.204	-0.1021242
1287	G	0.294	-0.0832018
1288	G	0.410	-0.0634209
1289	G	0.120	-0.0629254
1290	T	0.138	-0.06231278
1291	G	-0.319	-0.06270763
1292	T	-0.162	-0.06140543
1293	T	-0.469	-0.0596404
1294	A	-0.140	-0.05232105
1295	T	-0.143	-0.0505997
1296	T	0.016	-0.0368435
1297	C	-0.085	-0.02324682
1298	A	-0.271	-0.02277058
1299	G	-0.133	-0.03208694
1300	A	0.442	-0.05801467
1301	C	0.424	-0.0847249
1302	A	-0.060	-0.1082798
1303	C	-0.354	-0.1051671
1304	A	-0.307	-0.07947217
1305	T	-0.111	-0.05723098
1306	A	-0.259	-0.02574782
1307	T	0.039	-0.02034955
1308	G	-0.141	-0.007862708
1309	A	0.344	0.0054234
1310	C	0.303	0.02863665
1311	A	-0.370	0.02731565
1312	A	-0.037	0.04678262
1313	T	-0.380	0.03728312
1314	G	-0.283	0.006268115
1315	A	-0.492	-0.008829546
1316	C	0.219	-0.0136852
1317	T	0.348	-0.01959693
1318	C	0.415	-0.02723532
1319	A	0.349	-0.01660443
1320	T	0	-0.002188165
 1321	T	0.181	0.01958507
1322	C	0.361	0.02243541
1323	C	0.518	0.02217699
1324	A	-0.305	0.01965937
1325	T	0.372	0.01792524
1326	C	0.195	0.01137089
1327	A	-0.381	0.002463277
1328	A	-0.453	0.0206767
1329	A	-0.481	0.01276432
1330	A	-0.461	0.01242078
1331	G	-0.309	0.01366359
1332	T	0.017	0.005118131
1333	T	0.414	0.01298409
1334	C	0.424	0.02246898
1335	C	0.418	0.02629048
1336	T	0.297	0.0231754
1337	C	-0.436	0.04278494
1338	A	-0.082	0.04430978
1339	A	-0.550	0.02914482
1340	A	-0.515	0.04680041
1341	G	-0.018	0.06621955
1342	G	0.013	0.07165071
1343	T	0.339	0.07282113
1344	C	0.448	0.06399302
1345	T	0.126	0.04469163
1346	G	0.204	0.0414344
1347	C	0.427	0.005892788
1348	C	0.461	-0.0185694
1349	T	0.437	-0.0160086
1350	G	0.203	0.01072406
1351	C	0.412	0.02786043
1352	A	-0.198	0.05464766
1353	G	0.077	0.09185189
1354	C	0.051	0.1028136
1355	A	-0.339	0.1125275
1356	A	-0.430	0.1112775
1357	A	-0.539	0.1006833
1358	A	-0.484	0.0972719
1359	C	0.329	0.1067087
1360	A	-0.499	0.0757382
1361	A	-0.217	0.06608367
1362	T	0.363	0.06542709
1363	G	0.259	0.05988408
1364	G	0.362	0.03649408
1365	T	0.145	0.0380865
1366	G	0.451	0.05148649
1367	C	0.266	0.059601
1368	A	0.266	0.09093735
1369	C	0.306	0.1087588
1370	T	0.172	0.1168062
1371	G	0.038	0.1242848
1372	T	0.449	0.09538123
1373	G	-0.377	0.09563138
1374	T	0.210	0.09449773
1375	T	0.420	0.07008338
1376	T	0.059	0.04883823
1377	T	-0.195	0.04152115
1378	G	-0.157	0.04887723
1379	G	0.425	0.04624173
1380	T	0.262	0.03113738
1381	T	0.474	0.02868335
1382	T	0.032	0.02445788
1383	G	-0.330	0.03765315
1384	T	-0.290	0.03234843
1385	A	-0.421	0.01123913
1386	A	-0.492	0.0397729
1387	T	-0.247	0.03393011
1388	T	-0.270	0.01204996
1389	A	-0.293	-0.006592069
1390	T	0.172	-0.0037478
1391	T	0.337	0.01371512
1392	C	0.383	-0.01024357
1393	T	-0.126	-0.002036031
1394	G	0.202	-0.009048915
1395	A	0.197	0.0008343154
1396	C	0.515	0.02983282
1397	G	-0.099	0.03126351
1398	A	-0.098	0.03039705
1399	T	0.364	0.03702443
1400	T	0.058	0.03475297
1401	C	-0.148	0.03677882
1402	T	-0.424	0.04235666
1403	A	-0.121	0.05306182
1404	A	0.296	0.05709939
1405	G	-0.197	0.02718224
1406	A	0.475	0.02829587
1407	T	0.292	0.007413912
1408	T	0.289	-0.01726351
1409	T	0.423	-0.05515763
1410	G	-0.253	-0.0623613
1411	T	-0.444	-0.07290173
1412	A	-0.320	-0.09553181
1413	T	-0.306	-0.1126249
1414	T	-0.218	-0.1182475
1415	C	-0.148	-0.08473052
1416	C	0.450	-0.0901046
1417	A	0.442	-0.1085221
1418	T	-0.394	-0.08697613
1419	T	-0.097	-0.09402583
1420	A	-0.340	-0.0944146
1421	T	-0.444	-0.1024885
1422	T	-0.469	-0.111989
1423	A	-0.287	-0.0850927
1424	A	-0.373	-0.05414005
1425	A	-0.223	-0.03461112
1426	A	-0.386	-0.003265662
1427	T	-0.294	-0.0005614692
1428	T	0.446	-0.01274651
1429	T	-0.261	-0.04645593
1430	G	-0.181	-0.07808862
1431	T	0.363	-0.08387982
1432	T	0.292	-0.1003086
1433	C	0.282	-0.1067436
1434	C	0.079	-0.0822726
1435	G	0.176	-0.04939845
1436	C	0.446	-0.03435868
1437	C	0.360	-0.02294913
1438	T	0.187	-0.02261605
1439	C	0.508	0.006814215
1440	T	-0.148	0.02762545
1441	T	-0.465	0.004825369
1442	A	-0.425	0.004916946
1443	A	-0.380	0.004523331
1444	A	-0.545	-0.006110896
1445	A	-0.524	-0.01647712
1446	A	-0.507	-0.02982319
1447	G	0.191	-0.03582851
1448	G	0.385	-0.05823528
1449	T	0.103	-0.08685078
1450	G	-0.076	-0.1077485
1451	A	-0.215	-0.09698574
1452	C	0.379	-0.1005264
1453	T	0.246	-0.09973482
1454	A	-0.146	-0.09656912
1455	T	-0.258	-0.09703508
1456	T	-0.192	-0.102504
1457	A	0.086	-0.1019453
1458	C	0.022	-0.09843755
1459	A	-0.064	-0.09657443
1460	T	-0.076	-0.117756
1461	T	-0.405	-0.1168813
1462	A	-0.297	-0.1059797
1463	A	-0.182	-0.0922649
1464	T	0.467	-0.07453594
1465	C	0.416	-0.0763201
1466	T	-0.127	-0.07025106
1467	G	-0.382	-0.04748737
1468	A	-0.437	-0.02468502
1469	A	-0.522	-0.00066175
1470	A	-0.530	0.0135319
1471	A	-0.433	0.03321101
1472	G	-0.459	0.01703981
1473	A	-0.359	0.01239265
1474	C	0.408	0.01040096
1475	C	0.387	0.01420838
1476	A	0.280	0.01027696
1477	G	0.245	-0.01119456
1478	G	0.332	-0.03546372
1479	G	0.404	-0.03876891
1480	T	0.445	-0.008402138
1481	C	0.333	0.003260708
1482	C	0.432	0.02847567
1483	C	0.455	0.03147128
1484	C	0.534	0.0345474
1485	T	-0.485	0.05476399
1486	A	-0.197	0.06910105
1487	T	-0.457	0.06511259
1488	G	-0.198	0.05178087
1489	A	-0.285	0.03801743
1490	A	-0.091	0.04534555
1491	G	-0.214	0.04977916
1492	A	-0.213	0.05087197
1493	C	0.406	0.0371093
1494	T	-0.134	0.02989449
1495	G	0.133	0.02259214
1496	A	-0.452	0.02217822
1497	G	-0.353	0.009305181
1498	T	0.066	0.04452487
1499	A	0.013	0.04139514
1500	C	0.304	0.04842141
1501	A	0.040	0.07099703
1502	G	-0.077	0.08650753
1503	C	0.436	0.07862932
1504	T	0.447	0.07928963
1505	G	0.432	0.1019278
1506	T	0.087	0.1015112
1507	G	0.146	0.1220656
1508	T	0.242	0.1322296
1509	C	0.444	0.1660183
1510	C	0.199	0.1900603
1511	A	0.430	0.1875059
1512	T	-0.278	0.2002794
1513	G	-0.274	0.1954285
1514	T	0.388	0.2113481
1515	C	0.118	0.2204165
1516	T	-0.296	0.1994554
1517	T	-0.197	0.180781
1518	G	0.375	0.1798462
1519	G	0.395	0.1946172
1520	T	0.400	0.1852601
1521	G	0.397	0.1707776
1522	C	0.425	0.1363623
1523	T	0.271	0.1365178
1524	T	0	0.1249483
 1525	T	0.345	0.1387872
1526	C	0.178	0.1403388
1527	T	0.454	0.1164026
1528	T	0.158	0.09539647
1529	T	-0.108	0.1192469
1530	G	-0.037	0.1356872
1531	T	0.408	0.121255
1532	G	0.471	0.1169231
1533	T	-0.096	0.1114536
1534	T	-0.133	0.09884763
1535	A	-0.449	0.08954171
1536	G	0.203	0.09975548
1537	T	0.129	0.1060456
1538	T	0.080	0.07663036
1539	G	-0.234	0.05370025
1540	G	-0.234	0.01989452
1541	A	-0.428	-0.0043256
1542	G	0.324	-0.01646133
1543	G	0.230	-0.03563818
1544	G	0	-0.0592366
 1545	C	0.283	-0.06648048
1546	C	0.257	-0.06868597
1547	A	0.069	-0.0787442
1548	C	0.183	-0.04579059
1549	G	0.537	-0.03751751
1550	G	0.163	-0.02514951
1551	A	-0.418	-0.009200142
1552	T	-0.418	-0.01332549
1553	A	-0.424	0.004786435
1554	A	-0.471	0.01828572
1555	A	-0.424	0.008074412
1556	A	-0.536	-0.01322767
1557	A	-0.205	-0.006929396
1558	T	0.283	-0.004595588
1559	G	-0.154	-0.00511705
1560	A	-0.395	0.01115675
1561	G	0.406	0.02493002
1562	C	0.419	-0.01531379
1563	A	0.451	-0.02872898
1564	C	0.495	-0.01838668
1565	T	-0.341	-0.009167023
1566	T	0.236	0.007151285
1567	T	-0.077	0.03867505
1568	G	0.058	0.06837098
1569	T	-0.323	0.08087371
1570	G	0.163	0.07721894
1571	C	0.343	0.05622432
1572	C	0.244	0.04905332
1573	C	0.492	0.04771494
1574	T	0.541	0.01991594
1575	T	-0.509	0.006152881
1576	A	-0.185	0.007810535
1577	T	-0.150	0.005434612
1578	G	-0.178	0.0006638038
1579	G	0	-0.01362904
 1580	C	0.348	-0.01962075
1581	T	0.347	-0.03490321
1582	T	-0.211	-0.0354666
1583	T	-0.300	-0.03360321
1584	A	-0.262	-0.03693663
1585	T	-0.340	-0.02869379
1586	T	-0.430	-0.03018244
1587	A	-0.315	-0.04293487
1588	G	0.061	-0.02499847
1589	C	0.494	-0.03502116
1590	T	0.433	-0.03493193
1591	A	-0.465	-0.04521997
1592	T	-0.134	-0.05110935
1593	T	-0.232	-0.07974012
1594	A	-0.338	-0.1095274
1595	T	-0.338	-0.1200887
1596	A	0.212	-0.09696689
1597	C	0.257	-0.09802893
1598	T	0.458	-0.0836468
1599	C	0.454	-0.0545945
1600	T	0.210	-0.02584242
1601	G	-0.042	-0.01168009
1602	A	-0.445	-0.02149159
1603	G	-0.147	-0.03036325
1604	A	-0.445	-0.007671592
1605	A	-0.153	0.006290177
1606	C	-0.396	0.01524656
1607	A	-0.426	0.02352818
1608	A	-0.485	0.03552655
1609	C	0.300	0.01837559
1610	A	-0.290	0.005833438
1611	A	0.033	-0.0311851
1612	C	0.325	-0.05847822
1613	C	0.431	-0.08204075
1614	C	0.429	-0.08815938
1615	T	0.239	-0.08540635
1616	G	0.203	-0.09725296
1617	G	0.124	-0.08583492
1618	A	0.228	-0.0810581
1619	T	0	-0.07963525
 1620	G	-0.123	-0.04611848
1621	T	-0.026	-0.03633491
1622	T	-0.233	-0.05921852
1623	T	-0.068	-0.05198948
1624	T	-0.503	-0.05109628
1625	G	-0.255	-0.05819713
1626	A	-0.402	-0.05893313
1627	A	-0.201	-0.06196109
1628	A	-0.374	-0.06863463
1629	T	-0.455	-0.0622077
1630	T	-0.148	-0.05176124
1631	T	-0.028	-0.04381847
1632	A	-0.359	-0.03063632
1633	C	0.444	-0.0102437
1634	A	-0.231	-0.004610923
1635	G	-0.294	0.02224588
1636	T	-0.102	0.03348253
1637	T	0.056	0.05932534
1638	T	0.140	0.05740342
1639	C	0.412	0.08365057
1640	C	0.350	0.1064656
1641	T	0.065	0.1072497
1642	G	0.370	0.1213427
1643	G	0.395	0.1120695
1644	G	0.434	0.1072735
1645	G	0.342	0.1165562
1646	C	0.406	0.09944779
1647	C	0.120	0.09991098
1648	A	0.464	0.1102322
1649	T	0.223	0.1328005
1650	T	0.167	0.1306314
1651	T	-0.305	0.1103083
1652	T	0.280	0.07895937
1653	C	0.391	0.06796066
1654	A	-0.353	0.06542397
1655	C	-0.089	0.06981158
1656	A	-0.390	0.05137138
1657	A	-0.153	0.02355707
1658	A	-0.118	0.009653392
1659	C	0	-0.02097884
 1660	A	-0.219	-0.008112954
1661	G	-0.025	-0.02024199
1662	T	0.484	-0.01659311
1663	T	0	-0.004412415
 1664	T	-0.387	0.002510277
1665	T	-0.402	-0.02207834
1666	G	0.064	-0.05202011
1667	A	0	-0.04959872
 1668	C	0.484	-0.05137015
1669	A	-0.083	-0.02175661
1670	T	-0.288	-0.004002881
1671	A	-0.018	0.0005362731
1672	G	-0.389	-0.01151896
1673	C	0.454	0.002050504
1674	A	0.149	0.01654399
1675	C	0.318	0.01258845
1676	A	0.484	0.01627056
1677	G	-0.125	0.04194517
1678	A	-0.359	0.0669219
1679	A	-0.387	0.07020815
1680	T	-0.290	0.08382499
1681	A	-0.135	0.08404888
1682	C	0.379	0.1011131
1683	T	0.307	0.1277147
1684	T	0	0.1434014
 1685	G	-0.313	0.1758821
1686	A	0.133	0.151389
1687	T	0.351	0.1307035
1688	C	0.381	0.1039671
1689	A	0.095	0.08899602
1690	A	0.279	0.09704075
1691	C	0.246	0.1220358
1692	T	0.150	0.1482772
1693	G	0.354	0.1490945
1694	T	0.490	0.1640238
1695	C	0.359	0.1342681
1696	A	0.403	0.106821
1697	C	0.389	0.08843263
1698	C	0.454	0.08506883
1699	C	-0.182	0.09529798
1700	A	-0.388	0.07407467
1701	A	-0.376	0.04656898
1702	G	0.095	0.03348099
1703	G	0.083	0.003965915
1704	C	0.290	-0.0205337
1705	G	0.295	-0.03844432
1706	A	-0.269	-0.05407082
1707	T	0.252	-0.0559557
1708	T	-0.393	-0.06702188
1709	T	-0.405	-0.07668512
1710	G	-0.478	-0.1087086
1711	A	-0.400	-0.1461177
1712	A	0.399	-0.1597628
1713	G	-0.200	-0.1321504
1714	G	-0.333	-0.1060978
1715	A	-0.244	-0.1116884
1716	A	-0.487	-0.1042021
1717	A	-0.390	-0.1361377
1718	T	-0.315	-0.1526999
1719	A	-0.052	-0.1401365
1720	C	0.441	-0.1448881
1721	A	0.072	-0.1183407
1722	G	0.151	-0.09421448
1723	G	-0.443	-0.05690594
1724	A	-0.517	-0.03384071
1725	A	-0.537	-0.04458486
1726	A	0.329	-0.03455463
1727	G	0.300	-0.02876497
1728	G	-0.049	-0.01207217
1729	G	0.278	0.01495249
1730	A	-0.539	0.04760368
1731	A	-0.135	0.07667572
1732	G	0.056	0.09523472
1733	G	0.129	0.0868338
1734	T	0.296	0.09996213
1735	C	0.221	0.1013481
1736	T	0.491	0.1295816
1737	A	0.198	0.1663766
1738	T	0.120	0.1949482
1739	T	0.059	0.196371
1740	T	-0.182	0.1976723
1741	G	0.189	0.1931775
1742	A	0.214	0.1942443
1743	C	0.458	0.2047063
1744	T	0.440	0.2248087
1745	G	0.430	0.2128844
1746	T	0.222	0.2172222
1747	T	0.413	0.2217182
1748	G	0.187	0.228167
1749	A	0.290	0.2161217
1750	C	0.438	0.2084755
1751	A	0.205	0.192587
1752	C	0.366	0.1994026
1753	T	0.334	0.2201848
1754	G	-0.166	0.2095131
1755	C	0.305	0.2068529
1756	A	-0.267	0.1797225
1757	A	0.387	0.155117
1758	G	-0.253	0.1429633
1759	T	0.242	0.1382911
1760	T	0.413	0.1380623
1761	C	0.389	0.1387475
1762	T	0.178	0.1251459
1763	T	0	0.1154481
 1764	T	-0.292	0.1125448
1765	C	0.237	0.09399892
1766	C	0.357	-
1767	G	-0.088	-
1768	T	0.145	-
1769	T	-0.246	-
1770	T	-0.199	-
1771	T	0.114	-
1772	C	0.101	-
1773	C	0.407	-
1774	A	0.205	-
1775	C	-0.063	-
1776	A	0.186	-
1777	G	0.130	-
1778	T	-0.115	-
