1	G	-0.165	-
2	A	0.067	-
3	T	-0.418	-
4	G	-0.247	-
5	A	-0.523	-
6	A	-0.380	-
7	G	0.115	-
8	G	0.185	-
9	G	0.413	-
10	A	0.345	-
11	G	-0.027	0.02657211
12	G	-0.479	0.04153087
13	A	-0.155	0.04480149
14	G	0.413	0.06745991
15	C	0.124	0.06860491
16	T	0.108	0.07767277
17	A	0.047	0.08469239
18	G	0.188	0.05387382
19	G	0.415	0.02923072
20	C	0.376	0.00955101
21	C	0.155	-0.008201676
22	A	0.148	0.009542848
23	A	0.135	0.0289353
24	G	0.057	0.05994345
25	G	-0.223	0.0383176
26	A	-0.333	0.03117534
27	G	-0.232	0.01243872
28	A	-0.531	-0.009714338
29	A	-0.332	-0.04437877
30	T	0	-0.07288086
 31	G	-0.027	-0.06990896
32	G	0.344	-0.08330081
33	G	-0.071	-0.06885229
34	T	0.495	-0.054383
35	T	-0.040	-0.04059414
36	T	-0.025	-0.04792043
37	C	-0.284	-0.04660724
38	T	-0.417	-0.05900962
39	A	-0.539	-0.05811724
40	A	-0.183	-0.06419429
41	C	0.439	-0.056525
42	A	-0.125	-0.04645189
43	C	0.452	-0.04458693
44	T	0.439	-0.04580481
45	T	0.347	-0.05406991
46	G	-0.377	-0.03789415
47	A	-0.305	-0.01527033
48	A	-0.493	0.02238543
49	T	-0.512	0.02671
50	A	-0.459	0.04296458
51	G	0.161	0.03754243
52	A	0.183	0.0362282
53	G	0.383	0.05137691
54	G	-0.097	0.04962167
55	A	0.321	0.04862272
56	G	0.298	0.04777205
57	C	0.449	0.08561115
58	T	0.506	0.1249639
59	T	-0.326	0.1493136
60	T	-0.198	0.1839395
61	T	-0.297	0.2058406
62	C	0.411	0.193975
63	T	0.192	0.1650356
64	G	0.415	0.1319799
65	C	0.418	0.1321526
66	C	0.329	0.1236907
67	C	0.417	0.1240085
68	T	0.520	0.1142685
69	G	0.018	0.0747091
70	A	0.214	0.06472553
71	C	0	0.06504572
 72	G	-0.088	0.09034282
73	A	-0.423	0.07545643
74	A	-0.310	0.08108739
75	T	-0.093	0.08026477
76	G	0.144	0.06788029
77	G	0.305	0.06383658
78	G	0.244	0.05867543
79	T	-0.324	0.05331905
80	T	-0.536	0.07211455
81	A	-0.191	0.07029108
82	G	0.234	0.05968198
83	G	0.098	0.0687972
84	G	0.310	0.1048214
85	G	0.397	0.1022098
86	G	0.158	0.09760838
87	T	0.244	0.1150457
88	C	0.308	0.1175898
89	C	0.407	0.118201
90	C	0.412	0.1476131
91	C	0.176	0.1684542
92	G	-0.222	0.1963985
93	G	0.103	0.2054578
94	A	0.332	0.2109659
95	G	-0.365	0.2162972
96	G	-0.190	0.1795131
97	C	0.510	0.1886026
98	G	0.358	0.1723885
99	T	0.257	0.1527726
100	C	0.292	0.1262288
101	G	-0.098	0.09830136
102	G	0.395	0.08195089
103	C	0.424	0.1020037
104	T	0.214	0.1027724
105	C	0.422	0.1039671
106	C	-0.374	0.1023033
107	T	0.349	0.1303479
108	T	-0.095	0.1267465
109	G	-0.102	0.1300486
110	A	-0.149	0.125696
111	C	-0.173	0.1297819
112	T	-0.167	0.1545245
113	T	0.198	0.1565973
114	T	0.119	0.1545552
115	C	0.357	0.1608694
116	A	-0.400	0.1605363
117	G	0.398	0.1947277
118	C	0.434	0.1901886
119	C	0.428	0.1968508
120	A	0.166	0.2199833
121	C	0.378	0.2428056
122	C	0.420	0.2593999
123	T	0.438	0.2771309
124	T	0.381	0.2852329
125	C	0.347	0.2608587
126	C	0.415	0.2501905
127	C	0.343	0.2863855
128	A	0.254	0.2904469
129	C	0.043	0.2797369
130	T	0.382	0.2775017
131	C	0.329	0.2846901
132	C	0.174	0.2884929
133	T	0.205	0.2846863
134	C	0.368	0.2836937
135	A	-0.392	0.257762
136	T	0.133	0.2216355
137	C	0.360	0.1909093
138	T	0.483	0.1821757
139	G	0.209	0.187456
140	T	0.381	0.2020191
141	C	0.317	0.2038452
142	T	0.458	0.1834105
143	C	0.340	0.1750892
144	A	0.417	0.156989
145	G	-0.163	0.1144941
146	G	-0.411	0.1447878
147	A	-0.229	0.1404242
148	A	0.160	0.1439621
149	C	0.364	0.1134722
150	C	0.349	0.113419
151	T	0.421	0.1153146
152	G	-0.099	0.1120829
153	T	0	0.07207972
 154	T	-0.174	0.04060981
155	T	-0.523	0.02154744
156	T	0.243	0.00848301
157	C	0.042	0.04801649
158	G	0.434	0.07812525
159	G	-0.156	0.09023115
160	T	0.208	0.09046677
161	T	0.421	0.08094568
162	C	0.249	0.05303377
163	T	-0.381	0.06197013
164	A	-0.319	0.05617823
165	T	0.017	0.04673361
166	G	-0.437	0.0716829
167	T	0.418	0.07411623
168	C	0.402	0.08729831
169	C	0.414	0.0851505
170	T	0.369	0.1129638
171	G	0.149	0.1237304
172	G	-0.164	0.1147409
173	A	0.088	0.08263002
174	A	-0.121	0.09340302
175	G	-0.373	0.1150989
176	A	0	0.1351238
 177	C	0.294	0.1786579
178	T	0.318	0.1767732
179	G	0.389	0.1810868
180	C	0.427	0.171188
181	T	0.434	0.148406
182	C	0.232	0.1182126
183	A	-0.425	0.1114323
184	T	-0.155	0.1046971
185	G	0.135	0.0955677
186	C	0.438	0.1051918
187	T	0.476	0.1124474
188	C	0.379	0.1175188
189	A	0.493	0.110395
190	C	0.206	0.06762556
191	T	-0.108	0.06209618
192	A	-0.484	0.0532737
193	A	-0.307	0.0570959
194	T	-0.053	0.09759394
195	G	-0.313	0.1220134
196	T	-0.171	0.1142676
197	A	0.152	0.1128801
198	A	0.401	0.1057914
199	C	0.169	0.09910755
200	A	-0.508	0.0542696
201	T	0.311	0.02728736
202	T	0.249	0.006871167
203	G	0.312	0.007161929
204	C	0.425	0.0235345
205	C	0.357	0.04082041
206	A	-0.026	0.07603636
207	C	0.409	0.09566465
208	C	0.327	0.1081999
209	A	0.238	0.09114914
210	T	-0.448	0.07763547
211	G	-0.360	0.08789609
212	A	-0.537	0.06536542
213	A	-0.478	0.06523809
214	G	0.036	0.05619214
215	C	0.309	0.05690471
216	C	0.426	0.04603676
217	T	0.241	0.06613144
218	C	0.415	0.03563782
219	A	0.043	0.03831458
220	G	-0.114	0.02299833
221	T	-0.293	0.04779794
222	A	-0.161	0.05032528
223	T	0.246	0.08781209
224	C	0.122	0.1229794
225	A	0.440	0.1440378
226	T	0.129	0.1246006
227	C	0.395	0.1133485
228	A	-0.231	0.1018638
229	G	0.384	0.1038468
230	C	-0.082	0.1182149
231	A	0.072	0.1285874
232	G	-0.307	0.1499877
233	G	0.249	0.1464657
234	C	0.260	0.1397203
235	G	0.478	0.1544795
236	T	-0.098	0.1461604
237	G	0.189	0.1566364
238	T	0	0.1454421
 239	C	0.457	0.1635667
240	C	0.345	0.1398363
241	A	0.103	0.1464038
242	T	0.155	0.1285841
243	G	-0.235	0.1594164
244	G	0.105	0.162831
245	C	0.432	0.1409598
246	C	0.265	0.09213653
247	C	0.349	0.0947426
248	A	0.159	0.09152289
249	G	0.149	0.1071363
250	G	-0.114	0.1054289
251	A	0.055	0.09647079
252	G	-0.302	0.08332993
253	G	0.340	0.07319113
254	C	0.321	0.1057934
255	A	-0.198	0.1173887
256	A	-0.546	0.1078956
257	A	-0.043	0.1069525
258	C	0.122	0.1062368
259	C	0.327	0.1005989
260	C	0.421	0.1040525
261	A	0.156	0.1051611
262	G	-0.172	0.09101909
263	A	-0.056	0.08815728
264	C	0.448	0.07591803
265	C	0.348	0.06059903
266	T	0.233	0.09016213
267	T	0.245	0.1372884
268	C	0.334	0.1600843
269	A	0.041	0.174567
270	C	0.221	0.1534301
271	C	-0.090	0.143414
272	A	-0.241	0.1528073
273	A	-0.362	0.1759018
274	C	0.083	0.1974196
275	A	0	0.1935754
 276	C	0.421	0.2000281
277	T	0.443	0.1996696
278	C	0.435	0.2062701
279	C	0.426	0.2102891
280	A	-0.115	0.2228425
281	G	0.211	0.2134295
282	C	0.354	0.2414678
283	A	0.312	0.2633913
284	G	0.394	0.2585467
285	G	0.368	0.2403888
286	T	0.484	0.2265981
287	G	0.225	0.2146389
288	T	0.384	0.210246
289	C	0.418	0.2106226
290	C	0.305	0.1785244
291	G	0.024	0.1805917
292	C	0.497	0.1920285
293	T	0.218	0.1880174
294	T	-0.463	0.1933624
295	A	-0.297	0.1861816
296	T	-0.289	0.1673295
297	G	0.170	0.1447861
298	C	0.350	0.1236658
299	A	0.443	0.09284247
300	G	-0.247	0.084274
301	T	-0.072	0.07557647
302	C	0.451	0.08876595
303	G	0.269	0.08600766
304	T	0.424	0.08716947
305	G	0.244	0.1253495
306	T	-0.027	0.1536566
307	C	0.010	0.1732221
308	T	-0.217	0.1847033
309	A	-0.262	0.1737088
310	G	0.238	0.155724
311	G	0.122	0.1646254
312	G	0.301	0.1659499
313	C	0.439	0.1638142
314	T	0.242	0.1626618
315	G	0.337	0.1592119
316	T	0.296	0.1591591
317	C	0.121	0.1747258
318	C	0.411	0.1801414
319	G	0.119	0.2010058
320	C	0.065	0.2180882
321	A	-0.060	0.2161246
322	G	-0.044	0.2124727
323	G	0.406	0.1802418
324	G	0.245	0.1504128
325	G	0.352	0.1304862
326	T	0.243	0.1137549
327	G	0.299	0.102107
328	T	0.124	0.1095628
329	C	0.220	0.112574
330	A	0.095	0.1209761
331	T	0.197	0.1212755
332	T	0.045	0.1136653
333	G	-0.375	0.1060819
334	A	-0.186	0.06651896
335	A	-0.175	0.06198272
336	G	-0.013	0.04881193
337	T	0.051	0.0303037
338	C	0.277	-0.0024354
339	C	0.475	-0.006060457
340	T	0.296	-0.02207765
341	T	0.071	-0.02042886
342	C	-0.220	-0.01173943
343	A	-0.204	-0.01392253
344	A	-0.424	-0.01821162
345	T	0.150	-0.02856067
346	A	0.075	-0.04054443
347	T	-0.145	-0.0651965
348	G	-0.388	-0.08148478
349	A	0.048	-0.1047111
350	G	-0.116	-0.1377099
351	A	0.130	-0.158238
352	C	0.380	-0.1416661
353	T	0	-0.1278523
 354	G	-0.465	-0.1325756
355	A	-0.403	-0.122328
356	A	-0.427	-0.1505423
357	A	-0.531	-0.1789614
358	A	-0.290	-0.190305
359	C	-0.209	-0.1740201
360	A	-0.217	-0.1957447
361	A	-0.134	-0.209786
362	C	0.419	-0.2419731
363	T	0.069	-0.2850215
364	G	-0.303	-0.2790264
365	T	-0.209	-0.2746366
366	A	-0.442	-0.2787331
367	A	-0.521	-0.2718084
368	C	-0.383	-0.2416679
369	G	-0.046	-0.2050371
370	A	-0.407	-0.2044994
371	T	-0.410	-0.2158166
372	A	-0.545	-0.219692
373	A	-0.523	-0.2215938
374	C	0.125	-0.243425
375	A	-0.373	-0.2375577
376	A	-0.489	-0.2376181
377	A	-0.281	-0.2141871
378	T	0.101	-0.1975382
379	C	0.479	-0.1917343
380	T	-0.198	-0.1858356
381	A	-0.455	-0.1649319
382	A	-0.216	-0.124687
383	C	0.379	-0.08476712
384	A	-0.388	-0.0384605
385	A	-0.179	-0.05114927
386	A	-0.210	-0.03768936
387	T	0.050	0.007900448
388	G	-0.171	0.01097897
389	A	-0.261	0.002084929
390	C	0.077	-0.04394864
391	A	0.031	-0.05045331
392	C	0.434	-0.0504956
393	A	0.292	-0.05864045
394	G	0.448	-0.102895
395	G	-0.140	-0.1098226
396	T	-0.090	-0.1200322
397	T	0.467	-0.09620298
398	A	-0.217	-0.07737955
399	T	-0.084	-0.05456798
400	T	-0.487	-0.0166906
401	G	-0.335	-0.02883095
402	A	-0.456	-0.03812938
403	A	-0.387	-0.03691176
404	A	-0.549	-0.04762177
405	A	-0.534	-0.07312732
406	C	-0.394	-0.06788147
407	A	0.289	-0.04273937
408	C	0.445	-0.04390161
409	C	0.307	-0.05416732
410	C	0.533	-0.05879028
411	A	-0.177	-0.05349395
412	A	-0.164	-0.03062414
413	C	0.459	0.003101386
414	A	0.067	0.04149229
415	T	-0.087	0.08903991
416	T	-0.030	0.1319431
417	C	0.437	0.1582822
418	C	0.443	0.1331991
419	A	-0.432	0.09766977
420	A	-0.182	0.07951213
421	T	-0.376	0.06523856
422	G	0.145	0.08785046
423	G	0.251	0.116421
424	C	0.419	0.1045036
425	G	0.448	0.116592
426	C	0.366	0.1089774
427	T	0.158	0.1132419
428	T	-0.236	0.07515072
429	T	-0.300	0.05027064
430	G	-0.073	0.08008388
431	G	0.233	0.09492431
432	G	0.297	0.1112695
433	C	0.435	0.1147453
434	A	0.209	0.09889891
435	G	0.321	0.08725953
436	C	-0.247	0.05041234
437	A	0.059	0.02485639
438	G	-0.362	0.0179956
439	T	-0.079	0.02810917
440	A	0.193	0.05127807
441	C	0.129	0.06969261
442	C	-0.033	0.04886319
443	A	0.218	0.02374185
444	G	-0.080	-0.002097481
445	T	0.174	-0.005270671
446	G	-0.324	-0.02059405
447	A	-0.170	-0.003829624
448	G	0.014	0.007799681
449	G	-0.024	0.0200844
450	T	0.185	0.01629671
451	T	0.312	-0.008422714
452	G	-0.203	-0.03366114
453	G	-0.230	-0.04047066
454	A	-0.106	-0.05288598
455	G	0.142	-0.03770107
456	A	0	-0.03024292
 457	C	0.105	-0.02022926
458	T	0.303	0.00425541
459	T	-0.104	0.01306787
460	G	-0.158	0.01708287
461	A	-0.325	-0.006363895
462	G	-0.400	-0.03826832
463	A	-0.176	-0.05056913
464	A	-0.042	-0.0468617
465	C	0.237	-0.04501907
466	T	0.331	-0.05633775
467	G	-0.114	-0.0413658
468	A	0.344	-0.0535657
469	T	0.199	-0.07112534
470	T	0.059	-0.07679477
471	G	-0.306	-0.05960206
472	G	-0.357	-0.02631339
473	A	-0.462	0.01412042
474	A	-0.152	0.03798113
475	G	-0.068	0.04268008
476	T	-0.094	0.04218331
477	C	0.314	0.02453238
478	G	-0.151	0.01666662
479	T	-0.065	-0.01263233
480	T	-0.223	-0.012608
481	C	0.202	-0.01775322
482	C	0.373	0.003321681
483	C	0.448	0.02543573
484	C	0.324	0.05005162
485	T	0.056	0.0534552
486	C	0.227	0.07454966
487	T	-0.039	0.08988248
488	G	-0.279	0.07491053
489	A	-0.271	0.07881242
490	C	0.200	0.07145353
491	G	-0.048	0.06041915
492	A	0.135	0.0269572
493	G	0.107	-0.01465861
494	G	0.054	-0.0615439
495	A	-0.080	-0.07125137
496	T	0.374	-0.05089185
497	C	0.227	-0.05951704
498	A	0	-0.06226706
 499	C	-0.069	-0.0695082
500	A	-0.219	-0.0795101
501	T	-0.455	-0.114861
502	T	-0.500	-0.1270403
503	A	-0.500	-0.1474496
504	A	-0.535	-0.1398635
505	G	0.121	-0.130404
506	C	0.483	-0.1166003
507	G	0.046	-0.1536286
508	T	-0.097	-0.1876214
509	T	-0.431	-0.212194
510	A	-0.481	-0.2349304
511	T	-0.542	-0.2107172
512	A	-0.303	-0.1814712
513	G	-0.292	-0.1669446
514	A	0.266	-0.1537503
515	T	0.253	-0.1352533
516	G	0.209	-0.1379788
517	G	-0.402	-0.1550786
518	T	-0.486	-0.1404369
519	A	-0.516	-0.1302914
520	A	-0.546	-0.108435
521	G	0.288	-0.1051294
522	C	0.158	-0.1003518
523	A	-0.195	-0.08364532
524	G	-0.223	-0.06366309
525	C	-0.147	-0.08895251
526	A	0.063	-0.1196183
527	G	0.124	-0.130135
528	C	0.353	-0.08534802
529	A	0.115	-0.06901783
530	G	0.027	-0.03254302
531	G	-0.411	0.006045738
532	A	-0.441	-0.006147043
533	T	0.046	-0.02295142
534	A	0.126	-0.01616707
535	G	-0.264	-0.002045519
536	G	-0.390	0.01937948
537	A	-0.011	0.01058577
538	A	0.537	0.01866449
539	C	-0.143	0.001029871
540	A	0.249	-0.02367522
541	T	0.263	-0.03717686
542	T	0.032	-0.03374124
543	T	-0.194	-0.01338076
544	G	-0.052	-0.04042128
545	A	0.073	-0.0534888
546	C	0.302	-0.05268723
547	T	-0.120	-0.05198294
548	T	0.294	-0.04922977
549	T	-0.016	-0.06148172
550	T	-0.402	-0.05081007
551	G	-0.256	-0.04233164
552	G	-0.339	-0.05812763
553	A	-0.014	-0.06756432
554	A	-0.520	-0.05221209
555	T	-0.147	-0.04669552
556	G	-0.247	-0.02746136
557	T	-0.375	-0.0309284
558	A	0.046	-0.03267712
559	C	0.280	-0.05831183
560	A	0.080	-0.07100003
561	T	0.427	-0.04141212
562	T	-0.068	-0.01450303
563	T	-0.165	0.01797435
564	T	0.127	0.02837672
565	G	0.062	0.06595363
566	C	0.476	0.0912451
567	A	0.229	0.1234098
568	T	-0.157	0.1601949
569	C	-0.244	0.1671708
570	A	-0.282	0.1626752
571	A	0.218	0.1597615
572	C	0.308	0.1218057
573	C	0.342	0.09992934
574	T	0.204	0.09833863
575	C	0.268	0.09324677
576	G	0.383	0.1012191
577	C	0.427	0.0903729
578	C	0.396	0.0851969
579	T	0.192	0.1024503
580	G	0.186	0.1345632
581	T	0.019	0.1674693
582	G	-0.369	0.1630229
583	A	-0.527	0.1372176
584	C	-0.199	0.1339257
585	A	0.021	0.1237099
586	G	0.230	0.1195207
587	C	0.249	0.08994759
588	G	0.121	0.05881935
589	G	0.204	0.0241872
590	C	0.430	-0.005719938
591	C	0.408	-0.0352446
592	G	0.125	-0.06119236
593	C	-0.233	-0.06970479
594	A	0.273	-0.0478503
595	T	-0.010	-0.03243235
596	C	0.180	-0.01849207
597	A	-0.237	-0.006765352
598	G	-0.225	0.003155219
599	A	-0.330	-0.01765411
600	T	-0.435	-0.05180521
601	A	-0.433	-0.08947135
602	A	-0.525	-0.0919654
603	A	-0.547	-0.07967369
604	A	-0.068	-0.08200064
605	G	0.124	-0.08624111
606	G	0.313	-0.07141447
607	C	0.476	-0.05583223
608	T	0.457	-0.02711409
609	T	-0.315	-0.01224125
610	T	-0.512	0.00349261
611	A	-0.360	0.04275732
612	C	0.355	0.04308009
613	T	0.383	0.04798713
614	G	-0.282	0.06750085
615	T	0.184	0.05484965
616	A	0.301	0.05547517
617	T	0.507	0.02877889
618	C	0.365	0.0126525
619	A	0.086	-0.00537309
620	T	0	0.03028686
 621	T	0.389	0.06320734
622	A	-0.427	0.09569139
623	A	-0.422	0.08053055
624	A	-0.138	0.07845522
625	A	-0.334	0.09491235
626	T	0.137	0.06891678
627	A	-0.246	0.04799511
628	G	0.137	0.001139824
629	T	0.078	-0.0009456048
630	G	0.432	0.007765748
631	C	0.178	0.007765748
632	C	0.321	0.009097795
633	A	0.037	0.0496486
634	T	0.339	0.0751628
635	C	0.063	0.08708875
636	T	-0.361	0.1252634
637	A	-0.138	0.1172171
638	G	-0.476	0.1207366
639	T	0.321	0.09119065
640	G	0.269	0.08201315
641	G	0	0.0630449
 642	T	0.417	0.06923152
643	G	0.424	0.03227028
644	G	0.113	0.02977893
645	A	0.112	0.03222774
646	T	0.467	0.03983994
647	A	-0.031	0.05706461
648	T	-0.172	0.04935437
649	T	-0.482	0.09036075
650	T	-0.113	0.08454137
651	C	0.034	0.08978728
652	A	0.308	0.1113438
653	A	-0.454	0.06995228
654	A	-0.014	0.05172908
655	C	0.390	0.05751893
656	T	0.223	0.07235093
657	G	0	0.05694979
 658	T	-0.300	0.07310208
659	A	0.384	0.1030367
660	G	0.199	0.1413179
661	C	0.379	0.1244519
662	T	0.452	0.09658442
663	A	-0.452	0.07261533
664	G	0.041	0.107441
665	G	0.234	0.1104626
666	T	0.423	0.08464407
667	G	0.144	0.09429555
668	T	0.308	0.1046746
669	C	0.455	0.1133025
670	C	0.321	0.1193078
671	T	-0.467	0.1208976
672	A	-0.550	0.1128734
673	A	-0.194	0.07057145
674	G	0.276	0.0791615
675	G	0.048	0.05151356
676	G	-0.151	0.01959756
677	T	0.426	0.01984494
678	T	0.217	0.03059018
679	G	-0.119	0.03717256
680	T	0.510	0.0316006
681	C	0.233	-0.006053633
682	A	0.211	-0.009785157
683	C	-0.435	-0.009753681
684	A	-0.271	0.01588999
685	A	-0.538	0.0118908
686	A	-0.435	0.02238181
687	C	0.429	0.0447989
688	C	0.369	0.033412
689	C	0.446	0.04265729
690	T	0.338	0.06613524
691	C	-0.469	0.0477329
692	A	-0.546	0.02525619
693	A	-0.550	0.01102944
694	G	0.343	0.05230277
695	G	0.192	0.08733949
696	G	0.268	0.126412
697	G	0.319	0.1685558
698	T	0.186	0.1700912
699	C	0.412	0.1417871
700	T	0.373	0.1013772
701	G	0.124	0.07030839
702	T	-0.238	0.09822225
703	G	-0.087	0.1160966
704	C	0.431	0.1532582
705	C	0.463	0.1375369
706	C	0.281	0.1190681
707	A	0.449	0.1250068
708	T	0.461	0.09633208
709	G	-0.224	0.09697522
710	T	-0.402	0.06779246
711	A	-0.313	0.03892622
712	T	0.116	0.01425894
713	A	-0.170	0.01680332
714	T	0.230	0.03031731
715	G	0.013	0.0165326
716	T	-0.195	0.00656969
717	G	0.393	0.006084024
718	A	-0.282	-0.0102995
719	T	0.200	-0.02757673
720	A	-0.200	-0.03792301
721	T	-0.232	-0.03425187
722	G	-0.393	-0.03050259
723	T	-0.185	-0.04800392
724	A	0.196	-0.04420191
725	T	0.141	-0.07308358
726	G	0.254	-0.0856226
727	T	0.271	-0.08870099
728	G	0.105	-0.1214492
729	T	0.098	-0.1289912
730	A	-0.441	-0.1547488
731	T	-0.325	-0.1648155
732	A	-0.235	-0.1654335
733	T	-0.250	-0.1596717
734	A	-0.091	-0.1531367
735	T	-0.376	-0.1649017
736	A	-0.249	-0.189721
737	A	-0.259	-0.2157095
738	T	-0.294	-0.2302447
739	T	-0.440	-0.2343948
740	A	-0.340	-0.255509
741	T	-0.412	-0.2367615
742	A	-0.245	-0.2055307
743	A	-0.272	-0.2077634
744	T	-0.048	-0.2146576
745	T	-0.051	-0.2325764
746	T	-0.379	-0.2337247
747	A	-0.291	-0.2453501
748	T	-0.033	-0.2476135
749	A	0.018	-0.2516889
750	A	-0.344	-0.249368
751	T	-0.048	-0.235502
752	T	0.330	-0.2232224
753	T	-0.281	-0.2236374
754	A	-0.395	-0.2244757
755	T	-0.467	-0.2023665
756	A	-0.400	-0.2036674
757	A	-0.493	-0.1687829
758	A	-0.307	-0.1492443
759	G	-0.379	-0.1244441
760	A	-0.392	-0.09904035
761	T	-0.049	-0.08431238
762	A	-0.154	-0.06295794
763	T	-0.253	-0.07632216
764	A	-0.290	-0.06649013
765	T	0.416	-0.04562512
766	T	-0.078	-0.004686314
767	T	0.352	0.03739097
768	A	0.119	0.08555854
769	C	0.486	0.09910337
770	T	0.551	0.1217802
771	T	-0.035	0.1336914
772	A	0.400	0.143495
773	T	0.049	0.1569982
774	G	-0.075	0.1690888
775	T	0.042	0.1700239
776	A	0.392	0.1737009
777	T	0.483	0.194771
778	C	0.517	0.1889218
779	T	-0.023	0.2058747
780	A	0.096	0.2057991
781	T	-0.142	0.1746475
782	T	0.156	0.1718534
783	C	0.129	0.1345413
784	C	0	0.1201859
 785	A	-0.270	0.1065113
786	T	0.493	0.08874372
787	C	0.364	0.05951787
788	A	0.230	0.02477263
789	C	0.475	0.01157582
790	C	0.485	-0.0004411
791	A	-0.102	-0.00141679
792	A	-0.094	0.02626597
793	A	-0.383	0.04435635
794	T	-0.251	0.03427807
795	T	-0.362	0.01888136
796	T	-0.330	0.0118805
797	A	-0.221	0.00754831
798	T	-0.246	-0.03168512
799	T	0.240	-0.03368231
800	T	-0.275	-0.03446536
801	G	0.075	-0.04193026
802	C	0.439	-0.01893507
803	C	0.536	-0.01294359
804	A	-0.082	-0.01379078
805	A	-0.323	-0.0088804
806	T	-0.417	0.01587798
807	T	0.402	0.0245667
808	A	-0.459	0.03665509
809	T	0.188	0.03717847
810	T	0.458	0.04239609
811	C	0.328	0.07593304
812	C	0.380	0.09245793
813	A	0.031	0.0899405
814	G	-0.401	0.07163284
815	A	-0.148	0.09577669
816	A	0.157	0.0897246
817	T	-0.147	0.08735307
818	G	0.032	0.04686398
819	G	-0.235	0.06875755
820	G	0.350	0.05747766
821	C	0.428	0.05540247
822	C	0.422	0.0628039
823	T	0.386	0.06413619
824	C	0.152	0.08131075
825	T	0.424	0.1216126
826	T	-0.450	0.1459896
827	G	-0.467	0.1286945
828	A	-0.447	0.1256366
829	T	0	0.1062916
 830	G	-0.048	0.1027476
831	G	0.415	0.08000902
832	G	0.484	0.07655702
833	G	0.408	0.03526626
834	G	0.392	0.02303797
835	T	0.445	-0.005264648
836	T	0.363	-0.03754631
837	G	-0.205	-0.01685952
838	T	-0.212	0.02855229
839	A	-0.373	0.03428496
840	T	-0.309	0.00818929
841	T	-0.127	-0.004358443
842	C	0.356	-0.03933273
843	A	-0.444	-0.07271763
844	A	0.129	-0.1143372
845	G	-0.442	-0.1336686
846	G	-0.253	-0.1773235
847	A	-0.016	-0.1773893
848	G	0.486	-0.1500479
849	T	-0.327	-0.1246024
850	A	-0.548	-0.09200944
851	A	-0.312	-0.07105725
852	G	-0.319	-0.05586896
853	G	-0.217	-0.05773496
854	A	-0.465	-0.03805407
855	A	-0.013	-0.04774105
856	G	-0.471	-0.047884
857	G	0.362	-0.01303105
858	C	0.368	0.00446739
859	T	0.322	-0.004919419
860	G	0.310	0.02756644
861	C	0.130	0.0536621
862	T	0.191	0.0554463
863	C	0.317	0.0798602
864	T	-0.030	0.1083611
865	G	-0.073	0.15242
866	A	-0.445	0.1478581
867	T	0.478	0.1863083
868	C	0.351	0.166221
869	T	0.288	0.1329749
870	C	0.354	0.1052588
871	C	0	0.06512608
 872	A	-0.274	0.04159822
873	G	0.193	0.0281392
874	G	0.381	0.03472186
875	G	0.459	0.05794973
876	G	-0.109	0.05465329
877	G	0.335	0.06030186
878	T	-0.059	0.03441016
879	T	-0.329	0.02782854
880	A	-0.259	0.03614968
881	T	-0.532	0.04350235
882	A	-0.363	0.06678463
883	G	-0.090	0.09072859
884	T	0.455	0.06127344
885	C	0.456	0.02472282
886	T	-0.143	-0.01248265
887	A	-0.326	-0.02267394
888	G	-0.065	-0.05558256
889	A	0.213	-0.04802474
890	T	0.463	-0.01693017
891	C	0.508	0.01455111
892	T	0.488	0.05560264
893	T	0.228	0.07993135
894	T	-0.425	0.08851866
895	G	-0.386	0.08539195
896	T	-0.321	0.04627138
897	A	-0.323	0.03393742
898	A	-0.355	0.02571442
899	T	0.099	0.004214362
900	C	0.323	0.0135037
901	C	0.401	-0.0195015
902	A	0.329	-0.02435321
903	G	0.147	-0.02618892
904	A	0.089	-0.03466434
905	G	0.389	-0.0005456714
906	T	-0.364	0.008074757
907	T	-0.402	0.008639662
908	A	-0.499	0.01507833
909	A	-0.516	0.02431795
910	T	0.408	0.02043317
911	G	-0.229	3.540952e-05
912	G	0.407	-0.01546335
913	C	0.450	-0.04936835
914	T	0.050	-0.07507221
915	G	0.291	-0.09788611
916	T	-0.205	-0.1072239
917	G	-0.309	-0.06809016
918	A	-0.188	-0.02859073
919	C	-0.161	-0.01344016
920	A	0.017	0.02708756
921	C	-0.105	0.005620962
922	A	0.075	0.03789377
923	A	-0.382	0.03819725
924	G	-0.392	0.0354682
925	A	-0.389	0.04477876
926	A	0.193	0.03616342
927	C	0.457	0.06494828
928	G	0.427	0.09907495
929	T	-0.181	0.1292094
930	G	0.334	0.1433258
931	G	-0.042	0.1374498
932	G	0.448	0.1532539
933	G	0.413	0.158507
934	G	0.393	0.1687855
935	C	0.245	0.1804731
936	A	0.110	0.2152721
937	T	0.399	0.21848
938	C	0.406	0.2164695
939	C	0.444	0.2174715
940	A	0.135	0.240977
941	G	-0.105	0.2387533
942	G	0.226	0.25375
943	A	0.186	0.2450156
944	G	-0.166	0.2358376
945	A	-0.147	0.223996
946	C	0.341	0.2311745
947	T	0.261	0.203633
948	C	0.414	0.1704323
949	C	0.448	0.1403946
950	A	0.312	0.124603
951	G	0.287	0.1438773
952	T	0.272	0.1649827
953	G	0.264	0.1500766
954	T	0.220	0.1225881
955	C	0.144	0.106417
956	C	0.396	0.1280422
957	A	-0.467	0.1309723
958	A	-0.297	0.1351709
959	A	-0.223	0.1263061
960	G	0.112	0.1265256
961	C	0.540	0.1220091
962	T	0.337	0.1190956
963	T	-0.086	0.1037703
964	T	-0.391	0.0967667
965	A	-0.505	0.1009125
966	G	0.306	0.1077706
967	T	0.402	0.1022735
968	G	0.349	0.1067585
969	G	0.228	0.1120584
970	C	0.453	0.1176503
971	A	0.217	0.1000028
972	T	0.226	0.08876698
973	T	-0.049	0.0939287
974	G	0.117	0.1177272
975	T	0.307	0.1570624
976	T	0.288	0.1883026
977	G	0.280	0.1955159
978	G	-0.373	0.2012238
979	A	-0.186	0.1784602
980	A	-0.106	0.1779116
981	G	-0.257	0.1549029
982	T	0.304	0.1495875
983	C	0.445	0.1208508
984	C	0.413	0.1060799
985	T	0.434	0.07789776
986	A	0.150	0.04116986
987	C	0.458	0.002367571
988	C	0.522	-0.02166338
989	T	-0.128	-0.02468767
990	A	0.217	-0.01927485
991	C	-0.030	0.00575739
992	A	0.105	0.03129501
993	T	-0.376	0.02306291
994	A	-0.359	0.01669606
995	T	-0.474	0.01135591
996	A	-0.463	0.0092802
997	A	-0.526	-0.01100128
998	A	-0.223	-0.05736123
999	G	-0.437	-0.0688909
1000	A	-0.072	-0.04298185
1001	C	0.419	-0.03258766
1002	G	0.278	-0.0227729
1003	C	0.131	-0.0405409
1004	A	0.311	-0.03507118
1005	T	0.301	-0.04284342
1006	C	0.391	-0.01164575
1007	A	-0.275	0.01377163
1008	T	-0.515	0.04761259
1009	G	0.280	0.0664652
1010	C	0.415	0.0911636
1011	T	0.435	0.08668464
1012	T	0.175	0.0635751
1013	G	-0.267	0.02708424
1014	G	-0.261	-0.0007746667
1015	A	-0.522	-0.01842415
1016	A	0.181	-0.02266139
1017	G	0.070	-0.02218839
1018	C	0.184	0.01271537
1019	A	0.172	0.02312437
1020	T	0.081	-0.005227771
1021	G	-0.166	-0.03943958
1022	G	-0.066	-0.06102067
1023	A	-0.487	-0.07550271
1024	A	-0.453	-0.08369257
1025	G	-0.058	-0.0712189
1026	T	0.212	-0.02708586
1027	C	0.401	-0.01563433
1028	A	0.457	-0.002206767
1029	G	-0.296	-0.00437391
1030	G	-0.314	0.003323662
1031	A	-0.303	0.009360505
1032	A	-0.017	0.02296022
1033	G	-0.128	0.006519571
1034	A	-0.439	0.01797948
1035	G	0	0.02864805
 1036	G	0.404	0.05179925
1037	C	0.421	0.03176639
1038	C	0.352	0.02241349
1039	A	0.138	0.01036772
1040	C	0.333	0.04656677
1041	C	0.208	0.07164139
1042	G	0.118	0.0747463
1043	A	-0.411	0.0894349
1044	G	-0.247	0.09482738
1045	A	-0.229	0.1273533
1046	T	0.427	0.1358285
1047	G	-0.208	0.1129367
1048	T	0.204	0.1082661
1049	G	0.204	0.1102029
1050	C	0.463	0.07842568
1051	C	0.211	0.05030144
1052	A	-0.238	0.05260563
1053	T	0.290	0.03939049
1054	C	-0.014	0.06611353
1055	T	0.243	0.06872044
1056	A	0.177	0.06605806
1057	C	-0.076	0.06633353
1058	T	0.323	0.07706221
1059	T	0.392	0.07413621
1060	G	-0.528	0.08607464
1061	A	-0.256	0.04840278
1062	G	0.256	0.02538521
1063	C	-0.158	0.0254543
1064	T	0.149	0.0025824
1065	A	-0.192	0.007824024
1066	G	-0.285	0.01652783
1067	C	0.433	0.02903102
1068	A	0.016	0.05358835
1069	C	0.143	0.06130744
1070	A	0.455	0.05256511
1071	G	-0.327	0.08760263
1072	G	-0.271	0.1135365
1073	A	-0.236	0.1041941
1074	T	-0.189	0.1106354
1075	T	0.095	0.0932166
1076	C	0.426	0.09239289
1077	C	0.440	0.08079274
1078	T	0.438	0.04981284
1079	G	0.485	0.03781278
1080	G	0.209	0.03724373
1081	A	0.207	0.02328788
1082	C	0.287	0.05933764
1083	T	0.060	0.0921513
1084	T	-0.023	0.1251596
1085	C	-0.215	0.1591704
1086	T	-0.209	0.1534566
1087	A	-0.529	0.1075336
1088	A	-0.217	0.08067264
1089	G	-0.235	0.05521304
1090	G	0.131	0.03657886
1091	T	0.161	0.04696043
1092	C	0.429	0.05443281
1093	T	0.417	0.061768
1094	C	0.456	0.07957906
1095	C	0.524	0.09526432
1096	T	-0.024	0.1175777
1097	T	-0.537	0.1340158
1098	T	-0.123	0.1439024
1099	G	-0.095	0.14503
1100	G	0.094	0.1362231
1101	G	0.427	0.1196827
1102	G	0.364	0.1024764
1103	T	0.441	0.104377
1104	C	0.434	0.1056058
1105	T	0.305	0.09845227
1106	C	0.252	0.08667841
1107	T	0.135	0.101845
1108	G	-0.321	0.1177058
1109	A	-0.193	0.1349281
1110	A	-0.420	0.1585525
1111	T	-0.215	0.172919
1112	G	-0.199	0.1700747
1113	T	0.469	0.1647283
1114	C	0.443	0.1584929
1115	T	0.306	0.160749
1116	C	0.277	0.1502837
1117	T	0.293	0.1437368
1118	G	-0.204	0.1614617
1119	G	0.238	0.1695998
1120	C	0.400	0.1597973
1121	C	0.396	0.1710557
1122	C	0.367	0.1908393
1123	T	0.251	0.2213313
1124	G	0.310	0.218857
1125	G	0.481	0.2151779
1126	G	0.086	0.1879432
1127	T	0.115	0.1550507
1128	C	0.507	0.1165138
1129	T	-0.150	0.1317444
1130	A	-0.399	0.1378115
1131	A	-0.183	0.1340279
1132	G	0.199	0.1173136
1133	T	0.440	0.1074927
1134	C	0.417	0.1135587
1135	A	0.365	0.1085531
1136	G	-0.265	0.09450206
1137	G	-0.413	0.07538052
1138	A	-0.515	0.0608499
1139	A	0.115	0.05427676
1140	C	0.365	0.06656724
1141	C	0.320	0.09245257
1142	A	0.045	0.09078424
1143	G	0.161	0.07312352
1144	C	0.379	0.04749681
1145	A	0.205	0.03904339
1146	T	0.186	0.003207481
1147	G	-0.315	0.02962234
1148	A	-0.190	0.04871478
1149	G	0.369	0.07200681
1150	T	0.107	0.08820324
1151	T	0.144	0.0871722
1152	T	-0.218	0.09524215
1153	G	-0.171	0.1172161
1154	A	-0.097	0.1120734
1155	G	0.239	0.1111584
1156	G	-0.386	0.08846588
1157	T	0.289	0.08107716
1158	T	-0.012	0.09205156
1159	C	-0.026	0.1071992
1160	A	0.455	0.09911537
1161	C	0.343	0.1154262
1162	T	0.490	0.1308914
1163	C	0.506	0.1531537
1164	T	0.053	0.1799218
1165	A	0.360	0.1961426
1166	G	-0.270	0.1926964
1167	A	0.031	0.2161595
1168	G	-0.084	0.2116774
1169	T	0.128	0.1950522
1170	T	0.199	0.1733068
1171	C	0.449	0.1270855
1172	T	0.468	0.09477846
1173	C	0.248	0.08811213
1174	T	0.390	0.07769537
1175	T	0.243	0.07292755
1176	T	0.167	0.07440955
1177	C	0.106	0.0624455
1178	T	0.195	0.06684722
1179	T	-0.361	0.05007991
1180	T	-0.483	0.05185844
1181	A	-0.515	0.05708649
1182	G	-0.334	0.05589577
1183	T	0.350	0.05064787
1184	G	0.287	0.05713644
1185	G	-0.046	0.0577871
1186	A	0.391	0.06403782
1187	G	-0.521	0.07459296
1188	T	0.124	0.08582625
1189	T	-0.437	0.08877906
1190	G	0.165	0.1264374
1191	C	0.309	0.1600142
1192	C	0.424	0.1929221
1193	C	0.358	0.2117909
1194	G	0.385	0.2075244
1195	C	0.404	0.1868309
1196	T	0.374	0.1766418
1197	G	0.389	0.1652474
1198	G	0.341	0.1668985
1199	C	0.257	0.1675423
1200	C	0.429	0.1869433
1201	C	0.221	0.1790651
1202	T	0.175	0.165246
1203	T	0.061	0.1362767
1204	C	0.260	0.131787
1205	T	-0.146	0.1334088
1206	A	-0.260	0.1171877
1207	G	0.151	0.11847
1208	G	-0.487	0.1144679
1209	A	0.137	0.1148323
1210	T	-0.029	0.1230153
1211	G	0	0.08613175
 1212	C	0.019	0.04970118
1213	A	-0.183	0.03314975
1214	G	0.264	0.0460354
1215	C	0.419	0.04151874
1216	T	0.063	0.02963202
1217	A	0.401	0.02888088
1218	G	0.305	-0.00417969
1219	C	0.349	0.007955548
1220	T	0.428	0.01781002
1221	G	-0.345	0.03559412
1222	A	-0.543	0.05672921
1223	A	-0.171	0.07759985
1224	C	0.332	0.1011745
1225	A	0.166	0.1045397
1226	T	-0.396	0.09355199
1227	G	-0.276	0.06951038
1228	A	-0.542	0.0341431
1229	T	-0.232	-0.005080619
1230	G	0.344	-0.04278595
1231	G	0.343	-0.08192924
1232	T	0.443	-0.06404994
1233	G	0.457	-0.0272936
1234	C	0.311	-0.007464605
1235	G	0.335	-0.01167965
1236	T	0.188	-0.03118637
1237	T	-0.441	-0.02730256
1238	G	-0.341	-0.0315356
1239	A	-0.518	-0.009574914
1240	A	-0.442	-0.0002744857
1241	A	-0.393	-0.02958634
1242	G	0.030	-0.03864053
1243	C	0.228	-0.06581568
1244	C	0.244	-0.06347406
1245	T	0.243	-0.05877315
1246	T	-0.243	-0.05571049
1247	G	-0.314	-0.06155391
1248	A	-0.365	-0.05058872
1249	A	-0.081	-0.04906448
1250	T	-0.037	-0.04540343
1251	G	-0.271	-0.04722891
1252	T	0.153	-0.04812967
1253	T	-0.126	-0.07557021
1254	T	0.506	-0.09359688
1255	C	0.410	-0.1109652
1256	T	0.399	-0.141897
1257	C	0.065	-0.1499784
1258	A	-0.210	-0.1426597
1259	G	-0.309	-0.1235358
1260	A	-0.441	-0.09692189
1261	A	-0.480	-0.09344679
1262	A	-0.412	-0.0873336
1263	A	-0.545	-0.116595
1264	A	-0.149	-0.1164206
1265	C	-0.120	-0.1502836
1266	A	-0.405	-0.1584457
1267	A	-0.413	-0.1774653
1268	T	-0.161	-0.202289
1269	A	0.036	-0.1993341
1270	C	0.477	-0.1636778
1271	A	0.035	-0.1285499
1272	T	-0.142	-0.08751336
1273	T	-0.460	-0.04585441
1274	T	-0.123	-0.03339927
1275	T	-0.204	-
1276	A	0.238	-
1277	T	0	-
 1278	G	-0.455	-
1279	T	-0.148	-
1280	T	0.439	-
1281	C	0.296	-
1282	C	0.381	-
1283	T	0.462	-
1284	T	-0.284	-
