1	G	0.242	-
2	C	0.417	-
3	A	-0.133	-
4	T	0.183	-
5	G	-0.151	-
6	T	-0.064	-
7	G	0.419	-
8	C	0.463	-
9	T	0.165	0.1438245
10	A	-0.513	0.1536119
11	T	-0.242	0.116576
12	G	0.025	0.125858
13	G	0.154	0.1208792
14	G	0.419	0.1268087
15	C	0.436	0.1220463
16	A	0.223	0.0839712
17	C	0.398	0.0397232
18	T	0.408	0.04135985
19	T	-0.211	0.08913538
20	G	0.024	0.1055957
21	G	0.098	0.1018856
22	A	-0.050	0.08787561
23	T	-0.145	0.04998179
24	A	-0.227	0.02559985
25	G	-0.289	0.01614856
26	G	0.193	-0.03401891
27	C	0.298	-0.07637321
28	A	0.037	-0.05874297
29	A	-0.037	-0.06170883
30	G	-0.083	-0.08091604
31	A	-0.224	-0.07962629
32	T	0.022	-0.08047729
33	G	0.063	-0.06273056
34	G	-0.454	-0.04892201
35	A	-0.311	-0.03566219
36	T	0.088	-0.03737507
37	G	-0.026	-0.01654729
38	G	-0.227	0.007979294
39	A	-0.028	0.02484356
40	T	-0.160	0.02715304
41	G	0.074	0.03407985
42	G	-0.054	0.04282732
43	C	0.419	0.07445306
44	C	0.269	0.1010342
45	A	0.391	0.1149848
46	G	0.379	0.1165371
47	G	0.202	0.1069004
48	G	-0.185	0.09562248
49	A	0.140	0.09652501
50	G	0.211	0.06952388
51	T	0.083	0.08816774
52	G	0.140	0.06727135
53	C	0.325	0.06498547
54	A	0	0.06314912
 55	G	-0.391	0.066496
56	A	-0.220	0.043892
57	T	-0.144	0.08038782
58	G	-0.384	0.09404982
59	G	0.262	0.1068255
60	G	0.063	0.1162261
61	T	0.230	0.1344889
62	C	0.360	0.1246224
63	T	0.436	0.1090664
64	C	-0.181	0.1247459
65	A	0.435	0.1428081
66	C	0.372	0.1678312
67	T	0.429	0.2071627
68	C	0.243	0.2116972
69	T	0.451	0.2304889
70	G	0.157	0.2268562
71	T	-0.264	0.2204051
72	A	-0.125	0.2204914
73	C	0.086	0.2555767
74	C	0.280	0.2404989
75	T	0.283	0.2156655
76	C	0.339	0.2055936
77	T	0.383	0.2117109
78	G	0.168	0.1884216
79	G	0.250	0.1516666
80	C	0.437	0.1484325
81	T	0.415	0.1295152
82	G	0.179	0.1180224
83	G	-0.049	0.08363034
84	T	0.257	0.08408228
85	C	0.347	0.0871784
86	T	0.055	0.09099034
87	A	-0.467	0.1068048
88	G	-0.319	0.1127157
89	A	-0.446	0.1077099
90	A	-0.108	0.09950505
91	T	-0.303	0.05790816
92	T	0.291	0.05554329
93	C	0.392	0.0089537
94	T	0.448	-0.008462659
95	C	0.437	0.006805471
96	T	0.351	0.04390135
97	G	0.352	0.08873447
98	T	0.275	0.139186
99	G	-0.528	0.1543327
100	T	-0.090	0.1888966
101	A	-0.534	0.1626996
102	G	0.051	0.1225586
103	C	0.314	0.08457653
104	C	0.163	0.08488
105	C	0.442	0.08271971
106	G	0.410	0.09112188
107	G	0.148	0.101154
108	T	0.283	0.1639259
109	T	-0.153	0.1744492
110	G	-0.290	0.2346006
111	A	-0.197	0.2102513
112	C	0.442	0.1857516
113	C	0.314	0.1541609
114	T	0.495	0.1145562
115	C	0.446	0.08035917
116	A	0.539	0.05686488
117	C	0.088	0.02341111
118	A	0.488	0.0373994
119	C	-0.362	0.04258411
120	A	-0.101	0.07189452
121	T	-0.373	0.07171646
122	G	-0.230	0.06950811
123	A	-0.170	0.06059511
124	T	-0.250	0.04456822
125	G	-0.285	0.03971034
126	A	0.083	0.01765752
127	G	-0.202	-0.03529977
128	T	0.300	0.01067917
129	C	0.439	0.01482878
130	T	0.276	0.06413266
131	C	0.344	0.06752584
132	C	0.173	0.1048118
133	T	0.456	0.1254712
134	T	-0.286	0.1332431
135	G	-0.411	0.128313
136	T	0.418	0.1109127
137	G	-0.031	0.1217188
138	T	0.464	0.08127225
139	T	-0.172	0.06626842
140	G	0.463	0.06053801
141	T	0.100	0.06536177
142	T	-0.152	0.02692701
143	A	0	0.03687065
 144	G	-0.497	0.0509083
145	T	0.484	0.05247854
146	T	-0.248	0.07869105
147	T	0.021	0.0802504
148	C	0.246	0.08433764
149	C	0.255	0.04957822
150	A	-0.196	0.01676493
151	A	-0.116	0.01340205
152	G	-0.173	0.01235954
153	C	0.445	0.06473578
154	T	0.414	0.03841599
155	C	0.490	0.06293241
156	T	-0.103	0.06341674
157	A	-0.127	0.07286626
158	A	-0.457	0.08192732
159	G	-0.210	0.09491945
160	A	-0.017	0.124001
161	C	0.392	0.1558157
162	T	0.036	0.1336512
163	G	0.168	0.09350254
164	C	0.030	0.07721859
165	A	0.407	0.06939977
166	G	0.409	0.09000254
167	G	0.023	0.1349354
168	T	0.377	0.1650645
169	T	0.367	0.1918504
170	T	0.068	0.191974
171	A	-0.268	0.2154459
172	G	0.214	0.2144076
173	G	-0.236	0.2353532
174	T	0.222	0.2146857
175	T	0.306	0.1860767
176	C	0.302	0.154985
177	C	0.437	0.1526277
178	C	0.394	0.1549644
179	T	0.435	0.1665456
180	G	0.151	0.1696961
181	G	0.386	0.1405727
182	C	0.055	0.1478757
183	A	-0.076	0.142002
184	A	-0.504	0.1464258
185	T	0.337	0.1362805
186	C	0.407	0.1345701
187	T	0.265	0.1354849
188	C	-0.214	0.135514
189	A	-0.281	0.1525907
190	A	-0.112	0.1547184
191	C	0.122	0.1579638
192	C	0.381	0.1685406
193	A	0.129	0.2045578
194	C	0.408	0.1558072
195	T	0.410	0.1420905
196	C	0.436	0.1320079
197	T	0.441	0.1413966
198	C	0.422	0.1688849
199	C	0.111	0.1814265
200	A	0.103	0.1987988
201	C	0.107	0.1874105
202	A	-0.491	0.1948386
203	T	0.174	0.1943387
204	G	0.094	0.1410966
205	G	-0.054	0.1289925
206	C	0.186	0.1083246
207	A	0.101	0.09197745
208	C	0.418	0.1045031
209	G	0.188	0.09336255
210	G	0.255	0.08585559
211	T	0.400	0.1376472
212	A	-0.494	0.1499475
213	T	0.230	0.1702576
214	A	0.090	0.1841434
215	G	0.144	0.1902449
216	T	0.324	0.1948792
217	G	-0.086	0.1874221
218	A	-0.019	0.1920804
219	C	0.389	0.1945116
220	C	0.383	0.1613963
221	T	0.439	0.2098001
222	T	0.181	0.2100531
223	G	0.289	0.2327822
224	G	0.179	0.2493948
225	G	0.291	0.2146384
226	C	0.267	0.2086056
227	C	0.297	0.1991308
228	A	-0.162	0.1518512
229	T	0.327	0.1433002
230	C	0.235	0.1390941
231	C	0.476	0.1532681
232	C	0.426	0.1635756
233	A	-0.266	0.1785714
234	T	-0.188	0.1863589
235	T	-0.181	0.1532447
236	T	-0.414	0.1449958
237	C	0.237	0.1827381
238	C	0.367	0.1365109
239	C	0.422	0.1195971
240	T	0.465	0.1008853
241	C	0.434	0.08401945
242	T	0.423	0.1128955
243	T	-0.295	0.1445253
244	C	0.156	0.1789265
245	C	0.478	0.2161529
246	A	-0.457	0.1985831
247	A	-0.052	0.1932706
248	C	0.158	0.1937523
249	T	0.140	0.186166
250	G	0.224	0.1453594
251	C	0.348	0.1100668
252	C	0.403	0.1211072
253	A	0.218	0.09601779
254	C	-0.060	0.08037732
255	G	0.277	0.1329313
256	C	0.430	0.1660962
257	C	0.336	0.1666793
258	A	-0.258	0.1489209
259	T	-0.176	0.1241983
260	T	-0.108	0.1103134
261	T	-0.269	0.09349846
262	G	0.212	0.09801482
263	T	0.435	0.1271315
264	C	0.511	0.1319626
265	A	0.168	0.1327955
266	A	-0.161	0.1339323
267	C	-0.196	0.1708933
268	A	0.112	0.1925198
269	T	0.117	0.2178726
270	C	0.294	0.2154528
271	C	0.434	0.1928538
272	T	0.359	0.182678
273	C	0.444	0.1821874
274	G	0.355	0.1828367
275	C	0.369	0.1844109
276	T	0.191	0.1917378
277	C	0.322	0.1708451
278	A	-0.310	0.1878439
279	G	-0.171	0.1955717
280	C	0.262	0.1848955
281	C	0.502	0.1894396
282	G	0.179	0.1894727
283	T	-0.135	0.1751629
284	T	-0.071	0.1394411
285	G	-0.242	0.1123572
286	C	0.406	0.08019621
287	T	0.426	0.1191629
288	C	0.252	0.1137167
289	C	0.436	0.07415397
290	T	0.445	0.01730621
291	G	0.112	-0.009544382
292	G	-0.237	-0.001601206
293	A	-0.268	0.01109235
294	A	-0.223	0.04232929
295	T	0.351	0.02156631
296	G	-0.263	-0.003508341
297	A	-0.410	-0.02698516
298	A	-0.463	-0.04439411
299	A	-0.277	-0.04605128
300	T	0	-0.02963022
 301	G	0.144	0.001903541
302	C	0.288	0.02978448
303	A	0.053	0.02720089
304	A	0	-0.007099988
 305	G	-0.146	0.01291428
306	G	0.141	0.04439558
307	C	0.416	0.09362652
308	T	0.391	0.1213739
309	C	0.298	0.1169073
310	C	0.205	0.1044379
311	A	-0.267	0.1000405
312	G	-0.231	0.1158777
313	A	0.076	0.119124
314	T	0.125	0.1427242
315	G	0.373	0.1431153
316	T	0.194	0.1146097
317	G	-0.075	0.07021336
318	G	-0.067	0.07163366
319	A	0.213	0.08315254
320	C	0.323	0.1214211
321	C	0.055	0.1410498
322	A	0.254	0.1610819
323	G	0.147	0.1633579
324	C	-0.067	0.1442461
325	A	-0.363	0.116064
326	A	0.322	0.1228574
327	C	0.400	0.1516764
328	T	0.382	0.1574189
329	G	0.102	0.1404917
330	C	0.416	0.161869
331	C	0.163	0.129459
332	A	0.048	0.1304025
333	A	-0.284	0.14408
334	G	0.039	0.1451666
335	C	0.422	0.09569116
336	T	0.311	0.03940664
337	T	0.035	0.01046128
338	G	0.418	0.02943711
339	G	-0.296	-0.02513719
340	A	0.163	-0.01750454
341	G	0.164	-0.01202458
342	G	-0.344	0.01799354
343	A	-0.518	0.007721565
344	A	-0.555	0.008847506
345	G	-0.109	0.009927859
346	C	0.424	0.03363971
347	T	-0.510	0.001953176
348	A	0.293	0.03763271
349	C	0.141	0.03833965
350	C	0.225	0.04927594
351	A	-0.135	0.07333698
352	C	0.441	0.09774315
353	C	0.329	0.1559298
354	T	0.438	0.1873094
355	C	-0.120	0.1737782
356	C	0.310	0.2273823
357	C	0.175	0.2343028
358	C	0.350	0.2520407
359	T	0.064	0.2559029
360	G	-0.103	0.2646344
361	T	0.433	0.238678
362	C	0.424	0.2254725
363	C	0.194	0.1833018
364	T	0.400	0.1949661
365	G	0.411	0.1843304
366	C	0.443	0.1952535
367	A	0.291	0.1563404
368	C	0.013	0.1330844
369	T	0	0.1125467
 370	T	0.105	0.06941056
371	T	-0.278	0.0326038
372	G	0.078	-0.01023161
373	A	0.129	-0.04525708
374	T	0.361	-0.05449108
375	T	-0.310	-0.05533585
376	A	-0.331	-0.04687273
377	A	-0.452	-0.03152071
378	T	-0.300	-0.02479935
379	T	-0.201	-0.055103
380	T	-0.533	-0.02586188
381	A	-0.195	-0.05659094
382	G	0.254	-0.05543012
383	C	0.428	-0.09994188
384	C	0.435	-0.09703312
385	C	0.274	-0.08054009
386	G	0.114	-0.03210668
387	A	-0.409	0.004821318
388	G	0.218	0.0316862
389	A	-0.444	0.08923855
390	T	0.149	0.1085919
391	T	-0.395	0.1147707
392	G	-0.261	0.06413949
393	C	-0.050	0.03125908
394	A	0.370	0.02076341
395	C	0.327	0.03895817
396	C	0.255	0.08502546
397	C	0.445	0.09111817
398	T	0.133	0.1400021
399	C	0.359	0.1408728
400	A	-0.431	0.1908792
401	C	-0.123	0.2296266
402	A	0.095	0.2436383
403	C	0.423	0.2167993
404	C	0.373	0.190277
405	C	0.322	0.1985647
406	T	0.386	0.1965001
407	G	0.164	0.1938202
408	C	0.454	0.1637748
409	C	0.397	0.2035096
410	T	0.187	0.2318455
411	T	-0.085	0.2517083
412	G	-0.123	0.2518153
413	G	0.396	0.2586708
414	C	0.409	0.2500681
415	A	0.088	0.2280552
416	G	-0.151	0.244364
417	C	0.243	0.2046573
418	T	0.358	0.1734347
419	C	0.433	0.1740329
420	C	0.425	0.1873502
421	C	0.489	0.2210848
422	C	0.176	0.2224327
423	A	0.012	0.2154625
424	C	0.441	0.2353574
425	A	-0.220	0.2697941
426	T	-0.133	0.2838027
427	G	0.197	0.2384965
428	G	0.140	0.1903596
429	C	0.450	0.1551677
430	T	0.419	0.1122944
431	G	0.291	0.1093857
432	G	0.426	0.103199
433	C	0.433	0.1038022
434	T	0.481	0.143759
435	C	-0.412	0.140115
436	A	-0.384	0.1284896
437	C	-0.172	0.1040526
438	A	-0.238	0.07756327
439	G	0.126	0.0351998
440	G	-0.092	0.01238975
441	G	0.451	0.01353775
442	C	0.459	0.004472276
443	A	-0.195	-0.01886564
444	T	0	-0.004656582
 445	T	-0.274	0.04263859
446	T	0	0.04898353
 447	T	-0.301	0.06303412
448	G	-0.096	0.03766124
449	T	0.446	0.04310467
450	C	0.279	0.03593008
451	T	0.085	0.03251849
452	G	-0.170	0.06776885
453	C	0.419	0.07445908
454	T	-0.065	0.08479595
455	A	0	0.07315619
 456	A	-0.304	0.06514713
457	T	0	0.05930477
 458	C	0.329	0.05112136
459	C	0.401	0.0608223
460	A	0.403	0.08244239
461	T	0.113	0.09719591
462	C	-0.099	0.05596826
463	T	-0.197	0.03903492
464	A	-0.437	0.008969565
465	A	-0.195	0.005085918
466	C	0.306	0.02104898
467	C	0.444	0.02517898
468	C	0.452	0.01815215
469	C	0.080	0.01094704
470	A	-0.281	0.0042568
471	T	-0.352	0.0269764
472	T	-0.511	0.05327064
473	A	-0.370	0.1028394
474	C	0.271	0.1362975
475	T	0.399	0.1289535
476	G	0.281	0.1261488
477	T	0.281	0.1055947
478	C	0	0.07381476
 479	T	0.287	0.06048694
480	A	0.249	0.05631376
481	C	0.405	0.08412408
482	C	0.373	0.1171991
483	C	0.182	0.1260352
484	C	0.397	0.1279685
485	A	0.103	0.1387263
486	C	-0.460	0.1361568
487	A	-0.508	0.1608653
488	A	-0.423	0.1688116
489	G	-0.038	0.1384366
490	T	0.191	0.1268083
491	C	0.421	0.09215961
492	T	0.432	0.0839181
493	C	0.464	0.08333486
494	C	0.237	0.1031583
495	A	0.420	0.1374142
496	T	0.422	0.1929605
497	C	-0.267	0.1886458
498	T	0.207	0.1713185
499	T	-0.215	0.132284
500	G	0.042	0.1254127
501	T	0.387	0.0938699
502	C	0.440	0.05494555
503	C	0.122	0.01986814
504	G	0.436	-0.03061486
505	A	-0.497	-0.05544663
506	G	-0.332	-0.02823057
507	A	-0.472	-0.01763022
508	G	0.304	0.01636225
509	G	-0.103	0.03341988
510	A	-0.197	-0.003411765
511	G	-0.358	-0.05558876
512	A	-0.438	-0.08995141
513	A	0	-0.103004
 514	C	0.195	-0.04889759
515	G	0.387	0.0009072353
516	C	0.361	0.05939282
517	C	0.332	0.01920447
518	A	-0.239	0.01341324
519	T	-0.446	-0.003849118
520	A	-0.461	0.006339588
521	G	0.214	0.008943412
522	T	0.422	-0.01572347
523	C	0.513	-0.05835371
524	T	0.522	-0.1038284
525	T	-0.378	-0.1279591
526	T	-0.201	-0.1552226
527	A	-0.490	-0.1158726
528	C	-0.185	-0.06320655
529	A	-0.393	-0.01025155
530	A	-0.419	-0.0034132
531	A	-0.529	-0.002771141
532	A	-0.385	-0.03669247
533	C	-0.048	-0.09203688
534	A	-0.131	-0.09627394
535	C	0.429	-0.09937765
536	C	0.448	-0.07051582
537	T	0.438	-0.04679935
538	G	0.330	-0.005287176
539	C	0.433	0.03898065
540	C	-0.062	0.1030666
541	G	-0.418	0.1100871
542	A	-0.450	0.1150266
543	A	-0.254	0.1321253
544	A	0	0.1135246
 545	C	0.217	0.06522321
546	C	0.311	0.04567098
547	C	0.333	0.0533368
548	A	0.560	0.05390351
549	G	-0.265	0.07784731
550	A	0.035	0.1109465
551	T	0.159	0.1229993
552	T	0.113	0.13714
553	T	-0.372	0.1271263
554	G	0.105	0.1335761
555	C	0.460	0.1415736
556	C	0.443	0.1487224
557	A	0.344	0.1283316
558	C	0.144	0.1582379
559	A	-0.245	0.1784176
560	T	-0.014	0.1690523
561	T	-0.170	0.1605823
562	C	0.327	0.1865996
563	C	0.447	0.1989406
564	T	0.454	0.1996054
565	G	0.213	0.1880522
566	G	0.242	0.1730358
567	T	0.378	0.1915296
568	G	0	0.2229299
 569	T	-0.030	0.2332212
570	A	0.069	0.2676419
571	C	0.315	0.2541166
572	T	0.472	0.2368538
573	G	0.246	0.1853726
574	T	0.088	0.1414689
575	C	0.458	0.09567506
576	T	0.288	0.04969765
577	G	0.160	0.06156118
578	T	0.414	0.03852183
579	C	0.097	0.02574512
580	T	0.154	-0.02103324
581	A	-0.420	-0.06622141
582	G	-0.532	-0.1060807
583	A	-0.535	-0.1351832
584	A	-0.402	-0.1913112
585	G	0.201	-0.2165661
586	C	-0.421	-0.2222137
587	A	-0.147	-0.2392143
588	A	-0.479	-0.2449465
589	A	-0.296	-0.2575029
590	G	-0.430	-0.2405733
591	A	-0.405	-0.2204125
592	A	-0.495	-0.204092
593	A	-0.141	-0.1660237
594	T	0.064	-0.1524426
595	C	0.125	-0.1045472
596	C	0	-0.1127238
 597	A	-0.059	-0.1090376
598	T	-0.132	-0.1222243
599	C	-0.190	-0.1122908
600	A	-0.258	-0.07402549
601	G	0.244	-0.02814614
602	C	0.432	-0.02547056
603	T	0.392	-0.03009951
604	G	-0.286	-0.01067974
605	G	-0.416	-0.03212233
606	A	-0.520	-0.02525918
607	A	-0.261	-0.01602928
608	G	0.244	-0.0005326118
609	T	0.284	-0.01310944
610	G	-0.095	-0.02748191
611	G	-0.014	-0.06368496
612	G	0.456	-0.07907302
613	A	-0.364	-0.06046721
614	A	0.057	-0.03003932
615	T	0.024	0.01202056
616	T	0.073	0.02140632
617	T	-0.472	0.03242938
618	G	0	0.01214169
 619	T	-0.182	0.0140457
620	T	0.130	0.005474753
621	T	0.029	-0.03193431
622	C	0.100	0.002376576
623	G	0.194	0.01287781
624	G	-0.102	0.01734203
625	T	0.432	0.03783765
626	T	-0.060	0.08547077
627	G	-0.063	0.0969593
628	A	-0.159	0.1046911
629	A	-0.179	0.1221369
630	C	0.218	0.1393644
631	T	0.236	0.1466483
632	T	0.100	0.1322068
633	G	0.421	0.1462674
634	C	0.337	0.1031977
635	A	0.195	0.09514283
636	C	-0.051	0.08599025
637	T	0.427	0.1201859
638	T	0.322	0.1485412
639	G	0.224	0.156102
640	G	-0.050	0.1677114
641	T	0.136	0.1739705
642	G	-0.300	0.1795858
643	A	-0.197	0.187662
644	A	-0.218	0.160316
645	C	0.421	0.1394487
646	C	0.302	0.09474118
647	C	0.347	0.06461065
648	C	0.433	0.04378948
649	G	0.206	0.04785878
650	G	0.517	0.06976319
651	G	0.474	0.08941989
652	A	-0.269	0.07144601
653	T	-0.406	0.08822219
654	A	-0.332	0.06533267
655	A	-0.189	0.03966691
656	T	-0.129	0.03594108
657	T	0.018	0.02922944
658	C	0.509	0.03506455
659	T	0.034	0.01484161
660	T	-0.503	0.01416261
661	A	0.066	0.05249544
662	G	0.032	0.1046553
663	G	-0.134	0.1298635
664	G	0.283	0.1426635
665	A	0.319	0.165999
666	T	0.305	0.1375137
667	C	0.173	0.09027718
668	A	0.463	0.1183391
669	C	0.382	0.1286231
670	T	0.480	0.1202637
671	C	0.095	0.1000886
672	T	0.028	0.08465326
673	T	0.267	0.06239707
674	T	-0.465	0.04298884
675	G	-0.294	0.04672037
676	T	0.511	0.06728843
677	T	-0.328	0.05196778
678	T	-0.075	0.009485782
679	T	-0.310	-0.03786234
680	T	-0.396	-0.03960012
681	T	-0.094	-0.02638908
682	T	-0.010	-0.02868191
683	C	0.369	0.02176215
684	C	0.523	0.06453751
685	T	0.202	0.04443886
686	A	-0.340	0.08856451
687	C	-0.324	0.07031976
688	A	0.066	0.06954718
689	G	0.252	0.06182153
690	G	0.228	0.06865011
691	C	0.391	0.09300928
692	C	0.433	0.09675992
693	C	0.169	0.07324375
694	A	0.421	0.06317214
695	T	-0.385	0.0998142
696	G	-0.323	0.1408144
697	A	-0.527	0.1360109
698	A	0.021	0.1457074
699	C	0.403	0.1529843
700	C	0.432	0.1492569
701	A	0.123	0.121526
702	T	0.031	0.08588894
703	C	0.282	0.04381288
704	T	0.372	0.04378153
705	A	-0.015	0.04520394
706	C	0.417	0.07896674
707	T	0.351	0.07831438
708	C	0.328	0.08437668
709	A	-0.038	0.05434909
710	A	-0.436	0.04514959
711	T	-0.293	0.03654166
712	A	-0.386	0.004737194
713	A	-0.299	-0.04037939
714	T	0.046	-0.01951854
715	C	0.010	-0.03434506
716	T	0.506	-0.06221759
717	T	-0.077	-0.06741124
718	T	-0.033	-0.04425344
719	T	-0.114	0.001098441
720	T	-0.257	0.03407815
721	T	-0.394	0.08269274
722	T	0.339	0.1199926
723	C	0.165	0.1433386
724	A	-0.122	0.1258873
725	C	0.240	0.1043508
726	T	0.355	0.09120409
727	G	0.334	0.06658112
728	C	0.267	0.04945482
729	C	0.440	0.076977
730	C	0.334	0.1161308
731	T	0.442	0.09776898
732	C	-0.286	0.1153865
733	T	0.140	0.1486359
734	A	-0.300	0.1527836
735	T	-0.451	0.1562274
736	G	-0.405	0.140427
737	G	0.210	0.1338089
738	A	0.271	0.1368038
739	G	0.027	0.1253559
740	C	0.464	0.1211327
741	T	0.443	0.1614198
742	T	0.310	0.1683964
743	C	0.413	0.2132676
744	C	0.065	0.2081453
745	T	0.154	0.2198845
746	T	0.490	0.2156895
747	C	0.139	0.2186861
748	A	0.371	0.225273
749	C	0.398	0.2219346
750	C	0.259	0.2117331
751	C	0.461	0.2124347
752	A	-0.538	0.1841356
753	A	-0.206	0.1880408
754	G	0.138	0.2026014
755	G	0.322	0.1863047
756	T	0.139	0.2044386
757	G	0.408	0.199234
758	C	0.269	0.1881592
759	T	0.322	0.1526538
760	T	-0.067	0.1371936
761	G	0.132	0.1850617
762	C	0.402	0.2118963
763	T	0.213	0.2270627
764	C	0.448	0.2193625
765	A	0.282	0.1954375
766	G	0.210	0.1896599
767	T	-0.344	0.1988107
768	G	0.198	0.1880931
769	T	0.275	0.1783806
770	C	0.249	0.1454984
771	T	0.396	0.09531394
772	G	0.191	0.05923906
773	G	-0.267	0.01806776
774	A	0.309	-0.02909406
775	C	0.425	-0.01868353
776	T	0.140	0.01310835
777	G	-0.232	-0.01223065
778	A	-0.426	-0.03959112
779	G	-0.450	-0.06501118
780	A	-0.399	-0.08932733
781	A	-0.251	-0.08410974
782	A	-0.519	-0.05682415
783	C	0.387	-0.06545033
784	G	0.195	-0.07672404
785	G	-0.231	-0.06859692
786	T	-0.190	-0.03125333
787	G	-0.182	-4.309412e-05
788	A	-0.016	0.0507742
789	C	0.279	0.09853714
790	A	0.196	0.1445604
791	G	0.163	0.1505203
792	G	0.233	0.1006718
793	C	0.278	0.114361
794	T	0.402	0.1370767
795	A	0.103	0.1526445
796	C	0.412	0.1390276
797	C	0.412	0.1662563
798	T	0.530	0.1726922
799	G	-0.417	0.1788695
800	A	-0.459	0.1692659
801	T	0.428	0.1494163
802	C	0.154	0.1354435
803	G	0.074	0.09651828
804	A	-0.413	0.09935252
805	T	0.446	0.09864464
806	C	0.389	0.09256399
807	A	0.301	0.08762287
808	C	0	0.1131391
 809	T	-0.103	0.114595
810	G	0.040	0.1038396
811	T	-0.259	0.1221711
812	G	0.152	0.1426504
813	C	0.400	0.194367
814	C	0.309	0.1634439
815	C	0.446	0.1154203
816	T	0.015	0.07557883
817	G	-0.435	0.04375442
818	A	0.245	0.03563524
819	G	0.466	0.04422977
820	C	0.422	0.08159383
821	T	0.465	0.09444877
822	T	-0.079	0.06279471
823	T	-0.427	0.06200671
824	A	-0.376	0.02524183
825	T	-0.541	-0.003641859
826	G	-0.241	0.03094396
827	G	0.187	0.02970332
828	T	0.376	0.02557602
829	G	0.370	0.02644002
830	G	-0.137	0.002633947
831	T	0.295	0.01430463
832	G	-0.178	0.03832242
833	T	-0.475	0.07545536
834	A	0.152	0.1006068
835	C	0.224	0.126888
836	G	0.395	0.131415
837	G	0.437	0.1341272
838	A	0.060	0.1325472
839	G	0.118	0.1605509
840	G	-0.018	0.1672972
841	T	0.255	0.1666171
842	T	-0.113	0.1918156
843	G	0.204	0.1557428
844	C	0.263	0.1124765
845	C	0.422	0.06664625
846	C	0.343	0.04091819
847	A	0.338	0.05305909
848	G	0.410	0.06984221
849	G	-0.189	0.06088771
850	G	-0.046	0.03190894
851	A	-0.460	0.010581
852	A	-0.510	-0.03425141
853	A	-0.383	-0.04038865
854	A	0	-0.04129212
 855	G	0.267	-0.03402229
856	C	0.404	-0.03691588
857	G	-0.170	-0.07205947
858	A	-0.237	-0.05354688
859	G	-0.476	-0.0480812
860	A	-0.557	-0.03865973
861	G	0.159	-0.02973355
862	G	0.406	0.01550151
863	G	0.467	0.02240827
864	G	0.289	0.02276986
865	A	-0.186	0.02020962
866	G	0.124	0.01550827
867	T	0.046	0.04963892
868	G	-0.300	0.1059371
869	A	-0.359	0.1580202
870	G	0.385	0.1536999
871	T	0.117	0.1594797
872	C	0.273	0.1267641
873	C	0.360	0.08375998
874	G	-0.250	0.08836209
875	A	0.342	0.05817215
876	G	0.481	0.038417
877	T	0.328	0.02870806
878	G	0.086	0.07464476
879	T	0.505	0.07106118
880	C	-0.088	0.06415441
881	A	-0.441	0.04708893
882	A	-0.108	0.02588122
883	A	-0.388	0.04188827
884	G	-0.289	-0.001782435
885	A	-0.465	-0.03245196
886	C	0.421	-0.05467338
887	T	0.324	-0.04966035
888	C	0	-0.06664247
 889	A	-0.016	-0.03979738
890	G	0	0.005528329
 891	G	0.021	0.03390733
892	G	-0.399	0.05781084
893	A	-0.040	0.09639701
894	T	-0.049	0.09641089
895	G	0.171	0.08353919
896	C	0.216	0.0876426
897	C	0.367	0.09629531
898	C	0.329	0.120964
899	A	0.373	0.1333395
900	G	0.017	0.1279301
901	G	0.366	0.1244265
902	G	-0.465	0.1014789
903	A	0.202	0.08085208
904	G	0.394	0.04926308
905	G	0.147	0.02815378
906	C	0.402	0.006532841
907	C	0.210	-0.002020982
908	G	-0.070	0.002153488
909	T	-0.459	0.02482639
910	A	-0.430	0.009859924
911	A	-0.400	0.04976357
912	A	-0.365	0.04755292
913	T	-0.142	0.04072634
914	A	0	0.03822922
 915	G	0.183	-
916	C	0.444	-
917	G	0.403	-
918	T	0.111	-
919	G	0.213	-
920	G	0.165	-
921	C	0.278	-
922	G	0.104	-
