1	T	0.509	-
2	G	0.444	-
3	T	0.169	-
4	C	0.478	-
5	T	-0.151	-
6	T	-0.276	-
7	A	0.344	0.1300642
8	T	-0.171	0.1265163
9	T	-0.463	0.1256281
10	G	-0.179	0.08620023
11	T	0.427	0.06045246
12	C	0.334	0.06590055
13	A	0.224	0.07481148
14	C	0.463	0.03924348
15	C	0.433	0.03112517
16	A	-0.342	0.05904863
17	A	0.144	0.05059432
18	G	-0.080	-0.0009360615
19	T	-0.160	-0.0413566
20	T	-0.117	-0.05190875
21	T	-0.277	-0.0798546
22	T	-0.100	-0.08643629
23	A	-0.289	-0.03193945
24	T	-0.242	-0.02591598
25	T	-0.191	0.01465185
26	G	0.087	0.04601369
27	A	0.100	0.08924677
28	A	0.347	0.1431245
29	C	0.365	0.1838838
30	C	0.222	0.1993835
31	T	0.446	0.2264335
32	T	0.246	0.2068949
33	C	0.444	0.1758087
34	T	0.423	0.1565667
35	C	0.429	0.1606007
36	C	-0.087	0.1201412
37	A	0.109	0.09889288
38	T	-0.445	0.08617865
39	A	-0.316	0.06008328
40	G	-0.150	0.007482285
41	T	0.399	-0.03144354
42	T	-0.160	-0.05946064
43	T	-0.053	-0.07068802
44	T	0.281	-0.09020056
45	C	-0.092	-0.06214867
46	G	-0.239	-0.001543592
47	A	-0.082	0.04812056
48	T	0.065	0.05398387
49	A	-0.233	0.04012987
50	G	-0.144	0.04427622
51	A	-0.080	0.03094784
52	T	0.471	0.02235389
53	C	0.495	0.06621397
54	T	0.476	0.1086189
55	T	-0.340	0.1115593
56	T	0	0.1119038
 57	G	0.107	0.1320481
58	G	-0.204	0.1155112
59	A	0.330	0.06474223
60	C	0.468	-0.01414815
61	C	0.103	-0.06250454
62	A	-0.229	-0.05295862
63	T	0.117	-0.03469062
64	T	-0.295	-0.01133462
65	T	-0.188	0.01708146
66	A	-0.529	0.01351462
67	T	-0.152	-0.004083692
68	G	-0.216	0.009618231
69	C	0.237	0.04886646
70	C	0.411	0.04785792
71	A	0.165	0.06906732
72	G	0.284	0.05122093
73	G	0.239	0.05137101
74	G	0.281	0.04104255
75	G	0.280	0.04104439
76	T	0.104	0.04110547
77	T	-0.019	0.009451777
78	G	-0.420	0.02043201
79	A	-0.528	0.0006714154
80	A	-0.286	-0.03123605
81	T	-0.216	-0.01897266
82	G	0.238	-0.0113942
83	G	0	0.02005088
 84	G	0.308	0.02241479
85	A	0.027	0.02344818
86	G	-0.175	0.04544079
87	T	0.440	0.0427301
88	C	0.379	0.06199024
89	C	0.513	0.03438178
90	T	0.011	0.02178447
91	T	-0.407	0.01228816
92	A	-0.242	0.01942675
93	A	-0.321	0.04630452
94	C	0.034	0.04435283
95	A	-0.120	-0.006539477
96	T	-0.163	-0.03414409
97	G	0.184	-0.008016631
98	G	0.120	0.01297029
99	C	0.174	0.05996706
100	T	0.415	0.1073122
101	T	-0.282	0.1137845
102	G	0.154	0.1532095
103	T	0.350	0.2032496
104	G	-0.134	0.2283566
105	T	0.368	0.1943449
106	C	0.293	0.1880086
107	T	0.118	0.1928526
108	T	0.391	0.2506944
109	C	0.486	0.2045743
110	T	0.510	0.2028343
111	T	-0.321	0.2175711
112	T	0.091	0.1708775
113	C	0.478	0.1832114
114	T	0.469	0.1670104
115	A	-0.445	0.163499
116	T	0.328	0.1452536
117	G	0.057	0.08036063
118	A	-0.238	0.1132124
119	A	0.453	0.08792867
120	C	-0.092	0.05651444
121	T	0.346	0.05694136
122	T	0.249	0.1176899
123	T	-0.332	0.0729049
124	T	0.105	0.07457049
125	G	-0.236	0.1056843
126	G	0.070	0.09816272
127	C	0.475	0.1403183
128	T	0.344	0.1338751
129	T	-0.254	0.09330308
130	T	0.078	0.1205954
131	G	0.166	0.1428404
132	G	0.356	0.1922929
133	C	0.455	0.2016118
134	T	0.262	0.1988563
135	T	-0.277	0.2112283
136	A	0.022	0.2465376
137	C	0.394	0.2533085
138	C	0.406	0.2464258
139	T	0.191	0.24801
140	C	0.439	0.2157632
141	T	0.505	0.2151928
142	G	0.204	0.2505244
143	A	0.166	0.2775335
144	C	0.076	0.2766146
145	T	0.376	0.243342
146	T	0.036	0.2500204
147	G	0.255	0.242466
148	T	0.181	0.2203937
149	C	0.373	0.1924433
150	T	0.382	0.1972712
151	T	-0.026	0.1913622
152	C	0.278	0.1949943
153	C	0.341	0.2295699
154	A	0.218	0.2441645
155	A	-0.158	0.2160612
156	G	0.229	0.2075996
157	G	0	0.1484446
 158	T	0.423	0.1622967
159	T	0.486	0.1512368
160	C	0.444	0.1523592
161	A	-0.183	0.1643928
162	T	0.263	0.2036018
163	G	-0.386	0.2004721
164	T	0.153	0.2347572
165	G	0.134	0.2214011
166	C	0.355	0.2082555
167	T	0.374	0.2046843
168	G	0.351	0.2544862
169	G	0.188	0.2097722
170	T	0.445	0.2012724
171	G	0.250	0.1633152
172	G	0.315	0.1874831
173	C	0.398	0.1853125
174	T	0.463	0.1740002
175	T	-0.318	0.1613558
176	A	-0.497	0.1765132
177	G	-0.339	0.1523448
178	T	0.448	0.1561479
179	C	0.327	0.1590685
180	T	0.227	0.1259759
181	C	0.186	0.07026532
182	C	0.385	0.09472901
183	A	0.131	0.1358784
184	C	0.299	0.1643872
185	T	0.353	0.1402312
186	G	-0.031	0.1463555
187	G	-0.260	0.1623654
188	A	0	0.1637892
 189	A	0.037	0.1397113
190	C	0.030	0.1254262
191	A	0.134	0.07204624
192	C	0.407	0.006189392
193	T	0.435	-0.03252454
194	G	0.205	-0.03587931
195	C	0.072	-0.01139654
196	A	-0.054	0.01848027
197	G	-0.394	0.03388795
198	A	-0.502	0.02774598
199	A	-0.535	-0.01779933
200	A	-0.304	-0.08547156
201	G	0.318	-0.08327418
202	C	0.426	-0.05408336
203	T	0.231	-0.03338913
204	G	0.054	0.01102387
205	G	-0.184	0.0795131
206	A	-0.443	0.149563
207	A	0.234	0.1664759
208	G	0.452	0.1094779
209	G	0.214	0.03531826
210	A	0.183	-0.01203889
211	C	0.387	-0.03326661
212	G	0.375	-0.03592176
213	T	-0.084	-0.03227645
214	T	-0.422	-0.06461753
215	A	-0.537	-0.08586099
216	A	-0.384	-0.09928257
217	C	-0.221	-0.1221339
218	A	-0.219	-0.1760385
219	G	-0.396	-0.1763042
220	T	-0.186	-0.1351067
221	A	0.176	-0.07647773
222	T	0.040	-0.02790078
223	G	-0.113	-0.03064132
224	A	-0.313	-0.03927432
225	G	0.372	-0.04657217
226	G	0.451	-0.01992513
227	C	0.339	-0.002756231
228	A	0.093	0.001409923
229	A	-0.420	0.009772192
230	G	-0.333	-0.005368808
231	A	-0.314	0.001329423
232	A	-0.050	-0.04832604
233	G	0.036	-0.04975742
234	T	0.230	-0.069114
235	G	0.149	-0.0621971
236	G	-0.310	-0.009844638
237	G	-0.226	0.04771867
238	T	-0.273	0.09420798
239	C	0.432	0.08203409
240	T	0.087	0.05431219
241	G	0.183	0.05757373
242	G	0.260	0.04198968
243	C	0.414	0.07002022
244	T	0.290	0.08047885
245	T	-0.208	0.1365553
246	G	-0.323	0.1183825
247	T	0.272	0.1131493
248	T	-0.053	0.1304554
249	C	0.053	0.1443299
250	A	-0.090	0.1273969
251	C	0.455	0.1364538
252	A	0.196	0.1903132
253	T	0.019	0.2341725
254	C	0.408	0.1918754
255	T	0.440	0.2059199
256	G	0.194	0.1968365
257	T	0.407	0.2223536
258	C	0.491	0.206109
259	G	0.246	0.2232856
260	A	-0.277	0.2569119
261	G	0.129	0.251941
262	A	-0.064	0.2003971
263	C	0.241	0.2099354
264	A	0.244	0.1513534
265	C	0.419	0.09509068
266	T	0.456	0.0388236
267	G	0.343	0.02348052
268	G	-0.229	-0.007272554
269	T	0.318	-0.01755585
270	A	-0.353	-0.06719846
271	T	-0.239	-0.1095599
272	A	-0.484	-0.146111
273	C	-0.476	-0.1889457
274	A	-0.270	-0.2025973
275	A	-0.198	-0.1635909
276	G	-0.403	-0.1521494
277	A	-0.306	-0.1002719
278	A	-0.055	-0.05101101
279	T	-0.099	-0.004784469
280	G	0.166	0.06457399
281	C	0.277	0.1027914
282	C	0.467	0.1558398
283	C	0.320	0.1970701
284	T	0.400	0.2292691
285	C	0.116	0.2488696
286	G	0.425	0.2249202
287	G	0.226	0.1745091
288	T	0.491	0.1120155
289	G	0.132	0.08027657
290	T	0.112	0.05703922
291	T	0.199	0.02149699
292	T	-0.411	0.03815699
293	A	-0.488	0.02010199
294	A	-0.534	-0.02841201
295	T	0.054	-0.09682355
296	T	0.018	-0.1423226
297	G	-0.061	-0.1901512
298	C	0.332	-0.2422079
299	A	0.190	-0.2174859
300	G	-0.404	-0.1891668
301	A	-0.397	-0.1252204
302	A	-0.459	-0.09777718
303	T	-0.509	-0.1336397
304	A	-0.477	-0.1446024
305	A	-0.089	-0.1917028
306	G	-0.120	-0.2035139
307	T	0.296	-0.179578
308	C	0.411	-0.1702169
309	A	-0.447	-0.1662109
310	A	-0.203	-0.1310498
311	A	-0.279	-0.1159641
312	G	0.036	-0.1497609
313	G	-0.093	-0.168279
314	A	-0.276	-0.1781722
315	G	-0.407	-0.1769804
316	T	-0.052	-0.1103034
317	G	-0.281	-0.06650577
318	A	-0.529	-0.03260831
319	A	-0.361	-0.002119092
320	G	0.167	0.01886242
321	C	0.426	0.05599857
322	C	0.419	0.1186845
323	G	0.365	0.1548197
324	G	0.161	0.2052565
325	C	0.433	0.2635842
326	T	0.179	0.32367
327	G	0.206	0.3401362
328	C	0.407	0.315986
329	C	0.417	0.3023328
330	G	0.374	0.2559636
331	G	0.229	0.2414648
332	C	0.419	0.1741514
333	C	0.382	0.1827509
334	T	0.113	0.2051907
335	G	0.241	0.1539639
336	T	-0.237	0.1431601
337	G	-0.027	0.09560898
338	A	-0.441	0.05577313
339	G	0.291	0.05097836
340	T	0.498	0.05126236
341	C	-0.258	0.05775344
342	A	0.276	0.02269813
343	T	-0.243	0.06108575
344	G	-0.288	0.09391369
345	C	0.357	0.1689251
346	A	0.385	0.1495463
347	G	0.197	0.1179975
348	G	-0.214	0.1736275
349	A	0.261	0.1523279
350	G	0.399	0.206392
351	C	0.533	0.2714835
352	T	0.039	0.2782585
353	A	0.088	0.263632
354	C	0.464	0.2753343
355	A	0	0.2858148
 356	T	0.458	0.2543054
357	C	0.557	0.2581121
358	T	0.445	0.2503018
359	T	0.195	0.2485827
360	C	0.349	0.2670673
361	A	-0.077	0.2022705
362	G	-0.147	0.1703936
363	A	0.448	0.1044567
364	C	0.431	0.02427299
365	A	0.016	-0.03958516
366	C	0.328	-0.05738192
367	T	-0.377	-0.09308931
368	A	-0.414	-0.08250092
369	A	-0.398	-0.03796884
370	A	-0.485	-0.05638053
371	T	-0.384	-0.05481353
372	G	-0.035	-0.02932732
373	G	-0.114	-0.03701855
374	A	0.059	0.02449168
375	C	0.431	0.08914499
376	C	0.209	0.1455598
377	C	0.452	0.209739
378	A	0.348	0.2778615
379	G	0.228	0.3081636
380	C	0.422	0.3169848
381	C	0.426	0.2915382
382	C	0.335	0.2617469
383	T	0.349	0.2811403
384	G	0.500	0.2717704
385	C	0.358	0.2634444
386	A	0	0.2759268
 387	T	-0.270	0.274482
388	T	0.043	0.2324082
389	C	0.461	0.1741422
390	T	0.330	0.1099239
391	G	0.239	0.07420275
392	T	0.390	0.04051087
393	G	0.403	0.02876164
394	G	-0.120	0.03428164
395	A	-0.422	0.009895408
396	A	-0.485	-0.01334544
397	A	0.036	-0.04011727
398	C	-0.079	-0.04002719
399	A	-0.152	-0.0406045
400	G	-0.199	-0.07245077
401	A	-0.273	-0.06209478
402	G	0.159	0.01370092
403	G	-0.017	0.01352538
404	T	0.241	0.0204297
405	G	0.383	0.01627689
406	G	-0.010	0.04232251
407	T	0.013	0.06873966
408	C	0.563	0.1066905
409	T	-0.487	0.08719726
410	A	0.126	0.1225606
411	C	-0.133	0.09876935
412	G	0.185	0.1040966
413	T	0.144	0.08672447
414	G	0.220	0.06968863
415	G	-0.094	0.007599323
416	G	0.441	0.03672763
417	C	-0.068	0.01320171
418	T	0.452	0.05229955
419	T	-0.236	0.05818017
420	G	-0.207	0.05693055
421	T	-0.244	0.03174678
422	G	-0.109	0.06449134
423	A	-0.179	0.06494942
424	G	0.374	0.1031513
425	T	0.262	0.08843662
426	G	0.128	0.1377718
427	T	-0.107	0.1904535
428	G	0.331	0.1955658
429	C	0.447	0.1797788
430	C	0.428	0.1626948
431	T	0.261	0.1371694
432	C	0.404	0.08741748
433	C	0.477	0.09087895
434	A	-0.177	0.1217232
435	A	-0.314	0.1115149
436	G	-0.401	0.108412
437	A	0.042	0.09954456
438	A	-0.384	0.09273572
439	C	0.173	0.07945633
440	A	0.293	0.04728969
441	G	0.198	0.03991562
442	C	0.407	0.04426846
443	C	0.313	0.04373438
444	A	0.172	0.009376131
445	C	0.232	-0.0002077154
446	A	0.058	-0.02534856
447	G	-0.273	-0.01295295
448	G	-0.257	0.002115054
449	A	-0.408	-0.0120021
450	T	-0.404	-0.005867023
451	A	-0.509	0.01732382
452	A	-0.153	0.009131131
453	C	0.455	0.03903192
454	T	0.394	0.08864115
455	T	0.223	0.096796
456	G	0.392	0.09632623
457	C	0.474	0.09494692
458	A	0.125	0.1182654
459	T	0.447	0.1132809
460	C	0.371	0.1094932
461	A	-0.151	0.07273277
462	A	-0.414	0.08403354
463	A	-0.421	0.08225115
464	T	-0.205	0.08021231
465	A	-0.218	0.04549077
466	C	0.405	-0.006299462
467	A	-0.083	-0.07034169
468	G	0.370	-0.09913377
469	C	0.369	-0.08169908
470	T	0.447	-0.062566
471	G	-0.325	-0.08059638
472	T	-0.225	-0.09194508
473	A	-0.461	-0.1601904
474	A	-0.526	-0.184226
475	T	-0.188	-0.236369
476	A	-0.173	-0.2856838
477	G	-0.440	-0.2979166
478	A	-0.366	-0.2863901
479	A	-0.481	-0.2508665
480	T	-0.395	-0.2088505
481	T	-0.306	-0.1490803
482	A	-0.271	-0.1051506
483	C	0.288	-0.07700602
484	A	-0.175	-0.01000102
485	G	0.236	0.0059719
486	G	0.085	0.03878662
487	C	0.250	0.09651301
488	A	0.382	0.1289806
489	T	0.192	0.1361689
490	G	0.430	0.08562655
491	C	-0.158	0.1306906
492	A	-0.054	0.1397119
493	C	0.354	0.1553308
494	T	0.115	0.165639
495	G	-0.177	0.1455233
496	A	-0.368	0.1660936
497	G	0.409	0.1703675
498	C	0.353	0.2119426
499	C	0.288	0.1926401
500	T	0.384	0.1575918
501	C	0.121	0.1161755
502	T	0.460	0.1250307
503	C	0.486	0.1210505
504	T	0.381	0.1075357
505	T	-0.305	0.09317428
506	T	-0.100	0.08611874
507	T	-0.423	0.0817862
508	A	-0.062	0.09671997
509	A	-0.420	0.1008075
510	T	0.234	0.06435546
511	C	0.166	0.06188362
512	T	0.196	0.09711154
513	G	0.328	0.09510377
514	G	0.315	0.1056412
515	C	0.513	0.09765418
516	A	0.012	0.1411346
517	A	0.349	0.134466
518	C	0.152	0.1369203
519	T	-0.126	0.1218163
520	G	-0.286	0.06497088
521	A	-0.166	0.01932488
522	A	0.145	-0.05047874
523	C	0.147	-0.075481
524	C	0.198	-0.1434372
525	T	0	-0.124779
 526	T	-0.410	-0.08702977
527	A	-0.277	-0.03295731
528	T	-0.394	0.01420915
529	T	-0.312	-0.02945592
530	A	-0.533	-0.06533223
531	T	0.394	-0.1177109
532	C	0.363	-0.1467742
533	C	0.416	-0.07960723
534	A	0.446	-0.02822131
535	A	-0.422	-0.004497254
536	T	-0.318	-0.008158792
537	A	-0.482	-0.007227562
538	A	-0.377	-0.07900264
539	G	0.462	-0.1448549
540	C	0.390	-0.2067368
541	T	-0.085	-0.231058
542	T	-0.360	-0.1833886
543	A	-0.521	-0.15399
544	A	-0.538	-0.1267884
545	A	-0.492	-0.1307658
546	G	-0.387	-0.2036338
547	G	0.130	-0.2645352
548	A	0.197	-0.2884031
549	C	0.063	-0.2936804
550	A	-0.128	-0.2751529
551	A	-0.429	-0.2166071
552	T	-0.484	-0.146202
553	A	-0.401	-0.0803951
554	A	-0.396	-0.07888548
555	A	-0.428	-0.07393518
556	T	-0.280	-
557	T	0.222	-
558	C	0.423	-
559	C	0.467	-
560	A	0.150	-
561	G	0.261	-
