1	G	0.344	-
2	T	0.475	-
3	C	-0.138	-
4	A	-0.163	-
5	A	-0.548	-
6	A	-0.152	-
7	C	0.093	-
8	T	0.305	-
9	C	0.431	-
10	C	0.428	-
11	C	0.314	-
12	C	0.412	-
13	T	0.264	-
14	G	-0.296	-
15	C	0.370	0.1104178
16	C	0.416	0.09940712
17	C	0.381	0.08280604
18	T	-0.148	0.1043267
19	G	-0.127	0.1229814
20	C	0.366	0.1438732
21	T	-0.122	0.1537167
22	A	-0.128	0.1427894
23	G	0.211	0.1234327
24	G	-0.128	0.1132782
25	C	0.337	0.1033033
26	A	0.147	0.09800236
27	G	-0.175	0.09240599
28	A	0.174	0.07474732
29	G	0.369	0.09318586
30	T	-0.405	0.08867372
31	G	0.013	0.08888116
32	A	-0.022	0.08613972
33	C	0.507	0.08851271
34	T	0.395	0.108476
35	T	0.078	0.08736791
36	T	0.142	0.07889345
37	G	-0.234	0.06732635
38	T	-0.275	0.06858795
39	T	0.127	0.05991168
40	C	0.129	0.03193678
41	T	0.155	0.01799838
42	C	0.244	0.007916247
43	A	-0.264	-0.01274755
44	G	0.257	-0.04067882
45	C	0.235	-0.03085129
46	C	0.423	-0.02070358
47	A	0.299	-0.0073176
48	G	-0.077	-0.0086419
49	C	0.471	-0.007089567
50	T	-0.266	0.001896623
51	A	-0.376	-0.006311777
52	A	-0.475	0.006620323
53	T	0.249	0.03107892
54	A	-0.388	0.04177609
55	G	-0.501	0.02175746
56	T	-0.270	0.01658639
57	A	-0.477	0.02082052
58	A	-0.445	0.03059053
59	A	-0.468	0.00742743
60	A	-0.111	0.00040073
61	C	0.318	0.001741897
62	C	0.379	-0.00677309
63	T	0.467	0.009711953
64	C	0.442	0.00881812
65	T	0.347	0.02008856
66	T	-0.103	0.03062473
67	G	0.153	0.03744193
68	C	0.458	0.03228171
69	A	0.448	0.05103488
70	G	-0.470	0.07673694
71	T	0	0.08451102
 72	T	0.371	0.09058519
73	T	0.028	0.1102478
74	G	-0.437	0.1150631
75	C	0.024	0.1292039
76	A	0.463	0.1247914
77	T	0.043	0.1268719
78	C	0.417	0.1166781
79	A	0.444	0.09747772
80	G	0.071	0.08632277
81	T	-0.060	0.0760443
82	T	-0.271	0.08497223
83	G	0.094	0.0836057
84	T	0.174	0.0765049
85	G	0.269	0.0788364
86	G	-0.037	0.08162183
87	T	-0.295	0.07209733
88	T	0.144	0.06054752
89	T	-0.324	0.07927412
90	T	0.313	0.08680779
91	C	0.185	0.07370736
92	T	0.441	0.08753301
93	C	0.161	0.07325578
94	T	-0.133	0.06633021
95	T	0.013	0.06990607
96	G	-0.412	0.08491267
97	G	0.421	0.09168463
98	G	0.417	0.09530748
99	T	0.234	0.10272
100	C	-0.400	0.1015599
101	A	0.083	0.1058324
102	T	0.086	0.1275429
103	T	-0.318	0.1362458
104	G	0.123	0.1580189
105	G	0.250	0.1421093
106	G	0.070	0.1259434
107	G	0.458	0.1119768
108	T	-0.010	0.1171877
109	G	0.236	0.1341551
110	C	0.178	0.1481967
111	T	0.389	0.1710316
112	G	-0.068	0.1722272
113	G	0.203	0.1566469
114	C	0.396	0.1434363
115	C	0.234	0.1622375
116	A	0.091	0.1724987
117	G	0.355	0.1655183
118	C	0.405	0.1630324
119	T	0.328	0.1438168
120	C	-0.164	0.123978
121	A	-0.299	0.1207457
122	T	0.022	0.1089402
123	C	0.318	0.1112381
124	C	0.375	0.1030023
125	C	0.434	0.09232639
126	G	0.272	0.08530292
127	G	0.457	0.1010173
128	G	-0.049	0.1035333
129	A	-0.161	0.1030833
130	C	0.163	0.09475117
131	T	0.391	0.09804309
132	T	-0.123	0.1013661
133	G	-0.392	0.1025515
134	A	-0.452	0.08628499
135	G	-0.344	0.08579436
136	A	-0.026	0.1052453
137	G	0.104	0.09463642
138	G	0.058	0.08254121
139	A	-0.010	0.08302408
140	G	-0.141	0.08187104
141	G	0.179	0.08080784
142	C	0.403	0.08123328
143	C	0.279	0.07935728
144	C	0.383	0.06930318
145	A	-0.015	0.07997398
146	G	0.189	0.07027558
147	C	0.455	0.06301368
148	T	0.441	0.06146625
149	T	-0.159	0.05937425
150	C	-0.178	0.05418495
151	T	0.284	0.06156826
152	G	-0.295	0.06867126
153	A	-0.044	0.08142991
154	G	0.389	0.08913326
155	G	0.399	0.09455927
156	T	0.241	0.09205597
157	C	0.470	0.08394797
158	T	-0.106	0.08682951
159	T	-0.462	0.08383514
160	A	0.483	0.09201047
161	C	0.100	0.0987865
162	A	-0.341	0.0948772
163	T	-0.439	0.08718317
164	T	-0.515	0.09545879
165	T	-0.500	0.1122945
166	G	0.194	0.1169427
167	G	0.317	0.1308846
168	G	0.440	0.1217588
169	G	0.220	0.1032187
170	G	0.021	0.08675399
171	C	0.104	0.06518646
172	T	0.159	0.04878749
173	T	0.365	0.04198806
174	C	0.293	0.06738176
175	T	0.230	0.06441976
176	C	0.393	0.07475946
177	C	0.338	0.1003698
178	A	0.210	0.128765
179	C	0.088	0.152004
180	C	0.326	0.1611933
181	A	0.423	0.1620041
182	T	0.122	0.1518809
183	G	-0.318	0.1272284
184	A	-0.166	0.1067984
185	T	-0.094	0.08949733
186	T	-0.405	0.08058433
187	T	-0.021	0.07419801
188	G	-0.310	0.06502927
189	T	0.298	0.06948583
190	G	0.394	0.07632217
191	G	0.410	0.07658967
192	C	0.427	0.0549322
193	C	0.412	0.04111323
194	T	0.181	0.02595034
195	A	-0.224	0.01166181
196	C	0.219	-0.009289693
197	A	0.013	4.134e-05
198	C	-0.298	0.02041781
199	A	-0.391	0.03983524
200	A	-0.497	0.03997999
201	A	-0.163	0.05859399
202	T	-0.031	0.07282856
203	T	0.090	0.09185306
204	C	0.426	0.06377889
205	T	0.435	0.04945277
206	C	0.401	0.02722787
207	A	-0.311	0.02349633
208	G	-0.203	0.02329903
209	A	-0.365	0.03030623
210	G	-0.102	0.05582503
211	A	-0.204	0.05212067
212	C	0.402	0.05285955
213	C	0.292	0.06925481
214	C	0.416	0.09626528
215	T	-0.089	0.1229853
216	G	0.152	0.1207599
217	C	0.405	0.1125554
218	T	0.260	0.1176367
219	T	-0.543	0.1051708
220	G	-0.035	0.08011829
221	G	-0.256	0.07219382
222	A	0.315	0.07588266
223	G	0.406	0.09710766
224	C	0.392	0.1142714
225	C	0.540	0.1224895
226	T	0.107	0.1393375
227	A	0.036	0.1386099
228	C	0.193	0.1381581
229	T	0.418	0.1345716
230	T	0.303	0.1453867
231	G	-0.230	0.1434993
232	G	-0.277	0.1414198
233	G	0.242	0.1468918
234	A	0.052	0.1797388
235	T	-0.316	0.1722246
236	G	0.163	0.1852731
237	A	-0.200	0.1658372
238	C	0.432	0.1567148
239	T	0.149	0.1586075
240	G	0.144	0.1489839
241	T	0.300	0.152766
242	C	0.380	0.1535832
243	A	0.279	0.1471446
244	G	0.308	0.1301878
245	C	0.234	0.1251933
246	A	0.095	0.1492571
247	G	0.342	0.1652917
248	C	0.424	0.1745188
249	T	0.442	0.1661368
250	A	-0.260	0.1759792
251	C	0.135	0.1791834
252	T	-0.267	0.1766874
253	G	0.133	0.1493546
254	A	0.448	0.1375888
255	T	0.252	0.1220565
256	T	0.221	0.1062037
257	C	0.060	0.08833078
258	T	0	0.06817328
 259	T	-0.090	0.04028095
260	T	0.153	0.02162925
261	C	0.491	0.008503253
262	A	0.203	-0.01794418
263	C	0.519	-0.03644638
264	C	-0.198	-0.05753325
265	A	-0.021	-0.05606275
266	C	0.259	-0.07437868
267	A	-0.275	-0.06947115
268	G	-0.387	-0.07357401
269	A	-0.203	-0.07888618
270	G	-0.321	-0.08216674
271	G	-0.174	-0.07649311
272	A	-0.155	-0.0934179
273	G	-0.325	-0.1007248
274	A	-0.528	-0.1132642
275	A	-0.324	-0.1255404
276	G	-0.297	-0.1545286
277	G	-0.450	-0.1681171
278	A	-0.130	-0.1934999
279	G	-0.190	-0.1967933
280	A	-0.216	-0.1968924
281	G	-0.414	-0.2202104
282	G	-0.120	-0.2229766
283	A	0.010	-0.2268755
284	T	0.289	-0.236611
285	T	0.153	-0.2343997
286	C	0.391	-0.2409998
287	T	-0.447	-0.2465773
288	G	-0.219	-0.2241611
289	A	-0.466	-0.2005933
290	G	-0.214	-0.1772417
291	A	-0.377	-0.1585696
292	G	-0.204	-0.1592028
293	G	-0.241	-0.1418814
294	A	-0.297	-0.1215956
295	A	-0.024	-0.1020415
296	A	-0.439	-0.08385994
297	G	-0.358	-0.06667544
298	A	-0.504	-0.06498925
299	A	-0.496	-0.06529085
300	A	-0.255	-0.05517368
301	G	-0.372	-0.05834532
302	A	-0.322	-0.05013262
303	G	0.346	-0.05132502
304	C	0.178	-0.04811915
305	A	0.375	-0.04570322
306	T	0.262	-0.03607802
307	G	-0.469	-0.02474275
308	C	0.389	-0.0001440867
309	T	0.418	0.01695785
310	G	0.369	0.01087412
311	G	0.131	0.03496499
312	G	0.394	0.0499615
313	G	0.060	0.06393792
314	G	0.280	0.06929855
315	C	0.457	0.06341489
316	C	0.296	0.06010325
317	A	-0.200	0.05609565
318	A	-0.254	0.03817452
319	T	-0.370	0.02778565
320	T	-0.141	0.01193188
321	G	-0.089	-0.005177057
322	A	0.135	0.01859754
323	C	0.496	0.01806998
324	T	0.215	0.02081174
325	A	-0.206	-0.00400969
326	C	0.282	-0.01413606
327	C	0.091	-0.04110276
328	A	-0.084	-0.05562358
329	A	-0.335	-0.07957355
330	T	-0.432	-0.1090338
331	A	-0.472	-0.1368676
332	A	-0.443	-0.1475113
333	A	-0.190	-0.141174
334	A	-0.132	-0.1192257
335	C	-0.099	-0.1112543
336	T	-0.251	-0.1033558
337	T	0.243	-0.1036727
338	C	0.373	-0.1083139
339	T	0.500	-0.1148712
340	G	-0.374	-0.09813782
341	A	-0.172	-0.09462149
342	A	-0.414	-0.08800154
343	T	-0.375	-0.07041775
344	G	-0.438	-0.04575439
345	A	-0.426	-0.03486755
346	A	-0.538	-0.00700692
347	A	-0.520	0.02268611
348	T	-0.064	0.04388138
349	G	0.288	0.06363101
350	G	0.097	0.07686339
351	A	0.147	0.09304549
352	T	0.126	0.08317371
353	G	0.356	0.05673261
354	C	0.018	0.03885207
355	A	0.295	0.0458472
356	G	0.388	0.04444613
357	C	0.289	0.0524252
358	C	0.442	0.07894063
359	T	0.404	0.1078532
360	T	-0.105	0.1259096
361	C	0.363	0.1596058
362	C	0.447	0.1690235
363	C	0.445	0.1692618
364	T	0.459	0.1728525
365	C	0.297	0.1658527
366	T	0.234	0.1585582
367	G	-0.052	0.1511413
368	A	-0.419	0.1519782
369	C	-0.036	0.1631107
370	A	-0.164	0.1615918
371	T	-0.214	0.1473289
372	G	-0.174	0.1497599
373	T	0.420	0.1509989
374	C	0.429	0.1483905
375	C	0.115	0.1513507
376	T	0.472	0.1314435
377	G	-0.237	0.1081801
378	A	-0.057	0.08614173
379	C	0.395	0.08456156
380	A	-0.112	0.07112003
381	G	-0.070	0.06292825
382	G	-0.096	0.0768309
383	A	0.382	0.09993616
384	C	0.352	0.1024698
385	T	0.249	0.09150839
386	G	-0.039	0.1036974
387	A	0.362	0.1031071
388	C	0.479	0.07806609
389	C	0.326	0.07851772
390	A	-0.016	0.08433616
391	T	-0.233	0.06620327
392	A	-0.250	0.0656886
393	T	-0.216	0.06078551
394	G	0.412	0.04238005
395	G	-0.106	0.03967968
396	A	-0.011	0.03469765
397	G	0.364	0.04291046
398	C	0.273	0.03196823
399	A	0.039	0.02783816
400	A	-0.493	0.03400683
401	T	0.151	0.04323413
402	T	-0.192	0.03546043
403	G	-0.330	0.02083676
404	A	0.442	0.02417996
405	C	0.289	0.03666048
406	A	-0.071	0.05518628
407	A	-0.252	0.07810771
408	T	-0.204	0.08057331
409	T	-0.156	0.06143308
410	T	-0.193	0.04951338
411	T	-0.220	0.03660176
412	C	0.150	0.02166931
413	A	0.053	-0.005058423
414	G	0.229	-0.00638677
415	C	0.434	-0.00064427
416	T	0.237	-0.01883334
417	G	0.129	-0.0301285
418	G	0.041	-0.03040967
419	G	0.426	-0.04069614
420	C	0.357	-0.05624764
421	T	0.322	-0.06477222
422	C	0.437	-0.07332962
423	T	-0.142	-0.08037728
424	G	-0.161	-0.09265852
425	A	-0.463	-0.08571162
426	T	-0.398	-0.08319509
427	A	-0.083	-0.08065965
428	A	-0.528	-0.07560913
429	T	0	-0.06942953
 430	A	-0.321	-0.07612863
431	G	-0.394	-0.08284731
432	A	-0.531	-0.07997824
433	A	-0.339	-0.07392123
434	C	0.134	-0.08503509
435	T	-0.176	-0.08497036
436	G	-0.327	-0.1012101
437	A	-0.509	-0.1107115
438	A	-0.416	-0.09896626
439	A	-0.524	-0.07897272
440	G	0.014	-0.05650279
441	G	-0.144	-0.02783202
442	A	0.226	-0.01175268
443	G	0.205	0.01814782
444	C	0.414	0.02842026
445	T	0.233	0.04533739
446	G	0.035	0.04426309
447	G	0.215	0.04903649
448	C	0.222	0.04845139
449	A	0.093	0.04606243
450	G	0.359	0.05272284
451	G	-0.164	0.0719431
452	T	0.152	0.09736827
453	G	0.210	0.1233729
454	C	0.437	0.1525595
455	C	0.210	0.1549146
456	C	0.461	0.1539979
457	C	0.398	0.162099
458	A	0.368	0.171069
459	C	0.308	0.1470035
460	C	0.186	0.1227756
461	A	-0.426	0.1068178
462	A	-0.388	0.09752063
463	T	-0.356	0.09055698
464	T	0.062	0.08266454
465	T	0.022	0.05946674
466	G	0.249	0.0656658
467	G	0.253	0.0506678
468	C	0.363	0.03322613
469	C	0.350	0.03177866
470	A	0.085	0.0413555
471	A	-0.172	0.03273156
472	G	0.469	0.01630492
473	G	0.474	0.00327001
474	T	-0.307	-0.02238129
475	A	-0.492	-0.04153112
476	A	-0.443	-0.03234986
477	G	-0.063	-0.02444209
478	A	0.013	-0.0105512
479	G	-0.143	-0.02349167
480	A	-0.336	-0.03971155
481	G	0.021	-0.06179551
482	A	-0.297	-0.08834575
483	T	-0.312	-0.1079795
484	C	0.394	-0.1209129
485	C	0.497	-0.1340066
486	T	0.202	-0.1213198
487	A	-0.093	-0.124181
488	C	-0.022	-0.1295197
489	A	-0.461	-0.1084394
490	A	-0.388	-0.07805459
491	G	-0.151	-0.05094672
492	A	-0.150	-0.03793674
493	G	0.059	-0.03230325
494	G	-0.325	-0.03472165
495	A	-0.463	-0.01333992
496	A	-0.413	-0.01444525
497	A	-0.543	0.00158462
498	A	-0.225	0.02629139
499	G	-0.037	0.01880172
500	G	-0.307	0.01091205
501	A	0.208	0.00590712
502	G	0.383	-0.0053342
503	C	0.314	-0.00554697
504	C	0.324	-0.0008682033
505	C	0.418	-0.0005710033
506	C	0.370	-0.00988957
507	C	0.326	-0.01544334
508	A	0.182	-0.03026739
509	G	-0.215	-0.03688206
510	C	0.305	-0.02439728
511	A	-0.012	0.00401859
512	G	0.183	0.03628272
513	T	0.428	0.05899396
514	G	0.169	0.07543597
515	T	0.260	0.07218347
516	T	0.052	0.0567262
517	T	-0.431	0.0271719
518	T	-0.028	0.01033753
519	T	-0.321	-0.0157329
520	A	-0.379	-0.0354918
521	G	-0.430	-0.04698782
522	A	-0.317	-0.06997656
523	A	-0.384	-0.06720322
524	T	-0.523	-0.07432626
525	A	-0.089	-0.08968499
526	C	0.439	-0.09771372
527	C	0.424	-0.1192176
528	T	0.456	-0.1292012
529	C	0.456	-0.1443084
530	T	-0.405	-0.1447689
531	G	-0.255	-0.1518499
532	A	-0.503	-0.1359116
533	A	-0.190	-0.1390728
534	A	-0.457	-0.145436
535	G	-0.174	-0.1487643
536	G	0.025	-0.1474361
537	T	-0.362	-0.122953
538	A	0.266	-0.1115733
539	T	-0.429	-0.08167733
540	A	-0.155	-0.06596258
541	G	-0.253	-0.06351634
542	A	-0.461	-0.07284308
543	G	0.128	-0.07759168
544	G	-0.283	-0.09961908
545	T	0.247	-0.09044318
546	G	-0.159	-0.08015669
547	T	0.047	-0.04887052
548	T	-0.123	-0.03297742
549	A	-0.511	-0.005003653
550	C	-0.479	-0.00943322
551	A	-0.391	-0.02025363
552	C	0.417	-0.00395263
553	T	-0.043	-0.005444763
554	A	0.372	-0.002559363
555	C	0.382	0.0171388
556	C	0.512	0.03383307
557	T	0.144	0.0629485
558	T	0.313	0.072011
559	T	-0.204	0.0956108
560	G	-0.129	0.0828924
561	A	0.053	0.08822224
562	C	0.435	0.09941253
563	C	0.285	0.1112207
564	C	0.382	0.1287316
565	T	-0.306	0.1589665
566	A	-0.299	0.1820736
567	C	0.126	0.1706494
568	T	0.221	0.1828433
569	T	-0.343	0.1674193
570	C	0.435	0.1466289
571	G	0.247	0.1299066
572	G	0.411	0.1277004
573	C	0.400	0.1229556
574	G	0.424	0.126317
575	T	-0.134	0.1354108
576	G	0	0.1432329
 577	C	0.382	0.1374092
578	C	0.230	0.1350566
579	A	0.013	0.1195506
580	G	0.427	0.1297833
581	C	0.302	0.1326499
582	A	0.074	0.1250233
583	G	0.322	0.1272947
584	G	-0.089	0.1439486
585	T	-0.241	0.1451191
586	G	0.010	0.1484703
587	A	0.078	0.1408168
588	C	0.171	0.1416033
589	A	-0.103	0.142837
590	G	0.142	0.1391327
591	G	0.287	0.1255835
592	T	0.260	0.1030778
593	G	0.215	0.09050515
594	T	-0.083	0.07621889
595	C	0	0.07047486
 596	A	-0.213	0.06674242
597	T	-0.102	0.07918714
598	G	0.289	0.07208418
599	G	0.156	0.06640348
600	C	0.470	0.06581185
601	T	0.348	0.04887435
602	T	0.182	0.04830318
603	C	0.424	0.05905771
604	C	0.461	0.07467708
605	A	-0.245	0.07813504
606	T	-0.406	0.08181438
607	T	-0.292	0.08480654
608	G	-0.146	0.07365868
609	G	-0.415	0.06871396
610	G	0.255	0.07963686
611	C	0.190	0.08885173
612	A	0.447	0.1082752
613	G	0.109	0.08573697
614	T	-0.260	0.07725212
615	A	-0.259	0.05294498
616	T	-0.497	0.02704788
617	T	0.061	0.008188883
618	C	0.494	-0.01421445
619	T	0.364	-0.04716812
620	T	0.246	-0.04828938
621	C	0.398	-0.02419168
622	T	0.350	-0.00523135
623	G	-0.119	0.008637583
624	A	-0.231	0.02080536
625	C	0.327	0.002457663
626	A	0.063	0.009549963
627	T	0.480	0.00800213
628	T	-0.386	0.003755097
629	A	-0.098	0.0239741
630	G	-0.258	0.03499752
631	G	-0.428	0.06793892
632	A	-0.383	0.06548303
633	A	-0.247	0.05330093
634	A	-0.527	0.03374596
635	A	-0.279	0.01657076
636	G	0.316	0.00867596
637	G	0.276	-0.00060094
638	T	0.269	0.001195567
639	T	-0.050	0.0162525
640	A	-0.295	0.01840837
641	C	0.402	0.03060036
642	A	0.401	0.0269028
643	G	-0.018	0.02864916
644	C	0.346	0.01571435
645	G	0.071	0.01323931
646	T	0.491	0.02907974
647	C	-0.012	0.04482079
648	T	0.128	0.06436559
649	A	-0.222	0.06822029
650	G	-0.268	0.06509799
651	A	0.161	0.04110746
652	G	0.071	0.02775102
653	A	-0.065	0.02328482
654	G	0.220	0.03948254
655	T	0.392	0.06672548
656	C	0.428	0.04571004
657	C	0.369	0.03048202
658	G	-0.334	0.02066909
659	A	-0.486	0.007616403
660	A	-0.332	-0.01243352
661	A	0.046	-0.02880239
662	A	0.088	-0.03597899
663	C	0.338	-0.04116193
664	A	-0.411	-0.0218836
665	T	-0.372	0.002838537
666	T	-0.403	0.01381974
667	A	-0.124	0.007652103
668	T	0.135	0.009468133
669	C	0.435	-0.005640667
670	T	0.522	-0.03611577
671	T	-0.227	-0.06799387
672	T	-0.055	-0.08701357
673	A	-0.312	-0.07511593
674	C	-0.045	-0.06888943
675	A	-0.529	-0.0608686
676	A	0	-0.06808509
 677	C	-0.227	-0.06477721
678	A	-0.026	-0.07048547
679	T	0.356	-0.05677067
680	C	0.473	-0.05078654
681	T	0.490	-0.05205381
682	G	-0.113	-0.06309721
683	T	-0.010	-0.08206114
684	T	-0.233	-0.1131689
685	T	-0.521	-0.1419911
686	A	-0.527	-0.1426936
687	A	-0.201	-0.1453558
688	G	0.022	-0.1446138
689	G	-0.299	-0.1480408
690	A	-0.092	-0.13687
691	G	-0.169	-0.1291083
692	T	0.187	-0.1109742
693	C	0.167	-0.1090127
694	A	0	-0.1310512
 695	G	-0.193	-0.1632396
696	A	-0.441	-0.1948803
697	G	-0.455	-0.2033124
698	A	-0.433	-0.2055196
699	A	-0.497	-0.2144737
700	A	-0.342	-0.1901054
701	G	-0.248	-0.1885197
702	T	-0.135	-0.1818059
703	G	-0.290	-0.1862337
704	T	-0.148	-0.1731567
705	A	-0.194	-0.1624592
706	C	0.232	-0.1652507
707	C	0.316	-0.187242
708	A	0.031	-0.205109
709	T	-0.304	-0.2042198
710	A	-0.492	-0.2145471
711	A	-0.458	-0.2124024
712	G	-0.366	-0.199886
713	A	-0.076	-0.175768
714	G	-0.501	-0.159187
715	A	0.209	-0.1426986
716	G	-0.479	-0.1196573
717	A	0	-0.1307749
 718	G	-0.110	-0.1109141
719	A	0.093	-0.09094297
720	G	0.228	-0.0726437
721	T	-0.253	-0.0892397
722	G	-0.471	-0.0865119
723	A	-0.368	-0.07152032
724	C	0.026	-0.04401332
725	A	-0.503	-0.02346642
726	A	-0.376	-0.02150135
727	G	-0.080	-0.01853379
728	T	0.290	-0.03035279
729	C	0	0.0006586133
 730	A	0.152	0.00167518
731	G	0.442	0.008541413
732	C	-0.468	0.002874613
733	A	0.305	0.02126921
734	C	0.451	0.02319201
735	C	0.354	0.02561428
736	A	-0.265	0.04878878
737	G	0.398	0.067797
738	G	0.481	0.08453034
739	G	0.520	0.07125164
740	T	0.123	0.08517583
741	A	-0.399	0.1120545
742	T	-0.276	0.1297305
743	A	-0.431	0.1333974
744	T	0.428	0.1432204
745	T	0.239	0.1496499
746	G	-0.273	0.1352285
747	T	-0.170	0.1473994
748	G	0.441	0.1463677
749	C	0.150	0.1313326
750	T	0.301	0.1288489
751	C	0.441	0.1438935
752	T	0.098	0.1460916
753	G	0.133	0.1397618
754	A	-0.371	0.1138151
755	G	-0.085	0.09903378
756	T	0.429	0.1044719
757	C	0.450	0.09696675
758	T	0.400	0.1086144
759	G	0.294	0.08669429
760	C	0.345	0.09333679
761	A	0.010	0.1164319
762	G	-0.103	0.1363855
763	A	0.274	0.1354198
764	C	0	0.1458755
 765	A	0.279	0.1209718
766	C	0.186	0.09534422
767	G	0.464	0.07431493
768	C	0.291	0.05461979
769	T	-0.258	0.06079106
770	T	-0.319	0.05591887
771	A	-0.236	0.0551081
772	A	-0.502	0.04957137
773	G	-0.082	0.04952983
774	G	-0.228	0.0263309
775	T	0.438	0.001123667
776	C	0.418	-0.01674123
777	C	0.428	-0.02982716
778	C	0.412	-0.03490833
779	C	0.464	-0.03490833
780	A	-0.445	-0.03650553
781	A	-0.327	-0.03759686
782	A	-0.532	-0.04766826
783	A	-0.457	-0.04323713
784	G	-0.186	-0.03371683
785	A	-0.231	-0.03886087
786	C	0.405	-0.0475278
787	C	0.284	-0.04841513
788	C	0.398	-0.05693104
789	T	-0.401	-0.05429551
790	A	-0.411	-0.07077777
791	A	-0.525	-0.0699402
792	A	-0.496	-0.0756343
793	T	0.122	-0.07972294
794	G	0	-0.09296357
 795	G	0.231	-0.06404007
796	G	0.153	-0.04335383
797	A	0.162	-0.02519017
798	T	0.424	-0.0002509367
799	C	0.027	-0.002529103
800	A	-0.473	-0.004050737
801	T	-0.496	-0.0256445
802	A	-0.528	-0.0296869
803	A	-0.337	-0.0445997
804	G	-0.149	-0.04071937
805	A	-0.055	-0.04080917
806	C	0.444	-0.0330572
807	C	0.257	-0.01202013
808	T	0.290	-0.02379377
809	C	0.067	-0.0288778
810	T	0.421	-0.0528527
811	G	0.293	-0.0520347
812	G	0.012	-0.04933433
813	T	0.290	-0.05552777
814	G	-0.254	-0.04268493
815	A	-0.277	-0.01863156
816	A	-0.242	0.01217007
817	C	0.162	0.03552367
818	G	-0.048	0.05893614
819	G	-0.284	0.07550507
820	A	-0.413	0.0831935
821	A	-0.293	0.06585317
822	C	0.134	0.04254124
823	A	-0.230	0.01640924
824	C	-0.152	0.02269447
825	A	-0.487	0.01540917
826	A	0.178	0.0216894
827	C	0.243	0.007597107
828	C	0.238	-0.009192827
829	T	0.412	0.00321164
830	C	0.247	0.01991094
831	T	0.427	0.04513257
832	G	0.171	0.05258081
833	C	0.364	0.0598183
834	T	0.347	0.07384777
835	C	0.175	0.08878468
836	C	-0.076	0.1007818
837	A	-0.441	0.08168938
838	A	-0.493	0.1019247
839	T	0.255	0.1158889
840	C	0.203	0.1423611
841	C	0.481	0.1224964
842	A	-0.410	0.1117113
843	A	-0.213	0.1069606
844	T	0.117	0.09483089
845	C	0.223	0.08765945
846	T	0.513	0.08846032
847	C	0.386	0.09586422
848	A	0.168	0.08757655
849	C	0.136	0.08895095
850	A	0.034	0.08696998
851	G	0.066	0.1053265
852	G	-0.438	0.1045739
853	T	0.376	0.1156414
854	T	0.266	0.09738011
855	C	0.306	0.07683845
856	T	-0.417	0.05583595
857	G	-0.080	0.06765498
858	A	0.096	0.06592882
859	G	0.048	0.0644536
860	A	0.032	0.04841856
861	C	0.451	0.01809533
862	T	0.393	0.00718075
863	G	0.116	0.01395222
864	C	0.388	0.02172338
865	A	0.115	0.02251374
866	T	0.474	0.004621477
867	T	-0.464	0.00609961
868	A	-0.161	-0.02101132
869	T	-0.292	-0.04699212
870	G	-0.412	-0.06981252
871	T	-0.148	-0.04426459
872	A	-0.055	-0.02736538
873	G	-0.264	-0.01972251
874	G	0.072	-0.006386537
875	G	-0.257	0.005011603
876	A	-0.395	-0.002091597
877	A	0.058	-0.00112873
878	G	0.371	-0.001691033
879	C	0.369	-0.01559438
880	A	0.057	-0.02388162
881	G	-0.470	-0.02417268
882	A	-0.393	-0.01826715
883	A	-0.437	-0.01628578
884	A	-0.513	-0.01701348
885	A	-0.377	-0.01062765
886	C	0.348	-1.505e-05
887	C	0.426	0.01851668
888	T	0.325	0.02734888
889	G	0.449	0.0382956
890	G	0.374	0.0410309
891	C	0.238	0.0376984
892	C	0.422	0.02449271
893	T	0.099	0.01777228
894	G	-0.028	0.01782571
895	A	-0.132	0.02931581
896	C	0.465	0.05962471
897	A	-0.286	0.08318915
898	A	-0.102	0.110096
899	T	-0.313	0.1386571
900	G	-0.221	0.1630961
901	G	0.170	0.1661818
902	T	0.500	0.1576483
903	C	0	0.1597944
 904	A	0.401	0.1531622
905	C	-0.175	0.1549629
906	A	-0.495	0.1540549
907	A	-0.337	0.1381142
908	G	0.170	0.1291743
909	T	0.370	0.1414019
910	C	0.402	0.1600644
911	C	0.439	0.145013
912	C	0.313	0.1536767
913	T	0.369	0.1647024
914	C	0.343	0.1868205
915	T	0.355	0.2090095
916	G	0.441	0.211232
917	G	0.170	0.2078532
918	T	0.390	0.215611
919	C	0.250	0.2141058
920	T	0.428	0.2327854
921	G	0.211	0.2595116
922	T	-0.055	0.2566103
923	G	-0.168	0.2474226
924	C	0.338	0.2311494
925	C	0.426	0.2339721
926	A	0.014	0.2240542
927	G	-0.027	0.2180503
928	C	0.228	0.1889669
929	A	0.349	0.1652849
930	C	0.444	0.1626236
931	C	0.236	0.1427269
932	T	0.398	0.14482
933	G	0.232	0.1458029
934	G	0.356	0.1430931
935	C	0.385	0.13543
936	C	0.306	0.1214258
937	A	-0.424	0.1339747
938	A	-0.105	0.1522658
939	C	-0.117	0.1543909
940	T	0.487	0.1468827
941	T	0.141	0.1533058
942	G	0.133	0.1430733
943	T	-0.502	0.1239925
944	T	-0.366	0.1030801
945	G	0.275	0.09322163
946	G	-0.155	0.08627739
947	A	0.233	0.06709229
948	C	0.419	0.06731259
949	G	0.168	0.06536349
950	G	0.198	0.06573843
951	A	-0.208	0.07003136
952	G	0.321	0.09871009
953	T	0.379	0.09978305
954	C	0.401	0.08813431
955	T	0.201	0.08185401
956	G	0.206	0.08495205
957	A	-0.334	0.09248625
958	G	-0.344	0.1245701
959	G	-0.277	0.151441
960	A	0.148	0.1559101
961	C	0.028	0.1699883
962	A	-0.176	0.1668121
963	G	0.239	0.160432
964	C	0.297	0.1449685
965	C	0.396	0.1286049
966	C	0.434	0.1217188
967	C	0.436	0.09257718
968	A	-0.073	0.07409851
969	A	-0.466	0.06002424
970	G	0.298	0.0505692
971	G	0.234	0.05785066
972	T	0.359	0.08522083
973	C	0.459	0.1063582
974	C	0.439	0.1260355
975	T	0.409	0.1362623
976	C	0.266	0.1248717
977	A	0.138	0.1230772
978	C	0.228	0.1020169
979	A	-0.295	0.096625
980	G	-0.292	0.09886517
981	A	-0.415	0.1021269
982	A	-0.553	0.08628405
983	A	-0.174	0.07367736
984	C	-0.020	0.07456216
985	A	-0.081	0.05103059
986	T	0.425	0.03681446
987	C	0.487	0.01940589
988	C	0.290	0.01920423
989	A	0.312	0.02060213
990	C	0.455	0.02009123
991	G	-0.313	0.02469293
992	A	-0.230	0.01370949
993	G	-0.392	0.00140906
994	A	0.136	0.00309496
995	T	0.463	0.002199827
996	C	0.532	-0.0009463733
997	T	-0.039	0.01863824
998	T	-0.451	0.01781671
999	A	-0.440	0.008003383
1000	A	-0.406	0.01453042
1001	G	-0.191	-0.01090481
1002	A	-0.163	-0.03976268
1003	C	0.453	-0.06744168
1004	C	0.481	-0.08252601
1005	T	0.394	-0.1016552
1006	T	0.404	-0.08225931
1007	T	-0.191	-0.07791288
1008	G	-0.140	-0.07895178
1009	T	-0.244	-0.07790671
1010	G	-0.319	-0.08992501
1011	A	-0.509	-0.1007957
1012	A	0.034	-0.08685715
1013	T	-0.199	-0.05945805
1014	G	-0.314	-0.04085619
1015	G	0.113	-0.01918519
1016	A	-0.337	-0.006947987
1017	A	-0.378	-0.0009835
1018	A	-0.540	-0.03107837
1019	A	-0.140	-0.06058693
1020	C	-0.118	-0.07567439
1021	C	0.268	-0.07412803
1022	A	-0.100	-0.06066649
1023	C	-0.423	-0.04900309
1024	T	0.167	-0.05286046
1025	T	0.103	-0.04710076
1026	C	0.206	-0.02442186
1027	T	0.378	-0.01997981
1028	G	0.370	-0.01633481
1029	C	0.117	0.007189027
1030	T	0.243	0.01788906
1031	C	0.175	0.03816723
1032	C	0.015	0.05452089
1033	A	-0.448	0.06791406
1034	A	-0.403	0.06805686
1035	T	-0.058	0.07938673
1036	C	0.451	0.08479649
1037	C	0.212	0.1036447
1038	T	0.209	0.1078583
1039	A	-0.360	0.09373843
1040	T	-0.146	0.09630743
1041	C	0.170	0.07519699
1042	A	0.167	0.07762339
1043	T	-0.089	0.07268193
1044	G	0.390	0.06959318
1045	C	0.434	0.07694178
1046	A	0.270	0.08965388
1047	G	0.111	0.0858134
1048	G	-0.138	0.1097432
1049	A	-0.135	0.1276612
1050	C	0.221	0.13476
1051	C	0.430	0.1271052
1052	T	0.465	0.101851
1053	G	-0.297	0.0893951
1054	A	-0.256	0.08641416
1055	G	0.180	0.1001661
1056	A	-0.426	0.08748666
1057	C	0.451	0.0755919
1058	T	0.222	0.06514896
1059	G	0.025	0.0641512
1060	C	0.463	0.05789116
1061	A	0.556	0.0450448
1062	T	-0.099	0.02659896
1063	T	0.268	0.01509906
1064	C	0.133	0.00889283
1065	A	0.154	-0.01264994
1066	T	0.221	-0.04437857
1067	T	-0.545	-0.05988327
1068	A	-0.164	-0.03861424
1069	G	-0.449	-0.0177663
1070	G	0.266	-0.0225913
1071	G	-0.209	0.0005203033
1072	A	-0.189	-0.00071013
1073	A	-0.403	0.00687517
1074	G	0.361	0.00318902
1075	C	0.247	-0.01500759
1076	A	-0.114	-0.02968229
1077	G	-0.441	-0.02636824
1078	A	-0.483	-0.02578884
1079	T	-0.321	-0.02501934
1080	A	-0.424	-0.0169638
1081	A	-0.520	-0.00870007
1082	A	0	0.02463616
 1083	C	0.340	0.04443003
1084	C	0.369	0.06380963
1085	G	0.035	0.04920213
1086	G	0.266	0.04432393
1087	C	0.414	0.03410593
1088	C	0.449	0.03629563
1089	T	-0.085	0.01676826
1090	G	-0.082	0.01819616
1091	A	0.116	0.0346083
1092	C	0	0.06417663
 1093	C	0.286	0.09598116
1094	A	0.156	0.1157973
1095	G	0.396	0.1395583
1096	G	0.469	0.1580286
1097	G	0.454	0.1621743
1098	T	0.429	0.1413878
1099	C	0.131	0.1200036
1100	A	-0.172	0.1281684
1101	C	-0.356	0.1326706
1102	A	-0.495	0.13293
1103	A	-0.337	0.1088621
1104	G	-0.224	0.1028849
1105	T	0.289	0.09629511
1106	C	0.377	0.08380844
1107	C	0.445	0.07903284
1108	C	0.470	0.07351681
1109	T	0.272	0.07159704
1110	T	0.287	0.06219804
1111	C	0.033	0.04720611
1112	C	0.124	0.04610097
1113	A	-0.282	0.04577344
1114	A	-0.272	0.05594951
1115	T	0.280	0.07513091
1116	C	0.401	0.09697737
1117	C	0.422	0.1274539
1118	A	-0.272	0.1472933
1119	T	-0.264	0.1702493
1120	T	-0.279	0.1737905
1121	A	-0.258	0.1715749
1122	C	-0.143	0.1478178
1123	A	0.120	0.1301176
1124	G	0.099	0.1196826
1125	C	0.114	0.1241257
1126	A	0.019	0.1346604
1127	C	0.421	0.1381669
1128	C	0.419	0.1612528
1129	G	0.437	0.1709125
1130	G	0.403	0.1680701
1131	G	0.299	0.1597211
1132	C	0.418	0.1568946
1133	A	0.257	0.159106
1134	C	0.463	0.183566
1135	C	0.396	0.2059349
1136	T	0.311	0.2274931
1137	T	-0.267	0.2468942
1138	G	-0.060	0.2434638
1139	G	-0.040	0.2362683
1140	G	0.421	0.2410573
1141	G	0.349	0.2481979
1142	G	0.229	0.2356758
1143	C	0.409	0.2356545
1144	A	0.017	0.235201
1145	G	0.195	0.2356526
1146	A	0.151	0.2386306
1147	G	0.337	0.2138505
1148	T	-0.205	0.1870642
1149	C	0.468	0.1530149
1150	T	0.391	0.15422
1151	G	0.388	0.1466643
1152	T	0.438	0.1682445
1153	G	0.017	0.1841392
1154	G	-0.116	0.1996563
1155	A	0.257	0.2024462
1156	C	0.233	0.1951789
1157	A	0.046	0.1767443
1158	C	0.418	0.1571185
1159	C	0.423	0.1662942
1160	C	0.416	0.169617
1161	C	0.388	0.165118
1162	A	-0.324	0.1675433
1163	A	-0.545	0.1853742
1164	A	-0.557	0.1853213
1165	G	0.432	0.178184
1166	G	0.084	0.1797166
1167	T	0.380	0.1798815
1168	C	0.416	0.1938775
1169	C	0.425	0.1907589
1170	C	0.504	0.1812475
1171	C	0.131	0.1677343
1172	A	-0.323	0.1607069
1173	C	-0.178	0.1629814
1174	A	0.292	0.1435488
1175	G	0.294	0.1335825
1176	G	0.016	0.1275349
1177	A	0.410	0.134128
1178	C	0.329	0.1353534
1179	T	0.467	0.1532354
1180	C	0.176	0.1276588
1181	T	0.434	0.1172742
1182	C	0.443	0.1074662
1183	C	0.437	0.09862942
1184	A	-0.210	0.09597632
1185	T	-0.027	0.09388778
1186	G	-0.171	0.08951492
1187	G	-0.164	0.1071177
1188	G	0.486	0.09935945
1189	A	-0.159	0.09367358
1190	T	0.117	0.07928045
1191	C	0.207	0.07102095
1192	T	-0.127	0.04782865
1193	T	-0.508	0.03408135
1194	A	-0.021	0.03350932
1195	G	-0.335	0.03170279
1196	T	-0.226	0.03532055
1197	A	0.086	0.01563752
1198	C	0.151	-0.002874213
1199	C	0.345	-0.005537213
1200	T	0.442	-0.01814767
1201	C	0	-0.02236477
 1202	T	0.204	-0.03111174
1203	A	-0.411	-0.03307414
1204	G	0.122	-0.03030405
1205	T	-0.137	-0.03386756
1206	G	-0.231	-0.02823759
1207	A	-0.285	-0.02199855
1208	G	-0.083	0.008755353
1209	T	0.450	0.01718472
1210	C	0.122	0.03811069
1211	G	0.542	0.05602969
1212	A	-0.146	0.06372773
1213	T	-0.117	0.06529426
1214	T	-0.290	0.04831996
1215	A	-0.405	0.03118278
1216	C	-0.298	0.01883268
1217	A	-0.427	0.00453795
1218	A	0.428	0.006052517
1219	C	-0.076	-0.01031952
1220	A	0.011	0.003637483
1221	T	0.376	0.01645178
1222	C	0.060	0.02553772
1223	T	0.413	0.03984125
1224	G	0.231	0.03102208
1225	C	0.292	0.01344538
1226	C	0.310	-0.02217809
1227	A	0.316	-0.02490635
1228	G	0.198	-0.01659405
1229	G	-0.163	-0.006380407
1230	A	-0.071	0.02168246
1231	G	-0.370	0.03514303
1232	A	-0.224	0.05695913
1233	A	-0.366	0.02798009
1234	A	-0.369	0.01852741
1235	G	0.281	0.005772083
1236	G	0.152	-0.01581668
1237	T	-0.012	-0.02502076
1238	T	0.345	-0.02573596
1239	C	0.185	-0.02089063
1240	G	-0.404	-0.02354176
1241	A	-0.525	-0.0225994
1242	A	-0.228	-0.0360501
1243	C	0.131	-0.02926263
1244	A	0.016	-0.0148928
1245	C	0.436	-0.00405745
1246	C	0.105	0.02425435
1247	A	0.227	0.04052618
1248	G	-0.441	0.05638875
1249	A	-0.360	0.08307465
1250	T	-0.371	0.08774585
1251	A	-0.271	0.08063175
1252	T	-0.216	0.09456911
1253	C	0.392	0.07396758
1254	T	0.377	0.06371318
1255	G	0.213	0.06830225
1256	G	0.338	0.06855925
1257	G	-0.086	0.07398499
1258	A	0.401	0.05905839
1259	C	0.267	0.07016637
1260	C	0.253	0.06320091
1261	C	0.478	0.04518144
1262	T	0.263	0.02359251
1263	T	0.109	0.02059677
1264	C	0.431	0.04142371
1265	T	0.421	0.06089194
1266	C	-0.060	0.07441861
1267	T	0.405	0.08675331
1268	G	-0.272	0.08738991
1269	C	-0.122	0.08356174
1270	A	-0.266	0.09172537
1271	A	-0.518	0.08303928
1272	G	-0.065	0.09709095
1273	A	-0.315	0.08115245
1274	G	0.349	0.07269418
1275	G	0.227	0.05789172
1276	A	-0.434	0.02870815
1277	G	-0.420	0.02626062
1278	A	-0.531	0.006703817
1279	T	0.264	-0.02121585
1280	C	0.212	-0.04961012
1281	T	0.134	-0.05652885
1282	T	0.154	-0.06030995
1283	G	0.411	-0.04476968
1284	C	0.262	-0.02646422
1285	C	0.458	-0.01274282
1286	T	0.078	-0.008581583
1287	G	0.335	-0.02031532
1288	C	-0.076	-0.01633822
1289	A	0.013	-0.01999499
1290	G	-0.190	-0.01126112
1291	A	-0.396	0.01481174
1292	G	0.190	0.02845183
1293	A	-0.477	0.0510498
1294	G	-0.406	0.02941947
1295	T	-0.430	0.0047627
1296	A	-0.268	-0.0139122
1297	C	0.291	-0.0086252
1298	T	0.193	-0.01826607
1299	C	0.427	-0.0130044
1300	T	0.144	-0.01347267
1301	G	-0.393	-0.02252407
1302	A	-0.417	-0.01891317
1303	A	-0.196	-0.01418045
1304	C	0.239	-0.01880892
1305	A	0.489	-0.02864125
1306	C	0.347	-0.02899235
1307	T	-0.011	-0.04574625
1308	C	0.146	-0.03530218
1309	A	-0.384	-0.01326098
1310	A	-0.527	0.005027317
1311	A	-0.426	0.005847417
1312	C	0.312	0.002122917
1313	T	0.122	0.003376017
1314	C	0.420	0.003439383
1315	A	0.444	0.009122983
1316	G	-0.193	0.03699292
1317	G	0.443	0.06806855
1318	A	0.065	0.07095665
1319	G	-0.125	0.06759415
1320	A	-0.485	0.04215442
1321	A	-0.407	0.03776275
1322	A	-0.312	0.05050856
1323	A	-0.163	0.06014579
1324	C	0.255	0.08765556
1325	T	0.118	0.1063909
1326	A	-0.243	0.1304695
1327	G	0.180	0.1376715
1328	T	0.231	0.135282
1329	C	0.429	0.104594
1330	T	0.315	0.0718115
1331	C	0.442	0.0725474
1332	C	0.514	0.05464308
1333	G	-0.109	0.05022256
1334	A	0.138	0.06480966
1335	A	-0.274	0.09652516
1336	G	0.215	0.123143
1337	T	0.371	0.1284385
1338	C	0.435	0.1180287
1339	T	0.441	0.09996309
1340	G	0.034	0.1003614
1341	C	0.296	0.1014519
1342	T	0.528	0.08575556
1343	G	0.050	0.06398222
1344	A	-0.500	0.03281306
1345	T	-0.539	0.00829579
1346	A	-0.171	-0.00862013
1347	G	-0.093	-0.02734976
1348	A	-0.066	-0.01047719
1349	G	0.312	-0.0004789933
1350	G	0.465	0.01991817
1351	C	0.391	0.02864434
1352	T	-0.153	0.01531728
1353	A	-0.476	-0.002735557
1354	A	-0.286	-0.03075682
1355	C	0.130	-0.03611825
1356	A	-0.210	-0.03852955
1357	T	-0.290	-0.04147468
1358	A	-0.421	-0.02905863
1359	A	-0.506	-0.00211196
1360	T	-0.420	0.01586734
1361	C	-0.064	0.005060207
1362	A	-0.047	-0.001119643
1363	C	0.396	0.003718863
1364	C	0.438	0.007792963
1365	T	0.337	0.00906383
1366	G	0.477	0.005353863
1367	A	-0.028	0.026574
1368	T	-0.105	0.04740486
1369	C	-0.399	0.05580274
1370	A	-0.126	0.05749384
1371	T	0.223	0.05795317
1372	C	0.440	0.05622607
1373	G	0.422	0.0538209
1374	C	0.307	0.0612163
1375	T	0	0.05906984
 1376	A	-0.495	0.04831492
1377	T	-0.279	0.03776045
1378	G	0.078	0.02021405
1379	G	0.434	-0.00504838
1380	C	0.503	-0.03398895
1381	A	0.280	-0.06214938
1382	A	0.483	-0.07033368
1383	C	0.148	-0.06615152
1384	T	-0.034	-0.04753932
1385	A	0.181	-0.05210339
1386	T	-0.197	-0.07017339
1387	T	-0.342	-0.09335649
1388	A	-0.493	-0.1211878
1389	G	-0.284	-0.141859
1390	A	-0.484	-0.1574385
1391	A	-0.387	-0.150409
1392	A	-0.364	-0.1456419
1393	A	-0.130	-0.1443281
1394	C	-0.318	-0.1724547
1395	A	-0.530	-0.176992
1396	A	-0.367	-0.171928
1397	A	-0.274	-0.1768287
1398	G	0.019	-0.1672456
1399	C	0.158	-0.1587838
1400	A	-0.262	-0.1692479
1401	T	-0.318	-0.1574271
1402	T	-0.255	-0.1507197
1403	T	-0.412	-0.1342583
1404	A	-0.312	-0.1234718
1405	A	-0.467	-0.09139513
1406	T	-0.284	-0.0736701
1407	T	-0.136	-0.0762915
1408	G	0.117	-0.0640412
1409	G	-0.409	-0.0674469
1410	A	0.367	-0.03640613
1411	G	0.431	-0.02346297
1412	G	0.336	0.001222733
1413	C	0.436	-0.01510776
1414	T	0.219	-0.03015896
1415	T	-0.132	-0.02018921
1416	T	0.157	-0.02057168
1417	G	-0.141	-0.02440528
1418	T	0	-0.02246874
 1419	T	0.039	-0.005007277
1420	A	0.477	0.00427959
1421	C	0.144	0.01450742
1422	A	-0.442	0.02608032
1423	T	0.237	0.03775955
1424	T	-0.421	0.06688458
1425	T	0.400	0.04472438
1426	T	0.020	0.01222785
1427	C	0.466	-0.006763783
1428	A	-0.470	-0.02809638
1429	G	-0.292	-0.03427105
1430	A	0.036	-0.02049002
1431	A	-0.329	-0.01688478
1432	G	-0.370	-0.01157576
1433	A	-0.353	-0.00645379
1434	T	0.211	-0.002679133
1435	T	-0.188	-0.007603667
1436	G	0.022	-0.007256167
1437	G	0.211	0.0034791
1438	T	0.468	-0.0007973333
1439	C	0.464	0.01761547
1440	A	-0.297	-0.0017241
1441	A	-0.542	0.00288387
1442	T	-0.233	0.00031877
1443	C	-0.203	0.02743374
1444	A	0.033	0.04374764
1445	T	0.280	0.05538982
1446	C	0.265	0.07226655
1447	A	0.018	0.07647279
1448	C	0.153	0.07384629
1449	G	0.152	0.06346192
1450	G	0.329	0.07156394
1451	G	0.154	0.08525621
1452	A	-0.120	0.08879011
1453	G	0.109	0.08000591
1454	G	0.131	0.07087944
1455	T	-0.179	0.08180369
1456	A	0.159	0.1066137
1457	C	0.389	0.1241692
1458	C	0.343	0.1224085
1459	C	0.196	0.1082221
1460	C	0.385	0.08971233
1461	A	0.176	0.06622659
1462	T	-0.243	0.05440913
1463	C	-0.432	0.03644443
1464	A	-0.099	0.01349707
1465	C	0.054	-0.003672267
1466	T	0.433	-0.01187008
1467	G	0.317	-0.01077603
1468	G	0.204	-0.02140566
1469	A	0.190	-0.0298822
1470	G	0.030	-0.02681065
1471	C	0.201	-0.02985207
1472	A	0.293	-0.04752074
1473	A	-0.256	-0.04623137
1474	T	-0.391	-0.04297304
1475	A	-0.274	-0.03957467
1476	G	-0.438	-0.03065194
1477	A	-0.336	-0.03750771
1478	G	-0.385	-0.03111511
1479	A	-0.535	-0.02117658
1480	A	-0.185	-0.01159436
1481	C	-0.091	-0.01313429
1482	T	-0.087	-0.02765336
1483	A	-0.209	-0.03331284
1484	T	-0.123	-0.05158514
1485	T	-0.087	-0.06664703
1486	G	0.067	-0.08416149
1487	A	-0.140	-0.1034436
1488	T	0.382	-0.09074506
1489	C	0.294	-0.07876533
1490	C	0.487	-0.07393953
1491	T	0.444	-0.07557546
1492	T	-0.449	-0.07909843
1493	A	-0.240	-0.07585023
1494	G	0.198	-0.0470829
1495	G	0.341	-0.02778033
1496	C	0.386	-0.01086602
1497	A	-0.118	0.0061318
1498	A	0.034	0.02752753
1499	A	-0.357	0.04281307
1500	G	-0.421	0.05949612
1501	A	-0.324	0.04949941
1502	G	-0.285	0.04954198
1503	A	0.124	0.03316101
1504	G	-0.032	0.02636216
1505	A	-0.129	-0.003496907
1506	G	-0.487	-0.02164517
1507	A	-0.442	-0.01466041
1508	T	-0.287	-0.01929054
1509	T	0.327	-0.03124681
1510	C	0.393	-0.03391064
1511	C	0.416	-0.03205647
1512	G	0.422	-0.01554174
1513	C	0.432	-0.00446562
1514	C	0.335	-0.0001012867
1515	A	0.413	-0.00242502
1516	T	-0.232	-0.001679253
1517	T	-0.139	-0.003408687
1518	G	-0.109	-0.01513269
1519	T	0.090	-0.02988928
1520	A	-0.408	-0.02617691
1521	T	-0.100	0.002832493
1522	T	-0.240	0.02162959
1523	G	-0.379	0.04550766
1524	G	-0.160	0.03842983
1525	C	0.261	0.00850226
1526	T	0.442	-0.01026244
1527	T	0.376	-0.02289857
1528	C	0.367	-0.02930347
1529	T	-0.226	-0.0259019
1530	T	-0.491	-0.02557933
1531	G	-0.301	-0.0039728
1532	A	-0.337	0.008168733
1533	A	-0.227	0.0172196
1534	A	-0.475	0.03122532
1535	A	-0.018	0.05095078
1536	C	0.382	0.04467852
1537	T	0.121	0.06368158
1538	C	0.428	0.07413682
1539	A	0.114	0.07583859
1540	A	-0.503	0.05741799
1541	A	-0.146	0.04978235
1542	C	0.042	0.03095239
1543	T	0.239	0.006282753
1544	C	0.437	0.02781862
1545	A	0.423	0.05939005
1546	T	0.416	0.08378772
1547	C	0.224	0.1101021
1548	C	0.162	0.1241496
1549	T	0.510	0.1524695
1550	T	0.183	0.1681573
1551	G	-0.288	0.1683347
1552	T	0.330	0.1731154
1553	T	-0.066	0.1740877
1554	G	-0.109	0.178729
1555	A	-0.290	0.1943386
1556	C	0.213	0.1929026
1557	A	-0.187	0.1801639
1558	C	-0.372	0.156733
1559	A	0.419	0.1256356
1560	C	0.456	0.1031812
1561	C	0.430	0.09333167
1562	T	0.452	0.1008327
1563	A	0.194	0.108038
1564	T	0.374	0.1062246
1565	C	0.452	0.1017952
1566	C	0.387	0.1236323
1567	T	0.265	0.1279026
1568	C	0.457	0.1359544
1569	C	0.254	0.1481313
1570	A	-0.035	0.1744016
1571	A	-0.189	0.1722927
1572	T	-0.339	0.1883252
1573	G	-0.463	0.2127373
1574	A	-0.495	0.1858918
1575	A	-0.250	0.163909
1576	G	0.120	0.1509125
1577	C	0.449	0.1370786
1578	C	0.378	0.1411527
1579	A	0.456	0.1438202
1580	C	0.050	0.1432238
1581	A	0.366	0.1359429
1582	C	0.458	0.1393872
1583	C	0.175	0.1302559
1584	T	0.255	0.114095
1585	T	0.497	0.107284
1586	C	0.150	0.1061534
1587	T	0.292	0.1313323
1588	C	0.359	0.1633187
1589	G	-0.385	0.1878036
1590	T	-0.203	0.193272
1591	A	0.040	0.1752785
1592	T	0.037	0.1455535
1593	T	0.316	0.1149414
1594	C	0.454	0.09180003
1595	C	0.434	0.1042341
1596	T	0.169	0.0948924
1597	T	0.368	0.0945419
1598	C	0.183	0.0814457
1599	T	-0.230	0.07928814
1600	A	-0.239	0.06584458
1601	A	-0.223	0.07128515
1602	T	0.416	0.07645495
1603	C	0.496	0.07643341
1604	T	0.239	0.09519101
1605	T	-0.086	0.1040386
1606	T	-0.419	0.115013
1607	A	-0.441	0.1106527
1608	A	-0.540	0.1137852
1609	A	-0.237	0.1132736
1610	C	0.423	0.1070575
1611	T	0.086	0.1068348
1612	C	0.447	0.1038521
1613	A	-0.217	0.09065186
1614	C	0.191	0.0807495
1615	T	0.094	0.0778532
1616	G	0.313	0.0813793
1617	C	0.448	0.05176276
1618	C	0.358	0.02150906
1619	A	0.176	0.001529397
1620	C	0.062	-0.009166943
1621	T	0.369	0.0015489
1622	T	-0.093	0.002553633
1623	C	0.410	0.01217513
1624	C	0.439	0.0352094
1625	T	0.247	0.01278313
1626	G	0.162	0.009895187
1627	G	0.279	0.00432502
1628	T	-0.212	0.002847553
1629	A	-0.527	-0.00416528
1630	A	-0.326	-0.01995496
1631	T	-0.117	-0.02514876
1632	G	-0.472	-0.04662902
1633	A	-0.411	-0.05790471
1634	A	-0.360	-0.06332598
1635	A	-0.407	-0.05414449
1636	T	-0.097	-0.05969249
1637	A	-0.411	-0.04046645
1638	T	-0.251	-0.03583835
1639	T	0.453	-0.06277628
1640	C	-0.249	-0.08180701
1641	A	0	-0.09748311
 1642	T	0.280	-0.1247472
1643	A	-0.261	-0.1318262
1644	T	-0.019	-0.1049345
1645	A	-0.379	-0.08596858
1646	T	0.157	-0.07648115
1647	A	-0.196	-0.07256825
1648	T	0.020	-0.06339198
1649	G	0.014	-0.05782351
1650	T	0.337	-0.05067925
1651	G	0.203	-0.06041459
1652	T	0.483	-0.04723587
1653	C	0.549	-0.03885391
1654	T	-0.368	-0.06419874
1655	A	-0.323	-0.0547334
1656	T	-0.307	-0.06831003
1657	A	-0.538	-0.06294206
1658	G	-0.424	-0.06661906
1659	G	0.279	-0.08301396
1660	G	0.242	-0.07745946
1661	G	0.166	-0.07846086
1662	A	-0.354	-0.06441303
1663	T	-0.135	-0.05134501
1664	T	-0.193	-0.03916734
1665	T	-0.193	-0.03638534
1666	A	-0.389	-0.03487674
1667	T	-0.016	-0.05164681
1668	T	0	-0.07187284
 1669	A	-0.307	-0.05774632
1670	T	0.034	-0.05475055
1671	T	-0.407	-0.03030432
1672	C	0.441	-0.00421262
1673	A	-0.372	0.02486255
1674	A	-0.511	0.02848055
1675	A	-0.213	0.02040828
1676	C	0.127	0.01680136
1677	C	0.225	0.0339088
1678	A	0.412	0.0334846
1679	C	0.379	0.05357393
1680	C	0.420	0.0731615
1681	A	0.248	0.09809976
1682	C	-0.019	0.08874808
1683	T	-0.057	0.09426878
1684	T	0.054	0.114516
1685	T	-0.233	0.1149869
1686	T	0.425	0.1184096
1687	C	0.243	0.1185176
1688	C	0.447	0.1446732
1689	C	0.387	0.17783
1690	A	0	0.1856421
 1691	T	0.058	0.1661433
1692	T	0.158	0.1461334
1693	G	-0.148	0.1245794
1694	C	0.409	0.112779
1695	T	0.394	0.1026565
1696	C	0.358	0.0875223
1697	G	-0.296	0.08194934
1698	A	0.165	0.0671584
1699	T	0.300	0.05411895
1700	C	0.048	0.05267921
1701	A	-0.304	0.02469048
1702	G	0.444	0.001728147
1703	C	0.412	-0.02435829
1704	T	0.483	-0.04871025
1705	A	0.021	-0.05773932
1706	T	-0.457	-0.04759274
1707	T	-0.375	-0.03836007
1708	T	-0.234	-0.01754727
1709	T	0.025	-0.04069984
1710	T	0.117	-0.07098167
1711	T	-0.205	-0.09615054
1712	T	-0.187	-0.1036969
1713	T	-0.501	-0.1104281
1714	A	-0.336	-0.1230019
1715	A	-0.276	-0.1099337
1716	A	-0.413	-0.08536709
1717	T	-0.445	-0.09076853
1718	A	-0.334	-0.09686466
1719	T	-0.342	-0.09805036
1720	A	-0.270	-0.08292921
1721	A	0.363	-0.06910025
1722	C	0.435	-0.0598048
1723	C	0.475	-0.0594592
1724	T	-0.285	-0.07228372
1725	A	-0.513	-0.08759125
1726	A	-0.396	-0.09325012
1727	A	-0.523	-0.09880875
1728	G	-0.036	-0.08844525
1729	G	-0.077	-0.08699298
1730	G	0.440	-0.08602738
1731	C	0.432	-0.07018352
1732	T	0.282	-0.05137769
1733	C	0.229	-0.03651552
1734	C	0.448	-0.03158312
1735	C	0.474	-0.007774957
1736	A	-0.042	-0.01155939
1737	T	-0.096	-0.008164523
1738	T	-0.223	-0.02151859
1739	T	-0.359	-0.02628259
1740	A	-0.341	-0.01463512
1741	T	-0.375	-0.00626412
1742	T	-0.353	0.01236117
1743	A	-0.190	0.02447688
1744	A	-0.292	0.03773873
1745	G	-0.247	0.02354393
1746	G	0.061	-0.002957007
1747	A	0.119	-0.02904691
1748	C	0.110	-0.02907637
1749	T	-0.195	-0.03430831
1750	A	0.443	-0.04625737
1751	C	0.249	-0.0303541
1752	T	0.537	-0.02654075
1753	T	0.075	-0.008326687
1754	A	-0.427	0.01224695
1755	T	-0.164	0.01592958
1756	G	-0.145	0.01996315
1757	A	0.035	0.01490251
1758	G	0.327	0.01988737
1759	C	0.320	0.0244744
1760	T	0.015	0.04063743
1761	T	-0.362	0.04748994
1762	A	-0.499	0.05767721
1763	G	0.228	0.06806237
1764	C	0.291	0.08821494
1765	C	0.116	0.08766391
1766	A	0.434	0.09325737
1767	C	0.018	0.09178104
1768	A	0.322	0.09638094
1769	G	0.258	0.1144908
1770	T	-0.231	0.1193054
1771	G	-0.254	0.1233766
1772	A	-0.505	0.1245063
1773	T	-0.040	0.1091341
1774	G	-0.155	0.08881979
1775	G	0.237	0.08055166
1776	G	0.266	0.1009136
1777	C	0.424	0.1320069
1778	C	0.422	0.1410736
1779	C	0.409	0.1163849
1780	T	0.426	0.1048955
1781	C	0.417	0.07612519
1782	C	0.492	0.0708791
1783	C	0.213	0.0550835
1784	A	0.115	0.0619013
1785	C	-0.020	0.05859273
1786	A	-0.023	0.05993726
1787	T	0.069	0.07943782
1788	C	-0.134	0.06894316
1789	A	-0.288	0.06009256
1790	A	-0.233	0.03929473
1791	T	0.248	0.01450373
1792	C	0.432	-0.01410587
1793	A	0.500	-0.0433677
1794	T	-0.449	-0.05962428
1795	T	-0.228	-0.06043848
1796	A	-0.428	-0.05775178
1797	G	-0.139	-0.05883838
1798	A	-0.151	-0.0687418
1799	C	0.462	-0.08690897
1800	T	-0.330	-0.08882998
1801	A	-0.214	-0.08608775
1802	G	0.079	-0.08624689
1803	A	-0.355	-0.08728482
1804	A	-0.420	-0.06306882
1805	A	-0.386	-0.05205726
1806	A	-0.476	-0.04580222
1807	T	-0.433	-0.05208922
1808	A	-0.455	-0.05129522
1809	A	-0.078	-0.04876059
1810	C	0.402	-0.0432022
1811	C	0.497	-0.03414
1812	C	0.460	-0.01414197
1813	A	-0.083	-0.01549347
1814	T	-0.429	-0.03333111
1815	A	-0.077	-0.01049774
1816	G	0.058	0.007468693
1817	A	0.064	-0.005734227
1818	C	-0.165	0.0001763067
1819	T	0.437	0.01419931
1820	T	0.097	0.01616271
1821	A	0.435	0.02446264
1822	C	0.244	0.03081644
1823	C	0.524	0.05047497
1824	T	-0.373	0.0562055
1825	A	-0.061	0.03272863
1826	A	-0.156	0.01523315
1827	T	0.460	-0.003446547
1828	G	-0.191	-0.01044289
1829	A	-0.072	0.002938347
1830	C	0.354	0.007418227
1831	T	0.324	0.0004627833
1832	A	-0.316	-0.006455443
1833	A	-0.178	-0.007839877
1834	G	0	-0.01729558
 1835	T	-0.327	-0.02872247
1836	G	-0.227	-0.05588764
1837	A	-0.242	-0.05687901
1838	T	0.134	-0.06104657
1839	T	0.093	-0.04660159
1840	G	-0.301	-0.05052218
1841	G	-0.026	-0.05643421
1842	A	-0.100	-0.08002711
1843	G	-0.293	-0.08733378
1844	A	-0.028	-0.07539194
1845	C	0.056	-0.08214874
1846	A	-0.149	-0.08519491
1847	G	-0.142	-0.07028838
1848	A	-0.206	-0.06153611
1849	T	0.154	-0.04448014
1850	G	-0.245	-0.03762291
1851	T	-0.379	-0.03776558
1852	T	0.214	-0.03293859
1853	C	0.399	-0.02434949
1854	A	0.059	-0.0120113
1855	A	-0.179	0.00160463
1856	T	-0.334	-0.005112657
1857	T	-0.247	0.005588377
1858	G	-0.410	0.02698028
1859	T	0.285	0.04149377
1860	T	0.151	0.02532907
1861	C	0.233	0.02690244
1862	T	0.130	0.0456753
1863	C	0.084	0.05163123
1864	T	0.511	0.0546227
1865	T	-0.121	0.058323
1866	T	-0.232	0.06654523
1867	T	-0.098	0.04684406
1868	C	0.392	0.01798753
1869	T	0.463	0.01419361
1870	C	0.106	0.01810145
1871	A	-0.228	0.02263568
1872	G	0.220	0.04489628
1873	G	0.347	0.05936122
1874	T	0.407	0.04415396
1875	A	-0.428	0.02559946
1876	A	-0.102	0.003535623
1877	C	0.420	-0.01081604
1878	T	-0.028	-0.00381551
1879	G	0.243	-0.009602477
1880	T	-0.134	-0.01013001
1881	A	-0.132	0.003717257
1882	G	-0.376	0.01619313
1883	A	-0.466	-0.0105018
1884	A	-0.053	-0.04272403
1885	T	-0.061	-0.06010153
1886	G	-0.198	-0.0683862
1887	T	0.420	-0.0891828
1888	C	0.022	-0.1129793
1889	A	-0.170	-0.1337634
1890	A	-0.405	-0.1276799
1891	G	-0.428	-0.1140328
1892	A	-0.300	-0.1420238
1893	T	0.294	-0.1416309
1894	G	0.338	-0.136495
1895	G	-0.137	-0.1236008
1896	G	0.183	-0.1071722
1897	A	0.276	-0.1004664
1898	A	-0.408	-0.0828974
1899	A	-0.502	-0.07395703
1900	A	-0.414	-0.07861456
1901	A	-0.477	-0.05638863
1902	A	-0.403	-0.07744856
1903	T	-0.365	-0.092822
1904	A	-0.216	-0.09664927
1905	A	-0.245	-0.1008357
1906	T	0.306	-0.09524714
1907	G	-0.419	-0.06906444
1908	T	-0.016	-0.07638629
1909	T	0.398	-0.07186729
1910	C	0.252	-0.07353876
1911	C	0.360	-0.08773906
1912	A	-0.175	-0.1068894
1913	T	0.060	-0.0910473
1914	C	0.214	-0.0587975
1915	A	-0.201	-0.0498582
1916	C	0.468	-0.04320083
1917	A	-0.211	-0.02838309
1918	G	-0.438	-0.002194027
1919	T	-0.285	0.01991841
1920	A	-0.530	0.03711304
1921	A	-0.260	0.04360887
1922	T	0.485	0.05025091
1923	G	0.074	0.0381424
1924	T	0.473	0.01101313
1925	T	-0.187	-0.009500937
1926	T	-0.242	-0.01249517
1927	A	-0.298	0.00446743
1928	A	0.066	0.01503294
1929	C	0.464	0.02181621
1930	T	-0.146	0.03512084
1931	T	-0.277	0.02168125
1932	A	0.041	0.02486458
1933	C	0.419	0.02601308
1934	T	0.446	0.02687681
1935	C	0.270	0.04204794
1936	C	0.501	0.0378946
1937	A	-0.220	0.0142912
1938	T	-0.379	0.01066074
1939	A	-0.415	-0.002642197
1940	A	-0.363	0.0114816
1941	C	0.270	0.03466954
1942	C	0.333	0.0539189
1943	T	0.377	0.05071272
1944	A	0.417	0.03464391
1945	C	0.197	0.02705197
1946	A	0.065	0.04700264
1947	C	-0.115	0.0405891
1948	A	-0.403	0.04177234
1949	A	-0.259	0.0422992
1950	A	-0.075	0.03199976
1951	C	-0.385	0.03015859
1952	A	-0.222	0.03852518
1953	T	-0.034	0.06078618
1954	T	0.074	0.06321318
1955	A	0.235	0.06476472
1956	C	0.452	0.06985432
1957	T	0.279	0.06637072
1958	C	-0.029	0.06820875
1959	A	-0.017	0.05762198
1960	A	-0.374	0.03909688
1961	C	0.321	0.04013505
1962	A	-0.150	0.04494938
1963	C	0.455	0.06237325
1964	C	0.462	0.07273157
1965	A	-0.038	0.08955794
1966	T	0.446	0.1132856
1967	C	0.030	0.1308658
1968	T	0.288	0.146792
1969	A	-0.343	0.1573301
1970	T	-0.316	0.1519804
1971	T	0.423	0.1529557
1972	G	0.228	0.1411577
1973	C	0.432	0.1321742
1974	A	0.100	0.1202972
1975	T	-0.358	0.1277923
1976	T	0.096	0.1141812
1977	C	0.028	0.132969
1978	T	0.118	0.1222372
1979	G	0.051	0.1004039
1980	C	0.429	0.09950779
1981	C	0.326	0.09793049
1982	C	0.304	0.111318
1983	C	0.443	0.1038231
1984	T	0.390	0.1317816
1985	G	0.075	0.1565026
1986	C	0.482	0.1448916
1987	A	-0.074	0.1513404
1988	T	-0.299	0.1254827
1989	A	-0.373	0.1211865
1990	G	-0.149	0.1377387
1991	A	-0.087	0.1325284
1992	C	0.412	0.125872
1993	A	0.133	0.1192919
1994	C	-0.192	0.1332523
1995	A	-0.065	0.1080984
1996	C	0.399	0.08073215
1997	T	0.432	0.05320242
1998	T	0.063	0.03092022
1999	C	0.495	0.02577939
2000	C	0.425	0.01852323
2001	A	0.074	-0.01148631
2002	T	0.422	-0.02715339
2003	G	-0.342	-0.0162684
2004	T	-0.028	0.00659617
2005	A	0.138	0.02582417
2006	T	-0.059	0.04296237
2007	G	-0.170	0.02715009
2008	A	-0.078	0.00801446
2009	C	0.470	0.01259179
2010	A	-0.325	0.01704956
2011	T	-0.494	0.00114521
2012	A	-0.521	-0.02684989
2013	A	-0.224	-0.01962562
2014	G	0.236	-0.02104822
2015	T	-0.142	-0.02030099
2016	G	-0.418	-0.0148199
2017	A	-0.544	-0.0184397
2018	A	0.027	0.004929797
2019	G	0.312	0.0213822
2020	G	0.427	0.009727137
2021	G	0.427	0.00779772
2022	T	-0.061	0.01989242
2023	G	-0.440	0.03430913
2024	A	-0.054	0.00119863
2025	C	0.067	-0.00364487
2026	T	-0.078	0.004604797
2027	A	-0.407	0.014041
2028	C	0.280	0.01122843
2029	C	0.453	0.01302973
2030	T	0.447	0.0204576
2031	C	0.239	0.0480331
2032	C	0.313	0.08185853
2033	A	0.358	0.08918764
2034	T	0.464	0.08594431
2035	C	-0.211	0.07655291
2036	A	-0.117	0.04944971
2037	G	0.191	0.04068288
2038	C	0.354	0.04331668
2039	A	-0.523	0.03479075
2040	A	-0.470	0.03252519
2041	G	-0.246	0.0431623
2042	G	-0.238	0.0662081
2043	A	-0.309	0.04876417
2044	T	0.290	0.040016
2045	A	0.080	0.0302281
2046	C	0.409	0.03548754
2047	T	0.469	0.02589983
2048	C	0.247	0.005779133
2049	A	0.215	-0.0230142
2050	A	0.145	-0.02952723
2051	T	-0.386	-0.02458987
2052	A	-0.324	-0.0252541
2053	A	-0.361	-0.0323054
2054	T	-0.310	-0.01359132
2055	A	0	0.00270313
 2056	T	0.241	-0.002107903
2057	G	0.283	-0.009113303
2058	T	-0.243	-0.01196594
2059	G	0.190	-0.0298714
2060	A	0.153	-0.03074572
2061	C	0.397	-0.03460228
2062	A	0.026	-0.03509048
2063	T	-0.245	-0.03670905
2064	G	-0.398	-0.04196942
2065	A	-0.406	-0.06044806
2066	A	0.030	-0.06554419
2067	C	0.172	-0.06512959
2068	T	0.142	-0.0545957
2069	G	0.038	-0.02859673
2070	A	0.018	-0.01370573
2071	A	-0.391	-0.01233853
2072	T	-0.448	-0.02003769
2073	A	-0.394	-0.01401367
2074	T	-0.246	-0.02452567
2075	T	0.054	-0.04214024
2076	T	0.293	-0.06923487
2077	C	0.455	-0.0602999
2078	C	0.198	-0.0375714
2079	T	0.057	-0.009779737
2080	A	-0.408	0.01844416
2081	T	-0.538	0.0321473
2082	A	-0.312	0.02847885
2083	G	-0.045	0.04038812
2084	C	0.469	0.04610787
2085	C	0.446	0.03098902
2086	T	0.282	0.04152525
2087	C	0.052	0.07141571
2088	A	-0.062	0.08399113
2089	C	-0.124	0.08668429
2090	A	-0.374	0.09246524
2091	A	-0.415	0.0977686
2092	T	0.294	0.0909295
2093	C	0.436	0.095033
2094	C	0.434	0.1091986
2095	C	0.440	0.1246708
2096	C	0.441	0.1445797
2097	A	0.061	0.1466586
2098	C	0.499	0.1399855
2099	A	0.209	0.1292961
2100	T	-0.435	0.1215947
2101	T	-0.075	0.1202054
2102	C	0.448	0.1351775
2103	T	-0.017	0.1445026
2104	A	-0.165	0.1337214
2105	C	0.227	0.1300856
2106	T	0.452	0.1335436
2107	G	0.250	0.1195514
2108	T	0.321	0.0972492
2109	G	0.482	0.09076997
2110	T	0.055	0.08362363
2111	G	0.058	0.0861064
2112	T	-0.249	0.07403761
2113	T	-0.245	0.06359288
2114	A	0.148	0.06227835
2115	C	0.215	0.08509785
2116	A	0.240	0.08052189
2117	C	0.502	0.07197002
2118	T	0.217	0.08900581
2119	T	-0.448	0.1113377
2120	A	-0.483	0.09152724
2121	T	-0.311	0.06729664
2122	T	-0.125	0.04716364
2123	G	-0.232	0.03798517
2124	G	0.240	0.03928721
2125	G	0.225	0.05196466
2126	G	0.516	0.0649831
2127	G	-0.300	0.08859537
2128	A	0.186	0.1115692
2129	C	0.170	0.09163643
2130	T	0.249	0.07296717
2131	T	-0.212	0.04981383
2132	G	0.191	0.0289908
2133	C	0.493	0.03123337
2134	T	0.504	0.06087093
2135	A	-0.366	0.0868763
2136	A	-0.274	0.1028963
2137	T	-0.353	0.1161709
2138	C	0.046	0.1361378
2139	T	0.521	0.1404252
2140	G	0.435	0.1398957
2141	T	0.448	0.135378
2142	C	0.458	0.1464913
2143	C	0.443	0.1303868
2144	A	-0.449	0.1065116
2145	A	-0.344	0.0930897
2146	T	-0.454	0.09463517
2147	A	-0.122	0.1016632
2148	T	0.284	0.09386597
2149	C	0.440	0.0716817
2150	C	0.296	0.07961757
2151	T	0.168	0.09594223
2152	G	0.272	-
2153	C	0.366	-
2154	C	0.369	-
2155	A	0.209	-
2156	C	0.380	-
2157	C	0.033	-
2158	A	-0.296	-
2159	A	-0.545	-
2160	A	-0.153	-
2161	G	-0.166	-
2162	C	0.402	-
2163	T	0.259	-
2164	A	-0.161	-
2165	T	-0.128	-
2166	G	0.215	-
