1	C	0.430	-
2	C	0.173	-
3	C	0.365	-
4	T	0.082	-
5	C	0.289	-
6	G	0.377	-
7	G	0.170	-
8	T	0.402	-
9	C	0.408	-
10	C	0.500	0.1593992
11	T	0.492	0.146337
12	T	-0.526	0.1297907
13	A	-0.121	0.1088615
14	C	0.182	0.1254552
15	T	-0.114	0.1015894
16	T	-0.445	0.1003558
17	T	0.097	0.08582329
18	T	-0.079	0.07057738
19	C	0.364	0.05645008
20	T	0.137	0.04876603
21	G	0.169	0.03149568
22	T	-0.157	0.06634543
23	G	-0.053	0.08829908
24	C	0.414	0.09718288
25	A	-0.187	0.09365588
26	G	0.353	0.1134206
27	C	-0.120	0.09260099
28	A	0.097	0.08466028
29	G	0.125	0.05905618
30	C	0.346	0.04728345
31	T	0.147	0.03581459
32	G	0.170	0.06105864
33	C	0.317	0.0637198
34	T	0.360	0.06347165
35	T	-0.184	0.0802183
36	T	-0.050	0.08421455
37	G	-0.318	0.1002993
38	G	-0.238	0.1109102
39	A	-0.147	0.1226947
40	G	-0.098	0.1186123
41	T	-0.060	0.1286316
42	C	0.347	0.1340458
43	A	0	0.1352682
 44	C	0.409	0.136449
45	C	0.147	0.1602357
46	C	0.432	0.148616
47	C	0.201	0.1868632
48	T	0.309	0.1785686
49	G	0.361	0.1607274
50	C	0.265	0.1414846
51	T	0.347	0.1245592
52	C	0.279	0.0881076
53	C	0.342	0.07767515
54	C	0.384	0.0654171
55	T	0.291	0.0513778
56	G	-0.283	0.0088884
57	T	0.446	-0.01370045
58	T	-0.404	-0.02116875
59	T	-0.504	-0.0572332
60	A	-0.482	-0.0508822
61	G	-0.398	-0.05935305
62	A	-0.381	-0.08362185
63	A	-0.208	-0.1124623
64	A	0.163	-0.1358695
65	C	-0.133	-0.149677
66	A	-0.416	-0.1579211
67	T	-0.250	-0.180248
68	A	0.159	-0.1372303
69	G	-0.359	-0.09410606
70	C	0.392	-0.05853996
71	A	0.177	-0.03401068
72	G	-0.206	-0.01743585
73	A	-0.234	-0.00176155
74	C	-0.084	-0.005214125
75	T	0.015	0.01607248
76	A	-0.447	0.02045182
77	C	0	0.02505498
 78	C	0.455	0.02739223
79	T	0.358	0.06388463
80	G	0.228	0.04695437
81	T	0.091	0.05795603
82	A	-0.049	0.08962553
83	C	0.104	0.1257295
84	C	0.094	0.1243868
85	T	0.292	0.1383164
86	T	-0.329	0.1582537
87	T	-0.158	0.1591359
88	C	0.206	0.1173434
89	C	0.369	0.07897543
90	A	0.053	0.06400195
91	G	0.398	0.04453693
92	C	0.427	0.06952069
93	T	0.487	0.07549704
94	C	-0.110	0.05893417
95	T	0.293	0.02579927
96	C	-0.049	0.02129042
97	A	0.017	0.03897731
98	G	-0.380	0.02631862
99	A	-0.409	0.02235032
100	G	-0.071	0.00044592
101	T	-0.297	-0.03137308
102	T	0.449	-0.04686383
103	C	0.224	-0.05618683
104	A	-0.236	-0.02980088
105	G	-0.370	-0.03320813
106	A	-0.419	-0.01221509
107	G	0.195	-0.00177202
108	A	-0.046	0.03609453
109	C	0.290	0.07411913
110	A	-0.384	0.09367871
111	A	-0.238	0.1052036
112	G	0.117	0.1002896
113	C	0.301	0.1110484
114	A	0.416	0.1394453
115	G	0.225	0.1724695
116	G	0.370	0.2163809
117	C	0.226	0.2292236
118	A	0.377	0.2065799
119	C	0.351	0.1861186
120	C	0.320	0.1902592
121	A	-0.066	0.1795018
122	G	0.351	0.1854642
123	C	0.439	0.1813674
124	T	0.331	0.1827751
125	G	0.289	0.1902906
126	C	0.458	0.1681571
127	C	0.452	0.1369146
128	A	-0.499	0.1156653
129	A	-0.118	0.09091235
130	C	-0.301	0.07012179
131	T	-0.453	0.0457658
132	A	0.236	0.003402045
133	G	0.219	-0.01221935
134	C	0.444	-0.01765381
135	G	0.375	-0.0170252
136	G	-0.071	-0.0201264
137	A	-0.398	-0.02796935
138	T	-0.047	0.0173133
139	G	-0.143	0.0346299
140	G	-0.095	0.0657189
141	A	-0.554	0.1074596
142	A	-0.495	0.09973375
143	G	0.127	0.1109482
144	G	0.222	0.1045315
145	G	0.302	0.09688955
146	C	0.396	0.1219417
147	C	0.295	0.1586277
148	T	0.406	0.1669223
149	G	0.227	0.1971803
150	G	0.320	0.2116771
151	C	0.381	0.245991
152	G	0.082	0.2747972
153	C	0.443	0.2901923
154	C	0.316	0.3016961
155	T	0.222	0.2844608
156	C	0.429	0.2513648
157	C	0.335	0.2240103
158	T	0.118	0.1841842
159	G	0.461	0.1526238
160	C	0.194	0.1164976
161	T	0.132	0.1135292
162	A	0.080	0.08767977
163	C	0.435	0.04438062
164	C	0.452	0.00755242
165	T	-0.042	-0.02849473
166	G	-0.265	-0.07371343
167	A	-0.251	-0.08054333
168	A	-0.390	-0.06450223
169	A	-0.403	-0.07317528
170	A	-0.402	-0.08682615
171	T	0.321	-0.0803807
172	A	-0.434	-0.07481578
173	G	-0.422	-0.07715679
174	A	-0.419	-0.08948149
175	A	-0.498	-0.06770347
176	A	-0.475	-0.06762053
177	T	0.198	-0.04893663
178	C	0.438	-0.009335875
179	T	0.287	0.03067013
180	A	-0.078	0.05661713
181	G	0.261	0.03665197
182	G	0.191	0.05030492
183	G	0.388	0.08651282
184	C	0.206	0.1022674
185	A	0.393	0.1321484
186	G	-0.263	0.1330871
187	G	0.121	0.1299831
188	G	0.401	0.1223742
189	C	0.396	0.1131926
190	C	0.116	0.09904519
191	G	-0.077	0.09352663
192	A	-0.161	0.1067676
193	C	0.301	0.08735804
194	T	-0.104	0.09496083
195	G	0.099	0.09679569
196	T	-0.456	0.1204622
197	G	0.136	0.09458134
198	C	0.286	0.05747429
199	G	0.104	0.03599885
200	T	-0.361	0.0327316
201	G	0.150	0.03393062
202	T	0.456	0.03845389
203	G	0	0.01497619
 204	G	0.358	0.03784994
205	C	0.430	0.01778955
206	T	0.209	0.01419534
207	G	-0.395	-0.003537455
208	A	-0.340	-0.02468976
209	A	-0.032	-0.0172836
210	T	0.051	0.02101259
211	C	-0.053	0.03529364
212	A	-0.071	0.02369034
213	G	-0.167	0.03522819
214	C	0.352	0.02495364
215	A	-0.301	0.007148405
216	A	-0.528	0.0111888
217	A	-0.217	0.01796925
218	G	-0.136	0.02966
219	T	0.252	0.04799414
220	G	0.404	0.05807319
221	C	0.436	0.03491402
222	T	0.224	0.05568486
223	C	0.230	0.07207921
224	C	0.153	0.04052171
225	A	0.073	0.07207761
226	C	0.290	0.08015111
227	T	-0.260	0.08095321
228	G	-0.106	0.09544351
229	C	0.333	0.09370376
230	G	0.252	0.08583381
231	A	-0.516	0.08478196
232	G	0.344	0.08434126
233	G	0.159	0.09375946
234	A	-0.278	0.1064314
235	C	0.329	0.1056861
236	A	-0.366	0.09782236
237	A	-0.201	0.08976327
238	T	0.153	0.07655702
239	C	0.217	0.03256862
240	T	0.246	0.02731046
241	T	0.415	0.07013562
242	G	0.215	0.04317811
243	G	0.419	0.04793852
244	C	0.406	0.06070248
245	T	0.059	0.06562388
246	G	0.133	0.1027853
247	A	-0.421	0.1350266
248	G	-0.370	0.1172757
249	A	-0.545	0.09128128
250	T	0.147	0.06371228
251	C	0.339	0.05788053
252	T	-0.195	0.06496223
253	G	0.255	0.06316978
254	G	-0.023	0.04770213
255	C	0.427	0.03498957
256	C	0.376	0.02764107
257	A	0.442	0.03975322
258	G	-0.201	0.05454418
259	G	-0.302	0.1006185
260	A	-0.304	0.1147781
261	C	0.298	0.1065683
262	C	0.357	0.1311103
263	C	0.383	0.1077705
264	C	0.097	0.09330201
265	A	-0.195	0.06671186
266	T	-0.013	0.04489067
267	G	-0.179	0.04222671
268	G	-0.074	0.07158941
269	G	0.375	0.1040011
270	G	0.430	0.1347144
271	C	0.175	0.1038873
272	G	0.295	0.08662422
273	G	-0.211	0.04250476
274	A	-0.312	0.03396692
275	G	-0.103	0.05503862
276	G	-0.060	0.05364399
277	C	0.389	0.07474444
278	G	0.385	0.09375998
279	C	0.346	0.08715353
280	C	0.309	0.08873483
281	T	-0.317	0.09918353
282	G	0.012	0.09918413
283	A	-0.499	0.1097637
284	T	-0.073	0.1185297
285	G	0.226	0.116786
286	G	-0.041	0.09953067
287	C	0.242	0.06915573
288	A	0.305	0.02946633
289	C	0.243	0.01067896
290	T	0.462	0.01503486
291	C	0.384	0.05160996
292	A	0.295	0.07137436
293	G	0	0.1122991
 294	T	-0.137	0.1386675
295	G	-0.138	0.1250354
296	A	-0.405	0.1448871
297	T	-0.217	0.1541157
298	G	-0.408	0.1581079
299	A	-0.029	0.1535285
300	T	0.396	0.147905
301	C	0.413	0.1181417
302	C	0.407	0.1216664
303	C	0.319	0.1436557
304	T	0.453	0.1585773
305	G	-0.046	0.1860598
306	G	0.355	0.208529
307	C	0.427	0.2246576
308	G	0.385	0.219833
309	C	0.151	0.1936757
310	T	0.349	0.1599148
311	G	-0.210	0.1305431
312	C	0.366	0.1115338
313	T	0.439	0.1176339
314	G	0.161	0.1138372
315	C	0.410	0.1254225
316	T	0.044	0.1048979
317	G	0.104	0.08760227
318	A	-0.504	0.06094387
319	G	-0.552	0.07469237
320	A	-0.278	0.07840177
321	G	-0.173	0.1079873
322	G	0.027	0.1042144
323	C	0.441	0.1039833
324	C	0.377	0.1190317
325	T	0.185	0.1075845
326	C	-0.054	0.121361
327	A	0.081	0.1339493
328	G	-0.147	0.1702104
329	C	0.426	0.2039407
330	G	0.424	0.2178628
331	C	0.381	0.2273122
332	C	0.290	0.2151267
333	C	0.435	0.2044494
334	C	0.462	0.207683
335	C	0.181	0.2127256
336	A	0.319	0.23325
337	C	0.356	0.2435456
338	C	0.220	0.2638294
339	T	0.121	0.2490531
340	C	0	0.2171112
 341	T	0.015	0.1776051
342	T	-0.216	0.1828269
343	C	0.227	0.1807381
344	C	0.442	0.1735232
345	G	0.286	0.1860167
346	G	0.355	0.1914184
347	C	0.287	0.1847167
348	C	0.257	0.1829689
349	G	0.131	0.1977557
350	T	-0.214	0.2130123
351	C	-0.408	0.2173564
352	C	0.395	0.2160608
353	G	0.393	0.1839588
354	G	0.317	0.1818866
355	C	0.431	0.1704013
356	C	0.427	0.1725477
357	C	0.222	0.1845999
358	G	0.185	0.1751049
359	C	0.417	0.1588766
360	C	0.305	0.1842888
361	T	0.102	0.18474
362	T	-0.242	0.1488769
363	T	-0.414	0.115644
364	T	0.401	0.1074475
365	C	0.056	0.08103605
366	C	0.398	0.0781458
367	T	0.528	0.06995878
368	G	0.067	0.07945628
369	T	-0.193	0.07891423
370	A	0.293	0.07356683
371	G	-0.399	0.08770632
372	G	-0.322	0.1256177
373	A	-0.271	0.1494768
374	T	0.153	0.1095814
375	G	-0.096	0.09180953
376	C	0.369	0.04580488
377	G	0.058	0.04209673
378	G	0.375	0.05650603
379	C	0.406	0.06085903
380	T	0.198	0.04288673
381	G	0.384	0.08169703
382	C	0.515	0.1193986
383	G	0.062	0.1477619
384	A	-0.396	0.1199769
385	T	-0.298	0.1425244
386	G	-0.521	0.1250572
387	C	0.454	0.1308751
388	G	0.356	0.1287462
389	T	-0.106	0.1288177
390	G	-0.065	0.1337894
391	C	0.376	0.1255514
392	C	0.431	0.1165141
393	C	0.295	0.1294481
394	T	-0.401	0.167479
395	G	0.354	0.1917443
396	C	0.020	0.226416
397	G	0.175	0.2001729
398	C	0.333	0.1662885
399	C	0.408	0.1459749
400	T	0.297	0.122134
401	G	0.220	0.0773379
402	G	0.335	0.03767495
403	G	0.321	0.00471205
404	C	0.363	0.01491835
405	T	0.186	0.00974605
406	G	0.171	0.000497465
407	C	-0.070	-0.03303688
408	A	-0.321	-0.06535394
409	A	-0.512	-0.1055677
410	A	-0.542	-0.1120422
411	A	-0.519	-0.1461948
412	G	-0.361	-0.1479969
413	G	-0.363	-0.1419509
414	A	-0.197	-0.1639734
415	T	0.251	-0.1979506
416	C	-0.164	-0.1887591
417	A	-0.495	-0.177332
418	A	-0.313	-0.1559564
419	A	-0.396	-0.1323349
420	G	0.168	-0.1002368
421	A	-0.462	-0.05677357
422	C	0.299	-0.02094432
423	T	0.442	0.01132098
424	T	-0.076	0.03239179
425	G	-0.493	-0.002984965
426	A	0.355	-0.005654115
427	G	0.158	0.03956149
428	T	0.105	0.06973448
429	G	-0.040	0.1061837
430	G	0.099	0.1186715
431	G	0.349	0.1597619
432	C	0.355	0.1663341
433	C	0.282	0.16318
434	G	0.223	0.1820877
435	C	-0.456	0.2238458
436	G	-0.217	0.2250941
437	C	0.408	0.2343316
438	G	0.290	0.2436599
439	G	0.332	0.2566896
440	C	0.417	0.2647327
441	C	0.358	0.2371144
442	T	0.430	0.1918655
443	C	0.379	0.1522503
444	G	0.301	0.1356213
445	C	0.341	0.1693127
446	C	0.380	0.2009241
447	C	0.342	0.2032203
448	T	0.292	0.1990825
449	G	0.220	0.180465
450	C	0.260	0.1700215
451	C	-0.202	0.1664981
452	A	-0.549	0.132266
453	A	-0.510	0.1268713
454	G	-0.108	0.09876622
455	G	0.217	0.1015967
456	G	0.414	0.08807192
457	G	0.454	0.08104202
458	G	0.207	0.08787297
459	A	-0.039	0.1008112
460	G	0.209	0.08397699
461	C	0.288	0.07288524
462	A	-0.254	0.09175839
463	A	0.271	0.1131974
464	C	-0.260	0.1120277
465	T	0.398	0.07884454
466	T	0.110	0.06780344
467	G	0.202	0.06205664
468	T	0.429	0.07201264
469	C	0.479	0.09407157
470	T	-0.076	0.0861939
471	A	-0.424	0.05283305
472	G	-0.172	0.06020955
473	A	-0.081	0.05026785
474	G	-0.132	0.05919033
475	A	-0.446	0.04971163
476	C	0.193	0.06689038
477	G	0.339	0.07601303
478	C	0.406	0.03827228
479	C	0.401	0.00307808
480	T	0.051	-0.01193564
481	G	-0.378	0.02675776
482	A	-0.106	0.04032899
483	C	0.072	0.04223703
484	A	-0.082	0.03450698
485	G	0.209	0.07865853
486	C	0.453	0.09312798
487	T	0.384	0.06641853
488	T	-0.325	0.05939633
489	G	-0.224	0.05677498
490	A	-0.376	0.0631503
491	C	0.349	0.0754323
492	A	0.099	0.05650685
493	G	-0.043	0.05592382
494	G	-0.286	0.06340274
495	C	0.436	0.07075763
496	G	0.482	0.05885873
497	T	-0.194	0.06336928
498	G	0.266	0.09567403
499	C	0.349	0.09566238
500	G	0.178	0.1235231
501	G	-0.133	0.08608019
502	G	-0.485	0.0651769
503	A	0.061	0.07772867
504	G	0.067	0.09655953
505	C	0.356	0.05582333
506	G	0.215	0.02367372
507	C	0.474	0.05190188
508	A	0.320	0.05518343
509	G	-0.224	0.05571072
510	T	0.180	0.04770554
511	T	-0.399	0.05909548
512	T	-0.318	0.08995148
513	G	0.207	0.1079348
514	G	0.089	0.1147908
515	G	-0.377	0.1071202
516	A	-0.159	0.1109442
517	G	0.370	0.1087123
518	C	0.331	0.1147655
519	C	0.359	0.1464418
520	G	0.018	0.144631
521	G	0.094	0.1827776
522	C	0.131	0.2201624
523	A	0.420	0.2281832
524	G	0.204	0.2456507
525	G	0.202	0.2859989
526	G	0.292	0.3132952
527	G	0.430	0.2963043
528	G	0.441	0.3018747
529	G	0.408	0.3036694
530	G	0.144	0.3103962
531	C	0.363	0.2978507
532	A	0.428	0.3080853
533	C	0.368	0.306771
534	C	0.439	0.3084672
535	C	0.429	0.3056135
536	T	0.385	0.2990486
537	G	0.030	0.2965115
538	C	0.443	0.2793094
539	C	0.395	0.2784939
540	T	0.153	0.2891068
541	C	-0.156	0.2904731
542	G	0.336	0.2935132
543	C	0.394	0.2941664
544	G	0.238	0.2800914
545	G	0.145	0.2813899
546	C	0.160	0.2668646
547	A	0.379	0.2747926
548	C	0.097	0.2686672
549	T	0.392	0.2608476
550	C	0.356	0.2614006
551	C	0.390	0.2911185
552	C	0.489	0.2966027
553	G	0.381	0.2845024
554	T	0.157	0.2794335
555	C	0.454	0.2767717
556	C	0.095	0.2462989
557	G	0.188	0.2146186
558	T	0.320	0.1886
559	T	0.239	0.1634998
560	G	0.164	0.1486704
561	C	0.438	0.1230175
562	C	0.446	0.1142274
563	T	0.152	0.1159429
564	C	0.137	0.098755
565	T	0.092	0.0863063
566	A	-0.448	0.1014934
567	G	-0.254	0.1008122
568	A	-0.422	0.09407158
569	T	-0.109	0.09208018
570	G	0.059	0.06227793
571	G	-0.122	0.01806488
572	C	0.313	-0.02633057
573	A	0.415	-0.04815882
574	G	-0.186	-0.03264897
575	G	0.206	-0.01809392
576	C	0.399	0.02571823
577	T	0.175	0.05923223
578	T	0.185	0.1015402
579	C	0.199	0.08487943
580	G	-0.431	0.07611435
581	A	-0.446	0.1054041
582	A	-0.441	0.06840325
583	A	-0.284	0.03383945
584	T	0.447	0.0201169
585	C	0.383	-0.0110751
586	C	0.427	-0.0583628
587	C	0.416	-0.0788111
588	T	0.423	-0.0792492
589	A	-0.442	-0.0771261
590	A	-0.115	-0.03494465
591	T	0.463	0.0096427
592	T	-0.426	0.052856
593	G	-0.275	0.08665455
594	T	-0.460	0.04895725
595	A	-0.417	0.0497863
596	A	-0.546	0.02903941
597	A	-0.233	0.01979306
598	C	0.177	0.01773951
599	G	0.241	0.06118516
600	C	0.412	0.07879221
601	C	0.445	0.06963681
602	T	0.422	0.1011763
603	C	0.391	0.1343823
604	T	-0.306	0.1826463
605	C	0.400	0.1980375
606	G	0.012	0.2064838
607	G	0.231	0.1916281
608	G	0.382	0.1666605
609	C	0.426	0.1594492
610	A	0.236	0.1535662
611	G	0.280	0.1512614
612	C	0.204	0.1489256
613	C	0.388	0.1419815
614	C	0.504	0.1595321
615	T	-0.109	0.1327911
616	T	-0.377	0.1535427
617	A	-0.530	0.1546815
618	A	-0.322	0.1289745
619	C	0.097	0.1120755
620	T	0.294	0.08583221
621	C	0.399	0.06269771
622	C	0.375	0.0440483
623	A	0.253	0.04699926
624	C	0.044	0.01539961
625	G	-0.134	0.0152604
626	T	0.427	0.05639876
627	C	0.254	0.1021102
628	C	-0.131	0.1244813
629	A	0.088	0.1367288
630	T	-0.288	0.146159
631	T	-0.182	0.1426816
632	G	-0.168	0.1231684
633	C	0.447	0.09595198
634	G	-0.127	0.08765394
635	A	-0.112	0.1012117
636	G	0.445	0.07639569
637	C	0.383	0.0875007
638	G	0.125	0.1079079
639	C	0.342	0.1202275
640	T	0.482	0.1555741
641	C	0.329	0.1703359
642	A	-0.014	0.1988384
643	C	-0.291	0.1995738
644	A	-0.121	0.2268103
645	G	0.136	0.2521212
646	G	-0.068	0.2275643
647	C	0.476	0.1873334
648	G	0.276	0.1628141
649	T	0.334	0.1496555
650	C	0.418	0.1157652
651	G	0.112	0.08736779
652	G	0.401	0.06851682
653	C	0.462	0.07174427
654	C	0.417	0.06464082
655	A	0.393	0.04923071
656	T	-0.046	0.0469692
657	G	-0.421	0.04395755
658	A	-0.365	0.04300476
659	C	0.079	0.04778381
660	A	-0.194	0.04775895
661	G	-0.238	0.05318501
662	T	-0.391	0.0520378
663	T	-0.226	0.03940651
664	A	-0.263	0.03371871
665	C	-0.171	-0.003801645
666	A	-0.113	0.00842255
667	T	0.415	0.0286937
668	C	0.257	0.04474108
669	C	0.430	0.04077183
670	G	0.418	0.07083338
671	G	0.221	0.1013042
672	G	0.378	0.1307751
673	T	0.209	0.1296273
674	A	0.303	0.1491922
675	T	-0.356	0.1823511
676	G	0.198	0.2090624
677	A	-0.015	0.1882683
678	T	-0.044	0.1946137
679	G	0	0.1868368
 680	C	0.406	0.1784186
681	C	0.371	0.1895168
682	T	0.198	0.193022
683	A	-0.249	0.1885745
684	G	0.127	0.17733
685	C	0.491	0.1731832
686	C	0.420	0.1800946
687	A	0	0.2029265
 688	C	0.384	0.2245607
689	G	0.274	0.2352874
690	G	0.249	0.2353274
691	C	0.443	0.2393395
692	C	0.448	0.2215937
693	T	0.120	0.2216367
694	G	0.078	0.1918116
695	A	-0.439	0.1466439
696	G	0.336	0.1432543
697	G	0.440	0.1577111
698	C	0.388	0.1490595
699	T	0.214	0.13241
700	C	0.407	0.1276382
701	C	0.451	0.1210204
702	G	-0.156	0.1014543
703	G	-0.248	0.08828681
704	A	-0.468	0.07393408
705	A	-0.411	0.1099892
706	G	0.352	0.1098417
707	T	0.289	0.09891513
708	G	0.210	0.09340738
709	A	-0.058	0.08361805
710	C	0.154	0.036616
711	G	0.310	-0.01030865
712	T	0.057	-0.00932885
713	G	-0.142	0.01150505
714	A	-0.208	0.01443845
715	C	0.281	0.02637335
716	G	0.333	0.0140232
717	C	0.222	-0.001074545
718	G	0.278	-0.01162384
719	G	0.018	0.00893161
720	A	-0.532	0.02401986
721	A	-0.486	0.02088581
722	G	-0.137	0.03912743
723	G	0.167	0.03582568
724	A	-0.410	0.04695107
725	T	-0.173	0.01982942
726	A	0.105	0.02283077
727	C	-0.012	0.02391612
728	G	0	0.02181147
 729	C	0.352	-0.00408675
730	G	0.456	0.0355225
731	C	0.248	0.07195825
732	T	0.422	0.0967721
733	C	-0.208	0.1031317
734	G	0.014	0.1292273
735	A	-0.261	0.1280509
736	C	0.393	0.133322
737	C	0.243	0.1423667
738	G	0.236	0.1388047
739	A	-0.499	0.09861971
740	G	0.259	0.08228091
741	G	0.241	0.08428576
742	G	0.359	0.04380646
743	C	0.294	0.05133313
744	G	0.111	0.02386499
745	G	-0.196	0.01058428
746	C	0.211	-0.03666692
747	T	0.168	-0.04996277
748	G	-0.071	-0.07885612
749	A	-0.451	-0.03652977
750	G	0.129	-0.03325422
751	G	0.288	-0.02251917
752	T	-0.387	-0.03077992
753	G	-0.058	-0.03534437
754	A	-0.535	-0.01873877
755	A	-0.526	-0.01925197
756	G	-0.551	-0.04547232
757	A	-0.021	-0.07762592
758	G	-0.341	-0.08740743
759	G	0.347	-0.07581978
760	C	0.324	-0.085485
761	C	0.456	-0.0865509
762	T	0.193	-0.04657615
763	C	0.203	-0.02201847
764	C	0.443	0.00613003
765	G	-0.207	0.05058278
766	G	-0.313	0.102249
767	A	-0.474	0.08524374
768	A	-0.266	0.09464443
769	G	-0.219	0.08205608
770	T	-0.063	0.08084278
771	G	0.267	0.05245823
772	G	0.412	0.04833843
773	G	0.432	0.05859948
774	T	0.027	0.05519718
775	G	0.362	0.08065743
776	C	0.482	0.1082269
777	A	-0.362	0.1541655
778	A	-0.153	0.1734707
779	T	0.095	0.1939401
780	C	0.300	0.1900248
781	G	-0.111	0.1760464
782	G	0.111	0.1294899
783	A	0.408	0.09818744
784	C	0.375	0.06902938
785	T	0.302	0.06575423
786	C	0.238	0.01453804
787	T	0.443	0.02108344
788	G	0.119	0.04431488
789	C	0.190	0.05363469
790	T	-0.142	0.05985959
791	G	-0.012	0.08866404
792	A	-0.518	0.1052814
793	T	-0.193	0.08285583
794	G	-0.555	0.06407178
795	G	0.296	0.05554073
796	G	-0.542	0.03493483
797	A	-0.231	0.00237183
798	C	0.310	-0.02527932
799	C	0.281	-0.04443177
800	C	0.425	-0.04183725
801	C	0.464	-0.03397463
802	G	0.443	0.003478365
803	G	-0.039	-0.003336785
804	C	0	0.0207306
 805	A	0.131	0.01425621
806	G	-0.174	0.04952025
807	T	-0.207	0.07692175
808	A	-0.433	0.05533665
809	G	-0.192	0.05497566
810	G	-0.090	0.05297476
811	A	0.144	0.0462684
812	G	0.230	0.0453309
813	G	-0.329	0.06834821
814	A	-0.074	0.09012842
815	G	0.167	0.06319396
816	C	0.163	0.04576716
817	G	0.316	0.03363061
818	T	-0.120	0.05858753
819	G	0.274	0.05896783
820	G	0.385	0.06437915
821	C	0.330	0.02970311
822	C	0.425	-0.001069545
823	C	0.420	0.003950405
824	A	0.435	0.007650465
825	T	-0.407	0.01890507
826	T	-0.522	0.03130477
827	A	-0.450	0.03386191
828	C	0.065	0.02753502
829	A	-0.185	0.02966842
830	C	0.017	0.03249667
831	A	-0.548	0.03648947
832	A	-0.385	0.02522287
833	G	-0.229	0.02426886
834	G	0	-0.02148318
 835	C	0.392	-0.01088338
836	C	0.411	0.02985291
837	A	0.367	0.06373497
838	G	-0.247	0.0661277
839	T	0.317	0.07246803
840	C	0.441	0.04516223
841	A	0.410	0.04613928
842	C	0.199	0.03929752
843	T	0.401	0.06996568
844	G	-0.479	0.08616653
845	A	-0.195	0.07966538
846	G	0.292	0.03863058
847	C	0.227	0.006859675
848	T	0.113	0.03875253
849	C	-0.058	0.04663368
850	A	-0.528	0.04285583
851	A	-0.529	0.03217158
852	A	-0.522	0.03709713
853	G	0.384	0.03816843
854	C	0.324	0.08478158
855	C	0.262	0.09669608
856	A	-0.409	0.09433863
857	A	-0.267	0.1026671
858	C	0.390	0.1183337
859	C	0.475	0.1430348
860	A	0.366	0.1936058
861	T	0.196	0.2043629
862	G	0.298	0.2121537
863	C	0.423	0.2120096
864	T	0.452	0.2179307
865	G	0.043	0.2037135
866	T	0.244	0.2092516
867	G	0.393	0.2012343
868	C	0.426	0.1610562
869	C	0.435	0.1187995
870	T	0.483	0.1079909
871	T	-0.314	0.117119
872	G	-0.366	0.124208
873	T	0.381	0.1063254
874	T	0.442	0.08198498
875	C	-0.022	0.09609098
876	A	-0.298	0.07063793
877	A	-0.427	0.03233238
878	T	-0.413	-0.01606887
879	A	-0.370	-0.0398384
880	A	0.149	-0.05676045
881	T	0.379	-0.04632995
882	C	0.440	-0.05175135
883	G	0.065	-0.09311925
884	G	-0.033	-0.1254096
885	A	0.325	-0.1354399
886	G	-0.264	-0.1008708
887	A	-0.372	-0.07231666
888	G	-0.541	-0.06056291
889	A	-0.039	-0.05294211
890	C	0.144	-0.04906131
891	A	-0.105	-0.06438879
892	G	-0.474	-0.09870699
893	A	-0.446	-0.1139053
894	A	-0.203	-0.1213461
895	G	-0.222	-0.1268443
896	C	0.392	-0.08879241
897	T	0.143	-0.08239775
898	G	-0.177	-0.04720175
899	T	-0.217	-0.06079908
900	T	0.227	-0.06685309
901	A	0.073	-0.03558169
902	T	-0.246	-0.02481994
903	T	-0.238	0.00107756
904	T	-0.182	-0.00310884
905	T	0.215	-0.00697789
906	C	0.496	-0.03952234
907	A	-0.244	-0.03985609
908	T	0.162	-0.04873564
909	T	-0.311	-0.04335539
910	T	0.023	-0.05005209
911	C	0.519	-0.0571708
912	A	-0.259	-0.05950905
913	T	0.071	-0.06784965
914	A	-0.287	-0.0813823
915	T	-0.300	-0.1168701
916	G	-0.258	-0.1340662
917	T	0.136	-0.1024255
918	A	-0.355	-0.1176813
919	T	-0.110	-0.12379
920	T	0.093	-0.1443718
921	G	-0.069	-0.1784665
922	A	-0.293	-0.1668913
923	G	-0.405	-0.1482653
924	A	-0.453	-0.1120861
925	A	-0.494	-0.1175723
926	A	0.153	-0.09712109
927	C	0.388	-0.1039521
928	T	-0.142	-0.08551283
929	A	-0.434	-0.06850618
930	A	-0.388	-0.08109053
931	G	-0.161	-0.0663553
932	A	-0.027	-0.04191785
933	C	0.444	-0.0013595
934	C	0.436	0.03641435
935	G	-0.409	0.0692311
936	A	0.150	0.07882435
937	G	0	0.06919715
 938	C	0.013	0.1027925
939	G	0.230	0.1203938
940	A	-0.158	0.1565481
941	G	0.225	0.1686183
942	G	0.195	0.1818525
943	G	0.405	0.1830227
944	C	0.302	0.1726174
945	C	0.161	0.2125755
946	A	0.344	0.2305897
947	G	0.196	0.2173798
948	G	0.529	0.1894816
949	G	-0.082	0.1649941
950	A	0.335	0.1874778
951	C	0.079	0.1889986
952	T	0.236	0.1899698
953	T	0.467	0.1773166
954	C	0.228	0.15537
955	T	0.389	0.1296109
956	C	0.510	0.08553928
957	T	-0.264	0.06033813
958	A	-0.544	0.02973118
959	A	-0.259	0.05532158
960	G	0.291	0.05831443
961	C	0.255	0.06476435
962	C	0.215	0.06131255
963	C	0.152	0.03685151
964	A	-0.136	0.01755511
965	T	-0.353	-0.01333454
966	A	-0.536	-0.04112308
967	A	-0.307	-0.04044527
968	C	-0.082	-0.03112643
969	C	0.429	-0.009707475
970	A	0.394	-0.03555478
971	G	0.208	-0.0437419
972	G	0.167	-0.0389107
973	A	-0.021	-0.04066325
974	G	-0.157	-0.0101123
975	T	-0.228	-0.01358675
976	A	-0.044	-0.01413225
977	T	-0.250	-0.0176062
978	T	-0.358	-0.0016626
979	T	0.168	-0.01490445
980	G	-0.225	-0.05266155
981	A	0.092	-0.08187655
982	C	0.311	-0.1139468
983	C	0.117	-0.1277006
984	T	0.474	-0.09784666
985	A	-0.422	-0.06538251
986	A	-0.547	-0.03935532
987	A	-0.377	-0.02682322
988	C	0.235	0.000231475
989	T	0.164	-0.00544991
990	G	-0.360	0.00133489
991	A	-0.375	0.01991072
992	A	-0.473	-0.006883935
993	T	-0.296	0.006732665
994	T	0.439	-0.02717879
995	C	0.420	0.01789956
996	T	0.475	0.04656363
997	G	0	0.04834068
 998	T	0.182	0.04314483
999	G	0.055	0.0397493
1000	T	-0.089	0.06131902
1001	T	0.463	0.07471348
1002	C	-0.224	0.08768077
1003	T	0.390	0.1148907
1004	T	-0.204	0.1135655
1005	C	0.478	0.1017245
1006	G	0.025	0.08950483
1007	T	-0.341	0.1126186
1008	G	0.132	0.1085543
1009	A	0.097	0.09708541
1010	T	0.071	0.1142086
1011	G	-0.107	0.06754431
1012	A	-0.214	0.05869766
1013	C	0.247	0.03440343
1014	T	0.413	0.03292853
1015	C	0.184	0.01612878
1016	C	0.231	0.01277307
1017	C	0.462	0.008427415
1018	T	0.101	-0.01853088
1019	T	-0.174	-0.035587
1020	T	0.252	-0.06129637
1021	T	-0.469	-0.06892893
1022	T	-0.401	-0.07805713
1023	G	-0.095	-0.1121044
1024	G	-0.233	-0.1567712
1025	A	0.142	-0.164606
1026	A	-0.041	-0.1857654
1027	A	-0.428	-0.1873068
1028	A	-0.407	-0.1666733
1029	A	-0.244	-0.1469861
1030	T	-0.443	-0.1712392
1031	T	-0.260	-0.129704
1032	A	-0.396	-0.09063709
1033	A	-0.433	-0.06507986
1034	A	-0.480	-0.04092666
1035	T	0.027	-0.03144346
1036	T	-0.191	-0.03392574
1037	C	0.431	-0.00755424
1038	C	0.514	0.03051506
1039	T	0.219	0.04442352
1040	A	-0.232	0.04795582
1041	C	0.360	0.06459571
1042	C	0.380	0.08499148
1043	C	0.415	0.08886848
1044	C	0.249	0.1136239
1045	T	0.332	0.09540889
1046	T	-0.090	0.092053
1047	G	0.098	0.05333714
1048	T	0.354	0.03423579
1049	C	0.034	0.03601004
1050	A	-0.372	0.04130644
1051	T	0.072	0.04072619
1052	C	0.010	0.01580074
1053	A	-0.355	0.006577195
1054	T	0.014	0.01051874
1055	A	-0.336	0.01389519
1056	G	-0.259	0.04038086
1057	A	-0.342	0.04917346
1058	T	0.132	0.02771245
1059	T	0.254	0.03359655
1060	G	-0.126	0.06517504
1061	T	0.349	0.0671944
1062	T	-0.118	0.05832948
1063	G	0.230	0.07964668
1064	C	0.328	0.08701879
1065	C	0.399	0.1284758
1066	C	0.438	0.167095
1067	C	0.274	0.2044966
1068	T	-0.074	0.2188225
1069	G	0.151	0.2134941
1070	C	0.259	0.244236
1071	A	0.112	0.2013434
1072	A	-0.166	0.181202
1073	G	0.070	0.1643444
1074	C	0.162	0.1366912
1075	C	0.492	0.1235692
1076	T	0.513	0.09416034
1077	T	0.405	0.05620224
1078	T	0.418	0.0375463
1079	C	0.148	0.01073029
1080	T	0.488	-0.01626051
1081	T	-0.508	-0.01731812
1082	A	-0.521	-0.003028315
1083	A	-0.106	0.01520479
1084	G	-0.224	0.02496989
1085	C	0.137	0.00552654
1086	A	-0.149	-0.04413456
1087	T	-0.484	-0.07830541
1088	A	-0.448	-0.1140692
1089	G	-0.384	-0.1292276
1090	T	-0.280	-0.1615495
1091	A	0.091	-0.1221465
1092	G	0.119	-0.1058759
1093	C	0.435	-0.09644786
1094	C	0.357	-0.08017736
1095	C	0.103	-0.08354979
1096	A	-0.479	-0.06750048
1097	A	-0.278	-0.02139539
1098	G	-0.296	0.02246946
1099	C	-0.154	0.05635791
1100	A	-0.157	0.09537447
1101	G	0.279	0.1012191
1102	T	-0.195	0.1039826
1103	G	0.082	0.1020718
1104	G	0.100	0.07303117
1105	T	0.070	0.06786422
1106	A	0.171	0.09750748
1107	C	0.437	0.1333367
1108	C	0.429	0.1700425
1109	T	0.293	0.1973623
1110	C	0.499	0.2209687
1111	G	0.208	0.2146101
1112	A	0.174	0.2215764
1113	C	0.397	0.2207367
1114	A	-0.223	0.2333671
1115	C	0	0.2084599
 1116	A	0.112	0.1849734
1117	C	0.438	0.1428716
1118	C	0.437	0.1001027
1119	C	0.391	0.07420402
1120	G	0.314	0.07050677
1121	T	0.152	0.05622212
1122	G	-0.056	0.04222337
1123	A	0.065	0.01097197
1124	T	0.353	0.00396152
1125	T	-0.428	-0.01430358
1126	T	-0.298	-0.02353165
1127	T	-0.404	-0.03566215
1128	A	-0.426	-0.05894967
1129	A	-0.224	-0.09884893
1130	T	0.425	-0.1300791
1131	C	-0.077	-0.1597675
1132	A	-0.105	-0.1470742
1133	A	-0.227	-0.1554241
1134	A	-0.363	-0.1837818
1135	G	-0.365	-0.1719639
1136	A	-0.071	-0.160885
1137	T	0.195	-0.1633487
1138	C	-0.028	-0.1645918
1139	A	-0.406	-0.1455256
1140	A	-0.310	-0.1721005
1141	A	-0.441	-0.1475853
1142	T	0.197	-0.1230298
1143	T	-0.101	-0.09437879
1144	T	-0.213	-0.05637363
1145	T	-0.191	-0.01608188
1146	T	-0.076	0.00920794
1147	T	-0.453	-0.003804705
1148	A	-0.451	-0.02502708
1149	T	0.156	-0.02002318
1150	T	-0.105	-0.01832943
1151	C	0.412	-0.01850189
1152	C	0.385	-0.03872724
1153	G	0.345	-0.01808873
1154	G	0.396	0.009872415
1155	C	0.440	0.02808717
1156	T	0.434	0.04011646
1157	T	-0.064	0.04875136
1158	C	-0.452	0.04958615
1159	A	-0.306	0.01570161
1160	T	-0.276	0.01747212
1161	T	-0.444	-0.00704312
1162	G	-0.207	-0.00722452
1163	G	0.311	-0.01832122
1164	G	0.345	-0.03390695
1165	G	0.172	-0.07081565
1166	G	0.164	-0.1163537
1167	A	-0.281	-0.1221762
1168	T	-0.434	-0.08849571
1169	A	-0.521	-0.05358276
1170	T	-0.070	-0.02905626
1171	A	-0.077	0.01440365
1172	G	0.382	0.01074139
1173	C	0.123	-0.01888156
1174	A	0.084	-0.04534871
1175	T	-0.297	-0.05068359
1176	T	-0.476	-0.03852498
1177	T	-0.180	-0.01159398
1178	T	0.220	0.03039452
1179	C	0.391	0.05645092
1180	C	0.213	0.0441043
1181	T	0.424	0.03537504
1182	G	-0.280	-0.00451981
1183	T	-0.281	-0.03160941
1184	A	-0.184	-0.05792728
1185	C	0.065	-0.06500758
1186	T	0.407	-0.03457158
1187	G	0.257	-0.00301033
1188	G	0.405	0.00934662
1189	G	0	0.00420577
 1190	G	-0.317	0.01323962
1191	A	-0.251	0.01061032
1192	A	-0.415	0.01557382
1193	C	-0.418	0.01368872
1194	A	-0.441	0.04572917
1195	A	-0.439	0.0171496
1196	A	0.132	-0.0091096
1197	C	0.450	-0.0099863
1198	C	0.468	-0.00994475
1199	T	0.289	-0.00417155
1200	T	0.394	0.03096955
1201	G	0.371	0.06426885
1202	G	-0.181	0.0592911
1203	G	-0.318	0.07811107
1204	A	0.456	0.08044902
1205	A	-0.505	0.09407797
1206	A	-0.117	0.07188177
1207	C	0.239	0.02302481
1208	T	0.406	-0.02662263
1209	G	0.115	-0.03371608
1210	T	0.385	-0.04434574
1211	A	0.414	-0.07470444
1212	G	-0.515	-0.07202228
1213	T	-0.042	-0.06564839
1214	T	-0.394	-0.08248533
1215	T	-0.166	-0.07190614
1216	T	-0.311	-0.08425058
1217	A	-0.526	-0.1092083
1218	A	-0.524	-0.119067
1219	G	0.147	-0.1301559
1220	C	0.182	-0.1372092
1221	A	-0.235	-0.1492342
1222	A	-0.127	-0.1393411
1223	T	-0.191	-0.1510538
1224	T	0.120	-0.1090493
1225	T	-0.294	-0.08880545
1226	A	-0.364	-0.05839955
1227	T	-0.259	-0.0124649
1228	T	0.209	0.0249602
1229	T	-0.106	0.0096398
1230	C	0.244	0.001548915
1231	A	0.173	0.02832431
1232	G	-0.317	0.01195097
1233	A	-0.276	0.000967965
1234	C	0.445	-0.02700793
1235	T	0.238	-0.03292874
1236	C	0.296	-0.03690069
1237	A	0.391	-0.03140519
1238	G	0.223	-0.05249713
1239	C	-0.159	-0.04195518
1240	A	0.020	-0.02854389
1241	C	0.300	-0.04903924
1242	A	-0.454	-0.03317279
1243	A	-0.411	-0.004608785
1244	T	-0.439	-0.04146723
1245	A	-0.412	-0.03013324
1246	A	-0.444	-0.02244359
1247	A	-0.149	-0.02584714
1248	A	-0.212	-0.02575944
1249	C	0.104	-0.01368599
1250	T	0.512	-0.02465271
1251	T	-0.236	-0.05221396
1252	T	0	-0.03286872
 1253	T	0.294	-0.00011292
1254	G	-0.291	0.01248428
1255	T	0.464	0.05327123
1256	C	0.450	0.09370933
1257	T	0.323	-
1258	T	0.225	-
1259	C	0.082	-
1260	T	-0.199	-
1261	A	-0.251	-
1262	T	-0.067	-
1263	C	0.244	-
1264	A	-0.187	-
1265	G	0.403	-
1266	C	0.364	-
