1	C	0.446	-
2	T	0.420	-
3	G	0.343	-
4	T	0.308	-
5	C	0.077	-
6	T	0.361	-
7	T	0.203	-
8	C	0.099	-
9	A	0.197	0.1744836
10	C	0.180	0.142676
11	T	0.487	0.1384506
12	C	0.480	0.128873
13	T	0.323	0.1349185
14	T	-0.031	0.1324243
15	T	-0.423	0.1250285
16	G	-0.020	0.1219153
17	A	-0.357	0.1407107
18	C	0.044	0.1313375
19	A	-0.126	0.1328353
20	G	0.344	0.1222416
21	C	0.171	0.1070777
22	T	0.417	0.08374394
23	A	0.032	0.1056731
24	G	0.228	0.1516752
25	C	0.147	0.1656016
26	A	0.437	0.2008642
27	T	0.028	0.1928564
28	G	0.207	0.208163
29	C	0.297	0.207316
30	A	0.207	0.2213236
31	G	-0.096	0.2197667
32	G	0.362	0.2197541
33	C	0.404	0.2187637
34	T	0.230	0.2292725
35	C	0.276	0.2255845
36	G	-0.099	0.2430878
37	G	0.149	0.2407631
38	C	0.328	0.244216
39	C	0.423	0.2549449
40	T	0.389	0.287144
41	G	0.032	0.2769467
42	T	0.211	0.2688836
43	G	0.336	0.2361068
44	C	0.371	0.2007844
45	C	0.343	0.2133838
46	A	0.165	0.2211124
47	C	0.359	0.2254969
48	C	0.400	0.2079958
49	C	0.483	0.2050548
50	C	0.179	0.2270521
51	T	0.259	0.2393892
52	C	-0.359	0.2337748
53	A	-0.359	0.2379634
54	G	0.127	0.2350884
55	C	0.288	0.2003206
56	T	0.407	0.1918229
57	G	0.108	0.1831831
58	G	0.336	0.1309047
59	C	0.428	0.1373309
60	T	0.433	0.1220203
61	G	0.235	0.1281379
62	C	0.446	0.1417533
63	T	0.291	0.1221894
64	G	-0.460	0.1132914
65	T	0.206	0.1027579
66	A	0.244	0.1082269
67	G	-0.457	0.06213483
68	T	0.295	0.05886589
69	T	-0.016	0.02519217
70	G	-0.249	-0.002825278
71	T	-0.113	-0.008164
72	A	-0.225	0.002475778
73	G	0.128	0.04380161
74	T	0.218	0.03903022
75	C	0.206	0.04487206
76	G	-0.493	0.09348733
77	G	0.369	0.08491244
78	A	-0.173	0.0753295
79	A	-0.269	0.09432906
80	T	0.350	0.1038099
81	C	0.483	0.1409919
82	T	0.283	0.1572768
83	T	0.120	0.1299344
84	C	0.350	0.09999313
85	T	0.417	0.09905474
86	C	0.140	0.04862791
87	A	-0.188	0.04360529
88	T	0.092	0.04184846
89	C	0.056	0.02018804
90	T	0.444	-0.009248689
91	C	0.421	-0.02148069
92	A	-0.274	-0.03116076
93	G	-0.332	-0.05061248
94	A	-0.510	-0.0543167
95	A	-0.538	-0.0425262
96	A	-0.263	-0.02167292
97	G	-0.300	-0.03359943
98	G	-0.039	-0.05320361
99	A	-0.046	-0.07133933
100	T	0.063	-0.09289193
101	T	-0.053	-0.09632893
102	T	0	-0.1025933
 103	G	0.350	-0.06786116
104	C	0.352	-0.0589731
105	A	0.186	-0.01992421
106	G	-0.122	0.02135684
107	A	-0.296	0.03683088
108	T	0.117	0.05116294
109	C	0.033	0.07009756
110	T	-0.335	0.05634839
111	A	-0.444	0.03117584
112	T	0.114	-0.01882877
113	T	-0.378	-0.04695372
114	C	0.439	-0.03334277
115	T	0.442	-0.003150939
116	G	0.239	0.02131595
117	G	0.211	0.03879095
118	G	0.404	0.02433133
119	G	-0.301	0.05161861
120	A	-0.453	0.1038893
121	A	-0.549	0.1014319
122	A	-0.153	0.1143202
123	C	0.431	0.07239495
124	C	0.421	0.02292645
125	C	0.144	-0.01514594
126	C	0.432	-0.05300477
127	A	-0.226	-0.05742811
128	T	0.155	-0.01593372
129	C	0.496	0.03244612
130	A	0.070	0.08805973
131	T	-0.146	0.1186121
132	A	-0.315	0.1036225
133	A	-0.448	0.104029
134	A	-0.446	0.1067492
135	A	-0.469	0.08670111
136	T	0.324	0.1071622
137	C	0.445	0.1205692
138	T	0.417	0.08326267
139	C	0.451	0.07267588
140	A	0.396	0.06184572
141	G	0.161	0.06356738
142	C	0.428	0.06604849
143	A	0.193	0.0915543
144	C	0.071	0.1194256
145	A	0.141	0.1231944
146	G	0.396	0.09923718
147	T	-0.175	0.09937229
148	G	-0.120	0.08406584
149	A	-0.341	0.0892089
150	T	-0.284	0.08846129
151	A	-0.403	0.0513809
152	T	0.012	0.02284984
153	T	0.031	-0.01184915
154	C	0.392	-0.04364765
155	A	0.014	-0.06110131
156	G	0.420	-0.06868236
157	G	0.175	-0.08586003
158	T	0.489	-0.08244286
159	G	0.148	-0.08295525
160	T	-0.238	-0.04885569
161	A	-0.320	-0.02851356
162	A	-0.553	-0.01029557
163	G	-0.430	-0.007907683
164	G	0.082	-0.01271213
165	A	-0.311	-0.04208102
166	T	-0.429	-0.04342786
167	A	-0.279	-0.04850286
168	A	-0.293	-0.03781536
169	G	0.210	-0.001551856
170	G	0.379	0.0297607
171	C	0.359	0.08312814
172	G	0.435	0.1316118
173	G	-0.072	0.1416105
174	G	-0.108	0.1754719
175	A	0.151	0.2141935
176	G	0.397	0.2401697
177	C	0.340	0.2796482
178	T	0.414	0.2817769
179	G	0.243	0.2679881
180	G	0.407	0.2397029
181	G	0.441	0.2008172
182	G	0.262	0.2094549
183	C	0.297	0.2087659
184	C	0.267	0.2029573
185	A	0.187	0.1929613
186	G	0.417	0.1446704
187	C	0.248	0.1395075
188	T	0.130	0.1495049
189	G	-0.149	0.1459873
190	A	-0.264	0.1214325
191	G	0.083	0.1322518
192	A	-0.120	0.1417367
193	G	0.047	0.1242565
194	C	0.217	0.1374981
195	A	-0.528	0.100375
196	A	0.321	0.09835882
197	C	0.423	0.105556
198	C	0.344	0.1236266
199	A	0	0.126172
 200	G	0.457	0.1456575
201	C	0.468	0.1612317
202	A	-0.046	0.1812519
203	T	0.426	0.1680515
204	C	-0.251	0.195531
205	T	0.212	0.1977752
206	A	0.260	0.1896147
207	G	0.175	0.193683
208	G	-0.218	0.2180722
209	C	0.434	0.2122584
210	T	0.159	0.2108667
211	C	0.407	0.2294787
212	A	-0.019	0.1915386
213	T	-0.034	0.1762285
214	C	0.361	0.1407882
215	G	0.276	0.107178
216	C	0.417	0.07780135
217	T	0.439	0.07483424
218	C	0.352	0.04651126
219	C	0.443	0.04908598
220	T	0.288	0.04743976
221	G	-0.256	0.07440755
222	A	-0.526	0.07095874
223	A	-0.425	0.07315257
224	G	-0.344	0.07977402
225	A	-0.352	0.07397757
226	A	-0.271	0.07259296
227	G	-0.075	0.07972557
228	G	0.205	0.05614966
229	C	0.377	0.03377533
230	A	0.465	0.02934138
231	C	-0.096	0.03663627
232	A	0.400	0.03732299
233	C	0.395	0.02593505
234	G	0.313	0.01534105
235	T	0.414	0.02050599
236	G	0.480	0.004688083
237	G	0.018	-0.02797031
238	A	-0.114	-0.04115114
239	T	-0.336	-0.05014592
240	A	-0.395	-0.02547402
241	T	-0.413	-0.02193924
242	A	-0.549	-0.02064663
243	A	-0.543	-0.0144788
244	G	-0.178	-0.03096836
245	G	-0.360	-0.03463136
246	A	-0.382	-0.03090434
247	G	0.140	-0.04957189
248	G	0.303	-0.05283551
249	C	0.347	-0.008905006
250	G	0.464	0.03205199
251	G	0.418	0.06811074
252	T	0.424	0.1138809
253	G	0.117	0.1257018
254	T	0.414	0.1228169
255	T	0.085	0.1271399
256	T	-0.450	0.1418976
257	A	-0.395	0.1372574
258	C	0.395	0.1327063
259	A	0.324	0.1179066
260	T	0.099	0.09775592
261	C	0.280	0.09560075
262	T	0.033	0.07898092
263	T	-0.412	0.05170542
264	A	-0.304	0.05587143
265	C	0.406	0.08522688
266	C	0.220	0.1217684
267	A	0.265	0.09363582
268	T	0.198	0.09797143
269	C	0.056	0.1143783
270	T	0.385	0.1183786
271	T	-0.181	0.1272311
272	A	-0.076	0.1740173
273	C	0.160	0.2030764
274	T	0.077	0.1991803
275	G	0.262	0.2121734
276	G	-0.110	0.2152176
277	A	0.402	0.210842
278	C	0.394	0.2333083
279	T	0.352	0.2027843
280	C	0.193	0.2160587
281	T	0.429	0.2066662
282	T	0.218	0.2202229
283	C	0.336	0.2369152
284	C	0.454	0.2407605
285	T	0.320	0.272269
286	G	0.119	0.2744373
287	T	0.460	0.2778678
288	G	-0.164	0.2827886
289	A	0.057	0.2646553
290	G	-0.245	0.2500211
291	G	0.404	0.2354032
292	C	0.378	0.2211079
293	T	0.331	0.2196212
294	C	0.456	0.2263979
295	C	0.441	0.2360904
296	T	0.456	0.2013476
297	C	0.440	0.1906419
298	A	-0.133	0.1583149
299	C	0.166	0.1432749
300	A	-0.044	0.09020697
301	T	0.078	0.05162941
302	C	0.427	0.01044791
303	C	0.442	-0.03747609
304	C	0.293	-0.06198192
305	T	-0.164	-0.08792522
306	T	-0.356	-0.09587527
307	T	-0.524	-0.06642883
308	A	-0.515	-0.06883033
309	A	-0.550	-0.04640323
310	G	-0.316	-0.03290241
311	A	-0.409	-0.05873023
312	A	-0.406	-0.1006955
313	G	0	-0.1421977
 314	A	-0.010	-0.1401249
315	G	0.297	-0.09820451
316	C	0.396	-0.04351467
317	A	0.123	0.001237939
318	G	0.359	0.04749605
319	C	0.321	0.06506427
320	A	-0.037	0.08009138
321	T	-0.312	0.1202229
322	T	-0.453	0.1332488
323	T	-0.127	0.1236557
324	C	0.397	0.1191671
325	C	0.459	0.07326068
326	C	0.289	0.0461349
327	T	0.282	0.008668067
328	C	0	0.001449956
 329	G	-0.139	-0.01504556
330	T	0.315	-0.01090556
331	G	0.234	0.007667889
332	T	-0.182	0.004543333
333	G	0.216	-0.03050406
334	A	-0.429	-0.05185729
335	A	-0.365	-0.05727784
336	A	-0.315	-0.0691768
337	T	0.191	-0.09856024
338	G	-0.334	-0.1131841
339	T	-0.238	-0.1340487
340	A	-0.118	-0.1357277
341	G	-0.183	-0.1031689
342	A	-0.233	-0.1074726
343	G	0.075	-0.09269851
344	G	0.192	-0.05571923
345	T	0.068	-0.02082151
346	G	-0.528	-0.01220667
347	A	-0.402	0.01700738
348	G	-0.059	0.04683216
349	C	0.204	0.07856983
350	T	0.403	0.1033935
351	C	0.139	0.08840011
352	G	-0.163	0.08501233
353	G	0.300	0.06408189
354	C	0.313	0.04697012
355	T	0.346	0.07550919
356	T	0.191	0.11867
357	C	0.298	0.1465192
358	C	0.452	0.1489721
359	T	0.262	0.1479237
360	G	-0.503	0.1482849
361	T	0.014	0.1654872
362	T	-0.184	0.1630383
363	T	-0.239	0.1391649
364	G	-0.015	0.1138766
365	C	0.374	0.1073232
366	C	0.441	0.08527061
367	G	0.248	0.05872072
368	G	0.384	0.01576849
369	G	0.146	0.02806277
370	A	0.146	0.003345111
371	G	0.256	-0.005126333
372	T	-0.116	0.01767944
373	A	-0.108	0.02873082
374	T	0.073	0.02982354
375	C	-0.098	0.02896532
376	T	-0.025	0.03864815
377	A	-0.510	0.03894009
378	A	-0.281	0.04704332
379	A	-0.430	0.01795021
380	G	-0.337	0.01432587
381	C	0.170	0.02219239
382	A	0.183	-0.0007349944
383	G	0.394	-0.01350638
384	C	0.426	0.01211118
385	G	0.422	0.03676591
386	G	0.389	0.08320286
387	T	0.291	0.1129309
388	T	-0.377	0.1241744
389	C	0.191	0.1191884
390	T	0.025	0.1063737
391	T	-0.520	0.1049581
392	A	-0.156	0.1019141
393	C	0.362	0.1005555
394	C	0.418	0.06659242
395	C	0.325	0.03307103
396	T	0.253	-0.005980022
397	G	-0.228	-0.0001056889
398	T	-0.426	-0.003581078
399	G	-0.059	0.0166259
400	G	0.158	0.07057834
401	G	0.339	0.0995149
402	T	0.401	0.104201
403	T	-0.188	0.06748262
404	G	-0.213	0.02166218
405	A	-0.411	-0.0063286
406	G	-0.271	-0.004592822
407	A	0.128	0.03212723
408	C	0.388	0.04292767
409	C	0.450	0.05362711
410	C	0.364	0.05426011
411	T	0.447	0.05255128
412	C	-0.242	0.07424567
413	A	-0.499	0.08528178
414	G	-0.250	0.1168788
415	A	-0.197	0.1417958
416	G	0.234	0.1441333
417	G	0.134	0.1313233
418	G	0.350	0.1164972
419	G	0.350	0.1023559
420	T	0.370	0.09952772
421	C	0.201	0.1115389
422	G	-0.015	0.1362372
423	C	0.157	0.1540067
424	A	0.176	0.1572557
425	T	0.170	0.123042
426	C	0.158	0.09033152
427	T	0.183	0.06255335
428	C	0.109	0.04775716
429	A	0.396	0.05085521
430	G	-0.026	0.06475688
431	A	-0.054	0.0884561
432	T	0.069	0.1045109
433	G	-0.138	0.1191473
434	A	-0.381	0.113434
435	T	-0.454	0.08851277
436	A	-0.149	0.09457411
437	T	0.084	0.09664838
438	C	0.426	0.06535038
439	C	0.452	0.05693375
440	T	0.411	0.04213552
441	G	0.446	0.01682281
442	C	0.440	0.03006122
443	A	0.067	0.06563838
444	G	-0.290	0.1126304
445	T	0.292	0.1433274
446	C	0.147	0.1645873
447	A	-0.167	0.1507181
448	G	-0.177	0.1498403
449	A	-0.320	0.1381595
450	G	-0.386	0.1024341
451	A	0.099	0.06887008
452	T	0.258	0.05810768
453	C	0.391	0.07638537
454	C	0.403	0.06081449
455	T	0.467	0.05547237
456	G	0.177	0.05272359
457	C	0.436	0.06126962
458	A	0.201	0.06772739
459	C	-0.196	0.1078194
460	A	-0.163	0.125963
461	T	-0.125	0.1339059
462	C	0.038	0.1357435
463	A	0.012	0.1295187
464	G	0.051	0.1261851
465	A	-0.216	0.1027669
466	G	-0.024	0.05959982
467	A	-0.204	0.01918354
468	C	0.335	0.02887863
469	C	0.426	0.06033919
470	C	0.401	0.07306063
471	T	0.424	0.06931619
472	G	0.291	0.04902324
473	C	0.407	0.03614414
474	A	-0.244	0.05371177
475	T	-0.340	0.06941886
476	A	-0.526	0.1025375
477	T	-0.021	0.1063139
478	C	0.402	0.1085771
479	A	0.103	0.09610102
480	G	-0.028	0.09675208
481	A	-0.353	0.09173624
482	G	-0.180	0.05821247
483	A	0.099	0.06268069
484	T	0.258	0.07462308
485	C	0.391	0.08761974
486	C	0.403	0.1128624
487	T	0.467	0.089125
488	G	0.177	0.070817
489	C	0.436	0.06237575
490	A	0.201	0.08753043
491	C	-0.196	0.1119451
492	A	-0.163	0.1281539
493	T	-0.125	0.1361908
494	C	-0.292	0.1403889
495	A	0.432	0.1278187
496	G	-0.024	0.1261094
497	A	-0.226	0.1274387
498	G	-0.180	0.09229081
499	A	0.099	0.06527114
500	T	0.258	0.1006816
501	C	0.391	0.1080979
502	C	0.403	0.1106053
503	T	0.467	0.1092089
504	G	0.177	0.06247778
505	C	0.436	0.0399201
506	A	0.201	0.03766877
507	C	-0.196	0.04432584
508	A	-0.285	0.06233399
509	T	0.441	0.07252349
510	C	-0.030	0.06637049
511	A	-0.080	0.03764116
512	G	-0.317	0.02086149
513	A	-0.408	0.01853227
514	T	-0.431	-0.02426746
515	A	-0.266	-0.01853323
516	T	-0.060	0.01329693
517	C	0.423	0.02034221
518	C	0.442	-0.01441212
519	T	0.280	-0.02026281
520	G	-0.113	-0.02582526
521	C	0.165	-0.002637856
522	A	0.135	0.03443842
523	A	-0.334	0.08013253
524	T	0.304	0.117367
525	C	0.376	0.146699
526	A	-0.158	0.1329901
527	G	-0.184	0.1326656
528	A	-0.135	0.1282385
529	G	-0.180	0.123648
530	A	0.099	0.10537
531	T	0.258	0.09087279
532	C	0.391	0.09318407
533	C	0.403	0.1003085
534	T	0.467	0.07800119
535	G	0.177	0.07423319
536	C	0.436	0.07444531
537	A	0.201	0.08753043
538	C	-0.196	0.1119451
539	A	-0.163	0.1197523
540	T	-0.125	0.1293517
541	C	-0.292	0.1312038
542	A	0.432	0.1190014
543	G	-0.024	0.1022217
544	A	-0.226	0.09989247
545	G	-0.180	0.05709275
546	A	0.099	0.06282697
547	T	0.258	0.09465714
548	C	0.240	0.09496214
549	C	0.431	0.09169497
550	T	0.424	0.1004009
551	G	0.183	0.06633131
552	C	0.165	0.07325898
553	A	0.135	0.1002051
554	A	-0.334	0.1235946
555	T	0.304	0.1420264
556	C	0.376	0.1512548
557	A	-0.158	0.1481146
558	G	-0.184	0.13331
559	A	-0.135	0.1172191
560	G	-0.180	0.08844991
561	A	0.099	0.09618557
562	T	0.258	0.1043219
563	C	0.240	0.1004267
564	C	0.431	0.08950807
565	T	0.424	0.04748174
566	G	0.183	0.05495282
567	C	0.165	0.05383732
568	A	0.135	0.08001543
569	A	-0.334	0.1122859
570	T	0.304	0.1278917
571	C	0.281	0.1393712
572	A	-0.404	0.137698
573	G	0.107	0.135274
574	A	-0.379	0.1034638
575	G	-0.024	0.08234636
576	A	-0.204	0.06406841
577	C	0.335	0.04957119
578	C	0.400	0.05188247
579	C	0.380	0.05900691
580	T	0.465	0.04197292
581	G	0.210	0.05185664
582	C	0.387	0.03583014
583	A	-0.147	0.06247683
584	C	-0.196	0.07818392
585	A	-0.163	0.102901
586	T	-0.125	0.1082398
587	C	-0.292	0.1096125
588	A	0.432	0.09867358
589	G	-0.024	0.08198881
590	A	-0.226	0.07782486
591	G	-0.180	0.03771481
592	A	0.099	0.06282697
593	T	0.258	0.09465714
594	C	0.240	0.09496214
595	C	0.431	0.09169497
596	T	0.424	0.1004009
597	G	0.183	0.06633131
598	C	0.165	0.07325898
599	A	0.135	0.1002051
600	A	-0.334	0.1235946
601	T	0.304	0.1420264
602	C	0.376	0.1512548
603	A	-0.158	0.1481146
604	G	-0.184	0.13331
605	A	-0.135	0.1172191
606	G	-0.180	0.08844991
607	A	0.099	0.09618557
608	T	0.258	0.1043219
609	C	0.240	0.1004267
610	C	0.431	0.08950807
611	T	0.424	0.04748174
612	G	0.183	0.05495282
613	C	0.165	0.05383732
614	A	0.135	0.08001543
615	A	-0.334	0.1122859
616	T	0.304	0.1278917
617	C	0.281	0.1393712
618	A	-0.404	0.137698
619	G	0.107	0.135274
620	A	-0.379	0.1034638
621	G	-0.024	0.08234636
622	A	-0.204	0.06406841
623	C	0.335	0.04957119
624	C	0.400	0.05188247
625	C	0.380	0.05900691
626	T	0.465	0.04197292
627	G	0.210	0.05185664
628	C	0.387	0.03583014
629	A	-0.147	0.04546359
630	C	-0.196	0.07086468
631	A	-0.163	0.09736929
632	T	-0.125	0.1025066
633	C	-0.292	0.106713
634	A	0.432	0.09759196
635	G	-0.024	0.06593579
636	A	-0.226	0.07962562
637	G	-0.180	0.04694029
638	A	-0.206	0.06784051
639	T	0.433	0.07323947
640	C	0.272	0.06025247
641	C	0.427	0.06545529
642	T	0.475	0.1044287
643	G	0.216	0.103911
644	G	-0.104	0.112602
645	T	0.456	0.117834
646	T	-0.200	0.1399344
647	G	0.228	0.1604862
648	A	-0.099	0.1364195
649	T	-0.397	0.1057886
650	G	-0.032	0.05948684
651	C	0.409	0.04091117
652	T	0.423	0.03151596
653	T	0.131	0.04227299
654	A	-0.132	0.04337838
655	C	0.217	0.08247161
656	C	0.163	0.06153244
657	A	0	0.05435115
 658	C	-0.278	0.06753176
659	A	-0.405	0.04266671
660	A	0.141	-0.0002204556
661	T	0.047	-0.03344073
662	G	0.089	-0.03852656
663	C	0.476	-0.00853345
664	C	0.503	-0.0009493944
665	A	-0.148	-0.03241639
666	A	-0.228	-0.03556494
667	A	-0.160	-0.03360255
668	G	-0.479	-0.03576166
669	G	-0.362	-0.07428916
670	A	-0.174	-0.1053127
671	A	0.039	-0.1386822
672	C	0.407	-0.1525285
673	T	0.353	-0.1740621
674	G	-0.402	-0.158878
675	T	-0.056	-0.1326112
676	A	-0.243	-0.1006421
677	T	-0.444	-0.06165343
678	T	-0.552	-0.05728232
679	A	-0.511	-0.02674193
680	A	-0.511	-0.01150171
681	A	0.227	-0.02602682
682	G	0.115	-0.04815759
683	G	0.124	-0.04561603
684	G	0.244	-0.04246749
685	T	0.414	-0.04409871
686	T	0.222	-0.03695332
687	G	-0.284	-0.02715532
688	C	0.374	-0.01575527
689	A	0.314	0.006984844
690	G	0.146	-0.03250421
691	C	-0.044	-0.0153366
692	A	-0.357	-0.01982664
693	T	0	-0.007069583
 694	T	-0.272	-0.05562375
695	A	-0.315	-0.09344808
696	G	-0.375	-0.1036256
697	G	-0.305	-0.1487383
698	A	-0.102	-0.1955633
699	A	-0.483	-0.2191177
700	G	0.424	-0.1962461
701	G	0.044	-0.1567682
702	T	0.473	-0.1567682
703	T	-0.459	-0.1173657
704	A	-0.458	-0.07344387
705	A	-0.467	-0.05658494
706	A	-0.437	-0.05503283
707	A	-0.528	-0.06426905
708	A	-0.277	-0.05972438
709	C	0.366	-0.1118088
710	C	0.353	-0.1445045
711	A	0	-0.1635809
 712	C	0.436	-0.1579429
713	T	0.474	-0.1115507
714	G	-0.072	-0.06931973
715	G	-0.277	-0.06025812
716	A	-0.268	-0.06119468
717	A	-0.401	-0.06234507
718	A	-0.512	-0.07161451
719	A	-0.544	-0.07268929
720	A	0.130	-0.05324423
721	G	-0.357	-0.05215729
722	G	0.376	-0.04978857
723	C	0.292	-0.0641625
724	A	-0.273	-0.06223383
725	A	-0.545	-0.04625654
726	A	-0.298	-0.03301704
727	T	0.200	-0.02304366
728	G	0.334	-0.002588211
729	T	0.350	-0.03379721
730	C	0.455	-0.03682282
731	T	0.517	-0.06693638
732	G	-0.330	-0.08085878
733	A	-0.243	-0.05203828
734	A	0.019	-0.005168778
735	C	-0.163	0.02005933
736	A	-0.333	0.009576383
737	A	-0.176	-0.02512145
738	T	-0.431	-0.05819484
739	A	-0.412	-0.05645384
740	A	-0.165	-0.06192867
741	C	0.042	-0.02268428
742	T	0.244	0.01534349
743	G	0.298	0.0105295
744	T	0.155	0.01891138
745	T	0.011	0.01742132
746	T	-0.290	0.03045961
747	G	-0.245	0.06101206
748	T	0.487	0.09506278
749	C	0.418	0.1203087
750	T	0.375	0.1262499
751	C	0.441	0.1181115
752	T	-0.067	0.1045137
753	G	-0.012	0.1052053
754	A	-0.360	0.102694
755	A	0.058	0.1018034
756	G	0.118	0.1034226
757	G	0.200	0.1019564
758	C	0.288	0.1025532
759	C	0.149	0.09672174
760	A	0.098	0.07110326
761	C	0.053	0.05838341
762	A	0.168	0.04457203
763	T	-0.033	0.04070537
764	A	-0.306	0.01523702
765	G	-0.216	-0.01914903
766	T	0.460	-0.05454553
767	C	0.429	-0.04613237
768	C	0.270	-0.03369676
769	A	-0.019	-0.05291761
770	G	-0.296	-0.05273277
771	T	-0.261	-0.03324743
772	A	-0.429	-0.02336507
773	A	-0.400	-0.03051257
774	A	-0.500	-0.02438413
775	A	-0.436	-0.07072724
776	C	0.440	-0.0917924
777	G	0.372	-0.130987
778	T	-0.247	-0.1175816
779	G	0.056	-0.07582531
780	A	0.518	-0.05246108
781	C	0.144	-0.02420794
782	A	-0.435	0.001741467
783	T	-0.105	0.001224578
784	T	-0.373	0.003124689
785	G	0.050	-0.03454553
786	A	-0.435	-0.06255598
787	C	0.221	-0.04751028
788	C	0.455	-0.03853925
789	C	0.159	-0.06003969
790	A	0.078	-0.07538769
791	T	0.067	-0.03617825
792	T	-0.509	-0.009961861
793	T	-0.402	0.009711211
794	C	-0.237	0.009762017
795	A	-0.131	0.01204241
796	G	0.023	-0.02738548
797	A	0.218	-0.05267276
798	T	0.131	-0.03832932
799	G	-0.132	-0.02065924
800	A	0.270	-0.01769076
801	C	0.366	0.005928033
802	T	-0.019	0.03550887
803	T	0.051	0.03561687
804	T	-0.393	0.06926526
805	G	-0.488	0.09213956
806	A	0	0.08705439
 807	C	0.417	0.07216951
808	C	0.396	0.06944551
809	C	0.120	0.05120609
810	G	-0.084	0.004987478
811	A	0.130	-0.01645598
812	C	-0.235	-0.04536329
813	T	0.474	-0.03961824
814	T	0.434	-0.03665035
815	G	0.126	-0.03936966
816	T	-0.136	-0.08489582
817	G	-0.181	-0.09602849
818	A	-0.057	-0.08097027
819	A	-0.465	-0.05146983
820	A	-0.405	-0.03341778
821	T	-0.468	-0.04318011
822	A	-0.290	-0.07831017
823	T	-0.434	-0.09497589
824	T	-0.048	-0.08746411
825	A	-0.401	-0.09041267
826	A	0.196	-0.09836244
827	C	0.391	-0.1127667
828	C	0.446	-0.09724014
829	T	0.455	-0.08703292
830	T	-0.411	-0.04333519
831	G	-0.157	-0.02869683
832	A	0.134	-0.01794783
833	C	0.261	-0.0007255833
834	A	-0.189	0.01193353
835	T	-0.324	0.01113508
836	T	-0.317	0.00835875
837	A	-0.186	0.004436028
838	T	-0.221	-0.01273458
839	T	0.317	0.03692881
840	G	-0.027	0.06216831
841	A	-0.241	0.05357284
842	G	0.261	0.04836073
843	G	-0.174	0.03288973
844	T	0.182	0.05278229
845	A	0.341	0.07039585
846	C	0.376	0.1033872
847	A	0.146	0.1385583
848	G	0.482	0.1447697
849	C	0.296	0.1727154
850	A	-0.019	0.205609
851	C	0.168	0.1802704
852	A	-0.467	0.1598754
853	T	0.033	0.1349413
854	T	0	0.1234922
 855	C	0.407	0.09522116
856	T	0.411	0.09719093
857	C	0.429	0.09117921
858	C	0.475	0.0978456
859	C	0.350	0.1220542
860	A	-0.195	0.1279202
861	C	-0.541	0.1767001
862	T	-0.266	0.1990737
863	G	0.135	0.1844481
864	A	-0.132	0.1572934
865	G	0.181	0.1561753
866	G	0.374	0.1577153
867	G	0.416	0.1564949
868	C	0.415	0.162598
869	C	0.273	0.1969687
870	A	0.410	0.2543537
871	C	0.436	0.2964789
872	T	-0.263	0.2856502
873	A	-0.081	0.2652421
874	C	0.391	0.2339252
875	C	0.457	0.2045943
876	C	0.453	0.1938224
877	A	0.460	0.154216
878	C	0.423	0.1258437
879	T	0.491	0.1070827
880	C	0.491	0.1075003
881	T	-0.059	0.1475161
882	A	-0.500	0.1640021
883	A	-0.381	0.1467221
884	C	-0.153	0.1025021
885	G	0.222	0.05837445
886	A	-0.296	0.0353682
887	T	-0.237	-0.01052169
888	A	0.072	-0.04304363
889	C	0.443	-0.06196719
890	T	0.457	-0.08312151
891	C	0.215	-0.04959406
892	T	0.080	-0.00401645
893	G	-0.338	0.01300344
894	A	-0.340	-0.02524601
895	A	0.046	-0.006183544
896	T	-0.402	0.01752673
897	C	-0.093	0.006832544
898	A	0.150	0.005581378
899	A	-0.440	-0.02064101
900	T	0.103	-0.06199651
901	C	0.438	-0.08874184
902	C	0.152	-0.09525757
903	A	-0.466	-0.1027582
904	A	0.046	-0.1279215
905	G	0.189	-0.1301647
906	T	-0.119	-0.1327085
907	C	0.421	-0.1410905
908	G	-0.014	-0.09710332
909	A	-0.529	-0.1130509
910	A	-0.401	-0.113889
911	G	-0.456	-0.09893126
912	A	-0.475	-0.05564209
913	A	-0.406	-0.0358905
914	A	-0.442	-0.03236844
915	A	-0.139	-0.04052456
916	C	0	-0.08827572
 917	T	0.351	-0.10625
918	T	-0.183	-0.09948611
919	G	0.423	-0.1067253
920	C	0.421	-0.1042206
921	C	0.313	-0.05554489
922	C	0.401	-0.02849417
923	A	0.253	0.007911833
924	G	-0.266	0.01684537
925	A	-0.438	0.0369007
926	A	-0.338	0.01949336
927	A	-0.407	0.04219758
928	A	-0.531	0.01626521
929	A	-0.411	0.01938054
930	C	0.400	0.008302817
931	A	0.080	-0.01189063
932	C	0.212	-0.01362497
933	A	0.021	-0.005523022
934	C	0.360	0.02563159
935	A	0.038	0.06759692
936	T	0.224	0.1137442
937	G	-0.043	0.1478857
938	C	0.477	0.1906198
939	G	0.113	0.1808165
940	A	0.038	0.1993703
941	C	0.221	0.2108678
942	T	-0.120	0.2312584
943	T	0.122	0.2340692
944	C	0.416	0.2564162
945	C	0.423	0.270505
946	A	0.083	0.2866237
947	G	0.358	0.2353144
948	G	0.224	0.2042879
949	T	0.414	0.1737678
950	C	0.419	0.1442665
951	C	0.388	0.139085
952	T	0.411	0.1189319
953	C	0.440	0.0843532
954	C	0.478	0.05457559
955	T	0.246	0.02539906
956	T	-0.445	0.004616522
957	G	-0.444	-0.004224744
958	A	-0.511	-0.02724752
959	A	-0.309	-0.05303111
960	A	-0.214	-0.05837117
961	G	-0.240	-0.1061706
962	G	-0.205	-0.1504919
963	A	-0.112	-0.1760852
964	G	-0.441	-0.1928
965	T	-0.015	-0.1778813
966	C	0.065	-0.1465462
967	A	0	-0.102166
 968	A	-0.044	-0.1068797
969	G	0.292	-0.1150322
970	G	-0.448	-0.1217812
971	G	-0.357	-0.1313759
972	A	0.017	-0.147816
973	A	-0.054	-0.1478226
974	G	-0.177	-0.1670582
975	A	0.119	-0.1706829
976	T	0.287	-0.1882249
977	G	-0.393	-0.1867431
978	A	-0.360	-0.2013512
979	A	-0.361	-0.1521555
980	G	-0.378	-0.1107518
981	A	-0.408	-0.09064543
982	A	-0.442	-0.07572226
983	T	-0.362	-0.04128448
984	T	0	-0.06979987
 985	T	-0.315	-0.06070971
986	T	-0.017	-0.03188932
987	G	0.029	-0.03223109
988	C	0.436	-0.008810661
989	T	0.387	0.02205417
990	T	0.379	0.05360717
991	C	0.214	0.07816701
992	T	0.442	0.07723939
993	T	-0.393	0.05458251
994	T	0.451	0.05383162
995	C	0.124	0.03105562
996	A	-0.366	0.02066543
997	A	0.060	-0.02106234
998	C	0.177	-0.02617179
999	C	0.159	-0.02010751
1000	A	0	-0.01086679
 1001	T	-0.378	-0.05204601
1002	A	-0.407	-0.01550362
1003	A	-0.329	-0.01657918
1004	A	-0.427	-0.0034744
1005	T	-0.157	0.02754516
1006	A	-0.314	0.009367
1007	C	0.295	-0.02353628
1008	T	0.488	-0.06207061
1009	A	0.380	-0.07422
1010	G	-0.298	-0.03700689
1011	T	0.263	0.004831056
1012	T	0.431	0.04737756
1013	T	0.360	0.09215122
1014	C	0.191	0.08811878
1015	T	-0.267	0.09640111
1016	T	-0.414	-
1017	T	-0.534	-
1018	T	-0.218	-
1019	C	0.290	-
1020	C	0.345	-
1021	C	0.436	-
1022	C	0.378	-
1023	A	-0.230	-
1024	A	-0.165	-
