1	A	-0.481	-
2	G	-0.263	-
3	T	-0.043	-
4	T	0.077	-
5	C	0.152	-
6	T	-0.078	-
7	G	-0.238	-0.1194572
8	A	-0.224	-0.08077878
9	T	-0.263	-0.02189609
10	G	-0.391	-0.02648462
11	A	-0.156	-0.06170169
12	A	-0.035	-0.07345523
13	C	0.392	-0.06270908
14	G	0.021	-0.01266362
15	C	0.501	0.04010107
16	T	-0.103	0.06035938
17	A	-0.380	0.05689968
18	A	0	0.03844007
 19	C	0.061	0.03260461
20	C	0.412	-0.01949355
21	A	0.461	-0.005893531
22	G	0	-0.06535915
 23	T	-0.436	-0.09349545
24	A	-0.396	-0.08331368
25	G	-0.111	-0.1227245
26	A	-0.284	-0.1302449
27	C	0.198	-0.1217753
28	G	-0.271	-0.1235206
29	G	-0.468	-0.1007574
30	T	-0.248	-0.03870442
31	A	-0.512	-0.03571311
32	A	-0.036	-0.004489569
33	C	0.522	-0.005107262
34	C	0.439	-0.03762557
35	A	0.295	0.003602969
36	C	0.370	0.04510538
37	A	-0.357	0.05790026
38	G	0.294	0.112375
39	T	-0.292	0.1431347
40	G	-0.224	0.1380432
41	A	0.264	0.1219939
42	T	0.070	0.1163295
43	T	-0.082	0.1026591
44	G	0.195	0.1546536
45	G	0.363	0.1617878
46	C	0.456	0.193291
47	A	0.230	0.1790174
48	G	0.222	0.1550984
49	A	0.192	0.1254522
50	G	0.318	0.1357861
51	C	0.387	0.1459714
52	T	0.117	0.1013
53	T	-0.410	0.0884422
54	G	-0.046	0.0746723
55	G	-0.314	0.0382813
56	A	0.052	0.01467768
57	C	0.328	-0.002844954
58	G	-0.217	-0.01515418
59	C	0.289	0.01339382
60	C	0.051	0.03652674
61	A	-0.250	0.001156831
62	A	-0.113	0.02226374
63	G	0.090	0.03267068
64	T	0.227	0.03825537
65	C	0.488	0.08548152
66	T	-0.109	0.08778652
67	A	-0.506	0.1177081
68	A	-0.040	0.1436917
69	C	0.187	0.1674069
70	C	0.400	0.1853822
71	T	0.396	0.1274885
72	G	0.319	0.09110281
73	C	0.440	0.1242499
74	T	0.086	0.1857117
75	C	0.194	0.2064631
76	T	0.324	0.180418
77	G	-0.525	0.1194742
78	A	0.015	0.1057302
79	G	0.321	0.0962299
80	C	0.292	0.08414698
81	T	0.229	0.09598845
82	G	-0.151	0.1132385
83	A	-0.391	0.1196158
84	T	0.217	0.1972109
85	G	0.195	0.2042308
86	T	0.283	0.2098108
87	G	0.240	0.1975946
88	C	0.418	0.1990512
89	A	0.407	0.1967019
90	C	0.483	0.2592134
91	T	0.106	0.2749068
92	G	0.394	0.2873928
93	T	0.133	0.2818578
94	T	0.248	0.2976049
95	G	-0.181	0.3051708
96	G	0.421	0.2417327
97	C	0.421	0.190272
98	T	0.357	0.1914958
99	C	0.211	0.1508322
100	C	0.445	0.1613973
101	T	0.516	0.1503136
102	G	-0.417	0.1923562
103	T	-0.185	0.1754045
104	T	0.122	0.1229818
105	G	-0.134	0.06465177
106	T	0.271	0.03151831
107	G	0.104	0.02337492
108	C	0.364	-0.009803869
109	T	0.200	0.04010975
110	G	-0.259	0.07161382
111	C	-0.400	0.07944452
112	A	-0.219	0.1241243
113	C	0.339	0.1182976
114	A	0.085	0.1422231
115	G	0.231	0.1522347
116	G	0.224	0.1768978
117	C	0.224	0.1803466
118	C	0.446	0.2045525
119	T	0.195	0.204192
120	C	0.415	0.1504753
121	C	0.495	0.1040552
122	G	0.521	0.07017527
123	T	-0.214	0.08613873
124	A	-0.085	0.05109042
125	C	-0.224	0.009386185
126	A	-0.358	-0.02559882
127	A	-0.517	-0.0379002
128	A	-0.208	-0.06203066
129	C	0.431	-0.08016635
130	G	-0.231	-0.06364897
131	G	-0.095	-0.05705755
132	A	-0.259	-0.06447947
133	A	0.255	-0.05249401
134	C	0.181	-0.02553693
135	T	0.285	0.01839315
136	C	0	0.005762531
 137	A	0	0.0086713
 138	A	-0.320	0.0007235385
139	G	-0.202	-0.01779746
140	A	-0.167	-0.02002946
141	G	0.362	-0.03398246
142	C	0.267	-0.02014308
143	A	-0.193	0.002182231
144	T	-0.199	0.02858731
145	A	-0.500	0.05564365
146	C	0.226	0.1114628
147	A	0	0.1290019
 148	C	0.465	0.08471671
149	C	0.290	0.09642509
150	A	0.343	0.1180068
151	C	0.031	0.1630247
152	T	0.522	0.2261324
153	C	0.060	0.1990986
154	A	-0.213	0.23167
155	T	0.419	0.1978719
156	C	0.086	0.2104568
157	T	0.386	0.1753438
158	C	0.320	0.1776809
159	T	-0.125	0.16879
160	G	0.423	0.1553342
161	C	0.026	0.1631003
162	T	0.453	0.1172978
163	A	-0.113	0.1033556
164	G	0.061	0.06904828
165	T	0.407	0.04538639
166	G	-0.114	0.09014293
167	G	-0.112	0.09026508
168	A	-0.175	0.1220509
169	T	-0.094	0.1154606
170	C	-0.059	0.1217649
171	A	0.012	0.09047631
172	C	0.456	0.03625438
173	C	0.425	0.03301808
174	T	0.439	0.05640215
175	C	0.368	0.095075
176	T	-0.031	0.1193528
177	G	-0.345	0.1611116
178	A	-0.297	0.1741435
179	A	-0.156	0.1577312
180	C	0.191	0.1489283
181	G	0.326	0.1183811
182	C	0.221	0.09560674
183	T	0.482	0.09297136
184	G	0.182	0.1325173
185	T	0.243	0.1852607
186	C	0.310	0.2269364
187	T	0.042	0.2086109
188	G	0.072	0.1953004
189	C	-0.065	0.2079965
190	G	0.168	0.1945968
191	C	0.388	0.1894748
192	T	0.385	0.1999752
193	G	-0.046	0.1533566
194	G	0.153	0.1355654
195	G	0.386	0.1446833
196	C	0.308	0.1336879
197	T	0.115	0.1436517
198	G	0.379	0.08136962
199	A	-0.295	0.0649037
200	G	-0.188	0.1024703
201	G	0.190	0.1252878
202	A	-0.208	0.07271185
203	T	0.298	0.01502508
204	G	-0.421	-0.005947
205	C	0.171	-0.06019754
206	T	0.441	-0.001075615
207	C	0.450	0.01345846
208	A	-0.297	0.009735385
209	T	-0.441	-0.012833
210	T	-0.157	-0.05136954
211	A	-0.325	-0.05239362
212	C	0.473	-0.07665392
213	T	0	-0.1005947
 214	G	0.142	-0.1246928
215	A	-0.501	-0.1121458
216	A	-0.202	-0.06249538
217	G	-0.434	-0.03497177
218	T	-0.144	-0.02182708
219	T	0.130	-0.02501085
220	C	0.137	-0.01286938
221	A	-0.134	0.01315138
222	A	0.204	0.087897
223	G	0.200	0.06712615
224	G	-0.154	0.09209023
225	T	0.431	0.1139026
226	T	0.157	0.1324752
227	C	0.480	0.1358094
228	T	0.469	0.1596219
229	T	-0.472	0.1198458
230	A	-0.110	0.1044035
231	C	0.139	0.1355295
232	T	0.372	0.1361698
233	G	0.180	0.1330639
234	A	0.175	0.1306607
235	T	-0.312	0.1069185
236	G	0	0.1309208
 237	T	0.250	0.1199815
238	C	0.440	0.09761708
239	A	0.117	0.03983646
240	C	0.449	-0.003842385
241	T	0.161	-0.04036731
242	G	-0.160	-0.04212815
243	G	-0.252	-0.02380331
244	A	-0.151	-0.02530331
245	A	-0.379	-0.05798594
246	A	-0.387	-0.03040625
247	A	-0.299	-0.03690571
248	T	-0.335	-0.02388755
249	T	0.238	0.02198337
250	T	0.230	0.05288491
251	G	0.015	0.07375622
252	T	0.475	0.1206614
253	C	0.364	0.1843347
254	T	0.330	0.2252734
255	C	0.435	0.2707575
256	T	0.149	0.2395154
257	G	0.120	0.1908481
258	C	0.230	0.1539048
259	T	0.440	0.08423677
260	C	0.232	0.02513715
261	T	0.255	-0.03958315
262	G	-0.167	-0.08387246
263	A	-0.402	-0.06249969
264	G	-0.465	-0.08571215
265	A	-0.429	-0.07428331
266	A	-0.403	-0.1143289
267	A	-0.510	-0.1140608
268	T	-0.140	-0.137614
269	C	0.427	-0.08857404
270	A	-0.181	-0.05417196
271	C	0.379	-0.02724765
272	A	-0.080	0.02672081
273	G	0.236	0.03062696
274	G	-0.050	0.09142496
275	G	0.469	0.1382239
276	G	0.045	0.1444859
277	T	-0.115	0.1627481
278	T	0.271	0.1593993
279	A	-0.352	0.1617919
280	G	0.279	0.1559887
281	T	0.468	0.1728994
282	C	0.508	0.1329523
283	T	0.055	0.1136047
284	T	0.335	0.1524867
285	T	-0.049	0.1556422
286	G	0.160	0.2116318
287	T	0.169	0.1859908
288	G	-0.049	0.1629936
289	A	-0.206	0.1339071
290	C	0.390	0.1094528
291	T	0.312	0.06176835
292	C	0.375	0.07257401
293	G	-0.053	0.0507807
294	T	0.169	0.04902947
295	G	0.130	0.06792144
296	A	-0.262	0.09150713
297	G	-0.284	0.06613598
298	G	0.091	0.002487215
299	T	-0.122	0.001150138
300	G	0.146	-0.01228779
301	A	0.195	-0.002905023
302	C	0.100	-0.03786964
303	T	0.060	-0.0312981
304	A	-0.514	-0.04630348
305	C	0.357	-0.06211861
306	A	-0.228	-0.03925953
307	C	0.291	-0.01903592
308	T	-0.324	-1.568462e-05
309	A	-0.176	0.02666693
310	A	-0.479	0.01434385
311	C	-0.114	0.04251569
312	A	0.174	0.04209715
313	C	0.409	0.05068038
314	C	0.443	0.04396508
315	T	0.447	0.03553754
316	G	-0.099	0.02441731
317	G	-0.148	0.02732123
318	T	0.352	0.0008583077
319	G	-0.116	-0.05407346
320	T	0.204	-0.1189707
321	T	-0.433	-0.1751815
322	G	-0.321	-0.2181288
323	A	-0.441	-0.1890394
324	T	-0.458	-0.168774
325	A	-0.539	-0.1608226
326	A	-0.434	-0.1339678
327	G	-0.287	-0.1507132
328	A	-0.111	-0.1211673
329	T	0.278	-0.131659
330	G	0.115	-0.1275331
331	G	0.455	-0.1240003
332	C	0.232	-0.1103673
333	A	-0.013	-0.1080806
334	T	-0.049	-0.08121113
335	G	-0.457	-0.09373652
336	A	-0.387	-0.111586
337	A	-0.412	-0.08911518
338	A	-0.362	-0.09179595
339	A	-0.404	-0.09340164
340	C	0.061	-0.08476439
341	A	-0.274	-0.05240744
342	G	0.046	0.004226331
343	C	0.407	0.02025379
344	C	0.420	0.06270987
345	A	0.211	0.09602421
346	G	0.098	0.09368413
347	C	0.370	0.09813962
348	T	0.278	0.08894138
349	C	-0.179	0.08536497
350	T	0.139	0.03739128
351	G	0.071	0.03659528
352	G	-0.434	0.05452074
353	A	0.119	0.03450072
354	A	-0.393	0.01932611
355	G	0	0.02843457
 356	T	-0.216	0.07867688
357	C	0.410	0.04211426
358	G	0.444	0.04347353
359	T	-0.161	0.08002739
360	G	0.173	0.04711724
361	C	0.396	0.05453547
362	G	0.473	0.02131716
363	G	-0.335	0.06414132
364	A	0.088	0.01864093
365	G	0.040	0.02066162
366	T	-0.308	0.06161147
367	G	-0.297	0.07527516
368	A	-0.431	0.07767308
369	T	0.340	0.04311379
370	G	-0.181	0.04312233
371	G	0.470	-0.0007299692
372	C	0.370	-0.008074677
373	T	0.351	0.006256246
374	C	0.428	0.02565184
375	A	0.024	0.04566999
376	G	-0.335	-0.01415624
377	A	-0.481	-0.0349257
378	A	-0.055	-0.08874055
379	G	-0.121	-0.1462328
380	T	-0.045	-0.2132455
381	G	-0.171	-0.2365217
382	A	-0.437	-0.2099546
383	A	-0.451	-0.1594023
384	T	-0.229	-0.09162325
385	A	-0.376	-0.09041947
386	G	-0.519	-0.07675672
387	T	0.125	-0.04078362
388	G	0.369	0.007527223
389	C	0.321	0.05397522
390	T	0.399	0.09627218
391	T	-0.039	0.1382104
392	G	0.055	0.2044263
393	C	0.422	0.273545
394	T	0.456	0.2505654
395	G	0.166	0.1841274
396	C	0.098	0.1693836
397	T	0.316	0.150576
398	C	0.484	0.1228785
399	T	0.378	0.1070701
400	T	-0.173	0.03620473
401	T	-0.494	-0.03884073
402	C	0.129	-0.04385819
403	C	0.155	-0.02673177
404	A	-0.399	-0.03703515
405	A	-0.149	-0.03937846
406	G	-0.498	-0.07189165
407	G	-0.519	-0.09033942
408	A	0.101	-0.06666318
409	C	0.321	-0.07479403
410	C	0.182	-0.07007295
411	C	0.453	-0.04659558
412	G	-0.043	-0.0189695
413	A	-0.413	0.04764073
414	G	-0.186	0.06990073
415	A	0.024	0.02094858
416	T	0.216	-0.03323812
417	G	-0.094	-0.03082019
418	G	0.209	-0.07256745
419	G	0.367	-0.03460049
420	T	-0.229	0.03409558
421	T	-0.535	0.04441364
422	A	-0.382	0.07116587
423	C	0.213	0.07685979
424	C	-0.088	0.1198747
425	A	0.449	0.136429
426	G	0.480	0.1432199
427	C	-0.052	0.1435607
428	A	0.372	0.1517906
429	C	0.290	0.2106614
430	C	0.464	0.2252362
431	C	0.424	0.2626763
432	A	0.455	0.2575978
433	T	-0.225	0.2540837
434	G	-0.428	0.2811362
435	T	0.382	0.2438555
436	T	0.403	0.1966407
437	C	0.397	0.143515
438	T	0.383	0.116644
439	C	0.434	0.0911808
440	C	0.299	0.1146664
441	A	-0.112	0.160132
442	G	-0.323	0.111481
443	A	-0.225	0.09269105
444	T	0.075	0.09156928
445	C	0.124	0.09946743
446	A	0.079	0.09630889
447	C	0.162	0.09722266
448	A	-0.250	0.1242029
449	G	0.158	0.1714997
450	T	0.383	0.2273686
451	C	0.486	0.2079216
452	T	0.393	0.1741268
453	T	0.311	0.1517224
454	C	0.238	0.1615128
455	G	0.291	0.2110398
456	C	0.500	0.2308779
457	T	-0.177	0.2162566
458	A	-0.314	0.1944263
459	A	-0.211	0.1822414
460	C	0.290	0.1905092
461	T	0.393	0.1974605
462	C	0.416	0.1809195
463	C	0.193	0.173332
464	A	0.202	0.1937732
465	G	0.234	0.2060614
466	C	0.418	0.2151148
467	T	0.328	0.2077573
468	C	0.076	0.2104859
469	C	0.401	0.2007985
470	A	0.088	0.2061226
471	G	-0.155	0.1765239
472	G	-0.093	0.1286946
473	G	0.194	0.05607717
474	C	0.429	-0.007829908
475	T	0.290	0.01429449
476	T	0.262	0.001501569
477	C	-0.182	0.02737294
478	T	-0.386	0.06676086
479	A	-0.525	0.08992285
480	A	-0.502	0.1107262
481	C	0.364	0.04786777
482	C	0.235	0.02779354
483	C	0.424	-0.02616769
484	C	0.357	-0.003467538
485	C	0.207	0.049396
486	T	0.464	0.1218844
487	C	-0.387	0.1923283
488	T	0.029	0.1910456
489	T	-0.439	0.1982772
490	C	0.112	0.1981935
491	T	0.300	0.183812
492	G	0.417	0.1952753
493	G	0.413	0.1828363
494	C	0.347	0.2033198
495	C	0.329	0.2324671
496	T	0.423	0.2905725
497	C	0.170	0.3077263
498	C	0.356	0.3011855
499	A	0.303	0.2994123
500	T	-0.121	0.30451
501	G	0.408	0.3170999
502	G	0.316	0.2773169
503	T	0.335	0.2524932
504	A	0.215	0.2172614
505	C	0.394	0.2232629
506	C	0.479	0.2257566
507	T	0.511	0.2684132
508	T	-0.187	0.2588294
509	T	0.100	0.2321909
510	A	-0.287	0.1925472
511	C	0.434	0.1991867
512	T	0.335	0.1887007
513	C	0.432	0.1713402
514	A	0.284	0.1664748
515	T	-0.030	0.2166557
516	G	-0.179	0.1690255
517	T	0.301	0.183421
518	G	0.257	0.1467996
519	C	0.254	0.0864178
520	C	0.448	0.03692718
521	T	0.464	0.04190326
522	G	-0.518	0.0774966
523	A	-0.100	0.1220654
524	C	-0.041	0.1304454
525	A	-0.449	0.1477875
526	T	-0.210	0.1601236
527	C	0.348	0.1378278
528	C	0.432	0.1129452
529	T	0.399	0.1641244
530	C	0.410	0.1996511
531	C	0.483	0.1925382
532	C	0.414	0.2188262
533	A	0.158	0.2691257
534	C	0.141	0.2822887
535	A	0.146	0.2458458
536	C	0.361	0.1908767
537	A	-0.133	0.1421036
538	T	-0.107	0.1135721
539	A	0.443	0.07048152
540	C	0.519	0.02189628
541	T	-0.041	-0.02432233
542	T	-0.314	-0.07009395
543	A	-0.223	-0.1291556
544	A	0.112	-0.1525728
545	T	-0.145	-0.1625314
546	G	-0.473	-0.1723085
547	A	-0.459	-0.2536867
548	A	-0.448	-0.2816625
549	A	-0.406	-0.281574
550	A	-0.438	-0.3003047
551	A	-0.237	-0.3442391
552	T	0.316	-0.3688547
553	T	-0.537	-0.3532068
554	A	-0.404	-0.3506543
555	G	-0.313	-0.3514593
556	A	-0.467	-0.3081743
557	A	-0.458	-0.2380893
558	T	-0.465	-0.1983062
559	T	-0.269	-0.2073332
560	A	-0.426	-0.1586633
561	A	-0.458	-0.1547329
562	A	0.155	-0.1637519
563	T	0.472	-0.1643035
564	C	0.280	-0.1589968
565	T	0.198	-0.1485287
566	T	0.094	-0.1614616
567	T	-0.353	-0.158283
568	A	-0.430	-0.157866
569	A	-0.474	-0.2017376
570	T	-0.389	-0.2682946
571	A	-0.329	-0.3187952
572	A	-0.438	-0.3688989
573	T	-0.385	-0.4047592
574	A	-0.453	-0.4124041
575	A	-0.414	-0.4000726
576	T	-0.392	-0.375349
577	A	-0.376	-0.3711695
578	A	-0.452	-0.3509991
579	T	-0.371	-0.2851204
580	A	-0.453	-0.2219918
581	A	-0.270	-0.1557694
582	A	-0.152	-0.09257506
583	G	-0.335	-0.02819106
584	A	-0.067	-0.02715752
585	G	0.418	0.009386738
586	T	0.435	0.01501228
587	C	0.407	0.04788697
588	C	0.407	0.07561716
589	C	0.444	0.07517547
590	G	-0.362	0.1159267
591	G	0.022	0.1573387
592	A	-0.298	0.1101786
593	A	-0.025	0.03869692
594	G	0.089	-
595	A	-0.158	-
596	G	0.194	-
597	T	0.470	-
598	T	-0.194	-
599	T	-0.493	-
