1	A	-0.142	-
2	T	-0.217	-
3	T	0.165	-
4	T	-0.104	-
5	C	0.321	-
6	A	-0.167	-
7	C	0.468	-
8	A	0.040	-
9	C	0.471	-
10	C	0.405	-
11	A	0.084	-
12	G	0.216	-
13	A	0.282	-
14	C	0.324	-
15	T	0.432	-
16	C	0.372	0.1746748
17	T	0.370	0.1904771
18	G	-0.073	0.2019123
19	G	0.252	0.1961838
20	C	0.436	0.1920308
21	C	0.436	0.1939543
22	T	0.127	0.2116889
23	G	0.129	0.2056323
24	T	-0.231	0.1975591
25	G	0.321	0.1744926
26	G	0.142	0.1583805
27	G	0.433	0.1639569
28	G	0.107	0.1481984
29	A	-0.265	0.1261474
30	C	0.189	0.118312
31	A	0.083	0.09070016
32	C	0.347	0.07088458
33	T	0.137	0.04994955
34	G	-0.011	0.04875228
35	G	-0.233	0.02974215
36	A	0.380	0.02189331
37	C	0.381	0.01358889
38	C	0.280	0.01129747
39	A	-0.209	0.005842255
40	G	-0.243	-4.87129e-05
41	A	-0.093	-0.0134107
42	C	0.257	-0.01228296
43	A	-0.272	-0.03141909
44	G	-0.401	-0.02308661
45	A	0.081	-0.009886445
46	G	-0.422	-0.004486994
47	G	-0.241	-8.430968e-05
48	A	-0.278	-0.01575592
49	G	-0.110	-0.005766052
50	G	-0.336	0.007577687
51	A	0.193	0.02907556
52	G	0.179	0.03142814
53	G	0.056	0.01861664
54	G	-0.039	-0.003482071
55	A	-0.414	0.01218306
56	A	-0.092	0.03046786
57	T	0.177	0.02687636
58	T	-0.160	0.01599933
59	C	0.366	0.01491168
60	T	0.143	0.02785639
61	T	0.357	0.01892742
62	G	0.220	0.02254258
63	G	-0.138	0.01849678
64	C	0.447	0.0261908
65	T	0.401	0.01871609
66	G	0.432	0.01669064
67	C	0.453	-0.001924977
68	A	-0.015	-0.02267833
69	G	-0.404	-0.03545846
70	A	0.275	-0.01839263
71	C	0.323	0.01034359
72	A	-0.205	0.01695962
73	G	-0.079	0.0205682
74	A	-0.305	0.01175107
75	A	0	-0.01530651
 76	G	-0.194	-0.03399619
77	G	-0.310	-0.06172603
78	A	-0.367	-0.07368725
79	A	-0.040	-0.07358619
80	A	-0.342	-0.09110707
81	G	-0.399	-0.1180783
82	A	-0.384	-0.1489968
83	A	-0.464	-0.1782848
84	A	-0.339	-0.1646763
85	T	0.489	-0.1393102
86	C	0.476	-0.1550427
87	A	0.112	-0.1709588
88	A	0.288	-0.164337
89	G	-0.433	-0.1488907
90	A	-0.472	-0.1390251
91	A	-0.436	-0.1492087
92	A	-0.502	-0.158682
93	A	-0.150	-0.1565642
94	C	-0.134	-0.1415276
95	C	-0.096	-0.1274158
96	A	-0.434	-0.1012568
97	A	-0.525	-0.08386855
98	A	-0.454	-0.06650994
99	C	0.406	-0.04444326
100	C	0.382	-0.04126039
101	G	-0.211	-0.0703342
102	G	-0.170	-0.09989929
103	A	0	-0.1194567
 104	C	0.398	-0.1447874
105	A	0	-0.1351203
 106	G	-0.315	-0.1222389
107	A	-0.488	-0.09448444
108	A	-0.245	-0.0640856
109	T	0.098	-0.05337434
110	C	0.397	-0.06590879
111	T	0.468	-0.08040491
112	C	0.139	-0.05944817
113	A	0.154	-0.02982775
114	C	0.219	-0.002564135
115	T	-0.241	-0.01568278
116	A	-0.411	-0.03049172
117	A	-0.439	-0.009412142
118	G	-0.493	0.004414923
119	A	-0.496	0.01528773
120	A	-0.133	0.0037146
121	G	-0.073	-0.001642819
122	C	0.424	-0.006424981
123	C	0.439	0.004898535
124	C	0.181	0.02720957
125	A	-0.523	0.03821511
126	A	-0.545	0.01929046
127	G	0.215	-0.007391539
128	C	0.392	0.005254074
129	T	0.391	0.008587848
130	G	0	0.007876139
 131	G	-0.076	0.006151784
132	T	0.441	0.009482623
133	C	0.258	0.021618
134	T	0.337	0.02571291
135	C	0.040	0.03375155
136	A	-0.166	0.0347312
137	A	-0.463	0.04734112
138	A	-0.137	0.04274289
139	C	0.446	0.02922111
140	T	0.440	0.02856476
141	T	-0.189	0.05588818
142	G	-0.358	0.08759308
143	C	0.531	0.08756079
144	T	0.257	0.06614895
145	A	0.197	0.0590415
146	T	-0.294	0.06797573
147	G	-0.308	0.07860628
148	T	-0.063	0.0757196
149	A	-0.366	0.06381786
150	G	-0.247	0.03886799
151	A	-0.103	0.02274589
152	C	0.317	0.01425928
153	C	0.281	0.03880122
154	A	0.020	0.05908412
155	G	0.161	0.05842776
156	G	0.323	0.05910728
157	C	0.437	0.07182025
158	T	0.214	0.07843602
159	G	-0.271	0.06366778
160	G	0.170	0.04645133
161	C	0.276	0.03340043
162	C	0.252	0.02955643
163	T	0.352	0.04234698
164	G	-0.110	0.05769421
165	A	-0.436	0.08056741
166	A	-0.459	0.1027683
167	A	-0.429	0.1176622
168	C	0.296	0.12061
169	T	0.491	0.1188274
170	C	0.426	0.1223684
171	A	0.461	0.1321686
172	C	0.204	0.1359274
173	A	-0.153	0.1303687
174	G	0.073	0.1346586
175	A	-0.276	0.1481549
176	G	-0.206	0.1494942
177	A	-0.413	0.146761
178	T	0.088	0.1529935
179	C	0.412	0.1416356
180	C	0.342	0.1438485
181	A	0.441	0.166117
182	C	0.358	0.1950097
183	C	0.408	0.2212167
184	T	0.226	0.2256427
185	G	0.130	0.2245455
186	T	0.465	0.2194145
187	C	0.440	0.2068555
188	T	0.265	0.1840504
189	C	0.347	0.1900521
190	T	0.147	0.183981
191	G	0.212	0.19864
192	C	0.192	0.2164549
193	C	0.445	0.2436454
194	T	0	0.244078
 195	G	-0.041	0.2200349
196	T	0.253	0.2242981
197	C	0.435	0.2014193
198	T	0.383	0.1835774
199	C	0.434	0.1598635
200	C	0.457	0.1356345
201	C	0.266	0.113613
202	A	0.071	0.09193955
203	C	-0.502	0.08065038
204	G	0.032	0.07006847
205	T	-0.114	0.06172923
206	G	0.178	0.07068761
207	C	0.345	0.07850971
208	T	0.429	0.08529394
209	G	0.101	0.07263603
210	G	-0.333	0.08121051
211	G	0.474	0.09873267
212	A	-0.268	0.07889464
213	T	-0.194	0.05196013
214	T	-0.326	0.05415696
215	A	-0.524	0.04549906
216	A	-0.552	0.02443938
217	A	-0.206	0.002020545
218	G	0.090	0.01150612
219	G	-0.062	0.04165186
220	C	0.088	0.05432986
221	A	0.425	0.06393203
222	T	0.454	0.04127183
223	C	0.402	0.02923665
224	C	0.053	0.02336158
225	A	0.265	0.02464826
226	T	0.501	0.03722296
227	C	-0.361	0.01372686
228	A	-0.398	0.009839732
229	C	0.451	0.00106699
230	C	0.165	-0.001767461
231	A	-0.195	0.007037377
232	A	-0.428	0.01298125
233	G	0.365	0.01795843
234	C	0.432	0.02963943
235	C	0.425	0.04517135
236	C	0.183	0.05680075
237	A	-0.524	0.03407027
238	A	-0.027	0.004399655
239	C	0.247	-0.003568668
240	C	0.141	-0.01166195
241	T	0.056	-0.007716629
242	G	-0.253	-0.02558381
243	A	-0.388	-0.02001187
244	A	-0.466	-0.01235691
245	A	-0.414	-0.040716
246	T	-0.251	-0.05390107
247	A	-0.368	-0.06093197
248	T	-0.052	-0.03587645
249	C	0.452	-0.05914758
250	T	0.418	-0.07235047
251	C	0.449	-0.09468008
252	A	-0.279	-0.1134448
253	A	-0.464	-0.108485
254	T	0.155	-0.1150302
255	A	-0.197	-0.1272879
256	C	0.388	-0.1285243
257	T	-0.052	-0.1156287
258	G	-0.188	-0.107911
259	T	-0.161	-0.08934508
260	A	-0.427	-0.06152141
261	A	-0.243	-0.04816366
262	A	-0.413	-0.0309927
263	T	0.348	-0.003504794
264	A	-0.355	0.00327751
265	T	0.022	-0.01168854
266	G	-0.266	-0.04035951
267	A	-0.398	-0.05035886
268	A	-0.370	-0.03279222
269	T	-0.230	-0.005697187
270	G	-0.132	-0.001267381
271	C	0.103	0.01465355
272	C	0.456	0.006597394
273	A	-0.014	0.01388312
274	G	0.186	0.03433599
275	T	0.395	0.02765396
276	T	0	0.03108815
 277	C	0.280	0.02301138
278	C	0.484	0.03589038
279	T	0.157	0.0225223
280	T	-0.011	0.03643349
281	T	-0.470	0.04940183
282	G	0.139	0.06125531
283	C	0.264	0.06767392
284	A	0.374	0.07663379
285	G	0.292	0.06993998
286	C	0.296	0.05662282
287	T	0.138	0.0462315
288	T	0.173	0.0224503
289	T	0.445	0.02483269
290	G	-0.368	0.0307193
291	T	-0.321	0.02486414
292	G	-0.493	0.0323063
293	A	-0.014	0.0065043
294	C	-0.065	-0.01512093
295	A	0.075	-0.0262978
296	C	0.424	-0.03874255
297	T	0.100	-0.03584968
298	G	-0.199	-0.04747384
299	G	-0.092	-0.05154797
300	A	-0.438	-0.05830491
301	A	-0.545	-0.05694158
302	A	-0.218	-0.06085794
303	T	-0.280	-0.05563652
304	G	0.059	-0.05575249
305	C	0.369	-0.07263119
306	A	0.214	-0.04777074
307	T	0.230	-0.03026674
308	G	-0.519	-0.007658935
309	T	-0.186	0.009549003
310	T	-0.188	0.02585947
311	T	-0.397	0.02636051
312	T	-0.380	0.02665099
313	C	-0.220	0.0203262
314	T	0.138	0.03824059
315	T	0.165	0.04770589
316	C	0.335	0.07474366
317	C	0.174	0.1014664
318	C	0.300	0.1152343
319	T	0.169	0.1268061
320	T	-0.077	0.1079883
321	C	0.401	0.09525125
322	T	0.221	0.07317377
323	G	0.207	0.06173335
324	T	0.519	0.06773654
325	C	0.439	0.05844941
326	A	0.091	0.04979245
327	C	0.433	0.0590139
328	A	-0.095	0.08528138
329	T	0.355	0.1063092
330	G	0.200	0.1139599
331	C	0.400	0.1217936
332	C	0.282	0.1147824
333	A	0.207	0.1091474
334	C	0.077	0.1009371
335	A	-0.524	0.08490725
336	A	-0.025	0.07422961
337	G	-0.470	0.05565283
338	A	-0.123	0.06189899
339	G	-0.333	0.05766356
340	A	-0.474	0.04792333
341	T	-0.457	0.04153982
342	T	-0.111	0.03983084
343	C	0.433	0.03193587
344	C	0.431	0.03500714
345	C	0.375	0.01468627
346	C	0.408	0.01112289
347	T	0.117	0.004080861
348	C	0	0.009413765
 349	T	0.045	0.01521115
350	T	-0.327	0.01851336
351	G	-0.408	0.03575348
352	A	-0.174	0.04024828
353	T	0.414	0.05884476
354	C	0.076	0.07864525
355	T	0.217	0.09992989
356	G	0.242	0.1092899
357	G	0.038	0.108673
358	T	0.189	0.09881615
359	T	0	0.06758447
 360	T	-0.274	0.03922173
361	T	0.090	0.01251002
362	C	0.181	0.001219297
363	C	0.447	0.01111765
364	C	0.387	0.0253241
365	A	0.180	0.02909491
366	T	0.010	0.04312681
367	T	0.113	0.05948861
368	G	0.106	0.05898603
369	C	0.489	0.05043732
370	T	0.326	0.04701931
371	T	-0.184	0.05212234
372	T	-0.476	0.05900854
373	A	-0.417	0.07165625
374	A	-0.534	0.07133093
375	A	-0.448	0.07600009
376	T	-0.452	0.0996839
377	G	0.058	0.1055903
378	C	0.424	0.1111253
379	C	0.440	0.1088486
380	T	0.162	0.1089909
381	G	0.107	0.1192145
382	G	0.098	0.1346611
383	A	-0.189	0.1381041
384	C	0.149	0.1189091
385	A	-0.029	0.1118083
386	T	0.375	0.08794925
387	C	0.455	0.08980099
388	C	0.430	0.1104994
389	A	0.178	0.1370655
390	C	0.144	0.1612221
391	T	0.46	0.161676
392	G	0.273	0.1667077
393	T	0.353	0.156686
394	C	0.377	0.1477725
395	A	0.391	0.1402204
396	C	0.497	0.1456107
397	C	0.489	0.1443582
398	T	0.220	0.1353563
399	T	-0.488	0.1395829
400	A	0.269	0.121401
401	G	-0.412	0.1088337
402	G	-0.126	0.09091191
403	A	0.165	0.08212262
404	T	0.406	0.08201549
405	G	0.214	0.07537936
406	A	-0.434	0.06901137
407	G	-0.296	0.06879837
408	A	-0.252	0.07367288
409	T	0.148	0.05567056
410	G	0.206	0.03479795
411	C	0.329	0.02110662
412	A	0.069	-0.002653603
413	C	-0.180	-0.01781849
414	A	-0.058	-0.01936584
415	T	-0.413	0.01067309
416	T	-0.419	0.00527019
417	A	-0.180	0.02525245
418	A	0.183	0.04125871
419	C	0.426	0.04745867
420	C	-0.026	0.04757042
421	T	-0.052	0.05192451
422	A	0.453	0.06786369
423	C	0.424	0.07742114
424	A	-0.204	0.07703762
425	T	-0.269	0.08418878
426	T	-0.032	0.09228317
427	T	-0.239	0.08915733
428	T	0.019	0.08767145
429	G	0.172	0.0863787
430	C	0.442	0.08547406
431	T	0.102	0.1130644
432	C	0.206	0.1343311
433	T	0.369	0.1505426
434	G	0.357	0.1545036
435	C	0.409	0.1458652
436	C	0.349	0.1537526
437	T	0.059	0.1694007
438	T	0	0.1524794
 439	T	-0.264	0.1444649
440	C	0.369	0.1525972
441	C	0.457	0.1769115
442	C	0.232	0.1792536
443	T	0.022	0.1826812
444	A	-0.220	0.1703863
445	G	-0.086	0.1578404
446	T	0.441	0.1318831
447	G	0.239	0.1314859
448	C	0.322	0.1323813
449	C	0.305	0.1208133
450	C	0.159	0.1157477
451	T	0.217	0.1127921
452	T	0.432	0.1047529
453	C	-0.071	0.1139019
454	T	0.175	0.1184985
455	C	0.047	0.1329043
456	C	0.484	0.1340104
457	A	0.040	0.1329334
458	T	-0.133	0.1388656
459	T	-0.362	0.1455868
460	T	-0.216	0.1438886
461	G	-0.362	0.1595142
462	T	0.089	0.1583806
463	T	0.234	0.1624269
464	T	0.010	0.1614879
465	C	0.200	0.1592158
466	C	0.318	0.167646
467	A	0.100	0.1714305
468	C	0.343	0.1669216
469	A	0.142	0.1748759
470	G	0.182	0.1754248
471	C	0.404	0.1853384
472	C	0.423	0.1816822
473	C	0.416	0.1933277
474	T	0.231	0.2109321
475	G	-0.273	0.2332521
476	C	0.397	0.2354813
477	C	0.406	0.2488236
478	C	0.365	0.2573508
479	T	0.293	0.2598916
480	G	0.235	0.2688313
481	C	0.420	0.2703555
482	G	0.335	0.2684783
483	C	0.292	0.2789144
484	A	0.175	0.2837055
485	G	0.192	0.2925568
486	C	0.354	0.2998814
487	C	0.370	0.3001291
488	C	0.401	0.3017278
489	C	0.412	0.2924776
490	A	0.329	0.2759098
491	G	-0.147	0.2888889
492	G	0.051	0.2895319
493	G	0.354	0.2817726
494	C	0.313	0.2704222
495	T	0.288	0.2676604
496	G	0.247	0.2535649
497	C	0.259	0.247072
498	C	0.423	0.245881
499	T	0.492	0.235596
500	C	0.416	0.2328281
501	T	0.409	0.2222702
502	C	0.411	0.2264731
503	A	0.473	0.2166925
504	C	0.129	0.2104891
505	A	-0.282	0.1946629
506	C	0.129	0.1985156
507	T	0.417	0.2046222
508	C	0.165	0.1885905
509	A	0.013	0.1632959
510	G	0.207	0.1389933
511	G	-0.201	0.1177271
512	T	0.219	0.1104222
513	C	0.298	0.1068823
514	T	-0.026	0.09742347
515	G	0.089	0.08249464
516	A	-0.134	0.07795651
517	T	0.485	0.07012222
518	C	0.067	0.06704747
519	T	0.208	0.05783238
520	T	-0.077	0.06011567
521	C	0.449	0.08027209
522	A	0.042	0.07861066
523	T	-0.445	0.07694844
524	T	-0.429	0.07122988
525	T	-0.440	0.05788003
526	T	-0.371	0.05118528
527	T	0.021	0.07407938
528	T	0.150	0.07790738
529	T	0.130	0.05478441
530	T	0.029	0.0541804
531	T	0.276	0.03860094
532	C	0.166	0.02766719
533	T	0.316	-0.003784968
534	T	0.187	-0.02198818
535	C	0.200	-0.03402483
536	T	0.342	-0.0367492
537	T	0.077	-0.03669804
538	C	0.366	-0.03619065
539	T	-0.011	-0.032841
540	T	-0.400	-0.01793349
541	A	0	-0.003011694
 542	C	0.508	0.02054834
543	A	0.337	0.03245365
544	T	-0.418	0.03169877
545	T	-0.044	0.03097984
546	T	-0.393	0.04119223
547	T	-0.473	0.04224081
548	A	-0.489	0.04799629
549	A	-0.496	0.0479261
550	G	-0.164	0.05721774
551	T	-0.162	0.06386268
552	C	0.450	0.06386865
553	C	0.057	0.05598036
554	A	-0.341	0.04782643
555	A	0.032	0.05400643
556	T	0.022	0.07939011
557	C	0.359	0.0845402
558	A	0.390	0.07523288
559	C	0.126	0.07268078
560	A	0.108	0.09141982
561	C	0.345	0.09454318
562	T	0.308	0.1110455
563	G	0.344	0.1397832
564	T	0.314	0.1621505
565	C	0.475	0.1696057
566	C	0.406	0.1885892
567	A	0.342	0.206263
568	C	-0.166	0.1982565
569	A	0.113	0.196392
570	C	0.180	0.1917797
571	T	0.386	0.1916655
572	T	0.159	0.2003735
573	C	0.219	0.2021788
574	C	0.258	0.2032259
575	A	0.162	0.1991357
576	G	0.051	0.200061
577	C	0.118	0.2011491
578	T	0.417	0.2050969
579	T	0.203	0.200982
580	G	-0.265	0.199488
581	T	0.424	0.1882716
582	C	0.385	0.1897516
583	C	0.202	0.1611396
584	T	0	0.1709232
 585	T	-0.484	0.178106
586	T	0.028	0.1659061
587	C	0.292	0.1661687
588	C	0.415	0.1693187
589	T	0.422	0.1651439
590	C	0	0.1696104
 591	A	0.136	0.1784153
592	G	0.379	0.1781652
593	C	0.431	0.1695029
594	C	0.217	0.1586684
595	A	0.268	0.147117
596	C	0.128	0.1428183
597	C	0.452	0.1186363
598	A	-0.544	0.08999878
599	A	0.136	0.08827994
600	G	0.336	0.09534755
601	G	-0.197	0.1257348
602	A	0.394	0.135914
603	C	0.257	0.1370512
604	T	0.090	0.1269006
605	T	0.397	0.1245259
606	C	0.435	0.1387407
607	A	0.044	0.1442539
608	C	-0.150	0.1416658
609	A	0.081	0.1429378
610	C	-0.154	0.1373384
611	A	-0.398	0.1264166
612	A	-0.325	0.1282095
613	A	-0.502	0.1062819
614	T	0.149	0.1212355
615	C	0.219	0.1017497
616	C	0.457	0.08642257
617	T	0.344	0.08764535
618	G	0.327	0.06454993
619	T	0.100	0.04893361
620	G	0.349	0.05084116
621	T	0.440	0.05172484
622	C	0.307	0.03440555
623	C	0.299	0.04813588
624	C	0.470	0.04763243
625	T	0.043	0.04367326
626	T	-0.070	0.06355242
627	C	0.183	0.08725971
628	A	-0.227	0.1077886
629	T	-0.080	0.1069655
630	A	-0.467	0.08464065
631	T	-0.139	0.07288658
632	T	-0.160	0.04951926
633	G	-0.321	0.0395261
634	T	-0.226	0.03787272
635	T	0.149	0.03708095
636	C	0.424	0.03997288
637	A	-0.101	0.02178101
638	C	0.469	0.01645443
639	A	-0.165	0.002292335
640	G	-0.041	-0.002269697
641	C	0.461	0.0063399
642	C	0.335	-0.000721529
643	T	0.310	-0.001577852
644	A	-0.527	0.0002646323
645	A	-0.542	0.01758266
646	G	-0.145	0.04392201
647	G	-0.266	0.03371688
648	A	0.034	0.02942779
649	C	0.276	0.04901221
650	A	0.075	0.06000482
651	C	0.438	0.0503955
652	A	-0.123	0.04948711
653	G	0.142	0.05143773
654	A	-0.139	0.04591518
655	G	0.329	0.05534873
656	C	0.310	0.06354324
657	A	-0.289	0.04989986
658	G	0.157	0.04990312
659	C	-0.170	0.05092109
660	T	0.456	0.08069183
661	T	0.348	0.09962808
662	C	-0.455	0.1109071
663	T	-0.293	0.1206314
664	G	0.285	0.1283344
665	G	0.113	0.1228572
666	G	-0.148	0.1302077
667	A	0.396	0.1268095
668	G	-0.041	0.1373868
669	T	0.298	0.1387061
670	G	0.126	0.1523453
671	C	0.212	0.1470329
672	A	0.038	0.1380133
673	G	0.336	0.1612907
674	C	0.342	0.1628782
675	C	0.395	0.1698299
676	T	0.044	0.1654367
677	G	0.204	0.1569108
678	G	0.034	0.1696445
679	A	0.273	0.1835019
680	G	0.106	0.1821395
681	G	0.303	0.181844
682	C	0.333	0.1992679
683	C	0.204	0.2011752
684	A	0.183	0.2165018
685	C	0.283	0.2184038
686	A	0.164	0.2236526
687	G	0.031	0.2307272
688	C	0.432	0.238637
689	C	0.206	0.2380327
690	T	0.045	0.2322788
691	T	0.320	0.2344371
692	C	0.084	0.2387157
693	T	-0.060	0.241751
694	G	0.136	0.2429817
695	A	0.243	0.2406159
696	T	0.104	0.2277647
697	G	0.391	0.2011826
698	C	0.455	0.1837174
699	T	0.433	0.1881851
700	T	0.357	0.1964809
701	C	0.289	0.1811379
702	T	0.432	0.1800314
703	C	0.283	0.1820252
704	C	0.317	0.1765129
705	A	0.164	0.1620952
706	C	0.461	0.1756928
707	C	0.176	0.1613849
708	T	0.298	0.1528291
709	C	0.072	0.1501453
710	C	0.199	0.1374363
711	A	-0.291	0.1362111
712	A	-0.520	0.1463039
713	G	-0.207	0.144881
714	C	0.343	0.1430481
715	C	0.440	0.1421694
716	G	-0.192	0.1419412
717	T	0.130	0.138634
718	T	0.092	0.12987
719	G	0.261	0.1166835
720	C	-0.240	0.09241663
721	T	0.466	0.08465912
722	C	-0.123	0.0743378
723	A	-0.180	0.0730457
724	T	-0.143	0.07310857
725	G	-0.257	0.07911159
726	T	0.205	0.07990239
727	C	0.417	0.1049405
728	C	0.347	0.1118836
729	T	0.398	0.102171
730	G	0.406	0.08347891
731	C	0.350	0.07551843
732	C	0.186	0.08061829
733	T	0.160	0.07482808
734	T	-0.124	0.06187237
735	C	-0.434	0.0415526
736	A	-0.076	0.03495557
737	G	0.142	0.01035595
738	G	0.136	0.003626084
739	A	0.300	0.02257837
740	G	0.258	0.03523573
741	T	0.224	0.04242021
742	C	0.484	0.03397517
743	T	-0.305	0.03212836
744	A	-0.508	0.01754343
745	A	-0.236	-0.007330635
746	G	0.193	-0.03667635
747	T	-0.034	-0.04151983
748	G	-0.049	-0.03742496
749	A	-0.308	-0.04640457
750	G	-0.368	-0.04173078
751	A	-0.445	-0.03510204
752	A	-0.295	-0.0163203
753	A	-0.332	-0.02623566
754	C	0.406	-0.04108714
755	C	0.248	-0.06821172
756	A	-0.034	-0.09135905
757	C	-0.056	-0.09532756
758	T	0.360	-0.1265587
759	A	-0.104	-0.1038565
760	T	-0.372	-0.08259388
761	A	-0.503	-0.06124121
762	T	0.200	-0.05708766
763	T	0.313	-0.04141875
764	G	-0.117	-0.03091661
765	G	0.019	-0.03146335
766	A	-0.229	-0.01194822
767	T	0.505	0.005294084
768	C	-0.165	0.02103599
769	A	-0.323	0.03664279
770	A	-0.540	0.01628073
771	A	-0.458	0.02382908
772	G	0.101	0.03770086
773	A	-0.483	0.05028309
774	C	0.398	0.05146993
775	C	0.150	0.06508571
776	T	0.425	0.0795964
777	C	0.322	0.1100981
778	T	0.451	0.1173745
779	T	0.276	0.1180237
780	G	-0.325	0.1347719
781	T	0.236	0.1499484
782	T	0.089	0.1614402
783	C	0.192	0.1562002
784	T	0.151	0.1753018
785	G	-0.224	0.1886457
786	T	0.482	0.2000298
787	C	0.395	0.2298195
788	T	0.333	0.2405075
789	C	0.397	0.2625976
790	T	0.317	0.2635971
791	G	0.077	0.2697691
792	T	0.442	0.2685031
793	C	0.425	0.2670706
794	T	0.333	0.2632407
795	C	0.401	0.2599218
796	T	0.490	0.2808895
797	G	0.126	0.2865488
798	T	0.343	0.2900484
799	C	0.426	0.2959619
800	T	0.090	0.2976104
801	G	-0.187	0.3158845
802	T	0.464	0.3133641
803	C	0.432	0.3133061
804	T	0.200	0.3100726
805	C	0.429	0.3111012
806	T	0.341	0.3117741
807	C	0.386	0.3145543
808	T	0.278	0.3110981
809	C	0.332	0.3074108
810	T	0.173	0.2996668
811	C	0.324	0.2692633
812	T	0.411	0.2568321
813	C	0.197	0.2592985
814	T	0.375	0.2596695
815	C	0.202	0.2594198
816	C	0.342	0.2691087
817	T	0.404	0.2859686
818	C	0.393	0.2815639
819	T	0.233	0.2781882
820	C	0.429	0.2844772
821	T	0.338	0.2777175
822	C	0.163	0.2651974
823	T	0.335	0.2600793
824	C	0.311	0.2581551
825	C	0.093	0.2606153
826	A	-0.541	0.2684204
827	T	0.105	0.2699658
828	C	0.203	0.2648213
829	T	0.354	0.2719468
830	C	0.419	0.2653136
831	C	0.390	0.2672914
832	C	0.335	0.2700551
833	C	0.328	0.2533686
834	C	0.328	0.2451621
835	T	0.395	0.2315102
836	C	0.220	0.2166511
837	C	-0.046	0.2179554
838	A	0.227	0.2221484
839	C	0.218	0.2186063
840	C	0.408	0.2240617
841	C	0.415	0.23177
842	C	0.372	0.235985
843	C	0.252	0.2256496
844	T	0.418	0.2229623
845	C	0.170	0.2263334
846	C	0.264	0.2273519
847	T	0.427	0.2290741
848	C	-0.112	0.2343833
849	T	0.139	0.2379497
850	T	-0.189	0.2280012
851	C	-0.031	0.2293124
852	A	0.378	0.2232116
853	C	0.293	0.2232688
854	C	0.225	0.2043399
855	C	0.480	0.1897861
856	C	0.332	0.1633649
857	A	-0.410	0.162303
858	T	-0.215	0.1651103
859	G	0.119	0.1687248
860	T	0.459	0.1692382
861	C	0.450	0.1661805
862	T	0.443	0.1520631
863	C	0.499	0.13191
864	C	0.438	0.1308734
865	A	0.019	0.1389996
866	C	0.436	0.1446242
867	A	0.031	0.1440734
868	G	-0.044	0.140555
869	A	-0.359	0.145233
870	G	-0.232	0.1457726
871	A	-0.410	0.1306349
872	C	0.382	0.1064423
873	C	0.459	0.1201977
874	C	0.364	0.1360618
875	T	0.434	0.1453996
876	C	0.075	0.1444935
877	A	-0.173	0.1359348
878	G	-0.196	0.1340051
879	A	-0.145	0.1243901
880	G	0.391	0.1259416
881	T	-0.015	0.1379237
882	G	-0.048	0.1243888
883	T	0.269	0.1380647
884	C	0.438	0.1245362
885	C	0.242	0.1414786
886	A	0.011	0.1584152
887	G	-0.417	0.1879925
888	T	0.016	0.1868998
889	G	0.276	0.1698018
890	T	0.409	0.1490552
891	C	0.431	0.1292588
892	C	0.185	0.1332637
893	A	0.384	0.1518035
894	G	0.201	0.1642058
895	T	0.486	0.1721028
896	C	0.391	0.1676255
897	A	0.016	0.1581862
898	C	0.455	0.1536966
899	T	-0.464	0.152065
900	G	0.166	0.1513695
901	C	0.292	0.1488942
902	T	0.506	0.1578633
903	G	0.348	0.1802041
904	T	-0.070	0.1898804
905	T	-0.278	0.1902795
906	A	-0.179	0.1677749
907	C	0.199	0.1610593
908	T	0.401	0.1692914
909	G	0.187	0.1644709
910	G	0.099	0.1690626
911	A	0.252	0.1541933
912	G	-0.307	0.1448122
913	G	-0.187	0.1442677
914	C	0.219	0.1428002
915	T	0.417	0.1534007
916	T	0.165	0.1556531
917	C	0.289	0.1514398
918	C	0.275	0.1406185
919	C	0.315	0.1263786
920	A	0.288	0.1339564
921	G	-0.288	0.1573644
922	T	0.223	0.1547209
923	G	0.440	0.1308914
924	C	0.234	0.1041032
925	A	0.343	0.09645084
926	C	0.025	0.07955498
927	T	0.100	0.07641753
928	T	0	0.08918375
 929	C	0.409	0.09753902
930	A	-0.135	0.08977414
931	T	0.235	0.07977659
932	C	0.161	0.08946975
933	A	0.171	0.07616927
934	G	-0.092	0.05454559
935	A	0.164	0.05751269
936	C	0.446	0.06111172
937	T	-0.260	0.0756584
938	A	-0.539	0.06477259
939	A	-0.429	0.03436863
940	C	-0.049	0.02580741
941	A	-0.424	0.02112193
942	G	0.154	0.02108517
943	G	0.087	0.03056662
944	G	0.071	0.04151791
945	A	-0.021	0.0351334
946	C	0.107	0.0500942
947	T	0.466	0.04982991
948	G	-0.122	0.03671198
949	A	-0.395	0.03987995
950	C	0.407	0.04183264
951	C	0.400	0.03262338
952	C	0.162	0.03245945
953	T	-0.114	0.02508277
954	G	-0.502	0.02947651
955	A	-0.030	0.0424828
956	G	0.198	0.05652656
957	G	0.024	0.07918637
958	G	0.394	0.08525066
959	C	0.339	0.08596218
960	C	0.211	0.07822324
961	C	0.328	0.06406705
962	T	0.227	0.04365279
963	G	-0.244	0.01280766
964	A	0.269	0.001850819
965	G	-0.032	0.02506205
966	T	-0.121	0.02709056
967	T	0.441	0.02624911
968	T	-0.489	0.0348533
969	T	-0.403	0.05140088
970	G	-0.026	0.07632985
971	G	0.385	0.07597863
972	C	0.278	0.06162646
973	A	0.342	0.06578225
974	C	0.109	0.06734808
975	T	-0.168	0.07059434
976	A	-0.460	0.07432057
977	A	-0.525	0.07118683
978	A	-0.490	0.07730157
979	A	-0.462	0.0866468
980	G	0.324	0.08278809
981	C	0.470	0.0673266
982	C	0.374	0.06347876
983	T	0.429	0.03701292
984	C	0.398	0.05519031
985	G	0.270	0.08208718
986	C	-0.041	0.09618422
987	A	-0.246	0.0977108
988	G	0.153	0.1019443
989	C	0.442	0.09139029
990	C	0.440	0.07726345
991	G	0.327	0.07455197
992	G	0.231	0.1032965
993	C	0.417	0.1125157
994	T	0.044	0.1224836
995	C	0.149	0.1304517
996	A	-0.511	0.1065076
997	T	-0.240	0.07481116
998	C	-0.378	0.04559155
999	A	0.073	0.01865223
1000	T	0.430	0.004475442
1001	C	0.410	0.0100928
1002	C	0.433	0.02087969
1003	C	0.409	0.03781504
1004	C	0.015	0.04159536
1005	A	-0.328	0.02248946
1006	T	-0.252	0.01277533
1007	C	0.430	0.01401646
1008	A	-0.239	0.01990827
1009	C	-0.181	0.02048362
1010	A	-0.215	0.0234831
1011	G	-0.417	0.002975939
1012	A	-0.511	0.02606762
1013	A	-0.531	0.0399602
1014	A	-0.405	0.05987258
1015	G	-0.040	0.07006577
1016	C	0.444	0.04289071
1017	A	0.292	0.02217951
1018	C	0.278	0.02398564
1019	T	0.270	0.02556696
1020	G	-0.149	0.02306837
1021	T	0.138	0.01678292
1022	G	0.365	0.007443755
1023	C	0.413	-0.02200212
1024	C	0.435	-0.006070923
1025	T	0.137	0.01165624
1026	G	-0.485	0.0277905
1027	A	0.204	0.05243217
1028	G	0.190	0.08308166
1029	C	0.238	0.1151883
1030	T	0.389	0.1297141
1031	G	-0.411	0.1310293
1032	A	-0.231	0.1046226
1033	G	0.489	0.08473268
1034	C	0.458	0.07044584
1035	T	-0.061	0.05097568
1036	T	-0.522	0.05776696
1037	A	-0.542	0.0393856
1038	A	-0.482	0.02416631
1039	G	0.254	0.008223445
1040	G	0.368	0.001292961
1041	C	0.284	-0.007586168
1042	C	0.346	0.01062533
1043	C	0.438	0.007493235
1044	A	0.463	0.003927168
1045	C	0.044	-0.002285161
1046	A	0	-0.005602935
 1047	C	-0.373	0.01721371
1048	A	-0.323	0.02074123
1049	G	-0.164	0.0006820323
1050	A	-0.332	-0.03157261
1051	A	0.061	-0.04310141
1052	G	-0.430	-0.03888764
1053	G	-0.106	-0.0377219
1054	A	-0.080	-0.0167257
1055	A	0.220	-0.0281454
1056	G	-0.137	-0.03180343
1057	C	0.078	-0.0360513
1058	T	0.107	-0.03458501
1059	G	0.079	-0.03940134
1060	A	0.046	-0.0584024
1061	C	0.286	-0.06516747
1062	C	0.295	-0.05234254
1063	C	-0.121	-0.04223339
1064	A	-0.132	-0.04748946
1065	A	-0.541	-0.04682168
1066	A	-0.419	-0.02282494
1067	G	-0.392	-0.01093858
1068	A	-0.506	0.01733136
1069	G	0.168	0.03317091
1070	A	-0.099	0.04600923
1071	G	0.254	0.03008223
1072	C	0.153	0.02214845
1073	A	0.391	0.01271495
1074	G	0.289	0.008105345
1075	G	-0.125	-0.003932652
1076	A	-0.165	-0.0008577419
1077	C	0.397	0.003493065
1078	A	-0.060	0.007990581
1079	G	-0.486	0.02645584
1080	A	-0.143	0.04213023
1081	G	0.411	0.06629094
1082	C	0.429	0.09253242
1083	T	0.445	0.1167091
1084	C	0.384	0.1387665
1085	T	0.317	0.147408
1086	G	-0.273	0.1493542
1087	G	-0.383	0.1482137
1088	A	-0.213	0.1560775
1089	A	-0.035	0.1562974
1090	C	-0.293	0.1555809
1091	A	0.141	0.1627152
1092	C	0.421	0.1794971
1093	C	0.435	0.1811903
1094	T	0.450	0.1980644
1095	G	0.353	0.2089319
1096	G	0.207	0.2254666
1097	A	0.394	0.2054445
1098	C	0.357	0.2045329
1099	T	0.177	0.2025215
1100	C	0.436	0.2015282
1101	A	-0.039	0.2076081
1102	G	0.219	0.2257629
1103	C	0.396	0.242854
1104	C	0.398	0.2632049
1105	C	0.266	0.2589838
1106	C	0.095	0.263666
1107	G	0.355	0.264572
1108	T	0.450	0.2637006
1109	C	0.462	0.2634922
1110	T	-0.149	0.2605129
1111	G	0.369	0.2601692
1112	C	-0.209	0.2617999
1113	A	0.401	0.2614762
1114	G	0.383	0.2641637
1115	C	0.354	0.2691743
1116	C	0.505	0.268942
1117	C	0.289	0.2845901
1118	A	0.146	0.2910838
1119	C	0.417	0.2886564
1120	A	-0.166	0.2867406
1121	G	-0.148	0.2917431
1122	G	0.169	0.3016062
1123	C	0.394	0.2979108
1124	C	0.428	0.2948951
1125	C	0.358	0.2805898
1126	A	0.342	0.270749
1127	G	0.258	0.2464127
1128	G	0.384	0.2472487
1129	C	0.440	0.2209558
1130	T	0.333	0.1995881
1131	C	0.429	0.1933375
1132	C	0.445	0.1835051
1133	C	0.420	0.177191
1134	T	0.321	0.1660549
1135	C	0.338	0.142547
1136	C	0.421	0.1561138
1137	T	0.401	0.1714968
1138	C	0.240	0.1714137
1139	C	0.356	0.1628118
1140	A	0.019	0.1477789
1141	G	-0.454	0.1419638
1142	A	-0.385	0.1409411
1143	A	-0.183	0.1326078
1144	G	-0.413	0.1347698
1145	T	-0.279	0.1257791
1146	T	0.160	0.1115156
1147	C	0.201	0.08853574
1148	A	0.093	0.06708823
1149	T	-0.198	0.06280945
1150	G	-0.311	0.04510119
1151	G	0.253	0.02738671
1152	G	0.328	-0.003485065
1153	A	0.166	-0.03045542
1154	C	0.128	-0.04416361
1155	A	-0.037	-0.04221374
1156	C	0.178	-0.03141027
1157	C	0.310	-0.007054913
1158	A	0	0.02075615
 1159	C	0.451	0.01312076
1160	T	0.161	0.0204338
1161	T	-0.109	0.01831925
1162	A	-0.283	0.001625281
1163	A	-0.219	0.003805442
1164	T	0.288	0.001296242
1165	T	-0.227	-0.002874306
1166	T	-0.210	0.008700484
1167	A	-0.535	-0.01011068
1168	A	-0.434	-0.02601542
1169	G	-0.184	-0.02181619
1170	C	0.417	-0.01249806
1171	C	0.354	0.001581155
1172	C	0.300	0.001588413
1173	T	0.476	-0.002079555
1174	T	-0.420	0.01098819
1175	T	-0.187	0.008793413
1176	T	-0.344	-0.00230849
1177	G	-0.357	-0.001888974
1178	T	0.268	0.01110519
1179	A	0.015	0.009432477
1180	A	-0.328	-0.006147426
1181	C	0.047	-0.006857748
1182	G	-0.329	0.01111257
1183	T	-0.164	0.04238999
1184	T	0.297	0.06876596
1185	C	0.417	0.0873928
1186	C	0.399	0.08671393
1187	T	0.178	0.08864315
1188	G	0.197	0.09334493
1189	C	0.405	0.08506883
1190	T	0.383	0.1151046
1191	C	-0.182	0.1338534
1192	A	-0.096	0.1357744
1193	G	0.119	0.135354
1194	T	-0.271	0.1149157
1195	G	-0.194	0.1116926
1196	A	-0.249	0.1198885
1197	C	0.346	0.1310677
1198	C	0.434	0.1568731
1199	T	0.383	0.1698683
1200	C	0.393	0.1507572
1201	C	0.395	0.1419233
1202	C	0.414	0.1215493
1203	T	0.445	0.1098353
1204	C	0.220	0.1112233
1205	C	0.510	0.1066321
1206	T	0.394	0.08804839
1207	T	-0.285	0.08395252
1208	T	-0.370	0.07936655
1209	A	-0.364	0.06150203
1210	T	-0.084	0.06227258
1211	T	-0.073	0.06314303
1212	C	0.393	0.07795061
1213	C	0.470	0.0653343
1214	T	0.238	0.05400551
1215	G	-0.295	0.05274484
1216	T	0.143	0.03149455
1217	G	-0.232	0.02583022
1218	G	-0.184	0.0003906419
1219	T	0.240	-0.01960416
1220	G	0.262	-0.04125862
1221	G	-0.192	-0.0477922
1222	A	-0.309	-0.07448871
1223	A	-0.238	-0.05775468
1224	G	-0.434	-0.04274743
1225	G	-0.247	-0.01880888
1226	A	-0.167	-0.01445204
1227	T	0.209	-0.006434829
1228	G	-0.044	-0.02915212
1229	G	0.083	-0.03154293
1230	G	0.344	-0.02965728
1231	T	-0.265	-0.01448622
1232	G	0.220	-0.004420216
1233	A	-0.374	0.01755891
1234	G	-0.174	0.03750504
1235	A	-0.450	0.03109082
1236	T	0.308	0.02633317
1237	G	-0.433	0.04123765
1238	T	0.233	0.06206462
1239	G	0.094	0.06975236
1240	G	0.377	0.08902969
1241	T	0.050	0.1040861
1242	G	0.174	0.1223869
1243	A	-0.310	0.1264268
1244	C	0.396	0.1356972
1245	T	0.296	0.1381655
1246	G	0.174	0.1364064
1247	T	0.455	0.1546972
1248	C	0.448	0.1462186
1249	A	0.433	0.1431661
1250	T	0.041	0.1439559
1251	T	0.115	0.1522141
1252	C	0.269	0.1271896
1253	T	0.336	0.1528086
1254	C	0	0.1299092
 1255	A	0.163	0.1232455
1256	T	0.219	0.113526
1257	C	0.399	0.1249049
1258	C	0.334	0.1163461
1259	A	0.243	0.1286502
1260	C	0.159	0.1033187
1261	C	0.289	0.08127158
1262	A	0.301	0.05984445
1263	T	-0.042	0.03141742
1264	G	-0.469	0.00149061
1265	A	-0.149	-0.01958368
1266	C	-0.194	-0.02276843
1267	A	-0.467	-0.01191543
1268	T	0.360	-0.009162529
1269	T	-0.476	-0.006436045
1270	G	-0.111	0.005921019
1271	A	0.075	0.01410502
1272	G	0.403	0.01977808
1273	C	-0.090	0.01351786
1274	A	0.070	-0.007429884
1275	G	-0.388	-0.03087598
1276	A	-0.386	-0.0528733
1277	A	-0.489	-0.07421653
1278	A	-0.426	-0.08009508
1279	A	-0.478	-0.08175216
1280	A	-0.219	-0.06047491
1281	T	-0.057	-0.0711182
1282	C	0.451	-0.06847452
1283	C	0.354	-0.06332533
1284	T	0.420	-0.07142975
1285	T	0.383	-0.05451348
1286	C	0.417	-0.04206374
1287	C	0.395	-0.03578608
1288	T	0.205	-0.03463405
1289	C	-0.314	-0.02436537
1290	A	-0.483	-0.02231263
1291	A	-0.522	-0.01800231
1292	A	-0.371	0.01047979
1293	G	0.119	0.03927331
1294	C	-0.093	0.06614021
1295	G	0.190	0.07871895
1296	A	-0.479	0.0936644
1297	A	-0.112	0.108673
1298	G	-0.308	0.08678595
1299	G	0.109	0.06704508
1300	A	0.048	0.05995192
1301	C	0.274	0.03809828
1302	T	0.270	0.023398
1303	C	0.439	0.01492074
1304	T	0.227	0.007841819
1305	G	0.134	0.03048556
1306	A	-0.255	0.04881654
1307	C	0.496	0.05284212
1308	C	0.403	0.06670524
1309	T	0.406	0.05658104
1310	C	-0.088	0.06509231
1311	A	0.243	0.05447309
1312	G	0.407	0.08417441
1313	G	-0.226	0.07436264
1314	A	-0.257	0.09312602
1315	T	0.200	0.07881373
1316	G	-0.294	0.06996105
1317	G	-0.038	0.04954985
1318	A	0.132	0.03573511
1319	G	-0.013	0.03001927
1320	G	0.387	0.03693808
1321	T	0.084	0.0468285
1322	G	-0.397	0.04693237
1323	A	0.057	0.01825911
1324	A	-0.194	-0.0006447903
1325	C	0.170	-0.02765902
1326	A	-0.138	-0.02623501
1327	G	0.441	-0.02945959
1328	A	-0.417	-0.03851643
1329	G	0.273	-0.0186385
1330	A	-0.334	0.001744148
1331	T	-0.226	-0.003118368
1332	G	-0.358	-0.01015317
1333	A	-0.157	-0.0118839
1334	G	0.262	-0.005092448
1335	C	0.442	0.0069926
1336	C	0.441	-0.007369877
1337	T	-0.251	-0.003897145
1338	G	-0.392	0.004138919
1339	A	-0.182	0.002274545
1340	T	-0.430	0.015488
1341	A	-0.044	0.01000332
1342	G	0.143	0.02248925
1343	C	0.127	0.02227371
1344	C	0.389	0.05052813
1345	T	0.374	0.05561861
1346	G	0.050	0.06592683
1347	G	-0.512	0.08643577
1348	A	-0.092	0.1117181
1349	G	0.342	0.1274839
1350	C	0.360	0.1266226
1351	C	-0.057	0.1276723
1352	A	0.192	0.1280784
1353	C	-0.148	0.1471481
1354	A	0	0.1507659
 1355	G	0.214	0.1629577
1356	C	0	0.1838274
 1357	A	0.248	0.1842442
1358	C	0.434	0.1850148
1359	C	0.458	0.1894848
1360	C	0.431	0.1795195
1361	A	-0.014	0.1786713
1362	C	0.409	0.1892656
1363	T	0.425	0.2002901
1364	G	0.331	0.1940753
1365	G	0.235	0.1754736
1366	G	0.474	0.1497364
1367	C	0.453	0.1371362
1368	A	0.339	0.1169211
1369	T	-0.280	0.1173608
1370	T	0.195	0.1191117
1371	C	0.216	0.1259602
1372	A	-0.031	0.1353304
1373	G	0.167	0.1415811
1374	C	0.265	0.1341159
1375	A	0.080	0.1159482
1376	C	0.348	0.09013193
1377	G	0.378	0.09982509
1378	G	-0.170	0.09827999
1379	A	-0.284	0.09064883
1380	G	-0.233	0.09359403
1381	A	-0.437	0.1004773
1382	G	-0.448	0.09376864
1383	A	-0.434	0.0834478
1384	G	-0.134	0.08248796
1385	A	0.054	0.09696245
1386	G	0.427	0.09411625
1387	C	0.290	0.07377406
1388	A	0.442	0.05715623
1389	G	0.203	0.04031516
1390	G	-0.104	0.02489233
1391	A	-0.368	0.01200588
1392	G	0.285	0.0122942
1393	T	0.361	0.01306059
1394	C	0.188	0.03271598
1395	C	0.422	0.0559913
1396	C	0.448	0.07725575
1397	G	0.266	0.09721846
1398	G	0.133	0.1266551
1399	C	0.309	0.1457547
1400	T	0.168	0.1550358
1401	G	0.107	0.1450833
1402	A	-0.414	0.1433181
1403	G	-0.547	0.1391154
1404	A	-0.354	0.125356
1405	C	-0.212	0.1130361
1406	A	-0.318	0.1015069
1407	C	0.357	0.1060674
1408	C	0.402	0.08381235
1409	C	0.438	0.05488796
1410	C	0.436	0.04536064
1411	T	0.425	0.04038328
1412	C	0.181	0.02924754
1413	C	0.464	0.02358756
1414	C	0.157	0.02565959
1415	T	0.153	0.009672461
1416	T	-0.254	0.01037565
1417	G	0.372	0.01446853
1418	G	0.160	0.03880182
1419	A	0.015	0.07065833
1420	G	-0.178	0.08296644
1421	A	-0.461	0.1012063
1422	T	-0.227	0.1225933
1423	T	-0.404	0.1245746
1424	T	-0.535	0.1161542
1425	A	-0.106	0.1136606
1426	C	0.268	0.1148879
1427	C	0.103	0.1082955
1428	C	0.091	0.1147495
1429	T	0.198	0.112554
1430	T	-0.186	0.1162832
1431	C	0.189	0.1256561
1432	C	0.233	0.1478426
1433	G	0.340	0.1409706
1434	C	0.440	0.1373488
1435	G	0.026	0.1315634
1436	T	0.352	0.1436755
1437	C	0.344	0.1575425
1438	T	0.418	0.1708414
1439	G	0.141	0.1963416
1440	C	0.361	0.2279539
1441	C	0.474	0.2158957
1442	C	0.221	0.2162152
1443	A	0.381	0.2143849
1444	T	0.396	0.2137997
1445	C	0.273	0.2045275
1446	C	0.443	0.2003418
1447	G	0.433	0.1791861
1448	C	0.159	0.1770515
1449	A	0.047	0.1539248
1450	C	-0.163	0.1358075
1451	A	0.196	0.1196041
1452	G	-0.031	0.103965
1453	T	0.184	0.08970945
1454	C	0.386	0.08069039
1455	C	0.444	0.08958255
1456	G	-0.480	0.08534155
1457	A	0.277	0.05925736
1458	G	0.046	0.04770152
1459	G	0.073	0.01765729
1460	A	-0.089	-0.01091016
1461	T	-0.315	-0.005754384
1462	G	-0.465	-0.007873965
1463	T	0.167	-0.02985945
1464	C	-0.376	-0.02928925
1465	A	-0.121	-0.02071888
1466	A	-0.475	-0.001194106
1467	G	-0.131	0.007576603
1468	A	-0.097	0.02001424
1469	G	0.139	0.01532736
1470	C	0.417	-0.000921829
1471	T	0.229	-0.02889044
1472	G	-0.333	-0.01107815
1473	G	-0.137	-0.02183893
1474	A	-0.549	-0.02986881
1475	A	-0.489	-0.02182126
1476	G	0.433	-0.009723229
1477	G	0.378	0.01236871
1478	G	-0.248	0.04193438
1479	A	0.177	0.04657796
1480	C	0.313	0.07096013
1481	C	0.441	0.08846787
1482	T	0.468	0.1094353
1483	G	0.353	0.1280184
1484	T	0.039	0.1329036
1485	G	-0.117	0.1173609
1486	A	-0.422	0.08783391
1487	C	0.071	0.08042001
1488	T	-0.055	0.09608024
1489	A	-0.201	0.1107651
1490	G	0.322	0.1413549
1491	G	0.285	0.1665588
1492	C	0.368	0.1591396
1493	C	0.450	0.1633571
1494	C	0.311	0.1611703
1495	A	0.379	0.1417834
1496	C	0.421	0.1140563
1497	C	0.174	0.0874894
1498	C	0.444	0.0759364
1499	T	0.053	0.0755404
1500	G	-0.342	0.07377681
1501	T	-0.498	0.08247929
1502	G	0	0.08339903
 1503	T	0.151	0.07099116
1504	G	0.318	0.07367861
1505	T	0.398	0.08879113
1506	G	0.291	0.09249339
1507	G	0.203	0.08941487
1508	T	0.508	0.06875448
1509	T	-0.315	0.04370874
1510	A	-0.423	0.02685461
1511	A	-0.545	0.027259
1512	A	-0.382	0.01256683
1513	C	0.110	0.01832025
1514	T	0.341	0.01355951
1515	G	-0.015	0.01016018
1516	C	0.152	0.02230757
1517	A	-0.393	0.03367651
1518	A	-0.312	0.0211859
1519	T	0.027	0.003422381
1520	C	0.266	-0.01501852
1521	C	0.437	-0.01870614
1522	C	0.190	-0.02773885
1523	A	-0.271	-0.02358601
1524	G	-0.325	-0.03408014
1525	T	-0.210	-0.02758094
1526	A	0.391	-0.01019791
1527	G	-0.033	0.01336661
1528	G	0.352	0.03891045
1529	G	0.296	0.0395929
1530	A	-0.051	0.02602034
1531	A	0.033	0.03998132
1532	T	-0.145	0.02808974
1533	T	-0.387	0.04003545
1534	G	-0.398	0.05831435
1535	A	-0.253	0.06108658
1536	A	0.284	0.04596158
1537	C	0.011	0.03613013
1538	T	0.331	0.03698284
1539	T	0.183	0.05567164
1540	T	-0.114	0.07455029
1541	T	0.114	0.09518677
1542	G	0.184	0.07276384
1543	T	0.409	0.06246152
1544	C	0.131	0.04069901
1545	A	-0.079	0.01825055
1546	C	0.417	0.01668742
1547	A	-0.216	0.009161729
1548	T	-0.023	0.005500987
1549	G	0.253	0.01228112
1550	G	0.113	0.03641934
1551	T	-0.202	0.05052325
1552	G	0.132	0.04550573
1553	A	0.216	0.05396615
1554	C	0.307	0.05724973
1555	C	0.259	0.05837825
1556	A	0.428	0.07614205
1557	T	-0.303	0.0841106
1558	G	-0.353	0.08066781
1559	A	-0.321	0.05721377
1560	A	-0.399	0.04305965
1561	T	-0.100	0.04141007
1562	T	-0.199	0.04148726
1563	G	-0.259	0.05248401
1564	T	-0.177	0.05826766
1565	T	0.349	0.06455314
1566	T	0.183	0.0730834
1567	C	0.128	0.08516753
1568	C	0.274	0.08223444
1569	T	0.433	0.06885695
1570	G	0.218	0.04235721
1571	C	0.436	0.04001305
1572	C	0.362	0.03365586
1573	C	0.077	0.05751686
1574	A	-0.317	0.07824241
1575	A	-0.307	0.1015453
1576	G	-0.130	0.1270869
1577	C	0.420	0.142951
1578	A	0.124	0.1609935
1579	G	0.155	0.1839674
1580	G	0.448	0.2042741
1581	C	0.378	0.2030803
1582	T	0.172	0.1940184
1583	C	0.041	0.1966495
1584	A	-0.198	0.2021307
1585	G	-0.513	0.2001706
1586	A	0.186	0.1992958
1587	G	0.231	0.1799823
1588	C	0.436	0.1601844
1589	T	0.289	0.1591737
1590	C	0.400	0.1759019
1591	C	0.392	0.1985054
1592	A	0.391	0.2166578
1593	G	0.359	0.2158934
1594	C	0.452	0.2240862
1595	C	0.452	0.2261231
1596	T	0.312	0.2240195
1597	T	-0.097	0.2226649
1598	C	0.210	0.2115837
1599	C	0.443	0.2187275
1600	C	0.372	0.2389012
1601	A	0.191	0.2682358
1602	T	-0.162	0.2764205
1603	C	-0.251	0.2830445
1604	A	0.046	0.2750293
1605	G	0.201	0.2710322
1606	C	0.393	0.2665926
1607	C	0.432	0.2677167
1608	C	0.396	0.2678534
1609	C	0.378	0.2704278
1610	C	0.219	0.2639822
1611	T	0.383	0.2544642
1612	G	0.336	0.2412178
1613	G	-0.171	0.2402604
1614	A	0.263	0.2285878
1615	C	0.427	0.2270634
1616	C	0.395	0.1989446
1617	C	0.440	0.1995787
1618	T	0.437	0.2134897
1619	G	0.187	0.2318464
1620	G	0.165	0.2360493
1621	A	0.263	0.2257182
1622	C	0.427	0.2206459
1623	C	0.395	0.1935977
1624	C	0.439	0.1869704
1625	T	0.253	0.1796299
1626	G	0.157	0.1866437
1627	G	-0.098	0.1852916
1628	A	-0.126	0.1798478
1629	C	-0.151	0.1998587
1630	A	0.396	0.1926328
1631	T	-0.498	0.1851124
1632	G	0.210	0.1710635
1633	C	0.268	0.1514655
1634	T	0.317	0.144159
1635	G	0.176	0.1449254
1636	C	-0.119	0.1452739
1637	A	0.236	0.1501786
1638	G	-0.406	0.1463859
1639	G	0.190	0.1364061
1640	C	0.151	0.1231683
1641	C	0.436	0.111678
1642	T	0.341	0.1195053
1643	C	0.167	0.1233373
1644	T	0.449	0.1408892
1645	G	0.039	0.1583665
1646	T	0.194	0.146537
1647	G	-0.039	0.1713507
1648	G	-0.167	0.1491611
1649	T	0.210	0.1499325
1650	G	0.211	0.153296
1651	G	0.176	0.1593195
1652	C	0.415	0.1628304
1653	C	0.309	0.1695626
1654	G	0.086	0.1927086
1655	G	0.029	0.1875694
1656	A	-0.103	0.1840631
1657	G	0.400	0.1839366
1658	G	0.020	0.182325
1659	G	0.417	0.1850041
1660	C	0.390	0.1784964
1661	T	0.029	0.1683579
1662	G	0.270	0.1631394
1663	A	-0.476	0.1591972
1664	T	0.292	0.1559869
1665	C	0.421	0.1386034
1666	T	0.363	0.1214336
1667	G	-0.010	0.1251155
1668	T	0.445	0.1177211
1669	T	0.311	0.1226045
1670	G	0.031	0.1162215
1671	C	0.042	0.1249757
1672	T	0.432	0.1245519
1673	T	0.291	0.1227215
1674	C	0.250	0.1362647
1675	T	0.247	0.1197732
1676	G	-0.275	0.105645
1677	G	0.032	0.1075114
1678	A	-0.161	0.1064185
1679	T	-0.266	0.1338617
1680	A	-0.328	0.1139125
1681	T	-0.320	0.09553859
1682	G	0.290	0.09734743
1683	C	0.185	0.0976785
1684	C	0.461	0.09560592
1685	A	-0.111	0.09876231
1686	T	0.300	0.1053146
1687	G	-0.116	0.1108839
1688	T	0.343	0.1027461
1689	G	0.440	0.09969006
1690	G	-0.094	0.1022788
1691	A	-0.047	0.107541
1692	C	0.087	0.1237769
1693	A	0.236	0.1214742
1694	T	0.373	0.1217962
1695	G	-0.325	0.1328989
1696	A	-0.147	0.1355788
1697	T	0.419	0.1332292
1698	C	0	0.1069946
 1699	T	0.380	0.09196905
1700	G	0.409	0.07756255
1701	C	0.234	0.08515039
1702	A	0.215	0.08722481
1703	C	0.180	0.09780226
1704	T	0.196	0.09627591
1705	G	0.330	0.06885878
1706	C	0.410	0.05782594
1707	C	0.228	0.04491989
1708	A	-0.038	0.03670155
1709	C	-0.151	0.02323826
1710	A	0.077	0.02278526
1711	C	-0.245	0.04828394
1712	A	-0.393	0.04870088
1713	A	-0.522	0.02312733
1714	A	-0.279	0.01632114
1715	T	0.014	0.01079626
1716	G	0.123	0.01190185
1717	C	0.364	0.01866436
1718	C	0.211	-0.002899735
1719	T	0.296	-0.00660299
1720	G	-0.409	-0.02521425
1721	A	-0.436	-0.03390164
1722	A	-0.447	-0.0601098
1723	A	-0.166	-0.06332505
1724	G	-0.180	-0.06104199
1725	C	0.359	-0.06753312
1726	T	0.464	-0.0825442
1727	G	-0.135	-0.09098194
1728	A	-0.373	-0.08294459
1729	G	-0.210	-0.05763946
1730	C	0.209	-0.05047731
1731	C	0.443	-0.04820516
1732	A	0.444	-0.03842894
1733	G	-0.453	-0.0355009
1734	G	0.065	-0.04037978
1735	A	-0.380	-0.03672616
1736	C	0.061	-0.01331107
1737	A	-0.401	0.007058868
1738	C	0.128	0.01969803
1739	C	0.031	0.02576098
1740	A	-0.353	0.03845214
1741	A	-0.387	0.03568965
1742	G	-0.506	0.02629172
1743	A	-0.144	0.02003991
1744	C	0.261	0.03165945
1745	A	-0.057	0.05160277
1746	G	0.085	0.04919719
1747	C	0.426	0.04005767
1748	T	0.455	0.02309057
1749	G	0.060	0.05059367
1750	C	0.409	0.05535222
1751	C	0.316	0.07762847
1752	G	0.195	0.08507657
1753	T	-0.055	0.1069738
1754	T	0.021	0.1062051
1755	C	0.212	0.109785
1756	C	0.274	0.1119315
1757	T	0.173	0.1186057
1758	G	-0.328	0.1444011
1759	A	-0.012	0.1618866
1760	T	0.407	0.1656708
1761	C	0.134	0.166205
1762	T	0.159	0.1643694
1763	G	-0.081	0.142236
1764	T	0.399	0.1297734
1765	T	0.213	0.1144729
1766	G	0.310	0.112227
1767	G	0.292	0.09214959
1768	C	0.276	0.07484505
1769	C	0.104	0.08356501
1770	A	0.142	0.07915158
1771	C	-0.286	0.06671845
1772	A	-0.180	0.05851265
1773	C	0.292	0.06001223
1774	A	0.397	0.07864988
1775	G	0.378	0.07592619
1776	G	-0.041	0.05282529
1777	G	0.028	0.0447179
1778	A	-0.259	0.0536089
1779	A	0.069	0.06398636
1780	G	-0.413	0.0493316
1781	G	0.339	0.04246008
1782	A	-0.306	0.04047844
1783	G	-0.341	0.01903505
1784	A	0.214	0.0236176
1785	G	-0.115	0.03513866
1786	T	-0.172	0.03453637
1787	G	0.019	0.04971147
1788	G	0.219	0.06942079
1789	C	0.248	0.07259999
1790	A	-0.097	0.06751141
1791	G	-0.308	0.0694156
1792	G	-0.116	0.08546124
1793	C	0.435	0.09296782
1794	C	0.240	0.1148186
1795	A	-0.055	0.1289576
1796	G	0	0.1463355
 1797	G	0.248	0.1337951
1798	T	-0.372	0.1495278
1799	C	0.418	0.1572872
1800	T	0.461	0.1553273
1801	G	0.124	0.1722143
1802	T	0.183	0.1911917
1803	C	0.430	0.2035026
1804	C	0.391	0.2120681
1805	C	0.239	0.2174717
1806	C	0.437	0.2248674
1807	T	0.456	0.244445
1808	G	0.260	0.2616171
1809	C	0.418	0.2527244
1810	C	0.507	0.2449814
1811	G	0.124	0.2500996
1812	A	-0.049	0.2622623
1813	C	0.181	0.2597222
1814	T	-0.100	0.2812765
1815	G	0.153	0.2823396
1816	C	0.407	0.2708782
1817	T	0.415	0.2805951
1818	C	0.401	0.2683467
1819	C	0.485	0.2632825
1820	C	0.416	0.2530393
1821	T	0.131	0.2376191
1822	C	0.298	0.2156819
1823	G	0.415	0.2094425
1824	G	0.159	0.2139464
1825	T	0	0.2085928
 1826	G	0.103	0.1911617
1827	C	0.377	0.1720609
1828	C	0.170	0.1649847
1829	A	0.295	0.1434757
1830	G	0.451	0.1344128
1831	C	0.106	0.1440909
1832	T	0.425	0.1412908
1833	G	-0.195	0.1397968
1834	C	0.273	0.1322601
1835	A	0.074	0.09905688
1836	G	-0.238	0.07756736
1837	A	-0.242	0.06449569
1838	G	0.262	0.04101278
1839	C	0.400	0.02358117
1840	C	0.252	0.008025171
1841	A	-0.032	0.01661011
1842	G	-0.467	0.0263953
1843	A	-0.268	0.02900272
1844	A	-0.485	0.03705882
1845	A	-0.381	0.04245598
1846	C	0.453	0.03877253
1847	G	0.320	0.02917811
1848	C	0.369	0.000428171
1849	T	0.167	0.01874007
1850	A	-0.543	0.02504395
1851	A	-0.249	0.02166506
1852	G	-0.273	0.03711961
1853	G	-0.429	0.031954
1854	A	-0.124	0.02387087
1855	A	-0.322	0.01095364
1856	C	0.266	0.01566542
1857	C	0.406	0.01806579
1858	C	0.457	0.03813415
1859	T	0.419	0.05097466
1860	C	0.462	0.08168273
1861	C	0.337	0.07987905
1862	A	-0.191	0.06363573
1863	G	-0.465	0.0411276
1864	T	0.371	0.02730267
1865	C	0.468	0.02327243
1866	A	-0.030	0.03914033
1867	T	0.240	0.06189168
1868	G	-0.402	0.07154391
1869	T	0.012	0.07886917
1870	A	0	0.07798201
 1871	C	0.398	0.09214678
1872	A	0.041	0.09308104
1873	G	0.154	0.07311882
1874	T	0.129	0.06129308
1875	C	0.466	0.05774705
1876	A	-0.437	0.05150582
1877	A	-0.049	0.04496137
1878	G	-0.376	0.04446137
1879	T	-0.059	0.05638415
1880	C	0.042	0.05524824
1881	A	-0.051	0.04685831
1882	C	0.455	0.06194421
1883	A	0.025	0.06843221
1884	T	-0.202	0.0925286
1885	G	-0.151	0.1055907
1886	C	0.116	0.100681
1887	T	0.295	0.09042535
1888	A	-0.211	0.08781422
1889	G	0.091	0.08845167
1890	G	0.310	0.09151277
1891	G	0.269	0.09078603
1892	T	0.134	0.1195661
1893	G	-0.206	0.1323701
1894	A	-0.096	0.1381874
1895	C	0.336	0.1401031
1896	C	0.208	0.1536081
1897	C	0.436	0.1676137
1898	T	0.441	0.162685
1899	C	0.344	0.174577
1900	C	0.417	0.1839926
1901	A	-0.152	0.2024827
1902	T	0.080	0.2123411
1903	C	-0.039	0.2093722
1904	A	0.174	0.2297164
1905	G	0.224	0.2389898
1906	T	0.444	0.2387331
1907	C	0.454	0.2159291
1908	T	0.347	0.2051878
1909	G	-0.196	0.2190335
1910	A	0	0.2234451
 1911	C	0.461	0.2220595
1912	C	0.382	0.2266869
1913	T	0.302	0.2119326
1914	C	0.394	0.1847327
1915	A	0.089	0.160192
1916	C	0.421	0.1447639
1917	T	0.422	0.1391432
1918	G	0.203	0.137836
1919	C	0.418	0.1520634
1920	C	0.378	0.1607639
1921	C	0.302	0.1665698
1922	A	-0.437	0.1526973
1923	A	-0.198	0.1483819
1924	G	0.222	0.1499255
1925	G	0.040	0.1554022
1926	T	0.293	0.1688414
1927	C	0.351	0.1675694
1928	T	-0.020	0.1503169
1929	T	-0.401	0.1394327
1930	A	-0.416	0.1395414
1931	A	-0.061	0.1508972
1932	T	-0.326	0.1249709
1933	G	0.039	0.09509707
1934	C	0.401	0.08797368
1935	C	0.444	0.07730904
1936	T	0.404	0.05271117
1937	G	0.014	0.0285781
1938	C	0.321	0.02703849
1939	A	0.394	0.04352288
1940	T	-0.026	0.04329762
1941	C	0.416	0.05151
1942	C	0.422	0.05893981
1943	A	-0.152	0.03518352
1944	G	-0.034	0.02332743
1945	G	0.397	0.04571834
1946	G	0.441	0.05153553
1947	A	-0.382	0.0367052
1948	G	-0.503	0.03953781
1949	A	-0.017	0.03387378
1950	C	0.088	0.02753984
1951	A	-0.383	0.01267208
1952	G	-0.446	0.008262629
1953	A	-0.485	0.01484013
1954	T	0.312	0.01483126
1955	C	0.215	0.01595413
1956	C	0.295	0.02425656
1957	C	0.523	0.02340492
1958	A	-0.384	0.02338547
1959	A	-0.387	0.03439463
1960	T	0.292	0.04159879
1961	G	-0.235	0.03518379
1962	A	-0.521	0.03174118
1963	C	-0.238	0.05583705
1964	A	-0.135	0.06674579
1965	A	0.205	0.06006863
1966	C	-0.016	0.04407972
1967	T	0.267	0.0633735
1968	G	0.218	0.08706814
1969	G	0.320	0.1131167
1970	G	0.429	0.1075036
1971	G	0.230	0.1024736
1972	C	0.390	0.08660861
1973	C	0.421	0.07917297
1974	A	0.188	0.08901494
1975	G	0.188	0.1073453
1976	G	0.199	0.1077859
1977	C	0.334	0.1297621
1978	A	0.364	0.1359655
1979	T	-0.165	0.1464916
1980	G	-0.224	0.159364
1981	A	-0.407	0.1586296
1982	G	0.214	0.1654291
1983	G	0.288	0.1493713
1984	C	0.322	0.1442714
1985	A	0.138	0.1437636
1986	G	0.059	0.1332731
1987	G	-0.196	0.1302598
1988	T	0.293	0.1263406
1989	G	-0.079	0.1261615
1990	G	0.180	0.134319
1991	C	0.306	0.1384888
1992	T	0.445	0.1204858
1993	G	-0.328	0.1093289
1994	G	0.087	0.09177658
1995	C	0.263	0.09467597
1996	T	0.182	0.115802
1997	G	0.194	0.1258454
1998	G	-0.230	0.1215986
1999	A	0.059	0.114203
2000	G	0.305	0.1027468
2001	G	0.104	0.09391651
2002	G	0.137	0.09163156
2003	T	0.268	0.08567511
2004	C	0.415	0.07621146
2005	C	0.441	0.07385504
2006	T	0.317	0.05452223
2007	G	-0.359	0.03728743
2008	T	-0.011	0.008834135
2009	G	-0.179	0.02281136
2010	A	-0.075	0.02759541
2011	G	0.430	0.03251641
2012	G	-0.096	0.03743947
2013	A	0.082	0.04511666
2014	C	0.059	0.05623008
2015	A	-0.032	0.06842176
2016	G	-0.134	0.06343611
2017	A	-0.011	0.0565374
2018	G	-0.381	0.03883424
2019	A	0	0.03442424
 2020	G	-0.152	0.03449192
2021	A	-0.419	0.03054766
2022	G	-0.227	0.03322234
2023	A	-0.436	0.05748611
2024	G	0.104	0.05822297
2025	C	0.235	0.07481439
2026	T	0.415	0.08294883
2027	C	0.335	0.08282464
2028	T	0.432	0.08295936
2029	G	0.114	0.07374003
2030	C	0.437	0.08446232
2031	T	0.150	0.09958505
2032	G	-0.109	0.1115488
2033	A	-0.411	0.1140174
2034	T	0.132	0.1344522
2035	C	0.418	0.1403026
2036	T	0.319	0.1458206
2037	C	0.400	0.1587218
2038	C	0.393	0.1495707
2039	A	0.011	0.1698433
2040	C	0.334	0.1610965
2041	A	0.176	0.1678958
2042	C	0.426	0.1698137
2043	C	-0.091	0.148309
2044	A	-0.203	0.1389668
2045	T	0.391	0.1317985
2046	C	0.435	0.1053576
2047	C	0.235	0.08354317
2048	A	0.065	0.07721736
2049	G	0.252	0.09680856
2050	G	0.181	0.08318891
2051	A	0.018	0.08242185
2052	C	-0.019	0.06577159
2053	A	-0.511	0.03763182
2054	A	0.191	0.01418624
2055	C	-0.166	0.01726933
2056	C	0.446	0.003181397
2057	T	0.475	0.01182788
2058	G	-0.331	0.0116892
2059	T	0.142	0.02871809
2060	T	-0.107	0.03165519
2061	C	-0.381	0.02983593
2062	A	-0.525	0.02947741
2063	A	-0.305	0.01830048
2064	G	0.195	0.02933408
2065	G	-0.290	0.03103782
2066	C	0.394	0.0413034
2067	A	-0.196	0.04508296
2068	A	-0.471	0.04921655
2069	A	-0.333	0.07407997
2070	T	0.106	0.06019987
2071	T	-0.102	0.06402122
2072	C	0.444	0.04410664
2073	C	0.422	0.03790342
2074	T	0.435	0.0607639
2075	G	-0.112	0.05969338
2076	G	0.335	0.06552443
2077	G	0.424	0.07318588
2078	A	-0.110	0.07618846
2079	G	0.407	0.07550046
2080	C	0.304	0.05434127
2081	T	0.499	0.05599708
2082	T	0.135	0.02848485
2083	T	0.109	0.01997753
2084	C	0.259	0.01838805
2085	A	-0.238	0.02628267
2086	G	-0.048	0.03536012
2087	T	-0.170	0.05203383
2088	T	0.282	0.04712909
2089	T	0.377	0.02934841
2090	T	0.109	0.02477222
2091	T	0.073	0.03241476
2092	T	-0.144	0.007938829
2093	C	-0.432	-0.01465824
2094	A	-0.326	-0.01408722
2095	A	-0.460	-0.01654242
2096	A	-0.238	-0.01480522
2097	A	-0.458	-0.0179409
2098	G	-0.460	-0.007452319
2099	A	-0.520	-0.001740577
2100	A	-0.088	0.006220197
2101	G	0.388	0.01223954
2102	C	0.414	0.01007515
2103	T	0.292	0.008677542
2104	G	-0.129	-0.006396265
2105	G	0.294	-0.03252262
2106	G	0.124	-0.02558143
2107	A	-0.423	-0.03092907
2108	A	-0.275	-0.03471411
2109	T	-0.092	-0.02139009
2110	C	0.331	-0.01391028
2111	T	0.358	-0.0164369
2112	G	0.402	-0.01653151
2113	G	0.460	0.001839006
2114	G	0.286	0.02670452
2115	T	0.506	0.05674665
2116	T	-0.051	0.07234887
2117	T	-0.115	0.0681089
2118	T	-0.213	0.06930132
2119	T	-0.184	0.06494058
2120	A	-0.432	0.06590814
2121	T	0.324	0.05932997
2122	G	-0.092	0.07127685
2123	T	-0.261	0.07108126
2124	G	-0.019	0.06536268
2125	A	-0.094	0.05380299
2126	A	-0.538	0.03075961
2127	A	-0.241	0.0240328
2128	C	0.110	0.0006650581
2129	T	0.310	-0.0128593
2130	T	0.410	-0.01895587
2131	C	0.394	-0.0325608
2132	T	0.256	-0.02372772
2133	C	0.451	-0.02194385
2134	T	0.157	-0.003359848
2135	A	-0.099	-0.002929719
2136	T	0.090	0.01575473
2137	T	0.495	0.01784425
2138	T	-0.429	0.0380242
2139	T	-0.452	0.03396101
2140	T	-0.451	0.0253979
2141	A	-0.382	0.0140948
2142	A	0.150	0.03503654
2143	A	-0.322	0.04904528
2144	T	0.041	0.03971783
2145	G	0.097	0.0177337
2146	T	0.084	-0.003517619
2147	T	0.221	-0.02082252
2148	G	-0.059	-0.03307214
2149	G	0.362	-0.04461935
2150	C	-0.171	-0.03947183
2151	A	0.146	-0.02582562
2152	A	0.389	-0.0192342
2153	C	0.532	-0.04520033
2154	A	-0.387	-0.04787652
2155	A	-0.285	-0.05087965
2156	A	-0.445	-0.04225562
2157	T	0.110	-0.03625455
2158	T	0.192	-0.05251862
2159	G	-0.178	-0.05202516
2160	A	-0.371	-0.06613616
2161	G	-0.248	-0.08479263
2162	A	-0.141	-0.1029091
2163	T	-0.122	-0.1249044
2164	T	0.093	-0.138513
2165	T	0.316	-0.1637649
2166	C	0.323	-0.1587834
2167	T	0.294	-0.1733394
2168	T	-0.309	-0.1748434
2169	T	-0.512	-0.1894624
2170	A	-0.546	-0.1625756
2171	A	-0.183	-0.1420217
2172	G	-0.196	-0.1357623
2173	G	-0.353	-0.1451243
2174	A	-0.306	-0.1504301
2175	A	-0.395	-0.1431287
2176	A	-0.481	-0.123779
2177	A	-0.477	-0.1103483
2178	A	-0.459	-0.1034031
2179	A	-0.481	-0.1112316
2180	A	-0.420	-0.1184271
2181	A	-0.016	-0.1142972
2182	A	-0.304	-0.1175525
2183	C	0.342	-
2184	A	0.079	-
2185	C	0.445	-
2186	T	0.352	-
2187	G	-0.251	-
2188	C	-0.179	-
2189	A	0.027	-
2190	A	0.048	-
2191	G	0.228	-
2192	C	0.168	-
2193	C	0.073	-
2194	A	-0.365	-
2195	A	-0.129	-
2196	C	0.444	-
2197	C	0.222	-
