1	A	-0.427	-
2	G	-0.358	-
3	A	-0.183	-
4	A	-0.242	-
5	G	-0.296	-
6	G	-0.086	-
7	A	-0.519	-0.009344979
8	A	-0.155	0.04825238
9	G	0.196	0.08010058
10	C	0.252	0.1251204
11	C	0.434	0.1650454
12	T	0.393	0.1725461
13	C	0.437	0.1825504
14	C	0.423	0.2128277
15	G	0.379	0.2228893
16	C	0.087	0.190108
17	C	0.446	0.1613679
18	C	0.316	0.1274853
19	A	-0.191	0.1275444
20	A	0.053	0.05995535
21	G	-0.096	0.01467228
22	C	-0.014	-0.03581229
23	A	-0.262	-0.03372442
24	A	-0.149	-0.07541078
25	T	-0.039	-0.08398285
26	C	0.394	-0.04592921
27	A	-0.508	-0.01932118
28	T	-0.209	0.01720541
29	A	-0.327	0.04482011
30	G	0.116	0.05176011
31	C	-0.137	0.05940078
32	A	0.196	0.04186588
33	T	0.341	-0.02271905
34	C	0.425	0.008694393
35	C	0.415	0.03902582
36	A	0.371	0.04253861
37	C	-0.165	0.01140889
38	G	-0.042	-0.01379668
39	G	-0.285	-0.04711425
40	A	-0.509	-0.03956596
41	A	-0.068	-0.05146911
42	G	0.214	-0.05840704
43	T	-0.278	-0.06491268
44	T	-0.318	-0.01453546
45	G	-0.489	0.005370086
46	A	-0.270	0.0257353
47	C	0.447	0.05947829
48	C	0.259	0.03524556
49	A	0.318	0.03145971
50	C	0.280	0.07384199
51	C	0.539	0.1280378
52	T	0.235	0.195932
53	A	0	0.2416397
 54	T	-0.037	0.2389026
55	G	-0.407	0.2038204
56	T	0.161	0.1441606
57	T	0.315	0.08505806
58	C	0.439	0.02017756
59	C	0.460	0.02226571
60	C	0.369	0.03820314
61	A	0.409	0.06635907
62	C	-0.231	0.1045253
63	A	-0.517	0.08958228
64	A	-0.546	0.07535471
65	A	-0.368	0.07063706
66	G	0.265	0.05873306
67	G	0.223	0.03530441
68	G	0.357	0.01323698
69	C	0.126	0.002253407
70	G	-0.047	0.02349826
71	A	0.115	0.06473769
72	C	0.373	0.07694947
73	A	0.293	0.08991254
74	T	0.041	0.08271797
75	T	0.100	0.03862276
76	G	-0.385	0.0581819
77	T	-0.219	0.03040519
78	A	0.030	0.01005991
79	C	-0.197	-0.02823131
80	T	0.446	-0.02170274
81	T	0.122	-0.01934114
82	G	-0.260	-0.01375692
83	T	0.400	0.03603851
84	T	-0.436	0.0530014
85	G	-0.168	0.04418859
86	T	-0.162	0.08136387
87	G	0.385	0.02732323
88	T	0.074	0.01686251
89	G	0.178	0.006712793
90	T	0.311	0.00351765
91	C	0.017	0.005888436
92	A	-0.092	0.003780364
93	T	0.322	0.04028915
94	T	-0.309	0.02335001
95	G	-0.024	0.02649206
96	G	-0.402	0.02550899
97	G	0.355	0.03166906
98	A	-0.403	0.06072203
99	A	-0.198	0.09198342
100	G	0.348	0.08675242
101	G	0.148	0.1162251
102	T	0.118	0.1377011
103	G	0.164	0.1770456
104	G	0.397	0.1624826
105	C	0.424	0.1807458
106	C	0.344	0.179019
107	T	0.249	0.1481373
108	T	0.102	0.16501
109	C	0.276	0.1878427
110	C	0.148	0.191159
111	A	0.151	0.1867044
112	T	-0.147	0.1871814
113	G	-0.222	0.1862925
114	A	-0.083	0.1573904
115	C	0.384	0.1600411
116	C	0.438	0.1594316
117	G	0.211	0.1581679
118	G	0.335	0.1536704
119	C	0.431	0.1734278
120	T	0.332	0.2050787
121	G	-0.154	0.2186417
122	C	0.139	0.2221252
123	A	0.268	0.2050797
124	T	0.130	0.1769486
125	C	0.088	0.1603426
126	A	0.129	0.1424016
127	G	0.220	0.09801807
128	C	0.106	0.07611686
129	G	0.433	0.06994089
130	T	0.199	0.03184146
131	T	-0.182	0.02104436
132	C	0.102	0.03895201
133	C	0.180	0.06200765
134	T	-0.288	0.04728076
135	A	-0.461	0.03968805
136	T	0.053	0.02118184
137	G	-0.265	-0.01396695
138	C	-0.020	0.02714341
139	T	0.339	0.04286141
140	G	0.451	0.04884212
141	T	0.014	0.09320248
142	A	0	0.1517195
 143	G	0.174	0.1794918
144	G	-0.292	0.2289122
145	T	0.392	0.2676573
146	T	0.322	0.2551008
147	C	0.263	0.1872123
148	A	0.332	0.1470278
149	G	0.357	0.1214031
150	C	0.442	0.07455007
151	C	0.426	0.08447129
152	C	0.522	0.05211219
153	T	0.163	0.001064971
154	T	-0.498	-0.04590567
155	A	-0.548	-0.07401846
156	A	-0.358	-0.1015175
157	G	-0.481	-0.1240953
158	G	-0.153	-0.1292944
159	G	-0.060	-0.1519651
160	A	-0.391	-0.1322664
161	A	-0.393	-0.07453781
162	T	-0.061	-0.02206524
163	T	-0.027	0.01831561
164	G	0.126	0.06088526
165	G	0.353	0.0631639
166	G	0.204	0.07544579
167	G	0.439	0.1302849
168	C	0.309	0.1764166
169	G	0.186	0.195269
170	C	0.206	0.1856451
171	A	0.114	0.1648412
172	G	-0.121	0.1622261
173	G	0.111	0.1623892
174	C	0.375	0.1261205
175	A	0.252	0.134975
176	G	0.202	0.1393365
177	T	-0.162	0.1123298
178	G	-0.165	0.07431725
179	C	0.317	0.05314539
180	A	0.206	0.01211489
181	G	-0.068	-0.02027512
182	C	0.433	-0.01427048
183	A	0.247	0.0006383786
184	G	-0.171	0.03127409
185	G	-0.418	0.06353631
186	A	-0.418	0.06958545
187	A	-0.462	0.08293909
188	A	-0.077	0.07925084
189	C	0.336	0.06140813
190	C	0.411	0.04373727
191	G	0.266	0.08558056
192	G	0.286	0.1379768
193	G	0.401	0.1861113
194	C	0.393	0.2526278
195	A	-0.119	0.2911147
196	G	0.183	0.2372261
197	A	0	0.1766178
 198	C	0.414	0.1197006
199	T	0.315	0.05981864
200	C	0.255	0.006542643
201	C	0.468	-0.006660714
202	T	0.461	0.01678357
203	T	-0.418	0.02446264
204	T	-0.437	0.05456514
205	T	-0.530	0.05620543
206	A	-0.551	0.04478807
207	A	-0.344	0.02363239
208	G	0.209	0.02280324
209	G	0.208	-0.006386921
210	C	0.291	0.01446194
211	C	0.421	0.06835879
212	C	0.437	0.1316463
213	A	0.155	0.1816769
214	G	-0.040	0.2377717
215	T	0.456	0.1874884
216	G	0.052	0.1525513
217	A	-0.126	0.1305487
218	C	0.317	0.1285515
219	T	0.356	0.1299409
220	C	0.148	0.1465999
221	C	0.441	0.1784851
222	T	-0.494	0.1665631
223	G	-0.280	0.1583881
224	A	-0.016	0.145883
225	G	0.393	0.09104138
226	C	0.456	0.04546602
227	C	0.388	0.02072609
228	T	0.405	0.00806395
229	C	0.289	0.07075745
230	C	-0.061	0.08504912
231	A	-0.301	0.08871743
232	A	-0.450	0.08654779
233	C	-0.282	0.02997736
234	A	-0.197	-0.01577929
235	C	0.264	-0.01323264
236	T	0.382	-0.048222
237	G	-0.080	-0.03805556
238	C	0.034	-0.001220207
239	T	0.363	0.01714679
240	C	-0.335	0.02081251
241	A	-0.251	0.003940864
242	T	0.441	-0.02152042
243	G	-0.199	-0.05385525
244	T	0.080	-0.06856585
245	G	0.214	-0.1003825
246	G	-0.193	-0.1570236
247	A	-0.230	-0.1118835
248	A	-0.433	-0.1017525
249	G	-0.092	-0.1162885
250	G	-0.069	-0.07081867
251	A	-0.286	-0.04458533
252	G	-0.410	-0.02992483
253	A	-0.429	-0.04964776
254	T	0.296	-0.005438971
255	T	-0.109	0.0328481
256	C	0.238	0.01810217
257	C	0.436	0.04328029
258	C	0.447	0.05508329
259	T	0.419	0.049817
260	G	-0.469	0.07731974
261	C	0.388	0.06037647
262	T	0.102	0.08282983
263	G	-0.298	0.02798361
264	T	0.282	0.0118369
265	G	-0.121	0.0068549
266	A	-0.484	0.001563686
267	C	-0.044	0.05862719
268	A	0.059	0.04459454
269	G	0.204	0.05543519
270	A	-0.529	0.08159869
271	G	0.210	0.04204762
272	G	0.378	0.05365515
273	C	0.345	0.1116013
274	A	0.329	0.1367365
275	G	0.191	0.1635947
276	G	0.253	0.138736
277	G	0.067	0.1417352
278	A	-0.271	0.1039997
279	A	0.041	0.04314654
280	G	0.326	-0.003954179
281	C	0.307	-0.04297582
282	T	0.435	-0.07010404
283	G	-0.143	-0.07647282
284	A	-0.487	-0.06634283
285	A	-0.317	-0.0442966
286	G	-0.473	-0.04191395
287	A	-0.314	-0.05208031
288	T	-0.216	-0.07692553
289	A	-0.188	-0.0918856
290	T	0.164	-0.05123796
291	G	0.209	0.01054604
292	G	0.037	0.06550597
293	C	0.074	0.1057823
294	A	0.184	0.1302013
295	C	-0.040	0.1429468
296	G	0.226	0.1907729
297	C	0.425	0.1431135
298	C	0.377	0.09316966
299	C	0.451	0.06332594
300	A	0.089	0.07135876
301	G	0.027	0.04974669
302	C	-0.038	0.04168198
303	A	0.481	-0.008774664
304	T	-0.502	-0.07706324
305	A	-0.489	-0.1050875
306	A	-0.380	-0.1213317
307	G	0.186	-0.1303295
308	C	-0.118	-0.100169
309	A	-0.153	-0.07457131
310	A	-0.480	-0.07552795
311	A	-0.530	-0.005619736
312	G	-0.015	0.06060269
313	C	0.224	0.07260148
314	A	-0.035	0.04938548
315	T	0.450	0.08589026
316	C	0.319	0.1145018
317	T	0.468	0.1602643
318	C	0.476	0.2068981
319	T	0.437	0.2179573
320	T	-0.212	0.2105036
321	G	-0.138	0.2085296
322	A	0.392	0.1818147
323	C	0.246	0.1834467
324	A	0.160	0.1794189
325	C	0.122	0.1501293
326	C	0.139	0.1281966
327	A	0.119	0.1219509
328	T	-0.063	0.144714
329	T	0.076	0.1204968
330	C	0.342	0.1291677
331	C	0.411	0.1492713
332	C	0.066	0.1562737
333	A	0.130	0.1506952
334	G	-0.299	0.1689471
335	T	0.180	0.1541521
336	G	0.053	0.1819567
337	C	0.368	0.1943068
338	T	0.441	0.175011
339	G	0.220	0.1667298
340	G	0.061	0.1621883
341	A	0.375	0.1495687
342	G	-0.270	0.09923098
343	T	0.465	0.06648942
344	C	0.515	0.02942264
345	T	0.141	-0.03906536
346	T	-0.049	-0.07220236
347	C	0.066	-0.04954885
348	A	-0.476	-0.05795728
349	A	-0.524	-0.01359464
350	A	-0.404	-0.01484292
351	G	-0.150	-0.03078835
352	A	-0.517	-0.06641171
353	A	-0.243	-0.07809189
354	C	0.378	-0.1030585
355	A	0.257	-0.07914643
356	T	0.350	-0.02638829
357	C	0.447	0.02400307
358	C	0.292	0.05738179
359	G	-0.357	0.09431336
360	A	-0.213	0.1042613
361	G	-0.283	0.09437007
362	A	-0.141	0.06224143
363	G	0.214	0.01838471
364	C	0.300	-0.02582921
365	T	0.316	-0.05587243
366	G	0	-0.0196895
 367	G	-0.104	0.02753157
368	A	0.240	0.04454371
369	G	-0.192	0.05308241
370	G	-0.263	0.06590513
371	A	-0.171	0.07595191
372	G	-0.128	0.05745464
373	T	0.149	0.06518014
374	C	0.447	0.1021464
375	G	-0.044	0.1150613
376	G	-0.022	0.1602607
377	C	0.393	0.1993846
378	C	0.441	0.2
379	T	0.057	0.1916134
380	G	0.108	0.1734187
381	C	0.413	0.1043541
382	T	0.421	0.1063946
383	C	0.440	0.1160071
384	T	0.284	0.05743891
385	G	-0.162	0.01186091
386	T	-0.245	-0.01822818
387	G	-0.105	-0.03899211
388	A	-0.519	-0.09084861
389	A	-0.016	-0.1091732
390	G	0.112	-0.1128186
391	A	-0.425	-0.1347968
392	G	-0.196	-0.1378619
393	A	-0.363	-0.1292798
394	T	-0.182	-0.09820094
395	T	-0.312	-0.06587352
396	C	0.164	-0.06001221
397	C	0.389	-0.0378415
398	A	-0.023	0.004162714
399	A	-0.205	0.009086429
400	C	-0.125	0.0308329
401	T	0.329	0.02513569
402	G	-0.066	0.06149669
403	G	0.065	0.06411504
404	T	0.422	0.06929619
405	G	0.162	0.1007356
406	T	-0.127	0.1475047
407	G	-0.059	0.1387616
408	T	-0.262	0.100535
409	G	0.196	0.1220882
410	T	0.201	0.1196489
411	C	0.462	0.06292408
412	C	0.416	0.03376372
413	T	0.449	0.02949744
414	T	-0.247	0.06423575
415	G	-0.205	0.08117046
416	C	0.235	0.09395167
417	T	0.031	0.07957974
418	G	-0.371	0.04467196
419	A	-0.246	0.00234625
420	G	-0.187	-0.05800375
421	G	0.427	-0.05290675
422	G	-0.025	-0.04621611
423	T	0.375	-0.06645559
424	T	0	-0.05652099
 425	C	-0.026	-0.0008570571
426	T	-0.176	0.02337786
427	A	-0.395	0.02953507
428	A	-0.176	-0.005420429
429	T	-0.111	-0.003619493
430	T	-0.048	-0.04790014
431	G	0.170	-0.05702406
432	C	0.408	-0.06936929
433	C	0.093	-0.07153271
434	G	-0.101	-0.03080721
435	A	-0.062	9.142857e-05
436	G	0	0.002237186
 437	G	-0.244	0.008251607
438	A	-0.127	-0.003942964
439	G	-0.199	-0.02127596
440	G	-0.206	-0.06196881
441	A	0.174	-0.06416245
442	G	0.256	-0.08193974
443	G	-0.081	-0.07605436
444	A	0.036	-0.09463921
445	G	0	-0.09712429
 446	G	0.165	-0.0812115
447	A	-0.476	-0.05926557
448	A	-0.131	-0.05896007
449	G	-0.311	-0.06947293
450	T	0.082	-0.09703304
451	A	-0.504	-0.09304654
452	T	-0.162	-0.06682061
453	G	0.023	-0.05340619
454	C	0.100	0.01044131
455	T	0.178	0.03640174
456	G	0.108	0.05274794
457	A	-0.467	0.03091385
458	G	0.091	0.04327171
459	G	0.367	0.02556414
460	G	0.353	-0.001577721
461	T	0.417	-0.04578701
462	C	0.231	-0.08987844
463	A	-0.082	-0.09765608
464	C	-0.223	-0.04976786
465	A	-0.331	-0.08826159
466	A	-0.410	-0.09369009
467	C	-0.356	-0.08972966
468	A	-0.518	-0.1046637
469	A	-0.438	-0.1106949
470	A	0	-0.1033826
 471	G	0.202	-0.05667561
472	A	-0.447	-0.01012004
473	C	0.291	0.03888096
474	A	0.408	0.05345454
475	G	0.208	0.1092421
476	G	0.147	0.1675883
477	G	0.020	0.1978555
478	T	0.430	0.1861417
479	C	0.319	0.2163103
480	T	0.275	0.175241
481	G	-0.152	0.1460534
482	G	0.263	0.09372756
483	G	0.378	0.08442781
484	G	0.423	0.1117281
485	G	0.038	0.104437
486	T	-0.024	0.113917
487	G	-0.283	0.1306759
488	T	0	0.1450775
 489	T	-0.524	0.09317374
490	G	0.016	0.07953174
491	C	0.402	0.02569095
492	C	0.328	0.03799606
493	C	0.452	0.04102156
494	A	0.510	0.09714863
495	G	0.049	0.1264331
496	A	-0.463	0.1829163
497	T	0.187	0.1879822
498	T	-0.330	0.1412854
499	G	0.211	0.08924272
500	C	0.017	0.03486879
501	T	0.501	0.00921265
502	C	0.409	0.01447576
503	T	0.266	0.07966962
504	C	0.087	0.09870355
505	A	-0.251	0.152154
506	G	-0.400	0.1594975
507	A	-0.308	0.1532023
508	A	0.151	0.1139621
509	C	0.122	0.09978328
510	T	0.449	0.1134055
511	C	0.453	0.1279528
512	T	0.418	0.1276916
513	T	0.314	0.119644
514	G	-0.070	0.1092114
515	G	-0.047	0.07660393
516	G	0.211	0.04374343
517	C	0.457	0.02299779
518	T	0.291	-0.03069329
519	T	-0.255	-0.05744823
520	A	-0.512	-0.05161344
521	A	-0.454	-0.0148992
522	G	-0.305	0.008840629
523	T	-0.337	0.01247349
524	A	0.158	0.01057934
525	A	-0.297	0.005290414
526	C	0.043	-0.002513371
527	T	0.395	0.0277845
528	C	0.443	0.04720807
529	T	0.284	0.09061107
530	C	0.262	0.1405882
531	C	0.430	0.1535816
532	T	0.217	0.1939816
533	G	-0.364	0.2227412
534	T	-0.088	0.2261861
535	T	-0.182	0.2238374
536	G	0.302	0.2302463
537	C	0.362	0.2176243
538	A	0.340	0.1562352
539	G	0.267	0.1380725
540	C	0.446	0.179312
541	C	0.443	0.2080874
542	T	0.410	0.2476899
543	C	0.374	0.2479722
544	C	0.085	0.2529256
545	A	-0.428	0.2418915
546	A	-0.036	0.2389277
547	C	0.213	0.2070462
548	T	0.314	0.1838536
549	C	0.371	0.1441039
550	A	0.306	0.08394696
551	C	0.431	0.1100231
552	T	0.186	0.1684168
553	G	0.226	0.1800707
554	G	0	0.1922701
 555	G	0.119	0.1867905
556	A	-0.145	0.1918901
557	T	-0.467	0.2004878
558	T	0.450	0.1738832
559	T	0.388	0.1461172
560	G	0.126	0.1369016
561	T	0.383	0.132284
562	G	0.237	0.1316071
563	G	0.443	0.1711492
564	C	0.426	0.2135918
565	A	0.059	0.2135713
566	T	-0.202	0.1914752
567	G	0.097	0.161676
568	C	-0.064	0.148143
569	A	0.109	0.105638
570	T	0.407	0.0450044
571	C	0.126	0.004614971
572	A	0.450	-0.0008249071
573	T	0.079	0.02582224
574	G	-0.290	-0.003272429
575	T	0.194	0.02292221
576	T	-0.357	0.04757614
577	A	-0.405	0.040342
578	G	-0.138	0.02615108
579	T	-0.016	-0.01871214
580	T	0.170	-0.05074835
581	G	-0.310	-0.02757044
582	G	0.302	-0.06026194
583	C	0.454	-0.02026008
584	T	0.306	0.04300635
585	T	-0.071	0.03262121
586	T	-0.177	0.01095928
587	T	-0.369	0.01886278
588	T	0.033	0.05642364
589	G	-0.263	0.06610156
590	T	0.202	0.05402999
591	T	0.479	0.06288271
592	G	-0.284	0.05580956
593	A	-0.320	0.09649899
594	C	0.281	0.1032042
595	T	0.215	0.09424311
596	T	0.437	0.1167805
597	C	0.285	0.1272142
598	T	0.430	0.08309359
599	G	-0.171	0.1191669
600	T	0.391	0.1671397
601	G	-0.275	0.1634103
602	A	-0.091	0.1768107
603	T	0.052	0.1747879
604	T	0.348	0.1789449
605	G	-0.137	0.1506067
606	T	0.220	0.1725229
607	G	0.351	0.1310044
608	G	0.228	0.183474
609	C	0.403	0.1985001
610	C	0.409	0.2062201
611	C	0.344	0.1637547
612	A	0.033	0.1452402
613	A	0.135	0.1233372
614	G	-0.189	0.06809609
615	T	0.459	0.07156659
616	T	0.118	0.06027373
617	C	0.160	0.06183259
618	T	-0.245	0.06072459
619	A	-0.396	0.05640025
620	A	-0.085	0.05349177
621	A	-0.421	0.03688041
622	T	0.277	-0.01733801
623	G	0.245	-0.06451173
624	C	0.431	-0.08159615
625	T	0.328	-0.09127015
626	T	-0.026	-0.05058122
627	T	0.095	-0.02302596
628	A	-0.421	0.03847476
629	T	-0.299	0.03658119
630	A	-0.541	0.02984404
631	T	-0.078	0.01186469
632	T	-0.381	0.02407526
633	C	0.172	0.0205403
634	C	0.299	0.008173221
635	C	0.439	0.07515722
636	C	0.250	0.07689708
637	T	0.151	0.08924465
638	C	0.179	0.0677065
639	T	0.499	0.06859664
640	C	-0.076	0.05162481
641	A	-0.078	0.003192029
642	T	0.515	-0.03211346
643	T	-0.275	-0.08505839
644	T	-0.368	-0.06753475
645	A	-0.380	-0.06398182
646	G	-0.368	-0.06813275
647	T	-0.064	-0.03708945
648	A	-0.378	-0.05115182
649	A	-0.055	-0.1254302
650	A	-0.490	-0.135185
651	C	0.396	-0.1187785
652	T	0.229	-0.1271635
653	C	0.441	-0.07749582
654	C	0.358	-0.06656307
655	A	-0.274	-0.02451129
656	A	-0.523	0.01234042
657	A	-0.412	0.06148428
658	G	-0.139	0.04986064
659	A	-0.497	0.06492685
660	C	0.326	0.06666921
661	A	0.088	0.0439166
662	C	0.210	0.04292024
663	T	0.460	0.09123503
664	T	0.197	0.09172231
665	G	0.233	0.1119591
666	C	0.440	0.1445797
667	T	0.465	0.1161853
668	G	0.039	0.08165836
669	A	-0.288	0.02894271
670	T	0.152	-0.01332807
671	T	-0.405	0.001488786
672	T	0.144	-0.02831079
673	C	-0.041	-0.05343664
674	T	-0.071	-0.07369478
675	T	-0.395	-
676	A	-0.527	-
677	T	-0.130	-
678	C	0.405	-
679	A	-0.183	-
680	G	0.088	-
681	G	0.182	-
