1	C	0.252	-
2	G	0.474	-
3	G	0.308	-
4	T	-0.189	-
5	A	-0.427	-
6	C	0.449	0.005269645
7	C	0.544	-0.04605917
8	A	-0.044	-0.05663526
9	A	-0.488	-0.06550554
10	T	-0.412	-0.02937045
11	T	-0.410	0.04692619
12	A	-0.312	0.02030019
13	C	0.358	-0.04735363
14	A	0.210	-0.05394291
15	C	0.208	-0.030125
16	T	0.412	0.04017127
17	G	0.156	0.06182391
18	T	-0.199	0.1056326
19	G	-0.116	0.04682764
20	A	-0.226	0.049526
21	C	0.360	0.04731318
22	T	-0.171	-0.01485409
23	G	0.169	0.009513727
24	A	-0.288	0.04739891
25	C	0.240	0.04005682
26	A	0.183	0.01708909
27	G	-0.271	-0.05003109
28	G	0.425	-0.04117958
29	C	0.216	-0.03590704
30	A	-0.197	0.03053769
31	T	-0.478	-0.009358127
32	T	-0.377	0.005055873
33	T	-0.074	0.002456055
34	T	0.227	-0.07222231
35	C	0.442	-0.07414895
36	T	-0.198	-0.03946767
37	G	0.342	0.0263356
38	A	-0.300	0.0970786
39	A	-0.396	0.1250507
40	G	0.195	0.1373501
41	T	0.183	0.077645
42	C	0.245	0.09846798
43	A	0.400	0.02212653
44	G	0.233	0.07355662
45	C	0.363	0.1019132
46	A	-0.214	0.1210552
47	G	0.030	0.1200915
48	A	-0.497	0.125658
49	G	0.265	0.1107494
50	G	-0.084	0.1058414
51	C	0.406	0.1120016
52	C	0.173	0.1708078
53	A	0.306	0.1965843
54	G	0.236	0.284183
55	G	0.179	0.2823566
56	C	0.430	0.3178585
57	C	0.432	0.2960839
58	C	0.314	0.2350767
59	T	0.466	0.1868984
60	C	0.245	0.1983523
61	T	0.305	0.1685993
62	C	0.166	0.09824491
63	A	-0.497	0.04294191
64	T	-0.223	0.003043364
65	C	0.362	-0.04670931
66	C	-0.148	-0.06900285
67	A	-0.342	-0.09681976
68	A	-0.175	-0.0744724
69	T	-0.124	0.006669327
70	G	-0.081	0.05011133
71	A	0	0.05329524
 72	G	0	0.08105815
 73	G	0.412	0.1387876
74	C	0.394	0.1575972
75	T	0.254	0.2088988
76	C	0.397	0.240747
77	T	0.157	0.2320989
78	T	0.292	0.1848541
79	G	0.031	0.146402
80	G	0.439	0.08643643
81	C	0.269	0.03217961
82	A	-0.095	-0.04815957
83	T	-0.519	-0.08150894
84	A	-0.010	-0.1444055
85	C	-0.264	-0.1675002
86	A	-0.342	-0.2356242
87	A	-0.486	-0.2981339
88	T	-0.209	-0.3064697
89	G	-0.399	-0.2927829
90	A	-0.222	-0.3039644
91	A	-0.309	-0.3045936
92	G	-0.418	-0.2482361
93	A	-0.186	-0.1739635
94	A	-0.369	-0.121894
95	C	-0.133	-0.09999973
96	A	-0.271	-0.1137348
97	A	0.277	-0.1085226
98	C	0.330	-0.1065531
99	T	0.363	-0.1216733
100	G	-0.158	-0.1250395
101	A	-0.373	-0.1535461
102	G	-0.252	-0.1345172
103	A	-0.396	-0.117958
104	A	-0.353	-0.1128002
105	T	-0.406	-0.1625305
106	T	-0.447	-0.1949173
107	A	-0.062	-0.1254154
108	C	0.459	-0.1261687
109	T	0.387	-0.08409924
110	G	-0.183	-0.08620715
111	A	-0.515	-0.03577442
112	A	0.390	-0.0097346
113	G	-0.260	0.02125795
114	T	0.065	0.02008032
115	A	-0.376	0.004434409
116	T	0.148	0.03283932
117	A	-0.160	0.1141525
118	C	0.278	0.09459823
119	T	0.446	0.1536941
120	T	0.215	0.1912792
121	G	0.128	0.2440255
122	A	0.379	0.2401551
123	G	0.175	0.282019
124	T	0.389	0.2203199
125	C	0.479	0.170115
126	T	0.203	0.1060425
127	T	0.106	0.06009273
128	C	0.299	0.02561964
129	A	-0.400	-0.009797909
130	T	-0.105	-0.06872045
131	A	-0.489	-0.08924227
132	T	-0.376	-0.1128698
133	A	0	-0.1586807
 134	G	-0.213	-0.1859431
135	G	-0.258	-0.1521425
136	A	0.253	-0.1144916
137	T	-0.056	-0.05571024
138	A	-0.397	0.004747491
139	T	0	0.03433995
 140	T	-0.028	0.09504267
141	C	0.308	0.09380904
142	A	0.157	0.03149676
143	G	0.288	0.02296465
144	C	0.325	0.06739569
145	T	0.453	0.0823146
146	T	-0.272	0.1261282
147	G	-0.431	0.1159134
148	A	-0.149	0.1260278
149	C	0.090	0.07263395
150	A	0.164	0.04888332
151	C	0.453	0.01471405
152	C	0.196	0.07710695
153	T	0.268	0.1450943
154	A	-0.299	0.1611872
155	G	0.064	0.1090372
156	A	0.077	0.1100773
157	C	0.413	0.06062183
158	C	0.316	0.08113237
159	T	0.027	0.07938601
160	G	-0.482	0.09209455
161	T	0.175	0.08625274
162	G	-0.090	0.06319765
163	C	0.421	-0.001426718
164	G	0.249	-0.01968899
165	G	-0.159	-0.02774642
166	G	0	0.01770656
 167	A	-0.175	-0.02875544
168	A	-0.297	-0.05788979
169	G	0.115	-0.1372862
170	A	-0.061	-0.2052902
171	G	0.017	-0.1838835
172	G	-0.335	-0.2041169
173	A	-0.411	-0.2116125
174	A	-0.451	-0.2242545
175	A	-0.498	-0.2830271
176	T	0.076	-0.3159655
177	G	-0.222	-0.3620232
178	G	-0.258	-0.3211105
179	A	-0.436	-0.2482872
180	A	-0.531	-0.1733772
181	A	-0.423	-0.08918834
182	T	-0.489	-0.05716936
183	G	0.114	0.003379364
184	C	0.389	0.06693745
185	T	0.372	0.1495738
186	G	0.427	0.2158967
187	C	0.428	0.2669168
188	C	0.443	0.2887405
189	T	0.441	0.2302811
190	C	0.472	0.1693466
191	C	0.198	0.1092251
192	A	0.137	0.06796361
193	T	-0.249	0.02710277
194	A	-0.528	-0.04220332
195	A	-0.280	-0.07521729
196	G	-0.288	-0.1342072
197	A	-0.026	-0.1120577
198	T	-0.021	-0.08572929
199	T	-0.318	-0.05510943
200	G	0.077	0.0094813
201	G	-0.175	0.07057666
202	C	0.441	0.1347148
203	C	0.427	0.1625532
204	T	0.087	0.1905831
205	G	0.181	0.2437748
206	C	0.391	0.2077276
207	G	0.416	0.2177487
208	G	0.279	0.2005834
209	G	0.287	0.1894727
210	G	0.266	0.2198568
211	A	-0.318	0.243441
212	A	-0.065	0.2451516
213	G	0.253	0.2425695
214	T	0.304	0.2362247
215	C	0.421	0.2287963
216	T	0.441	0.1891845
217	G	0.410	0.2607941
218	T	0.388	0.2492295
219	G	0.209	0.2464131
220	G	0.205	0.220633
221	C	-0.169	0.1763001
222	G	0.469	0.1348493
223	T	-0.192	0.1164446
224	G	0.222	0.08693582
225	T	0.021	0.1083346
226	G	-0.066	0.07550127
227	G	-0.014	0.09881335
228	T	0.208	0.06331861
229	C	0.063	0.08827573
230	T	0.445	0.03201582
231	T	-0.155	0.003130182
232	G	0.086	-0.02718196
233	A	0.078	-0.02797145
234	T	0.081	-0.02103509
235	T	-0.396	-0.01898936
236	A	-0.296	-0.0516354
237	A	-0.399	-0.02346785
238	T	-0.023	-0.02040029
239	G	0.284	-0.02999791
240	G	0.086	-0.01883121
241	A	0.086	0.05435797
242	G	0.154	0.1188186
243	G	0.120	0.1422346
244	A	-0.026	0.109673
245	C	0.204	0.09834702
246	C	0.408	0.08731003
247	C	0.412	0.0506197
248	A	-0.141	0.07321834
249	G	-0.381	0.08548088
250	A	0.159	0.1175924
251	T	-0.035	0.1037134
252	C	-0.317	0.03842508
253	A	0.402	0.02252445
254	C	0.255	0.006987991
255	T	0.326	0.05031377
256	G	0.051	0.05526495
257	T	-0.309	0.09318008
258	G	0.237	0.1043248
259	T	-0.312	0.09202272
260	G	0.095	0.09763899
261	T	0.214	0.08516726
262	G	0.381	0.07783245
263	T	-0.194	0.1334314
264	G	0.267	0.1512171
265	T	0.317	0.1860054
266	G	0.189	0.1856689
267	G	-0.028	0.1551996
268	G	0.301	0.0829574
269	G	0.433	0.1147958
270	G	0.069	0.06340395
271	G	0.091	0.07833967
272	G	-0.120	0.04645367
273	A	-0.412	0.04908645
274	G	0.155	0.04687209
275	C	-0.297	0.05501891
276	T	0.481	0.09147993
277	A	-0.161	0.07961989
278	T	0	0.07876262
 279	C	0.277	0.09269653
280	C	0.522	0.08946798
281	T	0.470	0.1312934
282	T	-0.039	0.08272053
283	T	-0.130	0.1009307
284	G	-0.259	0.0800994
285	G	0.119	0.05168612
286	A	0.162	0.02284385
287	T	-0.052	-0.02179102
288	A	0.038	-0.04543864
289	G	-0.229	-0.06132109
290	G	-0.035	-0.02066445
291	T	0.205	0.000202
292	T	-0.020	0.02590573
293	T	-0.299	0.01748373
294	T	-0.305	0.0060498
295	C	0.187	0.06743816
296	C	0.349	0.1084243
297	C	0.444	0.1316652
298	G	-0.145	0.1023309
299	G	-0.087	0.1076754
300	C	0.446	0.09340567
301	T	0.415	0.03156976
302	T	0.461	-0.04495369
303	G	-0.342	-0.1190782
304	T	-0.240	-0.1366118
305	A	-0.461	-0.1769322
306	T	-0.492	-0.2658002
307	A	-0.492	-0.2919873
308	A	-0.370	-0.3674678
309	G	-0.338	-0.3395047
310	A	-0.530	-0.3587221
311	A	-0.531	-0.3143775
312	A	0.127	-0.2645453
313	G	-0.369	-0.1924333
314	C	-0.035	-0.1179046
315	A	-0.451	-0.07021464
316	A	0.025	0.007754818
317	G	0.055	0.092257
318	C	0.300	0.1197899
319	C	0.449	0.1981653
320	T	0.186	0.2404607
321	T	0.327	0.2722097
322	C	0.398	0.2328795
323	C	0.430	0.2556228
324	T	0.493	0.2454443
325	C	0.430	0.2303937
326	T	-0.102	0.2560517
327	A	-0.406	0.2664578
328	C	0.305	0.253996
329	A	0.188	0.2452389
330	G	0.283	0.2231186
331	C	0.468	0.2219186
332	T	0.441	0.2654722
333	T	0.261	0.3426448
334	C	0.334	0.3210668
335	T	0.249	0.2926356
336	G	0.416	0.2431108
337	C	0.376	0.1771784
338	T	0.442	0.1339312
339	T	0.068	0.1253455
340	C	-0.123	0.1244009
341	A	-0.260	0.1412234
342	G	-0.256	0.1307154
343	T	-0.034	0.13267
344	T	0.166	0.1303191
345	C	0.323	0.1642546
346	C	0.434	0.1938013
347	T	0.301	0.2516844
348	G	0.398	0.3178014
349	C	0.416	0.2761465
350	C	0.441	0.2265185
351	T	0.201	0.1679881
352	C	0.375	0.1554295
353	C	0.470	0.1565109
354	A	-0.492	0.1599343
355	A	-0.379	0.159614
356	G	-0.320	0.1388599
357	T	0.296	0.1582119
358	T	0.313	0.1297539
359	C	0.435	0.1197286
360	C	0.412	0.1813624
361	C	0.213	0.181847
362	A	0.413	0.2073669
363	C	0.062	0.2159613
364	C	0.360	0.2273913
365	T	0.185	0.1832444
366	T	-0.373	0.1441678
367	G	-0.039	0.1188087
368	C	0.391	0.1170251
369	T	0.438	0.1298031
370	T	-0.049	0.07548521
371	G	-0.017	0.06444179
372	A	-0.065	0.1398032
373	G	0.394	0.1754026
374	T	0.203	0.1561738
375	T	-0.237	0.1320745
376	T	0.064	0.1746302
377	C	0.454	0.2145418
378	T	0.352	0.2469409
379	G	0.179	0.2425705
380	T	0.173	0.2647189
381	C	0.418	0.3262823
382	C	0.421	0.3434534
383	T	0.290	0.3120945
384	G	0.346	0.3189813
385	G	0.446	0.344225
386	C	0.440	0.36463
387	T	0.252	0.3502241
388	T	0.110	0.3161469
389	C	0.427	0.2948554
390	C	0.457	0.2530397
391	T	0.398	0.1911107
392	C	0.259	0.1460679
393	C	0.047	0.1192782
394	A	0.056	0.08891783
395	G	-0.113	0.05553819
396	T	-0.234	0.01395555
397	G	-0.055	0.01424383
398	A	-0.041	0.03513283
399	T	-0.223	0.07144788
400	G	0.060	0.08762526
401	G	0	0.1354433
 402	A	0.401	0.1254886
403	C	0.489	0.1647572
404	T	0.446	0.1835475
405	G	0.234	0.2169155
406	T	0.412	0.2477196
407	T	-0.343	0.2879724
408	G	0.376	0.290041
409	T	0.164	0.2124778
410	T	0.143	0.1304325
411	A	0.399	0.07886909
412	C	0.442	-0.003864636
413	C	0.424	0.005378273
414	T	-0.363	-0.04621091
415	A	-0.456	-0.07123436
416	A	-0.332	-0.1251319
417	A	-0.497	-0.2061125
418	A	-0.242	-0.2726266
419	G	-0.190	-0.3497113
420	T	-0.110	-0.323971
421	G	-0.449	-0.2896198
422	T	-0.491	-0.2725554
423	A	-0.288	-0.2495692
424	A	-0.423	-0.2633003
425	G	-0.080	-0.2703319
426	A	-0.078	-0.3046031
427	T	-0.144	-0.3061134
428	G	-0.244	-0.2997341
429	A	-0.393	-0.3177848
430	A	-0.268	-0.2896168
431	A	-0.487	-0.2463061
432	T	-0.466	-0.2087682
433	A	-0.420	-0.1646235
434	A	-0.487	-0.1052704
435	A	-0.113	-0.03173491
436	T	0.395	0.03003573
437	C	0.334	0.091302
438	C	0.340	0.1678725
439	T	0.407	0.2316784
440	T	0.415	0.3082286
441	C	0.411	0.3392415
442	C	0.186	0.3368687
443	C	0.375	0.3413228
444	T	0.280	-
445	C	0.354	-
446	C	0.227	-
447	C	0.369	-
448	C	0.383	-
