1	C	0.081	-
2	C	0.420	-
3	T	-0.115	-
4	A	0.347	-
5	G	0.271	-
6	C	0.490	-
7	T	0.451	0.124994
8	T	-0.056	0.1389533
9	C	0.470	0.1239371
10	C	0.266	0.1662271
11	A	-0.390	0.1703831
12	T	-0.334	0.1700854
13	A	-0.277	0.1394997
14	G	0.262	0.1356325
15	G	0.224	0.15419
16	C	0.434	0.1329375
17	C	0.401	0.1219772
18	T	0.267	0.1326689
19	T	0.092	0.1595888
20	C	0.401	0.2107462
21	T	0.184	0.2249002
22	C	0.193	0.234845
23	A	0.124	0.2130431
24	G	-0.251	0.1596223
25	T	0.015	0.1285838
26	A	0.387	0.1326741
27	C	0.446	0.1000254
28	C	0.354	0.0585671
29	T	0.151	0.04761412
30	A	-0.292	0.07234642
31	T	-0.136	0.08756751
32	C	0.145	0.07540498
33	A	-0.022	0.01069752
34	G	-0.354	0.01127183
35	A	0.051	-0.0439394
36	G	0.446	-0.07408648
37	C	-0.053	-0.06567909
38	G	-0.142	-0.01758009
39	A	-0.453	-0.04229317
40	T	0.453	-0.06708367
41	T	-0.363	-0.07173805
42	T	-0.240	-0.05964738
43	G	-0.183	-0.09510135
44	G	0.489	-0.06026751
45	A	-0.175	-0.04159051
46	A	-0.345	-0.01391538
47	T	-0.414	-0.075339
48	T	0.208	-0.03982448
49	T	-0.014	-4.501538e-05
50	C	0.398	0.04196491
51	A	0.100	0.03519591
52	T	-0.094	0.08269606
53	G	-0.344	0.08918722
54	G	0.098	0.1285614
55	T	0.276	0.09541912
56	T	0.362	0.06384863
57	C	0.401	0.007734862
58	C	0.441	-0.03090791
59	A	-0.260	-0.05493988
60	G	0.097	-0.005742185
61	G	-0.222	0.01880245
62	A	-0.425	0.03561352
63	A	-0.330	0.01814337
64	G	-0.401	-0.05137148
65	T	-0.406	-0.1198828
66	A	0.295	-0.1177532
67	G	0.417	-0.1610842
68	C	0.495	-0.1387815
69	T	0.135	-0.1211323
70	A	-0.502	-0.0789256
71	A	-0.448	-0.02114906
72	G	-0.233	0.01012225
73	T	-0.465	0.02207702
74	A	0.067	0.02589178
75	A	-0.195	0.01892502
76	G	0.218	-0.01587529
77	T	0.349	-0.01104252
78	T	0	0.0006522462
 79	C	0.450	0.02675748
80	T	0.466	0.07034309
81	G	0.404	0.06514192
82	T	-0.316	0.1076574
83	A	-0.439	0.07473838
84	T	-0.296	0.07383638
85	T	0.106	0.1006521
86	C	0.100	0.04858308
87	A	0	0.03955631
 88	G	0.356	-0.003008077
89	C	-0.209	0.05397677
90	T	0.337	0.08503695
91	C	0.348	0.1470675
92	T	-0.226	0.1225937
93	T	0.349	0.1029896
94	G	-0.148	0.11156
95	T	0.424	0.1169988
96	T	-0.036	0.1650768
97	C	0.509	0.1560193
98	T	-0.211	0.1675262
99	A	-0.154	0.211811
100	A	0.111	0.1742365
101	C	0.427	0.1763593
102	T	0.415	0.1437323
103	G	0.219	0.1465055
104	G	0.498	0.1226964
105	C	0.349	0.1532758
106	A	-0.139	0.1848148
107	T	-0.121	0.2131303
108	A	0	0.1986369
 109	G	0	0.1282757
 110	A	0.200	0.07182538
111	G	0.185	0.01083285
112	T	0.255	-0.01089775
113	C	0.479	-0.002562177
114	C	0.239	-0.01082495
115	A	-0.499	-0.02789595
116	A	-0.514	-0.01973964
117	A	-0.294	-0.01976225
118	G	0.066	-0.005216562
119	T	-0.030	-0.04758033
120	G	-0.228	-0.1011946
121	A	-0.221	-0.1088999
122	G	0.106	-0.08697202
123	C	0.199	-0.02147441
124	A	0.374	-0.03549118
125	G	-0.294	-0.06490112
126	G	-0.217	-0.092527
127	A	0.138	-0.1037593
128	G	-0.214	-0.092464
129	T	0.337	-0.06946092
130	A	-0.476	-0.05373577
131	T	-0.315	-0.1057676
132	T	-0.389	-0.09206854
133	A	-0.374	-0.08719462
134	A	-0.075	-0.1222123
135	T	0.405	-0.08854
136	C	0.404	-0.1394979
137	A	-0.301	-0.1249249
138	A	-0.116	-0.1402415
139	G	-0.154	-0.1507074
140	G	-0.316	-0.1624455
141	A	0.223	-0.1606007
142	G	-0.325	-0.1862768
143	G	-0.287	-0.1861339
144	A	-0.514	-0.130032
145	A	-0.525	-0.100132
146	G	-0.527	-0.05445048
147	A	-0.051	-0.03012209
148	G	0.071	-0.07535886
149	C	0.406	-0.07475863
150	C	0.427	-0.09484017
151	C	0.271	-0.0949304
152	G	0.439	-0.04933805
153	T	0	0.01888225
 154	G	-0.364	0.04553085
155	T	-0.317	0.06811473
156	A	-0.548	0.0390415
157	A	-0.515	-0.01900873
158	A	0.066	-0.06398412
159	T	0.359	-0.1358624
160	G	0.295	-0.169366
161	T	0.364	-0.182588
162	G	0.028	-0.1914021
163	G	-0.327	-0.1161704
164	A	-0.312	-0.04175619
165	A	-0.494	-0.01843408
166	A	-0.435	-0.01870431
167	A	-0.536	-0.01008538
168	A	-0.431	-0.04608754
169	C	0.429	-0.05965769
170	T	0.451	-0.03755849
171	C	0.370	0.0194212
172	C	0.356	0.01749051
173	A	0.407	0.06218597
174	G	-0.103	0.1338677
175	G	-0.148	0.1810166
176	A	-0.039	0.1793464
177	T	0.427	0.1720332
178	T	-0.519	0.1733565
179	G	0.145	0.1509136
180	T	0.395	0.1536876
181	G	0.180	0.1439291
182	G	0.407	0.1823715
183	C	0.356	0.1947304
184	T	0.387	0.1605567
185	T	0.064	0.2386917
186	G	0.443	0.2527428
187	G	-0.230	0.2317224
188	A	0.351	0.2433943
189	G	0.120	0.1888486
190	G	-0.016	0.1250248
191	T	0.495	0.05784127
192	C	0.328	0.04213794
193	A	0.122	-0.02063006
194	C	0.332	-0.01973168
195	A	-0.301	-0.06123368
196	A	-0.473	-0.09418729
197	A	-0.486	-0.09401582
198	A	-0.139	-0.1397056
199	G	-0.372	-0.1307864
200	T	-0.218	-0.1726688
201	A	-0.188	-0.195514
202	A	-0.307	-0.1516002
203	G	-0.014	-0.08512962
204	T	-0.097	-0.06349246
205	T	0.444	-0.0544687
206	G	-0.422	-7.208462e-05
207	G	0.035	0.05125207
208	A	0.269	0.09770676
209	A	0.390	0.105735
210	C	-0.204	0.1153303
211	T	-0.022	0.1105924
212	T	0.334	0.07341422
213	C	0.448	0.09846463
214	C	0.415	0.1313493
215	A	-0.203	0.1312879
216	G	0.110	0.132514
217	G	-0.159	0.174243
218	A	-0.039	0.2093315
219	A	-0.096	0.1937085
220	C	0.463	0.1896107
221	C	0.268	0.1920641
222	T	0.406	0.1910722
223	C	0.337	0.1917437
224	T	0.433	0.2084004
225	G	0.131	0.2191995
226	C	0.395	0.2553342
227	C	0.447	0.2557216
228	T	-0.215	0.2693713
229	G	0.119	0.2507094
230	A	0.056	0.2497395
231	T	0.101	0.2547357
232	G	0.372	0.2471019
233	C	0.468	0.2280737
234	T	0.446	0.1901703
235	T	0.164	0.240663
236	C	0.324	0.2406242
237	C	0.498	0.2203899
238	A	0.032	0.1886206
239	A	0.148	0.1183429
240	C	-0.044	0.05471548
241	T	0.440	0.03152178
242	T	0.118	0.03165102
243	C	-0.206	-0.01225983
244	A	-0.311	-0.01878352
245	A	-0.540	0.0145908
246	A	-0.358	0.03771511
247	C	0.144	0.03843402
248	A	0.165	0.0232601
249	C	-0.245	0.05418125
250	A	0.413	0.06245901
251	C	0.466	0.08895843
252	C	0.448	0.1387073
253	A	-0.035	0.1828007
254	C	0.243	0.1380792
255	C	0.520	0.1311215
256	G	-0.098	0.1819842
257	A	0.032	0.1533088
258	C	0.106	0.1266309
259	T	0.214	0.09294242
260	T	-0.436	0.08323947
261	G	0.075	0.02464947
262	C	0.415	-0.03349738
263	A	0.040	-0.01346559
264	G	0.119	0.004191446
265	G	0.010	0.02951006
266	G	-0.161	0.0405616
267	A	-0.518	0.07497908
268	A	-0.235	0.06732122
269	C	0.161	0.0676696
270	G	0.262	0.07888868
271	C	0.435	0.1026958
272	T	0.358	0.1419692
273	G	0.010	0.1809455
274	G	-0.024	0.1994271
275	C	0.419	0.2579625
276	A	0.186	0.2271038
277	C	0.428	0.2108679
278	A	0.521	0.1916621
279	G	0.344	0.1546161
280	T	-0.278	0.1366119
281	T	0.525	0.134981
282	G	-0.239	0.08069909
283	A	0.051	0.04323794
284	T	0.185	0.03594248
285	T	-0.123	-0.01110592
286	A	-0.223	-0.05812523
287	T	-0.045	-0.06561715
288	T	-0.285	-0.1413428
289	T	-0.300	-0.09859377
290	T	0.333	-0.1270151
291	C	-0.090	-0.1308619
292	T	-0.266	-0.1124879
293	A	-0.375	-0.08300862
294	A	-0.458	-0.05046109
295	T	0.316	-0.007417938
296	G	-0.318	0.05479568
297	G	0.135	0.02392997
298	A	0.115	0.01057622
299	C	0.159	0.05913222
300	A	0.377	0.09273003
301	T	0.273	0.1588078
302	C	0.508	0.1485696
303	T	-0.067	0.1829439
304	A	-0.263	0.1936991
305	C	0.364	0.2207979
306	C	0.061	0.221919
307	C	0.400	0.1618553
308	A	0.183	0.1613248
309	G	0.128	0.1382026
310	A	0.275	0.1517947
311	C	0.467	0.1547811
312	T	0.174	0.09265805
313	T	-0.403	0.05394992
314	T	0.266	0.051355
315	C	0.208	0.03406742
316	A	0.109	0.05022919
317	T	-0.224	0.05409596
318	G	-0.442	0.03502404
319	A	-0.442	0.03544819
320	T	0.366	0.05201342
321	C	-0.041	0.0179965
322	T	0.338	0.005860138
323	C	0.325	-0.02180155
324	G	0.219	-0.02274478
325	A	0.179	-0.01980409
326	G	-0.187	0.01088366
327	G	-0.175	-0.02107456
328	A	0.050	-0.03991214
329	G	-0.250	-0.07585345
330	A	-0.237	-0.1308433
331	G	-0.404	-0.1270014
332	A	-0.043	-0.1250897
333	C	-0.048	-0.1306314
334	A	-0.286	-0.09623037
335	A	-0.128	-0.06128885
336	A	-0.389	-0.0343197
337	T	0.269	0.003598069
338	T	0.204	0.0692683
339	A	-0.259	0.08509839
340	C	0.271	0.1128754
341	T	0.504	0.1615641
342	G	0.100	0.1729526
343	A	0.255	0.1690555
344	C	0.449	0.1107819
345	T	0.162	0.07705169
346	C	0.312	0.08570146
347	C	0.346	0.07778138
348	G	0.019	0.07794138
349	A	-0.439	0.086679
350	A	-0.487	0.08641754
351	G	-0.233	0.06826685
352	A	-0.147	0.06542708
353	G	0.168	0.06407815
354	C	0.506	0.07333046
355	T	0.214	0.08554862
356	T	0.252	0.1338882
357	C	0.213	0.1819434
358	G	0.125	0.1909532
359	C	0.294	0.1747368
360	C	0.467	0.1379165
361	A	0.178	0.05707054
362	G	0.188	0.01536031
363	C	0.136	-0.01701715
364	A	-0.116	-0.04653423
365	G	-0.358	-0.05879198
366	A	-0.309	-0.1059128
367	A	-0.544	-0.1178292
368	A	-0.328	-0.1078598
369	G	-0.168	-0.1045547
370	A	-0.170	-0.08231706
371	T	-0.033	-0.05505868
372	G	-0.317	0.001238631
373	G	0.312	0.03943332
374	C	0.307	0.1153281
375	A	0.231	0.1762777
376	C	0.425	0.2150348
377	T	0.237	0.2431306
378	C	0.373	0.2697302
379	A	0.186	0.3228886
380	C	0.442	0.3220472
381	T	0.464	0.2866658
382	C	0.335	0.2993753
383	A	0.194	0.28297
384	C	0.312	0.266778
385	T	0.373	0.261825
386	G	0.301	0.2335968
387	G	-0.152	0.2037944
388	C	0.396	0.1969372
389	C	0.212	0.1778033
390	T	0.027	0.1677967
391	T	0.309	0.1462452
392	C	-0.180	0.1151716
393	A	0.054	0.09344278
394	C	0.374	0.1219922
395	C	0.086	0.1074529
396	G	0.064	0.1191554
397	A	0.032	0.1086752
398	T	-0.030	0.09413367
399	G	0.018	0.1368891
400	G	0.219	0.1437295
401	G	0.207	0.08396505
402	T	0.364	0.07249271
403	T	-0.108	0.1022384
404	T	0.120	0.1258533
405	C	0.375	0.1087944
406	T	0.143	0.07938743
407	A	-0.401	0.06562535
408	G	-0.062	0.07283058
409	T	0.451	0.06799628
410	C	0.339	0.06704866
411	T	-0.252	0.07468243
412	G	-0.363	0.02956435
413	T	0.040	0.03454628
414	T	0.301	0.08143951
415	C	0.301	0.1213108
416	T	-0.121	0.1009679
417	G	0.219	0.04833323
418	G	-0.210	0.03544485
419	G	0.208	0.051648
420	A	0.207	0.01706208
421	C	0.455	-0.02288892
422	G	0.186	-0.03934356
423	T	-0.345	0.0001021308
424	G	-0.419	0.007837977
425	A	-0.152	0.03179728
426	A	-0.409	-0.01246102
427	G	-0.218	-0.05968564
428	A	0.087	-0.1101789
429	G	0.391	-0.1364079
430	C	0.320	-0.1345543
431	A	0.100	-0.1145799
432	G	-0.366	-0.133038
433	A	-0.406	-0.1114288
434	A	-0.200	-0.106204
435	T	-0.154	-0.1061155
436	T	-0.321	-0.1224078
437	G	-0.160	-0.1132778
438	A	-0.392	-0.08546892
439	G	-0.128	-0.02527276
440	A	-0.150	0.02039693
441	C	0.089	0.04980932
442	G	0.179	0.05623546
443	C	0.438	0.1032641
444	C	0.462	0.1481063
445	T	0.415	0.173971
446	T	0.187	0.1838577
447	C	0.181	0.1854171
448	A	-0.070	0.1829877
449	G	0.290	0.1837154
450	C	0.422	0.1782274
451	A	-0.056	0.1491575
452	C	0	0.1353807
 453	A	-0.129	0.1347731
454	T	0.057	0.1207996
455	C	0.189	0.1214697
456	C	0.367	0.13175
457	A	0.084	0.1333627
458	T	0.236	0.1679736
459	C	0.179	0.1913709
460	T	0	0.2175236
 461	G	-0.061	0.2039973
462	C	0.423	0.1757466
463	C	0.443	0.1420954
464	C	0.393	0.1386173
465	T	0.304	0.09415619
466	G	0.210	0.07672352
467	A	-0.118	0.06379859
468	C	-0.178	0.06110029
469	A	-0.069	0.02209365
470	T	0.038	0.0048445
471	T	-0.341	-0.002890731
472	T	-0.047	-0.03301595
473	G	-0.168	-0.01710379
474	G	-0.096	-0.02166933
475	A	-0.083	-0.006157146
476	T	0.219	-0.03705603
477	G	0.292	-0.05412752
478	G	-0.087	-0.04471036
479	G	0.417	-0.008701915
480	A	-0.177	0.03872055
481	G	0.023	0.08281933
482	T	-0.471	0.09171298
483	T	-0.182	0.1097451
484	G	-0.219	0.06447452
485	G	0.421	0.07003508
486	C	0.448	0.07120639
487	T	0.476	0.09633716
488	C	0.032	0.1235137
489	T	0.453	0.1424976
490	T	-0.295	0.1443196
491	G	-0.015	0.1305104
492	C	0.432	0.113792
493	T	0.149	0.08867921
494	G	0.376	0.05101441
495	T	-0.224	0.02992471
496	G	-0.159	-0.009815208
497	A	-0.398	0.03841764
498	C	0.203	0.05839152
499	A	0.122	0.0251419
500	G	-0.013	-0.01968448
501	G	-0.241	-0.09068264
502	A	-0.062	-0.09888087
503	G	0.331	-0.0522061
504	C	0.244	0.01161882
505	G	0	0.02895767
 506	A	-0.433	0.05047913
507	A	-0.546	0.08855155
508	A	-0.331	0.1014619
509	C	0.447	0.1188907
510	T	0.431	0.05267087
511	G	0.429	-0.001747054
512	T	0.401	-0.03733582
513	A	0.481	-0.03509705
514	T	-0.073	-0.03387998
515	T	0.163	-0.04131628
516	T	-0.529	-0.09618328
517	T	-0.462	-0.126064
518	G	-0.462	-0.1248486
519	A	-0.404	-0.1199082
520	A	-0.530	-0.1201209
521	A	-0.428	-0.1113104
522	C	-0.265	-0.09189927
523	A	0.042	-0.01603427
524	C	0.444	0.06012919
525	C	0.466	0.1228825
526	T	0.478	0.169226
527	G	0.040	0.2076019
528	T	0.416	0.2223709
529	T	0.456	0.2060607
530	C	0.527	0.1655616
531	T	0.353	0.1199609
532	T	0.197	0.0895408
533	C	-0.031	0.08791649
534	A	-0.236	0.1194428
535	A	-0.477	0.0666486
536	A	-0.483	0.0408096
537	T	-0.147	-0.02005663
538	T	0.070	-0.02963202
539	C	0.457	-0.005398708
540	C	0.450	0.002580308
541	A	-0.270	0.03431869
542	T	0.120	0.05085331
543	G	-0.264	0.07117769
544	G	0.228	0.08805555
545	C	0.512	0.09824454
546	T	0.072	0.05792069
547	A	0.176	0.004576
548	T	-0.262	-0.005145
549	G	-0.219	0.01917631
550	T	0.071	0.05959308
551	A	0.203	0.06887062
552	G	-0.066	0.06164815
553	G	-0.243	0.09026155
554	A	-0.396	0.09166232
555	T	0.436	0.08814632
556	T	0.261	0.08380108
557	C	0.349	0.06571846
558	C	0.418	0.06094169
559	C	0.444	0.09758162
560	T	0.194	0.1352714
561	A	-0.308	0.1713139
562	G	-0.276	0.1097693
563	A	-0.163	0.05598463
564	G	0.140	0.01637878
565	G	0.409	-0.05377845
566	C	0.246	-0.1194487
567	T	0.071	-0.1541981
568	G	-0.363	-0.1680764
569	A	-0.437	-0.1351444
570	G	-0.165	-0.1592512
571	A	-0.493	-0.1996172
572	T	-0.409	-0.2666076
573	A	-0.257	-0.3187054
574	A	-0.488	-0.3563508
575	T	0.152	-0.3338228
576	A	-0.476	-0.3185545
577	A	-0.383	-0.327442
578	A	-0.460	-0.3112254
579	A	-0.430	-0.2698575
580	A	-0.417	-0.2374168
581	A	-0.070	-0.2332996
582	T	-0.239	-0.2774162
583	G	-0.281	-0.2747423
584	A	-0.282	-
585	T	0.128	-
586	C	0.164	-
587	A	-0.435	-
588	A	-0.421	-
589	A	-0.442	-
