1	G	0.399	-
2	G	-0.189	-
3	A	0.117	-
4	C	-0.146	-
5	A	-0.158	-
6	C	-0.245	-
7	A	-0.305	0.1423761
8	C	0.421	0.142131
9	G	0.191	0.1261127
10	G	0.224	0.1303204
11	G	0.421	0.1435679
12	C	0.406	0.1761603
13	C	0.400	0.2094946
14	C	0.457	0.2392832
15	T	0.396	0.1987515
16	G	-0.414	0.2098279
17	T	0.176	0.2117331
18	G	0.038	0.1547454
19	C	0.298	0.1120621
20	T	0.221	0.1137471
21	G	0.111	0.1001768
22	T	-0.145	0.07542752
23	C	0.346	0.08824509
24	T	0.250	0.07123654
25	C	-0.376	0.05846473
26	A	-0.190	0.02535051
27	G	0.423	0.02488259
28	C	0.267	-0.001565843
29	T	0.049	0.03404201
30	G	-0.234	0.03516659
31	A	-0.061	0.04798159
32	G	-0.140	0.1069392
33	A	-0.165	0.1225263
34	G	0.214	0.1185407
35	G	-0.258	0.1337297
36	T	0.352	0.1328066
37	C	0.361	0.1435767
38	C	0.430	0.1202124
39	C	0.448	0.1537305
40	C	0.027	0.1961126
41	A	0.367	0.1929354
42	T	0.479	0.2075113
43	C	0.037	0.209808
44	T	-0.084	0.191174
45	A	-0.389	0.1590827
46	C	0.329	0.1444225
47	T	0.427	0.1718484
48	G	0.170	0.1671238
49	A	-0.054	0.1646178
50	C	0.384	0.1866732
51	T	0.100	0.2184059
52	C	-0.019	0.2639414
53	A	0.243	0.2463706
54	C	0.411	0.2401817
55	T	0.301	0.2523768
56	C	0.444	0.2698342
57	G	0.345	0.2751767
58	C	0.360	0.2855162
59	A	0.248	0.2965643
60	C	0.083	0.3062907
61	C	0.341	0.2951099
62	T	0.340	0.281966
63	G	0.189	0.2640867
64	G	0.459	0.2693257
65	G	0.245	0.2337951
66	G	0.135	0.2179518
67	C	0.379	0.2220382
68	T	0.254	0.2283972
69	T	0.117	0.2355647
70	C	0.194	0.2023441
71	T	0.419	0.186166
72	T	-0.137	0.1933338
73	G	0.026	0.1854062
74	G	0.140	0.1466492
75	C	0.430	0.1586288
76	T	0.441	0.1803273
77	G	-0.275	0.1843352
78	G	0.233	0.1336377
79	T	0.346	0.1144671
80	C	0.024	0.08469972
81	A	-0.162	0.05524572
82	T	0.422	-0.002702064
83	C	0.421	-0.02430892
84	T	0.250	0.02745451
85	G	-0.290	0.003713914
86	G	-0.405	-0.02586731
87	A	-0.390	-0.06734725
88	A	-0.272	-0.03848754
89	A	-0.381	-0.08953504
90	G	0.138	-0.09607925
91	G	0.449	-0.1054563
92	T	-0.099	-0.06876789
93	G	-0.068	-0.01443846
94	A	-0.556	0.04459296
95	T	0.241	0.03012432
96	G	-0.292	0.07155589
97	G	0.329	0.09635346
98	G	0.119	0.09048389
99	T	0.223	0.1213096
100	C	0.355	0.147162
101	A	0.436	0.2177113
102	T	-0.474	0.2255478
103	G	0.198	0.2786361
104	C	0.485	0.286182
105	A	0.366	0.2827938
106	T	0.332	0.2757043
107	C	0.293	0.2781176
108	T	0.431	0.2777551
109	T	0.350	0.347101
110	C	0.451	0.3268083
111	C	0.435	0.2940154
112	T	0.071	0.3011262
113	G	0.123	0.3115918
114	A	0.388	0.2940215
115	C	0.431	0.2458088
116	A	0.496	0.1834379
117	C	-0.085	0.1168757
118	A	0.026	0.07514505
119	C	0.466	0.07265927
120	T	0.478	0.08824699
121	G	0.047	0.08430784
122	T	-0.243	0.05737101
123	G	-0.522	0.03455779
124	A	-0.480	0.04305077
125	A	-0.148	0.01782664
126	G	0.037	-0.04816608
127	C	0.341	-0.1113553
128	A	0.333	-0.1492845
129	G	0.054	-0.1611541
130	G	0.176	-0.09238259
131	A	0.033	-0.02703166
132	A	-0.326	-0.04530873
133	G	-0.457	-0.07703272
134	A	-0.405	-0.1229383
135	A	-0.483	-0.1296881
136	A	-0.409	-0.1068028
137	C	0.440	-0.0842136
138	A	0.434	-0.09594657
139	G	-0.404	-0.07604589
140	G	-0.407	-0.03269496
141	A	-0.300	0.007675257
142	A	0.239	0.06690433
143	C	0.374	0.105027
144	A	0.493	0.08812061
145	G	-0.130	0.08896633
146	T	-0.047	0.1064017
147	A	0.149	0.1190067
148	G	0.159	0.1378871
149	C	0.346	0.1121433
150	T	0.124	0.05795271
151	C	0.203	0.001407429
152	T	0.446	0.02045864
153	G	-0.160	0.02815918
154	T	-0.230	0.03381925
155	G	-0.036	0.02319554
156	T	-0.121	-0.01189803
157	T	-0.384	-0.04861646
158	A	-0.298	-0.05247767
159	C	0.136	-0.07052981
160	A	0.060	-0.04907374
161	C	0.228	-0.03260131
162	G	0.010	-0.02490908
163	T	-0.145	0.01454935
164	G	-0.389	0.04030636
165	A	0.149	0.03146979
166	G	0.193	-0.01277029
167	G	0.139	-0.05437636
168	A	0	-0.1048691
 169	G	0.071	-0.0766303
170	C	0.431	-0.05496687
171	G	-0.023	-0.005420871
172	A	-0.422	-0.01167849
173	G	-0.483	0.01109894
174	A	-0.522	-0.03719156
175	A	-0.478	-0.07047449
176	G	0.406	-0.08126396
177	C	0.158	-0.1227162
178	A	0.303	-0.1448867
179	C	0.062	-0.09919604
180	C	0.512	-0.05087311
181	A	-0.536	0.01189296
182	A	-0.465	0.06549532
183	C	-0.079	0.04792968
184	A	-0.149	0.06724668
185	T	-0.333	0.05778289
186	G	0.217	0.0889743
187	G	0.193	0.05732288
188	G	0.356	0.09455978
189	T	0.272	0.1085071
190	C	0.160	0.1461165
191	T	0.428	0.1806913
192	T	0.171	0.2334107
193	C	0.498	0.2320142
194	A	0.069	0.2552143
195	T	-0.014	0.2061488
196	T	-0.270	0.167641
197	C	0.446	0.1751053
198	T	0.334	0.1522959
199	G	0.404	0.1305717
200	G	0.197	0.1287283
201	A	0.518	0.1059403
202	T	-0.330	0.1364226
203	T	-0.266	0.1862154
204	T	0.264	0.1754288
205	C	0.109	0.1534032
206	A	-0.132	0.0952273
207	T	0.473	0.0610588
208	C	-0.249	0.0394543
209	T	0.411	0.03310251
210	T	0.426	0.04488651
211	C	0.295	0.02087854
212	A	0.026	0.007287079
213	A	-0.410	0.03401444
214	T	-0.280	0.02886386
215	A	0.215	0.07157794
216	T	-0.419	0.02878901
217	G	-0.101	-0.007449293
218	G	-0.071	-0.02401241
219	A	-0.081	-0.004540779
220	T	0.241	0.03536629
221	C	0.401	0.08130379
222	C	0.348	0.06918639
223	A	-0.187	0.08777789
224	C	-0.080	0.05926889
225	A	0.063	0.04101601
226	G	0.299	0.02057683
227	G	0.148	0.002221643
228	C	0.362	-0.05922214
229	T	0.046	-0.08776767
230	T	-0.159	-0.08258974
231	T	-0.500	-0.1101589
232	A	-0.326	-0.1435035
233	A	-0.367	-0.1820895
234	G	-0.015	-0.2024568
235	A	-0.459	-0.2073222
236	A	-0.051	-0.1861609
237	C	-0.114	-0.1407456
238	A	-0.466	-0.07405457
239	T	-0.402	-0.03930421
240	A	-0.241	-0.01178299
241	A	-0.136	-0.04042245
242	C	0.294	-0.03369138
243	G	0.342	-0.06306835
244	C	0.476	-0.09379564
245	T	0.432	-0.09531785
246	T	0.159	-0.08627521
247	T	0.018	-0.0635205
248	C	-0.416	-0.06781557
249	T	-0.364	-0.05752764
250	A	-0.462	-0.05589707
251	A	-0.544	-0.06025779
252	A	-0.488	-0.07096886
253	G	-0.276	-0.0642275
254	A	0.077	-0.09262965
255	G	-0.196	-0.02766029
256	C	0.438	-0.03485822
257	T	0.365	-0.03385336
258	C	0.415	0.03462564
259	C	0.282	0.05459671
260	A	0.253	0.08035186
261	G	-0.379	0.04867701
262	C	0.492	0.02782458
263	A	-0.465	-0.01118456
264	A	-0.448	-0.009030421
265	T	0.413	-0.04736842
266	G	-0.208	-0.03899149
267	G	0.084	-0.03011285
268	A	-0.365	0.03320615
269	A	-0.488	0.003321164
270	A	-0.107	0.06248138
271	C	0.395	0.105341
272	A	-0.121	0.08668874
273	G	0.400	0.1290617
274	C	0.378	0.153894
275	T	0.506	0.2080934
276	G	0.074	0.2752266
277	T	0.362	0.2711125
278	C	0.151	0.2551567
279	A	0.152	0.2780179
280	G	0.384	0.2820156
281	C	0.431	0.2655424
282	T	0.392	0.2653101
283	C	0.451	0.2599816
284	T	-0.165	0.2111427
285	T	0.171	0.1638227
286	C	0.198	0.1294457
287	C	0.456	0.08893621
288	A	0.147	0.05086721
289	C	0.503	0.05239536
290	C	0	0.02018029
 291	A	-0.321	0.06342
292	A	-0.511	0.05410541
293	A	-0.328	0.04462796
294	G	-0.182	-0.01573275
295	A	-0.101	-0.06386146
296	T	0.414	-0.135843
297	G	0	-0.1117347
 298	C	0.440	-0.1003365
299	T	0.041	-0.06029935
300	C	0.066	-0.03683271
301	A	-0.389	-0.008231421
302	A	-0.526	-0.003498636
303	A	-0.504	-0.002808707
304	C	0.337	0.002861443
305	C	-0.161	0.001055086
306	A	0.049	0.0333106
307	T	0	0.04440155
 308	C	0.217	0.07841829
309	A	-0.034	0.1292532
310	C	0.423	0.1960525
311	G	0.079	0.2037973
312	C	0.414	0.2384538
313	T	0.493	0.2094617
314	G	0.221	0.2094617
315	T	0.087	0.1591277
316	C	0.185	0.1339052
317	A	0.431	0.08625524
318	C	0.445	0.05265538
319	A	0.323	-0.0004462643
320	T	-0.356	-0.06154969
321	T	0	-0.09869826
 322	T	-0.486	-0.1351359
323	A	-0.387	-0.1786781
324	A	-0.243	-0.2453857
325	A	-0.391	-0.3148292
326	T	-0.328	-0.3492376
327	A	-0.362	-0.3148314
328	T	-0.298	-0.283619
329	A	-0.422	-0.22032
330	A	-0.424	-0.1646354
331	G	-0.502	-0.1176024
332	A	-0.526	-0.05483843
333	A	-0.158	-0.04435036
334	G	0.125	-0.04816957
335	C	0.436	-0.0612455
336	C	0.399	-0.04621514
337	C	0.391	-0.01342126
338	C	0.415	0.02815107
339	C	0.487	0.04323943
340	A	-0.181	0.04853203
341	A	-0.415	0.01952203
342	T	-0.481	-0.03631254
343	A	-0.212	-0.09980319
344	T	0.034	-0.1513855
345	G	0.079	-0.2202381
346	G	-0.315	-0.2669045
347	A	-0.084	-0.237344
348	A	-0.281	-0.2076434
349	G	-0.344	-0.140874
350	A	-0.489	-0.1082893
351	A	-0.330	-0.1033642
352	G	-0.548	-0.07677669
353	A	-0.165	-0.04412411
354	C	0.232	-0.03380797
355	A	0	-0.0047404
 356	T	0.453	0.04215953
357	C	0.243	0.08763896
358	G	0.103	0.1030002
359	C	0.451	0.1584738
360	T	0.142	0.1600428
361	T	0.060	0.1260824
362	C	0.125	0.1490757
363	T	0.311	0.1264575
364	G	0.147	0.07610646
365	G	-0.115	0.06556134
366	T	0.227	0.0254012
367	T	-0.143	0.04595127
368	A	-0.243	0.006849457
369	C	0.321	-0.01830576
370	C	0.136	-0.0255504
371	G	-0.461	-0.008847471
372	T	-0.043	0.03227031
373	C	-0.110	0.04109067
374	T	0.429	0.0727641
375	T	-0.487	0.1075925
376	G	-0.226	0.1140252
377	T	0.210	0.1266902
378	G	0.381	0.1424703
379	T	0.460	0.1710359
380	G	0.351	0.2113338
381	T	0.299	0.2077232
382	G	0.244	0.2662547
383	C	0.411	0.3093563
384	T	0.313	0.3254324
385	A	-0.240	0.295145
386	G	0.356	0.2525919
387	C	0.453	0.2627381
388	T	0.379	0.266492
389	C	0.332	0.2518616
390	T	0.377	0.2431339
391	C	0.435	0.2011963
392	T	-0.042	0.1979049
393	T	-0.135	0.1578164
394	T	0.493	0.1482326
395	C	0.352	0.1339086
396	A	0.039	0.1390724
397	C	0.289	0.1406334
398	T	-0.273	0.1393622
399	A	-0.286	0.164281
400	A	-0.205	0.2107158
401	T	0.319	0.1746538
402	G	0.178	0.1185549
403	T	0.404	0.08199672
404	C	0.398	0.03243651
405	C	0.417	0.01774851
406	A	0.305	0.008608721
407	C	0.514	-0.01233428
408	T	-0.011	-0.06578614
409	T	-0.433	-0.1064462
410	A	-0.472	-0.1623266
411	A	-0.404	-0.2048894
412	A	-0.479	-0.2459748
413	A	-0.414	-0.2347218
414	A	-0.498	-0.2463618
415	A	-0.429	-0.2248786
416	T	-0.390	-0.1875696
417	A	-0.377	-0.1656989
418	T	-0.196	-0.1662634
419	A	-0.157	-0.1434116
420	C	0.463	-0.1253516
421	A	0.351	-0.08526295
422	T	0.289	-0.04043795
423	C	0.089	0.02072048
424	A	-0.166	0.01640462
425	T	-0.411	-0.004598664
426	A	-0.159	-0.002184664
427	A	-0.161	-0.008364521
428	C	0.063	-0.02000566
429	T	0.198	-0.02609495
430	T	0.465	-0.05691367
431	G	-0.438	-0.01943546
432	A	-0.490	0.03849626
433	G	-0.123	0.0744649
434	C	0.376	0.09229646
435	A	0.188	0.1047997
436	C	0.204	0.1048782
437	A	-0.342	0.09230378
438	G	0.358	0.1170349
439	C	0.399	0.1435174
440	G	0.344	0.1196609
441	G	0.088	0.1282049
442	C	0.238	0.1243335
443	A	0.199	0.09108394
444	C	0.289	0.08177266
445	A	-0.091	0.02541673
446	T	-0.120	-0.0375487
447	G	-0.457	-0.1007687
448	C	0.496	-0.07992284
449	T	0.134	-0.06610084
450	T	-0.261	-0.06122655
451	T	-0.472	-0.05355641
452	T	-0.430	-0.02149157
453	A	-0.482	-0.04503507
454	A	-0.540	-0.02204971
455	T	0.379	-0.05172787
456	C	0.431	-0.03102337
457	C	0.267	0.01526113
458	C	0.397	0.04623286
459	A	0.357	0.0930575
460	G	-0.449	0.1520783
461	C	-0.135	0.1604596
462	A	0.081	0.1542074
463	C	0.424	0.1397224
464	C	0.386	0.1078032
465	T	-0.038	0.09480664
466	G	0.225	0.06840604
467	G	0.343	0.08595882
468	G	-0.423	0.06792446
469	A	0.292	0.0551444
470	G	0.228	-0.0009607429
471	G	-0.179	-0.0107831
472	C	0.215	0.002171457
473	A	-0.012	-0.02503411
474	G	-0.204	-0.05648876
475	A	-0.388	0.001609521
476	G	-0.097	0.01171074
477	G	-0.361	0.02061445
478	C	0.249	0.05482581
479	A	0.142	0.04424257
480	G	-0.155	0.07244582
481	G	-0.096	0.1176674
482	C	0.390	0.1768749
483	G	0.433	0.1888778
484	G	0.353	0.1770953
485	G	0.299	0.1593008
486	T	0.066	0.1232797
487	C	0.382	0.1162801
488	C	0.429	0.1215254
489	C	0.440	0.06136251
490	T	0.070	0.02725581
491	G	-0.526	-0.009891121
492	A	0	-0.04271505
 493	G	-0.361	-0.02971481
494	A	-0.253	-0.0397461
495	T	-0.023	-0.04348381
496	T	-0.452	-0.06665903
497	T	-0.043	-0.11018
498	G	-0.166	-0.101366
499	A	-0.159	-0.07538646
500	G	0.248	-0.0180486
501	G	0.241	0.02985019
502	C	0.376	0.0628103
503	C	0.116	0.1040189
504	A	-0.539	0.1337262
505	A	-0.402	0.1828331
506	C	0.363	0.1737191
507	C	0.440	0.17964
508	T	0.416	0.1505829
509	G	0.438	0.1262912
510	G	0.124	0.1059501
511	T	0.372	0.1697997
512	C	0.520	0.2125805
513	T	-0.287	0.1898284
514	A	0.331	0.1619939
515	C	-0.164	0.09900936
516	A	0.036	0.05388929
517	G	-0.168	0.0393514
518	A	0.354	0.02846383
519	G	0.196	0.01692876
520	T	0.045	0.0695844
521	G	0.051	0.0458829
522	A	-0.464	0.05419572
523	G	-0.193	0.04965427
524	T	-0.078	0.0883967
525	T	0.219	0.06844034
526	C	0.359	0.03226884
527	C	0.449	0.0581339
528	A	0	0.08249094
 529	G	-0.048	0.1240015
530	G	-0.026	0.1571907
531	A	0.373	0.1938598
532	C	0.075	0.1915105
533	A	-0.310	0.1904526
534	G	0.407	0.1664098
535	C	0.392	0.1617769
536	A	0.116	0.1364718
537	G	0.271	0.1231898
538	G	0.434	0.06095213
539	G	0.186	0.02157842
540	G	0.344	0.06866271
541	C	0.113	0.03512191
542	T	-0.064	-0.01716851
543	A	-0.402	-0.05801437
544	T	-0.212	-0.1085403
545	A	-0.497	-0.1601632
546	T	-0.475	-0.1962979
547	A	0.348	-0.192148
548	G	-0.062	-0.1913755
549	T	-0.339	-0.193937
550	T	-0.455	-0.1720427
551	A	-0.436	-0.1368738
552	A	-0.288	-0.06921889
553	A	-0.318	-0.003950529
554	C	0.402	-0.008554529
555	C	0.124	-0.03276081
556	A	-0.100	0.02752391
557	T	-0.096	0.02961984
558	C	0.279	0.03437062
559	C	0.449	0.02841362
560	A	0.437	0.01793548
561	T	0.284	-0.03963795
562	G	-0.401	-0.07265759
563	T	0.504	-0.09935859
564	T	-0.426	-0.1224816
565	T	-0.369	-0.180819
566	T	-0.371	-0.2291277
567	G	-0.465	-0.2340464
568	A	-0.403	-0.2877571
569	A	-0.338	-0.2569989
570	G	-0.474	-0.2898407
571	A	-0.420	-0.24411
572	A	-0.537	-0.254377
573	A	-0.226	-0.2004441
574	C	0.369	-0.1353502
575	A	-0.467	-0.07250324
576	A	0.029	-0.01506703
577	G	0.044	0.04391811
578	C	0.213	0.05909711
579	A	-0.513	0.1020628
580	A	0.383	0.1433434
581	G	0.445	0.09597901
582	T	0.476	0.1078211
583	G	0.465	0.07535016
584	T	0.351	0.1065863
585	A	-0.207	0.07773783
586	T	0.064	0.1009255
587	A	0.351	0.1050438
588	T	-0.294	0.1062603
589	T	-0.301	0.05614297
590	A	-0.425	0.05970997
591	T	0.481	0.0046644
592	T	-0.189	0.02097329
593	T	-0.188	-0.0005394643
594	A	0.441	-0.002433179
595	C	0.462	0.02994525
596	T	-0.225	0.03955382
597	T	0.515	0.09905675
598	A	-0.419	0.07139823
599	T	0.020	0.06637109
600	A	-0.236	0.07323231
601	T	0.324	0.02312638
602	T	0.159	-0.03613705
603	A	-0.167	-0.03570898
604	C	0.407	-0.06198212
605	A	0.094	-0.02749599
606	T	-0.260	-0.009430743
607	A	-0.092	0.0240939
608	T	-0.260	-0.01550124
609	T	-0.366	0.003891471
610	A	-0.219	0.0317664
611	C	0.148	0.002630829
612	A	0.063	-0.01734115
613	T	0.273	0.001254064
614	T	0.232	-0.0003203
615	G	-0.229	0.0010507
616	T	0.430	-0.006719943
617	G	0.223	0.006689486
618	C	0	-0.01003074
 619	A	-0.185	-0.02836923
620	T	0	-0.04869802
 621	A	-0.114	-0.08582981
622	T	-0.241	-0.08788574
623	A	-0.475	-0.147075
624	T	-0.031	-0.1523465
625	A	-0.086	-0.1637401
626	G	-0.193	-0.1471659
627	T	-0.010	-0.1304958
628	A	-0.287	-0.1129066
629	T	-0.258	-0.0646872
630	A	-0.397	-0.0154777
631	T	0.149	0.01065694
632	A	-0.159	0.01516077
633	T	0.046	0.01870999
634	G	0.233	0.001712564
635	C	0.131	-0.005479579
636	A	0.433	-0.01701886
637	T	0.213	-0.01021279
638	C	0.334	-0.05482036
639	A	-0.022	-0.03336586
640	T	-0.143	-0.009697257
641	A	-0.248	-0.004103471
642	G	-0.388	0.01781081
643	T	-0.420	-0.01318704
644	A	-0.302	-0.002906543
645	A	-0.475	-0.002257043
646	T	0.140	0.0022251
647	C	0.378	0.04377867
648	T	0.311	0.08591446
649	G	0.438	0.148275
650	T	0	0.2147985
 651	C	0.357	0.2337728
652	C	0.343	0.2490228
653	A	0.039	0.2220566
654	T	0.438	0.2314163
655	C	0.341	0.2104288
656	C	0.484	0.1773097
657	C	0.511	0.1764948
658	A	-0.036	0.1256411
659	T	-0.261	0.06691461
660	A	-0.236	0.06986467
661	C	0.509	0.005508386
662	A	0.017	-0.04507397
663	T	-0.025	-0.1015558
664	T	-0.011	-0.1419562
665	G	-0.354	-0.1393157
666	A	-0.478	-0.1298528
667	A	0.081	-0.1071324
668	T	-0.462	-0.1532229
669	G	-0.367	-0.1274562
670	A	-0.305	-0.1068865
671	A	-0.054	-0.07633474
672	T	0	-0.06338202
 673	T	-0.129	-0.03221926
674	G	0.081	-0.01166156
675	A	-0.136	0.03677822
676	T	0.378	0.04235744
677	A	0.262	0.09664236
678	T	0.416	0.1267873
679	T	-0.173	0.1594546
680	T	-0.042	0.2000741
681	C	0.368	0.2287037
682	A	0.215	0.2487865
683	A	-0.289	0.2095087
684	T	0.454	0.1689018
685	C	0.367	0.1086979
686	T	0.457	0.0913974
687	C	0.439	0.09442057
688	C	0.482	0.07893971
689	C	0.145	0.08931914
690	A	-0.171	0.1339445
691	A	-0.305	0.1187114
692	A	-0.426	0.1232107
693	A	-0.415	-
694	A	0	-
 695	T	0.152	-
696	C	0.360	-
697	T	0.335	-
698	G	0.240	-
699	G	0.430	-
