1	G	-0.156	-
2	C	0.334	-
3	C	0.397	-
4	A	0.091	-
5	G	-0.209	-
6	T	0.203	-
7	C	0.270	-
8	A	0.162	-
9	G	-0.150	-
10	G	0.432	0.2046898
11	C	0.441	0.2105371
12	T	0.366	0.1831045
13	C	0.335	0.1534191
14	C	0.324	0.1647822
15	T	0.132	0.1922288
16	G	0	0.2028897
 17	G	0.176	0.2120459
18	C	0.447	0.2254445
19	A	0.290	0.2564462
20	G	-0.045	0.2564007
21	G	-0.187	0.2594529
22	A	-0.166	0.2490988
23	G	0.307	0.2528721
24	T	0.312	0.2419999
25	C	0.406	0.2270956
26	C	0.444	0.2395303
27	T	0.417	0.2512986
28	G	0.438	0.2490986
29	C	0.431	0.2553728
30	T	0.499	0.2557745
31	C	0.169	0.2689342
32	T	0.406	0.2826876
33	C	0.117	0.2811531
34	A	-0.151	0.2875945
35	G	0.236	0.2804663
36	C	0.400	0.2735056
37	T	0.405	0.2729157
38	G	0.409	0.272967
39	G	-0.037	0.2747028
40	T	0.062	0.2587655
41	T	0.094	0.2469439
42	C	0.277	0.1999069
43	C	0.434	0.1948471
44	A	0.270	0.1941263
45	G	0.312	0.2044119
46	G	0.406	0.1862331
47	C	0.439	0.1789442
48	T	0.464	0.1504018
49	C	0.196	0.1716342
50	T	-0.054	0.1871601
51	A	-0.486	0.1921499
52	G	0.021	0.1973791
53	C	-0.164	0.1575662
54	C	0.431	0.1165799
55	A	0.055	0.08695822
56	G	0.267	0.08938859
57	G	-0.132	0.05552185
58	G	0.365	0.03858217
59	G	0.357	0.03536722
60	C	0.189	0.02878322
61	T	0.377	0.0333118
62	T	-0.321	0.04402435
63	G	-0.507	0.07405709
64	A	-0.250	0.07383804
65	C	0.452	0.07761016
66	T	-0.204	0.07654426
67	G	0.142	0.09451537
68	C	0.135	0.09635153
69	A	-0.180	0.06060579
70	A	-0.400	0.06435032
71	G	0.225	0.02361279
72	C	0.405	0.02184721
73	T	0.427	0.02673142
74	G	0.126	0.01667105
75	C	0.247	-0.03428437
76	T	0.208	-0.04371084
77	C	0.400	-0.05770468
78	A	-0.321	-0.07019584
79	T	0.260	-0.08386742
80	C	-0.396	-0.05968182
81	G	-0.355	-0.0862575
82	A	-0.414	-0.1099754
83	G	-0.441	-0.1450597
84	A	-0.515	-0.1678601
85	A	-0.383	-0.1825657
86	G	-0.123	-0.1760817
87	G	-0.102	-0.1743427
88	A	-0.439	-0.1343483
89	T	0.058	-0.1250398
90	G	-0.279	-0.09762103
91	G	-0.044	-0.08305661
92	A	-0.239	-0.08522018
93	T	-0.306	-0.07209061
94	G	-0.032	-0.04228348
95	C	0.331	0.001340626
96	T	0.433	0.03187889
97	C	0.438	0.05295121
98	C	0.437	0.09940447
99	T	0.124	0.1199907
100	G	-0.078	0.1438851
101	A	-0.456	0.1519111
102	G	-0.192	0.1393679
103	A	0.050	0.1358652
104	C	0.445	0.118592
105	C	0.456	0.1141657
106	T	0.298	0.1029459
107	G	0.442	0.06392139
108	C	0.449	0.04879728
109	A	0.174	0.02436481
110	G	0.107	0.04552671
111	T	-0.477	0.0874746
112	A	-0.373	0.1059743
113	G	-0.360	0.1078989
114	A	0.247	0.08248505
115	C	0.220	0.03107489
116	A	-0.302	-0.004135579
117	G	0.150	-0.03712342
118	A	-0.340	-0.07604137
119	G	0.323	-0.07360468
120	C	0.340	-0.06370326
121	C	0.159	-0.03350323
122	A	0.087	-0.01038162
123	C	-0.037	0.03352754
124	A	-0.520	0.01733003
125	A	-0.370	-0.001963389
126	G	-0.183	0.003568611
127	A	-0.289	-0.001877037
128	C	0.220	0.007551542
129	A	0.295	-0.03441398
130	C	0.096	-0.03671625
131	A	0.066	-0.03855488
132	C	0.473	-0.02335774
133	A	-0.059	-0.009719984
134	G	-0.146	0.02896823
135	C	-0.197	0.06257312
136	A	0.046	0.07096032
137	T	-0.160	0.08038621
138	T	-0.474	0.08544295
139	T	0.297	0.05126558
140	G	0.124	0.06697796
141	C	0.375	0.08604393
142	A	0.221	0.05923079
143	G	0.214	0.05724984
144	G	0.267	0.07293774
145	G	-0.024	0.1038707
146	A	-0.110	0.07813617
147	T	0.316	0.06160433
148	G	-0.353	0.09756975
149	T	0.394	0.08360299
150	T	0.428	0.09385225
151	G	-0.035	0.09688399
152	T	-0.097	0.1096534
153	G	0.151	0.1205435
154	G	0.389	0.1138523
155	G	-0.442	0.1218773
156	A	-0.474	0.1097912
157	A	0.209	0.07069953
158	T	0.031	0.1035228
159	C	0.319	0.09661811
160	C	0.433	0.07248034
161	C	0.464	0.06623191
162	C	0.421	0.04789684
163	A	0.140	0.04846199
164	C	0.127	0.03077367
165	A	-0.340	0.07528362
166	A	-0.426	0.0985102
167	T	0.270	0.1089795
168	C	0.263	0.1291368
169	A	-0.030	0.1123324
170	T	-0.154	0.08626403
171	A	-0.445	0.06334922
172	C	0.162	0.05935738
173	T	0.053	0.06110769
174	C	0.403	0.07305517
175	A	-0.033	0.101648
176	C	0.408	0.1424632
177	C	0.414	0.1124783
178	T	0	0.08894038
 179	G	-0.061	0.07591746
180	T	0.028	0.09765883
181	T	0.346	0.1226735
182	C	0.173	0.1365153
183	C	0.354	0.151898
184	T	0.203	0.1468834
185	G	0.349	0.1320482
186	T	-0.299	0.1131385
187	T	-0.183	0.09496024
188	A	-0.277	0.1049079
189	T	0.258	0.1190184
190	C	0.029	0.1396747
191	T	0.425	0.1037711
192	C	0.346	0.1157386
193	T	0.308	0.07818393
194	G	-0.315	0.07332951
195	C	0.048	0.04050603
196	T	0.069	0.04277008
197	T	0.189	0.0546479
198	G	0.206	0.04928501
199	G	0.421	0.01041701
200	A	-0.336	0.01877635
201	A	0.401	-0.0004830263
202	T	-0.358	-0.007506289
203	T	0.110	0.001117974
204	A	-0.274	0.03636366
205	T	-0.256	0.03016457
206	T	0.042	0.05166497
207	T	-0.379	0.05334449
208	A	-0.479	0.03755134
209	A	0.188	-0.0009141316
210	T	0.059	0.009353342
211	C	0.212	0.004741921
212	C	0.472	0.04656824
213	T	0.354	0.04773487
214	G	-0.068	0.06345674
215	C	0.477	0.05082874
216	T	0.220	0.01994214
217	T	-0.093	0.01621608
218	T	-0.309	0.03232293
219	G	-0.141	0.02335789
220	G	0.313	0.04353838
221	C	0.436	0.04407227
222	G	0.133	0.02881717
223	T	0.024	0.0147303
224	T	-0.496	0.01367969
225	A	-0.544	-0.03108131
226	A	-0.450	-0.06896736
227	G	-0.173	-0.06716609
228	A	0.017	-0.03171835
229	C	0.443	-0.02892904
230	T	0.222	-0.02284114
231	G	0.182	-0.04986988
232	A	0.086	-0.07689983
233	T	-0.088	-0.08412265
234	T	-0.372	-0.04798433
235	A	-0.498	-0.01196117
236	T	-0.059	0.03314283
237	T	0.364	0.04575892
238	T	-0.088	0.04592699
239	C	0.429	0.005298521
240	T	-0.077	-0.02246506
241	G	-0.380	-0.04089079
242	A	-0.112	-0.03958693
243	G	0.190	-0.04405164
244	G	0.139	-0.04182591
245	C	0.406	-0.02919648
246	A	0.065	-0.008410389
247	A	0.021	-0.0173686
248	G	-0.328	0.01003587
249	A	-0.304	0.003529821
250	T	-0.167	0.01653903
251	T	0.111	0.03820495
252	A	-0.173	0.04778679
253	G	-0.330	0.05680247
254	A	-0.258	0.06290037
255	G	0.335	0.05133179
256	T	0.193	0.07268843
257	C	0.432	0.04501218
258	C	0.305	0.0721256
259	G	0.169	0.09776518
260	A	0.031	0.1096834
261	C	0.069	0.1273629
262	T	0.361	0.1542675
263	T	0.255	0.1613048
264	C	0.186	0.1755123
265	A	0.471	0.1425524
266	G	-0.504	0.1135227
267	T	0.186	0.1053858
268	T	0.182	0.1105696
269	G	0.058	0.1223787
270	C	0.447	0.1359851
271	A	0.337	0.1113077
272	G	-0.196	0.0721374
273	C	0.010	0.06866072
274	A	-0.290	0.06080616
275	A	-0.357	0.03507717
276	G	0.278	0.04875317
277	G	0.404	0.03792807
278	G	0.394	0.03966328
279	T	0.289	0.04804552
280	G	-0.399	0.04742131
281	A	-0.382	0.04020236
282	T	0.189	0.07016384
283	T	0.037	0.08839783
284	C	-0.017	0.1313467
285	A	-0.244	0.1693687
286	C	-0.019	0.1758897
287	T	0.215	0.1635886
288	T	0.217	0.1320575
289	C	0.435	0.09518262
290	A	0.200	0.09476762
291	G	0.372	0.09950841
292	C	0.357	0.0622863
293	C	0.525	0.08112991
294	T	0.364	0.09411264
295	T	0.401	0.09818569
296	C	0.170	0.1001084
297	A	-0.205	0.1021966
298	G	-0.411	0.08453092
299	A	-0.407	0.0377866
300	A	-0.292	0.003926758
301	A	-0.517	-0.04427445
302	C	0.395	-0.07292751
303	T	0.229	-0.07639477
304	G	-0.167	-0.07400966
305	A	0.017	-0.07268845
306	C	0.255	-0.09004693
307	A	-0.117	-0.07076682
308	G	-0.452	-0.05479993
309	A	-0.442	-0.02973494
310	A	-0.543	-0.002217784
311	A	-0.186	0.03683869
312	C	0.459	0.03469643
313	C	0.410	0.04630637
314	T	0.427	0.08035927
315	G	-0.159	0.07945941
316	A	0.161	0.08885756
317	G	-0.107	0.1176959
318	A	0.068	0.1279087
319	C	0.229	0.1466422
320	T	0.224	0.1884646
321	T	0.355	0.2118624
322	C	0.450	0.2081491
323	T	0.479	0.2096548
324	G	0	0.1914367
 325	T	0.433	0.2131554
326	C	0.430	0.1928891
327	G	-0.258	0.1862444
328	T	-0.087	0.1652542
329	T	0.251	0.1398409
330	C	0.257	0.1008203
331	C	0.388	0.07891016
332	C	0.438	0.0774549
333	G	0.080	0.07639837
334	T	0.253	0.09473011
335	G	-0.223	0.06851075
336	A	-0.233	0.01887475
337	A	-0.330	0.01899538
338	G	-0.252	0.01746168
339	A	-0.516	-0.003320053
340	A	-0.061	-0.03749542
341	C	0.422	-0.06143192
342	T	0.459	-0.08538958
343	G	0.348	-0.07760001
344	T	-0.064	-0.0754098
345	G	-0.512	-0.04811354
346	A	-0.256	-0.02639869
347	A	-0.116	-0.03141643
348	G	-0.143	-0.04096496
349	A	-0.391	-0.01180855
350	A	-0.066	2.520526e-05
351	C	-0.016	8.652105e-05
352	T	0.228	-0.01261211
353	T	0.294	-0.02010901
354	C	0.294	-0.03546949
355	T	0.178	-0.03306617
356	A	-0.425	-0.04068223
357	T	-0.434	-0.02140749
358	A	0.037	0.001011616
359	T	0.163	0.03576572
360	C	0.423	0.04708037
361	A	0.218	0.03654688
362	C	0.205	0.03966314
363	G	-0.356	0.03851577
364	A	-0.467	0.03194572
365	A	-0.401	0.02254109
366	T	0.250	0.02272141
367	C	0.282	0.05127462
368	T	0.268	0.05350603
369	G	0.148	0.05768966
370	G	-0.216	0.04408329
371	T	0.288	0.01444829
372	C	0.273	-0.01765939
373	A	0.17	-0.007462605
374	G	0	0.02958266
 375	G	-0.421	0.03722771
376	A	0.108	0.0110645
377	G	0.079	-0.01726192
378	G	0.243	-0.03773539
379	G	0.165	-0.03441297
380	A	-0.344	-0.01361113
381	G	-0.404	-0.01127345
382	A	-0.162	-0.0005644474
383	T	0.236	-0.0050412
384	T	-0.255	-0.01796809
385	T	-0.247	0.02688496
386	G	-0.255	0.02810706
387	T	-0.120	0.01423783
388	T	0.211	-0.02088949
389	C	0.178	-0.03197957
390	C	0.332	-0.02110731
391	T	0.476	0.02622438
392	T	0.084	0.02509396
393	G	-0.245	0.009936695
394	T	0.430	0.02211979
395	G	0.131	0.02423253
396	G	-0.184	0.02476753
397	A	-0.424	0.02004826
398	T	-0.045	-0.002395211
399	A	-0.138	-0.009662089
400	T	0.495	-0.04467519
401	C	-0.184	-0.07852162
402	T	-0.051	-0.09284613
403	A	-0.024	-0.09686807
404	G	-0.206	-0.1322375
405	A	-0.245	-0.1632451
406	A	-0.210	-0.1393896
407	G	-0.214	-0.09019023
408	T	0.040	-0.06474163
409	A	-0.332	-0.06606268
410	T	-0.166	-0.09360362
411	T	-0.187	-0.0907132
412	A	-0.322	-0.1094906
413	T	-0.241	-0.1082029
414	A	-0.457	-0.1012598
415	C	0.269	-0.09864661
416	T	0.510	-0.1107487
417	G	0.437	-0.1243839
418	A	-0.163	-0.1468365
419	T	-0.028	-0.1504875
420	G	-0.129	-0.1655337
421	A	-0.408	-0.1810315
422	C	0	-0.1828339
 423	A	-0.075	-0.1772549
424	T	-0.195	-0.1793678
425	T	-0.440	-0.170045
426	A	-0.473	-0.17302
427	G	-0.386	-0.1753294
428	A	-0.402	-0.1580178
429	A	-0.452	-0.1443617
430	A	-0.481	-0.1585658
431	T	-0.356	-0.1229574
432	G	-0.135	-0.1408482
433	A	-0.497	-0.1581428
434	C	0.446	-0.1727411
435	T	0.453	-0.1711006
436	C	0.393	-0.1691291
437	T	0.165	-0.1654385
438	G	0.231	-0.1543438
439	G	-0.399	-0.1183425
440	A	0.268	-0.07741374
441	A	-0.339	-0.06774579
442	T	-0.403	-0.06936779
443	A	-0.473	-0.06274442
444	A	-0.408	-0.06321711
445	T	-0.436	-0.08635162
446	A	-0.315	-0.1237515
447	A	-0.191	-0.114474
448	T	0.231	-0.1312202
449	C	0.295	-0.1381708
450	T	-0.172	-0.1630496
451	G	-0.166	-0.1379982
452	A	-0.371	-0.1118256
453	A	0.437	-0.06496741
454	G	0.014	-0.03173452
455	G	-0.316	-0.001822463
456	A	0.341	0.01241725
457	T	-0.086	0.03759046
458	T	-0.531	0.0159913
459	A	-0.204	-0.0211447
460	C	0.136	-0.0249487
461	A	0.093	-0.03834823
462	C	0.417	-0.04120386
463	A	0.222	-0.08623075
464	T	0.132	-0.113666
465	T	-0.045	-0.07691298
466	T	0.286	-0.09170531
467	G	-0.178	-0.1061008
468	A	-0.409	-0.09089494
469	G	-0.244	-0.09513957
470	A	-0.421	-0.1123082
471	A	-0.426	-0.137238
472	A	-0.418	-0.1702466
473	A	-0.506	-0.1834772
474	A	0.381	-0.2039838
475	T	0.060	-0.2240108
476	G	-0.360	-0.2549294
477	A	-0.242	-0.2689869
478	A	-0.284	-0.2679424
479	G	-0.190	-0.2648247
480	A	-0.380	-0.2451262
481	G	-0.209	-0.2284309
482	A	-0.028	-0.2145326
483	A	-0.257	-0.1878549
484	T	-0.425	-0.1994314
485	A	-0.300	-0.2292451
486	T	-0.445	-0.2317999
487	T	-0.389	-0.2232835
488	A	-0.185	-0.2189613
489	A	-0.046	-0.2263936
490	C	-0.109	-0.2207071
491	T	-0.154	-0.2055778
492	A	0	-0.2001221
 493	C	0.161	-0.1968939
494	A	-0.505	-0.1855372
495	A	-0.408	-0.186321
496	A	-0.080	-0.1845453
497	G	-0.202	-0.1557828
498	G	-0.331	-0.1673727
499	A	-0.271	-0.1749219
500	T	0.077	-0.1669302
501	T	0.074	-0.1432507
502	T	-0.196	-0.124658
503	T	-0.210	-0.1062782
504	T	-0.315	-0.06258007
505	T	-0.412	-0.04211005
506	A	0.156	-0.04071817
507	A	-0.405	-0.02115975
508	T	-0.190	-0.01980038
509	G	0.042	-0.01863354
510	G	0.295	-0.01302097
511	T	0.353	-0.02999783
512	G	0.510	-0.03899941
513	T	0.324	-0.03437051
514	A	-0.020	-0.01541278
515	T	-0.053	0.008395574
516	T	0.168	0.006333837
517	T	-0.305	0.05090763
518	T	-0.249	0.05814799
519	A	0.184	0.04958219
520	T	-0.247	0.008316926
521	G	-0.367	-0.008118911
522	A	-0.122	-0.03016196
523	A	0.044	-0.04550611
524	G	0.040	-0.05178614
525	G	0.117	-0.04309769
526	C	0.441	-0.05824412
527	A	-0.052	-0.01811117
528	A	-0.119	0.01572778
529	G	-0.488	0.02784073
530	A	0.040	0.05204115
531	C	0.092	0.05662678
532	A	0.032	0.05548415
533	A	-0.139	0.04709273
534	G	0.111	0.05502496
535	A	-0.118	0.04564917
536	C	0.456	0.02412883
537	T	0.393	0.03140986
538	G	0.414	0.02567759
539	T	0.212	0.02251554
540	G	-0.279	0.001117063
541	T	-0.143	0.006695011
542	A	-0.114	0.02032637
543	T	0.190	0.05002984
544	T	-0.060	0.05273979
545	T	0.032	0.07973058
546	C	0.085	0.05411727
547	T	-0.228	0.004744326
548	A	-0.548	-0.04527667
549	A	-0.365	-0.04516331
550	G	0.198	-0.03287321
551	G	0.291	-0.02371587
552	C	0.425	-0.002700079
553	T	0.162	-0.01124971
554	C	0.393	0.006119242
555	T	-0.029	0.01953448
556	T	-0.544	0.02418935
557	A	-0.536	0.05033561
558	C	0.214	0.0943774
559	T	-0.046	0.1378682
560	G	0.030	0.1378029
561	T	0.284	0.1339096
562	G	0.028	0.1324972
563	C	0.269	0.1390253
564	T	0.287	0.1161731
565	G	0.174	0.1038931
566	C	0.267	0.1418492
567	T	0.288	0.1959671
568	C	0.460	0.1918179
569	A	0.196	0.2081896
570	C	0.217	0.1870559
571	C	0.398	0.1650776
572	G	0.286	0.1444569
573	T	-0.040	0.1152425
574	A	-0.262	0.1079127
575	G	0.176	0.1240564
576	T	0.492	0.1272849
577	C	0.135	0.1305611
578	T	0.264	0.1314736
579	C	-0.371	0.1442369
580	A	-0.132	0.1545227
581	A	-0.363	0.1365246
582	A	-0.285	0.14046
583	C	0.147	0.1251605
584	T	0.480	0.1217001
585	C	0.329	0.08840488
586	A	0.350	0.05071446
587	T	0.478	0.06861894
588	C	0.439	0.06049373
589	T	0.413	0.08004562
590	C	0.056	0.09197532
591	T	0.361	0.1198614
592	G	-0.331	0.1569184
593	A	-0.328	0.1645931
594	A	-0.456	0.1588368
595	A	-0.223	0.1630758
596	C	0.475	0.1657332
597	C	0.110	0.160167
598	A	0	0.1607492
 599	T	0.093	0.1632933
600	G	0.166	0.1550938
601	C	0.418	0.1548215
602	T	0.293	0.1680897
603	G	0.371	0.1989911
604	C	0.409	0.2135426
605	C	0.401	0.2095916
606	T	0.372	0.1866787
607	C	0.450	0.1881117
608	T	0.461	0.1778428
609	T	-0.099	0.1628848
610	C	0.356	0.1376589
611	A	-0.078	0.1089062
612	C	0.258	0.07482117
613	A	-0.179	0.0575557
614	T	-0.299	0.03598723
615	C	0.040	0.0328797
616	A	0.137	0.01954186
617	T	-0.195	-0.02869141
618	G	-0.190	-0.07476872
619	A	-0.312	-0.09282794
620	G	-0.127	-0.1325124
621	A	-0.353	-0.1209852
622	A	0.043	-0.1209296
623	G	0	-0.09383179
 624	C	0.342	-0.06331348
625	T	0.118	-0.08689163
626	A	-0.466	-0.1095395
627	A	-0.413	-0.09094484
628	T	-0.442	-0.07957792
629	A	-0.397	-0.04496107
630	T	0.140	-0.04968134
631	A	0.259	-0.05908492
632	C	0.334	-0.08162976
633	A	0.280	-0.08246615
634	G	-0.407	-0.0765761
635	A	-0.292	-0.0965611
636	T	0.158	-0.07032278
637	G	0.025	-0.05565294
638	C	0.344	-0.03858063
639	A	-0.217	-0.03876726
640	A	-0.532	-0.06042315
641	A	-0.385	-0.0512071
642	C	-0.015	-0.05987036
643	C	0.454	-0.04932168
644	A	-0.260	-0.02301815
645	C	0.032	0.003797479
646	A	-0.135	0.01042479
647	A	-0.118	0.008283332
648	C	-0.401	-0.01378723
649	A	-0.271	-0.0008600789
650	C	0.434	0.03787803
651	T	0.170	0.05326965
652	C	0.481	0.04904564
653	A	0.092	0.05009627
654	G	0.216	0.04409232
655	C	0.284	0.03616585
656	T	-0.015	0.06794101
657	G	-0.074	0.08816774
658	A	0.028	0.1245139
659	T	0.203	0.1592846
660	G	-0.092	0.1593575
661	G	-0.096	0.1716517
662	T	0.474	0.1666967
663	A	-0.374	0.1595846
664	T	-0.118	0.1202678
665	T	0.468	0.09291245
666	G	0.266	0.08801736
667	T	0.289	0.1152731
668	G	0.389	0.1143254
669	C	0.435	0.1186314
670	C	0.403	0.1040306
671	T	0.387	0.09039527
672	T	-0.043	0.04070617
673	T	-0.530	0.03657896
674	A	-0.235	0.04968959
675	G	-0.108	0.04235275
676	C	0.443	0.03050605
677	A	0.010	0.01461587
678	T	0.285	-0.005056889
679	G	-0.369	-0.02724689
680	T	-0.355	-0.04183011
681	A	-0.470	-0.03902884
682	A	-0.453	-0.02528176
683	T	0.131	0.01537834
684	G	0.329	0.05161455
685	T	0.040	0.03523176
686	G	-0.012	-0.003503395
687	T	0.015	0.01346999
688	G	0.014	-0.001539747
689	C	0.126	0.02220362
690	T	0.440	0.03981494
691	T	0.218	0.06710432
692	C	0.242	0.07691647
693	T	0.452	0.04789484
694	G	-0.419	0.02958164
695	A	-0.292	0.03300934
696	T	0.332	0.03290802
697	T	0	0.04400925
 698	C	0.081	0.03849311
699	T	-0.020	0.04904227
700	G	0.048	0.03691153
701	A	-0.266	0.01726606
702	A	-0.420	-0.02008426
703	T	-0.018	-0.03745573
704	G	0.106	0.0049619
705	C	-0.014	0.04143274
706	C	0.226	0.0429539
707	A	-0.090	0.0606499
708	C	0.327	0.06577569
709	C	0.209	0.07193903
710	A	-0.155	0.07773997
711	T	-0.467	0.1009832
712	G	0.122	0.1320185
713	C	0.386	0.1445605
714	T	0.400	0.1630993
715	G	0.361	0.1660049
716	C	0.336	0.1603725
717	T	0.178	0.1703681
718	C	0.096	0.1426699
719	A	0.158	0.1190646
720	C	0.174	0.09979247
721	C	0.169	0.1132653
722	G	0.219	0.1266666
723	C	0.458	0.1292665
724	G	0.040	0.1344509
725	T	0.119	0.1212745
726	T	0.099	0.115313
727	C	-0.198	0.1299043
728	A	-0.238	0.1128621
729	A	-0.521	0.1255192
730	A	-0.211	0.1132724
731	C	0.377	0.1001274
732	T	0.435	0.06715939
733	C	0.498	0.03164482
734	A	0.111	0.03645876
735	T	0.222	0.04813608
736	C	0.455	0.05613121
737	A	-0.227	0.07762726
738	C	0.399	0.07918047
739	A	-0.057	0.1031342
740	G	-0.080	0.1079606
741	A	-0.406	0.07742411
742	A	-0.216	0.04215801
743	G	0.132	0.03138801
744	C	0.341	0.03410627
745	C	0.251	0.02237179
746	A	0.209	0.02184979
747	T	-0.209	0.05680101
748	G	-0.066	0.05805685
749	A	-0.119	0.06110687
750	T	-0.202	0.09091916
751	T	-0.234	0.1202306
752	C	0.294	0.1372444
753	C	0.162	0.1247606
754	A	0	0.09824937
 755	C	0.445	0.07852101
756	C	0.436	0.05928574
757	C	0.423	0.07908911
758	A	0	0.09013316
 759	G	0.485	0.09643958
760	C	0.150	0.09035637
761	A	0.106	0.08263626
762	T	-0.105	0.08028963
763	C	-0.162	0.09502821
764	A	-0.123	0.1205633
765	T	-0.156	0.1211257
766	G	0.167	0.1028564
767	C	0.143	0.07489248
768	G	0	0.04826316
 769	A	-0.318	0.01065179
770	A	-0.380	0.01585785
771	G	0.249	0.0003011632
772	C	0.442	-0.0004763632
773	T	0.485	0.01683574
774	C	0.456	0.01949295
775	A	0.089	0.02497719
776	C	-0.108	0.02106582
777	A	-0.505	0.01410893
778	A	-0.228	0.02322866
779	C	0.249	0.02859719
780	A	-0.188	0.06915624
781	G	-0.119	0.0723824
782	A	0.166	0.07037351
783	C	-0.073	0.06825724
784	A	-0.051	0.06448166
785	C	0.092	0.06584461
786	A	0.011	0.05793918
787	G	0.173	0.1080245
788	A	-0.216	0.1252634
789	C	0.389	0.1218309
790	C	0.311	0.1550462
791	G	0.404	0.1824408
792	C	0.444	0.1654009
793	C	0.384	0.1914441
794	A	0.115	0.2127817
795	C	-0.258	0.210771
796	T	0.445	0.1952474
797	T	0.098	0.1755846
798	G	0.183	0.1693951
799	C	0.442	0.1363564
800	T	0.400	0.1364522
801	G	-0.157	0.1384194
802	C	0.421	0.1338761
803	T	0.353	0.1116649
804	G	0.054	0.09221676
805	A	-0.283	0.1069528
806	T	-0.200	0.07027776
807	G	-0.333	0.06335434
808	A	-0.237	0.07899034
809	T	0.312	0.06583986
810	C	0.441	0.06728449
811	C	0.358	0.07933019
812	A	-0.037	0.03594451
813	A	-0.253	-0.004648653
814	G	0.021	0.01141096
815	A	-0.251	0.009645695
816	G	-0.032	-0.005323621
817	T	0.480	-0.002611305
818	C	0.192	-0.0148322
819	T	0.428	-0.0563102
820	T	0.071	-0.1011608
821	G	-0.402	-0.1220896
822	A	-0.417	-0.1408985
823	A	0.359	-0.1305812
824	G	-0.317	-0.1294827
825	A	-0.484	-0.1273069
826	A	-0.282	-0.1474255
827	A	-0.470	-0.1896515
828	A	-0.475	-0.2241086
829	A	-0.410	-0.2572809
830	A	-0.039	-0.2840337
831	G	-0.394	-0.2840267
832	T	-0.057	-0.2834724
833	T	0.042	-0.2918659
834	T	-0.209	-0.2628587
835	A	-0.414	-0.2152214
836	A	-0.321	-0.176018
837	T	-0.462	-0.1550057
838	G	-0.202	-0.1119272
839	A	-0.436	-0.1108866
840	A	-0.402	-0.1302501
841	G	-0.407	-0.1355055
842	A	0.200	-0.1446014
843	C	0.234	-0.151368
844	C	0.420	-0.1507402
845	C	0.462	-0.1258388
846	A	-0.070	-0.08547509
847	T	0.343	-0.0384282
848	T	-0.390	-0.04044209
849	T	-0.406	0.002281063
850	A	-0.494	0.01792085
851	A	-0.230	0.02003627
852	C	-0.086	-0.007708042
853	A	-0.197	-0.04846478
854	G	0.058	-0.06437694
855	C	0.445	-0.08303752
856	T	0.431	-0.09973463
857	G	-0.240	-0.1456647
858	G	0.375	-0.1455716
859	T	-0.105	-0.122825
860	G	-0.366	-0.09161438
861	A	-0.326	-0.05897781
862	T	-0.540	-0.05607375
863	A	0.118	-0.02361291
864	C	0.107	-0.004565863
865	A	-0.388	-0.01585165
866	A	-0.529	-0.01914697
867	A	-0.388	0.006622558
868	G	0.025	-0.004160547
869	T	0.098	0.006145053
870	C	0.389	0.03300216
871	G	-0.031	0.06878605
872	C	0.418	0.1171647
873	T	0.420	0.1347515
874	C	0.231	0.1524582
875	A	0.369	0.179024
876	C	0.249	0.2271211
877	T	0.170	0.2186357
878	T	0.090	0.2242078
879	T	0.143	0.2243992
880	C	0.352	0.2110282
881	T	0.378	0.2248577
882	C	0.452	0.2067291
883	T	0.444	0.2078048
884	C	0.116	0.2202434
885	C	0.384	0.2103549
886	A	-0.549	0.2075811
887	C	0.131	0.2135963
888	A	0.102	0.1934815
889	G	0.135	0.1839928
890	G	0.231	0.1809655
891	G	0.074	0.1812113
892	C	0.440	0.1453481
893	A	0.467	0.1248206
894	C	0.181	0.12457
895	T	0.196	0.1139285
896	T	0.284	0.1527744
897	G	-0.291	0.1607553
898	A	-0.036	0.1337385
899	G	0.295	0.1156637
900	G	0.383	0.09638302
901	A	-0.229	0.09521415
902	T	0.054	0.05248331
903	G	0.111	0.003081521
904	T	0.182	-0.02377058
905	C	0.188	-0.05500369
906	T	0.282	-0.07961148
907	A	-0.411	-0.03910085
908	A	-0.208	-0.01679489
909	G	-0.134	-0.02443911
910	T	0.052	-0.03696558
911	T	-0.371	-0.03924142
912	A	-0.471	-0.06020813
913	A	-0.329	-0.09268861
914	T	-0.396	-0.1260383
915	T	-0.183	-0.1538111
916	C	0.478	-0.1591937
917	T	0.386	-0.1336434
918	T	0.150	-0.1204565
919	G	0.145	-0.09645877
920	T	-0.272	-0.1058467
921	G	-0.344	-0.1106993
922	A	-0.505	-0.09823554
923	A	-0.451	-0.06258127
924	A	-0.339	-0.03070212
925	G	0.180	-0.0006900105
926	A	0.074	-0.01429038
927	G	0.042	-0.01997296
928	G	0.321	-0.007091853
929	A	-0.126	0.008356621
930	G	-0.463	0.01305794
931	A	-0.234	0.004605726
932	C	0.348	0.0431642
933	A	0.208	0.04931573
934	G	0.387	0.07016233
935	C	0.219	0.05733121
936	C	0.278	0.04386012
937	C	0.394	0.04292872
938	T	0.439	0.02370427
939	G	-0.183	0.01829669
940	A	-0.504	0.02652827
941	T	0.227	0.02571374
942	G	-0.334	0.02329095
943	G	0.056	0.03446179
944	G	-0.063	-0.0059941
945	A	-0.181	-6.436316e-05
946	A	0.024	-0.01393863
947	T	-0.043	-0.05044368
948	T	-0.228	-0.09303199
949	T	-0.307	-0.08339389
950	A	-0.249	-0.04951342
951	T	0.302	-0.04630521
952	T	0.421	-0.006077889
953	T	-0.381	-0.02170617
954	C	0.332	-0.01452924
955	T	0.015	-0.02518124
956	G	-0.298	-0.03810153
957	A	-0.370	-0.04781619
958	A	0	-0.04222651
 959	C	0.139	-0.0150944
960	T	0.288	0.01359728
961	G	0.429	-0.006370137
962	A	-0.240	-0.01651145
963	T	0.073	-0.01697445
964	T	-0.383	-0.05608766
965	T	-0.220	-0.07375624
966	A	-0.228	-0.08587187
967	T	-0.122	-0.04240482
968	G	0.208	-0.04874045
969	G	0.295	-0.04090751
970	G	-0.077	-0.05126421
971	T	0.228	-0.05971079
972	A	-0.390	-0.04835651
973	T	-0.410	-0.04846888
974	A	-0.320	-0.03322646
975	A	-0.528	-0.04613046
976	C	0.455	-0.02053398
977	A	-0.120	-0.03987404
978	G	0.287	-0.03841383
979	T	0.091	-0.04796346
980	A	0.269	-0.06131151
981	T	-0.024	-0.09263056
982	G	0.070	-0.08389656
983	T	-0.094	-0.05493593
984	T	-0.465	-0.01255504
985	G	0.257	0.03817038
986	G	-0.490	0.04218054
987	T	0.236	0.06982254
988	A	0.113	0.04643333
989	G	-0.330	0.0319333
990	G	-0.366	-0.005884068
991	A	-0.224	-0.007329463
992	G	0.139	-0.03312169
993	T	0.484	-0.004087479
994	C	0.434	0.04546463
995	A	0.531	0.03751342
996	T	0.404	0.08472426
997	T	-0.156	0.07229805
998	T	-0.184	0.07270531
999	A	-0.449	0.09184949
1000	T	-0.052	0.1058472
1001	G	-0.419	0.1286984
1002	T	0.457	0.1349646
1003	C	0.475	0.1378039
1004	A	0.106	0.1281926
1005	G	0.406	0.09765827
1006	T	0	0.07123025
 1007	T	0.121	0.06193546
1008	T	0.033	0.05521473
1009	T	-0.100	0.05138183
1010	T	0.209	0.03602821
1011	C	0.258	0.03671884
1012	T	0.538	-0.009975479
1013	C	0.252	-0.05941306
1014	A	-0.048	-0.08624027
1015	T	-0.097	-0.1277345
1016	A	-0.333	-0.1495183
1017	G	-0.311	-0.1499138
1018	A	-0.522	-0.1671546
1019	A	-0.343	-0.1857318
1020	G	-0.405	-0.218152
1021	A	-0.429	-0.2480783
1022	A	-0.463	-0.3021148
1023	T	-0.402	-0.3086388
1024	A	-0.381	-0.3261186
1025	A	-0.413	-0.3133575
1026	T	0.114	-0.3037778
1027	A	-0.294	-0.2765711
1028	G	-0.453	-0.2659619
1029	T	-0.406	-0.2707071
1030	A	-0.310	-0.2682219
1031	A	-0.487	-0.2185128
1032	T	0.128	-0.1964416
1033	A	-0.380	-0.1784788
1034	G	0.145	-0.1531258
1035	G	-0.151	-0.1573642
1036	T	0.205	-0.1545119
1037	T	-0.320	-0.1221943
1038	T	-0.433	-0.1038372
1039	T	-0.358	-0.07632555
1040	T	0.514	-0.08187371
1041	T	-0.044	-0.03188739
1042	T	-0.061	-0.03067707
1043	T	0.100	0.01388524
1044	G	-0.494	0.02592629
1045	T	0.168	0.03131347
1046	T	0.319	0.01204105
1047	T	-0.104	0.05377636
1048	T	0.116	0.09954763
1049	T	-0.415	0.1074459
1050	T	0.461	0.06455263
1051	G	0.151	0.04450073
1052	T	0.466	0.02766781
1053	T	0.373	0.01474275
1054	T	-0.048	0.02869723
1055	G	-0.160	0.03044281
1056	T	0.472	0.01767321
1057	T	0.435	0.0223854
1058	T	-0.208	0.02202066
1059	T	-0.300	0.06022308
1060	A	-0.425	0.05020956
1061	T	-0.381	0.05437161
1062	A	-0.145	0.03732687
1063	A	-0.229	0.04018808
1064	C	0.201	0.02355902
1065	C	0.076	0.02768738
1066	T	-0.015	0.01217275
1067	A	0.109	0.001532747
1068	T	0.310	0.02461459
1069	C	0.271	0.05691154
1070	T	0.230	0.1039587
1071	C	0.142	0.1414328
1072	T	0.428	0.1550975
1073	A	-0.364	0.1639241
1074	A	-0.082	0.1285586
1075	C	0.177	0.1014264
1076	T	0.233	0.07980821
1077	G	0.229	0.04598753
1078	C	0.313	0.03373945
1079	A	0.468	0.03644045
1080	C	0.330	0.02838105
1081	T	0.114	0.02772026
1082	C	-0.061	-0.006487105
1083	A	-0.470	0.009155211
1084	A	-0.438	0.03169201
1085	A	-0.426	0.04488958
1086	A	-0.532	0.03938916
1087	T	0.077	0.04923816
1088	C	0.322	0.03775936
1089	A	0.077	0.02824999
1090	T	0.129	0.01848362
1091	T	-0.221	0.03227267
1092	G	-0.067	0.05032925
1093	T	0.345	0.1005943
1094	C	0.428	0.1195568
1095	A	0.129	0.1189575
1096	C	0.416	0.1226886
1097	T	0.095	0.09669067
1098	T	0.287	0.05305562
1099	G	0.144	0.03822071
1100	G	0.376	0.04556234
1101	C	0.281	0.03624686
1102	A	0.484	0.01906549
1103	T	-0.078	0.009504968
1104	T	-0.437	-0.02756661
1105	A	-0.462	-0.03668242
1106	T	-0.416	-0.05324195
1107	A	-0.506	-0.05487462
1108	A	-0.204	-0.09204988
1109	A	0.269	-0.07961246
1110	G	-0.398	-0.1080842
1111	T	-0.393	-0.1277128
1112	A	0.164	-0.1692985
1113	T	-0.275	-0.1522399
1114	G	-0.044	-0.1249074
1115	A	0.102	-0.1042854
1116	A	0.064	-0.08459063
1117	T	-0.418	-0.08084842
1118	T	0.381	-0.08719799
1119	T	-0.164	-0.1054707
1120	T	-0.091	-0.07773753
1121	A	-0.305	-0.05083105
1122	T	0.245	-0.03502889
1123	C	0.081	-0.02135099
1124	A	-0.070	-0.03905771
1125	C	-0.042	-0.03942326
1126	A	-0.435	-0.02997731
1127	T	-0.325	0.01539074
1128	A	-0.077	0.02222037
1129	G	0.128	0.02645854
1130	A	0.117	0.007326174
1131	C	0.464	-0.0025083
1132	T	-0.016	-0.03776919
1133	T	-0.380	-0.06396515
1134	A	0.095	-0.08321666
1135	G	0.243	-0.08302971
1136	C	0.443	-0.08421318
1137	C	0.511	-0.09030897
1138	G	-0.084	-0.1114149
1139	T	-0.454	-0.1437643
1140	A	-0.492	-0.1725915
1141	A	-0.424	-0.2185591
1142	A	-0.415	-0.2153672
1143	A	-0.436	-0.1824641
1144	T	-0.038	-0.2092642
1145	A	-0.457	-0.2368264
1146	A	-0.441	-0.2640668
1147	A	-0.478	-0.2892075
1148	A	-0.486	-0.3045289
1149	A	-0.430	-0.2953091
1150	A	-0.409	-0.2870735
1151	A	0.044	-0.28181
1152	C	0.244	-0.28069
1153	A	-0.413	-0.2678988
1154	A	-0.280	-0.2885447
1155	A	-0.074	-0.2508954
1156	C	0.033	-
1157	A	-0.375	-
1158	A	-0.279	-
1159	A	-0.335	-
1160	C	-0.324	-
1161	A	-0.394	-
1162	A	-0.193	-
1163	A	-0.430	-
1164	C	0.257	-
