1	G	0	-
 2	T	0.266	-
3	T	0.442	-
4	G	0.186	-
5	C	0.369	-
6	T	0.074	-
7	T	-0.391	-
8	A	-0.420	-
9	A	-0.428	-
10	T	-0.417	-
11	A	-0.420	-
12	A	-0.369	-
13	A	-0.461	-
14	A	-0.462	-
15	T	-0.432	-
16	A	-0.467	-
17	A	-0.454	-
18	A	-0.397	-
19	A	-0.416	-
20	A	-0.306	-0.09915258
21	T	-0.149	-0.08828036
22	A	-0.448	-0.08455686
23	G	0.356	-0.09994106
24	G	-0.375	-0.1011916
25	T	0.054	-0.1104353
26	T	0.147	-0.1144314
27	T	0.349	-0.1101534
28	G	0.247	-0.08920164
29	G	0.229	-0.07405429
30	G	0.448	-0.05180904
31	G	0.325	-0.04770264
32	A	-0.206	-0.04503956
33	T	0.151	-0.03088051
34	G	0.105	-0.02520689
35	G	0.171	-0.004785488
36	A	0.027	0.01727411
37	C	0.274	0.03405129
38	A	-0.420	0.04895866
39	T	-0.416	0.07301291
40	T	-0.331	0.07645149
41	C	0.434	0.08975261
42	C	0.415	0.08854161
43	T	-0.172	0.07326914
44	G	0.136	0.0819382
45	A	0	0.06857965
 46	T	-0.085	0.0602441
47	A	-0.220	0.05563683
48	C	0.417	0.05827438
49	T	0.177	0.0630732
50	C	0.472	0.06304143
51	A	-0.255	0.061746
52	A	-0.263	0.06690133
53	G	0.105	0.06351891
54	A	-0.235	0.06275749
55	C	0.383	0.05976251
56	C	0.415	0.06970416
57	C	0.216	0.07261114
58	T	0.199	0.08011194
59	A	0.545	0.08464211
60	G	-0.168	0.08851981
61	A	0.382	0.06721936
62	T	-0.496	0.05439943
63	T	-0.254	0.05871581
64	C	-0.028	0.04668458
65	A	-0.479	0.03714131
66	A	-0.186	0.03519177
67	T	0.165	0.03007399
68	C	0.353	0.02005687
69	C	0.421	0.01336133
70	T	0.447	-0.01011189
71	C	0.273	-0.009007393
72	C	0	-0.01245014
 73	A	0.015	-0.004314218
74	G	0.075	-0.0001166075
75	G	0.051	0.001435643
76	T	0.424	0.001898517
77	G	0.390	-0.004983188
78	G	-0.120	-0.01439841
79	A	-0.235	-0.03352316
80	T	-0.176	-0.01988084
81	A	-0.417	-0.04018759
82	G	-0.097	-0.03675971
83	A	0	-0.03621846
 84	G	-0.344	-0.04609905
85	G	-0.381	-0.03345774
86	A	-0.163	-0.03334762
87	A	-0.425	-0.02525654
88	T	0.016	-0.02297067
89	C	-0.090	-0.02103752
90	A	-0.466	-0.03685439
91	A	-0.211	-0.05431009
92	T	-0.401	-0.06631029
93	C	0.430	-0.07651365
94	A	-0.067	-0.08596893
95	C	0.446	-0.09366568
96	C	0.433	-0.1135508
97	T	-0.058	-0.133233
98	G	-0.177	-0.1411609
99	A	-0.219	-0.1443393
100	A	0.376	-0.1524293
101	T	-0.429	-0.1494714
102	G	-0.359	-0.1518114
103	A	-0.232	-0.1631065
104	A	-0.423	-0.1554357
105	T	0.025	-0.148226
106	A	-0.181	-0.1342913
107	T	0.488	-0.1111068
108	C	0.444	-0.1183323
109	T	0.498	-0.1267413
110	T	-0.185	-0.1275878
111	T	-0.424	-0.1277202
112	A	-0.480	-0.1147741
113	A	-0.392	-0.1255413
114	G	-0.302	-0.1158814
115	A	-0.256	-0.1388312
116	T	-0.370	-0.159006
117	A	-0.396	-0.1575415
118	A	-0.437	-0.1563319
119	A	-0.362	-0.1533386
120	A	-0.499	-0.1506779
121	T	-0.298	-0.1455511
122	A	-0.190	-0.1272116
123	A	-0.451	-0.1280367
124	T	-0.038	-0.1254335
125	T	-0.093	-0.138432
126	T	0.394	-0.1392014
127	C	0.502	-0.1480627
128	A	-0.272	-0.1602222
129	T	-0.426	-0.1674403
130	A	-0.500	-0.1517383
131	A	-0.217	-0.1321474
132	G	0.116	-0.1210585
133	T	0	-0.1246862
 134	A	0.319	-0.1214647
135	T	-0.471	-0.1174603
136	T	-0.373	-0.09947322
137	T	0	-0.08227527
 138	T	-0.129	-0.0662309
139	T	-0.100	-0.05954617
140	C	0.483	-0.05321569
141	T	-0.224	-0.03786199
142	T	0.374	-0.03143884
143	A	-0.265	-0.01409851
144	T	-0.319	-0.002160675
145	A	-0.494	-0.002636727
146	T	-0.212	-0.003458553
147	T	0.134	-0.0231343
148	T	-0.041	-0.0236746
149	G	0.210	-0.008867752
150	C	0.442	0.01089322
151	C	0.358	0.0259316
152	A	-0.036	0.026716
153	A	-0.537	0.03213212
154	A	-0.173	0.0338628
155	G	-0.096	0.05003235
156	C	0.348	0.06164376
157	C	0.291	0.05923502
158	T	0.204	0.06967262
159	T	-0.095	0.07991329
160	T	-0.246	0.06221706
161	T	0.315	0.07129339
162	C	0.066	0.06671039
163	T	0.241	0.07275566
164	T	0.439	0.07238026
165	C	-0.112	0.07926124
166	T	0.361	0.09030154
167	T	-0.284	0.07596544
168	G	-0.294	0.08125512
169	G	0.165	0.06898932
170	T	0.289	0.06458325
171	G	0.384	0.06951237
172	G	0.148	0.05891465
173	G	0.216	0.06451468
174	G	0.388	0.06389425
175	C	0.174	0.05665883
176	A	0.091	0.03498178
177	G	-0.096	0.01765333
178	T	0.288	0.01787258
179	T	0.309	0.03182895
180	T	-0.224	0.03617517
181	T	0.138	0.02361387
182	C	0.190	0.00928626
183	A	-0.024	0.00599301
184	G	-0.334	-0.00973274
185	A	-0.218	-0.00884871
186	T	0.228	-0.02194164
187	T	-0.439	-0.00822556
188	G	0.169	0.01019361
189	A	-0.280	0.01395504
190	C	0.266	0.01029546
191	T	0.556	0.01167984
192	T	-0.460	0.01777736
193	T	-0.313	0.01919084
194	C	-0.198	0.007976435
195	A	-0.385	0.00990956
196	A	-0.518	0.01497089
197	A	-0.401	0.02550129
198	C	0.213	0.02887359
199	C	0.463	0.02818319
200	A	-0.072	0.03466542
201	A	-0.187	0.04208122
202	G	-0.507	0.0491321
203	T	0.110	0.05476337
204	T	-0.189	0.06150017
205	A	-0.077	0.05948034
206	T	-0.162	0.06648584
207	C	0.263	0.08191984
208	C	0.442	0.06699634
209	T	0.315	0.07955884
210	C	0.143	0.07714752
211	T	0.439	0.06951037
212	C	0.391	0.08273572
213	T	0.273	0.09915607
214	G	-0.060	0.1140216
215	T	0.252	0.1309781
216	G	0.293	0.1545207
217	T	0.324	0.1754557
218	C	0.423	0.1774061
219	T	0.281	0.1765017
220	G	0.034	0.1804475
221	C	0.434	0.1957641
222	C	0.472	0.2141169
223	T	0.201	0.2162349
224	T	-0.065	0.2248953
225	T	-0.299	0.2286437
226	C	0.509	0.2220155
227	T	0.178	0.2101517
228	T	-0.427	0.2088425
229	T	0.222	0.2117383
230	C	0.169	0.2143214
231	C	0.250	0.2136142
232	A	0.068	0.2149483
233	C	0.343	0.2198065
234	A	0.395	0.213994
235	G	0.292	0.2143718
236	C	0.423	0.215015
237	C	0.435	0.2086626
238	C	0.291	0.1942858
239	T	0.426	0.1913959
240	C	0.085	0.1905317
241	C	0.425	0.1774599
242	T	0.227	0.1765435
243	C	0.194	0.1824894
244	T	0.156	0.1946486
245	T	0.072	0.2140916
246	T	-0.427	0.2098641
247	G	-0.210	0.1985325
248	C	0.390	0.1996905
249	T	0.431	0.1865989
250	C	0.246	0.1802779
251	C	0.411	0.1818225
252	C	0.445	0.19231
253	T	0.467	0.1953211
254	G	-0.292	0.1901429
255	T	0.267	0.1817248
256	C	0.319	0.1612468
257	T	0.070	0.1408864
258	G	-0.151	0.1308098
259	A	0.166	0.131133
260	A	0	0.1399052
 261	G	-0.088	0.1399374
262	T	0.436	0.1420054
263	C	0.439	0.1440403
264	T	0.421	0.1273667
265	G	0.478	0.1167088
266	C	0.339	0.127924
267	A	-0.274	0.1366026
268	T	-0.380	0.1298846
269	A	-0.301	0.1195583
270	T	-0.082	0.122708
271	T	0.312	0.1172373
272	C	0.488	0.1144763
273	C	0.464	0.1001401
274	A	0.188	0.1041619
275	T	-0.044	0.09157235
276	G	-0.395	0.08955988
277	A	-0.378	0.08978471
278	A	-0.111	0.105734
279	T	0.439	0.09535779
280	C	0.435	0.08676251
281	C	0.426	0.07854827
282	T	0.309	0.05882047
283	T	0.276	0.03421447
284	G	-0.510	0.01801154
285	A	-0.353	0.00333917
286	G	0.020	0.003185145
287	G	0.136	0.01938734
288	G	0.121	0.03265647
289	A	0.018	0.04597697
290	G	0.372	0.05583781
291	C	0.192	0.05668449
292	C	0.334	0.05453244
293	T	-0.105	0.05453497
294	G	-0.131	0.06029104
295	A	-0.236	0.07319149
296	T	0.239	0.09673696
297	T	0.079	0.1002599
298	C	0.486	0.09157661
299	T	-0.248	0.07340179
300	T	-0.343	0.05033216
301	A	-0.416	0.03394474
302	T	-0.352	0.01624639
303	A	-0.545	-0.001455738
304	A	-0.227	0.01555549
305	G	-0.108	0.03341001
306	G	0.333	0.03711563
307	C	0.373	0.04355473
308	A	0.149	0.04286891
309	G	0.231	0.03257178
310	G	0.311	0.01417683
311	G	0.346	0.0135393
312	G	0.402	-0.00228902
313	T	0.464	0.011256
314	C	0.419	0.02524756
315	A	0.471	0.03549703
316	C	0.546	0.03889218
317	T	-0.237	0.04799058
318	A	-0.458	0.04573335
319	A	-0.287	0.0580889
320	A	-0.486	0.0757448
321	G	-0.228	0.09719828
322	G	-0.398	0.1114466
323	A	-0.431	0.1298444
324	A	0.170	0.1443682
325	C	0.360	0.1519438
326	C	0.169	0.135606
327	A	0.393	0.117868
328	C	0.094	0.1026866
329	A	-0.393	0.08625903
330	A	-0.363	0.06477295
331	C	0.167	0.04980465
332	A	-0.298	0.03389
333	G	0.435	0.01539543
334	T	0.427	-0.006531147
335	G	0.173	-0.03198155
336	T	0.374	-0.05557577
337	C	0.443	-0.05088942
338	T	0.395	-0.04707979
339	C	0.245	-0.05044997
340	C	0.362	-0.04944967
341	C	0.441	-0.05550779
342	T	0.216	-0.04314529
343	T	0.190	-0.02831514
344	G	0.353	-0.02370169
345	G	0.194	-0.02103959
346	A	-0.319	-0.01800279
347	G	-0.336	-0.03466649
348	A	-0.457	-0.02674992
349	A	-0.425	-0.005211292
350	A	-0.547	0.01643063
351	A	-0.252	0.01818941
352	G	-0.234	0.03543198
353	G	-0.275	0.01206508
354	A	-0.458	-0.01221837
355	A	-0.546	-0.02551752
356	A	-0.397	-0.04341367
357	G	-0.050	-0.06750537
358	G	-0.306	-0.08566192
359	A	-0.421	-0.08090712
360	A	-0.446	-0.08026464
361	A	-0.470	-0.08782467
362	T	0.096	-0.08750529
363	C	0.161	-0.08784122
364	A	0.354	-0.09835804
365	C	0.467	-0.09838759
366	C	0.290	-0.09995504
367	A	-0.272	-0.09971184
368	C	0.410	-0.09814469
369	C	0.468	-0.09573076
370	G	0.502	-0.08341122
371	T	0.237	-0.06533847
372	T	0.391	-0.05853564
373	T	-0.498	-0.05759309
374	A	-0.543	-0.04765135
375	A	-0.358	-0.0242105
376	G	-0.341	-0.005128975
377	A	-0.519	0.00917657
378	A	-0.330	0.0180618
379	C	0.435	0.03156292
380	G	0.388	0.04566095
381	C	0.139	0.0574356
382	C	0.229	0.0512243
383	A	0.177	0.03670585
384	C	-0.066	0.0239399
385	A	0.193	0.01516737
386	G	-0.382	0.004678673
387	A	-0.326	0.02358627
388	A	-0.394	0.02086822
389	T	-0.329	0.006526047
390	T	-0.055	0.001816698
391	C	0.470	0.005688397
392	A	0.037	-0.01365608
393	T	-0.237	0.004309322
394	T	-0.060	0.02252515
395	C	0.391	0.0400504
396	C	0.365	0.05658765
397	C	0.521	0.07317577
398	T	0.048	0.0839058
399	T	0.118	0.06202873
400	C	0.117	0.0536695
401	A	0	0.04128637
 402	G	-0.152	0.02895702
403	A	-0.419	0.0150647
404	T	-0.155	0.01815594
405	A	0.116	0.01178645
406	C	-0.128	0.0325988
407	T	0.483	0.05158848
408	G	0.302	0.0635026
409	T	-0.105	0.07927827
410	C	0.314	0.08878261
411	C	0.392	0.08665041
412	G	-0.382	0.07745595
413	T	0.219	0.08069438
414	G	0.185	0.09050706
415	T	0.342	0.08188349
416	G	0.320	0.07803194
417	T	0.143	0.07593006
418	G	0.098	0.08084986
419	A	-0.439	0.08291961
420	G	0.053	0.08808661
421	T	-0.356	0.09144446
422	T	-0.263	0.09239568
423	A	-0.378	0.09669261
424	C	0.056	0.09630418
425	A	-0.061	0.09896228
426	C	0.450	0.1032315
427	G	0.432	0.1020542
428	T	0.081	0.09192788
429	G	0.301	0.1056574
430	C	0.324	0.1023375
431	C	0.385	0.09182348
432	A	-0.330	0.1038254
433	A	-0.108	0.09459163
434	C	0.332	0.08996166
435	T	0.046	0.07766838
436	G	0.211	0.06123871
437	C	0.437	0.05046411
438	C	0.245	0.05916985
439	A	0.200	0.07493187
440	G	0.323	0.08310623
441	G	0.134	0.102748
442	T	-0.114	0.1188981
443	A	-0.247	0.1327756
444	T	-0.171	0.1397481
445	G	0.222	0.140078
446	T	0.041	0.1360449
447	G	0.436	0.1158351
448	A	-0.103	0.1206637
449	G	0.443	0.1207118
450	T	0.181	0.1232867
451	G	-0.028	0.1233082
452	T	0.097	0.1388234
453	G	-0.149	0.1487606
454	T	0	0.139369
 455	A	-0.148	0.1298334
456	T	-0.336	0.1207954
457	G	-0.287	0.1055922
458	C	0.446	0.0985359
459	T	0.191	0.09380295
460	C	0.380	0.09649813
461	C	0.429	0.09468209
462	T	0.382	0.109648
463	G	0.176	0.1192185
464	T	0.335	0.1216486
465	G	-0.048	0.1256249
466	T	0.288	0.1209562
467	G	-0.375	0.1148815
468	C	0.275	0.1248659
469	T	0.303	0.1204602
470	C	0.427	0.1240082
471	C	0.385	0.1355913
472	C	0.290	0.1412742
473	C	0.289	0.1478008
474	A	-0.043	0.1504805
475	G	-0.334	0.1641688
476	A	-0.149	0.1633555
477	A	-0.170	0.1720316
478	C	-0.036	0.1487908
479	T	0.011	0.1347463
480	A	0.431	0.1175853
481	G	0.061	0.102894
482	T	0.484	0.08502573
483	T	0.135	0.07979426
484	T	-0.074	0.06578353
485	C	0.381	0.07327194
486	T	-0.144	0.07711402
487	C	0.193	0.08950632
488	T	0.296	0.07216239
489	G	0.267	0.05448547
490	C	0.323	0.03264489
491	C	0.435	0.01819962
492	C	0.325	0.003044543
493	A	0.111	-0.004939257
494	G	0.107	0.001014013
495	T	0.398	0.006487013
496	T	-0.369	0.005528188
497	T	0.059	0.00789135
498	T	-0.482	0.00252697
499	G	-0.370	0.002886905
500	A	-0.305	-0.01151124
501	G	-0.158	-0.005947702
502	A	-0.332	-0.008337427
503	C	-0.032	-0.0003314275
504	G	-0.224	0.0003891825
505	C	0.251	-0.003167367
506	C	0.442	0.009731407
507	T	0.120	0.01520618
508	T	-0.418	0.01827038
509	T	-0.403	0.01158371
510	T	-0.445	0.00514373
511	A	-0.191	0.003753505
512	T	-0.315	0.006054555
513	G	-0.030	0.008618805
514	G	0.194	0.01728545
515	A	-0.115	0.01944101
516	G	-0.188	0.03248475
517	G	-0.075	0.03890518
518	A	-0.251	0.06337673
519	G	0.026	0.07991226
520	A	-0.144	0.08079166
521	C	0.284	0.07536138
522	C	0.389	0.08822996
523	T	0.455	0.08055075
524	G	-0.045	0.08818199
525	T	0.239	0.08763971
526	G	0.371	0.08374171
527	C	0.412	0.09118794
528	C	0.418	0.1122039
529	T	0	0.1329342
 530	G	0.065	0.1486293
531	C	0.379	0.1635356
532	T	0.417	0.182249
533	C	0.214	0.1897965
534	C	0.453	0.1961082
535	C	0.484	0.2095013
536	T	0.152	0.2193981
537	A	0.316	0.2238109
538	C	0.496	0.2387804
539	T	0.290	0.2461616
540	T	-0.270	0.2540405
541	A	-0.375	0.2522143
542	C	0.182	0.2538134
543	G	-0.339	0.2483606
544	T	0.080	0.2530952
545	T	0.229	0.2572819
546	T	0.286	0.2374626
547	C	0.418	0.2140239
548	C	0.421	0.1918411
549	A	0.425	0.1912685
550	T	0.182	0.1850099
551	C	0.404	0.172116
552	T	0.432	0.1712556
553	G	0.271	0.1726915
554	C	0.447	0.1632605
555	C	0.419	0.1623573
556	T	0.207	0.1669251
557	T	0.100	0.1565504
558	C	0.347	0.1527884
559	T	0.321	0.145854
560	T	0.170	0.1571911
561	T	0.211	0.1773932
562	C	0.452	0.1825074
563	T	0.237	0.1966918
564	C	0.144	0.2001255
565	A	0.406	0.2050254
566	T	-0.421	0.1978621
567	T	-0.524	0.1812518
568	A	-0.468	0.173963
569	C	-0.022	0.1694317
570	A	-0.184	0.155522
571	A	-0.136	0.15681
572	C	0.382	0.1473703
573	T	0.271	0.1398629
574	G	0.076	0.1309872
575	T	0.448	0.1141608
576	C	0.335	0.09911082
577	G	-0.098	0.0951782
578	A	0.345	0.08457757
579	C	0.013	0.07595922
580	A	0.182	0.07999245
581	G	0.432	0.08498632
582	T	0.387	0.08398562
583	G	0.227	0.08919785
584	T	0.217	0.09707705
585	C	0.425	0.0951659
586	C	0	0.09819687
 587	A	-0.246	0.1021475
588	A	0.130	0.1068349
589	C	0.244	0.1007366
590	G	-0.374	0.1089495
591	A	0.455	0.1243935
592	C	0.055	0.1216703
593	A	-0.028	0.1198627
594	G	0.092	0.1274308
595	A	-0.253	0.1296767
596	A	-0.394	0.1167374
597	T	-0.056	0.1302311
598	A	-0.076	0.126424
599	T	-0.023	0.1140655
600	G	0.332	0.0987997
601	G	0.410	0.08310545
602	C	0.412	0.06202668
603	T	0.445	0.04324983
604	C	0.459	0.0291737
605	C	0.330	0.01306373
606	A	-0.300	0.0112303
607	A	-0.366	0.01787296
608	G	-0.280	0.01176268
609	A	-0.266	0.001609057
610	A	0.143	0.0007033825
611	C	0.481	-0.02295562
612	C	0.273	-0.02647617
613	A	0.199	-0.01359376
614	C	0.379	-0.006282903
615	T	0.538	-0.009767853
616	G	-0.182	-0.010129
617	T	0.441	-0.0191972
618	T	0.193	-0.02301703
619	T	-0.480	-0.01163855
620	G	-0.427	-0.008798177
621	A	-0.195	-0.008079302
622	A	-0.456	-0.007001678
623	A	-0.523	-0.0146575
624	A	-0.345	-0.03249065
625	G	-0.219	-0.04875498
626	T	-0.073	-0.04251561
627	A	0.019	-0.03254698
628	T	-0.114	-0.01803675
629	T	-0.161	-0.001743427
630	T	-0.410	-0.01261903
631	A	-0.490	-0.02183548
632	A	-0.085	-0.02331553
633	T	0.486	-0.0202219
634	G	0.384	-0.0219201
635	A	-0.392	-0.02660275
636	T	-0.408	-0.01440985
637	A	-0.419	-0.01322023
638	T	-0.229	-0.02135143
639	T	0.431	-0.01763995
640	C	0.445	-0.0170805
641	C	0.439	-0.01388658
642	C	0.456	0.00136064
643	T	0.139	0.02066787
644	G	-0.253	0.03341629
645	A	-0.320	0.04016616
646	A	-0.050	0.04748898
647	G	0.031	0.05834795
648	T	0.299	0.06359068
649	T	0.384	0.06839893
650	A	-0.291	0.08932259
651	C	0.112	0.1052179
652	T	0.214	0.1114667
653	T	0.322	0.111745
654	G	0.311	0.09469059
655	G	0.351	0.09810949
656	C	0.305	0.09626084
657	C	0.488	0.09678762
658	A	-0.131	0.09137677
659	A	-0.332	0.08380784
660	A	-0.405	0.07548462
661	T	-0.067	0.07395054
662	A	0.153	0.07326602
663	C	0.248	0.07624769
664	G	0.164	0.07704307
665	A	0.050	0.07510327
666	C	0.219	0.07924323
667	T	0.453	0.07319782
668	G	0.095	0.05496667
669	A	0.030	0.03575054
670	A	0.426	0.03286757
671	T	0.145	0.01689882
672	C	0.164	0.008094718
673	T	0.497	0.007661218
674	T	-0.297	-0.01038828
675	T	-0.255	-0.03008218
676	A	-0.482	-0.04958678
677	T	-0.398	-0.07252743
678	A	-0.445	-0.07716286
679	A	0.128	-0.07396956
680	C	0.112	-0.07200618
681	C	0.378	-0.07608255
682	C	0.428	-0.08336683
683	A	0.258	-0.09030876
684	G	-0.222	-0.09932396
685	A	-0.397	-0.09005855
686	G	0.114	-0.0865151
687	A	-0.209	-0.08602823
688	G	-0.429	-0.09388048
689	A	-0.383	-0.09267559
690	A	-0.406	-0.1025709
691	A	-0.525	-0.09822029
692	A	-0.137	-0.09577769
693	C	0.305	-0.1097064
694	A	-0.410	-0.1007376
695	A	-0.436	-0.08952862
696	A	-0.474	-0.07371852
697	A	-0.428	-0.07032345
698	T	-0.317	-0.06551582
699	T	-0.204	-0.07458732
700	A	-0.326	-0.08044712
701	T	-0.230	-0.09808045
702	T	-0.137	-0.1129984
703	T	-0.028	-0.1243648
704	A	-0.195	-0.1080015
705	C	0.421	-0.09602926
706	T	0.361	-0.09313171
707	C	0.473	-0.09824314
708	A	-0.218	-0.09394959
709	T	0.078	-0.09440951
710	T	0.030	-0.08789004
711	C	0.319	-0.08625299
712	A	0.262	-0.07950581
713	G	-0.059	-0.07933941
714	T	0.061	-0.05824803
715	A	0.192	-0.04159009
716	T	0.149	-0.03415961
717	T	-0.262	-0.02823078
718	T	-0.253	-0.01750823
719	A	-0.233	-0.007106585
720	T	-0.121	0.00440664
721	T	-0.327	0.00215509
722	A	-0.168	-0.00556426
723	G	-0.195	-0.008250627
724	T	0.432	-0.002615462
725	T	0.081	-0.001906837
726	T	0.230	-0.01168008
727	G	-0.414	-0.028624
728	G	-0.258	-0.03512338
729	A	-0.402	-0.04412634
730	A	-0.145	-0.0395612
731	A	-0.460	-0.04215298
732	T	0.132	-0.04082445
733	G	0.312	-0.03587504
734	G	0.433	-0.0365182
735	G	0.229	-0.0522604
736	G	-0.177	-0.06554283
737	A	-0.191	-0.05209418
738	C	0.111	-0.04494565
739	A	0.211	-0.03047917
740	C	0.133	-0.0214293
741	A	-0.320	-0.004278947
742	G	-0.446	0.01316
743	T	-0.136	0.0233807
744	A	0.029	0.02455715
745	C	0.449	0.03341851
746	C	-0.029	0.03232077
747	T	-0.204	0.04636786
748	A	-0.478	0.05472132
749	A	-0.281	0.06195617
750	C	0.213	0.06119187
751	A	0.215	0.08146007
752	C	0.315	0.08934067
753	A	0.138	0.08372449
754	C	0.035	0.06485701
755	A	-0.437	0.06129209
756	A	-0.381	0.06732258
757	T	0.275	0.08158153
758	T	0.032	0.08745105
759	C	0.344	0.08511423
760	G	0.240	0.09395866
761	C	0.358	0.09940605
762	C	0.529	0.1140419
763	A	0.213	0.1163823
764	A	0.479	0.125158
765	T	0.435	0.1250354
766	G	0.186	0.1307775
767	T	0.147	0.1430847
768	T	0.076	0.1665224
769	T	-0.112	0.1839635
770	G	-0.176	0.1868331
771	C	0.350	0.1778362
772	T	0.447	0.1787749
773	C	0.087	0.1659894
774	T	-0.321	0.1522952
775	A	0.087	0.1561001
776	T	0.063	0.1604523
777	C	0.378	0.1633711
778	C	0.346	0.1727236
779	T	0.117	0.1740587
780	G	0.487	0.1803084
781	G	-0.102	0.1663852
782	T	0.139	0.1445885
783	A	-0.042	0.1369772
784	C	0.380	0.1165706
785	C	0.445	0.09365028
786	T	0.200	0.07529831
787	G	0.287	0.06317953
788	C	0.459	0.06701773
789	C	0.416	0.07571258
790	T	0.328	0.09066568
791	C	-0.144	0.08926141
792	A	0.352	0.07864568
793	C	-0.372	0.06475562
794	A	-0.512	0.06062167
795	A	-0.284	0.04858591
796	G	-0.207	0.04602609
797	C	0.392	0.04389204
798	T	0.406	0.03123542
799	C	0.398	0.03612792
800	C	0.490	0.02083122
801	T	-0.197	0.02056389
802	T	-0.342	0.01604406
803	T	-0.091	0.01843425
804	C	-0.336	0.00116553
805	T	-0.481	-0.020229
806	A	-0.547	-0.03563287
807	A	-0.337	-0.03847015
808	G	0.229	-0.03917292
809	G	0.235	-0.04399362
810	C	0.421	-0.04374535
811	T	0.294	-0.0295405
812	T	0.022	-0.02876177
813	G	-0.467	-0.01381542
814	A	-0.486	-0.01331655
815	A	-0.394	-0.01311835
816	G	-0.038	-0.01124137
817	A	0.293	-0.01064852
818	G	-0.159	-0.01873286
819	G	0.313	-0.03858121
820	A	-0.124	-0.06126639
821	G	-0.113	-0.05097316
822	A	-0.041	-0.03403024
823	C	0.052	-0.03353196
824	A	-0.310	-0.03060434
825	T	-0.410	-0.02461674
826	A	-0.416	-0.002642712
827	C	0.174	0.01541351
828	G	0.431	0.02067446
829	G	0.223	0.02591611
830	T	0.337	0.01885694
831	C	0.424	0.01150144
832	C	0.383	0.003833735
833	C	0.224	0.004020385
834	A	-0.492	0.02350044
835	A	-0.277	0.03185865
836	G	-0.132	0.02943503
837	C	0.415	0.02550198
838	T	0.083	0.0374398
839	G	-0.395	0.02821453
840	A	-0.417	0.02365768
841	T	0.213	0.02387443
842	G	0.335	0.0270379
843	T	-0.071	0.02616537
844	T	-0.219	0.04331224
845	G	-0.241	0.06594009
846	A	0.331	0.07114329
847	C	0.384	0.05948382
848	T	0.440	0.04294919
849	C	0.444	0.0349014
850	T	0.139	0.02238632
851	T	0	0.01555312
 852	T	-0.283	-0.003475528
853	G	-0.460	-0.01526928
854	T	0.292	-0.01591738
855	A	-0.059	-0.02122878
856	G	-0.135	-0.01421003
857	C	0.135	-0.0198438
858	A	0.317	-0.02999399
859	C	-0.055	-0.02230821
860	A	-0.306	-0.000800385
861	A	-0.104	-0.00336976
862	T	0.084	-0.01446208
863	T	0.018	-0.0162087
864	C	0.375	-0.02174328
865	T	0.494	-0.02546398
866	T	-0.207	-0.04180748
867	T	-0.292	-0.05858723
868	A	-0.230	-0.07177879
869	T	-0.098	-0.07651312
870	G	-0.162	-0.07432695
871	T	0.150	-0.06935487
872	T	-0.377	-0.06959702
873	T	-0.246	-0.06754294
874	T	-0.518	-0.08146044
875	A	-0.489	-0.08520251
876	A	0.148	-0.09440516
877	G	0.190	-0.09659825
878	G	-0.322	-0.1112911
879	A	-0.088	-0.1175478
880	G	0.443	-0.09832763
881	C	0.111	-0.08723833
882	A	-0.108	-0.08418972
883	A	-0.141	-0.08301419
884	T	-0.441	-0.08962247
885	T	-0.390	-0.1016872
886	A	-0.322	-0.09350534
887	A	-0.286	-0.08702924
888	T	-0.087	-0.08808834
889	T	0.255	-0.08137312
890	C	0.226	-0.07290307
891	T	0.198	-0.07204479
892	G	-0.293	-0.05135742
893	A	-0.378	-0.05200419
894	T	-0.264	-0.04180177
895	A	-0.209	-0.03117764
896	A	-0.503	-0.02384049
897	T	0.048	-0.03212789
898	T	-0.269	-0.02405971
899	G	-0.305	-0.02714969
900	C	0.462	-0.04952819
901	T	0.338	-0.06377864
902	G	0.206	-0.07176537
903	T	0.065	-0.07152609
904	T	0.111	-0.06545782
905	G	0.011	-0.05113239
906	G	0.119	-0.05354341
907	T	-0.033	-0.05650539
908	A	-0.272	-0.05431627
909	C	0.170	-0.06118309
910	A	0.176	-0.07634146
911	C	0.185	-0.08871766
912	C	0.450	-0.08941049
913	A	-0.272	-0.08804849
914	T	-0.110	-0.08018744
915	G	-0.064	-0.07143067
916	G	0.441	-0.05968979
917	A	-0.140	-0.06743807
918	T	0	-0.05978289
 919	T	-0.211	-0.05243477
920	T	-0.451	-0.05986727
921	T	-0.458	-0.06515427
922	A	-0.427	-0.07726212
923	A	-0.131	-0.0814994
924	A	-0.198	-0.07846948
925	T	0.182	-0.08363841
926	G	-0.418	-0.07673983
927	A	-0.404	-0.06854428
928	T	0	-0.05472828
 929	T	-0.019	-0.06050432
930	T	-0.379	-0.06412048
931	A	-0.296	-0.07568743
932	T	-0.321	-0.07837985
933	G	-0.323	-0.0738366
934	A	0.049	-0.06193848
935	A	0.140	-0.05290591
936	A	-0.034	-0.05971506
937	G	-0.261	-0.04940526
938	A	0.036	-0.03983464
939	G	-0.011	-0.02619911
940	T	0.164	-0.01314421
941	T	0.127	-0.003984062
942	T	-0.277	0.01326614
943	T	-0.104	0.02783219
944	C	0.232	0.03636534
945	A	-0.195	0.03575141
946	G	0.395	0.04824835
947	C	0.294	0.05060168
948	T	0.279	0.0393163
949	C	-0.060	0.04903491
950	T	0.031	0.06295846
951	A	-0.277	0.08076539
952	C	0.342	0.08174896
953	T	-0.090	0.09518489
954	C	0.365	0.1046227
955	A	0.296	0.1121503
956	G	0.169	0.1197706
957	G	0.271	0.1321945
958	C	0.382	0.1370335
959	G	0.333	0.1467116
960	T	0.070	0.148344
961	C	-0.092	0.1392476
962	T	0.262	0.1393932
963	C	0.450	0.1317054
964	T	0.142	0.1233691
965	G	0.157	0.1357778
966	T	0.081	0.1371014
967	G	-0.310	0.1396624
968	A	-0.451	0.1372734
969	G	0.369	0.1444707
970	C	0.177	0.1501862
971	G	0.416	0.1613166
972	T	-0.281	0.162273
973	G	0.213	0.16915
974	C	0.427	0.1716849
975	T	0.441	0.165911
976	C	0.270	0.1709546
977	T	0.235	0.1594291
978	C	0.229	0.154941
979	C	0.375	0.1414235
980	C	0.230	0.1385147
981	A	-0.236	0.1293471
982	T	-0.271	0.1220741
983	T	-0.411	0.1108012
984	A	-0.100	0.1076457
985	C	0.301	0.1123213
986	T	0.448	0.1139282
987	C	0.397	0.108669
988	C	0.184	0.1072226
989	C	0.227	0.08840069
990	A	0.260	0.07951519
991	C	0.167	0.05705471
992	G	0.380	0.07407029
993	C	0.184	0.05571304
994	T	0.467	0.03229079
995	C	0.065	0.009201563
996	T	0.371	0.01130536
997	A	-0.189	-0.005344387
998	T	0.203	-0.01528914
999	G	-0.207	-0.02645974
1000	G	-0.045	-0.03094157
1001	A	-0.459	-0.02708983
1002	A	-0.028	-0.02499646
1003	T	0	-0.02512323
 1004	G	0.016	-0.03192141
1005	C	0.345	-0.05220028
1006	T	0.145	-0.07702566
1007	A	-0.520	-0.09891813
1008	A	-0.509	-0.1071959
1009	A	-0.383	-0.1029862
1010	G	-0.177	-0.1158015
1011	A	-0.482	-0.1090253
1012	C	0.398	-0.1175047
1013	A	-0.520	-0.1244949
1014	A	-0.509	-0.1460248
1015	A	-0.481	-0.1595945
1016	G	0.354	-0.1799087
1017	A	-0.430	-0.1832529
1018	A	-0.168	-0.1924372
1019	T	-0.071	-0.1843209
1020	A	0.050	-0.190745
1021	T	-0.082	-0.1844333
1022	G	-0.187	-0.1946533
1023	A	-0.416	-0.2031206
1024	G	-0.372	-0.2148159
1025	A	-0.509	-0.2265744
1026	A	-0.544	-0.2414951
1027	A	-0.478	-0.2337219
1028	G	-0.146	-0.223444
1029	G	0.395	-0.222395
1030	G	-0.252	-0.2298081
1031	A	0.438	-0.2209326
1032	C	0.041	-0.2375739
1033	A	-0.095	-0.2179972
1034	T	-0.394	-0.1947487
1035	A	-0.476	-0.1733153
1036	A	-0.441	-0.1717819
1037	A	-0.323	-0.1578569
1038	A	-0.164	-0.1480031
1039	C	0.117	-0.1436846
1040	T	-0.302	-0.1401158
1041	A	-0.206	-0.1447252
1042	A	-0.437	-0.14842
1043	G	-0.338	-0.140356
1044	A	-0.451	-0.1220532
1045	A	-0.125	-0.09875952
1046	G	-0.451	-0.0741879
1047	T	-0.209	-0.0519585
1048	A	-0.098	-0.03797167
1049	G	-0.341	-0.03829072
1050	A	-0.474	-0.02797314
1051	T	-0.127	-0.03092334
1052	A	-0.266	-0.02641395
1053	G	0.262	-0.02309997
1054	C	0.420	-0.002411892
1055	C	0.375	0.01326896
1056	C	0.416	0.03516346
1057	A	0.126	0.05156501
1058	G	0.226	0.06556536
1059	G	0.101	0.07329643
1060	C	0.193	0.08556446
1061	A	-0.266	0.1012431
1062	A	-0.335	0.1213906
1063	A	-0.094	0.1364561
1064	C	0.359	0.1599336
1065	C	0.421	0.1737183
1066	C	0.438	0.1869593
1067	C	0.410	0.1823143
1068	A	0.412	0.1874073
1069	G	0.382	0.1855111
1070	G	0.160	0.1864289
1071	T	0.320	0.1803922
1072	C	0.221	0.1778503
1073	A	0.037	0.1657051
1074	C	0.433	0.1625798
1075	C	0.150	0.1523739
1076	C	0.434	0.1371436
1077	C	0.332	0.1461276
1078	C	0.395	0.1331477
1079	T	0.426	0.1414815
1080	C	0.187	0.1493267
1081	C	0.420	0.1493491
1082	T	0.368	0.149444
1083	C	0.263	0.1380921
1084	A	0.488	0.1247308
1085	C	0.426	0.1123729
1086	T	0.078	0.1091507
1087	C	-0.395	0.1059648
1088	A	0.105	0.105364
1089	T	-0.417	0.09240969
1090	A	-0.437	0.09192209
1091	A	-0.368	0.0826311
1092	T	-0.368	0.08012529
1093	T	-0.223	0.08889483
1094	C	0.295	0.08230528
1095	A	-0.032	0.06657356
1096	A	-0.193	0.05601615
1097	G	0.485	0.05718192
1098	G	-0.293	0.05466017
1099	T	0.434	0.03285697
1100	C	0.507	0.01910467
1101	G	-0.265	0.01252447
1102	T	-0.331	-0.00634533
1103	A	-0.548	-0.02605606
1104	A	-0.175	-0.03398108
1105	C	-0.072	-0.04808023
1106	G	0.309	-0.05535713
1107	C	0.283	-0.0493458
1108	A	0.388	-0.0453154
1109	G	-0.135	-0.02870543
1110	A	0.140	-0.01910399
1111	C	-0.051	-0.01051433
1112	A	0.121	-0.008498658
1113	G	0.387	-0.01443616
1114	T	0.169	-0.02135944
1115	G	-0.479	-0.01401253
1116	G	0.012	-0.01683406
1117	A	0.379	-0.03237814
1118	C	0.295	-0.02404338
1119	A	-0.445	-0.04208748
1120	A	-0.362	-0.05582572
1121	T	0.157	-0.05910857
1122	T	-0.386	-0.04442129
1123	T	-0.524	-0.02017177
1124	T	0.171	-0.02530294
1125	G	-0.137	-0.01342172
1126	A	-0.212	-0.01654262
1127	G	-0.155	-0.01874962
1128	G	0.266	-0.03510867
1129	T	0.247	-0.04064617
1130	G	-0.053	-0.05095302
1131	G	-0.025	-0.05217693
1132	A	-0.287	-0.05649301
1133	G	-0.460	-0.06923724
1134	A	0.018	-0.06958124
1135	T	0.261	-0.06100069
1136	G	-0.305	-0.06390163
1137	A	-0.136	-0.0813693
1138	G	0.040	-0.09804548
1139	G	-0.287	-0.07591583
1140	T	-0.042	-0.0637878
1141	A	-0.397	-0.06206743
1142	T	0.255	-0.04178173
1143	C	0.421	-0.03083308
1144	A	-0.380	-0.03510808
1145	G	0.402	-0.04147358
1146	A	0.184	-0.03896575
1147	T	0.194	-0.02537423
1148	G	-0.265	-0.02380398
1149	G	-0.356	-0.03673565
1150	A	-0.271	-0.04748254
1151	A	-0.099	-0.05912737
1152	T	-0.050	-0.0624666
1153	A	-0.121	-0.06113567
1154	G	0.155	-0.06980709
1155	G	-0.135	-0.08493174
1156	A	-0.103	-0.07169082
1157	G	-0.319	-0.05921319
1158	A	-0.371	-0.05257392
1159	C	0.439	-0.04419163
1160	C	0.122	-0.04645484
1161	A	0.225	-0.03401729
1162	C	0.425	-0.03134182
1163	A	-0.086	-0.0435061
1164	G	0	-0.03509364
 1165	A	-0.392	-0.03949089
1166	T	-0.112	-0.03309234
1167	A	0.388	-0.02719914
1168	C	0.329	-0.009803915
1169	T	-0.270	-0.00775234
1170	A	-0.483	-0.002393145
1171	A	-0.490	-0.01052697
1172	A	-0.421	-0.02157646
1173	A	-0.407	-0.02000238
1174	A	-0.328	-0.02628248
1175	T	-0.343	-0.0116312
1176	A	0.223	0.003416423
1177	G	0.362	0.01905505
1178	C	0.305	0.01550995
1179	T	0.048	-0.002753177
1180	T	-0.132	-0.0006959775
1181	T	0.100	0.001793573
1182	C	0.362	0.001958623
1183	T	-0.065	0.01533947
1184	G	-0.043	0.01431129
1185	G	0.226	0.01692464
1186	C	0.440	0.01192219
1187	T	0.430	-0.004705737
1188	G	0.430	-0.02607389
1189	G	-0.274	-0.01388156
1190	G	-0.057	-0.01199706
1191	A	-0.425	-0.00173941
1192	T	-0.492	0.00268659
1193	A	-0.058	-0.000799285
1194	G	-0.095	0.006334227
1195	C	0.450	0.02054523
1196	C	0.497	0.01874645
1197	T	0.306	0.01975313
1198	A	-0.513	0.0206557
1199	T	-0.290	0.02538481
1200	G	0.205	0.03894784
1201	G	0.325	0.04843571
1202	C	0.431	0.05036251
1203	C	0.448	0.04843444
1204	A	-0.041	0.04782207
1205	G	-0.287	0.03013498
1206	A	-0.312	0.024633
1207	A	-0.276	0.019446
1208	G	-0.525	0.01046135
1209	T	0.217	0.0276517
1210	G	-0.408	0.0394578
1211	T	-0.080	0.05350178
1212	T	-0.244	0.05827293
1213	A	-0.547	0.05218583
1214	A	-0.042	0.05578807
1215	G	0.224	0.04209792
1216	G	0.151	0.03213575
1217	C	0.403	0.03458353
1218	T	0.342	0.0573707
1219	C	0.237	0.0752943
1220	C	0.409	0.07652167
1221	C	0.479	0.07938555
1222	C	0.439	0.07986615
1223	A	-0.142	0.07906278
1224	T	-0.068	0.07185669
1225	T	-0.480	0.07807271
1226	C	0.220	0.09730471
1227	T	0.223	0.1059493
1228	G	0.070	0.117025
1229	C	0.412	0.1096574
1230	T	0.415	0.1174128
1231	G	0.136	0.1269752
1232	A	-0.302	0.1359939
1233	G	-0.302	0.1584676
1234	A	0.048	0.1693624
1235	C	-0.097	0.1733253
1236	A	0.099	0.1791666
1237	T	0.404	0.1742851
1238	C	0.397	0.1733237
1239	T	0.426	0.1758832
1240	G	0.254	0.1706138
1241	C	0.440	0.1695186
1242	C	0.450	0.1511734
1243	T	0.416	0.1575883
1244	G	-0.329	0.1721534
1245	A	-0.039	0.1868286
1246	C	0.456	0.1893692
1247	C	0.068	0.1915815
1248	T	-0.082	0.1970978
1249	A	-0.077	0.1957872
1250	G	-0.097	0.1965575
1251	T	0.301	0.2017187
1252	G	0.116	0.2182613
1253	G	0.351	0.237096
1254	C	0.392	0.2448006
1255	C	0.383	0.2362641
1256	A	0.385	0.2348274
1257	C	0.207	0.2128933
1258	C	0.303	0.1891861
1259	A	0.339	0.1688125
1260	C	0.199	0.1547201
1261	C	0.436	0.1528695
1262	A	-0.294	0.152933
1263	C	0.114	0.1528689
1264	T	0.514	0.1699878
1265	G	0.106	0.1784075
1266	A	0.321	0.1615543
1267	C	0.311	0.1546959
1268	C	0.291	0.1502447
1269	C	0.360	0.1629785
1270	T	0.445	0.1765625
1271	C	0.342	0.180262
1272	C	0.359	0.1817912
1273	C	0.451	0.1619421
1274	T	0.357	0.1487844
1275	T	-0.438	0.1473897
1276	A	0.041	0.1343261
1277	T	-0.473	0.1240572
1278	T	-0.550	0.1164682
1279	A	-0.388	0.1152013
1280	G	-0.309	0.108278
1281	G	0.366	0.08769765
1282	C	0.453	0.1031397
1283	T	0.413	0.1054824
1284	T	0.355	0.09338545
1285	C	0.297	0.09038041
1286	T	-0.217	0.07833801
1287	A	-0.205	0.06309279
1288	C	-0.260	0.06138074
1289	T	0.432	0.06384294
1290	C	0.445	0.06391486
1291	T	0.449	0.06919146
1292	G	0.177	0.0585087
1293	A	-0.442	0.04310523
1294	G	-0.133	0.02361452
1295	T	0.327	0.0253051
1296	A	-0.137	0.01536702
1297	G	-0.202	0.01372144
1298	T	0	0.03217782
 1299	T	0.288	0.03387007
1300	T	-0.077	0.03316182
1301	A	-0.387	0.01566852
1302	G	0.323	-0.004126207
1303	C	0.208	-0.02716551
1304	A	0.030	-0.04321323
1305	T	-0.013	-0.06084851
1306	T	-0.159	-0.05611992
1307	T	-0.298	-0.04870346
1308	T	0.222	-0.04421773
1309	C	0.458	-0.06104868
1310	C	0.448	-0.08388036
1311	T	0.553	-0.09939821
1312	T	-0.067	-0.1150795
1313	T	-0.165	-0.09629543
1314	C	-0.422	-0.09108471
1315	A	-0.371	-0.09895247
1316	A	-0.355	-0.08529372
1317	A	-0.539	-0.08022472
1318	A	0.187	-0.08072425
1319	G	-0.321	-0.08361072
1320	A	-0.337	-0.07577264
1321	G	-0.333	-0.05645371
1322	A	-0.338	-0.06069024
1323	A	-0.507	-0.07045524
1324	A	-0.286	-0.06609959
1325	G	-0.407	-0.07661968
1326	A	-0.028	-0.08096105
1327	C	0.091	-0.07840677
1328	A	-0.080	-0.0819688
1329	G	-0.241	-0.08266098
1330	A	-0.467	-0.0831421
1331	A	-0.170	-0.09580525
1332	G	-0.449	-0.1010251
1333	T	0.309	-0.09226119
1334	T	0.074	-0.07271504
1335	G	0.012	-0.05171769
1336	C	0.409	-0.03542524
1337	A	0	-0.03143276
 1338	C	-0.019	-0.03141877
1339	A	0.173	-0.02806264
1340	C	0.235	-0.03098552
1341	C	0.385	-0.01630894
1342	T	0.154	-0.01118442
1343	G	-0.182	-0.01142349
1344	T	0.204	-0.001519215
1345	A	-0.434	0.009203917
1346	A	-0.333	0.005782925
1347	T	-0.195	-0.004782278
1348	T	0.080	-0.01271528
1349	C	0.431	-0.02045543
1350	C	0.429	-0.001398483
1351	A	0.047	0.008093517
1352	G	-0.276	0.01005814
1353	A	0.185	-0.001598558
1354	C	0.359	-0.009522508
1355	C	0.468	-0.007617188
1356	T	0.296	-0.02628419
1357	T	-0.379	-0.03039544
1358	G	0.188	-0.02401968
1359	G	-0.186	-0.01758941
1360	G	-0.454	-0.01739426
1361	A	0.253	-0.02279968
1362	G	-0.133	-0.03250028
1363	A	-0.517	-0.03095746
1364	T	0.109	-0.04391003
1365	G	0.020	-0.03214546
1366	G	-0.165	-0.02268508
1367	A	-0.331	-0.00896071
1368	G	-0.398	-0.02463433
1369	A	-0.550	-0.03868708
1370	T	0.294	-0.05235438
1371	C	0.208	-0.05028609
1372	G	-0.371	-0.03241851
1373	G	-0.157	-0.02589796
1374	A	-0.241	-0.04459091
1375	A	0.088	-0.06573534
1376	G	-0.337	-0.08357926
1377	A	-0.164	-0.06408676
1378	T	0.235	-0.06501348
1379	C	0.430	-0.05586409
1380	A	0.243	-0.03580923
1381	G	0.169	-0.03765583
1382	G	-0.233	-0.02095066
1383	A	-0.120	-0.009905978
1384	G	-0.313	-0.004124403
1385	T	0.036	-0.01550693
1386	T	0.044	-0.01705319
1387	C	0.353	-0.01252791
1388	A	-0.546	-0.00555926
1389	A	-0.131	0.00820914
1390	G	-0.117	-0.007751735
1391	G	0.130	-0.00785711
1392	C	0.438	0.007650065
1393	T	0.446	0.00425784
1394	G	-0.388	0.01798504
1395	T	-0.377	0.01507877
1396	A	-0.417	0.02296093
1397	C	0.400	0.01507311
1398	T	0.151	0.00141863
1399	T	0.179	-0.01306844
1400	G	0.347	-0.01041379
1401	G	0.179	-0.006890745
1402	C	0.534	0.007840305
1403	T	-0.075	0.01495796
1404	A	0.340	0.02817941
1405	C	-0.434	0.03502731
1406	A	-0.226	0.04532319
1407	G	-0.150	0.04694831
1408	A	-0.119	0.05763189
1409	G	0	0.06863353
 1410	C	-0.343	0.07696611
1411	A	0.204	0.08105258
1412	A	0.249	0.08104308
1413	G	-0.292	0.07795371
1414	T	0.307	0.09495561
1415	T	-0.027	0.1041251
1416	C	-0.022	0.115622
1417	A	-0.479	0.09459647
1418	A	-0.311	0.0805919
1419	A	-0.148	0.06351707
1420	G	0.349	0.0510428
1421	C	0.310	0.05710883
1422	C	0.355	0.05426123
1423	A	0.163	0.06496152
1424	G	0.215	0.06592084
1425	C	0.31	0.06301202
1426	C	0.456	0.07132872
1427	T	0.418	0.06316227
1428	G	-0.119	0.07460757
1429	T	0.309	0.07571402
1430	G	0.216	0.08203406
1431	C	0.293	0.08549391
1432	T	0.437	0.07965962
1433	C	0.322	0.09324035
1434	C	0.291	0.08671211
1435	A	-0.010	0.08507505
1436	C	0.042	0.07205272
1437	A	-0.440	0.07332025
1438	A	-0.409	0.08430875
1439	A	-0.503	0.0926036
1440	A	-0.151	0.07893807
1441	C	0.422	0.06095542
1442	C	0.420	0.0415478
1443	C	0.352	0.03292345
1444	T	0.379	0.02175605
1445	A	-0.550	0.001835798
1446	T	0.105	-0.01970355
1447	C	-0.476	-0.0393772
1448	T	0.338	-0.0417716
1449	T	0.044	-0.052539
1450	G	-0.091	-0.07005335
1451	T	0.342	-0.08654183
1452	G	0.015	-0.1044493
1453	G	0.250	-0.1128375
1454	C	0.045	-0.1086173
1455	A	-0.092	-0.1126907
1456	A	-0.543	-0.1109835
1457	A	-0.429	-0.09512256
1458	C	0.128	-0.09653852
1459	C	0.183	-0.09410864
1460	A	-0.196	-0.102071
1461	A	-0.408	-0.1234367
1462	A	-0.420	-0.1441119
1463	A	-0.181	-0.1653845
1464	C	-0.231	-0.1789411
1465	A	-0.486	-0.1588652
1466	T	-0.404	-0.1545495
1467	A	-0.368	-0.1408588
1468	A	-0.214	-0.1387014
1469	C	-0.121	-0.134167
1470	A	-0.484	-0.1276685
1471	T	-0.365	-0.1401776
1472	A	-0.278	-0.1405697
1473	A	-0.012	-0.1529401
1474	C	0.460	-0.148997
1475	A	-0.173	-0.1483582
1476	T	0.110	-0.1455284
1477	T	0.193	-0.1370446
1478	T	-0.465	-0.1497783
1479	A	-0.406	-0.1628504
1480	A	-0.470	-0.1690922
1481	A	-0.432	-0.1546976
1482	A	-0.406	-0.1494067
1483	A	-0.498	-0.133229
1484	A	-0.162	-0.1168871
1485	T	0.252	-0.09520395
1486	G	0.278	-0.07539855
1487	T	0.070	-0.0776537
1488	G	0.424	-0.07687872
1489	C	0.225	-0.08635932
1490	A	0.168	-0.06427942
1491	A	-0.157	-0.0462277
1492	T	0	-0.03341335
 1493	T	-0.244	-0.03219617
1494	T	0.203	-0.04055098
1495	T	-0.067	-0.04193125
1496	T	-0.429	-0.04913088
1497	T	-0.089	-0.0505579
1498	T	-0.380	-0.05088097
1499	A	-0.339	-0.05008567
1500	A	-0.446	-0.04797708
1501	T	0.166	-0.0465852
1502	G	-0.209	-0.0475926
1503	T	0.466	-0.04676095
1504	C	0.422	-0.05285835
1505	C	0.380	-0.06929117
1506	A	0.387	-0.0701641
1507	A	-0.459	-0.06232254
1508	G	-0.183	-0.06153347
1509	A	-0.500	-0.06446382
1510	C	0.398	-0.07370539
1511	T	0.356	-0.06247519
1512	G	0.234	-0.05792637
1513	G	0.035	-0.04068957
1514	G	0.126	-0.04017919
1515	A	-0.228	-0.03440932
1516	A	-0.177	-0.01827276
1517	T	0.136	-0.01168797
1518	A	-0.478	0.01036068
1519	G	-0.374	0.01420243
1520	A	-0.385	0.0335857
1521	A	-0.376	0.03058117
1522	A	-0.446	0.03090315
1523	T	-0.464	0.02450125
1524	A	-0.406	0.01895217
1525	A	-0.404	0.02169982
1526	G	0.243	0.02071035
1527	C	0.384	0.01986147
1528	T	0.456	0.01082235
1529	T	0.108	0.01580432
1530	T	-0.200	-0.0003716775
1531	G	0.291	-0.02109583
1532	G	0.181	-0.02748487
1533	C	0.445	-0.03176597
1534	C	0.224	-0.04180155
1535	T	0.163	-0.04978675
1536	T	0.215	-0.05833785
1537	C	0.173	-0.0584644
1538	T	0.501	-0.03813732
1539	G	-0.186	-0.0194116
1540	T	0.328	-0.001250325
1541	T	0.046	0.0113952
1542	G	-0.196	0.032303
1543	T	0.209	0.04779045
1544	G	0.200	0.06350082
1545	T	0.490	0.08454393
1546	T	0.347	0.086302
1547	T	-0.493	0.07709198
1548	A	-0.545	0.06675629
1549	T	-0.301	0.06571962
1550	G	-0.248	0.07868855
1551	A	-0.472	0.0761527
1552	G	-0.021	0.06403645
1553	G	-0.135	0.04612255
1554	T	-0.275	0.04298051
1555	A	-0.547	0.03473759
1556	A	-0.519	0.02798965
1557	G	0.131	0.02049212
1558	G	0.334	0.01530614
1559	C	0.374	0.0234638
1560	C	0.340	0.02718992
1561	C	0.129	0.02981707
1562	T	0.389	0.02646552
1563	T	0.154	0.0172038
1564	C	0.221	0.00975204
1565	C	0.436	6.365e-06
1566	C	0.313	-0.01836731
1567	A	0.015	0.00394804
1568	G	0.042	0.01570195
1569	A	0.066	0.029686
1570	C	0.317	0.04643887
1571	A	0.190	0.04885622
1572	G	-0.302	0.04906425
1573	T	-0.271	0.04109125
1574	A	0.098	0.03693925
1575	T	-0.166	0.05063507
1576	T	-0.054	0.06152008
1577	C	-0.126	0.04965298
1578	A	0.293	0.03316291
1579	T	0.140	0.02082803
1580	C	0.477	0.01765826
1581	A	0.151	0.02385301
1582	T	-0.330	0.01383404
1583	G	-0.160	0.01330842
1584	A	-0.097	0.01128629
1585	C	0.100	0.01143982
1586	A	-0.387	0.01001509
1587	G	0.399	0.00926351
1588	A	-0.075	0.001468255
1589	T	0.257	-0.007637603
1590	C	0.421	-0.02403083
1591	A	-0.376	-0.04181815
1592	T	-0.013	-0.04794353
1593	T	-0.454	-0.0470929
1594	A	-0.441	-0.04462042
1595	A	0	-0.03013342
 1596	A	-0.084	-0.01830518
1597	G	-0.343	-0.01019523
1598	A	-0.325	-0.01112948
1599	G	-0.119	-0.02235983
1600	T	0.213	-0.04316715
1601	T	0.376	-0.05621405
1602	G	-0.010	-0.0489548
1603	G	0.133	-0.0466685
1604	A	0.140	-0.04005382
1605	C	0.442	-0.03877189
1606	C	0.256	-0.02674046
1607	A	-0.014	-0.02541176
1608	G	-0.268	-0.01178137
1609	A	-0.297	-0.004658292
1610	G	-0.337	-0.01801582
1611	A	-0.521	-0.01926367
1612	A	-0.547	-0.0299847
1613	A	-0.237	-0.03045935
1614	G	0.197	-0.03226287
1615	G	0.413	-0.03577732
1616	C	0.418	-0.03793256
1617	T	0.197	-0.03787243
1618	C	0.256	-0.02609103
1619	A	-0.309	-0.03002898
1620	G	-0.354	-0.03495353
1621	A	-0.370	-0.04047198
1622	A	-0.040	-0.03692737
1623	C	-0.069	-0.02948904
1624	T	0.166	-0.02162012
1625	A	0.151	-0.02561216
1626	G	0.094	-0.02923537
1627	C	0.452	-0.03972104
1628	T	0.469	-0.04537847
1629	C	0.542	-0.05158007
1630	A	-0.112	-0.05442219
1631	A	-0.426	-0.03218344
1632	T	-0.441	-0.01268139
1633	A	-0.473	-0.005957945
1634	A	-0.513	-0.01474525
1635	A	-0.140	-0.03840192
1636	G	-0.170	-0.06035907
1637	G	-0.340	-0.07848147
1638	T	0.146	-0.07446355
1639	A	-0.276	-0.05661482
1640	G	0.016	-0.04599489
1641	C	0.156	-0.02911967
1642	A	0.130	-0.02963802
1643	G	0.431	-0.03183197
1644	C	0.455	-0.04011167
1645	C	0.283	-0.05117777
1646	A	0.111	-0.06358565
1647	A	-0.433	-0.0682643
1648	T	-0.495	-0.08453005
1649	A	-0.545	-0.09809712
1650	A	-0.451	-0.1010791
1651	G	0.368	-0.09508432
1652	G	0.232	-0.08431602
1653	G	0.031	-0.06998584
1654	G	-0.154	-0.05599306
1655	A	-0.533	-0.04526614
1656	A	-0.459	-0.03365141
1657	A	-0.526	-0.03717849
1658	G	0.416	-0.03072716
1659	C	0.404	-0.01981946
1660	T	0.070	-0.01738439
1661	A	0.304	-0.01038411
1662	G	-0.060	-0.003982112
1663	A	-0.156	-0.006700562
1664	T	-0.164	-0.01409719
1665	A	-0.290	-0.01916455
1666	T	-0.402	-0.01609878
1667	T	0.265	0.00188637
1668	A	-0.180	0.01888665
1669	T	0	0.03857912
 1670	T	-0.231	0.05995082
1671	G	-0.186	0.06105372
1672	A	-0.011	0.06499394
1673	C	0.099	0.075556
1674	A	0.046	0.09086963
1675	A	0.288	0.1065722
1676	C	0.294	0.1285174
1677	G	-0.481	0.1520419
1678	G	0.404	0.1448732
1679	C	0.159	0.1421957
1680	A	0.114	0.1415022
1681	A	0.436	0.1275226
1682	C	0.386	0.1296049
1683	T	0.322	0.1357953
1684	A	0.159	0.1506968
1685	C	0.080	0.1692844
1686	T	0.234	0.1914172
1687	T	0.285	0.1967717
1688	G	0.184	0.2108421
1689	G	0.242	0.213297
1690	G	0.403	0.2136394
1691	C	0.412	0.2211448
1692	C	0.389	0.232051
1693	C	0.454	0.2397178
1694	C	0.458	0.2502059
1695	G	0.095	0.2496023
1696	T	0.418	0.2354671
1697	G	0.414	0.2586938
1698	C	0.130	0.2559355
1699	T	0.297	0.2563052
1700	C	0.042	0.2425777
1701	A	-0.254	0.2286252
1702	T	0.022	0.2171023
1703	G	0.090	0.2201435
1704	T	0.431	0.2040193
1705	C	0.452	0.1943255
1706	T	0.483	0.1789194
1707	C	0.479	0.1635755
1708	T	0.382	0.1464705
1709	A	0.098	0.1379778
1710	G	-0.218	0.1334007
1711	G	0.113	0.1342017
1712	T	0.425	0.1352222
1713	C	0.406	0.1269687
1714	T	0.465	0.1144096
1715	G	0.264	0.1154636
1716	T	-0.271	0.1022733
1717	G	0.447	0.09557358
1718	C	0.293	0.09842043
1719	T	0.174	0.1035221
1720	A	-0.434	0.09422366
1721	T	-0.122	0.09246908
1722	T	-0.073	0.07852949
1723	C	0.443	0.06862797
1724	A	-0.485	0.05064164
1725	T	-0.307	0.03149684
1726	G	-0.381	0.009826593
1727	A	-0.327	-0.000774495
1728	A	-0.499	-0.00680172
1729	A	-0.097	0.0041206
1730	C	0.220	0.01885985
1731	C	0.444	0.01445573
1732	C	0.430	0.01163688
1733	A	0.123	0.00319408
1734	G	-0.043	0.00152168
1735	A	0.137	-0.000771045
1736	G	-0.109	0.00343118
1737	C	0.146	-0.0127865
1738	A	0.244	-0.02054639
1739	C	0.501	-0.01390699
1740	G	-0.329	0.003346062
1741	A	-0.324	0.01769174
1742	A	-0.535	0.02377227
1743	A	-0.305	0.009788298
1744	G	-0.287	0.0336367
1745	A	-0.313	0.05429537
1746	T	-0.383	0.07574792
1747	A	0.055	0.07641955
1748	G	0.140	0.07740385
1749	C	0.535	0.07004972
1750	T	0.371	0.05236665
1751	A	-0.062	0.03742622
1752	C	0.312	0.02188912
1753	A	0.068	0.01517475
1754	G	0.398	0.0187288
1755	C	0.172	0.00497265
1756	T	-0.103	0.0039604
1757	A	-0.201	-0.009010825
1758	T	-0.016	-0.0264491
1759	C	0.439	-0.04941105
1760	G	0.255	-0.04181834
1761	C	0.451	-0.02809384
1762	T	0.169	-0.02168121
1763	G	-0.115	-0.02164344
1764	T	0.468	-0.01881179
1765	C	0.519	-0.02146936
1766	T	0.476	-0.01187619
1767	T	-0.301	-0.01381861
1768	T	-0.459	-0.02911196
1769	A	-0.391	-0.05499813
1770	A	-0.487	-0.07484449
1771	A	-0.153	-0.06907307
1772	T	-0.190	-0.08352802
1773	G	-0.144	-0.08455549
1774	A	0.098	-0.09039595
1775	G	-0.413	-0.1021081
1776	G	-0.149	-0.09284945
1777	A	-0.372	-0.0921815
1778	A	-0.453	-0.0960728
1779	A	-0.416	-0.0980601
1780	T	-0.025	-0.09793703
1781	C	0.224	-0.09828685
1782	A	-0.278	-0.099812
1783	A	-0.303	-0.09364505
1784	G	-0.174	-0.09893118
1785	A	-0.419	-0.1025109
1786	T	0	-0.1139201
 1787	T	-0.022	-0.1021669
1788	T	-0.470	-0.08486991
1789	A	-0.500	-0.06828244
1790	A	-0.422	-0.04589243
1791	A	0.168	-0.04679191
1792	A	-0.265	-0.02984093
1793	T	0.027	-0.02068116
1794	A	0.165	-0.03013053
1795	T	-0.295	-0.02672911
1796	T	0.267	-0.03024443
1797	T	-0.174	-0.01557783
1798	G	-0.172	0.006694815
1799	A	0.360	0.02784862
1800	G	0.260	0.0399293
1801	C	0.437	0.04575105
1802	C	0.108	0.04073473
1803	A	0.131	0.0443696
1804	C	0.257	0.0456062
1805	T	0.375	0.04944963
1806	T	0.020	0.03630863
1807	G	0.169	0.03262114
1808	C	0.231	0.05483531
1809	T	0.271	0.07102361
1810	G	0.408	0.07835596
1811	G	-0.189	0.08339106
1812	T	0.487	0.09430489
1813	C	0.221	0.08934052
1814	A	-0.279	0.08050629
1815	T	-0.276	0.08725605
1816	G	-0.290	0.08632095
1817	T	0.213	0.1010624
1818	C	0.437	0.1163477
1819	C	0.429	0.09912018
1820	C	0.457	0.08248505
1821	C	0.457	0.07224302
1822	T	-0.479	0.05674908
1823	A	-0.158	0.0642531
1824	G	-0.124	0.05119063
1825	G	-0.265	0.04775908
1826	A	-0.525	0.05846293
1827	A	-0.169	0.06499211
1828	G	0.417	0.06989278
1829	T	0.147	0.06838893
1830	G	-0.129	0.06628146
1831	G	0.370	0.07493463
1832	C	0.170	0.06481731
1833	A	-0.170	0.05518894
1834	G	-0.188	0.06299984
1835	T	-0.025	0.06850329
1836	G	0.229	0.08530696
1837	C	0.415	0.07429759
1838	C	0.439	0.07118896
1839	A	-0.328	0.06811654
1840	G	-0.405	0.06405869
1841	A	0.028	0.06149814
1842	A	-0.511	0.07169976
1843	C	0.431	0.08116828
1844	A	-0.265	0.07159183
1845	G	0.238	0.07654766
1846	C	0.448	0.09094864
1847	C	0.430	0.1011437
1848	T	0.427	0.1011941
1849	C	0.211	0.09603408
1850	T	0.324	0.0918148
1851	C	0.157	0.07203208
1852	A	0.082	0.06371393
1853	A	-0.163	0.0665454
1854	C	0.032	0.06875801
1855	C	-0.056	0.07490287
1856	T	0.381	0.0799643
1857	A	-0.226	0.06822572
1858	C	0.313	0.04530154
1859	C	0.306	0.04589074
1860	C	0.295	0.06577229
1861	A	0.354	0.07362397
1862	G	-0.071	0.09731067
1863	C	0.220	0.08587225
1864	A	-0.507	0.1003542
1865	C	-0.067	0.1027351
1866	A	0.050	0.09632008
1867	G	0.238	0.08846877
1868	G	0.419	0.0846482
1869	G	-0.059	0.0693208
1870	G	-0.297	0.0516346
1871	A	-0.421	0.0369258
1872	A	-0.162	0.03056232
1873	C	-0.057	0.03361297
1874	A	-0.099	0.03932299
1875	G	0.219	0.04316122
1876	C	0.432	0.03194048
1877	A	-0.054	0.03824932
1878	G	-0.477	0.03446162
1879	A	-0.305	0.02337334
1880	G	0.390	0.02752122
1881	C	0.342	0.02832292
1882	T	0.436	0.02788104
1883	G	-0.026	0.02435131
1884	T	0.313	0.04573026
1885	C	0.333	0.05837596
1886	C	0.191	0.05542251
1887	T	0.116	0.0476104
1888	C	0.275	0.04531945
1889	A	-0.401	0.05967531
1890	T	-0.383	0.05808636
1891	A	-0.431	0.05872826
1892	T	-0.171	0.06155313
1893	T	-0.041	0.07414651
1894	C	0.261	0.08003538
1895	A	0.096	0.06991242
1896	C	-0.067	0.05384125
1897	A	0.025	0.05236376
1898	C	0.161	0.07566213
1899	A	-0.136	0.08920325
1900	C	0.461	0.09042913
1901	A	0.386	0.09183913
1902	G	-0.088	0.08429131
1903	G	0.079	0.07866642
1904	C	0.347	0.0588914
1905	C	0.438	0.04334442
1906	A	-0.067	0.0306222
1907	G	-0.074	0.02293757
1908	T	0.328	0.02359687
1909	C	0.515	0.0372311
1910	A	-0.361	0.05402537
1911	T	-0.395	0.07507895
1912	T	-0.049	0.07639282
1913	C	0.446	0.07514591
1914	A	0.136	0.06767304
1915	T	-0.184	0.06775816
1916	G	-0.210	0.05822131
1917	A	-0.113	0.06637719
1918	G	0.454	0.05164909
1919	C	0.236	0.05162299
1920	T	0.439	0.04906366
1921	C	0.398	0.04919382
1922	C	0.134	0.06149003
1923	A	-0.251	0.06518596
1924	A	-0.477	0.06812291
1925	G	-0.287	0.06307856
1926	G	-0.317	0.06871995
1927	A	-0.191	0.07476958
1928	G	0.301	0.08013966
1929	T	0.144	0.06881208
1930	G	0.288	0.07424298
1931	T	0.410	0.09526623
1932	G	-0.119	0.1005132
1933	T	-0.091	0.09477281
1934	A	-0.037	0.09945078
1935	C	0.100	0.1172499
1936	A	-0.448	0.1181601
1937	T	0.352	0.1280011
1938	T	-0.427	0.1258222
1939	A	-0.137	0.1296355
1940	T	0.358	0.1291378
1941	C	0.392	0.1282574
1942	C	0.402	0.1286706
1943	A	0.227	0.1316804
1944	C	0.464	0.140153
1945	C	0.236	0.1542249
1946	T	0.157	0.1702482
1947	C	0.167	0.1854233
1948	T	0.542	0.1886242
1949	G	0.061	0.1850216
1950	A	-0.144	0.1678161
1951	T	0.445	0.1518535
1952	T	0.160	0.1416281
1953	C	0.216	0.1361629
1954	C	0.323	0.1279475
1955	T	0.526	0.1287215
1956	T	-0.174	0.1475543
1957	A	0.280	0.1467142
1958	C	0.367	0.1603717
1959	C	0.389	0.1638207
1960	C	0.419	0.1509738
1961	A	0.363	0.1329289
1962	C	0.150	0.1143741
1963	A	-0.130	0.0958733
1964	G	-0.138	0.07992269
1965	C	0.274	0.06733992
1966	T	0.323	0.06977594
1967	C	0.415	0.06397399
1968	G	0.429	0.04552854
1969	G	0	0.04789327
 1970	G	-0.399	0.06333842
1971	A	-0.227	0.05518472
1972	A	-0.528	0.05429785
1973	A	-0.309	0.04295522
1974	A	-0.366	0.03240045
1975	G	0.131	0.02368365
1976	G	0.304	0.02207225
1977	C	0.318	0.00843683
1978	T	0.118	-0.01096212
1979	T	0	-0.0340752
 1980	C	-0.155	-0.05699662
1981	A	-0.329	-0.0660812
1982	T	-0.339	-0.06544739
1983	A	-0.512	-0.04890302
1984	T	-0.173	-0.03631517
1985	T	-0.266	-0.03437102
1986	G	0.255	-0.04063799
1987	G	-0.064	-0.04297742
1988	G	-0.194	-0.05666647
1989	T	0.156	-0.05884216
1990	A	0.473	-0.04245416
1991	C	0.119	-0.0385327
1992	A	0.125	-0.03227252
1993	T	-0.237	-0.03121867
1994	G	-0.099	-0.02673012
1995	A	0.178	-0.0328596
1996	G	-0.238	-0.0315276
1997	G	-0.265	-0.03251427
1998	A	-0.408	-0.03340771
1999	A	-0.535	-0.02781634
2000	A	-0.497	-0.02818049
2001	A	0	-0.0182095
 2002	G	0.175	-0.01833493
2003	C	0.531	-0.0188054
2004	T	0.365	-0.0226448
2005	A	0.352	-0.02049605
2006	C	0.072	-0.038233
2007	A	0.322	-0.02759688
2008	G	-0.118	-0.03348483
2009	G	-0.087	-0.0296819
2010	A	0.255	-0.03431995
2011	G	-0.070	-0.02788493
2012	T	-0.277	-0.023796
2013	T	-0.267	-0.01982456
2014	T	-0.186	-0.02434362
2015	T	-0.114	-0.03676089
2016	C	0.357	-0.04132459
2017	T	0.279	-0.04738297
2018	G	0.083	-0.03270784
2019	G	0.223	-0.01809295
2020	G	-0.169	0.004170805
2021	C	0.069	-0.002260095
2022	A	-0.344	-0.0116933
2023	A	-0.531	-0.02390261
2024	A	-0.326	-0.02610751
2025	C	-0.180	-0.02549266
2026	A	-0.454	-0.01592019
2027	C	0.361	-0.01892259
2028	A	-0.430	-0.02283429
2029	A	0.308	-0.02680125
2030	C	0.288	-0.0270756
2031	C	0.376	-0.01530248
2032	T	0.288	-0.001112883
2033	C	-0.078	0.01601364
2034	A	-0.279	0.02893669
2035	A	-0.318	0.04278324
2036	A	-0.421	0.04560487
2037	G	-0.507	0.03518242
2038	C	0.178	0.03112018
2039	A	0.049	0.03050896
2040	A	0.393	0.03966278
2041	G	-0.257	0.03088652
2042	A	-0.201	0.03758099
2043	T	0.042	0.04982027
2044	T	0.277	0.06972617
2045	T	0.377	0.0812786
2046	C	0.455	0.1011686
2047	T	0.202	0.1014979
2048	A	-0.274	0.1230724
2049	G	-0.245	0.1187861
2050	G	0.244	0.114479
2051	T	0.400	0.1144956
2052	C	0.289	0.1197692
2053	T	0.417	0.132196
2054	T	0.329	0.1497644
2055	C	0.439	0.1615568
2056	T	0.470	0.1790539
2057	G	-0.137	0.1944769
2058	A	-0.079	0.1937393
2059	C	0.199	0.2026602
2060	T	0.196	0.2023733
2061	G	-0.281	0.2178128
2062	G	-0.076	0.2325076
2063	A	-0.042	0.2380127
2064	C	0.469	0.2429267
2065	T	0.281	0.2318938
2066	G	0.341	0.2241675
2067	C	0.374	0.2198129
2068	A	0.432	0.2347465
2069	G	0.137	0.2446681
2070	A	0.115	0.2488299
2071	C	0.377	0.2508205
2072	T	0.499	0.246201
2073	C	0.418	0.2430417
2074	T	0.422	0.2423649
2075	C	0.153	0.2364727
2076	A	0.278	0.2344421
2077	G	0.109	0.2494248
2078	G	0.148	0.2595877
2079	C	0.405	0.2444528
2080	C	0.381	0.2343511
2081	C	0.360	0.2302245
2082	T	0.386	0.2192181
2083	C	0.262	0.2129011
2084	T	0.473	0.2092077
2085	C	-0.064	0.2130279
2086	T	0.146	0.2100897
2087	C	0.027	0.2121403
2088	T	0.322	0.2124542
2089	G	0.151	0.2171667
2090	G	0.411	0.20419
2091	G	0.479	0.1887028
2092	G	0.104	0.1806428
2093	A	0.290	0.1604536
2094	C	0.302	0.157556
2095	A	0.204	0.1474609
2096	C	0.389	0.1395879
2097	C	0.461	0.1368575
2098	T	0.327	0.1388357
2099	T	-0.406	0.122679
2100	G	-0.207	0.1002011
2101	A	-0.446	0.08381595
2102	A	-0.516	0.08289237
2103	G	-0.294	0.08516655
2104	C	0.321	0.08468937
2105	T	0.434	0.08475921
2106	T	0.223	0.08665731
2107	C	0.456	0.07429987
2108	C	0.445	0.06566131
2109	T	0.325	0.05791346
2110	T	-0.403	0.05114676
2111	G	-0.242	0.05245491
2112	A	0.177	0.04656474
2113	A	-0.388	0.03584594
2114	T	0.307	0.03243684
2115	T	-0.250	0.02687064
2116	T	-0.036	0.02008777
2117	A	0	0.01968329
 2118	C	0.227	0.02333694
2119	T	-0.240	0.04417539
2120	A	-0.517	0.06050819
2121	A	-0.295	0.07621982
2122	C	0.349	0.09972839
2123	A	0.353	0.1130085
2124	C	0.454	0.09998807
2125	A	-0.061	0.07977604
2126	G	0.222	0.06996937
2127	A	-0.466	0.05595922
2128	T	-0.022	0.04685702
2129	G	-0.158	0.04001375
2130	T	0.140	0.03689878
2131	C	0.532	0.05317803
2132	A	-0.130	0.05978425
2133	A	-0.137	0.0801463
2134	T	0.166	0.08354343
2135	G	-0.018	0.09799023
2136	T	0.118	0.09179518
2137	C	0.445	0.07984053
2138	T	0.473	0.075471
2139	C	0.427	0.08930927
2140	T	0.445	0.1054213
2141	C	0.181	0.1147404
2142	C	0.423	0.1147652
2143	A	0.236	0.09667406
2144	G	-0.199	0.07517641
2145	G	-0.374	0.06321106
2146	A	-0.168	0.04497238
2147	A	-0.104	0.04962646
2148	A	0.081	0.04162449
2149	C	0.051	0.05321154
2150	A	-0.527	0.06032939
2151	C	0.408	0.05783097
2152	T	0.441	0.07216974
2153	C	0.425	0.08758834
2154	C	0.442	0.07715457
2155	C	0.327	0.06984381
2156	T	-0.283	0.07658124
2157	G	-0.478	0.07472044
2158	A	0.052	0.07009546
2159	G	0.313	0.06508929
2160	T	0.126	0.06432116
2161	G	0.077	0.07040741
2162	G	0.350	0.06348621
2163	A	-0.369	0.05958004
2164	T	-0.405	0.05876454
2165	A	-0.539	0.05618984
2166	A	-0.506	0.05425136
2167	C	-0.280	0.06629754
2168	A	-0.342	0.07490801
2169	C	0.304	0.08409998
2170	A	0.425	0.1035629
2171	C	0.432	0.1047951
2172	C	0.442	0.1030931
2173	C	0.478	0.09019084
2174	A	-0.250	0.07169514
2175	A	-0.311	0.06760436
2176	C	0.387	0.06948336
2177	T	0.370	0.07712464
2178	G	0.288	0.0632292
2179	T	0.227	0.04720108
2180	G	0.415	0.05019048
2181	C	0.425	0.05523904
2182	C	0.146	0.04899254
2183	T	0.080	0.06799899
2184	T	-0.231	0.08704189
2185	T	-0.477	0.1100016
2186	G	-0.245	0.1185513
2187	G	0.377	0.1336657
2188	C	0.425	0.1472781
2189	T	0.419	0.1446018
2190	G	0.250	0.1387287
2191	C	0.458	0.1312162
2192	C	0.373	0.1186733
2193	T	-0.090	0.09499808
2194	A	-0.296	0.09520986
2195	C	0.163	0.1041622
2196	A	-0.208	0.08211518
2197	A	-0.172	0.0671689
2198	C	-0.502	0.0682552
2199	A	-0.327	0.07322483
2200	G	0.246	0.0695909
2201	T	0.279	0.07033698
2202	G	0.100	0.07046323
2203	G	0.390	0.07435795
2204	C	0.356	0.09195228
2205	T	0.378	0.100049
2206	G	-0.164	0.1083142
2207	C	0.324	0.08885334
2208	C	0.201	0.0773584
2209	A	0.197	0.06832297
2210	G	0.190	0.07393622
2211	G	0.131	0.05910145
2212	T	-0.058	0.04976172
2213	A	-0.468	0.04297251
2214	G	-0.242	0.04058586
2215	G	0.047	0.03883901
2216	A	-0.494	0.05658778
2217	A	-0.227	0.07155575
2218	T	0.331	0.08513533
2219	C	0.425	0.08428971
2220	T	0.269	0.07390111
2221	C	0.454	0.05349443
2222	T	0.151	0.0404885
2223	G	0.235	0.03538745
2224	T	0.471	0.02516537
2225	C	-0.153	0.0161805
2226	A	0.084	0.01860744
2227	A	-0.400	0.0210934
2228	T	-0.034	0.01605097
2229	T	0.058	0.0153664
2230	C	0.475	0.01024807
2231	T	-0.135	0.00164917
2232	A	0	-0.008604053
 2233	G	-0.361	-0.004932503
2234	A	-0.392	0.00348241
2235	G	0.093	0.01297494
2236	T	0.501	0.02986757
2237	C	0.426	0.03385459
2238	A	0.040	0.03400782
2239	T	-0.361	0.03436939
2240	G	-0.169	0.03257286
2241	A	-0.536	0.02894342
2242	A	-0.419	0.01789594
2243	T	0.186	0.02104024
2244	G	-0.052	0.02028819
2245	G	0.019	0.03403724
2246	C	-0.067	0.04047678
2247	A	0.423	0.05049283
2248	A	0	0.03944372
 2249	C	0.170	0.03883939
2250	A	-0.014	0.03866031
2251	G	-0.212	0.04074032
2252	A	-0.469	0.03748432
2253	G	-0.321	0.03830277
2254	T	0.094	0.03980257
2255	T	0.426	0.02523995
2256	C	0.181	0.006848272
2257	A	-0.067	-0.01336575
2258	G	0.337	-0.02607943
2259	C	0.440	-0.02517395
2260	C	0.197	-0.0343682
2261	T	0.309	-0.029803
2262	T	-0.290	-0.0258583
2263	G	0.361	-0.0414163
2264	C	0.441	-0.0324526
2265	T	0.396	-0.02295605
2266	C	0.342	-0.01303019
2267	T	0	-0.02618212
 2268	A	-0.476	-0.03460337
2269	C	0.034	-0.04288644
2270	T	0.468	-0.04594752
2271	T	-0.051	-0.03411767
2272	G	-0.130	-0.01554484
2273	T	-0.329	-0.004542793
2274	A	-0.332	-0.01279268
2275	A	-0.488	-0.03279343
2276	C	-0.234	-0.0394385
2277	A	-0.382	-0.03443622
2278	A	-0.468	-0.03869647
2279	A	-0.325	-0.04970522
2280	A	-0.536	-0.05264925
2281	A	-0.354	-0.0663613
2282	G	-0.261	-0.05516073
2283	A	-0.435	-0.05961718
2284	G	0.306	-0.05988233
2285	C	0.398	-0.06627928
2286	C	0.329	-0.07932043
2287	T	-0.102	-0.07205258
2288	G	-0.336	-0.0491887
2289	A	-0.161	-0.03816072
2290	A	-0.136	-0.03885907
2291	C	0.260	-0.02734193
2292	C	0.273	-0.01295192
2293	A	0.118	0.002168225
2294	T	-0.235	0.01486488
2295	G	-0.373	0.03708033
2296	G	-0.084	0.05084208
2297	A	0.132	0.0682447
2298	G	0.167	0.0884652
2299	G	0	0.0991467
 2300	G	0.080	0.1229914
2301	A	-0.238	0.1426346
2302	A	0.157	0.157568
2303	G	0.183	0.1779718
2304	G	0.431	0.1759418
2305	G	0.140	0.1671936
2306	G	-0.179	0.1506484
2307	A	0.290	0.1434171
2308	C	0.438	0.1477708
2309	A	0.475	0.1453004
2310	C	0.440	0.1534222
2311	T	0.408	0.1596843
2312	C	0.445	0.1626967
2313	T	0.275	0.163803
2314	G	0.175	0.1794582
2315	T	0.400	0.1782306
2316	G	0.316	0.1781838
2317	G	0.313	0.174222
2318	T	0.340	0.1749211
2319	C	0.101	0.1754678
2320	C	0.416	0.1830043
2321	T	0.431	0.1997284
2322	C	0.335	0.1907313
2323	C	0.380	0.1915136
2324	C	0.224	0.1730634
2325	C	0.049	0.1775349
2326	A	-0.332	0.1838443
2327	A	-0.391	0.1797414
2328	T	-0.162	0.1697956
2329	A	-0.259	0.1456638
2330	C	0.188	0.1240469
2331	T	0.511	0.1007583
2332	C	0.394	0.08241018
2333	T	0.163	0.08066023
2334	T	0.390	0.07371416
2335	G	-0.422	0.06195696
2336	G	-0.086	0.05405618
2337	T	-0.025	0.05154891
2338	G	0.195	0.0443319
2339	T	0.021	0.03013722
2340	C	0.381	0.02148901
2341	C	0.430	0.01130464
2342	G	-0.201	-0.00713003
2343	G	0.214	-0.03017093
2344	A	-0.306	-0.04496943
2345	C	0.319	-0.04342093
2346	A	0.073	-0.03963436
2347	G	0.126	-0.01868018
2348	T	0.040	-0.002851005
2349	G	-0.490	0.01473547
2350	A	-0.424	0.02099455
2351	A	-0.522	0.01662517
2352	A	-0.288	0.0128492
2353	C	0.205	0.009631038
2354	A	-0.102	-0.009353262
2355	T	-0.070	-0.005882713
2356	T	0	-0.006710745
 2357	G	0.213	-0.00983862
2358	T	0.051	-0.003367595
2359	T	-0.466	0.00639845
2360	T	0.071	0.008466425
2361	C	0.024	0.0063042
2362	A	-0.401	-0.000468875
2363	A	-0.541	-0.01645895
2364	A	-0.367	-0.02004733
2365	G	0.110	-0.04092757
2366	T	-0.181	-0.04621863
2367	C	0.446	-0.05011373
2368	T	0.470	-0.05840715
2369	C	0.443	-0.0535901
2370	A	0.438	-0.05022695
2371	C	0.336	-0.04878437
2372	C	0.243	-0.05044882
2373	T	0.034	-0.0464388
2374	A	-0.368	-0.0435906
2375	G	-0.283	-0.04218323
2376	A	-0.119	-0.05436913
2377	T	-0.151	-0.0672401
2378	T	0.454	-0.07475269
2379	C	0.412	-0.07573702
2380	C	0.464	-0.08977436
2381	A	0.343	-0.1021086
2382	G	-0.472	-0.09815289
2383	A	-0.424	-0.08721952
2384	A	-0.450	-0.08068599
2385	A	-0.515	-0.08884724
2386	A	-0.138	-0.08697909
2387	A	-0.029	-0.09814634
2388	G	-0.291	-0.114622
2389	G	-0.297	-0.1222362
2390	A	-0.290	-0.1415251
2391	A	-0.465	-0.1589275
2392	A	-0.355	-0.1785691
2393	G	0.365	-0.1916878
2394	C	0.011	-0.1775997
2395	A	-0.013	-0.1623846
2396	A	-0.487	-0.1486764
2397	A	-0.301	-0.1326787
2398	G	-0.248	-0.1461351
2399	A	-0.505	-0.1554608
2400	A	-0.490	-0.162177
2401	A	-0.469	-0.1659417
2402	G	-0.243	-0.1425129
2403	T	-0.104	-0.1389744
2404	A	-0.105	-0.1391764
2405	G	-0.215	-0.1362237
2406	A	-0.106	-0.1446415
2407	T	0	-0.1510211
 2408	G	-0.188	-0.1322348
2409	T	0.139	-0.1268072
2410	C	-0.333	-0.1221174
2411	A	-0.359	-0.1120752
2412	A	-0.542	-0.1082675
2413	A	-0.490	-0.1244821
2414	G	0.194	-0.1167008
2415	C	0.325	-0.1232444
2416	C	0.429	-0.1035087
2417	A	0.488	-0.09409929
2418	C	-0.084	-0.09775611
2419	A	0.039	-0.09775671
2420	C	0.195	-0.08026896
2421	A	0.193	-0.0676273
2422	C	0.464	-0.05062137
2423	G	-0.283	-0.03803177
2424	A	-0.458	-0.02599875
2425	A	-0.397	-0.01806822
2426	A	-0.475	-0.02220745
2427	A	-0.284	-0.03265742
2428	C	0.460	-0.02761865
2429	A	-0.080	-0.03494522
2430	G	-0.102	-0.02432061
2431	A	-0.063	-0.01823484
2432	G	-0.202	-0.00266742
2433	T	-0.282	0.01597481
2434	T	0.322	0.01729848
2435	G	-0.275	0.01019787
2436	T	0.301	-0.008344452
2437	G	0.074	-0.02716538
2438	T	-0.394	-0.03290721
2439	G	-0.505	-0.03389425
2440	A	0.209	-0.04375935
2441	G	0.036	-0.03930602
2442	C	0.436	-0.04578185
2443	C	0.399	-0.02894485
2444	T	0.375	-0.0076925
2445	G	0.101	0.00805455
2446	G	-0.271	0.03100793
2447	A	-0.417	0.04484793
2448	A	0.012	0.04391573
2449	T	-0.154	0.05334283
2450	G	0.091	0.0647341
2451	A	-0.116	0.05596407
2452	G	0.080	0.06434365
2453	A	0.255	0.0630101
2454	G	0.247	0.04415707
2455	T	0.041	0.03796447
2456	G	-0.312	0.02192095
2457	A	-0.263	0.00827786
2458	T	-0.313	0.02641861
2459	T	0	0.04745899
 2460	T	-0.198	0.05369543
2461	C	0.371	0.06528685
2462	T	0.205	0.06005585
2463	C	0.390	0.0610941
2464	C	0.391	0.03929145
2465	C	0.232	0.0275202
2466	C	0.442	0.02055112
2467	C	0.269	0.0228823
2468	T	0.422	0.01218995
2469	C	0.296	0.009532523
2470	C	0.353	-0.00223709
2471	A	-0.414	-0.01272382
2472	A	0.132	-0.008397858
2473	C	-0.335	-0.003101558
2474	A	-0.431	-0.007574233
2475	A	-0.523	0.000284825
2476	A	-0.339	0.01638003
2477	G	-0.470	0.02297925
2478	T	0.330	0.03422708
2479	T	0.336	0.03631892
2480	C	0.458	0.0370435
2481	T	0.500	0.0341345
2482	G	0.227	0.039954
2483	T	0.441	0.02867117
2484	A	-0.496	0.02201
2485	T	-0.369	0.02245805
2486	A	-0.550	-0.00150388
2487	A	-0.324	-0.02194981
2488	A	-0.414	-0.04623168
2489	A	-0.260	-0.04819541
2490	G	-0.378	-0.05166196
2491	A	-0.535	-0.03043343
2492	A	0.253	-0.02765643
2493	C	0.467	-0.01835737
2494	T	0.068	-0.005455985
2495	T	0.355	0.000806165
2496	G	0.331	0.01089824
2497	G	0	0.02713706
 2498	A	0.136	0.02834641
2499	G	0.083	0.02995139
2500	G	-0.170	0.02973021
2501	A	0.254	0.01010046
2502	G	0.437	-0.009210912
2503	C	-0.061	-0.03348921
2504	A	0.125	-0.02226697
2505	C	0.250	-0.01095747
2506	A	-0.515	0.01386346
2507	A	-0.548	0.03130613
2508	A	-0.548	0.03830223
2509	G	0.218	0.05169918
2510	G	0.214	0.06587348
2511	C	0.434	0.0772542
2512	C	0.243	0.08201167
2513	A	0.036	0.07390257
2514	A	0.084	0.08438112
2515	G	-0.272	0.08621592
2516	G	0.063	0.07185622
2517	A	0.178	0.06048037
2518	C	0.379	0.0451189
2519	C	0.400	0.05016335
2520	C	0.449	0.047444
2521	A	-0.284	0.03474745
2522	A	-0.545	0.0207763
2523	T	-0.530	0.03382985
2524	G	-0.047	0.034467
2525	G	0.083	0.03135645
2526	G	0.442	0.05561355
2527	G	0.372	0.07265373
2528	G	-0.134	0.0867035
2529	T	0.275	0.08585232
2530	T	0.188	0.08708897
2531	G	-0.080	0.07012115
2532	T	0.443	0.05677445
2533	C	0.142	0.04374611
2534	C	0.487	0.03685658
2535	A	0.428	0.03892178
2536	T	-0.243	0.04249096
2537	A	-0.455	0.04758803
2538	A	-0.478	0.04402073
2539	T	0.285	0.04358018
2540	T	-0.278	0.03860391
2541	T	-0.252	0.05332993
2542	A	-0.120	0.07689021
2543	T	0.460	0.09859696
2544	C	0.150	0.1021337
2545	A	0.125	0.1096804
2546	C	0.454	0.1087384
2547	C	0.132	0.1101782
2548	T	0.013	0.1214129
2549	A	0.184	0.1108437
2550	T	0.264	0.1045123
2551	C	-0.243	0.1093024
2552	T	-0.290	0.1012413
2553	A	-0.485	0.09481475
2554	A	-0.190	0.07714593
2555	G	-0.190	0.05837738
2556	A	0.206	0.05455355
2557	G	0.382	0.06265563
2558	C	0.236	0.07941048
2559	T	0.382	0.08039703
2560	G	0.250	0.09870053
2561	T	0.304	0.1050254
2562	C	0.397	0.09727535
2563	T	0.338	0.0733962
2564	G	0.093	0.07454183
2565	G	0.385	0.07457575
2566	G	0.404	0.07347308
2567	G	0.430	0.08137723
2568	C	0.314	0.0807785
2569	A	-0.147	0.07986595
2570	G	-0.065	0.08438308
2571	A	0.111	0.09510295
2572	T	0.121	0.1073285
2573	T	-0.114	0.1216532
2574	G	-0.218	0.1375517
2575	A	-0.321	0.152727
2576	A	-0.396	0.1365065
2577	G	-0.130	0.1359446
2578	T	0.191	0.1354834
2579	C	0.324	0.123893
2580	A	0.453	0.1262393
2581	T	0	0.1266395
 2582	T	-0.430	0.1172564
2583	A	-0.494	0.1140155
2584	G	0.196	0.118894
2585	C	0.127	0.1008986
2586	C	0.410	0.09242107
2587	A	0.449	0.06834642
2588	G	-0.010	0.05619979
2589	G	0.147	0.07145282
2590	C	0.444	0.08395421
2591	A	0.185	0.09049981
2592	G	0.198	0.09874796
2593	G	0.087	0.1118168
2594	C	0.445	0.1098365
2595	T	0.416	0.1082072
2596	T	-0.442	0.1175977
2597	G	0.360	0.1195878
2598	G	0.217	0.112972
2599	G	-0.080	0.1098246
2600	C	0.344	0.1073543
2601	G	0.320	0.1159043
2602	G	0.021	0.1374745
2603	G	0.208	0.157646
2604	A	0.288	0.1623589
2605	G	-0.334	0.1663255
2606	G	0.065	0.162913
2607	A	-0.532	0.160297
2608	A	-0.171	0.159206
2609	C	0.462	0.1537699
2610	C	0.434	0.1506465
2611	T	0.373	0.1480146
2612	C	0.451	0.1340709
2613	C	0.408	0.1274676
2614	A	-0.298	0.1266459
2615	A	-0.387	0.1263985
2616	G	-0.020	0.1485639
2617	G	-0.051	0.1432903
2618	T	-0.072	0.1373461
2619	G	0.199	0.1397203
2620	C	0.354	0.1329888
2621	C	0.342	0.1278457
2622	T	0.431	0.1224573
2623	G	0.312	0.1133734
2624	G	0.385	0.09537405
2625	C	0.285	0.094577
2626	A	0.274	0.08867282
2627	C	0.344	0.1123327
2628	T	-0.053	0.1257339
2629	G	-0.069	0.1149821
2630	C	0.319	0.11364
2631	A	0.079	0.1050982
2632	A	-0.359	0.09381841
2633	G	-0.176	0.08755066
2634	C	0.412	0.1000376
2635	C	0.406	0.118512
2636	T	0.444	0.1294162
2637	G	0.149	0.1345251
2638	G	-0.019	0.1288815
2639	A	0.014	0.1266328
2640	A	0.075	0.1297297
2641	G	0.114	0.1343364
2642	A	-0.193	0.1215752
2643	G	-0.154	0.1077064
2644	A	-0.431	0.08917639
2645	A	-0.366	0.07016102
2646	T	-0.170	0.05041007
2647	C	0.413	0.05406097
2648	G	0.364	0.06267908
2649	G	0.032	0.07575559
2650	C	0.381	0.07517644
2651	A	0.031	0.082374
2652	T	0	0.08136665
 2653	G	0.157	0.0755893
2654	G	0.201	0.05380872
2655	T	0.351	0.03413814
2656	C	0.415	0.01191769
2657	C	0.153	-0.00294353
2658	A	-0.298	-0.01284789
2659	A	0.109	-0.02636379
2660	T	0.478	-0.03174336
2661	C	0.526	-0.04514596
2662	T	-0.078	-0.04978856
2663	T	-0.242	-0.05604976
2664	A	-0.356	-0.03602133
2665	A	-0.474	-0.01669146
2666	A	-0.515	-0.01498966
2667	T	0.490	-0.02948431
2668	C	0.290	-0.03072428
2669	T	0.453	-0.01751334
2670	C	0.296	-0.01570654
2671	T	0.367	-0.008725525
2672	G	-0.399	-0.01443907
2673	A	-0.407	-0.02428977
2674	A	-0.458	-0.03324685
2675	A	-0.380	-0.03709212
2676	T	-0.444	-0.0440578
2677	A	-0.445	-0.0368105
2678	A	-0.415	-0.02632885
2679	A	-0.526	-0.02304052
2680	A	-0.139	-0.03394158
2681	T	-0.421	-0.04709825
2682	G	-0.379	-0.0362815
2683	A	-0.405	-0.0259836
2684	C	0.370	-0.01523186
2685	T	0.406	0.001958515
2686	A	-0.102	0.02352811
2687	G	-0.165	0.02073719
2688	G	0.315	0.01811216
2689	G	0.561	0.01475219
2690	T	0.453	0.01461779
2691	A	0.310	0.01351586
2692	T	-0.228	0.03407562
2693	G	-0.236	0.04892171
2694	T	-0.156	0.059877
2695	T	0.198	0.07293713
2696	T	0.137	0.0769029
2697	C	0.442	0.08829117
2698	C	0.120	0.1098792
2699	T	0.240	0.1338918
2700	T	0.042	0.1340504
2701	C	0	0.1376416
 2702	T	0.354	0.1435942
2703	T	0.169	0.156354
2704	C	0.073	0.1457075
2705	T	0.212	0.1355413
2706	C	0.346	0.1489441
2707	G	0.378	0.1587584
2708	C	0.185	0.1619751
2709	C	0.318	0.158693
2710	T	0.291	0.1592745
2711	C	0.323	0.1563052
2712	C	0.422	0.1547065
2713	C	0.186	0.1494238
2714	A	-0.020	0.1419082
2715	G	0.142	0.1250513
2716	G	-0.285	0.1099642
2717	A	0.010	0.08680849
2718	T	0.447	0.07180412
2719	C	0.433	0.05561159
2720	A	-0.133	0.04421739
2721	A	-0.278	0.03388262
2722	C	-0.141	0.01469372
2723	A	0.105	0.0009341675
2724	T	-0.055	-0.01035147
2725	G	0	-0.0268709
 2726	T	0.433	-0.04866165
2727	G	0.226	-0.07104933
2728	C	0.443	-0.08359013
2729	C	0.429	-0.09481223
2730	C	0.476	-0.09927173
2731	T	0.191	-0.09747225
2732	T	-0.292	-0.1064097
2733	T	-0.447	-0.1029506
2734	A	-0.457	-0.09680786
2735	A	-0.476	-0.09633164
2736	A	-0.466	-0.07786471
2737	A	-0.483	-0.07151283
2738	A	-0.479	-0.07150145
2739	A	-0.407	-0.0712664
2740	A	-0.413	-0.06876539
2741	A	-0.413	-0.06905739
2742	A	-0.413	-0.07559531
2743	A	-0.380	-0.08282301
2744	A	-0.377	-0.08980813
2745	A	-0.447	-0.1019684
2746	A	-0.524	-0.1234871
2747	A	-0.516	-0.1404163
2748	A	-0.315	-0.1591916
2749	G	-0.130	-0.1798768
2750	G	0.112	-0.1819064
2751	C	0.395	-0.1863865
2752	A	0.065	-0.1777188
2753	C	0.324	-0.1721398
2754	T	0.224	-0.1609553
2755	G	0.161	-0.1436804
2756	G	0.452	-0.1203498
2757	G	0.264	-0.1082666
2758	T	0.448	-0.09406374
2759	C	0.443	-0.09472032
2760	T	-0.033	-0.08865484
2761	G	-0.289	-0.08263612
2762	A	-0.402	-0.06260287
2763	T	-0.183	-0.05167863
2764	A	-0.335	-0.03135438
2765	A	-0.486	-0.009157455
2766	A	-0.427	0.0117473
2767	A	-0.450	0.03207545
2768	A	-0.307	0.05146665
2769	T	-0.397	0.06034887
2770	C	0.395	0.0679428
2771	A	0.012	0.05215895
2772	C	0.054	0.05143168
2773	A	-0.224	0.04230451
2774	T	-0.010	0.02945216
2775	C	0.214	0.03080701
2776	C	0.466	0.02767446
2777	A	0	0.02035913
 2778	T	0.088	0.0165363
2779	T	-0.433	0.002269953
2780	T	-0.170	0.00708001
2781	A	-0.172	0.01703171
2782	C	0.387	0.04075281
2783	T	0.056	0.05473691
2784	G	0.435	0.06030714
2785	C	0.439	0.07362573
2786	A	0.311	0.0831406
2787	G	0.296	0.0972277
2788	T	0.459	0.09236362
2789	G	0.225	0.102299
2790	T	0.416	0.0841694
2791	C	-0.235	0.0755575
2792	T	0.036	0.0605754
2793	T	-0.040	0.05285418
2794	T	-0.289	0.05611294
2795	T	0.215	0.06096421
2796	C	0.327	0.05568626
2797	C	-0.028	0.06183374
2798	A	0.295	0.06723178
2799	T	-0.127	0.07378828
2800	G	0.158	0.06737338
2801	G	0.108	0.0688019
2802	C	0.546	0.04965443
2803	T	0.375	0.04214924
2804	T	-0.112	0.0323701
2805	C	0.046	0.01395343
2806	G	-0.046	0.00471709
2807	G	0.113	0.004566315
2808	A	-0.501	0.00360209
2809	A	0	0.006972165
 2810	G	-0.329	0.008746115
2811	A	-0.331	0.007304815
2812	A	-0.545	0.00188941
2813	A	-0.533	-0.003734025
2814	G	0.120	-0.0097519
2815	G	0.408	-0.02188548
2816	C	0.255	-0.03867503
2817	C	0.245	-0.04483844
2818	T	0.304	-0.05589612
2819	T	-0.171	-0.04110597
2820	T	-0.427	-0.03910059
2821	A	-0.115	-0.03066894
2822	T	-0.377	-0.04323325
2823	C	-0.243	-0.04655342
2824	A	0.044	-0.03138752
2825	T	-0.296	-0.02872761
2826	G	-0.058	-0.02897581
2827	C	0.290	-0.03628511
2828	C	0.421	-0.02727594
2829	C	0.360	-0.03150784
2830	T	0.487	-0.01735294
2831	G	-0.293	-0.01658709
2832	A	-0.180	-0.01232271
2833	A	-0.265	-0.009414162
2834	T	-0.529	-0.01766156
2835	T	-0.269	-0.03998559
2836	A	-0.343	-0.05701946
2837	G	-0.274	-0.06614049
2838	A	-0.147	-0.07214045
2839	T	0.464	-0.0784746
2840	C	0.239	-0.07089003
2841	T	0.445	-0.07683683
2842	G	0.043	-0.0558774
2843	T	0.242	-0.04557045
2844	G	0.494	-0.03591744
2845	A	0.152	-0.02223539
2846	T	-0.056	-0.02194654
2847	T	-0.179	-0.03934534
2848	T	-0.141	-0.05808387
2849	T	-0.169	-0.07907114
2850	T	0.236	-0.09695964
2851	T	-0.301	-0.09966139
2852	T	-0.374	-0.1049568
2853	T	-0.416	-0.1092818
2854	T	-0.209	-0.09715507
2855	T	-0.484	-0.09984839
2856	G	-0.425	-0.09050937
2857	A	-0.118	-0.08746674
2858	A	0.064	-0.08117727
2859	T	-0.424	-0.08147679
2860	G	-0.123	-0.08024354
2861	A	-0.353	-0.08184084
2862	C	0.460	-0.08218782
2863	A	0.168	-0.1009606
2864	T	0.430	-0.1249501
2865	G	0.250	-0.1385182
2866	T	-0.046	-0.138964
2867	A	-0.405	-0.1461396
2868	T	-0.328	-0.1335115
2869	A	-0.479	-0.1222308
2870	A	-0.227	-0.1260777
2871	T	-0.401	-0.1128621
2872	A	-0.392	-0.09397685
2873	A	-0.438	-0.07975468
2874	T	-0.044	-0.07666517
2875	T	-0.377	-0.07497624
2876	A	0.029	-0.07272662
2877	G	-0.153	-0.07976524
2878	A	0.104	-0.0919352
2879	C	0.452	-0.07846083
2880	T	0.288	-0.06724828
2881	G	0.381	-0.05438268
2882	T	0.029	-0.05595105
2883	G	-0.508	-0.06852198
2884	A	-0.465	-0.09027288
2885	A	-0.389	-0.1074015
2886	G	-0.074	-0.118871
2887	A	-0.466	-0.1163892
2888	T	0.363	-0.112508
2889	G	0.281	-0.1058432
2890	T	0.082	-0.09158716
2891	G	0.227	-0.08058433
2892	C	0.380	-0.07442178
2893	A	0.152	-0.06997788
2894	G	-0.086	-0.08065188
2895	T	-0.416	-0.08458135
2896	T	-0.335	-0.09738563
2897	A	-0.400	-0.1050539
2898	A	-0.422	-0.1175658
2899	T	0.114	-0.1407028
2900	C	0.324	-0.1426479
2901	C	0.161	-0.1549654
2902	A	0.397	-0.1449175
2903	T	-0.334	-0.1227016
2904	T	-0.439	-0.1126985
2905	T	-0.434	-0.1078359
2906	A	-0.505	-0.1155194
2907	A	-0.306	-0.1132547
2908	A	-0.173	-0.1269354
2909	G	-0.212	-0.1325862
2910	G	0.342	-0.1382002
2911	T	0.038	-0.1528408
2912	G	-0.145	-0.1690647
2913	T	-0.260	-0.1714631
2914	A	-0.471	-0.1776051
2915	A	-0.534	-0.1744151
2916	A	-0.482	-0.1705285
2917	G	-0.459	-0.1640312
2918	A	-0.396	-0.1586958
2919	A	-0.473	-0.1734251
2920	G	0.210	-0.1897621
2921	T	-0.110	-0.1920113
2922	C	0.431	-0.1909388
2923	C	0.380	-0.170838
2924	A	-0.065	-0.1628269
2925	T	-0.195	-0.1577384
2926	T	-0.381	-0.1531031
2927	T	-0.375	-0.1504765
2928	A	-0.183	-0.1434467
2929	A	0.055	-0.1372604
2930	T	-0.141	-0.1414733
2931	G	-0.358	-0.1414929
2932	A	-0.268	-0.1270108
2933	A	0.056	-0.1100709
2934	C	-0.331	-0.08979267
2935	A	-0.289	-0.08214989
2936	T	-0.180	-0.08138627
2937	T	-0.140	-0.07906589
2938	A	-0.208	-0.08198624
2939	T	-0.474	-0.08021434
2940	A	-0.328	-0.08611487
2941	G	0.071	-0.07932139
2942	T	0.440	-0.09367939
2943	C	0.469	-0.09756674
2944	A	-0.119	-0.08611234
2945	T	-0.231	-0.07577807
2946	G	-0.319	-0.07539014
2947	T	-0.201	-0.06517072
2948	T	0.108	-0.04982194
2949	A	0.034	-0.04699552
2950	G	0.173	-0.03201764
2951	A	0.037	-0.03605347
2952	C	0.433	-0.03232394
2953	T	0.417	-0.02755149
2954	T	0.339	-0.01521619
2955	G	-0.228	0.003658588
2956	G	-0.451	0.01526636
2957	A	-0.366	0.009157787
2958	A	-0.512	0.008708837
2959	A	-0.402	0.01241249
2960	C	-0.025	0.008802287
2961	A	0.160	-0.003829308
2962	G	-0.142	-0.02661391
2963	C	0.224	-0.05127643
2964	C	0.392	-0.06118486
2965	A	0.217	-0.06462468
2966	A	-0.366	-0.05208443
2967	C	0.033	-0.05992601
2968	T	0.430	-0.06526728
2969	C	0.168	-0.07659285
2970	T	0.457	-0.0809368
2971	T	-0.519	-0.07653861
2972	T	-0.118	-0.07638843
2973	T	0.246	-0.08323648
2974	G	0.161	-0.1031517
2975	T	0.465	-0.1090811
2976	T	0.284	-0.09291306
2977	G	-0.384	-
2978	A	-0.226	-
2979	A	-0.326	-
2980	T	-0.473	-
2981	A	-0.433	-
2982	A	-0.470	-
2983	A	-0.516	-
2984	A	-0.515	-
2985	A	-0.368	-
2986	G	0.181	-
2987	A	-0.514	-
2988	A	-0.105	-
2989	G	-0.418	-
2990	T	0	-
 2991	T	0.213	-
2992	C	0.439	-
2993	A	0.143	-
2994	A	-0.457	-
2995	T	-0.466	-
2996	G	0.194	-
