1	A	-0.425	-
2	A	-0.344	-
3	T	-0.415	-
4	A	-0.363	-
5	A	-0.331	-
6	T	0.207	-0.03383983
7	G	0.299	-0.006378458
8	C	0.417	0.04676046
9	A	0.467	0.05435238
10	G	-0.269	0.05827946
11	A	0.160	0.09509604
12	G	0.192	0.06794371
13	T	-0.096	0.07679354
14	G	0.293	0.04792463
15	G	-0.324	0.03878447
16	T	-0.316	0.09714655
17	A	0.109	0.1090233
18	C	-0.118	0.0653203
19	A	0.405	0.03031692
20	G	0.071	-0.03640566
21	G	0.357	-0.02204008
22	C	0.431	0.03138242
23	T	0.302	0.04187892
24	G	-0.332	0.01483559
25	A	-0.516	-0.05316241
26	A	-0.507	-0.03655408
27	G	-0.151	-0.03942375
28	C	0.324	-0.03614175
29	G	0.235	-0.05160942
30	G	-0.442	-0.05431
31	A	-0.410	-0.01664978
32	G	0.270	0.01313922
33	C	0.322	0.0080993
34	G	0.470	-0.05416787
35	G	0.117	-0.05098753
36	A	-0.364	0.01135638
37	G	-0.064	0.03443438
38	A	-0.149	0.0439618
39	G	-0.212	0.04999563
40	G	-0.422	0.03948405
41	A	0.274	0.05178105
42	C	0.305	0.09535622
43	A	-0.133	0.09833632
44	C	0.385	0.1451032
45	T	0.395	0.1954572
46	G	0.344	0.1943462
47	T	0.264	0.1299775
48	T	0.158	0.07941732
49	T	-0.028	0.07246932
50	C	0.411	0.05006766
51	A	0.392	0.05128966
52	A	-0.436	0.05932832
53	G	-0.498	0.04333622
54	A	-0.301	0.05813905
55	T	-0.217	0.09627164
56	T	0.116	0.08645864
57	C	0.410	0.08556631
58	C	0.440	0.1371468
59	T	0.072	0.1607996
60	G	0.336	0.2193128
61	C	0.429	0.2745226
62	G	0.293	0.2987929
63	C	0.381	0.3037755
64	C	0.182	0.2967516
65	A	-0.214	0.3153509
66	G	0.400	0.2873501
67	C	0.445	0.2576075
68	T	0.407	0.2425415
69	C	0.469	0.2222479
70	C	0.356	0.2070203
71	T	0.296	0.1865584
72	T	0	0.1407509
 73	C	0.072	0.08838769
74	G	0.112	0.01275694
75	T	0.137	-0.05494281
76	T	0	-0.06952047
 77	G	-0.460	-0.1090563
78	T	-0.148	-0.1496076
79	T	-0.182	-0.1796104
80	A	-0.500	-0.2076304
81	T	-0.342	-0.2119795
82	A	0.181	-0.1872146
83	G	-0.178	-0.1728099
84	A	-0.486	-0.1501304
85	A	-0.287	-0.1413456
86	G	-0.223	-0.05820297
87	T	0.085	-0.03602487
88	T	0.297	-0.06983104
89	G	-0.287	-0.08702187
90	G	0.123	-0.07730954
91	A	-0.077	-0.08555696
92	C	0.497	-0.1023499
93	T	-0.076	-0.1529307
94	A	-0.224	-0.2211303
95	A	-0.384	-0.21295
96	A	-0.370	-0.2198688
97	T	-0.386	-0.1831754
98	A	-0.424	-0.1994064
99	A	-0.521	-0.2078226
100	A	-0.521	-0.2255668
101	A	-0.189	-0.2094707
102	G	0.040	-0.1670184
103	G	0.362	-0.1068879
104	G	0.302	-0.06457549
105	T	-0.177	-0.03495491
106	A	-0.437	0.01585484
107	A	-0.191	0.008191675
108	T	0.139	-0.01095229
109	C	0.334	-0.02365896
110	A	0.082	-0.05693885
111	C	-0.165	-0.08225977
112	A	0.088	-0.08204418
113	A	-0.281	-0.03558552
114	G	-0.189	-0.0529873
115	C	0.210	-0.1107242
116	G	-0.096	-0.1424193
117	T	-0.481	-0.1632485
118	A	-0.434	-0.1950933
119	C	0.365	-0.2002204
120	A	-0.069	-0.2028643
121	G	-0.358	-0.2164301
122	A	-0.297	-0.1904764
123	T	-0.415	-0.1444201
124	A	-0.293	-0.07103632
125	A	-0.342	-0.07309115
126	C	-0.221	-0.03846295
127	A	0.047	0.007732467
128	G	0.214	0.06881297
129	G	0.071	0.1182966
130	C	0.446	0.1406003
131	A	0.341	0.1442522
132	G	0.346	0.1210284
133	G	0.196	0.1161744
134	C	0.435	0.1229204
135	A	0.178	0.1434282
136	G	-0.025	0.08798381
137	G	-0.298	0.02267072
138	A	-0.499	-0.02525736
139	A	-0.010	-0.07638544
140	T	0.295	-0.1476554
141	G	0.317	-0.1948481
142	T	-0.219	-0.1853047
143	G	-0.442	-0.147721
144	A	-0.229	-0.1228438
145	A	-0.417	-0.1416849
146	A	-0.419	-0.1832288
147	A	-0.388	-0.2113853
148	T	0.088	-0.2291952
149	C	0.152	-0.2054208
150	A	-0.201	-0.2101859
151	G	-0.236	-0.2039597
152	A	-0.202	-0.2098319
153	G	-0.020	-0.2003683
154	A	-0.432	-0.2048001
155	G	-0.157	-0.2364268
156	A	-0.286	-0.2157991
157	A	-0.342	-0.2326707
158	G	-0.490	-0.2095025
159	A	-0.274	-0.197952
160	G	0.035	-0.1273514
161	A	-0.227	-0.132337
162	G	0.046	-0.09755039
163	A	-0.439	-0.05208647
164	T	0.075	0.01383527
165	G	0.118	0.06679411
166	T	0.414	0.08669521
167	G	-0.216	0.06323929
168	C	0.131	0.01912544
169	A	0.202	0.02947277
170	C	0.300	0.009068167
171	C	0.360	0.02378842
172	A	0.274	0.022636
173	G	-0.508	0.06218917
174	A	-0.483	0.06302975
175	A	-0.315	0.07126958
176	G	-0.169	0.04620667
177	C	0.294	0.03388608
178	T	0.400	-0.006724
179	G	0.257	-0.00714125
180	G	0.141	0.03546101
181	A	0.301	0.07041142
182	G	0	0.1022236
 183	T	0.212	0.107641
184	A	-0.213	0.1117741
185	A	-0.513	0.1011163
186	T	0.027	0.1075576
187	G	0.104	0.06258259
188	T	0.212	0.02001142
189	G	0.359	-0.03653657
190	C	0.450	-0.04243591
191	T	0.129	-0.03927316
192	T	0.218	-0.04904267
193	T	-0.237	-0.03735433
194	G	-0.510	-0.03002442
195	A	-0.465	-0.0431925
196	A	-0.283	-0.07203308
197	G	-0.475	-0.1052272
198	A	-0.089	-0.1444651
199	T	0.244	-0.1486834
200	G	0.300	-0.1444082
201	G	0.201	-0.1248342
202	A	0.103	-0.1083358
203	G	-0.268	-0.06414712
204	G	-0.252	-0.04324012
205	A	-0.288	-0.03265637
206	A	-0.459	-0.0254967
207	G	-0.230	-0.0739957
208	G	-0.085	-0.1204109
209	G	0.054	-0.1319927
210	A	0.161	-0.1447701
211	C	0.371	-0.1351241
212	C	0.386	-0.08736712
213	A	-0.380	-0.02707528
214	T	-0.453	-0.01991112
215	A	-0.407	-0.03260729
216	A	-0.405	-0.06271146
217	A	-0.172	-0.1275977
218	T	0.113	-0.1841592
219	C	0.492	-0.128103
220	A	0	-0.08624962
 221	A	-0.097	-0.03767445
222	G	-0.199	0.02676863
223	G	-0.407	0.03289256
224	A	-0.292	-0.01405536
225	A	0.292	-0.06984111
226	T	0.049	-0.06460125
227	G	0.175	-0.03934046
228	C	0.367	-0.01612715
229	A	-0.099	0.0493466
230	G	-0.449	0.1104673
231	A	-0.176	0.1218807
232	C	0.062	0.1324309
233	A	0.205	0.08363684
234	G	0.078	0.01471859
235	C	0.378	-0.01041992
236	C	0.440	-0.01474592
237	T	0.429	-0.009797667
238	G	0.175	-0.007247625
239	T	-0.410	0.009401708
240	A	-0.459	0.0357124
241	G	-0.400	0.02810798
242	A	-0.501	-0.02951018
243	A	-0.117	-0.08968693
244	G	0.093	-0.1451393
245	C	0.405	-0.1567003
246	T	0.394	-0.1259069
247	G	0.287	-0.07694143
248	G	-0.250	-0.001946683
249	G	-0.292	0.04625623
250	A	-0.489	0.01394675
251	A	-0.548	-0.004847333
252	A	-0.089	-0.03673329
253	G	0.186	-0.04832529
254	G	0.398	-0.02505277
255	C	0.461	0.01048448
256	A	-0.294	0.08186014
257	A	0.179	0.1082214
258	G	0.012	0.09669122
259	G	0.148	0.09495497
260	A	0.028	0.06388737
261	T	0.133	0.02546095
262	G	0.366	0.02919245
263	T	-0.232	0.01193928
264	G	-0.228	0.01769009
265	G	0.165	0.04011292
266	A	0.025	0.05506316
267	T	0	0.08096566
 268	T	-0.249	0.06135074
269	C	-0.027	0.08943516
270	A	0.081	0.1235721
271	C	0.417	0.1460097
272	T	0.208	0.1815388
273	C	0.444	0.2218038
274	G	0.131	0.2691798
275	A	0.104	0.311026
276	G	0.181	0.2650407
277	T	0.435	0.1968193
278	C	0.451	0.1348232
279	T	0.483	0.07103875
280	C	0.319	0.03308742
281	T	0.474	-0.008366083
282	A	-0.470	-0.05901092
283	G	-0.401	-0.09995198
284	A	-0.535	-0.1355669
285	A	-0.320	-0.1496173
286	G	-0.323	-0.1664609
287	A	-0.393	-0.2438097
288	A	-0.426	-0.1861059
289	A	-0.056	-0.1373403
290	C	0.024	-0.06778912
291	G	0.314	-0.0050867
292	C	0.116	0.05767372
293	A	-0.453	0.1252986
294	A	0.221	0.194106
295	C	0.183	0.1924472
296	C	0.298	0.155784
297	C	0.431	0.09520821
298	C	0.429	0.09161147
299	G	0.418	0.1427424
300	C	0.399	0.1630894
301	C	-0.076	0.1831462
302	A	-0.415	0.1813891
303	A	-0.412	0.1291876
304	C	0.073	0.06670814
305	A	0.160	0.01116206
306	C	0.465	-0.05616211
307	C	0.424	-0.0594419
308	T	0.277	-0.06709815
309	T	-0.194	-0.04449557
310	G	-0.320	-0.05234995
311	A	-0.248	-0.02063387
312	T	-0.408	-0.0434237
313	T	-0.115	-0.08244564
314	T	-0.507	-0.1092728
315	G	-0.141	-0.09516107
316	A	-0.020	-0.04817266
317	G	0.540	-0.007671908
318	G	0.192	0.03181998
319	A	-0.043	0.03421823
320	C	-0.044	0.05001498
321	G	-0.025	0.1010863
322	T	0.243	0.1468967
323	C	0.237	0.1394243
324	T	0.065	0.1442339
325	G	-0.086	0.1585114
326	A	-0.317	0.1337249
327	C	0.471	0.1030203
328	C	0.529	0.06047406
329	T	0.450	0.03483047
330	T	0.250	0.03838158
331	C	0.127	0.02295657
332	A	-0.341	0.04781425
333	G	-0.393	-0.01855
334	A	-0.267	-0.1012588
335	A	-0.069	-0.1730757
336	T	0.108	-0.2243921
337	G	-0.271	-0.2538841
338	A	-0.019	-0.2309153
339	G	-0.324	-0.2373837
340	A	-0.463	-0.244527
341	A	-0.410	-0.2244744
342	A	-0.365	-0.2324486
343	A	-0.226	-0.1688474
344	T	-0.066	-0.1913325
345	G	-0.471	-0.1336269
346	A	-0.352	-0.1025857
347	T	0.170	-0.04613727
348	A	0.012	-0.007210942
349	C	0.491	0.04747273
350	A	-0.289	0.07029413
351	T	0.367	0.139634
352	T	-0.090	0.1281704
353	T	0.266	0.07388197
354	G	0.101	0.03195822
355	T	0.429	-0.05382902
356	G	0.207	-0.07446336
357	T	0.360	-0.1063817
358	T	-0.490	-0.06184823
359	G	-0.480	-0.07416398
360	T	-0.490	-0.04704332
361	A	-0.538	-0.05533048
362	A	-0.537	-0.04460365
363	G	-0.015	-0.05065548
364	C	0.443	0.002308183
365	C	0.118	0.01907235
366	A	0.426	0.02726185
367	C	0.330	0.07680001
368	C	0.336	0.1224685
369	C	0.287	0.1558045
370	A	0.145	0.09643311
371	G	-0.279	0.08653577
372	T	-0.392	0.05445913
373	T	0.056	-0.01269287
374	T	0.010	-0.07464862
375	G	0.384	-0.1017515
376	T	-0.268	-0.1007118
377	G	0	-0.09383941
 378	A	0.041	-0.06519746
379	A	-0.475	-0.07551154
380	A	-0.406	-0.05858474
381	T	-0.037	-0.05705216
382	A	0.157	-0.06254616
383	T	-0.196	-0.04741691
384	G	-0.048	-0.01382818
385	T	-0.067	0.0670984
386	A	0.214	0.06509057
387	T	0.403	0.07372856
388	C	-0.334	0.09626731
389	A	0.181	0.09367881
390	A	0.444	0.06328652
391	C	0.495	0.03160262
392	A	-0.431	-0.01840747
393	A	0.066	-0.09356463
394	T	0.428	-0.04768655
395	T	-0.228	-0.07235813
396	G	-0.413	-0.1285523
397	A	-0.447	-0.1612621
398	A	-0.386	-0.1610462
399	A	-0.498	-0.1689006
400	A	0.215	-0.1803874
401	C	-0.114	-0.1204518
402	T	-0.229	-0.1053358
403	A	0.103	-0.08154928
404	G	-0.428	-0.05489474
405	T	-0.027	-0.03477516
406	A	0.290	-0.02871641
407	C	0.491	0.01206434
408	A	-0.232	0.008215008
409	T	-0.162	-0.03560466
410	A	-0.066	-0.03186549
411	G	-0.257	-0.03776994
412	T	0.288	-0.07510236
413	C	0.374	-0.08559494
414	A	-0.275	-0.04754778
415	A	-0.422	-0.01505511
416	A	-0.383	-0.01861398
417	T	-0.098	-0.01423182
418	A	-0.157	-0.009259733
419	C	0.365	-0.0486106
420	T	0.224	0.01100973
421	C	0.227	0.08615973
422	A	-0.108	0.1605848
423	A	-0.204	0.173257
424	T	0.348	0.2011142
425	C	-0.097	0.1928141
426	T	0.439	0.1503725
427	C	0.479	0.1181581
428	T	0.509	0.08990817
429	G	0.053	0.08380817
430	T	0.176	0.04846065
431	T	0.265	0.04060835
432	T	-0.284	0.0285141
433	T	-0.158	0.01963018
434	T	-0.447	-0.0006387333
435	T	-0.277	0.03079398
436	T	-0.076	-0.0002086833
437	T	-0.191	-0.04537452
438	A	0.294	-0.0009972667
439	G	0.372	0.04965657
440	C	0.266	0.07116715
441	T	0.430	0.09946702
442	T	-0.195	0.07920712
443	A	-0.276	0.06414412
444	T	0.247	0.02755162
445	C	0.449	-0.006184825
446	A	-0.189	-0.05162491
447	T	0.061	-0.1109748
448	T	-0.319	-0.08333999
449	T	-0.372	-0.02624974
450	T	-0.144	-0.01139574
451	C	-0.032	-0.01217799
452	A	-0.279	0.04516326
453	A	-0.281	0.03603697
454	T	0.136	0.1015486
455	C	0.408	0.1695908
456	T	0.426	0.2063623
457	C	0.439	0.2245197
458	T	0.498	0.2458972
459	G	-0.047	0.2545102
460	T	0.467	0.2268623
461	C	0.444	0.228284
462	T	0.296	0.229415
463	C	0.185	0.2251696
464	C	-0.022	0.1977794
465	A	-0.178	0.1985386
466	A	-0.195	0.1255511
467	C	0.425	0.04389147
468	C	0.439	-0.002691692
469	C	0.388	0.002758058
470	A	0.169	0.04180628
471	C	-0.038	0.09841486
472	A	-0.408	0.1474342
473	A	-0.535	0.1109641
474	A	-0.262	0.07321817
475	C	0.251	0.07120483
476	C	0.446	0.06230474
477	A	0.501	0.09754847
478	C	0.392	0.1748263
479	A	-0.011	0.1978709
480	T	-0.013	0.1995768
481	G	0.364	0.1569582
482	C	0.062	0.08559005
483	A	0.384	0.008726717
484	T	0.518	-0.03087186
485	C	-0.259	-0.06737532
486	A	-0.241	-0.09883167
487	T	-0.260	-0.1634028
488	A	-0.410	-0.2025321
489	A	-0.421	-0.2695762
490	A	-0.082	-0.3516432
491	T	-0.449	-0.3651699
492	A	-0.390	-0.3784167
493	A	-0.410	-0.3976583
494	A	-0.406	-0.3995989
495	T	-0.420	-0.4075546
496	T	-0.466	-0.4242534
497	A	-0.421	-0.3488529
498	A	-0.400	-0.3000901
499	A	-0.491	-0.2786143
500	A	-0.433	-0.2645372
501	T	-0.516	-0.2419291
502	A	-0.283	-0.1985276
503	C	0.454	-0.1248095
504	C	0.194	-0.05523992
505	A	-0.152	-0.01597755
506	A	-0.237	0.004948783
507	A	-0.148	-
508	A	0.054	-
509	C	0.463	-
510	T	0.434	-
511	T	-0.020	-
512	T	-0.182	-
