1	T	-0.433	-
2	A	-0.247	-
3	G	-0.222	-
4	C	0.412	-
5	A	0.168	-
6	G	-0.395	-
7	T	-0.050	-
8	A	-0.231	-0.07103759
9	T	0.162	-0.02647473
10	G	-0.105	-0.0111018
11	G	0.024	-0.02324287
12	A	-0.282	-0.07792313
13	G	0.155	-0.0968266
14	A	-0.316	-0.06017127
15	G	0.296	-0.03285359
16	G	0.234	-0.002287453
17	T	-0.017	-0.00498952
18	A	-0.404	-0.01757645
19	G	-0.408	-0.05299294
20	A	-0.115	-0.05223514
21	G	0.154	-0.08360441
22	C	0.359	-0.09741107
23	C	0.226	-0.1494437
24	T	0.122	-0.1557899
25	T	-0.294	-0.1251447
26	G	-0.506	-0.1008809
27	A	-0.270	-0.05351844
28	A	-0.314	-0.07582151
29	G	-0.523	-0.06772011
30	A	-0.483	-0.08037897
31	G	0.139	-0.109362
32	G	0.442	-0.1378909
33	T	-0.040	-0.1062678
34	G	0.302	-0.04547291
35	A	-0.449	-0.00455244
36	T	0.276	0.03329796
37	T	0.169	0.09166949
38	G	-0.208	0.1534005
39	G	-0.305	0.1735597
40	T	0.179	0.1787196
41	C	0.405	0.2064451
42	T	0.342	0.2155376
43	G	0.252	0.2242268
44	C	0.352	0.1793857
45	C	0.442	0.1579171
46	C	0.441	0.1617342
47	T	0.519	0.1655355
48	C	0.374	0.1854261
49	A	0.438	0.1447412
50	T	-0.319	0.1404102
51	G	-0.396	0.1279298
52	A	-0.152	0.07654543
53	A	-0.150	0.02058329
54	T	-0.248	-0.02720257
55	G	0.478	-0.06924611
56	G	-0.204	-0.06985524
57	A	0.277	-0.06807971
58	T	0.065	-0.03908937
59	T	-0.418	-0.04215831
60	A	-0.397	-0.05456764
61	A	-0.274	-0.05326871
62	T	-0.110	-0.05461677
63	C	0.365	-0.05834724
64	C	0.465	-0.01778031
65	A	0.115	-0.04855964
66	T	-0.442	-0.04576753
67	T	-0.338	0.0053464
68	G	-0.131	0.05434093
69	A	-0.268	0.04037747
70	T	0.422	0.0221662
71	G	0.403	-0.01038167
72	G	-0.183	-0.03682815
73	A	0.107	-0.02579149
74	T	0.348	-0.01597002
75	C	0.337	0.01727891
76	A	-0.484	0.00068538
77	A	-0.383	-0.00116142
78	T	-0.122	-0.04407049
79	G	0.068	-0.06712092
80	G	0.280	-0.05911626
81	G	-0.295	-0.07273195
82	T	0.160	-0.07732788
83	T	-0.380	-0.0938109
84	A	-0.296	-0.08980017
85	A	-0.221	-0.0765841
86	T	0.057	-0.07813037
87	G	-0.063	-0.08607702
88	G	-0.096	-0.1360812
89	A	0.279	-0.1448591
90	T	0.090	-0.1760049
91	T	-0.424	-0.1846283
92	A	-0.185	-0.1788639
93	T	-0.145	-0.1488966
94	C	-0.050	-0.1240959
95	A	-0.469	-0.1038149
96	T	-0.426	-0.07848396
97	A	-0.306	-0.1232994
98	G	-0.509	-0.1667055
99	G	-0.210	-0.1177287
100	A	0.228	-0.09240121
101	G	0.429	-0.07354561
102	G	0.240	-0.07522263
103	G	0.283	-0.04108757
104	G	-0.392	0.00570636
105	A	-0.560	0.05349269
106	A	0.310	0.09038171
107	C	0.194	0.1277349
108	G	0.137	0.1428386
109	G	-0.075	0.09910691
110	G	0.042	0.09639298
111	T	0.275	0.04834045
112	G	0.409	0.05069538
113	G	0.043	0.06891958
114	C	0.350	0.02661051
115	T	0.454	-0.02094729
116	T	-0.226	-0.04989675
117	T	0.199	-0.05549419
118	A	-0.437	-0.05834378
119	T	-0.357	-0.08650391
120	A	-0.287	-0.1246648
121	T	-0.324	-0.1500513
122	T	-0.519	-0.2047938
123	A	-0.296	-0.2336535
124	G	-0.159	-0.2367602
125	G	0	-0.2780754
 126	A	-0.147	-0.2770348
127	G	-0.162	-0.2827636
128	G	-0.337	-0.2801864
129	A	-0.470	-0.2544507
130	A	0.021	-0.1924408
131	G	-0.272	-0.1568682
132	A	-0.419	-0.1240761
133	G	-0.421	-0.107402
134	A	-0.443	-0.08184302
135	T	-0.248	-0.04421182
136	A	0.061	-0.003304953
137	C	0.410	0.005542313
138	C	0.236	-0.0320676
139	T	0.332	-0.0467508
140	G	0.250	-0.0069674
141	G	0.236	0.00836
142	G	0.401	0.0477104
143	C	0.276	0.07909567
144	T	-0.338	0.1037241
145	A	-0.542	0.09476407
146	A	-0.492	0.1025643
147	C	0.176	0.08622913
148	A	-0.191	0.06404232
149	T	0.146	0.07411205
150	G	0.222	0.06788612
151	C	0.431	0.07991759
152	T	0.276	0.1325684
153	C	0.353	0.198117
154	C	0.087	0.2596591
155	A	-0.082	0.2204726
156	C	0.387	0.2548162
157	T	0.308	0.2169613
158	T	0.456	0.1967947
159	C	0.451	0.1538253
160	C	0.440	0.1135653
161	T	0.430	0.08057025
162	C	-0.411	0.09761031
163	A	0.323	0.08515773
164	T	-0.420	0.03247146
165	C	-0.080	0.005654867
166	A	-0.213	-0.0345362
167	T	-0.327	-0.05308887
168	G	-0.141	-0.0540022
169	T	0.342	-0.05297827
170	G	-0.269	-0.014937
171	A	-0.403	-0.04618967
172	T	-0.093	-0.0295234
173	G	-0.145	-0.01384899
174	T	0.173	0.02190081
175	C	0.427	0.04010553
176	C	0.445	0.04853587
177	T	0.159	0.05839073
178	G	-0.145	0.0970452
179	T	-0.170	0.127462
180	G	0.154	0.1542083
181	C	0.322	0.1593313
182	T	-0.054	0.1489506
183	A	-0.014	0.1116738
184	C	0.490	0.071164
185	C	0.310	0.08648827
186	A	0.053	0.1130291
187	T	0.307	0.1254188
188	G	-0.069	0.1453271
189	A	0.017	0.1073948
190	G	-0.131	0.09732724
191	A	-0.162	0.09968494
192	C	0.389	0.08414614
193	T	0.252	0.05037847
194	C	0.014	0.03428397
195	T	0.453	0.0044479
196	A	-0.245	-0.008355387
197	C	-0.205	0.01784707
198	A	0.020	0.0539272
199	G	0.257	0.09655813
200	A	-0.196	0.09179327
201	G	-0.188	0.09783613
202	T	-0.140	0.1248386
203	T	-0.261	0.09778301
204	C	0.410	0.1479395
205	C	0.409	0.1916621
206	C	0.477	0.1915216
207	A	0.317	0.1542063
208	G	0.343	0.139085
209	C	0.419	0.1163007
210	A	0.047	0.1036214
211	G	0.506	0.1142972
212	C	0.450	0.1102255
213	A	0.018	0.1035956
214	A	-0.302	0.08469417
215	G	-0.422	0.09348397
216	A	-0.530	0.09328757
217	A	-0.330	0.03168531
218	G	-0.100	0.01407686
219	G	0.349	-0.00807834
220	C	0.309	-0.02854801
221	C	0.193	-0.03387549
222	C	0.449	-0.02668255
223	T	0.340	-0.02765149
224	G	-0.504	-0.005437353
225	A	-0.216	0.005222913
226	G	0.174	0.02262878
227	C	0.143	0.006392113
228	A	-0.061	0.01322005
229	G	-0.194	0.01566011
230	A	-0.437	0.01519071
231	T	-0.196	0.01028665
232	A	-0.170	0.07358438
233	T	0.160	0.1119146
234	G	0.105	0.1317844
235	G	0.412	0.09421871
236	C	0.230	0.09534133
237	C	0.442	0.1410258
238	C	0.266	0.200525
239	T	0.445	0.2176318
240	C	0.358	0.2385126
241	T	0.472	0.2617588
242	G	-0.419	0.2677171
243	A	-0.044	0.2638356
244	C	0.490	0.2755506
245	C	0.454	0.2664881
246	T	0.059	0.2728004
247	T	0.142	0.2715201
248	G	0.508	0.2509882
249	G	0.195	0.2480201
250	A	0.354	0.2830131
251	C	0.406	0.300342
252	T	0.306	0.2895102
253	T	0.361	0.2823737
254	C	0.426	0.3010313
255	T	0.050	0.3202178
256	C	0.427	0.3133115
257	A	0.104	0.3280694
258	G	0.215	0.3396069
259	C	0.328	0.3322876
260	C	0.347	0.2926305
261	T	0.339	0.3034697
262	C	0.430	0.2678645
263	C	0.405	0.2285355
264	G	0.416	0.1788353
265	T	0.527	0.1594742
266	G	0.296	0.1175256
267	A	-0.288	0.07004427
268	C	0.523	0.035429
269	T	-0.107	-0.0168968
270	A	-0.539	-0.0789142
271	A	-0.317	-0.1111695
272	T	-0.185	-0.1554947
273	G	-0.413	-0.2011669
274	A	-0.383	-0.2410316
275	A	-0.171	-0.2435571
276	G	-0.445	-0.3109854
277	A	-0.499	-0.3247322
278	A	-0.078	-0.2846272
279	G	-0.248	-0.245421
280	G	-0.157	-0.2472652
281	A	-0.301	-0.2277791
282	G	-0.325	-0.2100777
283	A	-0.487	-0.1774371
284	A	-0.314	-0.1705144
285	G	0.061	-0.1445507
286	T	0.270	-0.1386086
287	C	-0.213	-0.09700911
288	A	-0.121	-0.07831057
289	A	-0.118	-0.04865504
290	C	0.318	0.00576736
291	A	-0.341	0.06151509
292	T	-0.110	0.09419449
293	T	0.010	0.08401572
294	T	0.375	0.09812999
295	G	0.122	0.09527865
296	G	0.143	0.1290409
297	G	0.490	0.1226969
298	A	0.348	0.06642639
299	A	0.176	0.05946645
300	G	-0.090	0.08351805
301	T	0.481	0.08143285
302	G	-0.255	0.05135109
303	T	0.384	0.05762169
304	T	-0.213	0.02295229
305	T	-0.525	0.002091353
306	A	-0.445	-0.006160847
307	C	0.250	-0.001570913
308	C	-0.020	0.02517371
309	A	-0.075	0.02357691
310	T	0.216	0.04713881
311	G	-0.376	0.00051894
312	G	0.177	0.03555261
313	A	0.224	0.07872707
314	C	0.244	0.1238789
315	C	0.310	0.1375755
316	A	0.457	0.1592428
317	G	0.097	0.1926042
318	G	-0.314	0.1962674
319	A	0.312	0.2547328
320	G	0.121	0.2249463
321	T	0.231	0.1895966
322	C	0.456	0.1585247
323	T	0.304	0.1583927
324	C	0.424	0.1524965
325	C	0.271	0.1732289
326	G	0.500	0.2162343
327	G	-0.269	0.1821703
328	A	-0.305	0.1525469
329	A	-0.221	0.1251327
330	A	0.308	0.06823667
331	C	0.369	0.02594813
332	T	0.408	-0.02774993
333	C	0.330	-0.081416
334	G	-0.198	-0.1437429
335	A	-0.322	-0.142715
336	A	-0.179	-0.1558777
337	G	-0.397	-0.1661684
338	A	-0.330	-0.1648131
339	T	-0.380	-0.1859584
340	T	-0.533	-0.2166773
341	A	-0.434	-0.2631346
342	C	-0.253	-0.2797181
343	A	-0.502	-0.2870578
344	A	-0.375	-0.3083013
345	G	0.328	-0.3085742
346	C	0.052	-0.2812814
347	A	-0.052	-0.2603911
348	G	-0.366	-0.216016
349	A	-0.447	-0.1685741
350	A	-0.432	-0.1366278
351	A	-0.498	-0.07416546
352	A	-0.401	-0.03155033
353	C	0.079	-0.07024353
354	T	-0.067	-0.09793848
355	A	0.132	-0.1231864
356	G	0.276	-0.07831698
357	C	0.225	-0.02710558
358	C	0.434	0.02415695
359	T	0.263	0.09003282
360	G	-0.251	0.1247882
361	A	-0.363	0.1020414
362	T	-0.431	0.0959036
363	A	0.306	0.08499475
364	C	0.320	0.06653122
365	A	0.336	0.05150789
366	C	0.489	0.01891016
367	T	0.119	-0.01526451
368	T	-0.261	-0.01715057
369	A	-0.159	-0.01508424
370	G	-0.031	0.006346427
371	C	0	-0.03885624
 372	A	0	-0.09420504
 373	T	-0.054	-0.1072296
374	A	-0.248	-0.1231262
375	T	-0.279	-0.1381934
376	G	-0.332	-0.09528464
377	C	-0.109	-0.06519417
378	A	-0.371	-0.06770117
379	A	-0.509	-0.06425937
380	A	0.140	-0.04211737
381	T	0.251	-0.01783451
382	G	-0.106	0.01850949
383	C	0.381	0.01707649
384	T	0.292	0.02100083
385	G	-0.069	0.03115394
386	T	0.051	0.02567627
387	G	0.332	0.03946007
388	C	0.309	-0.005163993
389	C	0.296	-0.03506766
390	A	-0.301	-0.00167066
391	G	-0.273	-0.00496006
392	A	0.042	-0.00976066
393	G	-0.453	0.02159078
394	A	-0.302	0.02732278
395	G	-0.528	-0.01418515
396	A	-0.197	-0.07072235
397	C	0.394	-0.1199162
398	C	0.332	-0.09322601
399	A	0.220	-0.04774675
400	C	0.401	-0.02856306
401	C	0.137	0.01725461
402	A	-0.290	0.06144867
403	A	-0.538	0.1048738
404	A	-0.441	0.1111727
405	G	0.099	0.08932428
406	C	0.408	0.07797995
407	T	0.330	0.08831508
408	T	0.233	0.09088755
409	G	0.359	0.1088215
410	G	0.122	0.147897
411	A	-0.102	0.2106756
412	T	0.067	0.2700067
413	T	0.162	0.2785263
414	C	0.375	0.2671735
415	C	0.439	0.2757241
416	T	0.406	0.2524285
417	C	0.295	0.2322926
418	C	0.403	0.2482761
419	T	0.448	0.286994
420	T	0.226	0.3142188
421	C	0.238	0.332603
422	T	0.458	0.3235418
423	G	-0.115	0.3134136
424	A	0.057	0.2953878
425	C	0.362	0.2679302
426	T	0.477	0.2355032
427	C	0.475	0.2144512
428	T	0.438	0.1902016
429	C	0.239	0.1686065
430	C	0.287	0.1110889
431	A	0.136	0.08923273
432	G	-0.116	0.05237411
433	A	-0.083	-0.001319493
434	G	0.132	-0.02433816
435	A	-0.136	-0.05246638
436	T	-0.085	-0.08771933
437	A	-0.404	-0.081122
438	T	-0.443	-0.08353893
439	A	-0.494	-0.07502707
440	T	-0.442	-0.07469627
441	A	0.132	-0.08835199
442	G	0.053	-0.08276259
443	G	-0.090	-0.05912706
444	G	0.338	-0.02654017
445	G	0.251	0.03148949
446	C	0.263	0.05183776
447	A	-0.111	0.08376516
448	A	-0.288	0.1027611
449	G	0.216	0.07256623
450	C	0.217	0.08628371
451	C	0.403	0.09777227
452	T	0.466	0.09421734
453	T	-0.138	0.1048304
454	T	-0.016	0.1121817
455	C	-0.157	0.1468265
456	A	-0.320	0.191475
457	A	0.259	0.1807682
458	C	0.081	0.1652001
459	C	0.284	0.1066473
460	A	0.410	0.06486187
461	G	0.374	0.03965467
462	G	0.408	0.01219927
463	G	0.381	-0.005479733
464	C	0.055	-0.0009812
465	A	-0.015	-0.01607568
466	G	-0.474	-0.00710602
467	A	-0.160	-0.01153942
468	A	-0.516	-0.03778081
469	G	-0.427	-0.03620228
470	G	-0.422	-0.04715675
471	A	-0.252	-0.05479308
472	T	0.032	-0.03039751
473	T	0.216	-0.02330389
474	G	0.218	0.03713024
475	G	0.017	0.03213111
476	T	0.397	0.08795617
477	C	0.244	0.09613651
478	T	0.267	0.09511131
479	C	0.421	0.08942384
480	A	0.090	0.06178732
481	G	0.431	0.06253212
482	T	-0.235	0.05802619
483	G	0.320	0.08098785
484	A	-0.305	0.05446418
485	T	-0.438	0.01793991
486	T	-0.338	-0.02724415
487	T	-0.381	-0.07815662
488	T	0.227	-0.1181184
489	G	0.150	-0.1204123
490	C	0.361	-0.113119
491	A	0	-0.1634556
 492	G	-0.303	-0.1719249
493	A	-0.410	-0.1612521
494	A	-0.342	-0.1519165
495	A	-0.508	-0.1052183
496	T	0.397	-0.1153664
497	C	-0.125	-0.1516954
498	G	-0.434	-0.1648924
499	T	-0.432	-0.1890112
500	A	-0.278	-0.1971278
501	A	-0.198	-0.2018829
502	T	0.318	-0.205319
503	T	0.075	-0.1993077
504	G	-0.394	-0.2539682
505	A	0.163	-0.2502022
506	A	-0.361	-0.2317392
507	G	-0.425	-0.2169187
508	A	-0.482	-0.2100332
509	A	-0.393	-0.1990805
510	A	-0.418	-0.241291
511	A	-0.422	-0.2787108
512	T	-0.069	-0.2675849
513	G	-0.157	-0.2926765
514	A	-0.209	-0.2782262
515	T	-0.174	-0.2483366
516	G	-0.033	-0.2417628
517	G	-0.314	-0.2412875
518	A	-0.486	-0.2070141
519	A	-0.227	-0.1576573
520	A	-0.212	-0.1372916
521	G	-0.145	-0.1173716
522	G	0.022	-0.1063971
523	A	-0.383	-0.1156347
524	A	-0.386	-0.09409663
525	G	0.095	-0.09256149
526	C	0.317	-0.05533751
527	T	0.236	-0.02819411
528	T	0.141	-0.04733891
529	T	-0.045	-0.05706144
530	G	-0.313	-0.07231362
531	A	0.289	-0.02583269
532	A	-0.291	0.001018907
533	T	0.072	0.02283767
534	A	0.179	0.02650167
535	T	-0.499	0.00272694
536	G	-0.290	-0.003337847
537	G	-0.205	-0.01914234
538	A	0.313	0.007620693
539	G	0.016	-0.00424824
540	T	0.422	0.02474843
541	G	0.372	0.01788864
542	T	-0.120	-0.001984693
543	T	0.050	0.03816697
544	G	-0.282	0.08172124
545	T	0.087	0.1098426
546	T	0.111	0.1113159
547	A	0.143	0.111513
548	T	-0.030	0.07576902
549	T	-0.118	0.06709535
550	G	0.102	0.09017489
551	C	0.362	0.1114303
552	A	0.215	0.1320054
553	C	0.335	0.1199467
554	T	0.019	0.1041962
555	G	-0.113	0.07992783
556	A	0.242	0.04957003
557	C	0.225	0.05247081
558	T	0.369	0.06786021
559	G	0.026	0.07353555
560	G	-0.092	0.08372855
561	A	-0.125	0.07228055
562	C	-0.220	0.03657771
563	A	-0.486	0.04249043
564	A	-0.074	0.03805943
565	C	0.333	0.02190054
566	C	0.447	0.00057976
567	A	0.368	0.02767853
568	G	0.164	0.04004306
569	A	-0.516	0.07954933
570	T	-0.024	0.07797759
571	G	0.176	0.09091346
572	G	-0.016	0.09689754
573	A	0.049	0.09721481
574	G	0.432	0.09720274
575	C	0.092	0.08763374
576	T	0.467	0.09439154
577	A	-0.244	0.1096906
578	T	-0.292	0.1244898
579	T	0.015	0.1400273
580	C	0.337	0.1696222
581	C	0.447	0.1855082
582	C	0.225	0.1769119
583	A	0.265	0.1998063
584	G	-0.286	0.1719568
585	T	0.197	0.2079774
586	C	0.409	0.2243164
587	C	0.427	0.2441174
588	C	0.288	0.2488261
589	C	0.303	0.2314572
590	A	0.435	0.2389685
591	G	0.049	0.1908937
592	C	0.296	0.1888432
593	A	-0.047	0.1480491
594	C	0.312	0.1249831
595	A	0.408	0.08943428
596	C	0.186	0.06536886
597	A	0.337	0.02470693
598	G	-0.455	-0.03728061
599	A	-0.317	-0.05956357
600	T	-0.414	-0.06858243
601	A	0.063	-0.06325177
602	G	-0.106	-0.0492567
603	A	-0.072	-0.0764951
604	G	-0.306	-0.09995063
605	A	-0.493	-0.1115026
606	A	-0.284	-0.08405956
607	T	0.160	-0.08284169
608	C	0.032	-0.03090043
609	T	0.521	-0.0143341
610	A	0	-0.01318291
 611	T	-0.164	-0.03729029
612	T	0.164	-0.04560889
613	C	-0.043	-0.04468476
614	G	-0.299	-0.04167876
615	A	0.364	-0.04329723
616	C	0.311	-0.06733914
617	A	-0.088	-0.1292284
618	A	-0.434	-0.1582496
619	T	-0.430	-0.1739034
620	A	-0.479	-0.2112529
621	A	-0.239	-0.2338281
622	C	0.136	-0.1965279
623	T	-0.327	-0.2189301
624	A	-0.406	-0.2318383
625	A	-0.435	-0.2519534
626	A	-0.399	-0.2298137
627	G	-0.395	-0.1811797
628	A	-0.382	-0.1474469
629	G	0.260	-0.1064005
630	G	0.028	-0.1281706
631	T	0.118	-0.08883723
632	G	-0.390	-0.05418843
633	T	-0.102	-0.002040833
634	A	0.298	0.03539463
635	C	0.026	0.03817783
636	A	0.376	0.03928657
637	G	-0.189	0.03513043
638	T	0.262	0.02724867
639	T	0.113	0.05030434
640	C	0.346	0.04796134
641	T	0.161	0.06517514
642	A	-0.353	0.05664947
643	G	-0.365	0.07967311
644	A	0.197	0.05737832
645	A	-0.089	0.08658772
646	C	0.463	0.04966705
647	A	-0.425	0.07211739
648	T	0.155	0.02664439
649	T	0.170	0.03798072
650	C	0.371	0.07808339
651	T	0.041	0.08823179
652	G	0.248	0.06872053
653	C	-0.291	0.05545169
654	A	0.450	0.04923869
655	A	-0.335	0.1082352
656	C	0.331	0.1029375
657	C	0.247	0.08548743
658	A	-0.213	0.0681895
659	G	-0.094	0.06209199
660	A	-0.288	0.07210733
661	C	0.370	0.1137437
662	T	0.459	0.1011167
663	T	0.076	0.1524437
664	C	-0.091	0.1584141
665	A	0.111	0.1096577
666	G	-0.049	0.1328558
667	G	0.398	0.1208391
668	C	0.333	0.1512171
669	A	0.260	0.153058
670	C	0.434	0.1418157
671	C	0.421	0.1582079
672	A	-0.483	0.1927133
673	G	0.134	0.208317
674	G	-0.274	0.2384839
675	A	0.166	0.2428663
676	G	0.398	0.2463717
677	G	0.290	0.1936351
678	C	0.322	0.1576911
679	C	0.426	0.1179838
680	T	0.345	0.1612506
681	C	0.402	0.1777811
682	C	0.464	0.2253388
683	G	0.385	0.2188411
684	T	-0.530	0.1703729
685	A	-0.104	0.1813116
686	G	-0.174	0.1840445
687	G	0.165	0.1775855
688	C	0.382	0.1830879
689	A	0.438	0.1843431
690	G	0.069	0.1615575
691	G	-0.328	0.1629951
692	G	0.454	0.2218207
693	T	0.363	0.2396733
694	T	0.329	0.2656073
695	C	0.428	0.2809695
696	C	0.421	0.2818781
697	T	0.122	0.2526534
698	C	0.407	0.2419599
699	G	0.352	0.2864903
700	G	0.163	0.2582668
701	G	0.214	0.2164562
702	C	0.395	0.2067093
703	T	0.395	0.2072811
704	T	0	0.2085073
 705	C	-0.091	0.2277013
706	T	0.339	0.1949352
707	C	0.031	0.1960957
708	A	-0.264	0.2079091
709	G	0.183	0.2055825
710	C	0.437	0.1901323
711	T	0.440	0.1944055
712	G	0.410	0.2064277
713	G	-0.084	0.2307644
714	C	0.369	0.2378513
715	T	0.340	0.2577712
716	T	0.179	0.2699463
717	C	0.163	0.2642975
718	C	0.459	0.2065656
719	T	0.180	0.1575388
720	T	0.273	0.1183556
721	G	0.445	0.1036204
722	G	0.330	0.08144723
723	A	-0.081	0.0435585
724	G	0.098	0.0588631
725	A	-0.428	0.04512079
726	A	-0.295	-0.01873754
727	A	-0.177	-0.05437554
728	T	-0.305	-0.06026234
729	T	0.036	-0.08996721
730	T	-0.227	-0.08993341
731	C	0.409	-0.04876813
732	A	-0.042	-0.08118373
733	T	-0.497	-0.07405666
734	A	-0.354	-0.02580686
735	T	0.185	-0.04116179
736	G	0	-0.00779066
 737	C	0.330	0.02298576
738	T	0.536	0.07025403
739	G	-0.387	0.02051416
740	A	-0.322	0.02060623
741	T	0.428	0.04124477
742	T	-0.407	0.0462155
743	C	0.195	0.02365663
744	C	0.498	-0.001385567
745	T	0.481	0.001142033
746	T	-0.336	-0.03890215
747	T	-0.040	0.01212038
748	C	-0.188	0.06359731
749	A	-0.279	0.05471451
750	A	-0.152	0.09501525
751	T	-0.375	0.08996931
752	T	0.368	0.08574638
753	A	-0.064	0.06446778
754	T	0.377	0.06959851
755	C	0.450	0.07437164
756	T	0.295	0.07842317
757	G	0.196	0.08787624
758	T	0.119	0.1098657
759	C	0.435	0.1133985
760	A	0.162	0.06026877
761	A	-0.259	0.03659156
762	T	0.030	-0.02411877
763	T	-0.127	-0.04578911
764	T	-0.137	-0.07508684
765	T	0.177	-0.09372258
766	C	-0.322	-0.09267998
767	A	-0.428	-0.1339753
768	A	-0.419	-0.1693498
769	A	-0.532	-0.1797587
770	A	0.125	-0.2097629
771	T	-0.144	-0.2281502
772	G	-0.082	-0.2387511
773	C	0.135	-0.2784
774	A	-0.184	-0.2888373
775	A	-0.368	-0.2583079
776	A	-0.415	-0.2194146
777	T	-0.419	-0.1921816
778	A	-0.403	-0.1879736
779	G	-0.296	-0.1519195
780	A	-0.417	-0.1169074
781	A	-0.479	-0.125081
782	A	0.029	-0.1066754
783	C	0.163	-0.05954022
784	A	-0.124	0.00313038
785	T	0.188	0.05633031
786	G	0.396	0.1160518
787	C	0.442	0.1498198
788	A	0.012	0.1776662
789	G	0.091	0.2425152
790	T	0.338	0.2705853
791	C	0.524	0.2586089
792	A	0.378	0.2473895
793	T	0.492	0.2673803
794	C	0.209	0.2359578
795	A	0	0.2089803
 796	C	0.493	0.1810475
797	T	0.450	0.1730964
798	T	-0.015	0.1625604
799	T	-0.292	0.1557475
800	G	0.488	0.1545425
801	G	-0.074	0.1462583
802	T	0.037	0.1552006
803	A	-0.406	0.1473894
804	C	-0.027	0.1261934
805	T	0.180	0.125399
806	C	0.422	0.136749
807	A	0.360	0.1699132
808	C	0.368	0.1189418
809	C	0.343	0.1369398
810	A	-0.117	0.1457623
811	G	0.175	0.1883665
812	C	0.438	0.2246507
813	T	0.154	0.2470691
814	G	0.204	0.1953896
815	A	-0.276	-
816	T	0.195	-
817	T	0.170	-
818	T	0.232	-
819	C	0.516	-
820	T	0.516	-
821	T	-0.353	-
