1	T	-0.025	-
2	A	-0.313	-
3	T	-0.068	-
4	T	0.500	-
5	T	0	-0.08462828
 6	T	-0.399	-0.1190314
7	A	-0.278	-0.1324033
8	A	-0.013	-0.1089304
9	T	-0.164	-0.1493224
10	A	-0.334	-0.09437753
11	A	-0.433	0.002351133
12	T	0.142	0.006436689
13	T	0.137	-0.02345433
14	C	0.494	-0.03789989
15	T	0.471	0.04855556
16	T	-0.241	0.05485078
17	T	-0.282	0.03756583
18	T	-0.294	0.01501517
19	T	0.443	0.0140645
20	A	-0.376	0.01989106
21	T	-0.013	0.07820083
22	T	-0.065	0.06516917
23	G	0.485	0.0775495
24	T	0.523	-0.0171225
25	T	0.283	-0.001337389
26	T	-0.400	-0.04552489
27	T	-0.182	-0.05755311
28	T	-0.408	-0.1521776
29	T	-0.234	-0.2202193
30	T	-0.410	-0.2402332
31	A	-0.173	-0.2223278
32	A	-0.365	-0.1911859
33	T	-0.088	-0.09297169
34	G	0.103	-0.06155766
35	G	-0.238	-0.01108758
36	A	0.097	0.05014287
37	G	0.474	0.12547
38	T	0.048	0.1152492
39	G	0.043	0.08152498
40	T	0.377	0.109754
41	T	0.312	0.07384499
42	G	-0.180	0.02393864
43	A	-0.200	0.07005028
44	T	0.015	0.1196733
45	T	-0.225	0.1374876
46	T	0.025	0.1142045
47	C	0.463	0.08655042
48	C	0.490	0.1558556
49	T	0.537	0.1379997
50	T	0.102	0.1561045
51	A	-0.429	0.1089775
52	C	0.423	0.03617354
53	A	-0.145	-0.04149879
54	T	-0.062	-0.1492059
55	A	-0.398	-0.1530263
56	A	-0.192	-0.1229723
57	A	-0.208	-0.2013154
58	T	-0.431	-0.2335917
59	T	0.068	-0.1936888
60	T	-0.158	-0.1980095
61	A	-0.281	-0.2126549
62	A	-0.436	-0.2302556
63	T	0.296	-0.2286146
64	T	-0.437	-0.2221416
65	G	-0.324	-0.2231569
66	T	-0.367	-0.1729242
67	A	-0.417	-0.1298093
68	A	0.126	-0.1643233
69	A	-0.168	-0.08166663
70	C	0.170	-0.01905474
71	A	-0.047	-0.0117193
72	T	-0.014	0.08992559
73	G	0.306	0.02449681
74	T	0.239	-0.001583633
75	A	-0.301	-0.03264574
76	C	0.497	-0.04538327
77	A	-0.462	-0.06389778
78	T	-0.402	-0.07329167
79	A	-0.108	-0.06531878
80	G	-0.162	0.01772289
81	G	-0.181	0.007988444
82	A	0.222	0.03937533
83	C	0.311	0.1158111
84	C	0.446	0.1217546
85	G	0.410	0.1862076
86	T	-0.179	0.1597886
87	G	0.285	0.1205233
88	A	-0.055	0.06961796
89	T	0.417	0.03298962
90	T	-0.418	-0.05646082
91	T	-0.131	-0.05624316
92	T	-0.146	-0.1349425
93	G	0.116	-0.1741374
94	A	-0.394	-0.2678411
95	A	-0.177	-0.275613
96	T	-0.423	-0.3144689
97	T	-0.408	-0.3519769
98	A	-0.425	-0.4122831
99	A	-0.488	-0.422935
100	A	-0.480	-0.4454432
101	A	-0.484	-0.4320548
102	A	-0.426	-0.4144318
103	A	-0.490	-0.3148008
104	A	-0.380	-0.2161507
105	T	-0.302	-0.1482272
106	A	-0.249	-0.1080584
107	C	0.470	-0.01353811
108	T	0.399	0.08435344
109	T	0.130	0.1610788
110	T	-0.122	0.2274993
111	G	0.424	0.3091101
112	G	0.390	0.2992303
113	G	0.310	0.234142
114	C	0.295	0.2568894
115	C	0.484	0.3185534
116	T	0.381	0.2968182
117	T	-0.186	0.2998348
118	C	0.335	0.3165569
119	G	0.432	0.3237259
120	G	0.228	0.2839554
121	C	0.417	0.2918239
122	C	0.460	0.3541361
123	T	0.359	0.289754
124	T	0.127	0.2035752
125	C	0.452	0.1817466
126	T	0.374	0.135379
127	T	-0.244	0.0915896
128	A	-0.343	0.03880116
129	G	0.032	0.07146504
130	T	0	0.03463493
 131	A	0.066	-0.01726029
132	G	-0.115	0.05554504
133	T	0.420	0.1170027
134	T	0.121	0.1084855
135	T	-0.092	0.101633
136	T	0.410	0.1320268
137	T	0.209	0.0988994
138	T	-0.044	0.1024546
139	T	-0.061	0.1031482
140	T	0.340	0.1081131
141	G	-0.413	0.05149276
142	T	0.452	0.001247867
143	T	0.127	0.04619442
144	T	-0.048	0.06721036
145	T	-0.098	0.0240582
146	G	-0.242	0.05704853
147	T	0.360	-0.001539122
148	T	0.127	0.03956621
149	T	-0.048	0.06237303
150	T	-0.116	0.05900463
151	G	-0.074	0.07147719
152	T	0.497	0.08508463
153	T	0.156	0.1268434
154	T	-0.128	0.1880403
155	T	-0.130	0.1922474
156	C	0.482	0.1529863
157	G	0.503	0.1032902
158	T	0.502	0.1187545
159	T	-0.078	0.08596553
160	T	-0.427	0.1547692
161	T	0.050	0.1047983
162	T	0.296	0.05381507
163	G	-0.424	-0.04962949
164	T	0.488	-0.08529412
165	T	0.032	-0.07481423
166	T	0.044	-0.1099996
167	T	-0.428	-0.1706976
168	G	-0.399	-0.1345347
169	A	-0.333	-0.1901545
170	T	-0.266	-0.1473171
171	A	-0.250	-0.1145826
172	C	-0.098	-0.04215592
173	G	-0.011	0.05009574
174	G	0.418	0.1373534
175	C	0.339	0.2181797
176	G	0.223	0.2029791
177	T	0.430	0.2478955
178	C	0.451	0.2933029
179	T	0.460	0.2796178
180	T	-0.386	0.2862361
181	G	0.305	0.2576966
182	C	0.396	0.2342254
183	T	0.295	0.2349453
184	C	0.398	0.233213
185	T	-0.033	0.3018889
186	G	0.219	0.3168647
187	T	0.458	0.3222733
188	C	0.445	0.3416156
189	G	0.231	0.313192
190	C	0.440	0.2932156
191	C	0.445	0.2130149
192	C	0.469	0.1162304
193	A	0.142	0.02970833
194	G	-0.213	-0.04640844
195	A	-0.502	-0.1392542
196	A	-0.412	-0.235954
197	A	-0.333	-0.344287
198	A	-0.453	-0.3720237
199	T	-0.395	-0.3502724
200	A	-0.424	-0.3419584
201	A	-0.505	-0.340673
202	A	-0.106	-0.3468193
203	C	-0.017	-0.3448595
204	A	-0.427	-0.3433275
205	A	-0.401	-0.3559013
206	A	-0.388	-0.343493
207	T	-0.436	-0.3787444
208	A	-0.381	-0.3632518
209	A	-0.537	-0.2994319
210	A	-0.394	-0.2020987
211	A	-0.424	-0.1104383
212	G	0.121	-0.035116
213	T	0.146	0.05596744
214	C	0.474	0.165276
215	T	0.436	0.2382597
216	T	0.241	0.2722821
217	C	0.438	0.2565359
218	C	0.445	0.2504023
219	T	0.262	0.2161559
220	C	-0.117	0.1415929
221	A	-0.019	0.09425997
222	G	0.091	0.0242593
223	C	0.166	-0.0621717
224	G	-0.234	-0.1487599
225	A	-0.184	-0.1916114
226	C	-0.191	-0.1738457
227	A	-0.331	-0.2159719
228	A	-0.516	-0.2682123
229	A	-0.503	-0.2643497
230	A	0.140	-0.2876724
231	G	-0.287	-0.2523037
232	C	-0.303	-0.1816588
233	A	-0.200	-0.1017647
234	A	-0.394	-0.03273367
235	A	0.126	-0.06179267
236	C	0.303	-0.04782556
237	G	0.202	0.009481556
238	C	0.117	0.08007778
239	A	-0.121	0.1726368
240	A	-0.162	0.2012802
241	G	0.212	0.1362206
242	C	0.435	0.1256092
243	C	0.438	0.1523594
244	C	0.384	0.2115897
245	G	-0.281	0.2821758
246	A	0.107	-
247	G	0.358	-
248	C	0.411	-
249	T	0.473	-
