1	T	-0.377	-
2	T	0.086	-
3	G	-0.174	-
4	T	0.492	-
5	T	0.268	0.1073743
6	T	0.123	0.125154
7	C	0.239	0.139038
8	T	-0.032	0.1714358
9	C	0.477	0.149741
10	T	-0.029	0.1002247
11	A	-0.199	0.1342047
12	T	0.225	0.1197354
13	C	0.149	0.1635877
14	C	0.275	0.1620069
15	A	-0.226	0.211181
16	T	0.463	0.2457569
17	C	0.095	0.1863918
18	T	0.405	0.1605111
19	C	0.461	0.1133824
20	C	0.462	0.1731152
21	T	0.146	0.1464256
22	A	-0.368	0.1446591
23	C	-0.109	0.09132437
24	A	-0.195	0.06719137
25	C	0.371	0.05528367
26	A	0.196	0.07602267
27	C	0.077	0.1420397
28	A	-0.127	0.1879054
29	G	0.219	0.2437897
30	C	0.343	0.2494838
31	C	0.353	0.2525213
32	A	0.292	0.2971802
33	G	0.349	0.3216424
34	G	0.362	0.3180304
35	C	0.427	0.2987735
36	C	0.226	0.2811248
37	A	0.524	0.2467271
38	C	0.117	0.1980771
39	A	0.183	0.184807
40	C	0.150	0.1733016
41	A	0.177	0.1174058
42	G	-0.051	0.08053577
43	G	-0.137	0.08830647
44	T	0.230	0.09735707
45	A	0.312	0.1156522
46	T	-0.332	0.06645417
47	G	0.155	0.0506561
48	G	0.194	0.0303418
49	A	0.274	0.0575112
50	C	0.333	-0.0036887
51	T	-0.314	0.0114458
52	A	-0.209	0.0392282
53	A	-0.340	0.02337953
54	C	0.501	0.03576493
55	A	-0.299	0.05186473
56	A	-0.180	0.1166603
57	C	0.433	0.120631
58	A	0.036	0.1201764
59	C	0.398	0.05449723
60	T	0.494	0.07455036
61	C	0.333	0.09264656
62	T	-0.170	0.08511956
63	A	-0.345	0.09523153
64	T	-0.154	0.09712043
65	G	-0.098	0.09131323
66	T	0	0.02662403
 67	G	0.357	-0.00383727
68	G	0.137	-0.01562187
69	C	0.417	-0.04152807
70	C	0.436	-0.0849401
71	T	-0.313	-0.0991823
72	A	-0.474	-0.1259869
73	A	-0.462	-0.1134088
74	A	-0.413	-0.1845191
75	A	-0.532	-0.2128935
76	A	-0.142	-0.1340239
77	C	0.089	-0.06992673
78	C	0.263	-0.05179363
79	A	-0.294	-0.05288523
80	A	0.152	-0.05039673
81	C	0.474	-0.05308363
82	C	0.166	-0.0738207
83	A	-0.281	-0.1152895
84	A	-0.424	-0.1260096
85	A	-0.507	-0.15536
86	T	-0.169	-0.1589972
87	C	-0.117	-0.1360965
88	A	-0.151	-0.0594281
89	A	-0.401	-0.01556521
90	G	-0.140	0.0252255
91	T	0.438	0.0310725
92	T	0.395	0.03918758
93	T	0.485	0.05434098
94	C	0.013	0.06283788
95	T	-0.099	0.09134338
96	A	-0.110	0.00171508
97	T	-0.036	-0.01232012
98	C	0	-0.03672232
 99	A	-0.316	-0.04609408
100	A	0.144	-0.06609739
101	G	-0.457	-0.08623889
102	G	0.254	-0.132463
103	C	0.241	-0.1654487
104	A	-0.079	-0.1512059
105	G	-0.299	-0.1826433
106	A	-0.312	-0.09300587
107	A	-0.498	-0.07580147
108	G	-0.329	-0.08819517
109	A	-0.173	-0.1248053
110	G	-0.170	-0.1326408
111	G	0.438	-0.09413408
112	C	0.426	-0.04132547
113	A	0.117	0.02874563
114	G	-0.445	0.07302803
115	G	-0.378	0.1249062
116	A	0.072	0.09587033
117	C	0.029	0.00440673
118	A	0.370	-0.02726317
119	G	0.268	0.01199064
120	C	0.348	0.03929244
121	C	0.148	-0.00076768
122	A	-0.487	-0.02637769
123	A	-0.199	-0.05379517
124	G	-0.053	-0.04057877
125	G	-0.105	-0.06078867
126	A	-0.327	-0.07560837
127	A	-0.226	0.01676163
128	T	0.096	-0.00332287
129	T	0.401	0.01654602
130	G	0.146	0.00584782
131	A	0	-0.01363278
 132	G	0.435	-0.04586228
133	C	-0.400	-0.1104607
134	A	0.145	-0.1686718
135	T	-0.212	-0.1913574
136	A	-0.522	-0.169591
137	A	-0.548	-0.1733806
138	A	-0.549	-0.1333452
139	G	-0.180	-0.1526506
140	G	-0.080	-0.1024132
141	A	0.217	-0.03154426
142	C	0.398	0.02678923
143	A	0	0.05272303
 144	C	-0.047	0.09411153
145	T	0.290	0.1338087
146	C	0.186	0.10164
147	T	0.034	0.06868382
148	A	-0.289	0.07920562
149	C	0.232	0.04170425
150	T	0.316	-0.00203315
151	G	-0.104	0.01601125
152	T	0.068	0.04047766
153	G	0.105	0.06258414
154	A	-0.422	0.06412884
155	G	-0.147	0.01592404
156	A	0.366	0.04402214
157	G	0.279	0.08338388
158	C	-0.068	0.1163241
159	T	0.248	0.1692469
160	A	-0.165	0.1787715
161	G	0.176	0.1433024
162	C	0.462	0.1008828
163	C	0.434	0.09430733
164	T	0.106	0.06149705
165	T	-0.051	0.03739875
166	G	0.011	0.03614055
167	A	-0.145	-0.01610173
168	T	-0.134	-0.02074883
169	T	-0.079	-0.01138253
170	T	-0.406	-0.01456591
171	G	0.164	-0.01694204
172	A	-0.060	-0.00434945
173	C	0.388	0.03157235
174	A	0.200	0.08632043
175	T	-0.083	0.1480174
176	G	-0.011	0.1123057
177	T	-0.019	0.1034577
178	G	0.224	0.03183051
179	T	0.467	-0.03062549
180	C	0.210	-0.07385696
181	A	-0.192	-0.09791491
182	G	-0.148	-0.0733421
183	G	-0.328	-0.1257326
184	A	-0.424	-0.1983259
185	A	-0.516	-0.1898243
186	A	-0.252	-0.1610989
187	C	0.226	-0.1333514
188	A	-0.299	-0.07081635
189	T	-0.258	0.01754395
190	A	0.295	0.1118598
191	C	0.094	0.1759437
192	G	0.128	0.1430447
193	A	0.297	0.1332394
194	C	0.459	0.131128
195	C	0.427	0.07047515
196	T	0.388	0.039685
197	C	-0.102	-0.021245
198	A	-0.397	-0.0671689
199	A	-0.279	-0.0676522
200	A	-0.310	-0.0607615
201	C	-0.213	-0.0551178
202	A	-0.480	-0.0005355
203	A	-0.162	0.0653991
204	T	0.454	0.0623204
205	C	0.495	0.0797379
206	T	0.444	0.1162908
207	T	0.443	0.1779401
208	C	0.261	0.2149056
209	A	-0.310	0.1947273
210	T	-0.136	0.1278712
211	A	0.152	0.0524998
212	C	0.135	-0.012219
213	A	0.207	-0.0872386
214	C	0.252	-0.0886557
215	A	-0.172	-0.06881275
216	A	-0.308	-0.1341567
217	T	-0.203	-0.1813998
218	G	-0.488	-0.2244258
219	A	-0.324	-0.2632786
220	A	0.061	-0.2771308
221	G	-0.501	-0.2940431
222	A	-0.336	-0.3228849
223	G	-0.222	-0.3074527
224	A	-0.136	-0.3127063
225	T	-0.311	-0.3368969
226	A	-0.478	-0.3038364
227	T	-0.492	-0.2982106
228	A	-0.333	-0.3085915
229	A	-0.376	-0.3404427
230	G	-0.180	-0.2854539
231	A	-0.170	-0.2191706
232	A	-0.280	-0.1917401
233	G	-0.326	-0.1476852
234	A	-0.454	-0.1182792
235	T	0.238	-0.1216471
236	T	0.184	-0.1456466
237	T	-0.217	-0.148179
238	G	0.106	-0.139625
239	G	-0.082	-0.05111722
240	T	-0.213	-0.05220112
241	A	-0.410	-0.05045812
242	A	-0.305	-0.01302042
243	T	-0.240	-0.03604062
244	C	0.430	-0.0510439
245	C	0.227	-0.0592243
246	A	0.202	-0.0043056
247	G	0.156	0.075118
248	G	-0.123	0.1428793
249	A	-0.232	0.1429715
250	A	-0.295	0.1302097
251	G	0.138	0.0910109
252	T	0.488	0.0254979
253	C	0.436	0.0230185
254	T	0.431	0.006629
255	C	0.100	0.067864
256	G	-0.189	0.05215348
257	A	-0.498	0.03049598
258	A	-0.148	0.04071308
259	A	-0.396	0.02513998
260	G	0.316	0.04674688
261	T	-0.018	0.05505028
262	T	0.271	0.09590152
263	C	0.538	0.09581512
264	T	0.275	0.09504702
265	T	0.316	0.03318242
266	C	-0.106	-0.00528516
267	A	-0.090	-0.01222566
268	G	-0.149	-0.07287753
269	A	-0.404	-0.07186143
270	A	-0.302	-0.139034
271	A	-0.403	-0.1621426
272	T	0.202	-0.1723047
273	G	-0.067	-0.1846335
274	T	0.285	-0.1018726
275	T	-0.355	-0.03308127
276	T	-0.337	0.00972162
277	A	-0.191	-0.00196781
278	A	-0.272	0.03399286
279	C	0.423	0.04941306
280	C	0.385	0.1076669
281	T	0.024	0.1868854
282	A	0.085	0.1721794
283	T	0.291	0.1776646
284	T	0.440	0.09385036
285	T	0.227	0.02675556
286	C	0.454	0.00332677
287	A	-0.338	0.0324832
288	A	-0.217	-0.0152297
289	A	-0.414	-0.0371572
290	A	-0.285	-0.0089532
291	A	-0.209	-0.0286793
292	T	0.377	-0.0049695
293	T	-0.185	-0.0050861
294	T	0.220	-0.0169736
295	T	0.509	-0.0353974
296	C	0.257	0.021703
297	A	-0.101	0.0278921
298	T	-0.218	0.0866065
299	T	-0.533	0.0875464
300	A	-0.469	0.0706688
301	C	0.361	0.0805929
302	T	0.439	0.1426048
303	C	0.402	0.2054411
304	T	0.230	0.3003241
305	G	0.340	0.3290281
306	C	0.356	0.3305555
307	G	0.518	0.2795293
308	C	0.409	0.2338615
309	A	0.415	0.1670169
310	C	-0.182	0.1073201
311	A	0.376	0.1094203
312	C	-0.071	0.06528087
313	T	-0.054	0.06789027
314	A	-0.438	0.06954777
315	T	-0.256	0.1252793
316	T	0.377	0.06766927
317	C	0.076	0.03323079
318	C	0.435	0.02440953
319	T	0.431	0.01971573
320	C	0.375	0.07961773
321	A	-0.199	0.02356883
322	T	-0.415	-0.0135574
323	T	-0.142	-0.1037189
324	A	-0.485	-0.174165
325	C	0.342	-0.2546884
326	A	-0.183	-0.2309402
327	G	-0.294	-0.1564868
328	A	-0.465	-0.1622301
329	A	-0.272	-0.07611208
330	A	-0.430	-0.06367248
331	G	0.038	-0.02576988
332	T	0.329	0.02987322
333	G	-0.200	0.03101932
334	C	0.376	0.01217292
335	T	0.466	0.06568842
336	C	0.195	0.072341
337	A	0.262	0.0133991
338	A	-0.454	0.02706839
339	T	-0.461	0.02001289
340	A	0.104	0.01844329
341	A	0.104	0.04587129
342	A	-0.260	0.06067309
343	C	-0.063	0.135817
344	T	0.305	0.1721558
345	T	0.451	0.1194336
346	C	0.470	0.08370048
347	T	0.410	0.09848138
348	G	0.296	0.1480222
349	T	-0.097	0.1391471
350	A	-0.422	0.1391246
351	T	-0.252	0.1444856
352	G	-0.112	0.06276649
353	C	0.431	-0.01478291
354	T	0.216	-
355	C	0.450	-
356	C	0.523	-
357	T	-0.407	-
358	A	-0.478	-
