1	G	0.196	-
2	T	0.399	-
3	C	0.441	-
4	C	0.433	-
5	A	0.356	-
6	C	0.379	-
7	T	0.454	-
8	G	-0.149	0.1991277
9	A	-0.151	0.2063869
10	T	0.258	0.2104702
11	C	0.517	0.1944404
12	A	-0.363	0.1871124
13	T	0.102	0.1664188
14	T	0.164	0.1356755
15	G	-0.053	0.092089
16	C	0.305	0.1161831
17	A	0.461	0.1310217
18	T	0.200	0.09445995
19	C	0.323	0.06611572
20	A	0.046	0.08331219
21	G	-0.081	0.04494852
22	T	-0.199	0.05080899
23	T	0.211	0.04019839
24	C	0.071	0.02876192
25	A	-0.289	-0.03537241
26	A	0.092	-0.04296904
27	C	-0.106	-0.06037945
28	T	-0.472	-0.04139429
29	A	0.252	-0.01188578
30	G	-0.212	0.02375322
31	G	0.133	-0.02274258
32	A	-0.500	-0.03901173
33	A	0.086	-0.04632753
34	G	0.062	-0.07978237
35	T	0.331	-0.0861343
36	C	0.361	-0.0781933
37	T	0.335	-0.1130808
38	G	-0.485	-0.09607264
39	A	-0.173	-0.08550471
40	A	-0.399	-0.02934164
41	G	-0.409	-0.00816308
42	A	-0.201	-0.0067486
43	A	-0.353	0.001343067
44	T	-0.271	-0.01877865
45	G	0.042	-0.04665495
46	C	0.292	-0.00419582
47	C	0.341	0.02707478
48	T	0.404	0.08229791
49	T	0.084	0.1415318
50	C	0.452	0.128675
51	A	0.059	0.1321168
52	T	-0.082	0.1205173
53	T	0.151	0.1463135
54	C	0.296	0.1221739
55	A	0.429	0.08787827
56	C	0.479	0.0817252
57	T	-0.394	0.06232106
58	A	-0.301	-0.00143514
59	A	-0.445	-0.01781989
60	T	0.429	-0.04816912
61	G	-0.069	-0.04678879
62	G	-0.172	-0.05324305
63	G	0.312	-0.06635419
64	A	-0.207	-0.1084727
65	A	-0.503	-0.07375852
66	A	-0.186	-0.07761245
67	A	-0.538	-0.05849485
68	G	0.171	-0.1020861
69	C	0.199	-0.1169873
70	A	0.232	-0.1241583
71	T	-0.152	-0.1510889
72	G	0.126	-0.1601499
73	A	-0.359	-0.1300743
74	T	-0.158	-0.1387788
75	G	-0.224	-0.1376355
76	A	-0.293	-0.1288466
77	T	-0.280	-0.1122642
78	T	-0.091	-0.102461
79	T	-0.342	-0.1000035
80	C	-0.052	-0.1106842
81	A	-0.316	-0.05858271
82	A	-0.520	-0.01850371
83	G	0.303	-0.02775411
84	C	0.447	-0.01308089
85	T	0.379	0.03550011
86	G	-0.115	0.02521722
87	A	-0.033	0.02575295
88	C	0.421	0.01044779
89	C	0.442	0.05277452
90	T	-0.363	0.12278
91	A	-0.073	0.1268482
92	C	0.448	0.1226201
93	A	-0.245	0.09885969
94	G	-0.334	0.09835123
95	A	-0.282	0.09299779
96	A	0.318	0.08677253
97	C	0.529	0.08601619
98	T	0.364	0.1053153
99	T	0.384	0.1413879
100	T	0.022	0.09140251
101	G	-0.123	0.1324808
102	T	-0.113	0.1830835
103	G	0.328	0.2121594
104	C	0.431	0.1996125
105	A	-0.073	0.1557778
106	T	0.467	0.1159059
107	C	-0.301	0.06824665
108	A	0.370	0.07543187
109	C	0.424	0.06231047
110	C	0.153	0.05835474
111	T	0.129	0.04593874
112	A	-0.128	0.001467407
113	C	-0.233	0.001579527
114	A	-0.330	-0.03704194
115	A	0.130	-0.04232887
116	C	-0.320	-0.06015421
117	A	-0.173	-0.07420361
118	T	0.142	-0.07464741
119	T	-0.235	-0.06461434
120	G	-0.072	-0.02982187
121	G	-0.111	0.004821127
122	C	-0.380	0.04617199
123	A	0.102	0.03347321
124	A	0.213	0.07819221
125	G	0.147	0.08974361
126	G	0.280	0.08748067
127	G	0.393	0.08038107
128	T	0.286	0.05169581
129	G	0.289	0.02476921
130	G	-0.059	0.01792435
131	C	0.350	-0.01817985
132	T	0	-0.06528279
 133	G	0.108	-0.1106997
134	A	-0.342	-0.1644895
135	G	-0.502	-0.1778376
136	A	-0.515	-0.1694317
137	A	-0.483	-0.1588102
138	G	-0.438	-0.1310112
139	A	-0.493	-0.1247418
140	A	-0.533	-0.1049086
141	A	-0.526	-0.1139121
142	G	0.193	-0.09483391
143	C	0.412	-0.09113878
144	T	0.449	-0.07755745
145	C	0.357	-0.05419911
146	T	0.444	0.00540762
147	C	0.297	0.04762369
148	C	-0.026	0.07481435
149	A	-0.056	0.09466995
150	A	-0.447	0.07135709
151	T	-0.311	0.03386149
152	A	-0.133	-0.004597447
153	C	0.455	-0.04675218
154	T	0.140	-0.06871718
155	T	-0.126	-0.101728
156	G	-0.228	-0.06555266
157	A	-0.156	-0.06309751
158	A	-0.150	-0.06803965
159	A	-0.127	-0.05800565
160	T	-0.275	-0.02573378
161	T	0.115	-0.08091505
162	A	-0.197	-0.1113753
163	T	0.515	-0.1110092
164	T	-0.019	-0.07421438
165	T	-0.521	-0.03504078
166	T	-0.161	-0.00589518
167	C	0.350	0.03031282
168	A	-0.372	0.07812375
169	A	-0.316	0.04459082
170	G	-0.120	0.07648875
171	T	0.323	0.06408942
172	C	0.431	0.05057933
173	A	0.287	0.0544824
174	C	0.415	0.03547993
175	T	0.442	-0.01393247
176	T	-0.387	-0.01986487
177	G	0.280	-0.02722807
178	C	0.329	0.003447667
179	A	-0.221	0.01017513
180	A	-0.462	0.001226
181	A	-0.446	0.0135346
182	T	-0.390	0.01814413
183	A	-0.461	-0.02205253
184	A	-0.427	-0.02951093
185	T	0.339	-0.04213411
186	C	0.424	-0.06953234
187	T	0.296	-0.06395081
188	G	0.471	-0.01658914
189	C	0.484	0.005478127
190	T	-0.160	0.05916759
191	T	-0.499	0.08231586
192	A	0.091	0.1153574
193	C	-0.081	0.07691901
194	T	-0.138	0.05168807
195	G	0.247	0.0093312
196	G	-0.115	-0.03990427
197	G	0.415	-0.09624667
198	A	-0.114	-0.1144941
199	G	0.068	-0.1105971
200	G	-0.237	-0.136986
201	A	0.045	-0.1173494
202	A	-0.338	-0.1131436
203	G	-0.266	-0.1067904
204	G	-0.360	-0.09177757
205	A	-0.434	-0.1384866
206	A	-0.441	-0.1582872
207	A	-0.304	-0.1725383
208	C	0.213	-0.1693914
209	A	-0.075	-0.1621018
210	G	0.343	-0.1105174
211	C	0.109	-0.06645857
212	A	-0.285	-0.01394531
213	G	-0.411	0.02457823
214	A	-0.145	0.06364303
215	A	-0.189	0.06181349
216	C	0.155	0.03747036
217	G	0.435	0.05145393
218	C	0.394	0.0218888
219	T	0.427	-0.01963553
220	T	0.143	-0.002791607
221	C	0.144	0.03035778
222	T	-0.331	0.05641198
223	G	-0.151	0.08360265
224	A	0.134	0.09235191
225	G	-0.100	0.08779845
226	A	-0.512	0.08905218
227	G	-0.032	0.08931058
228	G	0.086	0.08514926
229	T	0.245	0.05338666
230	C	0.217	0.05814513
231	T	0.286	0.05687613
232	G	0.367	0.05964699
233	G	0.412	0.07700506
234	T	0.431	0.1040289
235	G	0.080	0.08901013
236	T	-0.331	0.05585088
237	G	-0.260	0.04092657
238	T	-0.170	0.05133084
239	T	0.176	0.06071804
240	C	0.159	0.06747244
241	C	-0.107	0.07203797
242	A	-0.258	0.02892951
243	A	-0.411	-0.0006981733
244	T	0.021	-0.01391437
245	C	0.374	-0.03016357
246	A	0.427	-0.03069004
247	C	0.468	-0.05787597
248	C	0.481	-0.08283297
249	T	-0.215	-0.09793084
250	A	-0.363	-0.09054104
251	T	-0.530	-0.09296964
252	A	-0.504	-0.1306901
253	G	-0.178	-0.182922
254	A	-0.231	-0.1838957
255	G	-0.214	-0.192928
256	A	-0.334	-0.2023477
257	G	-0.147	-0.1570394
258	A	-0.447	-0.1261245
259	A	-0.544	-0.07803273
260	A	-0.409	-0.04442067
261	C	0.412	-0.0247522
262	C	0.332	-0.002695147
263	A	0.340	-0.0005798133
264	C	0.464	-0.01043201
265	A	0.100	-0.03351255
266	G	0.191	-0.03215548
267	G	0	-0.02731461
 268	A	0.116	-0.02486681
269	C	0.099	-0.08310741
270	T	-0.182	-0.1292561
271	A	-0.481	-0.1874299
272	A	-0.493	-0.2307389
273	A	-0.427	-0.2627698
274	A	-0.471	-0.2912235
275	A	-0.372	-0.3230141
276	T	-0.461	-0.3553769
277	A	-0.359	-0.3942787
278	A	-0.532	-0.4097277
279	A	-0.185	-0.4005523
280	T	-0.380	-0.394151
281	G	-0.235	-0.3964545
282	A	-0.476	-0.3862943
283	A	-0.368	-0.3699168
284	T	-0.484	-0.3658095
285	A	-0.414	-0.3740077
286	A	-0.344	-0.3491209
287	A	-0.397	-0.3367487
288	T	-0.461	-0.3165804
289	A	-0.319	-0.2714898
290	A	-0.127	-0.2120164
291	A	-0.399	-0.1636085
292	A	-0.482	-0.1179132
293	A	-0.159	-0.06793429
294	T	0	-0.06430789
 295	G	-0.077	-0.04684343
296	C	0.440	-0.03490969
297	C	0.415	0.00725284
298	C	0.357	0.009128647
299	A	0.201	0.01473491
300	G	0.335	0.06968518
301	G	-0.289	0.07737748
302	A	-0.135	0.084036
303	G	-0.282	0.1180048
304	T	0.313	0.06434723
305	T	-0.098	0.02159116
306	A	-0.315	-0.02864224
307	C	0.341	-0.03951773
308	A	-0.043	-0.08639813
309	G	0.099	-0.06832844
310	C	0.431	-0.03070291
311	A	-0.363	0.008919293
312	A	-0.226	0.01901656
313	G	-0.396	0.04521302
314	T	0.038	0.07229182
315	A	-0.367	0.06028429
316	T	-0.018	0.09245085
317	G	0.428	0.0667874
318	C	0.311	0.05107547
319	A	0.464	0.06317867
320	T	0.294	0.06083113
321	C	0.090	0.0619716
322	T	0.161	0.03398642
323	T	0.438	0.03038922
324	T	-0.285	0.03431019
325	T	0.196	-0.01848401
326	T	-0.182	-0.01089475
327	G	-0.261	-0.02056861
328	T	-0.379	-0.01380568
329	T	-0.381	0.01237425
330	A	-0.421	0.03176552
331	A	0.040	0.03281559
332	A	-0.363	0.07153145
333	T	0.425	0.04444945
334	T	0.319	0.06484592
335	T	0.395	0.1063637
336	T	0.483	0.1030523
337	C	0.452	0.1392065
338	T	0.454	0.1486609
339	T	0.295	0.1216279
340	T	-0.210	0.1277027
341	C	0.123	0.08151533
342	A	0.361	0.07803813
343	T	-0.428	0.03330027
344	G	0.160	-0.00373924
345	A	-0.280	-0.06586591
346	T	-0.365	-0.1232433
347	G	-0.271	-0.1600665
348	A	-0.267	-0.1803948
349	C	0.267	-0.1787622
350	A	-0.275	-0.2393949
351	C	-0.072	-0.2136331
352	A	-0.479	-0.2426164
353	A	-0.406	-0.2205871
354	A	-0.256	-0.1700767
355	A	-0.515	-0.1433848
356	C	0.148	-0.1459797
357	A	-0.548	-0.1922276
358	A	-0.042	-0.1956979
359	G	-0.274	-0.2184391
360	G	0.050	-0.2219115
361	A	0.392	-0.219529
362	C	0.128	-0.1909259
363	T	-0.306	-0.1326235
364	A	-0.426	-0.1461475
365	A	-0.327	-0.1245971
366	A	-0.413	-0.1403317
367	A	-0.531	-0.1361003
368	A	-0.370	-0.1429313
369	T	0.172	-0.1690799
370	G	0.359	-0.1957442
371	T	-0.054	-0.2067866
372	T	-0.224	-0.2079495
373	T	-0.278	-0.2212817
374	G	-0.210	-0.1846272
375	C	-0.052	-0.1419852
376	A	0	-0.09755846
 377	A	-0.271	-0.1150272
378	G	-0.472	-0.1202718
379	A	-0.443	-0.1482848
380	A	-0.527	-0.1669269
381	A	0.136	-0.1307336
382	C	0.108	-0.1261638
383	C	0.295	-0.1265934
384	A	-0.089	-0.1482289
385	C	0.280	-0.1301278
386	A	-0.475	-0.08479526
387	A	-0.504	-0.03119866
388	G	0.264	-0.009900327
389	G	-0.142	-0.04510019
390	T	-0.058	-0.08267086
391	G	-0.324	-0.08346133
392	A	0	-0.06848016
 393	T	0.207	-0.1127107
394	C	0.360	-0.09732583
395	T	-0.208	-0.08647903
396	A	-0.391	-0.1033664
397	A	-0.455	-0.08533051
398	T	0.283	-0.08039863
399	C	0.135	-0.06670269
400	A	-0.382	-0.05533669
401	G	-0.244	-0.07623363
402	A	-0.341	-0.08872309
403	A	0.011	-0.07026381
404	C	0.128	-0.06593027
405	T	0.015	-0.06580241
406	T	-0.119	-0.1041353
407	A	0.170	-0.1406275
408	G	-0.105	-0.1151182
409	C	0.172	-0.1333468
410	T	0.068	-0.1162035
411	A	-0.326	-0.1105263
412	A	-0.453	-0.1471024
413	A	-0.291	-0.1760188
414	A	-0.412	-0.1560821
415	T	0	-0.1388366
 416	T	-0.517	-0.1019252
417	A	-0.084	-0.1248675
418	C	0.096	-0.1496289
419	A	-0.420	-0.09790659
420	A	-0.418	-0.07085369
421	A	0.179	-0.07045849
422	T	0.429	-0.04721
423	C	0.448	-0.0656464
424	T	-0.171	-0.03248911
425	G	-0.302	-0.05592344
426	A	0.449	-0.07158165
427	C	-0.047	-0.06503545
428	A	-0.285	-0.04245493
429	A	-0.063	-0.08269113
430	T	-0.276	-0.1455051
431	G	-0.020	-0.2028778
432	A	-0.436	-0.2099881
433	A	-0.138	-0.1898099
434	T	-0.322	-0.1926408
435	A	-0.079	-0.1597338
436	A	-0.423	-0.1065612
437	A	-0.513	-0.08746379
438	A	-0.412	-0.03769572
439	T	-0.277	-0.0009740133
440	T	0	0.05544779
 441	C	0.407	0.03980765
442	C	0.446	0.03940992
443	C	0.512	0.01889567
444	T	0.222	0.020746
445	A	0.469	0.02787653
446	C	0.530	0.03923073
447	T	0.410	0.06785513
448	T	-0.373	0.041458
449	A	-0.327	-0.008040533
450	A	-0.387	-0.06394847
451	T	-0.395	-0.07369293
452	A	-0.406	-0.07811573
453	A	-0.242	-0.07542267
454	A	0.151	-0.116721
455	T	-0.395	-0.1677979
456	A	-0.335	-0.174282
457	A	-0.392	-0.1792173
458	T	0.366	-0.181546
459	T	0.156	-0.1792226
460	C	0.510	-0.174479
461	T	-0.088	-0.1818872
462	A	-0.355	-0.2083774
463	G	-0.470	-0.153269
464	A	-0.401	-0.1180178
465	A	-0.422	-0.09184929
466	A	-0.360	-0.1444697
467	T	-0.334	-0.186422
468	A	-0.353	-0.2471661
469	A	-0.245	-0.2736178
470	G	0.430	-0.2836127
471	C	0.193	-0.2793265
472	T	0	-0.2811698
 473	G	-0.423	-0.2645211
474	A	-0.472	-0.2283803
475	T	-0.400	-0.1750581
476	A	-0.485	-0.1315149
477	A	-0.505	-0.09025333
478	T	-0.406	-0.1090508
479	A	-0.429	-0.1375631
480	A	-0.172	-0.1740211
481	T	0.181	-0.1681745
482	C	0.464	-0.1262305
483	G	0.299	-0.0702922
484	C	0.372	-0.008794867
485	C	0.148	0.0552018
486	A	-0.234	0.1150867
487	A	-0.546	0.1210965
488	A	-0.335	0.1032462
489	G	0.156	0.0650504
490	C	0.438	0.02957123
491	T	0.436	0.04174976
492	C	0.454	0.02487749
493	A	0.492	0.04451803
494	G	-0.339	0.07071889
495	T	-0.440	0.09568076
496	A	-0.391	0.1039214
497	G	-0.067	0.06824803
498	T	0.482	0.01101036
499	C	0.119	-0.04636904
500	A	0.443	-0.08106465
501	T	0.158	-0.1303376
502	T	-0.172	-0.09165211
503	C	-0.211	-0.05019545
504	A	-0.378	5.495333e-05
505	A	-0.420	0.004540193
506	A	-0.424	-0.02635501
507	A	-0.066	-0.06545054
508	T	-0.247	-0.08925817
509	G	0.240	-0.1134601
510	G	0.181	-0.1104038
511	G	0.361	-0.1047072
512	C	0	-0.09764024
 513	A	0.019	-0.08556304
514	A	-0.466	-0.08320544
515	C	0.086	-0.1070744
516	A	-0.204	-0.1108374
517	G	-0.126	-0.1073851
518	T	-0.126	-0.0911359
519	A	-0.272	-0.0837567
520	A	-0.239	-0.06030537
521	T	-0.388	-0.08750383
522	A	-0.424	-0.08130577
523	A	-0.303	-0.1004537
524	T	0.292	-0.08417731
525	T	0.425	-0.04613478
526	C	0.472	-0.02152965
527	A	0.351	-0.002190767
528	T	-0.388	0.03855843
529	A	-0.373	0.07021251
530	T	-0.201	0.1182374
531	A	0.039	0.1672501
532	C	0.444	0.1703166
533	C	0.242	0.1412399
534	T	0.017	0.1025635
535	A	0.372	0.1077748
536	G	0.086	0.1487163
537	G	0.296	0.1813275
538	C	0.431	0.1916299
539	C	0.338	0.1751351
540	T	-0.010	0.1102859
541	A	-0.107	0.06035426
542	T	0.429	0.03063491
543	C	0.225	0.005079573
544	T	0.115	0.01994196
545	T	-0.046	0.02786963
546	T	-0.207	0.02961709
547	A	-0.528	0.009601333
548	A	-0.506	-0.01502161
549	G	-0.428	-0.02296341
550	T	-0.011	-0.05298282
551	T	0.309	-0.07583829
552	C	0.414	-0.05077495
553	C	0.457	-0.02820905
554	A	0.038	-0.02582978
555	T	-0.380	-0.01052585
556	T	-0.226	-0.007648247
557	A	-0.020	-0.01363438
558	T	-0.117	-0.006761653
559	T	0.491	-0.03857765
560	C	0.292	-0.09584919
561	A	-0.171	-0.1552029
562	A	-0.299	-0.1864808
563	G	-0.462	-0.159793
564	A	-0.518	-0.1361883
565	A	0.091	-0.1471245
566	G	-0.168	-0.1496127
567	G	-0.444	-0.2089225
568	A	-0.432	-0.235494
569	A	-0.430	-0.2395051
570	A	0.020	-0.2343388
571	C	0.127	-0.1797255
572	T	-0.184	-0.1159212
573	A	-0.154	-0.09064731
574	G	-0.398	-0.04802065
575	T	-0.106	-0.004488047
576	A	-0.232	0.03482035
577	T	-0.221	0.05989986
578	T	0.356	0.04745591
579	C	0.438	0.03398787
580	T	0.470	0.03474941
581	C	0.471	0.05493814
582	A	0.208	0.04481381
583	C	0.157	0.04605591
584	T	-0.054	0.05740389
585	T	-0.166	0.06242449
586	T	-0.074	0.05047423
587	A	-0.172	0.01704641
588	T	0.147	-0.003275393
589	T	-0.549	-0.02970982
590	T	-0.087	-0.06416309
591	T	-0.061	-0.06313049
592	T	-0.146	-0.06975746
593	T	0.176	-0.08486479
594	T	-0.062	-0.1010044
595	C	0.166	-0.1225464
596	T	0.074	-0.1387907
597	G	-0.307	-0.06887959
598	A	0.172	-0.04310903
599	A	-0.154	-0.006931807
600	T	-0.393	0.007195273
601	G	-0.316	-0.02823493
602	A	-0.496	-0.04204217
603	A	-0.095	-0.07550337
604	T	0.498	-0.1059814
605	C	0.298	-0.1084225
606	T	0.480	-0.1215519
607	A	0.065	-0.1097259
608	G	-0.354	-0.04872561
609	A	-0.269	0.00563786
610	A	-0.335	0.06648626
611	A	-0.382	0.04382895
612	A	-0.344	-0.01915358
613	T	-0.024	-0.04685211
614	A	0.023	-0.1067534
615	C	0.521	-0.1293434
616	T	0.498	-0.1270607
617	T	0.416	-0.1428587
618	T	-0.435	-0.1496197
619	A	-0.446	-0.1497167
620	T	-0.116	-0.1512059
621	A	-0.417	-0.1747118
622	G	-0.273	-0.1974615
623	A	-0.320	-0.2619392
624	T	-0.506	-0.3292334
625	A	-0.437	-0.3570085
626	A	-0.383	-0.3146312
627	G	-0.366	-0.2579257
628	A	-0.376	-0.2204775
629	A	-0.317	-0.1673127
630	T	-0.445	-0.1205565
631	A	-0.510	-0.1207647
632	T	0	-0.0605488
 633	G	0.200	-0.0001540667
634	T	0.404	0.04871567
635	C	0.444	0.0702056
636	C	0.379	0.08221053
637	A	0.428	0.08614027
638	C	-0.323	0.1071819
639	T	0.396	0.1098955
640	C	0.468	0.07546553
641	T	0.349	0.03697547
642	T	-0.044	-0.009056133
643	G	-0.196	-0.06898927
644	C	-0.258	-0.1216404
645	A	-0.129	-0.1467748
646	A	-0.469	-0.09656093
647	A	-0.516	-0.09632153
648	A	-0.377	-0.1090592
649	G	-0.285	-0.1355973
650	A	-0.454	-0.1533533
651	T	-0.410	-0.1322689
652	A	0.051	-0.09714173
653	C	0.429	-0.0620622
654	C	0.400	-0.03073313
655	A	0.277	-0.0093396
656	G	-0.048	0.02884553
657	T	-0.310	0.0648352
658	G	0.119	0.1243716
659	G	0.267	0.1609398
660	C	0.396	0.1830259
661	A	0	0.1570276
 662	A	-0.195	0.1618537
663	G	0.195	0.1461632
664	C	0.253	0.1662752
665	T	0.438	0.1697578
666	T	0.138	0.1317169
667	C	0.382	0.08114818
668	A	0.039	0.01850671
669	G	0.472	0.00208718
670	T	0.042	-0.01667509
671	G	0.252	-0.05713462
672	T	-0.258	-0.1095538
673	G	-0.451	-0.1388149
674	A	-0.490	-0.1230476
675	A	-0.543	-0.1600402
676	A	-0.246	-0.1852905
677	G	-0.476	-0.2415264
678	A	-0.411	-0.2611815
679	G	-0.532	-0.2915075
680	A	0	-0.2557946
 681	C	0.374	-0.1971973
682	A	-0.172	-0.1341584
683	A	-0.338	-0.06808627
684	G	-0.370	-0.03455353
685	T	-0.252	0.008205933
686	A	-0.202	0.0653382
687	T	0.277	0.1188185
688	C	0.427	0.141266
689	C	0.454	0.1389487
690	A	0.447	0.1351375
691	T	0.256	0.1645663
692	G	0.164	0.1784477
693	T	0.445	0.1788219
694	G	0.269	0.2002444
695	T	0.336	0.2027742
696	C	0.340	0.1878341
697	A	-0.229	0.1683128
698	G	0.102	0.1536276
699	A	-0.162	0.126486
700	T	-0.246	0.1275762
701	G	0.119	0.09883295
702	A	0.314	0.04534095
703	C	0.203	0.04690502
704	A	0.162	0.05099695
705	G	0.227	0.09317922
706	A	-0.150	0.09585129
707	G	0.180	0.1135128
708	T	0.014	0.165764
709	T	-0.532	0.1427268
710	G	0.360	0.1134593
711	C	0.401	0.1067013
712	C	0.403	0.08108749
713	A	0.142	0.04031869
714	C	0.102	0.02633422
715	T	0.536	0.003783887
716	G	-0.226	-0.0139692
717	A	-0.124	0.001486933
718	T	0.102	-0.01478547
719	T	-0.222	-0.0102038
720	T	-0.383	-0.04269422
721	A	-0.360	-0.08193829
722	T	-0.157	-0.120562
723	T	-0.251	-0.1539886
724	A	-0.300	-0.1648721
725	G	0.116	-0.1819733
726	C	0.470	-0.2212282
727	A	-0.084	-0.1874659
728	A	-0.446	-0.1632333
729	A	-0.477	-0.1196062
730	T	0.035	-0.07860992
731	T	-0.389	-0.08141199
732	G	-0.380	-0.03094652
733	A	-0.486	-0.02298012
734	A	0.284	-0.02260379
735	C	-0.020	0.001555233
736	T	0.294	0.008485767
737	T	0.457	0.008427433
738	T	-0.293	-0.03040155
739	T	0.456	-0.03956675
740	G	0.235	-0.02846509
741	C	0.475	-0.02833409
742	T	0.278	-0.01578689
743	T	-0.342	-0.04258027
744	T	-0.478	-0.09533387
745	A	-0.546	-0.1572391
746	A	-0.527	-0.1698219
747	G	-0.214	-0.2274909
748	A	-0.484	-0.2720626
749	G	0.472	-0.3288094
750	A	-0.422	-0.3276418
751	A	-0.497	-0.2763514
752	A	-0.471	-0.2111843
753	A	-0.482	-0.1450034
754	A	-0.408	-0.0785774
755	A	-0.432	-0.03224353
756	A	-0.375	-0.02165353
757	C	0.295	-0.0815986
758	T	0.427	-0.07419767
759	T	0.499	-0.06254307
760	C	0.445	-0.01837767
761	T	0.469	0.04049013
762	C	0.480	0.0995368
763	A	-0.325	0.1587167
764	A	-0.426	0.2083372
765	A	-0.311	0.1543363
766	A	-0.322	0.1568401
767	T	0.191	0.1535145
768	C	0.400	0.1099894
769	T	0.476	0.05290973
770	G	0.454	-0.006035
771	T	0.369	0.01074304
772	A	-0.514	0.01194504
773	T	0.464	0.003603507
774	C	0.449	-0.007673293
775	T	-0.207	-0.05258689
776	G	-0.386	-0.1075739
777	A	-0.403	-0.1551716
778	T	-0.073	-0.1812728
779	A	-0.408	-0.1921439
780	A	-0.436	-0.1415204
781	A	-0.491	-0.1490142
782	T	-0.482	-0.1809819
783	T	-0.424	-0.1687104
784	A	-0.237	-0.1146477
785	A	0.063	-0.05734195
786	C	0.205	-0.01760666
787	C	0.244	0.01731461
788	C	0.352	0.05103671
789	A	-0.029	0.1036101
790	G	-0.023	0.1448564
791	T	0.424	0.1476226
792	C	0.456	0.1373011
793	C	0.522	0.1283543
794	T	0.115	0.1019212
795	T	0.069	0.05179077
796	C	0.297	0.01595063
797	A	0.136	0.02700299
798	T	-0.382	0.0557669
799	G	-0.391	0.06268877
800	A	-0.071	0.06328563
801	A	-0.190	0.04998263
802	C	-0.507	0.04653489
803	A	-0.185	0.04551141
804	C	0.135	-0.00417972
805	C	0.408	-0.04366812
806	A	0.527	-0.05184532
807	T	0.465	-0.05978759
808	T	0.322	-0.07916505
809	T	0.063	-0.07785945
810	C	0.054	-0.05564712
811	A	-0.448	-0.01173339
812	A	-0.455	-
813	A	-0.505	-
814	A	-0.510	-
815	A	-0.361	-
816	G	-0.170	-
817	A	-0.173	-
818	C	0.473	-
