1	G	-0.237	-
2	A	-0.359	-
3	A	-0.328	-
4	G	-0.382	-
5	T	-0.324	-
6	T	-0.416	-
7	A	-0.491	-
8	A	-0.222	-
9	G	0.133	-
10	T	-0.300	-
11	G	-0.129	-
12	A	-0.105	-
13	T	-0.157	-
14	G	-0.168	-
15	T	0.255	-
16	C	0.223	-
17	C	0.432	-
18	C	0.414	-
19	T	0.339	-
20	G	-0.094	-
21	T	0.268	-
22	T	-0.037	-0.06823212
23	T	-0.520	-0.0598765
24	G	0.197	-0.04935433
25	C	0.379	-0.03489703
26	A	0.246	-0.01755136
27	G	0.201	-0.0122559
28	T	0.012	0.004877684
29	G	-0.071	0.0242265
30	T	0.452	0.03958322
31	C	0.088	0.04630485
32	A	-0.093	0.06320947
33	A	0.172	0.05828529
34	T	-0.240	0.05275306
35	G	-0.297	0.04907854
36	A	-0.390	0.04525789
37	G	-0.355	0.04294452
38	A	-0.513	0.04561357
39	T	0.177	0.03834782
40	T	-0.063	0.02666438
41	G	-0.307	0.01407759
42	A	-0.483	0.02480732
43	G	0.163	0.0245569
44	G	0.121	0.03416557
45	G	0.092	0.0549968
46	C	0.293	0.06022324
47	T	0.363	0.05964501
48	T	-0.097	0.06351264
49	G	0.320	0.0691498
50	G	0.340	0.07907417
51	G	0.438	0.09008337
52	C	0.422	0.08338941
53	T	0.426	0.08928008
54	T	-0.341	0.08290157
55	G	-0.343	0.06748564
56	A	-0.315	0.06095639
57	A	-0.332	0.06007146
58	C	0.156	0.05689239
59	C	0.338	0.06932385
60	C	0.119	0.08801692
61	A	-0.088	0.0943126
62	A	-0.201	0.1028004
63	C	0.367	0.1123488
64	C	0.257	0.1331333
65	T	0.375	0.1395146
66	T	0.374	0.1394126
67	C	0.421	0.1409844
68	T	0.354	0.1270701
69	C	0.412	0.1227916
70	C	0.443	0.130861
71	C	0.439	0.1261739
72	T	0.401	0.1250375
73	C	0.164	0.1108145
74	C	0.342	0.08907907
75	A	-0.367	0.07432465
76	A	-0.490	0.08453965
77	A	-0.521	0.09018635
78	T	-0.335	0.1032453
79	A	-0.526	0.1217243
80	G	0.179	0.1185093
81	C	0.290	0.1071984
82	C	0.448	0.09451655
83	T	0.301	0.09386053
84	G	0.102	0.1070884
85	C	0.410	0.1033717
86	T	0.438	0.1001253
87	C	0.117	0.08123209
88	T	0.160	0.068138
89	T	-0.304	0.04871965
90	T	0.179	0.04302537
91	C	0.249	0.03438254
92	T	0.118	0.01892747
93	G	0.291	0.003931958
94	T	-0.173	-0.01584948
95	T	-0.512	-0.03012244
96	A	-0.208	-0.03525632
97	T	0.097	-0.02351776
98	G	-0.100	-0.01064498
99	T	0.246	0.008174767
100	C	0.462	0.0117586
101	A	0.017	0.02583117
102	T	-0.148	0.02898387
103	G	-0.425	0.0204243
104	T	-0.116	0.0114174
105	T	0.366	0.01215837
106	T	0.207	0.01818112
107	C	0.118	0.01558774
108	A	-0.436	0.01161612
109	T	-0.188	0.00980083
110	A	-0.413	0.01238446
111	T	0.109	0.0288192
112	A	0.041	0.03270299
113	C	-0.220	0.03718813
114	A	-0.205	0.04520046
115	A	-0.448	0.04473895
116	G	-0.449	0.04526939
117	T	0.121	0.05222837
118	T	0.137	0.05881659
119	T	0.062	0.05505391
120	G	0.287	0.05803085
121	G	-0.181	0.05911238
122	G	0.078	0.05720259
123	A	0.314	0.06931079
124	G	-0.077	0.07219303
125	C	0.061	0.07811003
126	C	0.333	0.0873805
127	T	0.361	0.07107406
128	C	0.298	0.0713694
129	C	0.267	0.06368847
130	A	0.039	0.06884724
131	G	0.271	0.07258038
132	C	0.401	0.0783162
133	C	0.346	0.06883743
134	C	0.442	0.07141465
135	T	0.463	0.07173698
136	G	0.271	0.0699587
137	A	-0.150	0.0725586
138	C	-0.213	0.07835867
139	T	0.075	0.07064328
140	A	-0.064	0.07002605
141	T	0.027	0.06031777
142	C	0.292	0.0538698
143	C	0.380	0.06676964
144	C	0.538	0.0633389
145	A	-0.024	0.0510205
146	A	-0.171	0.05740369
147	C	0.282	0.05971774
148	A	-0.334	0.05793213
149	T	0.219	0.05615369
150	A	-0.212	0.05364913
151	T	-0.214	0.05203897
152	A	-0.027	0.06238847
153	C	-0.166	0.06677968
154	A	-0.297	0.05535571
155	A	0.152	0.04943902
156	C	-0.206	0.03317986
157	A	-0.282	0.01724672
158	T	-0.337	0.001523884
159	A	-0.199	0.003915105
160	A	-0.210	-0.0009563605
161	T	0.110	0.003840186
162	G	-0.354	-0.00147394
163	T	0.010	0.0006678
164	A	0.373	0.001066614
165	T	-0.069	0.002718358
166	A	-0.214	-0.0004143395
167	T	0.196	0.01131447
168	G	0.160	0.02238505
169	T	0.256	0.012923
170	T	0.285	0.0235897
171	G	0.191	0.01327633
172	T	0.198	0.009927326
173	C	0.484	0.01582143
174	T	0.460	0.02059424
175	T	-0.089	0.03221694
176	T	0.092	0.04897229
177	G	-0.256	0.04771388
178	G	-0.221	0.04227537
179	A	-0.404	0.03652765
180	A	-0.047	0.05680033
181	A	-0.422	0.06995949
182	T	0.281	0.07516991
183	A	-0.292	0.08412896
184	T	0.119	0.08285814
185	C	0.309	0.07737493
186	T	0.451	0.06011567
187	T	0.403	0.05221303
188	C	0.480	0.05416969
189	T	0.304	0.04389057
190	G	-0.124	0.0379313
191	T	0.124	0.02460272
192	G	-0.223	0.02077486
193	A	-0.356	0.0266424
194	A	0.038	0.0293357
195	G	0.177	0.0191048
196	G	0.333	-2.590233e-05
197	C	0.422	-0.008531793
198	C	0.097	-0.02100981
199	A	-0.440	-0.005053388
200	A	-0.529	0.008648402
201	G	0.534	0.02669838
202	C	0.365	0.0378272
203	A	0.013	0.04102362
204	T	0.496	0.02323646
205	T	-0.409	0.01855965
206	T	-0.225	0.01578667
207	A	-0.368	0.01187639
208	A	-0.409	-0.003807167
209	T	-0.130	-0.01099514
210	A	-0.245	-0.03173504
211	T	-0.095	-0.04493807
212	T	-0.316	-0.04577677
213	A	0.120	-0.0551093
214	C	0.443	-0.05773442
215	A	0.314	-0.0529387
216	G	0.044	-0.05320377
217	G	-0.362	-0.06425914
218	A	-0.455	-0.06389145
219	A	-0.444	-0.06871919
220	A	0.429	-0.0709975
221	C	0.367	-0.05115309
222	C	0.371	-0.04015209
223	T	0.430	-0.04952579
224	T	-0.285	-0.05614186
225	G	-0.483	-0.04813267
226	A	-0.493	-0.05550553
227	A	0	-0.03998826
 228	G	0.141	-0.0249216
229	T	-0.223	-0.01061079
230	G	0.094	-0.005031302
231	G	-0.411	0.002030419
232	A	-0.262	0.01678393
233	T	-0.160	0.02587869
234	A	-0.276	0.0301971
235	T	-0.336	0.02914463
236	G	-0.149	0.02250653
237	G	0.027	0.01462301
238	A	-0.297	0.01584767
239	A	0.349	0.02838214
240	G	0.215	0.04955653
241	C	0	0.06900695
 242	T	0.412	0.07019044
243	T	-0.056	0.0723929
244	G	0.131	0.05433821
245	G	0.081	0.03413574
246	C	0.358	0.02865844
247	A	0.179	0.031516
248	G	0.257	0.04216939
249	C	0.422	0.04894357
250	C	0.246	0.0528109
251	A	-0.169	0.06504669
252	G	0.173	0.07010903
253	C	0.389	0.08464557
254	T	0.295	0.09477973
255	T	-0.131	0.09735082
256	G	0.075	0.1050654
257	G	0.158	0.1216853
258	A	-0.024	0.1337584
259	T	0.097	0.1424825
260	C	0.176	0.1513541
261	T	0.455	0.1525763
262	T	0.392	0.1411261
263	C	0.480	0.1350292
264	C	0.462	0.1179137
265	T	-0.404	0.1282225
266	A	-0.437	0.1363367
267	A	-0.520	0.1433566
268	G	-0.360	0.1458704
269	A	-0.035	0.1451293
270	G	0.291	0.1423085
271	C	0.307	0.1324797
272	C	0.302	0.131785
273	T	0.312	0.1371718
274	C	0.213	0.1337344
275	T	0.172	0.1212291
276	T	-0.050	0.1193349
277	T	0.054	0.1220767
278	C	0.378	0.1244507
279	C	0.369	0.1308474
280	T	0.402	0.1206165
281	T	0.083	0.1099407
282	C	0.401	0.09959561
283	A	-0.277	0.09215163
284	T	-0.262	0.08426557
285	A	-0.323	0.08425133
286	C	0.387	0.07694933
287	C	0.480	0.09869645
288	A	0.383	0.1124942
289	T	0.466	0.1304425
290	C	0.147	0.1471732
291	T	0.136	0.1572953
292	T	0	0.1519922
 293	C	0.216	0.1501143
294	A	0.062	0.1443264
295	G	0.025	0.1298486
296	A	-0.148	0.1175704
297	T	0.214	0.1229763
298	T	-0.013	0.1283784
299	G	0.177	0.1370506
300	T	0.433	0.1275577
301	T	-0.464	0.1174685
302	A	-0.361	0.1081078
303	T	-0.268	0.09416614
304	T	0.135	0.07291012
305	C	0.053	0.06915714
306	C	0.479	0.08083995
307	G	0.148	0.09525005
308	T	0.530	0.09249621
309	G	0.155	0.08574488
310	A	0.251	0.07799641
311	C	0.358	0.06265723
312	A	0.399	0.05237413
313	T	0.063	0.05107758
314	C	0.227	0.05719793
315	T	0.053	0.06072082
316	T	-0.310	0.05962523
317	A	-0.314	0.06028597
318	T	0.405	0.06552228
319	C	0.181	0.05100256
320	T	0.427	0.04481664
321	A	-0.029	0.03442536
322	C	-0.064	0.03522794
323	T	0	0.05596643
 324	T	-0.515	0.07278089
325	A	-0.512	0.0896481
326	A	-0.438	0.08913996
327	G	0.240	0.09159943
328	C	0.296	0.07018543
329	A	0.268	0.05711733
330	G	0.190	0.0328227
331	C	0.050	0.01897647
332	T	-0.193	0.01812708
333	A	-0.294	0.01069759
334	A	0.080	-0.002964572
335	C	0.263	-0.003599884
336	C	0.368	-0.005303163
337	C	0.015	-0.01504917
338	A	0.053	-0.005664853
339	T	0.076	-0.005958342
340	G	-0.410	-0.0258566
341	A	-0.279	-0.04106923
342	G	-0.269	-0.06067183
343	G	0.467	-0.06704493
344	C	0.426	-0.07098197
345	A	0.361	-0.06197199
346	T	0.457	-0.05412471
347	C	0.113	-0.0434837
348	C	0.158	-0.0365758
349	A	-0.440	-0.03155849
350	A	-0.413	-0.03965181
351	A	-0.514	-0.05550263
352	A	-0.440	-0.06311137
353	C	0.214	-0.05316346
354	A	0.039	-0.03918704
355	G	-0.187	-0.03627497
356	A	0.035	-0.02952947
357	G	0.153	-0.03136263
358	A	-0.365	-0.0481376
359	G	0.093	-0.04409452
360	A	-0.327	-0.0445744
361	A	-0.450	-0.03561145
362	A	-0.472	-0.01939061
363	A	-0.415	-0.006543986
364	A	-0.303	0.0007697907
365	A	-0.233	-0.005336279
366	C	0.387	-0.01189437
367	A	-0.178	-0.02490453
368	G	-0.054	-0.03507024
369	A	-0.141	-0.04147899
370	G	0.455	-0.05730878
371	T	-0.051	-0.05082031
372	G	-0.412	-0.04426824
373	A	-0.137	-0.02809522
374	A	0.477	-0.01000285
375	C	0.407	-0.01188836
376	A	-0.169	-0.02296632
377	T	0.370	-0.01545022
378	T	0.184	-0.0206068
379	T	-0.352	-0.03474526
380	T	0.189	-0.03507775
381	G	0.033	-0.04244705
382	C	0.462	-0.03276677
383	C	0.287	-0.02052825
384	T	0.273	-0.00282423
385	T	0.045	0.01696437
386	A	0.205	0.02264614
387	T	0.144	0.03847181
388	G	-0.198	0.0305189
389	G	0.019	0.02328286
390	A	-0.162	0.01447852
391	A	-0.521	0.008570523
392	T	-0.161	-0.0114639
393	T	-0.132	-0.01407497
394	G	0.181	-0.005509286
395	T	0.337	0.008295086
396	C	0.133	-0.006255379
397	A	-0.436	-0.01713241
398	A	0.135	-0.01677909
399	A	-0.185	-0.01483492
400	A	-0.454	-0.01783262
401	G	-0.379	-0.003219274
402	T	-0.223	-0.01142686
403	T	0.088	-0.02109456
404	G	0.076	-0.02557293
405	C	0.289	-0.02951644
406	G	0.435	-0.03389635
407	G	-0.059	-0.03716527
408	T	0.446	-0.04538532
409	C	0.045	-0.06012953
410	G	-0.489	-0.05703874
411	A	-0.433	-0.06722371
412	A	-0.395	-0.07129831
413	A	-0.405	-0.05754733
414	C	-0.164	-0.04597133
415	A	-0.044	-0.03538163
416	C	0.456	-0.03009702
417	A	-0.147	-0.04341321
418	G	-0.060	-0.05292449
419	G	-0.154	-0.05462005
420	C	0.454	-0.06938498
421	A	0.055	-0.07118086
422	A	0.275	-0.07191102
423	G	-0.163	-0.05866691
424	A	-0.382	-0.05490675
425	T	0.269	-0.04810163
426	T	0.117	-0.04051408
427	T	0.084	-0.04647228
428	G	-0.095	-0.05189042
429	G	-0.148	-0.04547668
430	A	-0.489	-0.0566263
431	A	-0.065	-0.0489893
432	G	-0.418	-0.02712674
433	A	-0.337	-0.008152923
434	A	0.069	0.007789891
435	T	0.335	0.02771694
436	C	0.323	0.04388277
437	T	0.408	0.03620241
438	G	-0.234	0.02334762
439	T	-0.275	0.03089625
440	A	-0.509	0.04316621
441	A	-0.499	0.0550587
442	T	-0.263	0.04759949
443	G	-0.485	0.04291052
444	A	0.190	0.03792472
445	G	-0.061	0.0347046
446	C	0.381	0.03242802
447	C	0.402	0.01452102
448	A	0.032	-0.000373307
449	G	0.202	-0.01204912
450	G	0.216	-0.008682805
451	G	-0.032	0.004525847
452	C	0.373	0.02026757
453	C	0.450	0.03250432
454	A	0.382	0.04311706
455	G	0.289	0.03964847
456	T	0.451	0.03931079
457	T	0.531	0.03713958
458	T	-0.374	0.03793837
459	T	-0.096	0.03621135
460	C	0.176	0.0400479
461	C	0.467	0.03565788
462	T	0.356	0.04317918
463	A	0.133	0.05734067
464	G	-0.146	0.06565323
465	T	0.061	0.08300535
466	T	-0.302	0.08210737
467	A	-0.480	0.07505187
468	T	-0.500	0.05590287
469	A	-0.522	0.04180238
470	G	-0.417	0.03601544
471	A	0.049	0.02630184
472	G	0.419	0.02710275
473	C	0.187	0.0275149
474	C	0.460	0.0238696
475	T	0.038	0.02321123
476	A	-0.486	0.01836386
477	G	0.054	0.02134283
478	G	0.242	0.01958577
479	C	0.357	0.01384549
480	T	0.334	0.02897546
481	G	-0.069	0.0229636
482	G	-0.464	0.00760516
483	A	-0.186	-0.01164028
484	G	0.109	-0.03084914
485	G	0.094	-0.02945956
486	A	0.260	-0.03001344
487	G	0.151	-0.03825918
488	G	-0.365	-0.02456734
489	T	-0.441	-0.003183665
490	A	-0.203	0.01128117
491	C	-0.215	0.03046099
492	A	-0.214	0.03426643
493	T	0.250	0.03311719
494	G	-0.015	0.02649058
495	G	0.217	0.01522914
496	G	0.422	-0.003489558
497	C	0.174	-0.008871902
498	T	0.418	-0.001292856
499	G	0.375	-0.008932437
500	G	0.284	-0.02260148
501	G	0.275	-0.02906016
502	G	-0.354	-0.03382778
503	A	-0.483	-0.02960025
504	A	-0.360	-0.008694433
505	G	-0.469	0.002233242
506	G	0.193	0.01095536
507	A	-0.169	0.004111888
508	G	-0.293	-0.01239139
509	A	0.286	-0.01095313
510	G	0.438	0.007667191
511	G	0.121	0.02795349
512	G	0.301	0.04338745
513	A	-0.253	0.05182675
514	A	0	0.06050512
 515	T	0.134	0.0469834
516	T	-0.296	0.03522291
517	A	-0.344	0.02646075
518	G	-0.193	0.01392433
519	A	-0.160	0.01776205
520	G	-0.273	0.01718533
521	A	-0.345	0.01869498
522	T	0.079	0.02243549
523	T	0.129	0.01952537
524	G	0.112	0.02499372
525	G	0.434	0.04577684
526	C	0.283	0.06504489
527	T	0.484	0.08543207
528	G	-0.199	0.07694951
529	T	-0.449	0.07715651
530	T	0.213	0.08160112
531	C	0.435	0.08014633
532	C	0.430	0.07733984
533	T	0.459	0.08566456
534	G	0.146	0.08307635
535	G	0.158	0.09620179
536	A	-0.330	0.09650347
537	A	-0.520	0.09542222
538	A	-0.159	0.1067659
539	C	-0.116	0.1248843
540	T	0.339	0.1394123
541	C	0.393	0.1461175
542	T	0.440	0.150245
543	C	0.445	0.1485338
544	T	0.150	0.1500338
545	G	-0.119	0.1467775
546	C	0.410	0.1498085
547	C	0.468	0.1485559
548	T	0.407	0.149587
549	G	-0.171	0.1396742
550	T	-0.161	0.1379062
551	A	-0.102	0.1415465
552	C	0.224	0.1414124
553	T	0.318	0.1401111
554	C	0.479	0.1392626
555	C	0.190	0.1386767
556	A	0.310	0.1339031
557	T	0.012	0.1307417
558	G	0.088	0.127921
559	G	0.191	0.1325932
560	C	0.434	0.1369695
561	C	0.431	0.1490297
562	T	0.127	0.1502994
563	G	-0.096	0.1514743
564	A	-0.418	0.1506551
565	G	0.144	0.1390948
566	T	-0.010	0.1244216
567	C	0.242	0.1164827
568	C	0.380	0.09747813
569	C	0.327	0.07927583
570	A	0.058	0.05784192
571	G	-0.275	0.07209792
572	G	-0.292	0.08615794
573	A	0.207	0.09825331
574	C	0.379	0.08636513
575	C	0.393	0.07196576
576	T	0.434	0.05825545
577	G	-0.058	0.04483203
578	G	0.022	0.03047734
579	A	-0.452	0.0223117
580	A	-0.319	0.007976977
581	G	0.028	-0.005172093
582	C	0.401	-0.02179777
583	G	0.393	-0.03876493
584	G	0.443	-0.04226747
585	C	0.405	-0.03879109
586	T	-0.051	-0.031411
587	G	-0.480	-0.03773105
588	A	-0.460	-0.04524999
589	A	-0.407	-0.04528869
590	A	-0.314	-0.05208459
591	A	-0.514	-0.05740118
592	T	0.441	-0.05783022
593	C	0.443	-0.04140998
594	T	0.417	-0.02639217
595	G	-0.287	-0.02285126
596	A	-0.300	-0.02402089
597	G	-0.110	-0.03002047
598	A	-0.386	-0.02990236
599	T	-0.306	-0.01950248
600	A	-0.338	-0.01796583
601	T	-0.528	-0.01720611
602	A	-0.374	-0.01930046
603	G	-0.280	-0.01137964
604	A	-0.298	-0.01820185
605	A	-0.022	-0.03174569
606	G	0.053	-0.03954122
607	A	-0.101	-0.04635008
608	G	-0.127	-0.04085822
609	A	-0.334	-0.02380094
610	C	0.240	-0.0076551
611	T	0.088	0.008704784
612	G	0.099	0.01412637
613	G	0.039	0.03394321
614	T	0.430	0.03033286
615	G	0.353	0.027282
616	C	0.359	0.01150005
617	T	0.329	0.02128388
618	G	0.135	0.03655147
619	C	0.439	0.02777421
620	C	0.388	0.028817
621	T	0.088	0.02323712
622	T	-0.419	0.03300174
623	T	-0.409	0.05003307
624	C	0.369	0.05012621
625	T	0.108	0.05866808
626	G	-0.188	0.06446676
627	G	0.108	0.06499616
628	G	0.112	0.05393109
629	G	0.184	0.04541958
630	A	0.253	0.05186425
631	G	0.233	0.06944639
632	G	0.296	0.07378186
633	G	-0.081	0.08129972
634	C	0.337	0.08705333
635	T	0.286	0.09553976
636	T	0.312	0.07636937
637	G	-0.260	0.08007786
638	G	0.133	0.06232625
639	G	0.355	0.04981295
640	A	-0.487	0.0361469
641	A	-0.341	0.02082174
642	A	-0.546	0.005289088
643	A	0.081	0.01333351
644	C	0.204	0.026434
645	A	-0.370	0.04647826
646	G	0.087	0.0414336
647	C	-0.048	0.0426454
648	A	0	0.05162472
 649	A	-0.422	0.043948
650	G	-0.467	0.05160872
651	T	0.149	0.05210228
652	T	0.421	0.0564547
653	C	0.427	0.05258194
654	C	0.411	0.03589957
655	C	0.346	0.03297884
656	T	0.404	0.02681961
657	G	-0.394	0.02894126
658	A	0.512	0.02581996
659	A	-0.403	0.03188659
660	T	-0.208	0.02646579
661	T	-0.451	0.01190109
662	T	-0.219	0.0147199
663	T	-0.279	0.01240253
664	T	0.434	0.01560716
665	C	0.143	0.002015533
666	C	0.452	-0.01479982
667	A	0.152	-0.005632384
668	T	0.160	-0.01069918
669	G	0.197	0.000473714
670	G	-0.221	0.004715249
671	C	0.442	0.01568418
672	A	0.205	0.03699839
673	C	0.440	0.03654527
674	A	0.066	0.02301881
675	G	-0.420	0.01786883
676	G	-0.206	0.0058489
677	A	0.073	-0.006597216
678	G	0.377	-0.02024417
679	C	0.178	-0.01483305
680	A	0	-0.02341901
 681	G	-0.099	-0.009779286
682	A	-0.270	0.005017993
683	T	-0.366	0.02328392
684	G	-0.441	0.03562511
685	A	-0.408	0.04692253
686	A	-0.502	0.03934341
687	A	-0.518	0.04474892
688	T	0.024	0.03582447
689	G	-0.130	0.03911222
690	T	0.431	0.03820952
691	C	0.182	0.03459435
692	A	0.049	0.03093545
693	T	0.449	0.0214278
694	G	0.130	0.02647155
695	A	-0.159	0.0214935
696	T	0.205	0.02718858
697	T	-0.104	0.04635953
698	G	-0.188	0.05142027
699	G	-0.182	0.04854145
700	T	-0.161	0.04526929
701	G	0.143	0.03146673
702	T	0.182	0.03044447
703	C	0.427	0.02221967
704	C	0.333	0.03700841
705	A	0.311	0.05395562
706	G	0.206	0.07148115
707	G	0.108	0.09112511
708	C	0.376	0.1143073
709	T	0.068	0.1280554
710	A	0.293	0.1163941
711	G	0.121	0.1153612
712	T	0.042	0.09996799
713	G	-0.378	0.1001434
714	G	0.033	0.109118
715	A	0.422	0.1049597
716	C	0.226	0.1113069
717	T	0.311	0.1258059
718	G	0.403	0.1330045
719	A	0.010	0.1305455
720	G	-0.050	0.1361011
721	T	0.237	0.1298299
722	T	-0.415	0.1429581
723	A	-0.043	0.1466063
724	A	-0.453	0.1519787
725	C	0.365	0.1524519
726	T	0.362	0.1549685
727	C	0.312	0.1523497
728	C	0.436	0.1543257
729	C	0.494	0.1503765
730	G	0.072	0.1513016
731	A	-0.477	0.1548835
732	G	-0.175	0.1580778
733	A	-0.230	0.1528038
734	G	0.189	0.1600078
735	T	0.435	0.1783651
736	C	0.270	0.1793501
737	C	0.403	0.1802259
738	C	0.463	0.1786831
739	T	0.515	0.1703629
740	G	-0.210	0.166128
741	T	0.050	0.1629945
742	A	-0.451	0.1631309
743	C	0.403	0.1500315
744	T	0.300	0.1508373
745	C	0.413	0.1425511
746	T	0.447	0.1520728
747	C	0.442	0.1520134
748	C	0.198	0.1393969
749	A	0.291	0.1198701
750	G	-0.061	0.1066429
751	C	0.416	0.1038244
752	A	0.222	0.1102659
753	T	0.430	0.1116024
754	G	-0.105	0.1122597
755	G	0.351	0.1074365
756	C	0.410	0.101077
757	A	0.075	0.08486744
758	C	0.459	0.08930221
759	G	0.159	0.08563221
760	A	-0.046	0.07342327
761	G	0.221	0.05122458
762	G	-0.123	0.04472125
763	A	-0.044	0.04354921
764	G	-0.326	0.05698021
765	A	-0.380	0.05301138
766	A	-0.400	0.05201131
767	G	-0.043	0.04900228
768	C	0.362	0.03705301
769	A	-0.180	0.02964933
770	A	-0.527	0.02562204
771	A	-0.132	0.01883773
772	C	0.372	0.008633812
773	C	0.349	-0.008236491
774	A	-0.419	-0.0209811
775	T	-0.146	-0.0404607
776	T	-0.437	-0.05046903
777	T	-0.083	-0.06571305
778	T	-0.261	-0.06560496
779	C	0.460	-0.06316798
780	C	0.245	-0.07281903
781	T	-0.061	-0.08186273
782	A	-0.439	-0.08558794
783	T	-0.490	-0.08746261
784	G	0	-0.09383429
 785	C	0.125	-0.1046385
786	A	0.232	-0.1063022
787	G	0.257	-0.0995309
788	C	0.284	-0.086916
789	C	-0.065	-0.07946106
790	A	0.123	-0.09325385
791	T	0.025	-0.08345945
792	A	0	-0.06078157
 793	G	-0.500	-0.05170594
794	G	-0.309	-0.05101952
795	A	-0.325	-0.06521013
796	A	-0.406	-0.06550764
797	A	-0.535	-0.06699855
798	A	-0.303	-0.06827985
799	C	0.415	-0.07617114
800	G	0.180	-0.0803654
801	G	0.044	-0.09661968
802	T	-0.228	-0.1034024
803	A	-0.206	-0.09284637
804	C	0.140	-0.07273553
805	A	-0.397	-0.05714579
806	A	-0.509	-0.052141
807	A	-0.397	-0.05506262
808	C	-0.089	-0.06208017
809	A	0.142	-0.05782315
810	C	0.276	-0.05415155
811	G	-0.230	-0.05324397
812	A	0.241	-0.05726839
813	C	0.447	-0.06869056
814	A	0.257	-0.07986821
815	C	0.402	-0.077402
816	T	-0.261	-0.06428821
817	G	-0.432	-0.05257674
818	A	-0.210	-0.03703077
819	A	-0.492	-0.01682358
820	A	-0.422	-0.006393719
821	T	-0.442	-0.02053058
822	T	-0.237	-0.03207251
823	C	-0.046	-0.03751251
824	A	0.392	-0.02366602
825	G	0.425	-0.01561867
826	C	0.180	-0.0124672
827	T	0.215	0.0057714
828	G	0	0.01761747
 829	A	-0.069	0.03709684
830	C	0.440	0.03619622
831	C	0.442	0.04133627
832	G	-0.026	0.03701782
833	C	-0.049	0.03480603
834	A	-0.465	0.01838712
835	A	-0.480	0.01318952
836	G	-0.394	0.01768122
837	A	0.254	0.01865998
838	G	0.177	0.02001473
839	C	0.261	0.02587645
840	T	0.333	0.02360368
841	T	0.144	0.04071043
842	G	-0.192	0.05907452
843	A	-0.315	0.07193301
844	T	-0.188	0.07611291
845	G	0.366	0.08129403
846	G	0.139	0.07773903
847	T	0.276	0.07036342
848	C	0.386	0.07081175
849	A	0	0.057323
 850	G	0.439	0.04555993
851	T	-0.128	0.04520437
852	G	0.363	0.03761498
853	T	0.091	0.03308121
854	G	-0.325	0.02608222
855	A	-0.464	0.02723114
856	G	0.224	0.02867663
857	C	0.450	0.03804136
858	C	0.444	0.04946002
859	A	-0.202	0.04026258
860	G	-0.180	0.04595421
861	A	-0.308	0.04100049
862	T	0.242	0.04098259
863	G	0.366	0.03062005
864	G	0.110	0.02904214
865	A	-0.058	0.02570803
866	G	0.176	0.02014031
867	C	0.239	-0.0007672279
868	A	0.108	-0.01660325
869	G	0.199	-0.0175102
870	G	-0.364	-0.01977002
871	A	-0.505	-0.009361716
872	A	-0.084	-0.01578083
873	C	0.114	-0.01023848
874	A	0.247	-0.0175809
875	T	-0.327	-0.02147032
876	G	0	-0.006092202
 877	T	-0.403	0.01601638
878	A	-0.077	0.00440496
879	T	0.096	-0.01690448
880	G	-0.140	-0.03483571
881	G	0.422	-0.03640185
882	A	0.048	-0.03793834
883	T	0.332	-0.02995679
884	G	-0.300	-0.03618845
885	G	-0.260	-0.04989394
886	A	-0.459	-0.05196046
887	A	-0.428	-0.0406599
888	A	-0.532	-0.03476753
889	A	-0.541	-0.031287
890	C	0.237	-0.02534009
891	C	0.289	-0.02326518
892	C	0.447	-0.01221453
893	A	0.163	-0.003050786
894	G	0.109	0.005155207
895	A	0.047	-0.009853979
896	T	-0.076	-0.00678977
897	C	0.335	0.01168818
898	C	0.485	0.02132807
899	A	-0.275	0.03768095
900	A	-0.465	0.04405129
901	A	-0.326	0.04592267
902	G	-0.270	0.05883702
903	T	-0.246	0.04269505
904	T	0.034	0.03681534
905	C	-0.025	0.03698358
906	A	-0.222	0.05399262
907	T	0.021	0.0668396
908	C	0.427	0.08777225
909	C	0.429	0.1056981
910	C	0.389	0.1297513
911	C	0.364	0.1521779
912	C	0.288	0.1504153
913	T	0.110	0.1391184
914	C	-0.111	0.1267045
915	T	0.268	0.1238084
916	C	-0.531	0.1152897
917	C	0.379	0.1055907
918	C	0.466	0.1088946
919	G	0.414	0.1016026
920	T	0.299	0.09183816
921	G	0.195	0.09228183
922	G	0.177	0.1031071
923	A	0.414	0.1099675
924	T	-0.271	0.1196446
925	G	-0.204	0.1326874
926	C	0.339	0.1408201
927	T	0.430	0.1509907
928	C	0.291	0.1644466
929	C	0.440	0.170102
930	A	0.342	0.1548263
931	G	0.501	0.1360995
932	C	0.423	0.1143031
933	A	0.161	0.1150735
934	C	-0.196	0.1118848
935	A	-0.086	0.1181828
936	T	0.039	0.115451
937	T	-0.256	0.1071436
938	G	-0.369	0.1101676
939	C	0.065	0.09676624
940	A	0.022	0.0929722
941	A	0.065	0.08395218
942	G	-0.255	0.08674411
943	G	0	0.08417369
 944	T	-0.031	0.07915805
945	T	0.146	0.06765196
946	T	0.314	0.08455984
947	C	0.384	0.09965391
948	C	0.412	0.1015082
949	C	0.356	0.1015344
950	A	0.265	0.1014276
951	G	-0.229	0.08974861
952	A	-0.375	0.0930994
953	A	-0.547	0.08532906
954	A	0.397	0.0668008
955	C	0.151	0.05568287
956	T	0.381	0.05295522
957	T	-0.229	0.05136688
958	A	-0.089	0.056943
959	G	-0.401	0.05246649
960	A	-0.197	0.07133847
961	G	0.303	0.07340675
962	G	0.026	0.06835093
963	C	0.419	0.06504937
964	A	0.085	0.06339262
965	A	-0.038	0.05606195
966	C	-0.080	0.05862658
967	C	0.455	0.05710632
968	T	0.444	0.05927334
969	T	0.419	0.05459478
970	G	0.431	0.03829255
971	G	0.287	0.02588611
972	C	-0.061	0.01555678
973	A	0.486	0.01376818
974	C	0.167	0.01668946
975	A	-0.373	0.0198518
976	A	-0.316	-0.001313986
977	G	-0.313	-0.01460154
978	G	-0.154	-0.02793866
979	A	0.279	-0.02410866
980	C	-0.448	-0.01171452
981	A	0.441	0.0063339
982	T	0.154	0.007633365
983	G	-0.195	0.0005737605
984	A	-0.076	-0.009295084
985	T	-0.327	-0.008407851
986	T	-0.315	-0.005652456
987	T	0.078	-0.007766605
988	G	0.080	0.003940488
989	T	0.407	-0.003788884
990	T	0.183	-0.01413702
991	G	-0.288	-0.01568847
992	G	-0.177	-0.02307016
993	A	-0.179	-0.02115202
994	A	-0.306	-0.01119814
995	A	-0.249	-0.02791077
996	T	-0.411	-0.02503121
997	T	-0.512	-0.0113668
998	A	-0.419	0.0009469256
999	A	-0.192	0.01380425
1000	G	-0.064	0.02029744
1001	T	0.443	0.01801367
1002	T	0.374	0.01878218
1003	T	-0.141	0.01876534
1004	T	0	0.02345813
 1005	G	-0.397	0.03586023
1006	T	0.457	0.0299012
1007	C	0.203	0.02760067
1008	A	-0.129	0.02694299
1009	C	0.423	0.01983672
1010	C	0.123	0.01864897
1011	T	0	0.01634369
 1012	G	0.352	0.001878872
1013	G	0.114	0.0009421977
1014	G	0.369	0.0002348953
1015	G	0.366	-0.005215174
1016	G	-0.232	0.0007616698
1017	A	0.291	0.002887972
1018	C	0.213	0.003326251
1019	T	0.212	0.00409074
1020	G	0.239	0.004821437
1021	C	0.124	0.005576647
1022	G	0.180	0.009704153
1023	A	-0.415	0.01039618
1024	G	0.441	0.0103802
1025	C	0.356	0.005227665
1026	T	0.338	5.964186e-05
1027	T	-0.332	0.001734386
1028	G	-0.426	-0.009654728
1029	A	-0.343	-0.02340629
1030	T	-0.226	-0.02300452
1031	A	0.029	-0.03823219
1032	C	0.308	-0.0457027
1033	G	-0.438	-0.05174905
1034	G	-0.328	-0.06873729
1035	A	-0.207	-0.08120894
1036	A	-0.413	-0.1006589
1037	A	-0.049	-0.1158851
1038	T	-0.158	-0.1205277
1039	T	-0.392	-0.1365132
1040	A	-0.480	-0.1511535
1041	A	-0.388	-0.1670298
1042	T	-0.159	-0.1850978
1043	T	0.112	-0.1965595
1044	C	0.473	-0.2091378
1045	A	0.374	-0.2085145
1046	G	-0.362	-0.2182765
1047	T	-0.222	-0.2183968
1048	T	-0.325	-0.2172833
1049	A	-0.031	-0.2077679
1050	T	-0.387	-0.1885917
1051	A	-0.112	-0.1699257
1052	T	-0.231	-0.1575732
1053	A	-0.198	-0.1558444
1054	A	-0.259	-0.1630121
1055	T	-0.377	-0.1511875
1056	T	-0.421	-0.1447778
1057	A	-0.466	-0.1323106
1058	T	-0.288	-0.131369
1059	A	-0.431	-0.1189906
1060	A	-0.396	-0.109689
1061	A	-0.415	-0.09909149
1062	A	-0.469	-0.08339728
1063	A	-0.537	-0.06484912
1064	T	-0.368	-0.06726152
1065	G	-0.359	-0.07583312
1066	A	-0.388	-0.08309047
1067	T	0.021	-0.102313
1068	G	0.351	-0.09192592
1069	C	0.385	-0.08142913
1070	A	0.076	-0.08000927
1071	C	0.398	-0.06754092
1072	T	0.459	-0.06749532
1073	T	0.304	-0.06997341
1074	T	0.103	-0.06270298
1075	C	0	-0.05598927
 1076	T	0.069	-0.04251213
1077	A	-0.053	-0.02381132
1078	C	0.328	-0.02200269
1079	A	-0.372	-0.01960713
1080	C	0.483	-0.01650967
1081	A	0.241	-0.01738899
1082	T	0.062	-0.01426455
1083	C	0.194	-0.005622823
1084	T	0.409	0.006235233
1085	G	-0.263	0.02515191
1086	A	-0.255	0.0327698
1087	T	0.161	0.05190215
1088	T	-0.452	0.07149669
1089	T	0.083	0.07990657
1090	T	0.229	0.07792785
1091	G	-0.264	0.0634901
1092	T	0.504	0.05124599
1093	G	-0.385	0.03308206
1094	A	-0.218	0.01307062
1095	A	0.080	0.002205853
1096	C	0.090	0.009702807
1097	C	0.319	0.01210737
1098	C	0.426	0.0062666
1099	A	-0.344	0.009083577
1100	A	-0.363	0.01255472
1101	A	-0.154	0.03106481
1102	T	-0.469	0.02955351
1103	T	-0.261	0.02940497
1104	A	-0.043	0.026145
1105	G	0.040	0.01558133
1106	T	0.275	-0.00229874
1107	T	-0.040	0.01161605
1108	T	0.462	0.0290418
1109	C	0.453	0.016265
1110	C	0.383	0.03721049
1111	A	0.266	0.0360555
1112	C	-0.234	0.03784062
1113	A	-0.449	0.04929857
1114	A	-0.382	0.0466015
1115	C	-0.401	0.0658839
1116	G	-0.162	0.0632855
1117	C	0.426	0.05453061
1118	A	0.103	0.06155616
1119	A	-0.181	0.06450888
1120	C	0.067	0.06475727
1121	T	0.477	0.0719999
1122	G	0.422	0.08876581
1123	T	0.418	0.1005847
1124	G	0.235	0.1207188
1125	T	-0.077	0.1368646
1126	T	-0.259	0.1435688
1127	A	-0.359	0.1447185
1128	A	0.334	0.1404202
1129	C	0.493	0.1516625
1130	A	-0.387	0.1359827
1131	T	0.448	0.1203383
1132	T	0.034	0.1099289
1133	T	0.305	0.1041382
1134	G	0.228	0.1067424
1135	C	0.388	0.1087718
1136	C	0.443	0.1220286
1137	A	-0.330	0.1410453
1138	A	-0.295	0.1402692
1139	C	0.392	0.1413991
1140	C	0.446	0.1472615
1141	T	0.437	0.1577973
1142	C	-0.032	0.1624003
1143	T	0.357	0.1454031
1144	G	0.353	0.1347705
1145	G	0.396	0.1357186
1146	G	0.432	0.1311939
1147	G	0.244	0.1424672
1148	C	0.089	0.1564458
1149	A	0.090	0.1654243
1150	A	0.442	0.1565472
1151	C	-0.211	0.135919
1152	A	-0.219	0.1351002
1153	T	-0.064	0.1237536
1154	T	0.017	0.132364
1155	G	-0.122	0.1163204
1156	G	-0.362	0.1074384
1157	T	0.187	0.09769192
1158	T	0.416	0.09270127
1159	G	-0.196	0.09635852
1160	T	0.474	0.09669099
1161	C	0.355	0.08024052
1162	T	0.271	0.06254013
1163	T	0.265	0.05404781
1164	T	-0.253	0.04678337
1165	G	-0.034	0.0404653
1166	T	0.459	0.03610072
1167	T	0.040	0.02157067
1168	G	0.407	0.02100121
1169	C	0.341	0.02376128
1170	T	0.026	0.02669199
1171	T	-0.046	0.02410878
1172	T	-0.393	0.005118898
1173	T	-0.422	-0.002093986
1174	T	-0.039	0.001804119
1175	T	0.404	0.006742751
1176	C	-0.383	0.01525826
1177	T	-0.153	0.02817947
1178	A	-0.030	0.04620233
1179	G	0.229	0.04629538
1180	A	-0.173	0.04117328
1181	A	-0.281	0.04024721
1182	G	-0.314	0.03662861
1183	T	-0.314	0.02326621
1184	T	0.072	0.0261261
1185	T	-0.345	0.02399589
1186	T	0.085	0.03934263
1187	C	0.165	0.0395706
1188	A	-0.228	0.02494237
1189	G	0.408	0.0233766
1190	C	0.362	0.01085195
1191	T	0.215	-0.003306049
1192	C	-0.020	-0.003918988
1193	A	-0.373	-0.01068684
1194	A	-0.521	-0.006580209
1195	A	-0.051	-0.00626086
1196	C	0.147	-0.006385921
1197	T	0.383	-0.01078778
1198	C	0.432	0.007268102
1199	A	0.412	0.0115971
1200	T	0.191	0.02460886
1201	C	0.196	0.02906311
1202	T	-0.236	0.03308816
1203	T	0.319	0.05165195
1204	T	-0.219	0.07019351
1205	C	0.394	0.07059435
1206	C	0.174	0.07196215
1207	C	0.406	0.07241736
1208	T	-0.024	0.0694475
1209	T	-0.169	0.0649326
1210	T	-0.026	0.07674904
1211	T	-0.131	0.07780413
1212	T	-0.267	0.06808135
1213	T	0	0.06795312
 1214	A	-0.337	0.07887528
1215	T	-0.216	0.08422421
1216	T	-0.409	0.08759677
1217	T	-0.045	0.09771267
1218	T	0.215	0.1008793
1219	C	0.392	0.09672167
1220	A	0.032	0.0940005
1221	T	0.528	0.09441929
1222	T	0.420	0.0872756
1223	T	0	0.08130277
 1224	C	0.516	0.08033161
1225	T	0.482	0.06685731
1226	A	-0.297	0.06201124
1227	A	0.130	0.05460316
1228	A	-0.325	0.04107386
1229	T	-0.042	0.0362076
1230	T	-0.028	0.02588291
1231	C	0.279	0.01982103
1232	T	0.453	0.01501387
1233	G	-0.055	0.01299689
1234	G	0.209	0.01333377
1235	T	0.449	0.01114995
1236	G	-0.143	0.01072697
1237	A	-0.376	0.01706923
1238	G	0.383	0.02183056
1239	T	0.283	0.02404781
1240	G	0.204	0.02630581
1241	G	0.315	0.02477165
1242	T	0.430	0.03398951
1243	G	-0.115	0.03243602
1244	T	-0.060	0.03336323
1245	T	-0.277	0.02575137
1246	T	-0.260	0.00601014
1247	T	-0.427	-0.01404316
1248	G	0.075	-0.007472763
1249	A	-0.407	-0.003706251
1250	T	0.197	0.01351161
1251	A	-0.468	0.02615997
1252	A	-0.430	0.03114186
1253	G	-0.233	0.03479844
1254	T	-0.218	0.0359169
1255	A	-0.252	0.04661287
1256	G	-0.093	0.03602436
1257	A	-0.356	0.03402324
1258	T	0.055	0.04827331
1259	A	-0.204	0.06277301
1260	T	0.050	0.04718531
1261	C	0.312	0.03350115
1262	A	0.326	0.02142362
1263	G	0.428	0.00409943
1264	C	0.461	-0.0178712
1265	T	0.460	-0.02120436
1266	A	-0.327	-0.02952245
1267	T	-0.331	-0.01376593
1268	T	-0.379	-0.0005233535
1269	T	-0.014	0.01825288
1270	C	0.292	0.02610017
1271	C	0.414	0.04274096
1272	T	0.501	0.04753319
1273	G	0.185	0.0672117
1274	T	0.436	0.08895556
1275	C	0.501	0.08642568
1276	T	0.404	0.09894982
1277	T	-0.245	0.1017413
1278	A	0.363	0.1150906
1279	C	0.468	0.1135899
1280	T	0.246	0.1023504
1281	T	-0.286	0.1001292
1282	G	-0.304	0.08846891
1283	A	-0.314	0.07190961
1284	A	-0.429	0.05234428
1285	A	-0.514	0.03465459
1286	A	-0.259	0.03284331
1287	G	-0.418	0.01251896
1288	T	0.399	0.009306377
1289	C	0.309	0.02595184
1290	T	0.379	0.03093307
1291	T	0.413	0.03127872
1292	C	0.307	0.03523335
1293	T	0.403	0.03565884
1294	C	0.377	0.0228491
1295	T	0.504	0.02659159
1296	G	-0.342	0.0257568
1297	T	0.320	0.003273498
1298	A	-0.132	-0.01515169
1299	T	0.480	-0.01533501
1300	T	-0.420	-0.03316915
1301	A	-0.427	-0.04637564
1302	A	-0.300	-0.06142769
1303	A	-0.451	-0.06211716
1304	T	-0.399	-0.06437499
1305	A	-0.514	-0.06381718
1306	A	-0.332	-0.05990313
1307	C	0.384	-0.0469746
1308	A	-0.413	-0.03255876
1309	A	-0.465	-0.01653411
1310	A	0.383	-0.02330704
1311	G	-0.165	-0.01966241
1312	G	0	-0.01778083
 1313	T	0.462	-0.02400664
1314	C	0.433	-0.02990808
1315	A	-0.049	-0.04526096
1316	C	0.346	-0.06134547
1317	T	0.400	-0.07577543
1318	T	-0.465	-0.05835106
1319	A	-0.387	-0.05611343
1320	G	-0.253	-0.05302854
1321	A	-0.403	-0.06635907
1322	T	-0.098	-0.06708091
1323	A	-0.400	-0.04768602
1324	A	-0.316	-0.03939067
1325	A	-0.401	-0.02864099
1326	T	-0.290	-0.01783209
1327	A	-0.260	-0.0020853
1328	T	0.041	0.001631072
1329	C	0.360	-0.002607533
1330	T	0.270	0.007007165
1331	T	0.108	0.01111093
1332	C	0.466	0.01096607
1333	T	0.460	0.02147779
1334	C	0.145	0.02147779
1335	A	0.054	0.006434398
1336	T	-0.256	0.006910793
1337	T	-0.313	0.01466471
1338	A	-0.116	0.01765057
1339	C	0.407	0.004165807
1340	C	0.416	0.02510546
1341	A	0	0.04425057
 1342	G	-0.093	0.05205294
1343	A	-0.451	0.0680938
1344	G	0.406	0.0611359
1345	G	0.056	0.06142299
1346	G	0.011	0.05854599
1347	T	0.065	0.05722559
1348	A	0.162	0.06325375
1349	G	-0.172	0.06733434
1350	G	0.201	0.06185847
1351	G	0	0.05606371
 1352	A	-0.288	0.05189158
1353	A	0.377	0.04970612
1354	C	0.286	0.04983472
1355	T	0	0.04017935
 1356	G	-0.184	0.04951154
1357	C	0.453	0.05050293
1358	T	0.284	0.05468301
1359	T	0.475	0.0612742
1360	C	-0.179	0.06568299
1361	T	0.435	0.06527934
1362	C	0.435	0.06433013
1363	C	0.082	0.07054783
1364	T	0.286	0.0641497
1365	A	-0.398	0.0760802
1366	T	-0.387	0.06608996
1367	A	-0.440	0.05537498
1368	C	-0.458	0.05088466
1369	A	-0.031	0.05816109
1370	T	-0.085	0.06461184
1371	A	-0.193	0.07727637
1372	A	0.111	0.07258467
1373	C	0.091	0.06486995
1374	T	0.014	0.06126572
1375	T	0.471	0.04196312
1376	C	0.045	0.02476005
1377	T	0.546	0.01403893
1378	A	0.096	0.007909163
1379	T	-0.077	-0.01340047
1380	T	-0.030	-0.02911067
1381	A	0.073	-0.04923237
1382	T	0.389	-0.05274774
1383	C	0.375	-0.054042
1384	T	0.267	-0.0632233
1385	T	-0.368	-0.06416924
1386	T	0.061	-0.0668915
1387	C	-0.022	-0.0563503
1388	A	-0.404	-0.04027858
1389	A	-0.181	-0.02480593
1390	T	0.377	-0.01278803
1391	C	0.439	-0.01340514
1392	C	0.372	-0.002628258
1393	A	0	-0.004043886
 1394	G	-0.331	-0.009117328
1395	A	-0.443	-0.01551508
1396	A	-0.452	-0.01291937
1397	A	-0.453	-0.02989972
1398	A	-0.461	-0.03182804
1399	A	-0.447	-0.04010816
1400	A	-0.462	-0.03410234
1401	A	-0.391	-0.02029091
1402	A	-0.390	-0.0185357
1403	A	-0.330	-0.02948533
1404	C	0.379	-0.04653519
1405	G	0.040	-0.05056644
1406	T	0.041	-0.04808519
1407	G	0.169	-0.04184482
1408	G	0.055	-0.05225823
1409	C	0.303	-0.05895706
1410	A	0.225	-0.04661038
1411	G	0.058	-0.04771847
1412	G	-0.057	-0.05843071
1413	A	0.377	-0.07990215
1414	G	-0.254	-0.09632661
1415	G	-0.106	-0.1084129
1416	A	-0.183	-0.09740445
1417	C	0.126	-0.08294475
1418	A	-0.258	-0.06918217
1419	A	-0.037	-0.06009531
1420	G	0.190	-0.05207901
1421	T	0.355	-0.0302308
1422	T	0.516	-0.02792822
1423	T	0.045	-0.02072318
1424	T	-0.397	-0.01069189
1425	T	-0.343	0.005793486
1426	G	0.202	0.004991928
1427	A	0.374	0.01453549
1428	A	-0.099	0.01740578
1429	T	-0.386	0.02458209
1430	G	-0.310	0.02754852
1431	T	0.126	0.02934189
1432	T	-0.229	0.02410487
1433	A	-0.082	0.02355007
1434	T	-0.483	0.01531453
1435	G	-0.333	-0.001189047
1436	A	-0.519	-0.001943581
1437	A	0.141	-0.01092172
1438	T	0.177	-0.006057935
1439	C	0.139	0.001907414
1440	G	-0.062	0.01424272
1441	T	-0.116	0.009330063
1442	G	0.491	0.007481784
1443	A	-0.363	0.01010757
1444	T	-0.081	0.0004082977
1445	T	0.041	0.002617479
1446	T	0.378	0.008518386
1447	C	0.345	0.0116689
1448	T	0.451	0.006957549
1449	G	0.165	-0.007613242
1450	T	0.477	-0.004374491
1451	G	0.182	-0.004717956
1452	T	0.380	0.0003194209
1453	C	0	-0.00714444
 1454	T	0.034	-0.004464974
1455	A	-0.411	-0.001119088
1456	A	-0.331	0.0108121
1457	A	-0.286	0.02129361
1458	A	-0.492	0.02080405
1459	T	0.025	0.01612783
1460	C	0.468	0.0186752
1461	T	0.271	0.01341568
1462	G	-0.248	0.01863247
1463	C	0.111	0.02326953
1464	T	0.467	0.01355004
1465	C	0.099	0.02851976
1466	T	0.140	0.03670305
1467	T	-0.143	0.04590699
1468	T	-0.207	0.04539276
1469	T	0	0.04787629
 1470	G	-0.252	0.04955217
1471	T	0.039	0.03855666
1472	T	-0.401	0.02603311
1473	A	-0.094	0.01356197
1474	A	-0.194	-0.002685886
1475	C	-0.114	-0.01199635
1476	A	0.061	-0.0132884
1477	C	0.029	-0.007882586
1478	T	0.116	0.0003583488
1479	A	-0.540	0.001195767
1480	A	-0.059	0.01687309
1481	G	0.287	0.02603612
1482	G	-0.086	0.02723068
1483	G	0.161	0.0203463
1484	C	0.083	0.02612632
1485	A	0.073	0.02907925
1486	A	0.279	0.02822632
1487	C	0.270	0.03481039
1488	T	0.436	0.03575593
1489	T	0.356	0.03795859
1490	C	0.451	0.04779403
1491	C	0.523	0.05893717
1492	T	-0.307	0.06996606
1493	T	-0.060	0.06990417
1494	C	-0.353	0.06978003
1495	A	-0.318	0.07953001
1496	A	-0.400	0.07669929
1497	A	-0.020	0.07596222
1498	G	-0.179	0.08424524
1499	T	0.022	0.09427891
1500	G	-0.250	0.09483896
1501	G	0.181	0.118406
1502	T	0.419	0.1132649
1503	T	0.520	0.1007498
1504	C	-0.024	0.1037972
1505	A	0	0.09901715
 1506	T	0.238	0.1002595
1507	C	0.431	0.10891
1508	T	0.382	0.1128994
1509	T	0.180	0.1151832
1510	G	-0.048	0.1141325
1511	G	0.214	0.1147128
1512	T	0.479	0.1132719
1513	C	0.221	0.1099721
1514	T	0.036	0.1261973
1515	A	-0.406	0.1364842
1516	T	0.324	0.1537731
1517	T	-0.315	0.1700522
1518	A	-0.146	0.1884306
1519	C	0.417	0.197791
1520	T	0.460	0.2110342
1521	G	0.140	0.2193813
1522	T	0.472	0.2342847
1523	G	-0.280	0.2389358
1524	T	-0.250	0.2382523
1525	T	0.044	0.2350318
1526	T	-0.043	0.244663
1527	G	0.136	0.2535361
1528	T	0.445	0.2570604
1529	G	0.451	0.2559039
1530	T	0.368	0.2560676
1531	G	0.391	0.2607383
1532	T	0.381	0.2709449
1533	G	0.389	0.2748185
1534	T	0.381	0.2727433
1535	G	0.389	0.2764594
1536	T	0.381	0.2846733
1537	G	0.389	0.3030021
1538	T	0.381	0.3045152
1539	G	0.389	0.3207329
1540	T	0.381	0.3331973
1541	G	0.389	0.3323637
1542	T	0.381	0.330766
1543	G	0.389	0.3353256
1544	T	0.381	0.3324548
1545	G	0.389	0.3476255
1546	T	0.381	0.3567993
1547	G	0.389	0.3507415
1548	T	0.381	0.3447108
1549	G	0.389	0.329721
1550	T	0.381	0.3109455
1551	G	0.389	0.289173
1552	T	0.381	0.2703014
1553	G	0.389	0.248657
1554	T	0.381	0.2354266
1555	G	0.389	0.2335485
1556	T	0.381	0.2363951
1557	G	0.389	0.2148734
1558	T	0.381	0.2004444
1559	G	0.389	0.1853428
1560	T	0.381	0.1670345
1561	G	0.389	0.163379
1562	T	0.381	0.1637514
1563	G	0.392	0.1565084
1564	T	0.336	0.1577944
1565	G	0.349	0.1609741
1566	T	0.371	0.1600815
1567	G	0.143	0.142738
1568	T	-0.216	0.1279504
1569	A	-0.302	0.1291332
1570	G	-0.508	0.1156144
1571	T	-0.361	0.1010627
1572	A	-0.484	0.08527243
1573	A	-0.442	0.07360327
1574	A	-0.538	0.06771194
1575	A	-0.187	0.05294431
1576	C	0.309	0.03558213
1577	C	0.503	0.02434067
1578	A	-0.535	0.01648895
1579	A	-0.238	0.01193677
1580	A	-0.259	0.01215677
1581	G	-0.405	0.01351988
1582	T	0.232	-0.001416605
1583	T	0.397	-0.01340467
1584	T	0.078	-0.0217841
1585	C	0.436	-0.02664942
1586	C	0.526	-0.03190296
1587	T	0.343	-0.03147098
1588	A	-0.355	-0.03306423
1589	T	-0.254	-0.0306863
1590	T	0.440	-0.01518844
1591	A	-0.199	-0.001950398
1592	T	-0.235	0.012001
1593	T	-0.297	0.02899466
1594	T	-0.111	0.04500031
1595	T	0.128	0.05099875
1596	T	-0.245	0.06724935
1597	G	-0.365	0.05956917
1598	A	-0.093	0.04312624
1599	A	0.043	0.01967291
1600	G	0.194	0.02553777
1601	G	0.391	0.03206784
1602	T	0.448	0.04450545
1603	A	-0.260	0.06126607
1604	T	-0.125	0.06807493
1605	T	0.021	0.06381196
1606	T	0.182	0.06144287
1607	G	0.111	0.04823147
1608	G	0.367	0.0286638
1609	C	0.303	0.01828559
1610	C	0.245	0.02910026
1611	C	0.450	0.02386826
1612	T	0.266	0.006182193
1613	G	0.091	0.0006997977
1614	C	0.369	-0.0005888535
1615	T	0.203	0.0153881
1616	G	-0.184	0.02561294
1617	G	0.159	0.01315431
1618	A	-0.517	0.01001629
1619	A	-0.397	0.01667297
1620	G	-0.504	0.01820039
1621	A	-0.283	0.02442987
1622	C	0.041	0.0143641
1623	A	0.275	0.01018343
1624	G	0.314	0.008942384
1625	C	0.525	0.02439652
1626	T	0.214	0.0319152
1627	A	-0.023	0.03233986
1628	T	-0.131	0.02484663
1629	G	-0.314	0.02774535
1630	T	-0.103	0.01018453
1631	A	0.109	-0.00546107
1632	T	-0.479	-0.02324051
1633	A	-0.319	-0.04351967
1634	A	-0.435	-0.0535316
1635	G	-0.291	-0.05001787
1636	T	0.389	-0.05784508
1637	T	0.327	-0.06740094
1638	G	-0.407	-0.07200882
1639	A	-0.380	-0.08726699
1640	A	-0.078	-0.08512968
1641	C	-0.027	-0.06803696
1642	T	0.311	-0.04978422
1643	T	-0.238	-0.04573817
1644	G	0.211	-0.048963
1645	G	0.395	-0.05757117
1646	C	0.403	-0.05402798
1647	A	0.197	-0.05492303
1648	G	0.039	-0.06409591
1649	A	-0.139	-0.06056381
1650	G	0.235	-0.06591444
1651	A	-0.387	-0.04834802
1652	G	-0.369	-0.03763834
1653	A	-0.518	-0.03098232
1654	A	-0.421	-0.01050227
1655	A	-0.164	0.00311026
1656	G	0.242	0.01425773
1657	G	0.032	0.02265753
1658	G	-0.207	0.02036723
1659	A	-0.382	0.02244992
1660	A	-0.496	0.03831139
1661	A	-0.425	0.05312664
1662	C	0.337	0.06137138
1663	C	0.280	0.07198707
1664	A	-0.109	0.07239835
1665	G	-0.096	0.08361805
1666	A	-0.094	0.07972888
1667	T	0.467	0.08024095
1668	C	0.487	0.07618811
1669	T	-0.180	0.08095897
1670	T	0.128	0.09088208
1671	A	-0.361	0.08710227
1672	C	0.440	0.08640071
1673	T	0.357	0.1011289
1674	C	0.395	0.1167391
1675	C	0.401	0.1370265
1676	C	0.265	0.1531688
1677	A	0.043	0.1672622
1678	G	0.069	0.1671803
1679	G	0.291	0.1664194
1680	C	0.417	0.1740431
1681	C	0.274	0.1936248
1682	T	0.257	0.2046423
1683	C	0.275	0.2127063
1684	C	0.428	0.2137842
1685	T	0.329	0.2119743
1686	G	0.243	0.2241691
1687	T	0.044	0.2356126
1688	C	0.417	0.2340182
1689	A	0.229	0.2130789
1690	C	0.402	0.1975153
1691	C	0.466	0.2034069
1692	A	-0.301	0.209541
1693	G	0.205	0.2281634
1694	C	0.245	0.2127256
1695	T	0.301	0.210058
1696	G	0.353	0.1925943
1697	T	0.272	0.1793201
1698	G	0.441	0.1798711
1699	T	0.239	0.1794127
1700	G	0	0.1758989
 1701	A	0.120	0.1763964
1702	C	0.459	0.170977
1703	T	-0.022	0.173221
1704	T	-0.078	0.1782911
1705	T	0.383	0.1832139
1706	G	0.202	0.1684013
1707	C	0.415	0.1541159
1708	T	0.395	0.1407109
1709	G	-0.163	0.1409012
1710	A	-0.433	0.1284247
1711	A	-0.182	0.1323726
1712	G	0.073	0.1327351
1713	T	0.392	0.1264894
1714	C	0.439	0.1330418
1715	A	-0.223	0.1311851
1716	T	0.242	0.120293
1717	T	-0.355	0.117283
1718	T	-0.169	0.1181591
1719	C	0.289	0.1184759
1720	T	0.024	0.0995387
1721	T	-0.081	0.08594112
1722	T	0.312	0.0816518
1723	C	0.184	0.07151196
1724	C	0.371	0.07168417
1725	C	0.475	0.08333478
1726	C	0.487	0.08550667
1727	T	-0.208	0.06757227
1728	A	-0.284	0.05229148
1729	A	-0.332	0.03201555
1730	G	0.052	0.01085595
1731	T	-0.119	0.01375315
1732	C	0.399	0.02610367
1733	T	0.418	0.02667851
1734	C	0.197	0.02537112
1735	A	-0.020	0.02066263
1736	G	0.125	0.002646586
1737	T	-0.222	0.004489726
1738	T	0.172	-0.0008121953
1739	C	0.391	0.006342114
1740	C	0.285	0.0175713
1741	A	-0.372	0.01469849
1742	A	-0.345	0.02388819
1743	T	-0.184	0.03082146
1744	A	-0.315	0.03353971
1745	C	0.466	0.03786343
1746	C	0.478	0.03562067
1747	T	0.014	0.02350437
1748	A	-0.387	0.01337189
1749	T	-0.454	0.02683994
1750	A	-0.456	0.02995015
1751	A	-0.514	0.04456996
1752	A	-0.038	0.05510793
1753	G	0.098	0.05827093
1754	T	-0.157	0.04592705
1755	G	0.016	0.04030012
1756	A	0.189	0.03865889
1757	G	-0.335	0.027866
1758	T	-0.143	0.0281968
1759	G	0.014	0.04156738
1760	T	-0.047	0.04101119
1761	T	0.313	0.03459526
1762	C	0.165	0.03180296
1763	T	0.419	0.05207856
1764	G	0.217	0.06812849
1765	C	0.429	0.06789624
1766	C	0.370	0.06902982
1767	T	0.274	0.06006218
1768	G	-0.045	0.04501129
1769	T	0.051	0.04050854
1770	G	0.370	0.0384294
1771	T	-0.151	0.05306922
1772	G	0.296	0.06369327
1773	T	0.505	0.0857882
1774	G	0.016	0.07748974
1775	T	-0.131	0.06733068
1776	T	0.176	0.0635731
1777	T	0.127	0.05703509
1778	T	-0.484	0.04123353
1779	A	0.139	0.04305423
1780	G	0.352	0.04091619
1781	G	0.148	0.04984848
1782	T	0.115	0.05886077
1783	C	0.165	0.0614757
1784	T	0.499	0.06678068
1785	T	0.344	0.06152491
1786	T	-0.194	0.05804817
1787	A	-0.266	0.05549329
1788	T	0.080	0.05169161
1789	T	-0.168	0.05404685
1790	A	-0.179	0.04319274
1791	A	-0.477	0.02921537
1792	T	0.174	0.02020733
1793	G	0	0.01469412
 1794	T	0.435	0.01683257
1795	T	-0.395	0.0008864488
1796	G	-0.338	0.00332356
1797	A	-0.319	0.009608909
1798	A	-0.264	0.01283307
1799	A	-0.489	0.01173106
1800	T	-0.256	0.03053673
1801	G	-0.235	0.03721729
1802	T	0.398	0.02702682
1803	C	0.339	0.02401482
1804	C	0.425	0.01613896
1805	T	0.393	0.01599503
1806	G	0.193	0.01465027
1807	A	0.067	0.002662637
1808	C	0.319	0.009936219
1809	T	0.206	0.007440358
1810	T	0.375	-0.00328086
1811	T	-0.512	-0.009985395
1812	A	-0.549	0.0003056279
1813	T	-0.016	0.004352535
1814	G	-0.388	0.007029907
1815	G	0.387	0.01325856
1816	G	-0.180	0.007795953
1817	T	0.121	0.01395921
1818	T	0.138	0.01068642
1819	C	0.315	0.01910467
1820	T	0.079	0.02565551
1821	C	0.324	0.0462637
1822	A	0.427	0.04265544
1823	T	-0.085	0.03853872
1824	T	0.018	0.01699332
1825	C	-0.223	-0.001166653
1826	A	0.159	-0.0196777
1827	C	0.441	-0.03978577
1828	T	-0.170	-0.04024968
1829	G	0.118	-0.03199073
1830	T	-0.374	-0.03544077
1831	G	-0.380	-0.03987235
1832	A	-0.457	-0.05002658
1833	T	0.263	-0.03033928
1834	G	-0.303	-0.01820946
1835	T	0.290	-0.0237928
1836	G	0.267	-0.01633188
1837	G	0.200	-0.03470742
1838	T	-0.130	-0.0419599
1839	A	-0.479	-0.05464009
1840	A	0.042	-0.06798725
1841	C	0.017	-0.08294844
1842	C	0.396	-0.09042159
1843	A	-0.412	-0.08836024
1844	A	-0.412	-0.09865453
1845	A	-0.527	-0.08831897
1846	A	-0.441	-0.08875923
1847	C	-0.370	-0.08229141
1848	A	-0.470	-0.07952413
1849	A	0.173	-0.07949217
1850	G	0.422	-0.06424731
1851	C	0.171	-0.05587927
1852	A	0.016	-0.0495172
1853	G	-0.060	-0.04067676
1854	A	0.333	-0.03770927
1855	G	-0.027	-0.04876045
1856	A	-0.256	-0.04728922
1857	T	-0.067	-0.05641524
1858	T	-0.402	-0.06838027
1859	A	-0.492	-0.07706631
1860	A	-0.423	-0.08322345
1861	T	-0.435	-0.08170808
1862	A	-0.328	-0.08984294
1863	A	-0.241	-0.09421166
1864	C	0.413	-0.09990329
1865	C	-0.015	-0.08979234
1866	A	0.358	-0.07114694
1867	G	0	-0.05620476
 1868	G	0.054	-0.05667145
1869	A	0.278	-0.05805624
1870	C	0.442	-0.05687676
1871	T	0.484	-0.0681781
1872	C	0.478	-0.0867238
1873	A	-0.100	-0.09229322
1874	A	0	-0.1006608
 1875	T	-0.329	-0.1051418
1876	A	-0.211	-0.1117997
1877	A	-0.239	-0.1060577
1878	T	-0.102	-0.1099098
1879	G	-0.246	-0.1103054
1880	T	-0.172	-0.1049214
1881	A	-0.395	-0.09563812
1882	A	-0.414	-0.09111858
1883	A	-0.306	-0.07805477
1884	A	-0.170	-0.05956653
1885	C	0.151	-0.05880919
1886	A	0.022	-0.07323356
1887	C	0.388	-0.07889615
1888	T	0.114	-0.07847517
1889	A	-0.461	-0.07461361
1890	A	-0.429	-0.07398091
1891	A	-0.420	-0.07559689
1892	A	-0.312	-0.09584963
1893	A	-0.374	-0.1137483
1894	T	-0.068	-0.1345563
1895	T	-0.343	-0.1420462
1896	A	-0.253	-0.1533438
1897	T	0.047	-0.1491191
1898	A	0.219	-0.1389434
1899	T	-0.422	-0.1313511
1900	T	-0.084	-0.1211466
1901	T	-0.170	-0.1057647
1902	T	-0.093	-0.09103542
1903	T	-0.229	-0.0864917
1904	G	0.126	-0.07837144
1905	C	0.466	-0.06714046
1906	A	-0.209	-0.06703174
1907	A	-0.207	-0.08124642
1908	A	-0.258	-0.09044272
1909	T	0.376	-0.1070126
1910	T	0.166	-0.1000946
1911	T	0.082	-0.07913637
1912	T	0.209	-0.05838067
1913	T	-0.427	-0.03870595
1914	G	-0.284	-0.02671853
1915	T	-0.416	-0.01861467
1916	A	-0.422	-0.009831902
1917	A	-0.485	-6.097674e-05
1918	A	-0.147	0.01220695
1919	C	0.225	0.01556707
1920	G	0.086	0.001914307
1921	C	0.336	0.008039005
1922	G	0.414	0.004098716
1923	G	0.460	0.01862916
1924	G	-0.199	0.01837736
1925	A	-0.065	0.02594436
1926	T	0.176	0.02972713
1927	C	-0.165	0.01458324
1928	A	-0.459	0.01330994
1929	T	-0.372	0.01527171
1930	A	-0.323	0.02550385
1931	T	0.412	0.01558109
1932	C	0.439	0.02207632
1933	T	0.462	0.03048238
1934	C	0.425	0.01710796
1935	T	0.202	0.02807524
1936	C	-0.026	0.02391535
1937	T	0.309	0.0318862
1938	C	0.076	0.04852811
1939	A	0.274	0.06984751
1940	G	0.192	0.0766822
1941	T	-0.367	0.06728183
1942	G	-0.158	0.07459224
1943	A	-0.253	0.06250089
1944	C	0.454	0.05319955
1945	A	-0.103	0.0405501
1946	G	0.095	0.04854698
1947	T	0.289	0.05146694
1948	A	-0.184	0.04879592
1949	T	-0.263	0.0534548
1950	T	-0.122	0.07319382
1951	G	0.181	0.07739521
1952	G	-0.049	0.07321391
1953	T	0.445	0.05694149
1954	G	0.443	0.04937782
1955	T	-0.365	0.03753818
1956	G	0.043	0.03551723
1957	A	-0.463	0.03654262
1958	T	-0.073	0.0422149
1959	C	0.292	0.03860597
1960	C	0.430	0.03284614
1961	A	0.146	0.01686753
1962	T	-0.178	-0.0001396767
1963	T	0.400	0.01314758
1964	A	-0.183	0.01977783
1965	T	0.014	0.02697983
1966	T	-0.083	0.00885546
1967	G	0.143	0.0002909256
1968	T	0.060	-0.005919305
1969	A	0.061	-0.02312049
1970	C	0.034	-0.0298343
1971	A	0.389	-0.0247561
1972	T	-0.192	-0.02773208
1973	T	-0.503	-0.03648771
1974	T	-0.287	-0.02356967
1975	A	0.114	-0.04386381
1976	G	-0.046	-0.06595702
1977	T	0.339	-0.06674353
1978	G	0.246	-0.07385641
1979	G	0.217	-0.0715285
1980	A	0.154	-0.07463012
1981	T	-0.171	-0.08062684
1982	A	-0.413	-0.09206408
1983	A	-0.539	-0.09820143
1984	A	0.203	-0.09975468
1985	C	0.126	-0.09929727
1986	A	0.055	-0.08733506
1987	G	-0.325	-0.07863102
1988	A	-0.472	-0.06792973
1989	A	-0.171	-0.06038682
1990	T	-0.450	-0.05922738
1991	G	-0.473	-0.05063459
1992	T	-0.045	-0.06069684
1993	A	-0.250	-0.06284212
1994	A	-0.195	-0.06723554
1995	C	0.505	-0.06113603
1996	T	-0.427	-0.05089152
1997	A	-0.506	-0.05437494
1998	A	-0.399	-0.04931921
1999	G	-0.262	-0.05088542
2000	A	-0.363	-0.05802479
2001	A	-0.207	-0.06130846
2002	G	0.035	-0.05804946
2003	T	-0.060	-0.06087704
2004	G	-0.117	-0.04744323
2005	T	-0.245	-0.02608134
2006	T	0.420	-0.02104655
2007	A	0.330	-0.0177293
2008	T	0.389	-0.02262739
2009	C	0.376	-0.02018364
2010	T	0.468	-0.01180253
2011	T	0.110	-0.008070058
2012	T	0.430	0.0020764
2013	G	-0.398	0.01680098
2014	T	0.297	0.01948036
2015	T	-0.381	0.02488483
2016	A	-0.241	0.02539918
2017	T	0.153	0.02018634
2018	C	-0.035	0.03709855
2019	A	0.171	0.04258918
2020	G	0.271	0.05347097
2021	G	-0.060	0.05835206
2022	G	0.076	0.07049382
2023	G	0.294	0.06783994
2024	A	-0.292	0.0552112
2025	A	0.164	0.04579539
2026	C	0.379	0.05720813
2027	G	0.419	0.07164513
2028	T	0.268	0.06964934
2029	G	-0.154	0.06902025
2030	G	-0.220	0.06343916
2031	A	-0.111	0.05695016
2032	G	-0.010	0.05114027
2033	T	-0.014	0.0580923
2034	T	0.160	0.0442992
2035	G	0.069	0.06396609
2036	G	-0.018	0.0669003
2037	A	-0.173	0.0810983
2038	T	0.281	0.09154423
2039	G	0.299	0.0922756
2040	T	-0.270	0.08355887
2041	G	0.068	0.06982203
2042	T	-0.052	0.05518096
2043	A	0.158	0.06066393
2044	T	-0.321	0.05564872
2045	G	-0.507	0.05741144
2046	A	-0.465	0.05516832
2047	T	0.372	0.04936667
2048	G	0.375	0.03845144
2049	G	0.334	0.03699712
2050	G	0.303	0.03409589
2051	G	0.149	0.03527996
2052	A	0.097	0.03362668
2053	T	0.218	0.02761447
2054	G	0.409	0.01633244
2055	G	-0.162	0.01205473
2056	G	0.447	0.01719298
2057	C	0.423	0.009183121
2058	A	0.229	0.01963914
2059	G	0.207	0.03514363
2060	T	0.184	0.02667274
2061	T	-0.409	0.0167269
2062	A	-0.419	0.0194143
2063	A	-0.357	0.01853919
2064	T	0.175	0.009876756
2065	T	-0.139	0.0124581
2066	C	0.370	0.02239843
2067	A	-0.389	0.02487578
2068	T	-0.084	0.03911097
2069	A	-0.090	0.01958845
2070	G	0.357	0.005873779
2071	G	0.144	-0.003942458
2072	T	-0.103	-0.01539339
2073	T	-0.291	-0.02614513
2074	A	-0.370	-0.0175933
2075	A	-0.495	-0.01412434
2076	A	-0.198	-0.01262762
2077	C	0.381	-0.002182205
2078	A	-0.274	-0.02236069
2079	C	0.431	-0.03992195
2080	T	0.493	-0.05679769
2081	C	-0.082	-0.0604429
2082	A	-0.127	-0.05688206
2083	A	-0.154	-0.03801803
2084	C	0.030	-0.01602501
2085	G	-0.424	-0.005907633
2086	A	0.269	-0.01679875
2087	G	0.106	-0.00670326
2088	G	-0.401	-0.005598167
2089	G	0.146	0.004967
2090	A	-0.466	0.01826679
2091	A	-0.214	0.03055697
2092	T	-0.087	0.02089881
2093	A	-0.188	0.006099156
2094	T	-0.313	0.0008967837
2095	C	0.465	0.01063092
2096	T	0.367	0.01074478
2097	C	0.473	0.03199885
2098	T	0.286	0.04579304
2099	T	-0.420	0.04707609
2100	T	-0.331	0.06343704
2101	A	-0.496	0.06399292
2102	T	0.051	0.0597825
2103	C	0.337	0.06881139
2104	G	0.401	0.07218533
2105	C	0.526	0.08407603
2106	T	0.077	0.09228818
2107	A	-0.292	0.1105676
2108	T	0.294	0.1129286
2109	C	0.417	0.1172561
2110	T	0.065	0.1357609
2111	C	0.487	0.1409268
2112	C	0.438	0.1501395
2113	A	-0.057	0.154193
2114	A	-0.492	0.145418
2115	A	-0.327	0.1395775
2116	G	0.127	0.1375041
2117	A	-0.365	0.1335471
2118	C	0.418	0.1302376
2119	T	0.395	0.1309711
2120	C	0.436	0.1288843
2121	C	0.428	0.1415861
2122	C	0.455	0.148419
2123	C	0.312	0.1538519
2124	A	0.305	0.1487077
2125	C	0.017	0.1373083
2126	T	0.356	0.1233077
2127	C	0.383	0.1110721
2128	T	0.361	0.1205151
2129	T	0.371	0.1371054
2130	C	0.292	0.1396339
2131	C	0.394	0.139233
2132	T	0.368	0.1473287
2133	C	-0.070	0.1398387
2134	A	-0.039	0.1397855
2135	A	-0.464	0.1457466
2136	T	-0.439	0.1675621
2137	T	-0.402	0.1748934
2138	T	0.295	0.1801573
2139	T	0.225	0.1859268
2140	C	0.505	0.1878507
2141	T	0.197	0.1800812
2142	T	0.126	0.1742439
2143	A	-0.038	0.1619846
2144	G	-0.262	0.1394868
2145	T	-0.169	0.1347483
2146	A	-0.152	0.1247844
2147	A	-0.200	0.1259641
2148	C	0	0.1280974
 2149	T	0.483	0.1292019
2150	C	0.420	0.1298151
2151	A	0.403	0.131607
2152	C	0.400	0.1254898
2153	T	0.413	0.1085841
2154	G	0.165	0.08843222
2155	C	0.436	0.07925131
2156	T	0.198	0.07417144
2157	C	0.445	0.09527358
2158	A	-0.012	0.1072929
2159	G	0.353	0.1051791
2160	A	-0.117	0.1059797
2161	C	0.500	0.111723
2162	T	0.061	0.09796081
2163	T	0.185	0.09337923
2164	A	-0.098	0.08974923
2165	G	-0.512	0.07995901
2166	T	0.108	0.07669492
2167	T	-0.122	0.08095653
2168	T	0.068	0.07440911
2169	C	0.448	0.08948886
2170	C	0.431	0.09699177
2171	C	0.387	0.091432
2172	C	0.448	0.08470109
2173	A	0.029	0.07926949
2174	G	-0.332	0.06914627
2175	A	-0.498	0.04896985
2176	A	-0.465	0.0451326
2177	G	-0.258	0.0294186
2178	C	0.442	0.02107236
2179	A	0.077	0.004409247
2180	G	-0.493	-0.004580458
2181	A	0.329	-0.01641992
2182	C	0.472	-0.006592342
2183	T	-0.086	-0.01866002
2184	A	0	-0.02510199
 2185	T	-0.029	-0.03150569
2186	G	-0.459	-0.02637139
2187	A	-0.402	-0.01445939
2188	G	0.013	-0.02077971
2189	A	-0.433	-0.01902926
2190	C	0.447	-0.01013846
2191	C	0.322	-0.03129888
2192	A	0.244	-0.03310581
2193	G	0.131	-0.04963783
2194	G	0.169	-0.05806601
2195	A	-0.034	-0.05672961
2196	T	-0.454	-0.0544025
2197	T	0	-0.0451752
 2198	T	-0.239	-0.0253592
2199	G	-0.160	-0.02085361
2200	A	-0.270	-0.03267346
2201	T	-0.398	-0.0357579
2202	G	-0.155	-0.02866734
2203	C	0.305	-0.04409129
2204	A	-0.017	-0.0432515
2205	A	-0.215	-0.0318052
2206	G	-0.090	-0.02829401
2207	C	0.122	-0.02221824
2208	A	0	-0.005804988
 2209	G	-0.163	0.001315802
2210	T	-0.047	-0.01071365
2211	T	0.450	-0.0120863
2212	T	-0.461	-0.0324274
2213	T	0.353	-0.03396877
2214	T	-0.323	-0.0286757
2215	T	0.085	-0.02138533
2216	T	0.086	-0.02386159
2217	G	-0.232	-0.03212712
2218	G	-0.101	-0.03304761
2219	A	0.386	-0.0370943
2220	G	-0.064	-0.04212163
2221	T	-0.065	-0.03204761
2222	T	-0.055	-0.02527983
2223	G	-0.188	-0.02370609
2224	A	-0.333	-0.01733127
2225	T	0.508	-0.02091574
2226	C	0.405	-0.01876244
2227	T	0.150	-0.02155363
2228	C	0.231	-0.0304677
2229	A	0.246	-0.04441672
2230	G	-0.096	-0.04669288
2231	A	-0.503	-0.05140258
2232	A	-0.493	-0.0547669
2233	A	-0.427	-0.06913117
2234	G	0.256	-0.06775459
2235	G	0.471	-0.08345878
2236	C	0.444	-0.07354117
2237	T	0.063	-0.06869953
2238	A	-0.390	-0.06617608
2239	A	-0.493	-0.06547689
2240	G	-0.174	-0.07221036
2241	A	-0.455	-0.08386629
2242	G	0.272	-0.0883452
2243	A	0.020	-0.08438717
2244	G	-0.331	-0.07903722
2245	T	0.118	-0.06979887
2246	A	0.151	-0.06651406
2247	G	0.074	-0.08238982
2248	A	-0.336	-0.09746864
2249	G	-0.473	-0.1116808
2250	A	-0.477	-0.1292211
2251	A	-0.097	-0.1473361
2252	G	-0.365	-0.1487357
2253	T	-0.192	-0.1342731
2254	A	-0.167	-0.1166814
2255	A	-0.402	-0.1097952
2256	T	-0.321	-0.1237111
2257	A	0.103	-0.1437558
2258	C	0.293	-0.1661178
2259	A	0.195	-0.1761898
2260	G	-0.202	-0.1725363
2261	A	-0.390	-0.1675116
2262	G	-0.114	-0.1727032
2263	A	-0.257	-0.1684342
2264	A	0.104	-0.1805929
2265	G	0.174	-0.1747534
2266	T	0.208	-0.1590791
2267	G	-0.192	-0.1553285
2268	A	-0.174	-0.1490535
2269	A	-0.242	-0.1406812
2270	G	-0.460	-0.1278094
2271	A	-0.522	-0.1083269
2272	A	-0.532	-0.08826428
2273	A	-0.156	-0.08206007
2274	G	0.117	-0.06596393
2275	C	0.263	-0.05447772
2276	T	-0.130	-0.04103567
2277	A	-0.342	-0.02203514
2278	A	-0.390	-0.004318419
2279	T	-0.516	0.003701372
2280	A	-0.369	0.005930279
2281	G	-0.233	0.01294977
2282	A	-0.277	0.008801
2283	A	-0.397	0.01094433
2284	G	-0.272	0.005049558
2285	G	-0.250	0.003264674
2286	T	0.271	-0.002851279
2287	C	0.342	-0.005229744
2288	C	0.280	-0.01860184
2289	C	0.420	-0.02309302
2290	G	0.434	-0.009647744
2291	G	0.217	0.004120884
2292	T	0.364	0.01902644
2293	G	0.385	0.040174
2294	C	0.168	0.0577616
2295	T	0.326	0.05456028
2296	C	0.301	0.05551728
2297	T	0.410	0.04303719
2298	C	0.414	0.04810625
2299	T	0.439	0.04432506
2300	C	0.447	0.06021994
2301	C	0.389	0.08156127
2302	T	0.496	0.09612383
2303	G	-0.380	0.1088865
2304	A	-0.298	0.114047
2305	A	-0.367	0.1131679
2306	A	-0.333	0.1124217
2307	G	-0.158	0.1156459
2308	A	0.072	0.1000121
2309	G	-0.366	0.08229901
2310	A	-0.385	0.06535184
2311	G	0.403	0.05022766
2312	C	0.349	0.03635626
2313	G	0.180	0.03615766
2314	C	0.386	0.03208768
2315	T	0.223	0.03311929
2316	G	-0.294	0.03910705
2317	G	0.159	0.03941859
2318	A	-0.273	0.04175419
2319	A	0.086	0.02929766
2320	G	-0.504	0.01265191
2321	A	0.293	0.0117195
2322	C	0.400	-0.0060379
2323	T	0.256	-0.01237783
2324	G	0.315	-0.03273239
2325	A	-0.055	-0.01969176
2326	G	-0.435	-0.007342667
2327	T	-0.304	0.006174914
2328	A	-0.111	0.02199219
2329	G	-0.400	0.03166643
2330	A	-0.418	0.03754361
2331	A	-0.448	0.05250696
2332	C	-0.229	0.0675215
2333	A	-0.161	0.06153598
2334	T	0.208	0.04963484
2335	G	0.189	0.0392574
2336	C	0.429	0.03465533
2337	C	0.426	0.03677631
2338	C	0.339	0.04594959
2339	C	0.401	0.04790866
2340	A	-0.124	0.06436829
2341	G	-0.301	0.0725579
2342	A	0.399	0.09111911
2343	G	-0.315	0.08746353
2344	T	0.117	0.0684866
2345	T	-0.378	0.06178134
2346	G	0.179	0.04760387
2347	T	0.232	0.04013439
2348	C	0.213	0.04659588
2349	C	0.346	0.05134936
2350	C	0.257	0.05502579
2351	C	0.324	0.05803207
2352	C	0.277	0.06295698
2353	T	0.260	0.06271365
2354	C	0.146	0.05916565
2355	T	-0.162	0.07405405
2356	G	-0.265	0.07460828
2357	C	0.188	0.06687821
2358	T	0.315	0.06671193
2359	G	0.099	0.05302261
2360	G	0.243	0.03787589
2361	G	0.434	0.02466165
2362	G	0.439	0.03179598
2363	C	0.293	0.04094413
2364	A	0.136	0.03121135
2365	A	-0.415	0.04704296
2366	G	-0.031	0.05274033
2367	A	-0.294	0.06276158
2368	G	-0.377	0.05026179
2369	A	-0.157	0.0334707
2370	A	-0.099	0.02515316
2371	C	0.046	0.01394647
2372	T	-0.271	0.004462465
2373	A	-0.207	0.007432302
2374	G	-0.459	0.00748514
2375	G	-0.381	0.01121737
2376	G	0.478	0.001254907
2377	T	0.232	0.01263193
2378	A	-0.143	0.03012795
2379	C	0.422	0.03575565
2380	T	-0.162	0.02579198
2381	G	-0.311	0.01898867
2382	A	-0.166	0.01480381
2383	T	0.181	0.01408767
2384	C	0.092	0.006898342
2385	A	-0.018	0.007111644
2386	G	0.365	0.01287841
2387	C	0.362	0.01292292
2388	T	0.052	0.002087491
2389	A	-0.357	-0.00344623
2390	A	-0.489	-0.006131951
2391	T	-0.144	-0.001513951
2392	T	-0.135	0.007865572
2393	T	-0.150	0.01689165
2394	C	0.452	0.02661972
2395	C	0.279	0.04111267
2396	G	0.420	0.04205562
2397	T	-0.281	0.04115162
2398	G	0.326	0.01983813
2399	C	0.486	0.007516716
2400	T	0.430	0.02163293
2401	T	-0.113	0.02206604
2402	C	-0.192	0.03610039
2403	A	0.063	0.05339667
2404	C	0.403	0.06736134
2405	T	0.130	0.0679833
2406	G	0.302	0.07497238
2407	G	0.384	0.07049734
2408	T	-0.413	0.0492323
2409	T	-0.497	0.03304757
2410	A	-0.532	0.02482618
2411	A	-0.492	0.04353023
2412	G	0.041	0.05999909
2413	G	0.303	0.06850246
2414	G	0.434	0.08123016
2415	C	0.146	0.09455877
2416	A	0.416	0.08867544
2417	T	-0.418	0.09070425
2418	T	-0.420	0.08880435
2419	A	-0.438	0.09852035
2420	A	-0.297	0.09539446
2421	C	0.463	0.08609577
2422	C	0.441	0.08214589
2423	T	0.441	0.09501231
2424	C	0.432	0.1075102
2425	C	0.434	0.1143449
2426	C	0.208	0.1137228
2427	C	0.392	0.1113245
2428	A	-0.211	0.09688302
2429	A	-0.549	0.07953265
2430	A	-0.333	0.0772377
2431	C	-0.300	0.07904842
2432	T	0.446	0.09280491
2433	T	0.218	0.101826
2434	C	0.221	0.1086869
2435	T	0.411	0.1071762
2436	G	0.423	0.09474339
2437	G	0.199	0.08919698
2438	C	0.366	0.0842035
2439	C	0.339	0.1035689
2440	T	0.135	0.1157278
2441	G	0.192	0.1200188
2442	T	0.087	0.1329573
2443	G	0.260	0.1329291
2444	C	0.440	0.1328935
2445	C	0.344	0.1183384
2446	C	0.357	0.1150658
2447	C	0.376	0.1077647
2448	A	0.026	0.1040378
2449	G	-0.318	0.1033466
2450	A	-0.361	0.1156673
2451	T	-0.511	0.1337396
2452	A	-0.419	0.1512667
2453	G	0.059	0.1633856
2454	A	-0.104	0.1546444
2455	C	0.336	0.1451132
2456	C	0.238	0.132352
2457	A	-0.099	0.1122698
2458	G	-0.091	0.0901117
2459	G	0.201	0.073072
2460	C	0.414	0.06101903
2461	A	0.102	0.0565951
2462	T	-0.253	0.05746924
2463	G	0.259	0.06318314
2464	C	0.462	0.07056123
2465	T	0.439	0.05646997
2466	T	-0.184	0.04168595
2467	C	0.291	0.03883632
2468	T	0.120	0.02559444
2469	G	0.048	0.01169109
2470	T	0.363	0.01176442
2471	G	0.318	0.009405302
2472	G	0.227	0.01644631
2473	C	0.419	0.02632219
2474	C	0.220	0.04353638
2475	A	0.070	0.04741847
2476	G	-0.191	0.04985317
2477	A	-0.327	0.05427421
2478	G	-0.451	0.05852272
2479	A	-0.529	0.06634198
2480	A	-0.532	0.07106432
2481	A	-0.151	0.0666952
2482	G	0.148	0.05582453
2483	C	0.173	0.05689537
2484	C	0.437	0.05592933
2485	C	0.404	0.04819108
2486	G	-0.345	0.04627499
2487	A	-0.195	0.04705369
2488	G	0.222	0.05370548
2489	G	-0.212	0.04601527
2490	A	-0.220	0.04384307
2491	T	0.030	0.05052752
2492	G	-0.419	0.04270914
2493	G	-0.059	0.03964051
2494	A	-0.087	0.03138728
2495	G	0.320	0.02634793
2496	A	0.226	0.01128028
2497	G	0	0.01536781
 2498	T	0.526	0.0245723
2499	C	0.421	0.03696641
2500	A	0.236	0.05704176
2501	C	0.111	0.07385583
2502	A	0.013	0.09612248
2503	G	-0.053	0.104678
2504	A	0.148	0.1051369
2505	T	-0.295	0.1011029
2506	G	-0.073	0.09091988
2507	C	0.380	0.09161441
2508	T	0.473	0.11013
2509	T	0.101	0.1106431
2510	G	-0.039	0.1029213
2511	T	0.026	0.1148704
2512	G	0.335	0.1216514
2513	G	0.026	0.1196171
2514	T	0.186	0.126942
2515	A	-0.127	0.1310986
2516	G	0.203	0.1234777
2517	G	-0.427	0.1044516
2518	T	0.246	0.09070232
2519	A	0.204	0.09945793
2520	G	0.205	0.09597595
2521	C	0.411	0.08969842
2522	A	0.193	0.07848849
2523	G	0.424	0.07094728
2524	G	0.216	0.07457151
2525	T	0.168	0.07171576
2526	G	0	0.07386564
 2527	G	0	0.08031356
 2528	T	0.434	0.07481924
2529	G	0.450	0.06766419
2530	T	-0.173	0.05585491
2531	G	-0.109	0.05402663
2532	T	0.301	0.05919049
2533	A	0.070	0.06029637
2534	T	-0.057	0.04255291
2535	G	-0.104	0.04031502
2536	G	0.119	0.0404557
2537	A	-0.414	0.05083265
2538	A	-0.497	0.04525708
2539	A	-0.364	0.05467268
2540	T	0.376	0.04682881
2541	G	0.376	0.04207356
2542	G	0.151	0.04219144
2543	G	-0.245	0.03011525
2544	A	-0.212	0.02654809
2545	A	0.169	0.02166939
2546	T	-0.176	0.02592818
2547	G	0.240	0.03128737
2548	G	-0.017	0.03913025
2549	G	-0.309	0.04456214
2550	A	0.072	0.03892458
2551	T	-0.034	0.03839186
2552	G	0.022	0.04367339
2553	C	0.182	0.05290311
2554	C	0.074	0.0549896
2555	A	-0.427	0.06247
2556	A	-0.069	0.05811178
2557	G	0.192	0.05013629
2558	G	0.319	0.0471064
2559	G	-0.036	0.0500695
2560	G	-0.022	0.05980044
2561	A	-0.090	0.06947136
2562	T	0	0.07003624
 2563	T	0.210	0.06843724
2564	T	-0.108	0.06795406
2565	G	0.039	0.08111399
2566	G	0.214	0.09459731
2567	G	0.399	0.10051
2568	C	0.398	0.1152715
2569	A	0.337	0.1085124
2570	G	0.233	0.1005126
2571	G	0.191	0.1066051
2572	G	0.428	0.1027586
2573	C	0.053	0.1133032
2574	A	0.287	0.1234204
2575	C	0.391	0.1306363
2576	C	0.392	0.1212665
2577	A	-0.244	0.120181
2578	A	-0.447	0.1239204
2579	G	-0.010	0.1161048
2580	C	-0.287	0.1191064
2581	A	-0.079	0.13004
2582	T	0.051	0.140825
2583	C	0.400	0.1466608
2584	T	0.308	0.151609
2585	G	0.130	0.1576719
2586	C	0.320	0.1578165
2587	C	0.366	0.1479001
2588	G	0.423	0.1336803
2589	C	0.458	0.1171648
2590	A	-0.050	0.1003563
2591	T	-0.361	0.09635146
2592	T	-0.047	0.0924188
2593	A	-0.092	0.09335503
2594	C	0.418	0.09392199
2595	C	0.457	0.1017085
2596	C	0.493	0.09855762
2597	T	-0.328	0.09934671
2598	A	-0.473	0.09022123
2599	A	0.091	0.08824311
2600	T	-0.143	0.09021185
2601	C	0.448	0.08821237
2602	C	0.433	0.09669801
2603	A	0.440	0.09854152
2604	G	0.160	0.1075731
2605	G	0.212	0.1063117
2606	C	0.471	0.09971793
2607	A	-0.101	0.1060471
2608	A	-0.386	0.1011553
2609	T	-0.396	0.09558358
2610	A	-0.310	0.08053151
2611	A	-0.323	0.06529168
2612	C	0.165	0.06517261
2613	A	0.064	0.07000245
2614	C	0.232	0.08041129
2615	T	0.452	0.092793
2616	C	0.388	0.08987932
2617	A	0.151	0.08071638
2618	C	0.425	0.06875405
2619	A	0	0.07680432
 2620	G	-0.329	0.09467893
2621	T	-0.363	0.08399825
2622	A	-0.096	0.09423787
2623	T	0.077	0.09340139
2624	C	0	0.09161883
 2625	C	0.439	0.09146204
2626	C	0.346	0.09065562
2627	A	0.024	0.09407794
2628	G	0.402	0.0768899
2629	G	0.109	0.07177615
2630	G	0.127	0.08165386
2631	A	-0.223	0.08355905
2632	T	-0.196	0.0967237
2633	T	-0.055	0.1143969
2634	C	-0.154	0.1194042
2635	C	0.399	0.1282564
2636	C	0.439	0.1181253
2637	C	0.293	0.1003383
2638	T	0.063	0.08284145
2639	T	-0.021	0.07850191
2640	C	0.017	0.06889539
2641	T	0.294	0.07314672
2642	A	-0.367	0.09243988
2643	G	0.297	0.1120335
2644	C	0.412	0.1142824
2645	C	0.356	0.106868
2646	T	0.434	0.09772697
2647	C	0.125	0.07820378
2648	G	0.359	0.06331583
2649	A	-0.267	0.07223369
2650	A	-0.321	0.0538011
2651	T	0.038	0.04740817
2652	T	-0.314	0.0439296
2653	C	0.255	0.04389022
2654	C	0.436	0.04921962
2655	T	0.380	0.03991681
2656	C	0.445	0.04464797
2657	T	-0.203	0.03120215
2658	T	-0.312	0.02599871
2659	A	-0.364	0.0152928
2660	T	-0.035	0.0145134
2661	T	0.012	0.02181157
2662	C	0.182	0.02732021
2663	T	0.499	0.03094228
2664	C	0.479	0.04464684
2665	A	0	0.04717786
 2666	T	-0.241	0.04000595
2667	T	-0.393	0.03573177
2668	T	-0.400	0.03438677
2669	A	-0.293	0.04283947
2670	T	0.407	0.03367537
2671	T	-0.389	0.04136704
2672	T	-0.165	0.03921057
2673	T	-0.022	0.03276073
2674	G	-0.225	0.0437891
2675	T	0.032	0.0438258
2676	A	-0.455	0.03700826
2677	T	0.049	0.03577149
2678	T	-0.178	0.03566777
2679	T	0.215	0.04726593
2680	A	-0.166	0.05615742
2681	C	0.030	0.05689684
2682	T	0.292	0.05149517
2683	T	0.254	0.04239201
2684	T	0.450	0.04212841
2685	C	0.221	0.03730476
2686	T	0.405	0.01629559
2687	A	0.103	0.005881081
2688	G	0.173	0.001031965
2689	A	0.376	0.004318616
2690	C	0.488	0.01807087
2691	C	-0.034	0.03019194
2692	A	0.063	0.01921806
2693	T	-0.414	0.03441296
2694	A	-0.239	0.04673687
2695	G	0.159	0.05828089
2696	T	0.257	0.06764717
2697	T	0.142	0.05800149
2698	T	0.327	0.07905068
2699	C	0.440	0.08594169
2700	T	0.295	0.09389022
2701	C	0.069	0.08658674
2702	A	-0.332	0.09261871
2703	G	-0.267	0.09469123
2704	A	-0.379	0.08484477
2705	T	0.171	0.08874084
2706	A	0.292	0.08873884
2707	G	-0.423	0.09099305
2708	T	-0.447	0.08621875
2709	A	-0.449	0.08650019
2710	A	-0.251	0.09132991
2711	A	0.191	0.09039379
2712	G	0.227	0.07331575
2713	G	-0.063	0.07996572
2714	T	0.263	0.08882001
2715	T	0.364	0.1089775
2716	C	0.474	0.1185919
2717	T	0.177	0.1184363
2718	A	-0.382	0.1223118
2719	C	0.449	0.1269422
2720	T	0.345	0.1198716
2721	G	0.163	0.1084715
2722	A	-0.098	0.1114735
2723	C	0.092	0.1201397
2724	T	0.119	0.1377572
2725	T	-0.130	0.1555896
2726	T	0.422	0.1680962
2727	C	0.450	0.157751
2728	C	0.318	0.1473068
2729	T	0.200	0.1629838
2730	C	0.115	0.1831369
2731	A	0.380	0.2034272
2732	T	0.336	0.2159631
2733	C	-0.245	0.2222378
2734	T	0.251	0.2213438
2735	C	0.443	0.2245638
2736	T	0.452	0.2113441
2737	C	0.174	0.2077805
2738	T	0.152	0.2075419
2739	G	0.423	0.2125831
2740	C	0.342	0.2236165
2741	A	0.023	0.2122998
2742	A	-0.049	0.2102141
2743	C	0.424	0.2159617
2744	C	0.442	0.2150852
2745	T	0.425	0.2202132
2746	C	0.499	0.2219345
2747	T	0.158	0.2346314
2748	T	-0.273	0.2263565
2749	T	-0.156	0.2185055
2750	C	0.250	0.2213073
2751	C	0.418	0.2215096
2752	T	0.422	0.22201
2753	G	0.287	0.2207766
2754	C	0.461	0.2117077
2755	C	0.189	0.2148891
2756	T	0.074	0.2138348
2757	A	-0.305	0.2026329
2758	G	0.211	0.1981477
2759	C	0.463	0.1879015
2760	T	0.394	0.174714
2761	T	0.092	0.1542499
2762	C	-0.036	0.136424
2763	T	0.255	0.1409456
2764	C	0.410	0.1484604
2765	T	-0.135	0.14614
2766	T	0.312	0.137946
2767	C	0.193	0.1383861
2768	C	0.415	0.1234838
2769	A	0.066	0.1111746
2770	T	0.112	0.1114764
2771	G	0.438	0.1048401
2772	G	0.209	0.09902208
2773	T	0.137	0.08400343
2774	C	0.327	0.06508218
2775	A	-0.053	0.05303706
2776	A	-0.108	0.05248141
2777	G	0.206	0.05784783
2778	C	-0.037	0.06215456
2779	C	0.259	0.07296223
2780	A	-0.266	0.07288379
2781	A	-0.414	0.0662523
2782	T	-0.456	0.06843233
2783	A	-0.424	0.06322732
2784	C	0.217	0.05356686
2785	A	0.273	0.0482148
2786	C	0.324	0.04387289
2787	A	0.090	0.0570761
2788	C	0.444	0.05740205
2789	A	-0.141	0.05832375
2790	G	-0.370	0.05284222
2791	A	-0.260	0.06128304
2792	A	-0.442	0.06389776
2793	T	0	0.06298307
 2794	T	-0.227	0.06060441
2795	T	-0.391	0.06622867
2796	T	-0.230	0.06695339
2797	G	0.437	0.07422848
2798	C	0.419	0.08516995
2799	C	0.259	0.08719023
2800	T	0.159	0.08340432
2801	T	0.208	0.07063835
2802	C	0.178	0.08064507
2803	C	0.488	0.09162729
2804	A	-0.131	0.1078141
2805	T	-0.452	0.1283873
2806	T	0.025	0.1336131
2807	C	0.223	0.1340574
2808	T	0.431	0.1294072
2809	T	0.326	0.132605
2810	C	0.233	0.1268087
2811	A	0.179	0.1312217
2812	C	0.429	0.1323673
2813	T	0.225	0.1363673
2814	C	0.399	0.1463732
2815	A	0.107	0.1463732
2816	G	0.379	0.1616962
2817	G	0.358	0.1716893
2818	T	0.258	0.1811647
2819	G	0.361	0.1769248
2820	T	0.293	0.1759612
2821	T	-0.200	0.1805039
2822	T	-0.289	0.1867493
2823	C	0.163	0.1878654
2824	T	0.057	0.1924115
2825	T	0.239	0.185648
2826	C	0.460	0.1927924
2827	C	0.442	0.205435
2828	A	0.292	0.2164934
2829	C	0.124	0.2223827
2830	T	0.227	0.2015945
2831	T	0.194	0.1844253
2832	G	0.048	0.1836979
2833	G	-0.321	0.1795248
2834	A	-0.088	0.1762556
2835	A	-0.011	0.1671103
2836	T	0	0.1567789
 2837	C	0.431	0.151571
2838	T	0.038	0.1358873
2839	G	0.176	0.1161703
2840	T	0.254	0.1152043
2841	T	0.378	0.117078
2842	C	0.455	0.1188747
2843	C	0.428	0.1258008
2844	T	0.256	0.1224416
2845	C	0.374	0.1192057
2846	A	0.197	0.1249738
2847	G	0.175	0.1291504
2848	T	0.091	0.1289363
2849	C	0.501	0.1287155
2850	A	0.477	0.131729
2851	T	-0.462	0.1385363
2852	T	-0.411	0.1434477
2853	T	0.201	0.1435733
2854	T	0	0.1438111
 2855	C	0.288	0.1412772
2856	A	-0.168	0.1414355
2857	C	-0.044	0.1342654
2858	T	-0.116	0.1348766
2859	A	-0.295	0.1266984
2860	A	-0.488	0.1322597
2861	T	0.217	0.1287525
2862	C	0.442	0.1230631
2863	C	0.370	0.1070893
2864	A	0.097	0.09037407
2865	T	-0.433	0.07958283
2866	G	0.024	0.06827937
2867	T	0.305	0.05957844
2868	C	0.419	0.0457117
2869	C	0.451	0.04288476
2870	C	0.432	0.05010334
2871	T	0.422	0.03000783
2872	C	0.417	0.02680802
2873	C	0.438	0.02685499
2874	C	0.200	0.02541041
2875	A	0.058	0.01025757
2876	G	-0.430	0.0006642953
2877	T	-0.081	-0.01708552
2878	A	-0.320	-0.01818408
2879	C	0.026	-0.005548172
2880	A	0.080	-0.009195219
2881	C	0.277	-0.007547986
2882	A	0.025	-0.001928753
2883	G	0.010	0.003870153
2884	A	-0.308	-0.01024173
2885	A	-0.263	-0.02747771
2886	T	-0.035	-0.03833778
2887	T	-0.229	-0.02716385
2888	T	0	-0.01966091
 2889	T	-0.399	-0.01751852
2890	T	0.053	-0.01636547
2891	C	0.401	-0.01872787
2892	A	-0.362	-0.02752519
2893	C	0.339	-0.04772144
2894	A	-0.460	-0.06826203
2895	G	-0.473	-0.0905393
2896	A	-0.449	-0.1049592
2897	A	-0.412	-0.11397
2898	A	-0.474	-0.1131115
2899	A	-0.215	-0.1186191
2900	C	0.498	-0.1115357
2901	A	-0.273	-0.1154105
2902	T	-0.224	-0.1169875
2903	A	-0.247	-0.1326464
2904	G	0.466	-0.1438149
2905	T	-0.164	-0.1410568
2906	T	-0.370	-0.1436654
2907	A	-0.369	-0.1432496
2908	A	0.046	-0.1489047
2909	T	0.347	-0.1386142
2910	C	0.398	-0.1463003
2911	C	0.468	-0.1457856
2912	T	0.349	-0.1529547
2913	T	0.054	-0.155572
2914	T	-0.446	-0.1452354
2915	A	-0.466	-0.1579715
2916	A	-0.519	-0.1370014
2917	A	-0.419	-0.1252131
2918	A	-0.328	-0.1098239
2919	A	-0.393	-0.105522
2920	T	-0.318	-0.0981068
2921	A	-0.015	-0.08891538
2922	T	-0.140	-0.09221989
2923	A	0.012	-0.07556608
2924	T	-0.395	-0.06119296
2925	T	-0.454	-0.04574536
2926	T	0.128	-0.0582976
2927	A	-0.420	-0.05870229
2928	G	-0.245	-0.06199708
2929	A	-0.278	-0.06622555
2930	T	0.212	-0.06799108
2931	T	-0.330	-0.08120026
2932	G	-0.376	-0.08681019
2933	A	-0.254	-0.09035647
2934	C	0.289	-0.09737071
2935	T	0.081	-0.1020136
2936	T	-0.208	-0.09276979
2937	G	0.441	-0.09227274
2938	C	0.033	-0.08741328
2939	A	0.211	-0.07592574
2940	T	-0.227	-0.05567907
2941	G	-0.155	-0.04652767
2942	C	0.179	-0.0388564
2943	C	0.356	-0.03905262
2944	C	0.442	-0.02971976
2945	C	0.393	-0.0392542
2946	T	0.417	-0.04236667
2947	C	-0.072	-0.03715237
2948	T	-0.181	-0.04294041
2949	T	-0.512	-0.03472585
2950	A	-0.551	-0.01900143
2951	A	-0.029	-0.002592691
2952	G	-0.220	0.003724914
2953	G	0.156	0.01373579
2954	T	0.316	0.02298299
2955	T	0.047	0.02310152
2956	T	-0.145	0.005633453
2957	T	-0.048	-0.009072437
2958	T	-0.444	-0.01554525
2959	T	-0.310	-0.03657534
2960	C	0.074	-0.05014609
2961	T	0.541	-0.06244279
2962	T	0	-0.05123111
 2963	T	0.011	-0.03809728
2964	C	-0.024	-0.03239374
2965	C	0.260	-0.02915411
2966	A	-0.397	-0.03698665
2967	A	-0.529	-0.05299756
2968	A	-0.230	-0.06546221
2969	T	-0.120	-0.0709239
2970	G	-0.067	-0.07862709
2971	C	0.430	-0.07891706
2972	C	0.426	-0.07523181
2973	T	0.484	-0.07416982
2974	T	0.099	-0.0732173
2975	T	0.020	-0.08562619
2976	T	-0.249	-0.0973951
2977	T	-0.461	-0.1028907
2978	T	-0.550	-0.08867512
2979	A	-0.486	-0.07545481
2980	A	-0.462	-0.06136206
2981	A	-0.550	-0.05322588
2982	A	-0.316	-0.06724437
2983	C	0.254	-0.08347693
2984	C	0.409	-0.07821242
2985	C	0.425	-0.080019
2986	C	0.495	-0.06745588
2987	A	0.105	-0.07067048
2988	A	-0.294	-0.06971269
2989	T	-0.118	-0.05361025
2990	T	-0.307	-0.05526053
2991	T	-0.512	-0.04559632
2992	A	-0.524	-0.04895539
2993	A	-0.393	-0.06375839
2994	G	0.016	-0.07449359
2995	A	-0.179	-0.09830745
2996	A	-0.376	-0.110108
2997	T	-0.189	-0.1194193
2998	T	-0.188	-0.1243213
2999	T	0.466	-0.1206447
3000	C	0.519	-0.09980697
3001	T	0.161	-0.09109376
3002	T	0.039	-0.07351285
3003	T	-0.528	-0.06072069
3004	A	-0.156	-0.05616002
3005	G	0.226	-0.06652918
3006	C	-0.066	-0.07236592
3007	C	0.516	-0.07211404
3008	A	0.122	-0.07274739
3009	A	-0.356	-0.06470439
3010	T	0.163	-0.06932053
3011	A	-0.300	-0.05626371
3012	C	0.295	-0.04126243
3013	T	-0.211	-0.02972983
3014	A	-0.206	-0.009162363
3015	C	-0.034	0.00916473
3016	A	-0.539	0.01599397
3017	A	-0.407	0.02084623
3018	C	-0.379	0.03065236
3019	A	-0.460	0.03443756
3020	A	-0.303	0.04302077
3021	T	0.345	0.04304626
3022	G	-0.111	0.03766789
3023	C	0.293	0.04184059
3024	A	0	0.03875242
 3025	G	-0.120	0.06029317
3026	T	-0.191	0.07418096
3027	C	0.158	0.06608491
3028	C	0.436	0.06573257
3029	T	0.468	0.04836703
3030	T	0.451	0.03753691
3031	G	-0.493	0.03703084
3032	T	0.442	0.04015698
3033	T	0.337	0.05977145
3034	C	-0.017	0.06074703
3035	T	0.359	0.05971545
3036	C	0.394	0.07287673
3037	C	0.309	0.08512056
3038	A	0.029	0.09970052
3039	C	0.044	0.1058987
3040	T	-0.026	0.11375
3041	T	0.180	0.1128944
3042	C	0.467	0.1103156
3043	T	0.288	0.1047472
3044	T	0.340	0.1084514
3045	T	-0.093	0.09309977
3046	C	0.397	0.08268749
3047	C	0.440	0.07802753
3048	T	-0.121	0.07669872
3049	T	-0.081	0.07950602
3050	T	-0.230	0.07012192
3051	T	-0.342	0.06395906
3052	A	-0.378	0.0597874
3053	T	0.297	0.08085145
3054	C	0.542	0.06051717
3055	T	0.337	0.04312701
3056	A	-0.256	0.03175129
3057	C	0.359	0.01768589
3058	T	0.491	2.747209e-05
3059	C	0.087	-0.003036365
3060	A	-0.140	-0.01312289
3061	A	-0.042	-0.02541599
3062	T	-0.496	-0.03463873
3063	G	-0.414	-0.04371277
3064	T	0.105	-0.06550973
3065	T	0.047	-0.07171518
3066	A	-0.366	-0.08586888
3067	T	-0.447	-0.07430568
3068	T	-0.321	-0.07315496
3069	A	-0.248	-0.07804059
3070	A	0.278	-0.07207745
3071	T	0.032	-0.07767009
3072	C	0.203	-0.08314098
3073	T	0.272	-0.08349877
3074	T	0.412	-0.0707887
3075	T	-0.431	-0.06948165
3076	T	-0.410	-0.07861212
3077	T	-0.506	-0.08992772
3078	A	-0.245	-0.09093574
3079	G	-0.364	-0.1077138
3080	T	0.178	-0.1144619
3081	G	-0.404	-0.1175012
3082	T	-0.483	-0.1134961
3083	A	-0.423	-0.1026462
3084	A	-0.209	-0.08124883
3085	A	-0.470	-0.06089487
3086	C	0.021	-0.06446928
3087	A	-0.267	-0.06843561
3088	T	0.404	-0.07213182
3089	C	0.447	-0.06064559
3090	A	0.230	-0.04802064
3091	G	0.134	-0.04065378
3092	T	-0.321	-0.05706867
3093	A	-0.465	-0.05395784
3094	A	-0.358	-0.04864321
3095	C	0.168	-0.05134312
3096	T	0.353	-0.05359954
3097	C	0.149	-0.03321803
3098	A	-0.149	-0.0128711
3099	A	-0.299	0.008483579
3100	T	-0.361	0.01079811
3101	C	0.201	0.009783951
3102	G	-0.043	0.000845393
3103	A	0.031	0.006835742
3104	G	0.424	0.01192297
3105	C	0.423	0.01326839
3106	C	0.460	0.01096302
3107	T	-0.047	0.02364101
3108	T	-0.123	0.02577127
3109	T	-0.525	0.04035844
3110	T	0.046	0.03402209
3111	C	0.221	0.01701283
3112	T	0.068	0.01872234
3113	G	-0.427	0.02293123
3114	A	0.166	0.039512
3115	T	0.432	0.03912032
3116	C	0.155	0.04952712
3117	C	0.315	0.03404037
3118	C	0.444	0.02052149
3119	C	0.464	0.01331488
3120	A	0.412	0.01330244
3121	T	-0.145	0.02630174
3122	G	-0.407	0.03645123
3123	A	-0.206	0.03622448
3124	T	-0.147	0.04737544
3125	T	-0.264	0.05598427
3126	A	-0.365	0.05387283
3127	G	-0.308	0.03835778
3128	G	0.075	0.03671999
3129	A	0.113	0.04732505
3130	T	0.359	0.05462928
3131	G	0.131	0.07831263
3132	A	-0.284	0.06685642
3133	G	0.304	0.04975484
3134	T	0.315	0.03548113
3135	T	0.391	0.04026189
3136	T	-0.482	0.02970461
3137	T	0.089	0.02372957
3138	T	-0.497	0.02874385
3139	G	-0.227	0.03128233
3140	T	-0.160	0.03121215
3141	G	-0.149	0.02522601
3142	T	0.259	0.0160011
3143	T	0.074	0.02625347
3144	G	0.191	0.04378836
3145	C	0.436	0.06010173
3146	C	0.401	0.0655562
3147	T	0.333	0.06162004
3148	A	-0.243	0.05958041
3149	C	0.390	0.05692497
3150	T	0.408	0.0480898
3151	C	0.191	0.03571968
3152	C	0.492	0.02261875
3153	A	-0.446	0.01704233
3154	A	-0.513	0.03386717
3155	A	-0.545	0.03451131
3156	A	-0.221	0.03800236
3157	G	-0.287	0.03644631
3158	G	0.175	0.0518048
3159	T	0.371	0.05836944
3160	C	0.424	0.07256798
3161	T	0.441	0.08503984
3162	G	0.206	0.09183879
3163	T	0.015	0.1047151
3164	C	0.295	0.08949133
3165	C	0.346	0.09051424
3166	T	0.495	0.08250501
3167	T	0.087	0.07333031
3168	T	-0.434	0.07006215
3169	T	-0.453	0.0620326
3170	T	-0.422	0.0747726
3171	A	-0.304	0.07362883
3172	A	-0.418	0.07253792
3173	T	-0.204	0.07295813
3174	G	-0.108	0.07161811
3175	C	0.439	0.08308537
3176	T	0.332	0.09502948
3177	C	0.465	0.1107493
3178	A	0.324	0.121523
3179	C	0.177	0.1394203
3180	C	0.371	0.1419246
3181	A	0.112	0.1365994
3182	C	0.308	0.126061
3183	A	0.132	0.1264938
3184	C	0.404	0.118819
3185	T	-0.395	0.1131467
3186	T	0.118	0.0947438
3187	G	-0.152	0.07545233
3188	A	0.041	0.05492366
3189	G	0.260	0.04960279
3190	G	-0.011	0.05646742
3191	T	0.303	0.07721342
3192	T	0.341	0.09221519
3193	T	0.361	0.0970267
3194	C	0.209	0.1007432
3195	T	0.435	0.09918905
3196	G	0.046	0.09879217
3197	T	0	0.08725335
 3198	T	0.130	0.08658791
3199	C	0.241	0.08299288
3200	A	0.481	0.08180428
3201	C	0.282	0.08358314
3202	A	0.142	0.07758428
3203	C	-0.028	0.06786151
3204	T	0.460	0.04938456
3205	T	-0.123	0.03774847
3206	C	-0.228	0.03994284
3207	A	-0.496	0.05898414
3208	A	-0.483	0.05888228
3209	A	-0.387	0.06348021
3210	G	-0.141	0.05357998
3211	G	-0.139	0.03740556
3212	C	0.438	0.03339432
3213	T	0.222	0.01679179
3214	G	-0.097	0.003858995
3215	T	-0.258	-0.007088958
3216	G	-0.270	-0.006515749
3217	G	-0.125	-0.006291353
3218	G	-0.056	1.873721e-05
3219	G	0.303	0.009122853
3220	C	0.311	0.0111495
3221	C	0.273	0.01103723
3222	C	0.254	0.004893737
3223	G	0.113	0.005119412
3224	A	-0.305	0.01024537
3225	T	-0.485	0.01782128
3226	A	-0.368	0.01386088
3227	C	0.498	0.009017953
3228	C	0.423	0.008600349
3229	A	0.114	0.02485898
3230	T	0.044	0.04620793
3231	G	-0.384	0.06502286
3232	A	-0.434	0.07786691
3233	T	-0.184	0.08729444
3234	T	-0.409	0.08208107
3235	T	-0.215	0.08675823
3236	T	-0.109	0.1010482
3237	G	0.233	0.1076719
3238	C	0.444	0.1117767
3239	T	0.317	0.1245101
3240	G	0.391	0.1310113
3241	C	0.217	0.1286269
3242	A	0.236	0.1254738
3243	C	0.217	0.1292663
3244	T	0.292	0.1329673
3245	C	0.363	0.136617
3246	C	0.297	0.1354449
3247	T	0.289	0.1371398
3248	A	-0.331	0.1429466
3249	G	-0.246	0.1249623
3250	A	0.203	0.108837
3251	C	0.434	0.1030073
3252	C	0.421	0.1022946
3253	T	0.410	0.1187166
3254	G	0.266	0.1368009
3255	G	0.214	0.1467956
3256	C	0.423	0.1573749
3257	C	0.516	0.1556337
3258	T	0.026	0.1581799
3259	A	-0.094	0.1430179
3260	C	0.422	0.1249056
3261	T	0.222	0.1071772
3262	G	0.200	0.08776018
3263	G	0.175	0.08122883
3264	T	0.436	0.06426497
3265	A	0.413	0.05042734
3266	C	0.270	0.03888513
3267	A	-0.355	0.03077093
3268	T	-0.413	0.03170962
3269	A	-0.118	0.03242434
3270	G	-0.274	0.045269
3271	T	-0.269	0.05687567
3272	A	-0.136	0.05996883
3273	G	0.014	0.05197782
3274	G	0.322	0.05149849
3275	C	0.343	0.05325644
3276	A	0.245	0.05471993
3277	T	0.044	0.05102713
3278	T	-0.289	0.0419976
3279	G	0	0.02998492
 3280	A	-0.418	0.02796835
3281	T	-0.334	0.02819062
3282	A	-0.444	0.01611746
3283	A	-0.443	0.002199921
3284	A	-0.063	-0.01217703
3285	A	-0.492	-0.02753524
3286	A	-0.377	-0.04481524
3287	T	-0.203	-0.06518927
3288	T	0.014	-0.08133106
3289	T	0.337	-0.07651836
3290	G	0.320	-0.06606898
3291	C	0.221	-0.06167125
3292	T	0.252	-0.04941074
3293	G	0.336	-0.04458124
3294	G	0.090	-0.03856555
3295	A	0.401	-0.03009084
3296	G	0.486	-0.02755389
3297	C	0.329	-0.023733
3298	A	0.055	-0.03281314
3299	T	0.035	-0.04333513
3300	T	0	-0.04823864
 3301	G	-0.060	-0.05462846
3302	C	-0.084	-0.04046722
3303	A	-0.096	-0.02242464
3304	T	-0.375	-0.005197898
3305	A	-0.417	0.008702381
3306	A	-0.484	0.01952125
3307	A	-0.306	0.04054039
3308	T	-0.462	0.03933976
3309	A	-0.423	0.04056806
3310	A	-0.148	0.04414845
3311	A	0.036	0.02694817
3312	C	0.070	0.008233498
3313	T	0.252	-0.004009967
3314	A	-0.062	0.0001111488
3315	T	0.122	0.002565219
3316	G	0.378	0.01090658
3317	C	0.431	-0.007747998
3318	C	0.507	-0.02988937
3319	A	-0.144	-0.0427776
3320	T	-0.407	-
3321	T	-0.500	-
3322	T	-0.274	-
3323	G	0.190	-
3324	G	0.441	-
3325	G	0.296	-
3326	G	0.154	-
3327	C	0.402	-
3328	T	0.411	-
3329	G	-0.428	-
3330	A	-0.150	-
3331	T	0.168	-
3332	T	-0.401	-
3333	A	-0.484	-
3334	A	-0.305	-
3335	C	0.429	-
3336	A	0.441	-
3337	T	0.449	-
3338	T	-0.401	-
3339	T	-0.465	-
3340	T	-0.224	-
