1	C	-0.037	-
2	A	-0.405	-
3	A	-0.317	-
4	T	-0.262	-
5	T	-0.162	-
6	A	-0.473	-
7	G	0.011	-
8	G	0.069	-
9	C	0.388	-
10	A	0.257	-
11	C	0.324	-
12	T	0.445	-
13	T	0	-
 14	T	-0.282	-
15	T	-0.394	-
16	T	-0.325	-
17	A	-0.521	-
18	T	-0.163	-
19	T	0.272	-
20	G	0.170	0.03039008
21	C	0.318	0.03705435
22	C	0.295	0.03811476
23	C	0.245	0.04268776
24	A	0.459	0.04555697
25	C	0.052	0.05260353
26	G	0.210	0.07619871
27	C	0.455	0.08256917
28	T	0.340	0.08516979
29	G	-0.027	0.07614837
30	T	0.243	0.07234083
31	C	0.153	0.07418755
32	A	-0.413	0.06512338
33	T	-0.345	0.06975131
34	A	-0.461	0.07505613
35	A	-0.206	0.07892141
36	T	0.161	0.08173246
37	C	0.475	0.09641383
38	C	0.428	0.08847906
39	T	0.205	0.06796132
40	C	0.222	0.05215229
41	A	-0.363	0.03348457
42	G	-0.139	0.02212416
43	A	-0.150	0.008670292
44	G	0.112	-7.575897e-05
45	C	0.446	-0.001418603
46	T	0.259	-0.003440705
47	T	0.171	-0.0217315
48	G	0.036	-0.03235577
49	G	0.109	-0.03860489
50	C	0.396	-0.05749564
51	T	0.091	-0.05871602
52	A	0.180	-0.05949154
53	C	-0.075	-0.05705233
54	G	-0.243	-0.03992379
55	A	-0.215	-0.04470074
56	T	0.051	-0.05196787
57	G	-0.472	-0.06624888
58	A	-0.527	-0.08548934
59	A	-0.445	-0.08697242
60	G	-0.409	-0.09600483
61	G	-0.147	-0.08057775
62	A	-0.278	-0.08066898
63	G	0.118	-0.08642675
64	A	0	-0.1026505
 65	G	0.131	-0.1181259
66	G	-0.257	-0.1319395
67	A	-0.074	-0.1312425
68	A	-0.271	-0.121308
69	A	-0.492	-0.112824
70	T	0.105	-0.1138252
71	A	-0.444	-0.1258347
72	G	-0.249	-0.1372987
73	G	0.206	-0.1294325
74	A	-0.392	-0.1318219
75	T	-0.122	-0.1201796
76	A	-0.081	-0.1106956
77	G	-0.322	-0.08732061
78	G	0.147	-0.07188579
79	A	-0.129	-0.07256662
80	T	0.238	-0.07579367
81	G	-0.143	-0.08557792
82	G	-0.375	-0.08727828
83	A	-0.520	-0.09100529
84	A	-0.157	-0.09253609
85	T	-0.279	-0.09434775
86	T	0.198	-0.0808018
87	C	0.424	-0.06743428
88	C	0.440	-0.05618741
89	A	0.357	-0.0347992
90	A	-0.376	-0.03071866
91	G	-0.266	-0.007854562
92	A	0.230	0.009544156
93	T	-0.336	0.007047721
94	G	0.238	0.02628016
95	C	0.421	0.04035175
96	C	0.439	0.04634645
97	T	0.074	0.05548731
98	T	-0.472	0.04575592
99	T	-0.535	0.04616223
100	A	-0.529	0.04140627
101	G	-0.345	0.05428958
102	A	-0.026	0.07410665
103	G	-0.059	0.09628217
104	T	0.061	0.1028018
105	T	0.270	0.1205002
106	C	0.447	0.1243127
107	A	0.167	0.1248588
108	T	0.341	0.1221807
109	C	0.264	0.1141377
110	C	0.447	0.1274267
111	C	0.428	0.1231521
112	A	0.109	0.1123977
113	G	0.357	0.123534
114	C	0.426	0.1278677
115	C	0.152	0.1238587
116	A	0.034	0.1033734
117	T	-0.231	0.1094436
118	T	-0.114	0.1212946
119	C	0.052	0.1246636
120	C	0.359	0.1358244
121	C	0.397	0.1393902
122	C	0.344	0.1423823
123	T	0.097	0.1448978
124	G	0.411	0.1433331
125	C	0.347	0.133272
126	T	0.445	0.1091466
127	T	0.335	0.09378641
128	C	0.043	0.08939923
129	T	0.141	0.0832783
130	A	-0.433	0.08230492
131	G	-0.188	0.07481002
132	A	0.097	0.07151705
133	T	0.407	0.07405297
134	G	0.264	0.07006017
135	G	-0.359	0.07725625
136	G	0.311	0.08389729
137	A	-0.010	0.08670439
138	A	-0.403	0.08094652
139	A	-0.094	0.07590917
140	G	-0.206	0.05689507
141	T	0.089	0.04037653
142	T	0.038	0.02392466
143	C	0	0.01663601
 144	A	-0.121	0.01395973
145	A	-0.493	0.01337462
146	A	-0.431	0.007794367
147	T	0.170	0.01014157
148	A	0.026	0.01646889
149	C	0.409	0.01729261
150	C	0.136	0.04002815
151	A	-0.018	0.05692666
152	T	0.456	0.04291418
153	C	0.270	0.02053995
154	C	0.432	0.01551998
155	A	0.293	0.02095219
156	C	-0.122	0.01783524
157	A	-0.338	0.01884531
158	A	-0.143	0.03864752
159	G	-0.382	0.05129068
160	A	-0.246	0.06582473
161	A	-0.297	0.07422298
162	C	-0.187	0.08474447
163	T	0.306	0.09007852
164	T	0.324	0.07927529
165	T	0.227	0.08519777
166	C	0.427	0.09715326
167	C	0.290	0.1031704
168	T	0.173	0.1130832
169	C	0.453	0.1132682
170	C	0.470	0.1134942
171	A	-0.448	0.1080595
172	A	-0.465	0.09174693
173	G	0.068	0.07227464
174	T	-0.147	0.05354603
175	G	0.189	0.04141339
176	A	0.029	0.04972675
177	G	0.368	0.06220816
178	G	0.398	0.05549113
179	C	0.360	0.05823946
180	C	0.417	0.06074854
181	C	0.448	0.06003734
182	T	0.208	0.05663118
183	T	-0.543	0.05607216
184	A	-0.262	0.05574313
185	G	0.034	0.06092041
186	C	0.404	0.05323639
187	C	0.412	0.04091959
188	C	0.416	0.03207362
189	T	0.145	0.02947264
190	G	-0.230	0.02822277
191	G	-0.179	0.04543159
192	A	-0.488	0.06223223
193	A	-0.297	0.05684189
194	G	-0.179	0.06157877
195	T	0.201	0.05671413
196	C	0.148	0.05378824
197	A	-0.405	0.04389789
198	A	-0.275	0.03704038
199	T	-0.148	0.03867669
200	A	-0.324	0.03332659
201	G	-0.320	0.03441536
202	G	0.284	0.03085991
203	C	0.311	0.03510612
204	C	0.429	0.02815935
205	T	0.127	0.01680179
206	T	-0.190	0.01178917
207	T	-0.171	-0.01167826
208	G	0.351	-0.0292047
209	C	0.421	-0.03907583
210	A	0.222	-0.0428146
211	T	0.190	-0.04506137
212	C	-0.141	-0.0194876
213	T	0.036	-0.006042751
214	A	0	0.006453121
 215	T	-0.085	-0.002189418
216	T	-0.017	-0.004419364
217	G	0.131	0.01834915
218	C	0.424	0.03144874
219	A	0.208	0.03696172
220	T	0.491	0.05748326
221	C	0.069	0.07294946
222	T	-0.377	0.07712477
223	A	-0.533	0.08069244
224	A	-0.408	0.06084308
225	C	0.209	0.04394308
226	A	-0.502	0.036756
227	A	-0.266	0.02885915
228	G	-0.239	0.01250097
229	A	-0.376	0.01098777
230	A	-0.267	0.008752256
231	T	0.508	0.009532385
232	C	0.226	0.01637438
233	A	0.307	0.01288135
234	T	-0.135	0.003623295
235	T	0.061	-0.005564195
236	C	0.482	-0.008188646
237	A	0.235	-0.004540159
238	A	0.066	-0.006007133
239	C	0.475	-0.006819621
240	C	0.283	-0.01024762
241	T	0.447	-0.007969869
242	C	0.450	-0.002094895
243	A	-0.344	0.02087177
244	T	-0.531	0.04218726
245	A	-0.470	0.04037141
246	G	-0.479	0.05864728
247	A	-0.286	0.06480592
248	G	0.362	0.06708022
249	G	0.135	0.0733723
250	G	0.220	0.08920527
251	G	0.125	0.08665256
252	T	-0.099	0.09139412
253	T	-0.361	0.08351225
254	T	-0.443	0.09692025
255	T	-0.119	0.1007612
256	C	0.273	0.1008404
257	T	0.367	0.1039319
258	C	0.176	0.1075936
259	C	0.357	0.09909142
260	T	0.158	0.09675386
261	G	-0.148	0.09212781
262	T	0.361	0.07732139
263	C	0.422	0.09244757
264	C	0.138	0.1178197
265	T	0.210	0.123716
266	T	-0.026	0.126898
267	T	-0.151	0.1249227
268	G	-0.131	0.1163535
269	C	0.350	0.1204416
270	T	0.409	0.1184831
271	C	0.411	0.104821
272	C	0	0.09654573
 273	A	0.387	0.0947588
274	G	0.211	0.1022528
275	C	0.485	0.1179866
276	G	0.356	0.1185463
277	A	0.208	0.1203398
278	C	0.143	0.1126487
279	T	0.191	0.09231024
280	C	0.267	0.08699284
281	A	-0.126	0.08992616
282	G	0.245	0.08467701
283	G	0.457	0.08515108
284	G	-0.240	0.08990039
285	A	-0.355	0.08563004
286	A	-0.363	0.07993646
287	G	0.028	0.07547302
288	A	0.294	0.07213807
289	C	0.144	0.05851379
290	G	-0.407	0.03769682
291	A	-0.422	0.03809564
292	A	-0.430	0.04890989
293	T	-0.151	0.05062036
294	C	0.494	0.05143156
295	T	0.295	0.02691113
296	T	0.437	0.02251602
297	A	-0.122	0.01095569
298	T	-0.435	0.002556972
299	T	-0.049	-0.0007319103
300	T	-0.034	-0.005338359
301	G	0.157	0.003985436
302	T	0.441	-0.01140541
303	G	0.323	-0.0165091
304	T	0.043	-0.004248077
305	T	-0.248	0.004854821
306	T	-0.325	0.01966695
307	T	-0.261	0.02940237
308	T	-0.181	0.01643185
309	T	-0.402	0.01373943
310	C	0.427	0.02874512
311	C	0.421	0.04376735
312	C	0.454	0.05228917
313	A	0.242	0.06059389
314	G	-0.471	0.05159076
315	G	0.185	0.0543325
316	A	-0.241	0.03788348
317	C	-0.183	0.04345157
318	A	0.063	0.05892563
319	C	0.087	0.07118756
320	G	0.236	0.08164294
321	G	-0.354	0.08658563
322	T	0.258	0.06523696
323	G	0.237	0.06054891
324	G	0	0.06117225
 325	G	0.214	0.07632641
326	T	0.408	0.08244454
327	G	-0.211	0.09124041
328	G	0.039	0.1010709
329	G	0.177	0.1220544
330	G	0.163	0.1207096
331	A	-0.098	0.1143729
332	G	0.172	0.09651474
333	C	0.142	0.08655054
334	T	0.402	0.08798448
335	A	-0.204	0.07016569
336	G	0.094	0.07976846
337	G	0.167	0.09243684
338	C	0.429	0.1016494
339	T	0.373	0.1061954
340	C	0.350	0.1102022
341	A	-0.391	0.1288961
342	T	0.140	0.1312132
343	G	0.068	0.1343477
344	C	0.342	0.1450321
345	A	-0.086	0.1404504
346	G	0.081	0.1327743
347	T	0.202	0.1497483
348	C	0.415	0.1452521
349	G	0.374	0.1493728
350	T	0.174	0.1558022
351	G	-0.242	0.1528928
352	A	-0.145	0.1458457
353	A	-0.415	0.1416135
354	G	-0.509	0.1332263
355	A	0.132	0.1256799
356	C	0.310	0.1252379
357	C	0.422	0.1183307
358	T	0.264	0.1190201
359	C	0.393	0.1084046
360	T	0.374	0.09821894
361	G	0.349	0.12094
362	G	0.360	0.1291352
363	T	0.416	0.1329531
364	A	0.035	0.1115564
365	C	0.108	0.1081766
366	C	0.450	0.09335592
367	A	-0.136	0.08817264
368	C	0.338	0.06627126
369	C	0.414	0.06108321
370	T	-0.211	0.05888076
371	G	-0.102	0.06907809
372	G	-0.022	0.06470342
373	A	0.075	0.076488
374	T	-0.498	0.09970285
375	G	0.076	0.08613915
376	G	-0.101	0.06550808
377	T	0.455	0.06470092
378	G	-0.040	0.07162467
379	G	-0.047	0.05916903
380	C	0.494	0.04622949
381	A	0.460	0.04797877
382	T	0.216	0.05152552
383	T	-0.492	0.04084108
384	A	-0.218	0.04370675
385	G	-0.496	0.03952678
386	G	0	0.0395197
 387	G	-0.438	0.03332229
388	A	0.172	0.01534124
389	T	0.088	0.003855379
390	C	0.155	0.02014999
391	A	-0.316	0.01439161
392	G	0.044	0.003402421
393	G	0.395	-0.003824554
394	G	-0.396	0.01119918
395	A	-0.494	0.01680925
396	A	0.391	0.01914252
397	C	0.534	0.006867044
398	T	-0.092	-0.005536146
399	A	-0.130	-0.004325708
400	C	0.417	-0.006500221
401	T	0.498	-0.01908848
402	G	0	-0.02657776
 403	A	0.147	-0.0154835
404	T	-0.054	8.032308e-05
405	T	0.450	0.02103955
406	T	-0.377	0.03123809
407	T	-0.362	0.05335158
408	T	-0.033	0.05841702
409	C	0.423	0.06364039
410	A	-0.326	0.07241877
411	A	-0.450	0.09180703
412	G	-0.206	0.0919521
413	T	0.087	0.08734069
414	G	0.295	0.1004343
415	C	-0.010	0.1086733
416	A	-0.022	0.09464687
417	A	-0.524	0.09087959
418	T	0	0.1053127
 419	C	0.410	0.09765507
420	T	-0.030	0.08695284
421	G	-0.075	0.0774693
422	A	-0.059	0.07619687
423	C	0.388	0.06055425
424	T	0.321	0.05417599
425	C	0.397	0.05057148
426	C	0.424	0.07150876
427	T	0.370	0.09237804
428	C	0.292	0.1053038
429	T	0.497	0.102864
430	C	0.439	0.107938
431	T	0.050	0.1118608
432	C	0.215	0.1104317
433	A	0.114	0.1013539
434	G	-0.172	0.0982836
435	A	-0.155	0.1030371
436	C	0.388	0.09351455
437	T	0.470	0.1108222
438	A	-0.428	0.1124222
439	G	0	0.1091706
 440	C	0.128	0.1103737
441	A	-0.049	0.1175499
442	A	-0.462	0.1179697
443	T	-0.302	0.1080066
444	T	0.310	0.09570916
445	C	0.438	0.08184126
446	C	0.451	0.07053025
447	C	0.470	0.07136456
448	A	0.328	0.07173033
449	G	-0.128	0.06663171
450	A	-0.297	0.06603792
451	G	-0.262	0.07540493
452	G	-0.266	0.08067763
453	A	0.176	0.08986673
454	C	0.174	0.1052999
455	A	-0.394	0.1122679
456	G	0.150	0.1023175
457	A	0.062	0.08830752
458	G	0.283	0.09611703
459	G	0.016	0.104059
460	T	0.204	0.1033401
461	C	-0.043	0.09995006
462	T	0	0.1021619
 463	T	-0.158	0.09639208
464	G	-0.143	0.07448488
465	T	-0.017	0.04893501
466	C	0.402	0.03736408
467	T	0.306	0.03652698
468	C	0.299	0.03899729
469	C	0.416	0.0530827
470	T	0.415	0.07170706
471	C	0.421	0.0895158
472	C	0.472	0.1014976
473	C	0.429	0.09397252
474	T	0.116	0.09124654
475	C	0	0.1023114
 476	A	-0.076	0.09100747
477	G	-0.124	0.07685624
478	A	0.309	0.05968214
479	C	0.100	0.06643725
480	T	-0.181	0.07059653
481	G	-0.376	0.08076949
482	A	-0.528	0.09058152
483	A	-0.544	0.1050774
484	A	-0.557	0.1179736
485	G	0	0.1257937
 486	C	0.437	0.1262963
487	T	0.424	0.1289336
488	C	0.420	0.1312251
489	C	0.428	0.1326841
490	T	0.432	0.1278679
491	G	0.200	0.1191312
492	G	-0.117	0.116584
493	A	0.068	0.1168305
494	G	0.037	0.1181762
495	A	-0.290	0.1297235
496	A	-0.489	0.1430526
497	A	-0.386	0.1538783
498	C	0.279	0.1579251
499	T	0.366	0.1623127
500	G	0.353	0.1774492
501	C	0.382	0.1874178
502	C	0.406	0.2050314
503	T	0.359	0.2128323
504	T	0.287	0.2325919
505	C	0.422	0.2264897
506	C	0.409	0.2258218
507	C	0.388	0.2257131
508	T	0.473	0.22034
509	C	0.227	0.218642
510	A	0.080	0.2188686
511	C	0.373	0.2204156
512	T	0.438	0.2334699
513	T	0.168	0.2395257
514	C	0.450	0.2476161
515	C	0.443	0.2592669
516	C	0.297	0.2745405
517	T	0.467	0.2850411
518	C	0.271	0.2830857
519	T	0.408	0.2867394
520	C	0.012	0.2806601
521	T	0.158	0.280534
522	T	-0.240	0.2753393
523	G	0.212	0.2574766
524	T	-0.237	0.2390882
525	C	0.411	0.2327596
526	C	0.420	0.2230957
527	C	0.211	0.2179187
528	C	0.362	0.2156111
529	T	0.441	0.2206701
530	G	0.260	0.2278819
531	C	0.391	0.2230497
532	C	0.304	0.2137661
533	C	0.352	0.2159507
534	C	0.164	0.2138881
535	T	0.106	0.2020943
536	T	0.023	0.1949658
537	C	0.203	0.1840898
538	T	0.509	0.1868911
539	C	0.116	0.1832108
540	T	0.377	0.1951078
541	C	0.204	0.1932568
542	A	-0.336	0.1965188
543	G	-0.429	0.1831154
544	T	0.175	0.1860486
545	T	0.032	0.1782177
546	G	0.186	0.180304
547	C	0.383	0.1825524
548	C	0.424	0.1777547
549	C	0.361	0.1649067
550	A	0.184	0.1572613
551	G	0.076	0.1501844
552	G	0.253	0.1408178
553	G	0.369	0.1365212
554	C	-0.016	0.136907
555	A	0.019	0.1444657
556	G	0.043	0.1488871
557	A	0.380	0.1538434
558	G	0.264	0.1499182
559	C	0.476	0.1562751
560	T	0.086	0.155894
561	T	-0.112	0.1583988
562	T	-0.309	0.1783342
563	G	-0.123	0.2004607
564	T	0.106	0.1880095
565	C	0.501	0.1979972
566	C	0.298	0.1946645
567	A	0.175	0.1848356
568	C	-0.059	0.1789694
569	A	-0.037	0.1804718
570	G	0.115	0.1809299
571	A	-0.060	0.1797917
572	G	0.185	0.1602006
573	G	0.179	0.1393729
574	G	0.400	0.131497
575	C	0.195	0.1170933
576	C	0.396	0.1180311
577	A	0.356	0.1193039
578	C	0.364	0.1155321
579	T	0.362	0.1131509
580	C	0.301	0.1070392
581	C	0.440	0.107579
582	T	0.433	0.1026124
583	G	-0.310	0.1164909
584	C	0.422	0.1111682
585	T	0.056	0.1003941
586	G	0	0.1018778
 587	T	0.196	0.102882
588	G	0.420	0.105087
589	C	0.202	0.1175277
590	A	0.032	0.11699
591	T	-0.510	0.1266993
592	A	-0.442	0.1318944
593	G	-0.323	0.1298339
594	A	-0.541	0.1162427
595	A	0.079	0.1186675
596	C	0.430	0.1097457
597	C	0.117	0.1021907
598	T	0.383	0.08536217
599	T	-0.151	0.06899255
600	G	-0.091	0.05669176
601	A	-0.503	0.05250283
602	C	0.417	0.04817768
603	T	-0.101	0.06150486
604	G	0.081	0.06102386
605	T	0.356	0.07172343
606	G	0.214	0.07005416
607	T	0.026	0.05098255
608	C	0.447	0.04079987
609	G	0.094	0.03787254
610	G	0.318	0.02953297
611	T	0.387	0.03586074
612	G	0.099	0.04778264
613	A	-0.129	0.06738933
614	C	0.290	0.07946247
615	T	0.048	0.07578351
616	C	0.061	0.05622541
617	A	-0.291	0.0601671
618	G	-0.275	0.05721894
619	A	-0.177	0.06304342
620	G	0.277	0.06539774
621	G	0.265	0.07305912
622	G	0.209	0.06077994
623	G	0.403	0.06435658
624	G	0.473	0.07092628
625	T	-0.065	0.06739825
626	T	-0.547	0.05832072
627	A	0.023	0.05894168
628	C	0.088	0.05223468
629	A	-0.293	0.04009601
630	A	-0.263	0.04053606
631	T	0.022	0.04264819
632	C	0.441	0.04497231
633	T	-0.071	0.05581144
634	G	-0.063	0.04768054
635	A	-0.332	0.05197531
636	T	0.271	0.061701
637	T	0.268	0.07791359
638	G	0.075	0.08528761
639	G	0	0.09569189
 640	G	-0.204	0.09458094
641	A	-0.061	0.09839951
642	A	0.038	0.1013169
643	G	0.337	0.09751794
644	T	0.219	0.09293489
645	G	-0.139	0.1056437
646	C	0.050	0.1287203
647	T	0.186	0.1380924
648	A	-0.378	0.1432091
649	C	0.335	0.1607396
650	C	0.470	0.1742858
651	G	0.189	0.1666237
652	T	0.293	0.1537925
653	G	-0.027	0.1422716
654	G	0.216	0.1466991
655	T	0.441	0.1647809
656	C	0.340	0.1690773
657	T	0.012	0.1673947
658	G	0.227	0.1678264
659	T	0.233	0.1743774
660	C	0.414	0.1737002
661	G	0.323	0.1710996
662	G	0.255	0.1734129
663	T	0.295	0.1672327
664	G	0.430	0.1707498
665	C	0.352	0.1728915
666	C	0.388	0.1615695
667	T	0.288	0.144781
668	C	0.390	0.1461829
669	C	0.264	0.1387858
670	A	-0.276	0.1284317
671	T	-0.059	0.1272864
672	T	-0.520	0.124382
673	T	0.109	0.1194165
674	C	0.372	0.1166052
675	C	0.439	0.1004917
676	T	0.203	0.08247266
677	C	0.092	0.0745758
678	T	0.255	0.0595438
679	T	-0.231	0.04112224
680	G	-0.162	0.02279991
681	T	0.128	0.01495341
682	G	0.096	-0.001865951
683	T	0.356	0.0009262026
684	A	-0.056	-0.02088495
685	G	-0.391	-0.04236357
686	A	-0.468	-0.05438932
687	A	-0.324	-0.06663025
688	T	0.046	-0.0766473
689	G	0.066	-0.09430102
690	G	0.145	-0.08866499
691	A	0.180	-0.09832248
692	G	-0.220	-0.08855895
693	T	0.106	-0.08628041
694	T	-0.187	-0.09673521
695	G	-0.362	-0.1108495
696	T	-0.295	-0.1231535
697	A	-0.358	-0.1326166
698	A	-0.484	-0.1462623
699	T	-0.300	-0.1493963
700	G	0.017	-0.1504406
701	A	-0.400	-0.1622341
702	A	0.404	-0.1759301
703	G	-0.420	-0.1936085
704	A	-0.485	-0.2046106
705	T	-0.080	-0.2057355
706	T	-0.189	-0.1901896
707	A	0	-0.1788481
 708	A	-0.423	-0.1851672
709	T	-0.056	-0.1755016
710	T	-0.435	-0.1792201
711	T	-0.139	-0.182149
712	T	0.198	-0.1795337
713	T	-0.034	-0.1861154
714	T	-0.111	-0.174307
715	T	-0.276	-0.1560248
716	T	-0.276	-0.1463015
717	T	-0.276	-0.1298787
718	T	-0.353	-0.112075
719	T	-0.203	-0.0968579
720	T	-0.331	-0.08627956
721	T	-0.437	-0.06359933
722	T	-0.333	-0.06288268
723	T	-0.485	-0.06422256
724	G	-0.435	-0.04720179
725	A	0.137	-0.03891008
726	G	0.118	-0.02922316
727	A	-0.199	-0.02375936
728	C	0.443	-0.002656031
729	G	0	0.008700638
 730	G	0.066	0.02027674
731	A	-0.118	0.02977195
732	G	-0.149	0.03414292
733	T	0.273	0.04484303
734	C	0.350	0.04679812
735	T	0.083	0.05250527
736	C	0.282	0.04637053
737	G	0.209	0.04355956
738	C	0.292	0.04735009
739	C	0.429	0.05166216
740	C	0.483	0.0581734
741	T	0.431	0.06938394
742	G	-0.472	0.08849937
743	T	0.178	0.09527027
744	T	0.243	0.1056794
745	G	0.188	0.1060485
746	C	0.213	0.1023935
747	C	0.399	0.1186521
748	C	0.386	0.1161494
749	A	0.015	0.1149222
750	G	0.230	0.1114532
751	G	0.368	0.1006955
752	C	0.382	0.105578
753	T	-0.035	0.1042324
754	G	-0.054	0.10561
755	A	-0.515	0.1098386
756	A	-0.386	0.1000827
757	G	-0.205	0.1053491
758	T	-0.035	0.1089213
759	G	-0.077	0.1102645
760	C	0	0.09627027
 761	A	0.412	0.09576586
762	G	-0.221	0.1166941
763	T	-0.029	0.1059671
764	G	0.152	0.0979404
765	G	-0.024	0.09763409
766	T	0.434	0.09327879
767	G	0.345	0.07380153
768	C	-0.047	0.07048658
769	G	-0.069	0.07875099
770	A	-0.538	0.08367222
771	T	0.040	0.0840342
772	C	0.220	0.07917189
773	T	0.404	0.07967251
774	C	0.248	0.08803758
775	G	-0.098	0.1100293
776	G	0.415	0.1251033
777	C	0.432	0.1297349
778	T	0.482	0.1361149
779	C	-0.061	0.1490916
780	A	0.412	0.1497435
781	C	0.343	0.1474505
782	T	-0.239	0.1480974
783	G	-0.069	0.1519417
784	C	0.176	0.1442767
785	A	0.043	0.1408804
786	A	-0.360	0.1327168
787	G	0.257	0.1342163
788	C	0.337	0.1451391
789	T	0.422	0.1583247
790	C	0.382	0.1814497
791	C	0.192	0.1826146
792	A	-0.015	0.170683
793	C	0.272	0.157722
794	C	0.341	0.1621639
795	T	0.201	0.1758297
796	C	-0.025	0.1723132
797	C	0.213	0.1711609
798	C	0.428	0.1682904
799	G	0.025	0.1746671
800	G	0.322	0.1763328
801	G	-0.195	0.1787789
802	T	0.120	0.1946295
803	T	-0.146	0.206356
804	C	-0.156	0.2093984
805	A	0.115	0.2173105
806	C	0.404	0.2371925
807	G	0.378	0.2419995
808	C	0.445	0.2433927
809	C	0.363	0.2417727
810	A	0.086	0.2431323
811	T	-0.244	0.249184
812	T	-0.100	0.2416456
813	C	0.421	0.2342421
814	T	0.434	0.2133898
815	C	0.278	0.2016804
816	C	0.387	0.2012982
817	T	0.370	0.1948292
818	G	0.186	0.1942862
819	C	0.477	0.1986683
820	C	0.439	0.1990351
821	T	0.378	0.2053002
822	C	0.387	0.1949224
823	A	0.295	0.203759
824	G	0.351	0.221346
825	C	0.415	0.2167277
826	C	0.444	0.1966409
827	T	0.392	0.1824682
828	C	0.359	0.1663805
829	C	0.435	0.167051
830	C	0.428	0.171661
831	G	-0.309	0.1884686
832	A	-0.016	0.201989
833	G	-0.471	0.2023425
834	T	-0.255	0.2011986
835	A	-0.039	0.204831
836	G	-0.038	0.2058643
837	C	0.407	0.2056784
838	T	0.196	0.20659
839	G	0.337	0.2016919
840	G	0.048	0.1951783
841	G	-0.283	0.1953023
842	A	0.197	0.1871643
843	C	0.529	0.1883322
844	T	-0.064	0.1858797
845	A	-0.379	0.1855071
846	C	-0.174	0.1845595
847	A	-0.182	0.1856564
848	G	0.389	0.1873413
849	G	0.265	0.1884543
850	C	0.410	0.1899772
851	G	0.426	0.1945371
852	C	0.435	0.1936699
853	C	0.390	0.2018416
854	C	0.419	0.213256
855	G	0.427	0.2189222
856	C	0.363	0.2131353
857	C	0.222	0.1925605
858	A	0.286	0.1895257
859	C	0.185	0.1818304
860	C	0.383	0.1740232
861	A	0.070	0.194218
862	C	0.340	0.1973858
863	G	0.256	0.1784259
864	C	0.400	0.1779757
865	C	0.407	0.1830374
866	C	0.434	0.1770374
867	G	0.425	0.1700265
868	G	0.479	0.1509193
869	C	0.488	0.1316513
870	T	-0.131	0.1162924
871	A	-0.050	0.1067255
872	A	-0.152	0.0890237
873	T	0.190	0.08216283
874	T	0.181	0.06458429
875	T	-0.264	0.04765675
876	T	-0.394	0.04475219
877	T	0.077	0.03940778
878	T	0.037	0.03751409
879	G	-0.256	0.04347173
880	T	0.503	0.04382891
881	A	0.321	0.04981899
882	T	-0.210	0.04108368
883	T	-0.081	0.04346335
884	T	-0.181	0.03131479
885	T	-0.408	0.01714568
886	T	-0.455	0.01760374
887	A	-0.355	0.01843545
888	G	-0.485	0.01786125
889	T	-0.188	-0.0007289821
890	A	0.053	-0.008965931
891	G	-0.255	-0.01854587
892	A	0.122	-0.02497692
893	G	-0.265	-0.04226818
894	A	-0.232	-0.04181287
895	C	0.249	-0.02533615
896	T	0.013	-0.006862254
897	G	0.212	5.738718e-05
898	G	0.417	-0.007761777
899	G	0.396	-0.004328418
900	T	0.303	-0.02469908
901	T	0	-0.03120684
 902	T	0.348	-0.01431323
903	C	-0.073	-0.01221817
904	A	-0.144	-0.002099195
905	C	0.452	0.01423342
906	C	0.457	0.03087398
907	A	0.456	0.03022547
908	T	-0.236	0.03292052
909	G	-0.452	0.04298678
910	A	-0.424	0.04674302
911	T	-0.403	0.06034525
912	A	-0.484	0.05281358
913	G	0.198	0.07095594
914	C	0.378	0.08762648
915	C	0.325	0.09273122
916	A	0.347	0.08913261
917	G	-0.267	0.09107863
918	G	-0.122	0.09282637
919	A	-0.290	0.09330666
920	T	0.067	0.09261061
921	G	0.448	0.104264
922	G	0	0.09428829
 923	T	0.212	0.08768844
924	C	0.228	0.08327262
925	T	0.193	0.06378639
926	T	-0.380	0.056608
927	G	-0.380	0.03632682
928	A	0.204	0.04983049
929	T	0.199	0.06913846
930	C	0.275	0.09081577
931	T	-0.171	0.1117127
932	C	0.441	0.1209517
933	C	0.417	0.1216669
934	T	0.448	0.1141353
935	G	-0.126	0.1145914
936	A	0.288	0.1153702
937	C	0.485	0.1321746
938	C	0.415	0.1428731
939	T	0.276	0.1593501
940	C	0.454	0.1695287
941	G	-0.040	0.1692718
942	T	-0.330	0.1806233
943	G	-0.317	0.1839166
944	A	-0.307	0.187778
945	T	0.177	0.1809399
946	T	-0.334	0.1773646
947	C	0.289	0.1737445
948	G	0.300	0.1609448
949	C	0.421	0.1481392
950	C	0.411	0.1368145
951	T	-0.123	0.1420588
952	G	0.226	0.1363354
953	C	0.084	0.1361538
954	C	0.343	0.1266695
955	T	0.378	0.1400684
956	C	0.387	0.138122
957	A	0.295	0.1149259
958	G	0.351	0.09853376
959	C	0.464	0.07758627
960	C	0.438	0.07247653
961	T	0.442	0.06542277
962	C	0.341	0.07526065
963	C	0.378	0.08793596
964	C	-0.073	0.09848424
965	A	-0.520	0.1047376
966	A	-0.521	0.1133096
967	A	-0.294	0.09578032
968	G	-0.299	0.07898609
969	T	-0.166	0.05659004
970	G	0.033	0.05477132
971	C	0.218	0.0675836
972	T	0.410	0.06673612
973	G	0.079	0.06921452
974	G	0.396	0.07047385
975	G	0.212	0.06976731
976	A	-0.418	0.06438641
977	T	-0.223	0.06700652
978	T	-0.540	0.06828582
979	A	0.255	0.06734585
980	C	-0.315	0.06681831
981	A	0.053	0.06636977
982	G	0.177	0.06701134
983	G	0.104	0.05539667
984	T	0.421	0.06910503
985	G	0	0.08745711
 986	T	-0.393	0.113187
987	G	-0.354	0.1212323
988	A	-0.452	0.1192348
989	G	0.340	0.110979
990	C	0.375	0.1057618
991	C	0.193	0.09172296
992	A	0.181	0.06912888
993	C	0.392	0.06639791
994	C	0.350	0.05169839
995	A	0.177	0.03581944
996	C	0.397	0.04239516
997	G	0.401	0.04034298
998	C	0.427	0.05290497
999	C	0.417	0.05541954
1000	C	0.425	0.05705492
1001	A	0.366	0.04742886
1002	G	-0.074	0.03101322
1003	C	0.461	0.01641057
1004	C	0.195	-0.006603169
1005	A	0.481	-0.01825755
1006	T	0.018	-0.02125835
1007	G	-0.377	-0.02303858
1008	A	-0.488	-0.01904776
1009	A	-0.170	-0.02931526
1010	G	-0.328	-0.03477193
1011	A	-0.470	-0.03800853
1012	T	-0.027	-0.04816333
1013	T	-0.177	-0.06017958
1014	A	-0.406	-0.06945408
1015	A	-0.162	-0.06431965
1016	A	-0.303	-0.06357596
1017	T	-0.050	-0.06890342
1018	T	0.353	-0.08808806
1019	T	-0.251	-0.09620426
1020	T	-0.322	-0.09656547
1021	T	-0.462	-0.0950308
1022	A	-0.465	-0.08510716
1023	A	-0.476	-0.08803206
1024	A	-0.454	-0.08597532
1025	A	-0.510	-0.1036067
1026	A	-0.424	-0.1155315
1027	G	-0.296	-0.1177932
1028	C	-0.060	-0.1128623
1029	A	0.162	-0.1228651
1030	T	0.067	-0.1172395
1031	G	-0.214	-0.09925771
1032	T	-0.076	-0.09226469
1033	G	-0.011	-0.07681574
1034	C	0.377	-0.05593518
1035	C	0.426	-0.04639659
1036	T	0.193	-0.0447681
1037	G	-0.320	-0.05456284
1038	G	0.101	-0.0749872
1039	C	0.411	-0.07889253
1040	T	0.426	-0.07625486
1041	C	0.313	-0.07519686
1042	G	0.347	-0.06519317
1043	T	0.275	-0.0649113
1044	G	-0.205	-0.06662651
1045	G	-0.446	-0.0535281
1046	T	-0.465	-0.04062811
1047	A	-0.295	-0.02275439
1048	A	-0.560	-0.008796836
1049	G	-0.109	-0.01069726
1050	G	0.230	-0.02266358
1051	G	0.245	-0.02656058
1052	C	0.425	-0.03262479
1053	T	0.407	-0.04212719
1054	C	0.209	-0.05886329
1055	A	-0.240	-0.07321249
1056	G	-0.432	-0.07483357
1057	T	-0.443	-0.05785583
1058	A	-0.403	-0.05430375
1059	A	-0.219	-0.05704832
1060	A	-0.421	-0.06009598
1061	T	-0.075	-0.06214934
1062	G	-0.465	-0.07131917
1063	A	-0.521	-0.08339315
1064	G	0	-0.07506617
 1065	A	0.078	-0.05258443
1066	G	0.400	-0.04615851
1067	C	0.484	-0.03698629
1068	T	0.088	-0.01286808
1069	T	-0.399	0.000272841
1070	T	-0.366	0.003286123
1071	T	-0.312	0.0062992
1072	A	-0.381	0.005547174
1073	T	-0.274	0.003838559
1074	T	-0.133	0.005961149
1075	G	0.130	0.02225666
1076	C	0.341	0.0441942
1077	C	0.239	0.06675917
1078	T	0.304	0.0859883
1079	T	0.307	0.1011544
1080	C	0.232	0.1175025
1081	A	-0.010	0.1269676
1082	G	-0.195	0.1414063
1083	G	0.118	0.1523098
1084	A	0.430	0.1605515
1085	C	-0.215	0.169379
1086	A	0.061	0.1631668
1087	G	0.380	0.1541412
1088	C	0.402	0.1616768
1089	T	0.348	0.1822596
1090	G	0.362	0.1960826
1091	G	0.395	0.2155392
1092	C	0.340	0.2342492
1093	G	0.292	0.2359778
1094	C	0.395	0.2291995
1095	C	0.423	0.2123104
1096	C	0.436	0.2035431
1097	C	0.346	0.1970176
1098	T	0.372	0.1874588
1099	C	0.215	0.1720578
1100	C	0.294	0.1544315
1101	T	0.098	0.1439109
1102	A	-0.096	0.1449578
1103	G	0.321	0.1464881
1104	C	0.423	0.1465726
1105	T	0.158	0.1488582
1106	T	0.132	0.1410786
1107	T	0.382	0.1243985
1108	C	0.403	0.1058382
1109	T	0.172	0.1060551
1110	G	0.446	0.1074263
1111	C	0.348	0.1048261
1112	T	-0.207	0.1083045
1113	T	-0.397	0.100351
1114	A	-0.527	0.08087376
1115	T	0	0.07157329
 1116	C	-0.014	0.04654442
1117	A	-0.068	0.03580309
1118	G	-0.293	0.02930974
1119	A	-0.454	0.03239522
1120	A	-0.420	0.03360248
1121	A	-0.154	0.03905203
1122	T	0.178	0.05243535
1123	C	0.434	0.04647388
1124	A	-0.126	0.04103281
1125	G	-0.241	0.04870788
1126	G	-0.270	0.05780547
1127	A	-0.320	0.04438465
1128	T	0.356	0.02013917
1129	G	0.416	0.01033142
1130	G	0.294	0.01025768
1131	G	0.476	0.01343991
1132	G	-0.017	0.0297035
1133	A	-0.364	0.03003786
1134	G	0.060	0.03202471
1135	A	-0.539	0.02076978
1136	T	-0.072	0.01369908
1137	C	0.118	0.002247818
1138	C	0.336	0.008914974
1139	A	0.341	0.02855028
1140	G	0.310	0.03566213
1141	C	0.425	0.04133852
1142	A	0.088	0.04208847
1143	G	0.210	0.04141911
1144	C	0.457	0.05097075
1145	C	0.487	0.06991226
1146	T	-0.140	0.08402926
1147	A	-0.542	0.09177622
1148	A	-0.210	0.07115686
1149	G	0.443	0.04960609
1150	C	0.472	0.03104619
1151	T	0.426	0.01310353
1152	T	-0.384	0.009527751
1153	A	-0.450	0.0262317
1154	G	-0.438	0.02090068
1155	A	-0.290	0.03946666
1156	A	-0.515	0.03377139
1157	A	-0.033	0.01913467
1158	G	0.311	0.01328308
1159	G	-0.143	0.007326495
1160	T	0.067	0.004284879
1161	A	0.207	-0.008206651
1162	G	0.407	0.001035613
1163	C	0.246	-0.004370233
1164	C	0.497	-0.01816961
1165	T	0.280	-0.04303202
1166	T	-0.018	-0.04916684
1167	C	-0.447	-0.03949612
1168	A	-0.424	-0.02413314
1169	A	-0.429	-0.03015412
1170	A	-0.223	-0.04302278
1171	A	-0.157	-0.04941425
1172	T	0.287	-0.03451109
1173	G	-0.147	-0.01858886
1174	A	0.184	0.002028959
1175	G	-0.294	0.01579478
1176	A	-0.451	0.03755883
1177	A	0.107	0.05090265
1178	T	0.108	0.03851439
1179	C	0.191	0.02929344
1180	A	-0.061	0.03147926
1181	C	0.449	0.03430174
1182	A	0	0.02888454
 1183	G	-0.080	0.03327803
1184	A	-0.482	0.03096633
1185	A	-0.380	0.03161162
1186	G	-0.164	0.04446935
1187	C	0.388	0.05817375
1188	C	0.208	0.05642575
1189	A	-0.029	0.06014901
1190	G	0.177	0.05970319
1191	C	0.196	0.0685548
1192	C	0.170	0.0674077
1193	A	0.365	0.08248703
1194	G	0.246	0.07282524
1195	C	0.333	0.07695491
1196	C	0.487	0.08719935
1197	T	-0.171	0.09267396
1198	A	-0.503	0.1002881
1199	G	0.152	0.10151
1200	C	0.317	0.1086759
1201	A	0.196	0.1029696
1202	G	0.417	0.110345
1203	C	0.406	0.1134768
1204	C	0.305	0.1230842
1205	C	0.482	0.1215727
1206	T	0.086	0.1302776
1207	A	-0.492	0.1153619
1208	T	-0.284	0.1209909
1209	G	-0.240	0.1303326
1210	C	0.187	0.1361315
1211	G	0.242	0.1412457
1212	G	0.440	0.1412634
1213	G	-0.192	0.1314425
1214	T	-0.133	0.135777
1215	C	-0.052	0.1262007
1216	T	0.321	0.1145639
1217	C	0.405	0.1157938
1218	G	0.239	0.128423
1219	G	0.218	0.1154556
1220	G	0.226	0.1129003
1221	C	0.287	0.11428
1222	T	0.041	0.09554534
1223	G	-0.107	0.08388982
1224	A	-0.438	0.07102472
1225	G	0.174	0.05265082
1226	A	-0.192	0.03943837
1227	C	0.428	0.06367412
1228	C	0.334	0.08238122
1229	C	0.403	0.09210289
1230	T	0.396	0.08479215
1231	G	0.171	0.09191854
1232	G	-0.017	0.06874361
1233	T	0.415	0.07366948
1234	G	-0.039	0.08546569
1235	G	0.033	0.09610796
1236	A	-0.123	0.09943681
1237	C	-0.010	0.1001124
1238	A	-0.353	0.1050268
1239	A	0.218	0.09750095
1240	G	0.250	0.09716987
1241	T	-0.312	0.08037062
1242	G	-0.047	0.07013633
1243	A	-0.196	0.08040151
1244	A	-0.233	0.09854966
1245	G	-0.428	0.08912509
1246	T	0.452	0.08440109
1247	C	0.445	0.06755638
1248	C	0.138	0.05925463
1249	A	-0.097	0.04289904
1250	T	0.520	0.03484637
1251	T	-0.463	0.02759101
1252	A	0	0.03467128
 1253	T	0.326	0.01930323
1254	C	0.362	0.01900817
1255	T	0.451	0.01021356
1256	C	0.432	0.01713117
1257	C	0.431	0.02696709
1258	A	-0.075	0.04818719
1259	G	0.213	0.04838089
1260	G	-0.367	0.03389719
1261	A	-0.357	0.03451114
1262	G	0.292	0.03812564
1263	G	0.268	0.05320818
1264	T	-0.193	0.06805105
1265	A	-0.377	0.08956238
1266	G	-0.228	0.07966614
1267	C	0.010	0.07933709
1268	A	-0.234	0.0750872
1269	A	0.082	0.08612686
1270	G	-0.111	0.07948255
1271	G	0.258	0.100356
1272	A	-0.183	0.1078414
1273	G	-0.051	0.1014269
1274	A	-0.309	0.08876205
1275	T	0.145	0.07826733
1276	C	0.373	0.07921943
1277	A	0.474	0.07921358
1278	G	0.225	0.08873332
1279	T	-0.314	0.09413245
1280	A	-0.288	0.1086745
1281	G	0.093	0.1220699
1282	T	0.392	0.106259
1283	C	0.344	0.09455957
1284	A	0.410	0.08945716
1285	G	0.066	0.1111312
1286	C	0.432	0.1245275
1287	A	-0.027	0.1352751
1288	T	0.333	0.1484504
1289	G	0.261	0.1569562
1290	G	0.350	0.1572877
1291	G	0.291	0.1602536
1292	C	0.076	0.1674799
1293	A	-0.131	0.1679253
1294	A	0.042	0.1723542
1295	C	0.469	0.1672518
1296	C	0.431	0.164803
1297	T	0.295	0.1516647
1298	C	0.424	0.1514415
1299	G	0.199	0.169352
1300	G	0.164	0.1861549
1301	A	-0.324	0.1898824
1302	G	-0.187	0.1872587
1303	A	-0.392	0.1899174
1304	T	0.468	0.1747833
1305	C	0.293	0.1623209
1306	T	0.429	0.1631836
1307	T	0.279	0.1737351
1308	C	0.413	0.1595619
1309	A	-0.098	0.1391639
1310	G	0.373	0.1313619
1311	C	0.098	0.1180145
1312	A	-0.034	0.1135237
1313	G	-0.136	0.12122
1314	A	-0.053	0.1081205
1315	C	0.277	0.0932856
1316	A	-0.038	0.08580709
1317	G	0.217	0.07461852
1318	G	0.384	0.05716596
1319	G	0.366	0.05134224
1320	T	0.238	0.04531147
1321	G	0.289	0.04766691
1322	G	0.448	0.04033029
1323	C	-0.179	0.03931742
1324	A	-0.419	0.0269346
1325	A	0.466	0.01780356
1326	C	0.384	-0.006530359
1327	G	-0.219	-0.02367528
1328	A	-0.534	-0.03918664
1329	A	0.046	-0.03088027
1330	G	-0.228	-0.02974771
1331	A	-0.099	-0.02512714
1332	T	0.168	-0.01818941
1333	G	-0.468	-0.02493694
1334	G	-0.109	-0.02609204
1335	A	0.139	-0.02253563
1336	T	-0.140	-0.01090085
1337	T	-0.256	-0.01074193
1338	T	-0.027	-0.01445114
1339	C	-0.070	-0.0231272
1340	A	-0.232	-0.02705107
1341	A	-0.473	-0.04103366
1342	G	-0.431	-0.04973084
1343	T	-0.014	-0.03489782
1344	T	-0.062	-0.01265753
1345	A	-0.519	-0.02130807
1346	G	-0.388	-0.01967023
1347	G	-0.191	-0.007005021
1348	A	0.225	0.01777139
1349	C	0.418	0.02574038
1350	C	0.278	0.03443272
1351	C	0.236	0.02576417
1352	A	-0.400	0.01544619
1353	A	-0.098	0.0350195
1354	C	0.416	0.04695347
1355	T	0.415	0.05740173
1356	G	0.223	0.05787347
1357	C	0.239	0.05268453
1358	C	0.028	0.05401219
1359	A	0.085	0.04846644
1360	A	-0.255	0.05442072
1361	G	0.109	0.07284693
1362	G	0.398	0.0879119
1363	C	0.448	0.09737998
1364	A	0.128	0.1024119
1365	G	0.448	0.1073805
1366	G	0.274	0.1120504
1367	G	0.432	0.1211514
1368	C	0.357	0.1135815
1369	A	0.110	0.09974339
1370	G	-0.437	0.08400798
1371	A	-0.233	0.07039913
1372	G	0.294	0.07944435
1373	C	0.356	0.08196095
1374	A	0.546	0.06928755
1375	G	-0.122	0.06106702
1376	A	-0.458	0.0524052
1377	C	0.024	0.05755164
1378	A	-0.286	0.05288242
1379	A	0	0.05169467
 1380	G	0.245	0.06733011
1381	G	0.156	0.07576498
1382	G	0.354	0.0710048
1383	A	0.133	0.0539029
1384	G	-0.325	0.03800411
1385	A	-0.206	0.01579657
1386	G	0.163	0.0005341077
1387	T	-0.070	-0.02325502
1388	A	-0.121	-0.04074789
1389	C	-0.335	-0.03945987
1390	A	-0.294	-0.02474615
1391	T	-0.047	-0.007772687
1392	T	0	-0.009657303
 1393	T	-0.078	-0.01123589
1394	C	0.094	-0.02235156
1395	G	-0.114	-0.01419341
1396	T	0.440	-0.01271399
1397	T	-0.154	-0.002156113
1398	G	0.039	0.01452237
1399	C	0.354	0.01388886
1400	T	0.438	0.01316271
1401	T	0.213	0.002392787
1402	C	-0.218	0.001954556
1403	A	-0.491	-0.01003934
1404	T	-0.417	0.009539403
1405	A	-0.320	0.01592479
1406	A	-0.495	0.02071012
1407	C	-0.324	0.01605449
1408	A	0.160	0.02876177
1409	C	0.136	0.04713841
1410	C	0.428	0.05793157
1411	T	0.220	0.06450407
1412	G	0.294	0.07198551
1413	G	0.113	0.08213419
1414	G	0.196	0.07129418
1415	A	-0.400	0.07744969
1416	G	0.436	0.07627336
1417	G	0.363	0.08022362
1418	G	-0.024	0.07840444
1419	G	0.216	0.07106032
1420	T	-0.264	0.05462004
1421	A	0.337	0.05746655
1422	T	-0.334	0.0716744
1423	G	0.438	0.08808099
1424	G	0.042	0.1051295
1425	T	0.350	0.1199346
1426	G	-0.251	0.1418691
1427	G	0.374	0.1607857
1428	T	0.381	0.154939
1429	T	0.126	0.1628361
1430	C	0.209	0.1590047
1431	C	0.291	0.1512015
1432	T	0.317	0.1486933
1433	T	-0.327	0.1512398
1434	T	0.125	0.1419523
1435	T	0.394	0.1400073
1436	C	0	0.1178939
 1437	C	-0.031	0.09747619
1438	A	0.067	0.08543155
1439	G	-0.202	0.09210298
1440	G	0.324	0.09764321
1441	G	0.335	0.08270383
1442	T	0.148	0.08021421
1443	G	0.246	0.05647459
1444	C	0.256	0.04272393
1445	T	0.359	0.02227854
1446	G	0.412	0.01929923
1447	G	-0.067	-0.002158869
1448	T	0.444	-0.01102992
1449	G	0.278	-0.0218811
1450	G	-0.083	-0.01787049
1451	T	0.196	-0.02142667
1452	C	0.212	-0.02072218
1453	T	-0.166	-0.003289615
1454	T	-0.476	-0.01424656
1455	A	-0.426	-0.02083777
1456	A	-0.432	-0.01419708
1457	A	-0.494	-0.0112197
1458	C	0.476	-0.02060722
1459	C	-0.047	-0.003386115
1460	T	-0.245	-0.01820332
1461	A	-0.431	-0.03400799
1462	A	-0.487	-0.04183586
1463	A	-0.494	-0.05009562
1464	A	-0.447	-0.04669295
1465	G	-0.367	-0.04537342
1466	A	-0.462	-0.05790224
1467	G	0.035	-0.04850421
1468	A	-0.296	-0.04886295
1469	T	0.365	-0.04430854
1470	G	0.153	-0.03790172
1471	T	0.345	-0.04472032
1472	T	0.352	-0.04037335
1473	C	-0.301	-0.02630396
1474	A	0.137	-0.01336021
1475	T	0.258	0.007991818
1476	C	0.084	0.02315931
1477	A	-0.298	0.04466231
1478	G	0.468	0.0438992
1479	C	-0.253	0.04763131
1480	A	-0.281	0.05146643
1481	T	-0.156	0.05708599
1482	G	-0.075	0.06765793
1483	C	0.389	0.07755477
1484	T	0.411	0.1001225
1485	G	-0.075	0.114975
1486	G	0.299	0.1340464
1487	G	0.430	0.1278272
1488	G	0.456	0.1450542
1489	G	0.166	0.1437657
1490	G	-0.069	0.1446188
1491	T	0.382	0.1371123
1492	T	0.382	0.1260609
1493	G	0.028	0.1311291
1494	T	0.406	0.1271803
1495	G	0.159	0.1323256
1496	G	0.344	0.1287824
1497	C	0.447	0.1432139
1498	A	0.097	0.1209245
1499	G	-0.095	0.1226073
1500	A	-0.212	0.1383066
1501	G	-0.075	0.153339
1502	G	-0.108	0.1651758
1503	C	0.433	0.1547548
1504	T	0.211	0.139465
1505	G	0.280	0.1540298
1506	G	-0.207	0.1447005
1507	G	0.375	0.1276539
1508	G	0.315	0.1204578
1509	G	0.186	0.1197276
1510	A	0.052	0.132851
1511	G	-0.078	0.132797
1512	G	-0.104	0.1136925
1513	G	-0.016	0.1016626
1514	A	0.459	0.08000316
1515	T	-0.053	0.08370052
1516	G	0.264	0.07774973
1517	C	-0.400	0.06849105
1518	A	-0.188	0.07108639
1519	G	0.331	0.07547117
1520	T	0.429	0.07046627
1521	G	0.386	0.07265261
1522	A	-0.017	0.08446823
1523	C	-0.185	0.08448036
1524	T	0.492	0.08288425
1525	T	-0.064	0.08608746
1526	T	-0.234	0.1048314
1527	T	0.175	0.09082689
1528	C	0.138	0.07164115
1529	C	0.442	0.05333636
1530	A	0.380	0.03973997
1531	A	-0.362	0.04010567
1532	G	-0.441	0.04347275
1533	A	-0.438	0.05504814
1534	T	0.303	0.05470717
1535	C	0.112	0.0533181
1536	A	0.086	0.03902056
1537	C	0.198	0.03995423
1538	G	0.075	0.0351371
1539	G	-0.407	0.01690874
1540	A	0.010	0.001427379
1541	T	0.352	-0.01574672
1542	T	0.433	-0.01765559
1543	C	0.149	-0.01401992
1544	C	0.405	-0.02071248
1545	A	0.523	-0.008207854
1546	T	-0.170	-0.004716805
1547	A	-0.433	-0.0197855
1548	A	-0.527	-0.02169246
1549	T	-0.477	-0.02365169
1550	C	-0.064	-0.02472454
1551	A	0.027	-0.003915233
1552	C	0.434	0.008545651
1553	C	0.446	0.02100802
1554	T	-0.107	0.01495415
1555	G	-0.293	0.004702815
1556	A	-0.363	-0.001317179
1557	A	-0.375	-0.01911569
1558	A	-0.379	-0.03064195
1559	G	-0.174	-0.02765536
1560	A	-0.283	-0.02857651
1561	A	-0.091	-0.03026551
1562	G	-0.043	-0.02969404
1563	G	0.231	-0.03448222
1564	G	0.422	-0.05680784
1565	G	-0.097	-0.07609945
1566	A	-0.411	-0.08430466
1567	A	0.063	-0.08390853
1568	G	0.366	-0.08373281
1569	G	0.338	-0.07912479
1570	G	0.449	-0.07194685
1571	A	0.044	-0.07650313
1572	C	0.047	-0.08796444
1573	A	0.067	-0.08841759
1574	G	-0.287	-0.07682947
1575	A	-0.148	-0.06121926
1576	G	-0.495	-0.04126031
1577	A	-0.374	-0.02374113
1578	G	-0.290	-0.0087028
1579	A	-0.025	0.005043482
1580	G	0.286	0.02292638
1581	G	0.455	0.03586127
1582	T	-0.037	0.02728541
1583	G	-0.464	0.008362051
1584	A	-0.228	-0.00139629
1585	A	-0.490	-0.001751928
1586	A	-0.417	0.004422251
1587	A	-0.520	-0.001678321
1588	A	-0.298	-0.02316668
1589	C	0.215	-0.03750981
1590	A	-0.150	-0.04289042
1591	C	-0.012	-0.03267774
1592	A	0.428	-0.02291817
1593	C	0.344	-0.01371209
1594	C	0.315	-0.003041754
1595	C	0.414	0.01102784
1596	A	0.307	0.02699678
1597	G	0.206	0.04648366
1598	G	0.362	0.04037966
1599	C	0.414	0.04648432
1600	T	0.412	0.04267922
1601	G	-0.377	0.03772486
1602	A	-0.506	0.04803075
1603	G	0.042	0.05250698
1604	C	-0.111	0.06738093
1605	A	-0.170	0.09053422
1606	A	-0.174	0.1123901
1607	A	-0.471	0.1319043
1608	C	-0.221	0.1408716
1609	A	0.239	0.1456204
1610	T	0.443	0.1436044
1611	C	0.428	0.1379009
1612	C	0.426	0.1198144
1613	A	0.128	0.1038977
1614	C	0.399	0.08870974
1615	C	0.127	0.07098925
1616	T	0.385	0.05550559
1617	T	-0.528	0.04651133
1618	C	0.212	0.04031672
1619	C	0.138	0.02752018
1620	C	0.262	0.02629456
1621	T	0.364	0.03925903
1622	G	-0.290	0.05680418
1623	T	0.351	0.05531832
1624	C	0.412	0.05537816
1625	T	0.434	0.04958401
1626	T	0.240	0.05470492
1627	T	0.051	0.05968631
1628	T	0.400	0.06801392
1629	T	-0.229	0.05909664
1630	T	-0.234	0.04810751
1631	T	-0.276	0.04714174
1632	T	-0.276	0.0418213
1633	T	-0.276	0.04552548
1634	T	-0.276	0.04642456
1635	T	-0.296	0.04524828
1636	T	-0.144	0.02377392
1637	T	0.120	0.02934764
1638	T	-0.085	0.01933074
1639	T	0.365	0.009552564
1640	T	0.127	0.01029431
1641	C	0.177	-0.001510221
1642	T	-0.015	-0.006643195
1643	T	-0.109	-0.01391865
1644	T	-0.396	-0.01380185
1645	T	0.025	-0.01903739
1646	T	-0.277	-0.01310591
1647	C	0.103	-0.01141924
1648	T	-0.108	-0.02600888
1649	G	0.014	-0.008384731
1650	A	0.390	0.008925115
1651	G	0.218	0.02146337
1652	G	0.272	0.02570019
1653	C	0.435	0.04066232
1654	T	0.081	0.04632563
1655	G	-0.451	0.06309753
1656	A	-0.311	0.06293566
1657	G	-0.178	0.06932953
1658	T	-0.242	0.08160002
1659	T	0.291	0.07854891
1660	T	-0.096	0.07646747
1661	C	-0.490	0.06631542
1662	A	0.067	0.05343763
1663	C	0.416	0.05922942
1664	T	0.230	0.07711604
1665	C	0.471	0.08270341
1666	A	0.117	0.09131248
1667	G	-0.168	0.09713533
1668	T	0.458	0.1001815
1669	C	0.440	0.09574429
1670	G	0.212	0.07569453
1671	C	-0.111	0.08098786
1672	C	0.306	0.08383871
1673	C	-0.055	0.08255071
1674	A	0.357	0.07283947
1675	G	-0.150	0.07233434
1676	G	0.369	0.07038442
1677	C	0.393	0.07448612
1678	T	0.246	0.08466274
1679	G	0.046	0.08774556
1680	G	-0.218	0.09342644
1681	A	-0.517	0.111771
1682	G	0.116	0.1164149
1683	T	0.300	0.1163959
1684	G	0.243	0.1231476
1685	C	0.058	0.1220004
1686	A	0.330	0.1297173
1687	G	0.010	0.1452247
1688	T	-0.158	0.1316335
1689	G	-0.391	0.1279721
1690	G	0.425	0.1282201
1691	C	0.384	0.1267504
1692	A	0.384	0.1052691
1693	T	-0.297	0.1173007
1694	G	-0.471	0.1173869
1695	A	-0.387	0.1319119
1696	T	-0.018	0.1340009
1697	C	0.153	0.1325855
1698	T	0.411	0.1297224
1699	C	0.125	0.1322145
1700	A	0.224	0.1401749
1701	G	0.248	0.1552352
1702	C	0.415	0.159545
1703	T	0.493	0.1585081
1704	C	0.426	0.1630337
1705	A	0.418	0.1592473
1706	C	0.436	0.1507665
1707	T	-0.071	0.1611798
1708	G	0.297	0.1645209
1709	C	0.221	0.1818753
1710	A	-0.168	0.1731604
1711	A	-0.530	0.1549651
1712	T	0.413	0.1348485
1713	C	0.360	0.1428768
1714	T	0.416	0.1517176
1715	C	0.451	0.1584831
1716	C	0.338	0.1526606
1717	A	0.134	0.1378963
1718	C	0.143	0.1231331
1719	C	0.091	0.1244176
1720	T	0.069	0.1294164
1721	C	0.284	0.134468
1722	C	0.260	0.1293758
1723	T	0.419	0.1198604
1724	G	-0.089	0.1167126
1725	G	0	0.1181461
 1726	G	0.416	0.1183108
1727	T	-0.028	0.1224008
1728	T	0.285	0.1220421
1729	C	0.085	0.1239178
1730	A	-0.325	0.137266
1731	A	-0.399	0.162794
1732	G	0.015	0.1634385
1733	C	-0.126	0.1635028
1734	A	-0.123	0.1633384
1735	A	-0.245	0.1576169
1736	T	-0.421	0.1510005
1737	T	-0.163	0.1402007
1738	T	0.175	0.1223928
1739	T	0.419	0.1118506
1740	C	0.445	0.1120039
1741	T	0.217	0.107124
1742	T	0.122	0.1092859
1743	G	0.304	0.1035414
1744	C	0.474	0.1118128
1745	C	0.442	0.1189949
1746	T	0.087	0.1194149
1747	C	0.283	0.1213181
1748	A	0.295	0.1032567
1749	G	0.351	0.09533501
1750	C	0.464	0.09310611
1751	C	0.438	0.09361244
1752	T	0.363	0.08612115
1753	C	0.409	0.08128184
1754	C	0.228	0.09187989
1755	C	0.080	0.09610153
1756	A	-0.286	0.1177715
1757	A	-0.550	0.1351702
1758	G	-0.319	0.1346186
1759	C	0.075	0.1341045
1760	A	0.094	0.1272631
1761	G	0.344	0.1324928
1762	C	0.195	0.1402303
1763	T	0.233	0.1427583
1764	G	0.280	0.1315799
1765	G	0.432	0.1195325
1766	G	0.046	0.116252
1767	A	-0.418	0.09719725
1768	T	-0.223	0.08186197
1769	T	-0.412	0.07249082
1770	A	-0.379	0.07097918
1771	C	-0.276	0.07097941
1772	A	-0.315	0.06910831
1773	G	0.289	0.06940918
1774	G	-0.080	0.07559856
1775	C	0.423	0.08454033
1776	G	0.514	0.09723792
1777	C	0.154	0.1043542
1778	A	0.399	0.1174116
1779	C	0.179	0.1201172
1780	G	0.421	0.1212037
1781	C	0.424	0.1064924
1782	C	0.402	0.1092121
1783	A	0.038	0.1108874
1784	C	-0.027	0.09196963
1785	T	-0.040	0.09366168
1786	A	-0.459	0.09713572
1787	T	-0.302	0.1205124
1788	G	-0.013	0.1201692
1789	C	0.405	0.1247646
1790	T	0.438	0.1273559
1791	G	0.290	0.1237661
1792	G	0.421	0.1265902
1793	C	0.469	0.1172755
1794	T	0.429	0.1189741
1795	A	0.208	0.09545067
1796	A	-0.273	0.07619552
1797	T	0.190	0.06468398
1798	T	0.181	0.04850867
1799	T	0.136	0.03378108
1800	T	-0.229	0.02903977
1801	T	0.301	0.02439172
1802	T	0.298	0.01664462
1803	G	-0.457	0.02640854
1804	T	0.498	0.03145901
1805	G	0.181	0.03619252
1806	T	0.492	0.042891
1807	T	-0.236	0.05306957
1808	T	-0.233	0.05154593
1809	T	-0.278	0.04114339
1810	T	-0.416	0.04190557
1811	A	-0.205	0.03855846
1812	C	-0.073	0.02951417
1813	T	-0.014	0.0202955
1814	A	-0.494	-0.003739985
1815	G	-0.236	0.0007021949
1816	A	-0.294	-0.0002166513
1817	G	-0.230	-0.0102195
1818	A	-0.395	-0.02053019
1819	C	0.236	-0.02374315
1820	G	0.243	-0.007708818
1821	G	0.100	-0.01169189
1822	G	0.419	-0.02571772
1823	G	0.169	-0.004407203
1824	T	0.144	-0.006491715
1825	T	-0.198	-0.003338869
1826	T	0.094	-0.01993851
1827	C	-0.073	-0.01954282
1828	A	0	-0.003413997
 1829	C	0.468	0.01115105
1830	C	0.159	0.03335228
1831	A	0.068	0.04397362
1832	T	0.110	0.04118993
1833	G	-0.508	0.03141147
1834	T	0.381	0.0392729
1835	T	-0.308	0.05350488
1836	G	-0.200	0.0668258
1837	A	-0.221	0.08405913
1838	C	0.011	0.1051991
1839	C	0.396	0.1041235
1840	A	0.146	0.09165249
1841	G	-0.248	0.09618713
1842	G	0.373	0.09643711
1843	C	0.417	0.09675621
1844	T	0.304	0.1050457
1845	G	-0.154	0.1066787
1846	G	-0.221	0.1034283
1847	T	0.395	0.09418568
1848	C	0.289	0.09739081
1849	T	0.449	0.07678739
1850	C	0.209	0.06563781
1851	G	-0.182	0.05966461
1852	A	-0.396	0.05162687
1853	A	-0.187	0.06891156
1854	C	0.318	0.06892713
1855	T	0.224	0.08532333
1856	C	0.441	0.1011265
1857	C	0.429	0.1170266
1858	T	0.194	0.1241593
1859	G	-0.243	0.1245233
1860	A	0.277	0.1290006
1861	C	0.428	0.1451366
1862	C	0.182	0.1410518
1863	T	0.467	0.1394378
1864	C	-0.134	0.1407713
1865	A	-0.032	0.1548725
1866	T	-0.433	0.1722646
1867	G	0.125	0.1733604
1868	T	-0.335	0.1772852
1869	G	-0.274	0.171681
1870	A	-0.164	0.1786721
1871	T	-0.203	0.1814588
1872	C	0.165	0.1782769
1873	C	0.382	0.1697082
1874	G	0.330	0.1539779
1875	T	0.416	0.1405338
1876	C	0.399	0.1249581
1877	C	0.289	0.1148077
1878	G	0.410	0.1154271
1879	C	0.321	0.1321843
1880	C	0.380	0.1270954
1881	T	0.214	0.1262537
1882	C	0.354	0.1270256
1883	G	0.356	0.1042945
1884	G	0.395	0.1164224
1885	C	0.456	0.103798
1886	C	0.438	0.1078305
1887	T	0.442	0.1029384
1888	C	0.231	0.1089178
1889	C	0.481	0.1114156
1890	C	-0.073	0.1084133
1891	A	-0.520	0.1226319
1892	A	-0.521	0.1177054
1893	A	-0.294	0.09929941
1894	G	-0.299	0.0845939
1895	T	-0.166	0.07587072
1896	G	0.033	0.07220687
1897	C	0.218	0.07647815
1898	T	0.410	0.06276736
1899	G	0.079	0.04180687
1900	G	0.396	0.03074095
1901	G	0.212	0.0264186
1902	A	-0.418	0.02045506
1903	T	0.338	0.01580268
1904	T	-0.525	0.01372781
1905	A	-0.276	0.00756409
1906	C	-0.065	0.007378423
1907	A	-0.102	0.003033885
1908	G	-0.177	0.007787449
1909	A	-0.281	0.00600191
1910	T	0.351	0.01693019
1911	G	-0.026	0.0335355
1912	T	-0.335	0.04193991
1913	G	-0.243	0.04388729
1914	A	0.076	0.05353815
1915	G	0.256	0.06562363
1916	C	0.456	0.06866576
1917	C	-0.124	0.06145554
1918	A	-0.496	0.05308625
1919	A	-0.050	0.0565006
1920	C	0.045	0.05262547
1921	G	0.121	0.05806273
1922	C	0.175	0.07037335
1923	A	0.314	0.05674194
1924	C	0.216	0.06829268
1925	C	0.431	0.06468035
1926	C	0.272	0.06274827
1927	G	0.416	0.06421595
1928	G	0.412	0.07738656
1929	C	0.352	0.08960056
1930	T	0.127	0.09127146
1931	A	-0.193	0.09625063
1932	C	-0.218	0.1079386
1933	A	0.076	0.1096679
1934	C	0.305	0.1062368
1935	C	0.151	0.09573408
1936	T	-0.062	0.07716103
1937	T	0.084	0.06665806
1938	C	0.212	0.07325185
1939	C	0.244	0.07855221
1940	C	0.424	0.07880733
1941	T	0.061	0.0801231
1942	G	-0.193	0.08637207
1943	T	-0.074	0.08720738
1944	C	-0.417	0.08957825
1945	A	-0.141	0.08860931
1946	T	-0.044	0.08315689
1947	G	0.336	0.07732656
1948	G	0.195	0.07972199
1949	G	0.416	0.0706773
1950	C	0.167	0.07090897
1951	A	0.120	0.07785577
1952	G	-0.175	0.08346654
1953	A	-0.057	0.07492772
1954	C	-0.153	0.06859802
1955	A	-0.268	0.07480282
1956	T	-0.533	0.08745638
1957	A	-0.239	0.09332287
1958	C	0.155	0.09366853
1959	A	0.055	0.08606578
1960	C	0.173	0.0656215
1961	C	0.418	0.07217213
1962	C	0.346	0.08674697
1963	C	0.308	0.08950764
1964	T	0.393	0.1053789
1965	G	0.060	0.1200987
1966	G	0.189	0.132402
1967	G	0.505	0.1349893
1968	T	0	0.129351
 1969	T	0.136	0.1153295
1970	C	0.076	0.1100767
1971	A	0	0.1097133
 1972	G	-0.256	0.1057158
1973	A	0.058	0.1079326
1974	G	0.393	0.1046862
1975	T	0.430	0.1018443
1976	G	0.312	0.1148563
1977	T	0.225	0.1205588
1978	G	-0.051	0.1240883
1979	T	-0.372	0.114736
1980	T	0.316	0.1113784
1981	C	0.375	0.1009747
1982	G	0.033	0.1021962
1983	T	0.201	0.1030924
1984	G	0.432	0.103699
1985	C	0.435	0.114537
1986	A	0.437	0.1087678
1987	T	-0.024	0.08467066
1988	G	-0.130	0.07106122
1989	G	-0.037	0.05816509
1990	A	0.106	0.06642288
1991	T	-0.331	0.06948585
1992	G	0.028	0.08365693
1993	G	-0.280	0.08742478
1994	A	-0.379	0.08169357
1995	T	-0.026	0.08082326
1996	T	-0.016	0.08208565
1997	C	0.293	0.07696563
1998	A	-0.309	0.06832721
1999	G	0.042	0.06701156
2000	G	0.013	0.05296233
2001	G	0.394	0.04586551
2002	C	0.343	0.05014
2003	A	0.417	0.05458525
2004	C	0.482	0.03927151
2005	A	-0.035	0.03392295
2006	G	-0.434	0.01979895
2007	A	-0.530	0.03169273
2008	A	-0.366	0.04617876
2009	G	0.399	0.04115089
2010	G	0.119	0.04934102
2011	G	0.296	0.06727579
2012	G	0.205	0.07434757
2013	A	0.170	0.09142334
2014	C	0.396	0.1130325
2015	C	0.362	0.1111031
2016	T	0.025	0.1083186
2017	A	-0.388	0.0868614
2018	G	-0.424	0.08993076
2019	A	-0.231	0.08224848
2020	G	0.098	0.08070635
2021	G	0.199	0.06540433
2022	T	0.375	0.04789271
2023	T	-0.164	0.03291858
2024	G	0.226	0.01044679
2025	G	-0.113	0.01390364
2026	C	0.439	0.03307797
2027	A	0.434	0.03904358
2028	G	-0.233	0.03901807
2029	C	0.425	0.02607225
2030	T	0.367	0.02955371
2031	G	0.304	0.02402507
2032	C	0.385	0.01256207
2033	T	0.463	0.01705933
2034	G	-0.101	0.008054328
2035	T	-0.125	0.002964841
2036	G	-0.543	0.01329845
2037	A	-0.189	0.03456122
2038	G	-0.257	0.05128378
2039	G	-0.047	0.0663956
2040	A	-0.202	0.0718552
2041	A	-0.339	0.07926548
2042	G	-0.166	0.06136184
2043	A	-0.393	0.06057925
2044	G	0.098	0.04670246
2045	G	0.313	0.04708222
2046	A	-0.298	0.03214502
2047	G	-0.367	0.02777845
2048	A	-0.105	0.0446814
2049	C	0.255	0.03021217
2050	A	0.080	0.03170727
2051	T	-0.241	0.03306919
2052	T	0.345	0.01904002
2053	G	0.045	0.01804763
2054	T	0.163	0.03187384
2055	C	0.429	0.0462023
2056	T	0.440	0.0718493
2057	C	0.227	0.07837201
2058	C	0.358	0.0826717
2059	C	0.311	0.07825075
2060	C	0.488	0.07101252
2061	A	-0.323	0.06620077
2062	G	-0.194	0.06226241
2063	T	-0.314	0.0697158
2064	T	-0.098	0.07568002
2065	G	-0.143	0.06270189
2066	G	0.264	0.08078012
2067	T	0.426	0.1014936
2068	T	-0.138	0.1148052
2069	C	0.426	0.1186615
2070	T	0.357	0.1146883
2071	G	-0.161	0.1154553
2072	T	0.424	0.1034468
2073	C	0.437	0.1117937
2074	C	0.433	0.09418998
2075	T	0.456	0.07070236
2076	G	0.064	0.06535321
2077	A	-0.089	0.07034101
2078	G	-0.219	0.07240034
2079	T	-0.484	0.06871783
2080	A	-0.526	0.04763062
2081	A	-0.320	0.04271926
2082	G	-0.102	0.04428865
2083	C	0.331	0.05077539
2084	A	-0.192	0.05931694
2085	C	0.406	0.07083688
2086	C	0.440	0.06338279
2087	C	0.413	0.05695922
2088	T	0.405	0.04767199
2089	G	-0.074	0.02731507
2090	G	-0.212	0.01379535
2091	A	-0.122	0.02524276
2092	T	0.371	0.02312066
2093	G	-0.522	0.02326086
2094	A	-0.487	0.02080258
2095	G	0.232	0.01452289
2096	G	0.422	0.01555143
2097	C	0.438	0.02832277
2098	T	0.167	0.03210415
2099	G	-0.333	0.03942909
2100	A	-0.514	0.05649938
2101	G	-0.133	0.06061286
2102	C	-0.061	0.05549243
2103	A	0.234	0.05472894
2104	G	0.305	0.06816063
2105	G	-0.026	0.06892351
2106	T	0.175	0.06324489
2107	G	-0.500	0.05726843
2108	A	-0.367	0.05240327
2109	C	-0.169	0.06529567
2110	A	0.285	0.08293028
2111	C	0.342	0.09732016
2112	C	0.442	0.09532139
2113	T	0.337	0.1044508
2114	G	0.212	0.107835
2115	G	0.104	0.107398
2116	C	0.408	0.1049516
2117	A	-0.071	0.1021083
2118	T	-0.198	0.09716625
2119	G	0.138	0.09514312
2120	G	-0.160	0.1172744
2121	A	-0.302	0.1279095
2122	G	0.301	0.1349427
2123	C	0.331	0.1272442
2124	C	0.436	0.1248063
2125	A	0.218	0.1224641
2126	G	0.180	0.1241604
2127	G	0.215	0.1479778
2128	C	0.428	0.152058
2129	C	0.475	0.1639062
2130	C	0.438	0.1522223
2131	T	0.293	0.1439944
2132	C	-0.166	0.1277366
2133	A	-0.355	0.120421
2134	G	0.215	0.1242249
2135	G	0.327	0.1304739
2136	C	0.327	0.1190413
2137	G	-0.025	0.1126271
2138	A	-0.412	0.1117898
2139	G	0.348	0.1157207
2140	C	0.281	0.1143427
2141	A	0.212	0.1244598
2142	G	-0.066	0.1262488
2143	G	0.210	0.1264517
2144	G	-0.117	0.1196911
2145	T	0.241	0.1101196
2146	G	0.428	0.09573975
2147	G	-0.208	0.0844476
2148	G	0.292	0.08071178
2149	C	-0.170	0.07794119
2150	A	0.021	0.06523303
2151	A	-0.191	0.05477237
2152	G	0.052	0.05510424
2153	T	0.360	0.05955352
2154	G	0.348	0.06410262
2155	G	-0.037	0.0637557
2156	G	-0.322	0.04793191
2157	A	-0.231	0.04857609
2158	G	0.292	0.06337789
2159	G	-0.213	0.05704709
2160	A	0.091	0.06290402
2161	G	0.371	0.06878033
2162	G	0.339	0.05873949
2163	G	0.173	0.04204244
2164	G	-0.154	0.03419865
2165	A	-0.380	0.01769401
2166	A	-0.224	0.002884903
2167	G	0.282	0.01089134
2168	T	0.367	-0.007764405
2169	G	-0.056	-0.01607387
2170	C	-0.114	-0.02633828
2171	A	-0.153	-0.01271087
2172	A	-0.181	-0.02406345
2173	C	0.392	-0.03604965
2174	A	0.313	-0.03579545
2175	G	-0.289	-0.03014828
2176	G	0	-0.0136879
 2177	A	0.164	-0.0009937205
2178	C	0.101	-0.006670967
2179	T	0.509	0.008118828
2180	T	0.441	0.01304506
2181	T	-0.457	0.01377555
2182	A	-0.440	0.01642086
2183	T	-0.423	0.02346183
2184	A	-0.401	0.0382145
2185	A	-0.149	0.05370073
2186	G	0.103	0.07187704
2187	A	-0.435	0.07121911
2188	G	-0.494	0.06602229
2189	A	-0.379	0.07533111
2190	T	0.340	0.08922765
2191	G	-0.390	0.1032884
2192	A	-0.107	0.1103369
2193	G	0.358	0.1071881
2194	G	0.182	0.1089862
2195	C	0.319	0.1164115
2196	G	0.263	0.1255631
2197	G	0.070	0.1288503
2198	A	0.363	0.1306692
2199	C	0.284	0.1205649
2200	C	0.399	0.1160724
2201	C	0.442	0.1358252
2202	C	0.447	0.1571503
2203	T	0.420	0.179341
2204	G	0.223	0.1992203
2205	C	0.484	0.2136026
2206	A	0.257	0.2141341
2207	T	0.164	0.227036
2208	C	0.306	0.2262684
2209	C	0.427	0.2300546
2210	T	0.394	0.2110944
2211	T	0.093	0.2140264
2212	C	0.269	0.2076117
2213	T	0.383	0.1945013
2214	G	0	0.1882014
 2215	C	0.356	0.1730944
2216	C	0.292	0.1711399
2217	T	0.172	0.1640413
2218	T	0.115	0.1500584
2219	G	0.266	0.1350705
2220	G	0.312	0.1343468
2221	G	0.391	0.1191413
2222	C	0.441	0.1032421
2223	C	0.373	0.0970131
2224	T	0.411	0.09569889
2225	C	0.124	0.07675938
2226	C	0.068	0.05670556
2227	A	-0.524	0.05630479
2228	A	-0.231	0.0376932
2229	G	-0.399	0.03150384
2230	G	-0.276	0.03047692
2231	A	-0.357	0.03685585
2232	A	-0.152	0.03730713
2233	G	-0.062	0.03082259
2234	G	-0.269	0.02861264
2235	A	0.187	0.01829191
2236	G	-0.206	0.01632903
2237	C	-0.182	0.02229767
2238	A	-0.300	0.02749867
2239	A	0.371	0.02561119
2240	G	-0.150	0.02492421
2241	T	-0.172	0.02084593
2242	G	0.178	0.01433547
2243	C	0.172	0.003639579
2244	G	-0.254	-0.008509608
2245	A	-0.524	-0.01963171
2246	A	0.149	-0.01418645
2247	T	-0.419	-0.006282651
2248	G	0.185	-0.004606344
2249	G	0.354	0.01429994
2250	G	0.342	0.02064615
2251	G	0.287	0.0239714
2252	A	0.130	0.02654355
2253	G	-0.086	0.03776514
2254	G	-0.045	0.05537893
2255	T	0.216	0.0437327
2256	G	0.405	0.04158557
2257	G	0.318	0.04364037
2258	G	0.192	0.04699301
2259	G	0.285	0.02442621
2260	C	0.232	0.02477283
2261	A	0.187	0.04020652
2262	G	-0.043	0.04122675
2263	G	-0.062	0.04823219
2264	A	-0.309	0.06632511
2265	G	0.280	0.09006401
2266	G	-0.216	0.09170721
2267	A	-0.166	0.1141989
2268	G	0.338	0.1113035
2269	G	-0.028	0.1096434
2270	G	-0.227	0.08985699
2271	A	-0.052	0.08307475
2272	T	0.374	0.06775136
2273	T	0.417	0.07169226
2274	C	-0.266	0.07968579
2275	T	-0.289	0.08558941
2276	G	-0.102	0.08387238
2277	A	-0.169	0.08085813
2278	A	-0.508	0.07379172
2279	G	-0.137	0.06519421
2280	C	0.429	0.05111111
2281	T	0.217	0.04400007
2282	C	0.445	0.04585785
2283	T	0.451	0.04855358
2284	C	0.400	0.05113827
2285	T	0.213	0.05073047
2286	G	0.457	0.0653554
2287	G	0.072	0.07318547
2288	A	0.289	0.06726599
2289	A	-0.429	0.05744824
2290	A	0.022	0.05547739
2291	A	-0.466	0.04428004
2292	T	0.067	0.02393481
2293	C	0.266	0.0007446795
2294	C	0.446	0.0005949359
2295	T	0.338	0.0190815
2296	G	0.200	0.02879076
2297	A	-0.082	0.04460858
2298	G	-0.049	0.06665506
2299	T	-0.317	0.07858224
2300	G	-0.089	0.0760326
2301	T	0.028	0.07622453
2302	A	0.042	0.06994747
2303	G	-0.208	0.0635144
2304	G	0.264	0.04891437
2305	G	0.354	0.04931176
2306	G	0.139	0.03220288
2307	A	0.107	0.02109392
2308	G	-0.411	0.01366769
2309	A	-0.304	0.01893769
2310	A	-0.489	0.02914761
2311	T	-0.418	0.04965481
2312	A	-0.486	0.05244578
2313	A	-0.272	0.0464614
2314	C	0.431	0.03154817
2315	T	0.276	0.02348772
2316	C	0.447	0.01727429
2317	A	0.351	0.02286301
2318	C	0.327	0.0256182
2319	T	0.330	0.03887295
2320	C	0.225	0.04824268
2321	T	0.200	0.05950325
2322	T	0.200	0.06859904
2323	C	-0.168	0.06389202
2324	T	0.228	0.04594853
2325	T	-0.209	0.02764543
2326	T	-0.360	0.01124376
2327	T	0	-0.004399674
 2328	T	-0.223	-0.002154367
2329	C	0.421	0.009512018
2330	T	0.332	0.03356371
2331	C	0.176	0.05018843
2332	A	0.032	0.06428189
2333	G	-0.135	0.06570155
2334	C	0.024	0.04687248
2335	A	-0.041	0.03978286
2336	T	0.135	0.03940296
2337	G	0.058	0.03948714
2338	G	0.199	0.04265707
2339	A	0.275	0.03356923
2340	C	0.467	0.02227318
2341	T	0.397	0.02660746
2342	T	-0.392	0.03271969
2343	A	-0.435	0.04803913
2344	A	-0.359	0.05058618
2345	T	-0.500	0.06707597
2346	A	-0.502	0.0831531
2347	A	-0.323	0.08926936
2348	G	0.150	0.09555229
2349	T	0.448	0.07715681
2350	C	0.229	0.07189427
2351	A	0.062	0.06114788
2352	T	-0.217	0.04894688
2353	G	-0.303	0.04805208
2354	T	0	0.04047946
 2355	C	0.432	0.04357309
2356	C	0.354	0.03942021
2357	C	0.451	0.02853067
2358	A	-0.024	0.01558321
2359	G	-0.215	0.009306085
2360	C	0.369	0.00577211
2361	C	0.438	0.005963495
2362	T	0.428	0.02727398
2363	G	0.328	0.04744583
2364	G	0.433	0.05724961
2365	G	0.266	0.07417602
2366	C	0.238	0.09862714
2367	A	0.021	0.1193907
2368	A	-0.296	0.1297505
2369	C	0.127	0.1294989
2370	A	-0.242	0.1170215
2371	T	-0.443	0.1168818
2372	A	-0.169	0.1107497
2373	G	-0.271	0.1075513
2374	C	0.079	0.09572279
2375	A	-0.026	0.07287315
2376	A	-0.366	0.05100774
2377	G	-0.305	0.02942436
2378	A	0.030	0.01778829
2379	C	0.329	0.01490119
2380	C	0.404	-0.001135013
2381	C	0.439	-0.02309881
2382	T	0.351	-0.04136994
2383	G	0.022	-0.05746747
2384	T	0.159	-0.0789124
2385	C	0.450	-0.09673999
2386	T	0.485	-0.1073518
2387	C	0.554	-0.1164314
2388	T	0.439	-0.1214634
2389	A	-0.256	-0.1352534
2390	C	0.057	-0.1400363
2391	A	-0.456	-0.1387984
2392	A	-0.427	-0.1414403
2393	A	-0.461	-0.1447302
2394	A	-0.458	-0.1430148
2395	A	-0.497	-0.1306337
2396	A	-0.390	-0.1136982
2397	A	-0.478	-0.09474847
2398	A	-0.327	-0.1011255
2399	T	-0.255	-0.1042306
2400	A	-0.417	-0.1089269
2401	A	-0.283	-0.1228442
2402	A	-0.299	-0.1330164
2403	T	-0.403	-0.1296887
2404	A	-0.428	-0.1291297
2405	T	-0.175	-0.1406907
2406	A	-0.333	-0.1429817
2407	A	-0.492	-0.157202
2408	A	-0.410	-0.1585387
2409	A	-0.429	-0.1433904
2410	A	-0.394	-0.1375133
2411	T	-0.272	-0.1212377
2412	T	-0.399	-0.1113962
2413	A	0.146	-0.08781108
2414	T	0.456	-0.06637465
2415	C	0.293	-0.04475724
2416	T	0.433	-0.0313768
2417	G	-0.217	-0.008212597
2418	G	0.208	-0.007872495
2419	T	0.221	-0.01288098
2420	G	-0.103	-0.009987264
2421	T	-0.045	0.007555633
2422	G	0.152	0.02708327
2423	G	0.181	0.04805422
2424	T	0	0.07092204
 2425	G	0.396	0.06898635
2426	G	0	0.08310333
 2427	C	0.386	0.1059545
2428	G	0.333	0.1277185
2429	C	0.286	0.1328755
2430	G	0.178	0.1455726
2431	T	-0.044	0.158691
2432	G	0.458	0.1698746
2433	C	0.377	0.1593063
2434	T	0.345	0.1354853
2435	T	0.131	0.1143348
2436	C	0.425	0.09378257
2437	T	-0.314	0.09318716
2438	A	-0.451	0.08712082
2439	G	-0.304	0.09009844
2440	T	0.400	0.08686534
2441	C	0.462	0.08453601
2442	C	0.414	0.08225854
2443	T	0.463	0.08736149
2444	A	-0.250	0.09752731
2445	G	0.217	0.09779947
2446	C	0.398	0.1036167
2447	T	0.438	0.1033486
2448	A	-0.228	0.09800301
2449	C	0.100	0.08615659
2450	T	0.238	0.07583065
2451	C	0.036	0.07526507
2452	A	-0.266	0.05776594
2453	G	-0.472	0.04999794
2454	A	-0.531	0.05078561
2455	A	-0.367	0.05855286
2456	G	-0.240	0.05845209
2457	A	-0.027	0.07661022
2458	C	0.337	0.08503804
2459	T	-0.229	0.08061963
2460	G	-0.136	0.06014143
2461	A	0.063	0.05323361
2462	G	0.380	0.05347007
2463	G	0.396	0.05041038
2464	C	0.407	0.06437558
2465	T	0.226	0.06433797
2466	G	0.376	0.05863643
2467	G	0.125	0.04808982
2468	A	-0.175	0.04657428
2469	G	-0.224	0.04456668
2470	G	-0.066	0.03183145
2471	A	-0.223	0.03567262
2472	T	0.074	0.04391604
2473	C	0.375	0.05211596
2474	G	0.434	0.06695575
2475	C	0.421	0.08461426
2476	T	0.393	0.08402611
2477	T	-0.122	0.08473693
2478	G	-0.477	0.08021014
2479	A	-0.398	0.09023129
2480	G	0.192	0.08439965
2481	C	0.424	0.08449037
2482	C	0.343	0.06898673
2483	C	0.293	0.06036849
2484	A	0.216	0.04665162
2485	G	0.176	0.03341898
2486	G	0.027	0.03501439
2487	A	-0.287	0.03387254
2488	G	0.022	0.04228034
2489	T	-0.257	0.03670703
2490	T	0.186	0.03183937
2491	T	0.055	0.04528347
2492	G	-0.153	0.04937635
2493	A	0.047	0.05189671
2494	G	0.321	0.05238732
2495	G	-0.263	0.03008288
2496	A	0	0.006148962
 2497	T	0.161	0.002327244
2498	G	0.161	0.02629076
2499	C	-0.363	0.03933535
2500	A	0.067	0.03918642
2501	G	-0.224	0.03774076
2502	T	0.060	0.04015555
2503	G	-0.127	0.04205786
2504	A	-0.289	0.04197209
2505	G	0.438	0.04660663
2506	C	0.080	0.0548448
2507	T	0.152	0.07265124
2508	A	-0.441	0.08320489
2509	T	-0.255	0.09963233
2510	G	0.300	0.09540926
2511	G	0.233	0.09854207
2512	T	0.474	0.1090147
2513	C	0.453	0.1193536
2514	A	-0.448	0.1233103
2515	T	-0.539	0.1317172
2516	A	-0.271	0.1396157
2517	C	0.457	0.1310124
2518	C	0.110	0.1177826
2519	A	0.186	0.122428
2520	C	0.367	0.1311643
2521	C	0.438	0.1325045
2522	G	0.368	0.1225524
2523	C	0.212	0.1191061
2524	A	0.356	0.1213052
2525	C	0.348	0.1140407
2526	T	0.407	0.1109379
2527	C	0.433	0.1010709
2528	C	0.382	0.1008618
2529	A	0.021	0.09706273
2530	G	0.177	0.08289878
2531	C	0.255	0.07164039
2532	C	0.450	0.06956503
2533	T	0.475	0.0668686
2534	G	0.063	0.09018614
2535	A	0.308	0.105334
2536	G	-0.174	0.09968241
2537	C	-0.354	0.09917215
2538	A	-0.182	0.108655
2539	A	0.407	0.116038
2540	C	-0.171	0.09705254
2541	A	-0.327	0.07370007
2542	G	-0.262	0.05238084
2543	A	-0.203	0.03661402
2544	G	0.155	0.01909364
2545	T	-0.040	0.006756305
2546	G	-0.232	-0.01574452
2547	A	-0.449	-0.03750049
2548	G	-0.404	-0.059457
2549	A	-0.252	-0.06905988
2550	T	-0.205	-0.08567186
2551	C	0.393	-0.1028551
2552	C	0.348	-0.1252246
2553	C	0.460	-0.1499665
2554	A	0.050	-0.1634882
2555	A	-0.491	-0.1837156
2556	C	0.437	-0.1895727
2557	T	0.480	-0.1925227
2558	C	0.474	-0.200381
2559	A	-0.372	-0.2212742
2560	A	-0.472	-0.2283739
2561	T	-0.463	-0.2310645
2562	A	-0.402	-0.2355244
2563	A	-0.326	-0.2426919
2564	A	-0.132	-0.2519759
2565	T	-0.470	-0.2407014
2566	A	-0.414	-0.2299689
2567	A	-0.473	-0.2163775
2568	A	-0.352	-0.2141618
2569	T	-0.470	-0.2117767
2570	A	-0.414	-0.2065164
2571	A	-0.421	-0.2143068
2572	A	-0.489	-0.2195416
2573	T	-0.463	-0.2214875
2574	A	-0.480	-0.2116508
2575	A	-0.402	-0.1902859
2576	A	-0.469	-0.1986721
2577	A	-0.488	-0.2105973
2578	T	-0.406	-0.2254539
2579	A	-0.448	-0.2287721
2580	A	-0.432	-0.2278018
2581	A	-0.436	-0.226451
2582	A	-0.482	-0.2254988
2583	T	-0.206	-0.2243214
2584	C	0.399	-0.2303777
2585	A	0.186	-0.231772
2586	T	0.080	-0.2249828
2587	G	-0.317	-0.199477
2588	T	-0.159	-0.1992302
2589	T	0	-0.1947237
 2590	C	0.089	-0.1794622
2591	A	0.144	-0.1724427
2592	C	0.384	-0.1677106
2593	T	0.434	-0.1603884
2594	G	0.341	-0.1540257
2595	C	0.110	-0.1450064
2596	T	0.015	-0.1413889
2597	A	-0.104	-0.140218
2598	A	-0.502	-0.1258059
2599	A	-0.434	-0.1060169
2600	T	-0.410	-0.08363054
2601	A	-0.365	-0.06677585
2602	T	-0.280	-0.06495818
2603	A	-0.368	-0.06127397
2604	T	-0.524	-0.05863741
2605	A	-0.150	-0.07359621
2606	C	0.521	-0.085781
2607	A	-0.343	-0.082178
2608	A	-0.294	-0.08775716
2609	T	0.180	-0.09133675
2610	T	-0.147	-0.1052231
2611	G	-0.305	-0.1199024
2612	T	-0.177	-0.1422881
2613	A	-0.232	-0.1636019
2614	A	-0.050	-0.1831201
2615	T	-0.328	-0.196668
2616	T	-0.443	-0.2104436
2617	G	0.155	-0.2156917
2618	G	0.323	-0.2080368
2619	C	0.440	-0.194668
2620	C	0.221	-0.1732792
2621	A	-0.412	-0.1539728
2622	A	-0.062	-0.1430346
2623	C	0.502	-0.1375477
2624	T	-0.397	-0.1136601
2625	A	-0.395	-0.1017193
2626	A	-0.177	-0.1037583
2627	A	-0.376	-0.09526748
2628	C	-0.139	-0.08820039
2629	A	-0.452	-0.08797214
2630	A	-0.428	-0.08767642
2631	A	-0.488	-0.07783935
2632	A	-0.396	-0.06726927
2633	A	-0.419	-0.04978689
2634	A	-0.417	-0.04403218
2635	T	-0.521	-0.03065852
2636	A	-0.309	-0.01280606
2637	A	-0.203	-0.008684646
2638	G	0.086	-0.007228262
2639	C	0.423	-0.0074828
2640	T	0.387	-0.003454928
2641	G	0.146	0.01916143
2642	G	-0.154	0.02915666
2643	G	0.406	0.01006048
2644	T	0.315	0.008342303
2645	G	0.441	0.01281864
2646	C	-0.012	0.02130553
2647	A	-0.018	0.04184128
2648	G	0.189	0.05603723
2649	T	-0.136	0.07865264
2650	G	0.078	0.09496892
2651	G	0.234	0.1196638
2652	C	0.449	0.1405733
2653	T	0.173	0.1634275
2654	C	0.192	0.1871602
2655	A	0.253	0.2074611
2656	C	0.315	0.2044624
2657	G	0.379	0.1955359
2658	C	0.430	0.1809248
2659	C	0.378	0.1569909
2660	T	0.469	0.1356426
2661	C	0.326	0.1419464
2662	T	-0.242	0.1408117
2663	A	-0.464	0.1310594
2664	A	-0.220	0.1292321
2665	T	0.153	0.1222203
2666	C	0.424	0.1141234
2667	C	0.414	0.1080088
2668	T	0.429	0.09687464
2669	G	0.208	0.1100311
2670	G	0.474	0.1148463
2671	C	0.418	0.1071363
2672	A	0.471	0.09330614
2673	C	0.507	0.0845906
2674	T	0.269	0.08496547
2675	T	-0.426	0.06995491
2676	T	-0.551	0.05682806
2677	A	-0.483	0.04764581
2678	G	-0.510	0.03939283
2679	G	-0.444	0.03343334
2680	A	0.392	0.02626211
2681	G	-0.198	0.02995293
2682	G	0.026	0.04114239
2683	C	0.244	0.04614765
2684	T	0.168	0.0409307
2685	G	-0.327	0.02957224
2686	A	-0.257	0.02027137
2687	G	-0.244	0.02069045
2688	G	0.376	0.01916089
2689	T	0.266	0.02530717
2690	G	-0.066	0.01829453
2691	G	-0.090	0.01233194
2692	G	-0.166	-0.0112585
2693	A	0.207	-0.02224288
2694	G	-0.332	-0.02232196
2695	G	-0.196	-0.01139211
2696	A	0.021	-0.004355854
2697	T	0.108	-0.005435726
2698	C	0.145	-0.006284341
2699	A	0.190	-0.006362674
2700	C	0.470	-0.02110078
2701	T	0.193	-0.02166149
2702	T	-0.268	-0.01126145
2703	G	-0.423	-0.01330404
2704	A	-0.289	-0.02113629
2705	A	0.061	-0.007210372
2706	C	0.430	0.01046512
2707	T	0.370	0.02794314
2708	C	0.447	0.02927876
2709	A	0.201	0.03086512
2710	G	0.186	0.04367499
2711	G	-0.448	0.04214616
2712	A	0.079	0.05482385
2713	G	0.266	0.04950883
2714	T	0	0.05870386
 2715	T	-0.277	0.06081117
2716	T	-0.525	0.05039191
2717	A	-0.543	0.05863332
2718	A	-0.447	0.05591149
2719	G	-0.182	0.05329274
2720	A	-0.220	0.03724884
2721	C	0.432	0.0404902
2722	C	0.164	0.04381592
2723	A	-0.137	0.04922312
2724	G	0.215	0.04467545
2725	C	0.431	0.05080094
2726	C	0.436	0.0506624
2727	T	0.428	0.04943296
2728	G	0.328	0.05039401
2729	G	0.433	0.05600399
2730	G	-0.149	0.05785965
2731	C	0.328	0.07683347
2732	A	0	0.08715186
 2733	A	0.026	0.08500434
2734	C	-0.113	0.08108068
2735	A	-0.384	0.08584115
2736	C	0.429	0.1020777
2737	A	0.039	0.1124997
2738	G	0.088	0.1193271
2739	G	-0.154	0.1180852
2740	A	0.320	0.1193748
2741	T	-0.139	0.1010436
2742	G	-0.213	0.08615782
2743	A	-0.466	0.08682505
2744	C	0.300	0.074212
2745	C	0.424	0.05604321
2746	C	0.322	0.03820862
2747	C	0.485	0.02720885
2748	A	0.420	0.01130454
2749	T	0.258	-0.004705538
2750	C	0.291	-0.003357874
2751	T	0.481	-0.02232898
2752	T	0.183	-0.03178195
2753	T	-0.153	-0.04375691
2754	A	-0.091	-0.05151863
2755	C	0.107	-0.04804137
2756	A	-0.136	-0.05717383
2757	T	-0.181	-0.05188236
2758	T	-0.231	-0.04360455
2759	T	-0.170	-0.03375581
2760	T	-0.282	-0.03512901
2761	T	-0.415	-0.03702047
2762	T	-0.111	-0.02935708
2763	T	-0.276	-0.01925903
2764	T	-0.276	-0.02415205
2765	T	-0.258	-0.02653287
2766	T	0	-0.03422803
 2767	T	-0.291	-0.04099693
2768	T	-0.191	-0.04891924
2769	T	-0.097	-0.05126088
2770	T	-0.411	-0.05517534
2771	A	-0.368	-0.06666859
2772	A	-0.440	-0.06187598
2773	T	-0.416	-0.05658623
2774	T	-0.248	-0.05143296
2775	A	0.073	-0.04307271
2776	G	0.246	-0.03829879
2777	C	0.410	-0.02728259
2778	T	0.229	-0.009091921
2779	G	0.266	0.007765849
2780	G	-0.213	0.01016828
2781	A	0.085	0.01493731
2782	T	-0.072	0.005694541
2783	G	0.109	0.001391797
2784	T	0.332	-0.004816921
2785	G	0.022	0.009124823
2786	G	0.221	0.02034098
2787	T	0.111	0.03382811
2788	G	0.167	0.04289536
2789	G	0.138	0.0564499
2790	T	0.033	0.07885618
2791	G	0.369	0.09359901
2792	T	0.053	0.09910659
2793	G	0.109	0.1097894
2794	C	0.433	0.1261682
2795	G	0.049	0.1250451
2796	C	0.248	0.1153797
2797	T	0.478	0.106617
2798	T	0.486	0.1029521
2799	G	-0.189	0.1011771
2800	T	-0.229	0.1003093
2801	A	-0.471	0.1060412
2802	G	-0.444	0.1181476
2803	T	-0.518	0.1188817
2804	A	0.284	0.1132079
2805	C	0.437	0.1044013
2806	C	0.234	0.09106286
2807	A	0.162	0.07580547
2808	G	0.431	0.07557312
2809	C	0.462	0.06915886
2810	T	0.206	0.07138698
2811	A	-0.226	0.07221326
2812	C	0	0.07898511
 2813	T	0.389	0.06952459
2814	T	0.030	0.06949962
2815	G	-0.130	0.07067902
2816	G	0.069	0.05964238
2817	A	0.086	0.04843041
2818	T	0.197	0.03918623
2819	G	-0.246	0.03560898
2820	G	0.309	0.04462977
2821	C	0.399	0.05536621
2822	T	0.138	0.06362442
2823	G	0.110	0.06985385
2824	A	-0.321	0.07317567
2825	G	-0.298	0.07317308
2826	A	-0.483	0.07760001
2827	T	0.158	0.08480285
2828	G	-0.111	0.08473947
2829	G	0.120	0.0711593
2830	G	0.402	0.05873874
2831	A	0.317	0.07487299
2832	G	-0.259	0.08193669
2833	G	0.433	0.0636472
2834	A	0.095	0.06732429
2835	T	-0.182	0.06382078
2836	T	0.040	0.04990098
2837	G	0.126	0.0476897
2838	T	-0.328	0.03812506
2839	T	0.122	0.04006344
2840	T	-0.053	0.04223837
2841	G	-0.122	0.04120491
2842	A	-0.275	0.04411529
2843	G	0.414	0.04881978
2844	C	0.437	0.06000078
2845	C	0.406	0.06766052
2846	C	0.443	0.08085904
2847	T	0.428	0.06921835
2848	G	-0.067	0.07013102
2849	G	-0.278	0.07747404
2850	A	0.403	0.07199425
2851	G	0.275	0.06870753
2852	G	-0.323	0.08349381
2853	T	0.173	0.08271174
2854	T	-0.267	0.08582691
2855	G	-0.473	0.08692088
2856	A	0	0.08197911
 2857	G	-0.175	0.08650036
2858	G	-0.171	0.098177
2859	C	0.394	0.1058732
2860	T	0.359	0.1125903
2861	G	0.251	0.1272778
2862	C	0.294	0.1429792
2863	A	0.114	0.1381803
2864	G	0	0.1375694
 2865	T	0.030	0.1381143
2866	G	-0.295	0.1261463
2867	A	-0.075	0.119415
2868	G	0.406	0.1261445
2869	C	0.188	0.1286969
2870	T	0.189	0.128456
2871	G	0.316	0.1320233
2872	G	0.402	0.1501285
2873	G	0.217	0.1392825
2874	A	-0.139	0.1488738
2875	T	-0.151	0.1717557
2876	C	0.302	0.1813559
2877	A	0.126	0.1884854
2878	C	0.422	0.2002098
2879	A	0.208	0.1999638
2880	C	0.450	0.2020524
2881	C	0.336	0.1934494
2882	A	0.227	0.1721709
2883	C	0.413	0.1595595
2884	T	0.427	0.163647
2885	G	-0.023	0.1613612
2886	C	0.166	0.159056
2887	A	0.194	0.1558621
2888	C	-0.178	0.1350026
2889	T	0.393	0.1227817
2890	C	0.414	0.1087458
2891	C	0.382	0.09258975
2892	A	-0.249	0.07785716
2893	G	0.106	0.06935557
2894	C	0.418	0.07888226
2895	C	0.374	0.08932929
2896	T	0.102	0.09204447
2897	G	0.285	0.09839165
2898	G	0.384	0.09439755
2899	G	0.440	0.09675157
2900	T	-0.083	0.09684616
2901	G	-0.535	0.1011105
2902	A	-0.377	0.08736478
2903	C	0.159	0.06819496
2904	A	-0.058	0.04581149
2905	G	-0.385	0.03534058
2906	A	-0.200	0.01988405
2907	G	-0.406	0.008278379
2908	A	-0.288	0.01930179
2909	G	-0.358	-
2910	A	-0.313	-
2911	G	-0.172	-
2912	A	-0.114	-
2913	C	0.231	-
2914	C	0.255	-
2915	C	0.408	-
2916	T	0.374	-
2917	G	0.266	-
2918	T	0.300	-
2919	C	0.454	-
2920	T	0.502	-
2921	C	-0.308	-
2922	A	-0.334	-
2923	A	-0.445	-
2924	A	-0.431	-
2925	A	-0.436	-
2926	A	-0.257	-
2927	C	0.251	-
