1	G	0.222	-
2	C	0.416	-
3	C	0.435	-
4	T	0.271	-
5	G	-0.241	-
6	A	0.021	-
7	G	0.270	-
8	C	0.321	-
9	C	0.423	-
10	A	0.097	-
11	G	-0.395	-
12	A	-0.275	-
13	G	-0.396	-
14	G	-0.310	-
15	A	-0.511	-
16	A	-0.222	-
17	G	0.159	-
18	G	0.295	-
19	G	0.443	-
20	A	0.018	-0.06188484
21	G	-0.131	-0.05823322
22	G	0.055	-0.06589279
23	A	-0.453	-0.08175466
24	A	-0.411	-0.08978071
25	A	-0.532	-0.0784705
26	A	-0.330	-0.06852736
27	C	-0.010	-0.06453952
28	A	-0.399	-0.05898352
29	A	-0.403	-0.06203005
30	T	0	-0.0638472
 31	A	-0.103	-0.04750668
32	G	0.141	-0.03876704
33	C	0.464	-0.03207383
34	A	-0.140	-0.01812335
35	A	-0.453	-0.001559654
36	A	-0.438	0.008208064
37	A	-0.406	-0.003820295
38	A	-0.282	-0.006439218
39	C	0.378	-0.006251731
40	C	0.364	0.003302749
41	A	0.117	0.01774654
42	G	-0.183	0.02713801
43	G	-0.041	0.05165706
44	A	0.199	0.05267994
45	C	0.409	0.05366958
46	C	0.426	0.04808165
47	C	0.538	0.05131881
48	T	0.304	0.07061886
49	T	0.026	0.08227722
50	C	0.241	0.08427913
51	G	0.065	0.09732464
52	G	-0.135	0.08738779
53	A	0.233	0.08373685
54	C	0.134	0.09200954
55	T	0.157	0.1072317
56	T	-0.309	0.1211734
57	G	0.193	0.143882
58	C	0.450	0.1619301
59	C	0.391	0.1633322
60	G	0.432	0.1598847
61	C	0.422	0.1549489
62	T	0.502	0.1644292
63	G	-0.372	0.1665653
64	A	-0.493	0.165516
65	A	-0.548	0.1570105
66	T	0.115	0.1384492
67	G	0.353	0.1221676
68	G	0.051	0.1074196
69	G	0.078	0.1004952
70	G	0.405	0.08349318
71	A	-0.246	0.07578915
72	T	0.322	0.06976359
73	T	0.181	0.05126059
74	T	0.140	0.03992692
75	T	0.105	0.04502769
76	C	0.478	0.06435805
77	G	0.421	0.05848228
78	T	0.433	0.04522831
79	C	0.230	0.03587683
80	G	-0.074	0.01881319
81	G	0.186	0.003023192
82	A	0.042	-0.01799329
83	T	0.158	-0.01303832
84	G	0.077	0.005459269
85	T	-0.297	0.02973791
86	T	-0.096	0.03652183
87	G	-0.270	0.03562776
88	A	-0.243	0.04549532
89	G	-0.421	0.05495718
90	T	-0.234	0.05083154
91	T	-0.370	0.06645295
92	T	-0.488	0.05210744
93	A	-0.307	0.05327365
94	C	0.356	0.05037361
95	C	0.444	0.05918428
96	T	-0.035	0.0377782
97	G	-0.066	0.02438379
98	G	0.026	0.008596715
99	A	-0.233	0.007440356
100	A	-0.193	0.007961115
101	T	-0.317	0.01075419
102	G	-0.178	0.002672451
103	C	0.227	0.001586323
104	C	0.398	0.007606672
105	C	0.380	0.0258068
106	C	0.318	0.03965632
107	G	0.436	0.0429717
108	G	0.447	0.03705567
109	T	0.244	0.04134575
110	G	0.363	0.04559507
111	T	-0.237	0.05141532
112	T	0.227	0.06912861
113	A	0.027	0.08754596
114	T	0.449	0.09101584
115	T	-0.355	0.09046484
116	T	-0.100	0.09206172
117	T	-0.182	0.1026188
118	G	0.185	0.1024968
119	G	-0.054	0.1019487
120	G	0.295	0.09966726
121	A	-0.273	0.1011157
122	A	0.116	0.108488
123	G	0.312	0.09773131
124	G	0.412	0.08165388
125	C	0.443	0.06803706
126	A	-0.141	0.0524617
127	G	-0.474	0.03243649
128	A	-0.254	0.01076977
129	C	-0.069	-0.006433585
130	A	-0.143	-0.01873125
131	T	0.202	-0.01091927
132	C	0.410	-0.02207293
133	C	0.492	-0.03128813
134	C	0.422	-0.05424577
135	A	0.026	-0.05545544
136	C	0.345	-0.06648341
137	G	0.021	-0.07428903
138	G	-0.254	-0.08772952
139	A	-0.282	-0.09758334
140	A	-0.260	-0.1159324
141	A	0.108	-0.1215974
142	C	-0.191	-0.1340651
143	A	-0.228	-0.1352896
144	A	-0.150	-0.1390091
145	T	-0.289	-0.1481085
146	G	-0.344	-0.142136
147	A	-0.397	-0.1308386
148	A	-0.426	-0.1375779
149	G	-0.116	-0.1488633
150	T	0.067	-0.155277
151	G	-0.207	-0.1726385
152	G	-0.332	-0.1912003
153	A	-0.446	-0.2016963
154	A	-0.403	-0.2238559
155	A	-0.531	-0.2356079
156	A	-0.486	-0.2463682
157	G	-0.338	-0.238215
158	A	-0.438	-0.2236604
159	A	-0.420	-0.2057953
160	A	-0.494	-0.2050982
161	A	-0.369	-0.212932
162	C	0.265	-0.2054001
163	A	0.267	-0.1892254
164	G	0.088	-0.1807428
165	C	0.091	-0.1618263
166	T	-0.033	-0.1482546
167	A	-0.517	-0.1259331
168	A	-0.509	-0.1162986
169	A	-0.393	-0.1077183
170	G	-0.474	-0.1037136
171	C	-0.313	-0.08873431
172	A	0.082	-0.08232378
173	A	-0.441	-0.07747768
174	A	-0.431	-0.06770311
175	A	-0.073	-0.05233687
176	T	0.339	-0.03720759
177	C	0.313	-0.03407731
178	T	0.414	-0.03661764
179	A	-0.233	-0.03912211
180	G	-0.196	-0.02508192
181	A	0.101	-0.008805377
182	G	0.402	-0.004434967
183	C	0.179	-0.0007092231
184	C	0.448	0.008096608
185	C	0.184	0.01638359
186	A	0.472	0.02743384
187	G	-0.050	0.04518009
188	T	0.218	0.05737446
189	T	0.223	0.06127087
190	T	0.376	0.07132746
191	T	-0.082	0.08483203
192	T	-0.257	0.08694145
193	G	-0.021	0.1028799
194	C	0.068	0.1245707
195	C	0.103	0.1339919
196	A	-0.216	0.1330337
197	A	-0.537	0.1348102
198	A	-0.518	0.1198294
199	C	0.053	0.1237812
200	C	0.265	0.140112
201	A	0.435	0.1425879
202	G	0.412	0.1331779
203	C	0.432	0.1274998
204	C	0.414	0.126849
205	C	0.397	0.1286448
206	C	0.174	0.1265808
207	A	-0.033	0.1374007
208	C	-0.241	0.1247536
209	G	-0.082	0.1074975
210	T	0.213	0.09087749
211	G	0.165	0.08023999
212	G	0.180	0.09122569
213	G	0.414	0.1007415
214	C	0.293	0.1094143
215	T	0.302	0.1158194
216	G	0.382	0.1188979
217	G	-0.170	0.1210582
218	G	-0.079	0.1329107
219	C	0.440	0.1350779
220	A	0.198	0.1252967
221	G	0.035	0.1251713
222	G	-0.041	0.1201214
223	C	0.423	0.1141415
224	T	0.254	0.1122163
225	C	0.392	0.1114298
226	T	0.371	0.09761574
227	G	-0.275	0.0889611
228	G	-0.449	0.09132531
229	A	-0.271	0.08014494
230	A	-0.497	0.0609503
231	G	0.171	0.05800379
232	C	0.349	0.05141759
233	C	0.406	0.04812828
234	C	0.353	0.04868031
235	A	-0.096	0.04872372
236	A	-0.453	0.04768341
237	G	-0.055	0.048607
238	T	0.137	0.06117416
239	C	-0.116	0.05657865
240	A	0.430	0.04885824
241	G	0.215	0.04324982
242	G	0.199	0.04431609
243	C	0.339	0.02988393
244	C	0.366	0.03443527
245	G	-0.363	0.02943137
246	A	-0.371	0.02870863
247	T	-0.149	0.03791268
248	G	-0.518	0.05351368
249	A	-0.535	0.07042981
250	A	0.050	0.09535488
251	G	-0.076	0.09564057
252	A	0.286	0.09443927
253	G	0.314	0.09268257
254	C	0.303	0.08828639
255	G	0.341	0.09315571
256	G	-0.134	0.1147296
257	C	0.410	0.1209796
258	T	0.260	0.1290422
259	G	-0.102	0.1244674
260	A	-0.183	0.1000447
261	G	0	0.08666177
 262	G	-0.139	0.08880195
263	C	0.431	0.08311556
264	C	0.196	0.07181422
265	G	0.343	0.07847038
266	T	0.083	0.07738925
267	G	0.159	0.08530309
268	G	0.388	0.1086785
269	G	0.474	0.1250348
270	G	0.182	0.1354673
271	A	0.302	0.1487293
272	T	0.338	0.147749
273	C	0.181	0.1427792
274	T	0.093	0.1297984
275	G	0.387	0.118003
276	G	0.187	0.126831
277	T	0.452	0.1201063
278	T	-0.294	0.1181738
279	T	-0.521	0.1334701
280	A	-0.306	0.1447695
281	C	0.282	0.1423984
282	C	0.117	0.151674
283	A	-0.074	0.1473712
284	G	-0.104	0.146491
285	G	-0.413	0.1401117
286	A	0.158	0.1266503
287	G	0.393	0.1118719
288	G	0.102	0.09241095
289	G	0.457	0.07436346
290	C	0.440	0.06488177
291	A	0.247	0.05781119
292	C	0.121	0.04701506
293	A	-0.202	0.04484824
294	T	-0.118	0.03229096
295	G	0.210	0.01717542
296	G	0.148	0.01584304
297	A	0.185	0.002722492
298	G	0.493	0.01212528
299	G	0.257	0.03646184
300	A	-0.092	0.05004002
301	T	0.222	0.04252847
302	G	0.264	0.03494778
303	C	0.162	0.02762461
304	A	0.094	0.01749353
305	A	-0.441	0.0267671
306	G	-0.417	0.0300453
307	A	-0.370	0.006214456
308	A	-0.228	-0.006860672
309	A	-0.187	-0.02703708
310	A	0.026	-0.03040285
311	G	-0.083	-0.02593418
312	G	0.097	-0.01819018
313	A	-0.396	-0.001805544
314	A	-0.201	0.006889456
315	G	0.135	0.0138921
316	A	-0.059	0.01008766
317	G	0.071	0.004832392
318	C	0.427	-0.00877131
319	C	0.222	-0.02494036
320	G	-0.010	-0.02256918
321	T	-0.177	-0.03157926
322	A	-0.359	-0.04482664
323	T	-0.499	-0.05471887
324	T	-0.051	-0.06531676
325	C	0.286	-0.06379696
326	A	-0.536	-0.06629889
327	A	-0.407	-0.05798994
328	G	-0.329	-0.05276715
329	T	0.309	-0.03909353
330	C	0.422	-0.03537249
331	C	0.423	-0.03510926
332	C	0.436	-0.04940431
333	C	0.220	-0.051396
334	A	0.483	-0.06029369
335	C	0	-0.07488374
 336	T	-0.019	-0.08430848
337	T	-0.036	-0.09313606
338	C	-0.373	-0.09335257
339	A	0	-0.08858962
 340	G	-0.129	-0.07671377
341	T	-0.252	-0.07152059
342	G	-0.223	-0.06229
343	A	-0.319	-0.03962621
344	T	-0.381	-0.02881603
345	G	-0.514	-0.02550849
346	A	-0.046	-0.001139208
347	G	-0.025	0.02143338
348	G	0.345	0.01990046
349	C	0.171	0.01799295
350	A	-0.072	0.01066859
351	G	-0.460	0.01060054
352	A	-0.474	0.007506151
353	A	-0.548	0.005434767
354	A	-0.433	-0.004897813
355	G	-0.426	0.003807982
356	A	-0.272	0.01353828
357	C	0.418	0.0164359
358	C	0.408	0.03487751
359	C	0.452	0.02098015
360	T	0.024	0.02728354
361	G	0	0.04370459
 362	C	0.384	0.04370418
363	G	0.369	0.05914256
364	C	0.415	0.07665056
365	C	0.414	0.1016545
366	T	0.473	0.1118233
367	G	-0.389	0.1119817
368	A	0.234	0.112739
369	C	0.136	0.1157214
370	C	0.420	0.1146717
371	A	0.316	0.115966
372	C	0.140	0.1222068
373	G	0.080	0.1293236
374	T	0.339	0.1497807
375	G	0.360	0.1718691
376	G	0.076	0.1889289
377	G	0.346	0.188245
378	A	-0.541	0.1713128
379	A	0.116	0.1512203
380	C	0.387	0.1429502
381	A	-0.223	0.1518209
382	G	0.283	0.1397451
383	C	0.300	0.140348
384	C	0.460	0.1360029
385	T	0.349	0.1312935
386	G	-0.019	0.1301315
387	C	0.375	0.1510884
388	A	0.288	0.156133
389	G	-0.113	0.1453185
390	T	-0.409	0.1417179
391	G	-0.230	0.1450873
392	A	-0.271	0.151982
393	G	0.364	0.1544116
394	C	0.434	0.1330644
395	G	0.392	0.1272187
396	G	0.392	0.1359048
397	T	-0.251	0.1397746
398	G	-0.330	0.1549376
399	A	-0.297	0.1403965
400	C	0.345	0.1187848
401	G	-0.086	0.1223826
402	C	0.393	0.1096929
403	C	0.246	0.09836623
404	G	0.230	0.09662546
405	C	0.427	0.09885003
406	C	0.427	0.1072161
407	T	0.431	0.1076722
408	G	-0.285	0.1086105
409	G	0.280	0.1221505
410	C	0.447	0.1420825
411	T	0.408	0.1590001
412	T	0.175	0.1769362
413	G	-0.493	0.1780835
414	A	0.132	0.1776906
415	G	0.415	0.1809074
416	C	0.497	0.1783416
417	T	0.049	0.1795179
418	A	-0.450	0.1816455
419	A	-0.454	0.2009255
420	G	-0.082	0.1833351
421	T	-0.211	0.1749484
422	G	-0.140	0.1648591
423	C	0.392	0.1576483
424	T	0.436	0.1568729
425	G	0.307	0.1521685
426	G	0.393	0.1463498
427	G	0.324	0.1293417
428	C	0.414	0.1284204
429	T	0.367	0.1258609
430	C	0.429	0.1044334
431	C	0.428	0.09028548
432	A	0.409	0.08027772
433	C	0.419	0.1021649
434	C	0.518	0.1020036
435	A	0.292	0.09731084
436	T	-0.205	0.07519107
437	T	-0.247	0.06304836
438	C	0.454	0.07008177
439	A	-0.340	0.06923995
440	T	-0.413	0.06968819
441	T	0	0.07223155
 442	G	-0.034	0.06392104
443	G	0.200	0.0416434
444	C	0.244	0.02225366
445	T	0.200	0.01137863
446	G	-0.231	0.0124015
447	A	-0.321	-0.004594805
448	G	0.180	-0.02427868
449	T	-0.388	-0.03859752
450	G	-0.142	-0.05191335
451	A	-0.215	-0.06658658
452	C	0.360	-0.0889441
453	C	0.125	-0.1006388
454	T	0.232	-0.1041181
455	T	-0.365	-0.09978593
456	A	-0.424	-0.0837557
457	G	-0.176	-0.06701511
458	A	-0.487	-0.07962036
459	T	-0.065	-0.07650667
460	G	-0.112	-0.05447254
461	A	-0.464	-0.0601419
462	G	-0.476	-0.06431308
463	A	-0.319	-0.05858221
464	A	-0.116	-0.05548403
465	G	0.433	-0.05197206
466	A	-0.338	-0.03667265
467	G	-0.353	-0.01954032
468	A	-0.191	-0.03618021
469	A	-0.090	-0.03400908
470	T	-0.143	-0.04407149
471	G	-0.462	-0.04653121
472	A	-0.036	-0.06355949
473	G	0.382	-0.06678414
474	C	0.460	-0.06379537
475	C	0.419	-0.04379478
476	A	0.405	-0.02075293
477	T	-0.037	-0.01508098
478	G	-0.218	-0.000375659
479	T	0.445	0.009544331
480	G	-0.221	0.02086828
481	T	-0.197	0.04062969
482	T	0.423	0.06442043
483	T	0.365	0.08085007
484	C	0.337	0.08727797
485	C	0.364	0.06367905
486	T	0.347	0.06764484
487	G	-0.468	0.08270715
488	A	-0.303	0.09442948
489	A	-0.535	0.1075088
490	A	-0.311	0.1073448
491	C	-0.303	0.1231954
492	A	0	0.1304792
 493	T	0.348	0.1173432
494	C	0.414	0.09299666
495	C	0.474	0.09230484
496	A	0.044	0.0825017
497	G	0.085	0.08618077
498	T	0.321	0.1017231
499	G	0.328	0.1007325
500	G	0.305	0.1025764
501	C	0.451	0.09679933
502	C	0.321	0.08320246
503	T	0.133	0.07929292
504	C	-0.487	0.07152761
505	A	-0.183	0.07331548
506	C	0.234	0.0728765
507	C	0.266	0.09431009
508	G	0.419	0.09523348
509	G	-0.150	0.1021963
510	A	0.155	0.1008601
511	G	0.247	0.1067186
512	A	-0.129	0.1086672
513	A	-0.488	0.1100468
514	T	0.392	0.1078146
515	C	0.022	0.1031892
516	T	0.106	0.1038892
517	G	0.387	0.09362936
518	C	0.407	0.0730479
519	A	-0.149	0.06048523
520	A	-0.422	0.06434282
521	G	-0.106	0.06206328
522	A	0.212	0.06386564
523	G	0.034	0.05331318
524	C	0.434	0.07028375
525	C	0.329	0.0823418
526	G	0.367	0.08535544
527	G	-0.267	0.088074
528	T	-0.263	0.0775853
529	A	-0.363	0.08883912
530	A	-0.075	0.09721327
531	A	0.075	0.102859
532	C	0.402	0.1023212
533	C	0.327	0.1074945
534	C	0.294	0.1050852
535	A	0.072	0.1157487
536	G	-0.314	0.1240575
537	A	-0.481	0.1246592
538	A	-0.160	0.1117927
539	G	0.456	0.1033953
540	C	0.362	0.106501
541	T	0.391	0.1028799
542	T	-0.277	0.1069211
543	G	0.174	0.1152411
544	G	0.286	0.1005776
545	C	0.351	0.08696007
546	C	0.372	0.08956661
547	G	0.010	0.1028368
548	T	0.288	0.1133386
549	C	0.482	0.1176018
550	C	0.467	0.1135128
551	A	-0.150	0.1176894
552	T	-0.286	0.1167036
553	T	0.298	0.1127157
554	C	0.438	0.1168502
555	C	0.430	0.1277851
556	T	0.410	0.1448205
557	G	-0.094	0.1611089
558	G	-0.476	0.1745599
559	A	-0.301	0.1693991
560	A	-0.247	0.1716441
561	G	0.370	0.1723666
562	C	0.359	0.1892418
563	A	-0.137	0.182979
564	G	-0.201	0.1714514
565	A	0.468	0.1591225
566	C	0.249	0.1427607
567	A	0.145	0.1365336
568	T	-0.197	0.1355964
569	T	-0.234	0.129468
570	G	0.238	0.1272633
571	T	0.363	0.141618
572	G	0.171	0.1597093
573	T	0.455	0.1627931
574	C	0.498	0.1570295
575	T	0.350	0.1560737
576	T	0.154	0.1560541
577	C	0.363	0.1661884
578	G	0.254	0.1891982
579	T	0.450	0.2022736
580	C	0.419	0.2048475
581	C	0.380	0.1842002
582	A	-0.069	0.1649805
583	C	-0.162	0.1618331
584	C	-0.129	0.1651076
585	A	-0.265	0.1592321
586	A	-0.232	0.1657286
587	G	0.252	0.1732354
588	C	0.243	0.181696
589	C	0.381	0.1992918
590	C	0.409	0.2011373
591	C	0.418	0.1880794
592	T	0.418	0.1920962
593	G	0.213	0.1749077
594	G	0.392	0.1561438
595	C	0.410	0.1551252
596	T	0.300	0.1626456
597	C	0.420	0.1655622
598	T	0.208	0.1646586
599	C	-0.147	0.158859
600	A	-0.434	0.136542
601	A	-0.390	0.1167313
602	C	-0.259	0.1142314
603	A	-0.073	0.1088377
604	C	0.239	0.109711
605	T	0.503	0.1154399
606	C	0.438	0.1249358
607	A	0.132	0.1226939
608	C	0.451	0.1228062
609	T	0.310	0.124134
610	G	-0.145	0.1214145
611	T	0.328	0.1205401
612	G	-0.215	0.1175237
613	G	-0.233	0.1199953
614	T	0.310	0.1015951
615	G	0.447	0.08590396
616	G	0.477	0.08837312
617	C	0.219	0.0886894
618	A	0.223	0.09454458
619	A	-0.450	0.1119364
620	G	-0.392	0.1345749
621	A	-0.167	0.1463559
622	A	-0.373	0.1465373
623	C	-0.095	0.1530403
624	A	-0.042	0.1476929
625	T	0.138	0.1430924
626	G	0.164	0.1216579
627	G	0.247	0.1171446
628	C	0.433	0.1116329
629	A	0.303	0.113688
630	C	0.384	0.1240516
631	C	0.301	0.1169223
632	T	0.310	0.1309109
633	T	-0.324	0.1495715
634	G	-0.201	0.1423587
635	A	0.396	0.1199092
636	C	0.433	0.1072698
637	C	0.436	0.09143006
638	C	0.530	0.09050414
639	T	0.448	0.09898545
640	A	0.069	0.1166362
641	C	-0.252	0.1171138
642	A	0.180	0.1145656
643	C	0.031	0.1036263
644	A	0.323	0.09178306
645	G	-0.397	0.08519771
646	T	-0.043	0.08317061
647	T	0.236	0.08085489
648	C	0.391	0.08045846
649	T	0.258	0.07354601
650	T	0.050	0.07357819
651	C	0.330	0.06585678
652	C	0.494	0.05966854
653	A	0.029	0.06615948
654	T	-0.428	0.08144617
655	T	-0.015	0.07332355
656	T	-0.398	0.06266423
657	T	0.187	0.06133776
658	T	-0.119	0.04225112
659	C	0.296	0.02516212
660	A	-0.148	0.02200943
661	G	-0.472	0.02146468
662	A	-0.521	0.01043538
663	A	-0.504	0.01402417
664	G	-0.118	0.01040765
665	C	0.085	0.03126073
666	A	0.157	0.02358841
667	G	0.417	0.01458115
668	G	0.033	0.01229569
669	T	0.385	-0.002351441
670	G	0	0.0001832564
 671	A	0.068	-0.01899085
672	G	-0.071	-0.02652523
673	C	0.394	-0.01977186
674	A	0.080	-0.008137549
675	C	0.017	-0.004078405
676	A	0.384	0.007846677
677	G	-0.213	0.001303444
678	A	-0.218	-0.0019153
679	T	-0.053	-0.02136127
680	T	-0.274	-0.03011176
681	G	-0.249	-0.02746622
682	C	0.171	-0.01952907
683	T	0.182	-0.01845853
684	G	0.415	-0.01146594
685	G	-0.342	-0.01655923
686	G	-0.114	-0.02748856
687	A	0.301	-0.0497681
688	T	-0.312	-0.06063376
689	G	0.149	-0.07691719
690	G	-0.417	-0.07476766
691	A	0.200	-0.06622042
692	G	0.292	-0.06348427
693	T	0.025	-0.07164538
694	G	0.142	-0.07254822
695	A	0.067	-0.07048339
696	G	-0.067	-0.06901146
697	T	-0.245	-0.05713493
698	A	-0.462	-0.04194595
699	A	-0.489	-0.03316413
700	A	-0.369	-0.02481185
701	A	-0.212	-0.01283782
702	G	-0.462	-0.01187692
703	A	0.154	-0.005001154
704	T	-0.112	-0.009823795
705	A	-0.269	0.002644179
706	T	-0.451	0.01567397
707	A	-0.390	0.006932408
708	A	-0.249	0.02539654
709	A	0.083	0.02734054
710	C	0.402	0.04412323
711	T	0.035	0.04741143
712	G	0.076	0.03455474
713	G	0.044	0.04565574
714	A	0.097	0.04952061
715	C	0.442	0.05860481
716	T	0.249	0.0662683
717	G	0.373	0.08532758
718	G	0.288	0.09654206
719	G	0.051	0.1166718
720	C	0.216	0.1145951
721	A	0.208	0.1121191
722	C	0.451	0.1273306
723	G	0.227	0.134344
724	G	0.143	0.1474356
725	T	0.393	0.1622974
726	T	-0.039	0.1797965
727	G	0.407	0.1956343
728	C	0.225	0.2126664
729	T	0.237	0.2187159
730	C	0.329	0.2210526
731	G	-0.209	0.2290544
732	C	0.458	0.2151205
733	A	0.293	0.2091644
734	C	0.421	0.2103711
735	C	0.231	0.2061602
736	T	0.497	0.1893146
737	G	-0.024	0.1867217
738	T	0.295	0.1738836
739	A	-0.450	0.177465
740	A	-0.308	0.1827779
741	T	0.130	0.1874554
742	C	0.427	0.1673412
743	C	0.397	0.1543126
744	C	0.310	0.1370793
745	A	0.231	0.1208507
746	G	0.227	0.1212005
747	C	0.415	0.1216936
748	A	0.319	0.1183448
749	C	0.493	0.1194026
750	T	0.347	0.1205596
751	T	-0.467	0.1242687
752	T	-0.187	0.1041051
753	G	0.144	0.08924469
754	G	0.277	0.08056471
755	G	-0.407	0.08448574
756	A	0.272	0.08301592
757	G	-0.211	0.09445506
758	G	0.191	0.09838475
759	C	0.424	0.1115995
760	C	0.391	0.1068081
761	G	-0.333	0.09473637
762	A	-0.280	0.0878058
763	A	-0.528	0.08916332
764	G	-0.239	0.08628234
765	C	-0.025	0.08795588
766	G	0.427	0.08568211
767	G	0.094	0.08000032
768	G	0.278	0.05939701
769	C	0.374	0.04405596
770	G	-0.064	0.02930396
771	G	-0.327	0.03820424
772	A	-0.286	0.05052957
773	T	0.082	0.04681408
774	C	0.384	0.04628503
775	G	0.440	0.04571047
776	C	0.421	0.03270057
777	T	0.448	0.04253332
778	T	0.064	0.03951706
779	G	-0.495	0.02002229
780	A	-0.340	-0.0005507333
781	G	0.157	0.01424127
782	C	0.450	0.03186034
783	T	0.198	0.05609239
784	C	0.296	0.07304414
785	A	0.138	0.07369558
786	G	0.193	0.06928412
787	G	-0.483	0.07670729
788	A	-0.104	0.07023249
789	G	-0.228	0.06035063
790	T	-0.120	0.06688342
791	T	0.293	0.08220121
792	C	0	0.08240665
 793	G	0.257	0.06762991
794	A	-0.429	0.05395583
795	G	-0.234	0.03868765
796	A	0.171	0.02059755
797	T	0.073	0.004880267
798	T	-0.336	-0.005389733
799	A	-0.411	0.00369219
800	G	0.243	-0.00112681
801	T	0.406	-0.01862571
802	C	0.416	-0.03998532
803	T	0.421	-0.04230417
804	A	0	-0.03851073
 805	G	0.254	-0.03664968
806	G	0.384	-0.02958248
807	C	0.025	-0.003706477
808	A	-0.011	-0.001014426
809	A	0.190	-0.005479554
810	C	0.269	-0.0141765
811	A	-0.278	-0.03317478
812	T	-0.493	-0.04532207
813	A	-0.148	-0.06426132
814	G	-0.154	-0.06259032
815	T	-0.284	-0.06667799
816	G	-0.164	-0.07461537
817	A	-0.335	-0.08755345
818	G	-0.141	-0.08856135
819	A	-0.528	-0.08097779
820	A	-0.525	-0.09365638
821	G	-0.382	-0.1148524
822	C	0.107	-0.1338481
823	T	0.444	-0.155833
824	A	0.211	-0.1608513
825	T	0.469	-0.1773314
826	C	0.525	-0.1987622
827	T	0	-0.2081862
 828	T	-0.402	-0.2136187
829	A	-0.459	-0.2281954
830	A	-0.447	-0.2369014
831	A	-0.473	-0.2395679
832	A	-0.481	-0.2391882
833	A	-0.364	-0.2474312
834	A	-0.393	-0.2545692
835	A	-0.137	-0.2586928
836	A	-0.430	-0.2547925
837	T	-0.375	-0.2426213
838	T	-0.115	-0.2270758
839	T	-0.250	-0.2265689
840	A	-0.419	-0.2185278
841	A	-0.323	-0.2051224
842	A	-0.435	-0.1963853
843	T	-0.195	-0.2012416
844	A	-0.387	-0.2007741
845	A	-0.451	-0.2153893
846	A	-0.341	-0.2301451
847	A	-0.223	-0.2192993
848	G	-0.378	-0.2036015
849	T	-0.069	-0.1900419
850	T	-0.382	-0.1821056
851	A	-0.478	-0.1742315
852	T	-0.470	-0.1565635
853	A	-0.433	-0.1404377
854	A	-0.445	-0.1196208
855	A	-0.012	-0.1086335
856	C	0.139	-0.08708313
857	C	0.464	-0.06658231
858	A	-0.508	-0.06562241
859	A	-0.211	-0.05198375
860	G	0.140	-0.04217727
861	G	0.448	-0.03746763
862	C	0.255	-0.03297089
863	T	0.229	-0.04179545
864	T	-0.100	-0.03311789
865	G	-0.050	-0.01123431
866	G	0.422	0.008748182
867	G	0.209	0.02010262
868	G	0.069	0.02137303
869	T	-0.138	0.02779205
870	T	-0.166	0.02560415
871	T	0.207	0.048342
872	C	0.264	0.06721397
873	T	0.417	0.09060289
874	G	0.290	0.094082
875	G	0.409	0.1001282
876	G	0.424	0.09629845
877	T	-0.078	0.08084986
878	G	0.280	0.09509005
879	C	-0.037	0.09757587
880	T	-0.140	0.0993921
881	T	-0.260	0.09348702
882	T	-0.539	0.09256923
883	G	-0.049	0.0926421
884	C	0.401	0.09407013
885	C	0.437	0.08475021
886	A	0.219	0.06579667
887	G	-0.328	0.05467639
888	G	0.180	0.05951969
889	A	-0.467	0.07470074
890	C	0.408	0.08236151
891	C	0.265	0.06860105
892	T	0.478	0.05440546
893	G	-0.309	0.03310172
894	T	0.223	0.01627631
895	T	-0.010	-0.002764769
896	C	-0.137	-0.01721044
897	T	0.046	-0.02015015
898	T	-0.114	-0.03520566
899	G	0.211	-0.02456067
900	G	0.218	-0.009240521
901	G	0.219	0.01124168
902	C	0.232	0.01793415
903	A	-0.045	0.007315359
904	G	-0.413	-0.006988744
905	A	-0.316	-0.02967218
906	A	-0.223	-0.02374497
907	C	0.258	-0.005641154
908	T	0.453	-0.005682718
909	G	0.132	0.003452923
910	A	-0.328	-0.005596882
911	A	-0.289	-0.01601598
912	T	-0.412	-0.02652726
913	A	-0.365	-0.01382875
914	T	-0.333	-0.0244316
915	A	-0.139	-0.02258861
916	T	-0.192	-0.02027124
917	A	-0.306	-0.03054578
918	C	0.377	-0.03019599
919	T	0.457	-0.04396014
920	C	0.538	-0.04010181
921	A	-0.278	-0.04485134
922	A	-0.463	-0.06450427
923	T	-0.156	-0.07300658
924	T	-0.446	-0.05738186
925	C	0.450	-0.04248058
926	T	0.377	-0.02724809
927	G	0.178	-0.0242014
928	A	-0.111	-0.04507263
929	G	0.055	-0.04151029
930	G	-0.140	-0.02665727
931	A	0.068	-0.01285729
932	G	0.185	0.006665628
933	G	-0.190	0.02554142
934	G	0.061	0.02242612
935	A	-0.047	0.01257532
936	A	-0.353	0.003451397
937	G	-0.100	0.0008040897
938	A	-0.325	-0.01205406
939	G	0.368	-0.03500486
940	G	0.034	-0.05804268
941	A	-0.533	-0.04091914
942	A	-0.376	-0.02956271
943	G	0.195	-0.01439999
944	G	0.264	0.005067523
945	T	0.370	-0.001625708
946	C	0.377	0.0002787026
947	A	-0.360	-0.01230696
948	T	0.271	-0.02116658
949	G	0.250	-0.03324847
950	G	0.249	-0.03709926
951	C	0.348	-0.04428329
952	T	0.370	-0.03706452
953	A	-0.454	-0.02065334
954	A	-0.523	-0.02914245
955	A	-0.548	-0.03506597
956	A	-0.409	-0.03675231
957	G	-0.123	-0.02311269
958	G	-0.437	-0.003292256
959	T	-0.359	-0.001819872
960	A	0.388	0.008446485
961	G	-0.020	0.03346731
962	G	0.435	0.05432636
963	C	0.312	0.04584648
964	T	0.189	0.03905295
965	C	0.451	0.04146438
966	T	-0.312	0.03236508
967	G	-0.456	0.05006821
968	A	-0.416	0.03325279
969	A	-0.290	0.01545118
970	A	-0.211	-0.003317667
971	T	0.467	-0.02624769
972	C	0.449	-0.03459999
973	A	-0.269	-0.01190232
974	G	-0.278	0.009328267
975	A	-0.419	0.03336457
976	C	0.431	0.0552287
977	T	0.447	0.06628591
978	C	0.426	0.08654742
979	C	0.434	0.1021715
980	C	0.441	0.1032766
981	G	0.436	0.1143362
982	G	-0.134	0.1141259
983	A	0	0.1175177
 984	G	0.464	0.1240642
985	C	0.022	0.1203988
986	T	0.330	0.1247428
987	C	-0.384	0.1481754
988	A	-0.443	0.1652351
989	A	-0.482	0.1667253
990	A	-0.545	0.1737431
991	T	0.044	0.1723395
992	C	0.430	0.1706162
993	C	0.304	0.1900292
994	C	0.388	0.1983622
995	A	0.443	0.2085286
996	G	0.307	0.1849345
997	C	0.352	0.1634354
998	A	0.249	0.1501437
999	C	0.432	0.1372762
1000	T	0.410	0.1334742
1001	C	0.426	0.1310903
1002	T	0.444	0.1387879
1003	C	0.445	0.140888
1004	T	0.308	0.1250031
1005	G	-0.142	0.1218422
1006	C	0.457	0.1010868
1007	T	0.249	0.109874
1008	T	-0.232	0.1284526
1009	G	0.062	0.1408361
1010	C	0.412	0.1519846
1011	C	0.382	0.1518973
1012	A	0.487	0.1361949
1013	C	0.046	0.1290033
1014	T	-0.022	0.1264354
1015	T	-0.489	0.1259152
1016	A	-0.391	0.1295962
1017	G	-0.092	0.123782
1018	A	-0.067	0.1268593
1019	C	0.293	0.110998
1020	T	0.343	0.09667966
1021	T	0.165	0.07407895
1022	C	0.081	0.05087248
1023	A	-0.155	0.02887507
1024	G	-0.100	0.009184305
1025	G	-0.479	0.009346177
1026	T	-0.042	-0.005173438
1027	A	0.280	-0.02177641
1028	G	0	-0.01314862
 1029	G	-0.111	-0.007947518
1030	G	0.041	-0.02172285
1031	G	-0.181	-0.04340636
1032	A	0.024	-0.05700916
1033	G	0.288	-0.05033212
1034	G	0.422	-0.03843905
1035	G	0.451	-0.01488364
1036	G	0.125	-5.151538e-05
1037	G	0.369	0.0093646
1038	A	-0.186	0.001620751
1039	T	-0.147	-0.001743736
1040	A	-0.454	-0.002359403
1041	T	-0.460	0.004108495
1042	A	-0.412	0.009804054
1043	A	-0.459	0.02335169
1044	A	-0.136	0.03337754
1045	T	-0.109	0.05243005
1046	G	-0.398	0.05541637
1047	T	0.103	0.0594373
1048	T	0.265	0.06960722
1049	T	-0.124	0.08371153
1050	G	-0.462	0.09550282
1051	A	-0.042	0.1011084
1052	G	0.307	0.08932524
1053	C	0.440	0.06983962
1054	C	0.429	0.04836716
1055	T	0.187	0.02970518
1056	C	0.275	0.01362734
1057	A	-0.369	-0.003402713
1058	G	0.162	0.005939185
1059	T	0.319	0.02022765
1060	C	0.417	0.04313631
1061	C	0.304	0.06278511
1062	C	0.373	0.07691236
1063	C	0.290	0.09394321
1064	T	0.263	0.09421534
1065	C	0.074	0.08554747
1066	C	0.437	0.0957589
1067	T	0.396	0.0820848
1068	C	0.439	0.06308759
1069	T	0.501	0.06223375
1070	G	0.036	0.07356195
1071	T	-0.435	0.06488075
1072	A	-0.471	0.05403962
1073	A	-0.414	0.04350812
1074	A	-0.276	0.04354445
1075	A	-0.501	0.04060781
1076	T	-0.294	0.03974412
1077	G	0.177	0.0603815
1078	G	0.409	0.06453309
1079	G	0.438	0.05489625
1080	G	0.305	0.04666213
1081	G	0.138	0.04806552
1082	C	0.205	0.03682857
1083	A	-0.125	0.03863795
1084	G	-0.447	0.04306995
1085	T	0	0.04413877
 1086	A	-0.429	0.0368432
1087	A	-0.475	0.03373184
1088	A	-0.157	0.0150651
1089	T	-0.021	-0.003841079
1090	G	-0.381	-0.00662809
1091	T	-0.115	0.01268127
1092	A	0.030	0.0321474
1093	C	0.430	0.04093667
1094	T	0.072	0.04431954
1095	G	0.241	0.05034838
1096	C	0.435	0.04565138
1097	A	0.324	0.04709359
1098	C	-0.056	0.03110159
1099	A	0.096	0.02505738
1100	C	0.358	0.009721436
1101	A	-0.064	-0.0008690513
1102	G	0.360	0.002919538
1103	C	0.436	0.01899941
1104	T	0.116	0.03154937
1105	G	0.152	0.02572973
1106	C	0.275	0.03302027
1107	A	-0.288	0.0501666
1108	A	-0.236	0.05761368
1109	G	-0.071	0.0613902
1110	G	0.317	0.07524194
1111	T	0.287	0.07251351
1112	G	-0.071	0.06575339
1113	T	-0.144	0.04244688
1114	G	-0.266	0.03017265
1115	A	-0.477	0.01303732
1116	A	0.234	-0.00199871
1117	T	-0.214	-0.006343018
1118	G	0.203	-0.003376474
1119	A	-0.292	0.005635079
1120	G	-0.274	-0.004393182
1121	G	0.352	0.004859026
1122	C	0.501	0.004371641
1123	G	0.042	-0.01193644
1124	A	-0.226	-0.004741923
1125	T	-0.145	0.005145051
1126	G	0.193	0.003475205
1127	C	0.132	0.0001372308
1128	A	0.126	0.005572428
1129	C	0.158	-0.0009613615
1130	G	-0.222	-0.018934
1131	T	-0.233	-0.02977334
1132	A	-0.478	-0.03202202
1133	A	-0.405	-0.02070661
1134	A	-0.426	-0.009192503
1135	A	-0.150	0.006118856
1136	C	0.154	0.001737313
1137	A	0.059	-0.005669431
1138	C	0.447	-0.02476146
1139	A	-0.032	-0.02485751
1140	G	0.295	-0.02461399
1141	T	0.341	-0.02146405
1142	G	-0.199	-0.02314212
1143	C	0.396	-0.02023267
1144	C	0.538	-0.01389185
1145	T	0.210	-0.01390872
1146	A	-0.419	-0.02333128
1147	T	-0.024	-0.01966082
1148	A	-0.326	-0.01591046
1149	G	-0.383	-0.01593356
1150	T	-0.134	-0.007698582
1151	A	-0.159	0.01051729
1152	T	0.296	0.03431319
1153	C	0.182	0.04744716
1154	A	0.119	0.05037939
1155	C	0.063	0.05599729
1156	A	-0.502	0.06546742
1157	T	-0.541	0.06858851
1158	T	-0.295	0.04624853
1159	G	-0.265	0.05536728
1160	G	0.475	0.04347485
1161	G	0.435	0.04608433
1162	G	0.155	0.05558756
1163	T	0.020	0.04362707
1164	T	-0.145	0.03140712
1165	T	-0.174	0.03555807
1166	T	0.275	0.05371987
1167	T	0.272	0.06570672
1168	T	0.157	0.07847598
1169	G	0.099	0.08651558
1170	G	0.476	0.09156082
1171	T	0.45	0.1051879
1172	G	0.106	0.09413756
1173	T	-0.312	0.09699364
1174	T	0.068	0.09393492
1175	T	0.524	0.08357759
1176	T	0.181	0.09679434
1177	T	-0.423	0.09984162
1178	T	0.323	0.0968778
1179	G	-0.167	0.09275603
1180	T	0.443	0.07684467
1181	T	0.171	0.06683817
1182	T	-0.069	0.06124625
1183	T	0.061	0.0602097
1184	T	0.372	0.06941975
1185	G	0.289	0.07424963
1186	T	0.443	0.06910752
1187	T	0.171	0.07143803
1188	T	-0.069	0.07064293
1189	T	0.061	0.07451585
1190	T	0.372	0.07287397
1191	G	-0.134	0.07279444
1192	T	0.294	0.06541674
1193	T	0	0.0845951
 1194	T	-0.340	0.08977659
1195	T	0.012	0.0816919
1196	T	-0.422	0.08741672
1197	T	-0.411	0.102944
1198	T	-0.426	0.08957952
1199	G	-0.144	0.1064011
1200	A	0.045	0.09668835
1201	C	-0.062	0.08912032
1202	A	-0.020	0.1004433
1203	G	0.213	0.1012036
1204	A	0.013	0.09805825
1205	G	0.075	0.0959273
1206	G	0.363	0.08939966
1207	G	0.126	0.08500499
1208	T	0.250	0.0968849
1209	C	0.412	0.1016089
1210	T	0.446	0.09326607
1211	C	-0.181	0.09110828
1212	A	0.435	0.07641843
1213	C	0.270	0.07823547
1214	T	0.208	0.08190914
1215	C	0.404	0.09156878
1216	T	0.182	0.09955983
1217	G	-0.197	0.1110679
1218	T	0.488	0.1145942
1219	C	0.064	0.1183082
1220	A	-0.123	0.115133
1221	C	0.371	0.1215543
1222	C	0.091	0.1249752
1223	C	0.249	0.1287857
1224	A	0.206	0.12886
1225	G	0.188	0.1153358
1226	G	0	0.1068118
 1227	C	0.393	0.1066654
1228	T	0.246	0.1020399
1229	G	0.046	0.0988242
1230	G	-0.218	0.0905824
1231	A	-0.278	0.1010023
1232	G	0.070	0.09622081
1233	T	-0.197	0.09995438
1234	G	0.389	0.1072629
1235	C	-0.110	0.1078346
1236	A	0.037	0.1090957
1237	A	-0.288	0.1197405
1238	T	0	0.1161597
 1239	G	-0.078	0.1141551
1240	G	0.188	0.129051
1241	A	0.113	0.1228832
1242	G	0.361	0.1281324
1243	T	0.016	0.1295559
1244	G	-0.452	0.1271562
1245	A	0.030	0.1323752
1246	T	0.121	0.1284101
1247	C	0.069	0.1116716
1248	T	0.287	0.09664999
1249	C	0.125	0.1014873
1250	A	0.224	0.1115163
1251	G	0.248	0.1286086
1252	C	0.415	0.1344914
1253	T	0.493	0.1508913
1254	C	0.426	0.1500993
1255	A	0.231	0.1570093
1256	C	0.217	0.1568686
1257	T	0.348	0.1736717
1258	G	-0.013	0.1838314
1259	C	0.457	0.1911659
1260	A	0.131	0.1813816
1261	G	0.296	0.1649475
1262	C	0.304	0.1553513
1263	C	0.112	0.1657443
1264	T	0.392	0.1861935
1265	T	-0.154	0.1859814
1266	G	-0.259	0.1919323
1267	A	-0.339	0.1894329
1268	C	0.235	0.1834687
1269	C	0.172	0.1730108
1270	T	0.387	0.1698137
1271	C	0.300	0.1680145
1272	C	0.442	0.1684044
1273	T	0.358	0.1637488
1274	G	0.158	0.1528011
1275	G	0.031	0.1468689
1276	G	0.366	0.1519517
1277	C	0.396	0.1479909
1278	T	0.207	0.1568958
1279	C	-0.193	0.1552225
1280	A	-0.527	0.1585016
1281	A	-0.012	0.1625854
1282	C	0.422	0.1680677
1283	C	0.345	0.17014
1284	A	0.022	0.1617556
1285	C	0.353	0.1590211
1286	T	-0.027	0.153819
1287	T	0.054	0.1498752
1288	T	-0.282	0.1343159
1289	T	0.100	0.1174297
1290	C	0.178	0.09478639
1291	C	0.431	0.08635497
1292	C	0.312	0.07753289
1293	A	0	0.07716815
 1294	C	0	0.0781343
 1295	C	0.415	0.08596455
1296	T	0.193	0.08442962
1297	C	0.333	0.07378391
1298	T	0.391	0.07401486
1299	G	0.259	0.09298491
1300	C	0.455	0.1146979
1301	C	0.518	0.1017358
1302	T	0.193	0.07731581
1303	T	0.065	0.06238983
1304	C	-0.261	0.05141997
1305	A	-0.462	0.05340961
1306	A	-0.493	0.06327402
1307	A	-0.371	0.06556641
1308	G	-0.485	0.07201952
1309	T	-0.495	0.05840298
1310	A	-0.028	0.05807647
1311	G	0.098	0.05105898
1312	C	0.344	0.05638565
1313	T	0.196	0.06028314
1314	G	0.337	0.05235724
1315	G	0.306	0.05202911
1316	G	-0.018	0.05336501
1317	A	0.216	0.04171311
1318	C	0.546	0.04255929
1319	T	0.319	0.04679483
1320	A	-0.517	0.04628545
1321	T	-0.530	0.04438714
1322	A	-0.236	0.0490615
1323	G	-0.405	0.05850088
1324	C	0.430	0.07405293
1325	C	0.356	0.09610288
1326	A	0.144	0.1095317
1327	T	-0.030	0.1190569
1328	G	-0.430	0.1273729
1329	T	0.165	0.1384147
1330	G	0.157	0.1442264
1331	C	0.520	0.1377805
1332	T	0.152	0.1216969
1333	A	-0.309	0.11074
1334	C	0.402	0.110381
1335	C	0.246	0.1147526
1336	A	-0.120	0.1249946
1337	C	0.424	0.1162895
1338	G	0.424	0.09745245
1339	C	0.435	0.08089299
1340	C	0.444	0.1029265
1341	C	0.375	0.1077929
1342	A	0.433	0.126746
1343	G	0.345	0.129729
1344	C	0.397	0.106768
1345	T	0.030	0.1025291
1346	A	0	0.09521237
 1347	A	-0.161	0.09170549
1348	T	-0.064	0.09634877
1349	T	0.198	0.08850816
1350	T	-0.153	0.07606506
1351	T	-0.283	0.06397767
1352	T	-0.230	0.0564488
1353	G	0.323	0.07393677
1354	C	0.477	0.06979326
1355	A	0.380	0.07223942
1356	T	-0.122	0.07151816
1357	T	-0.188	0.06133028
1358	T	-0.326	0.05286028
1359	T	0.341	0.03337869
1360	T	-0.340	0.01684208
1361	T	0.502	0.01843433
1362	T	-0.288	0.009307367
1363	G	-0.464	-0.00653589
1364	T	0.191	-0.02547066
1365	A	-0.141	-0.03974768
1366	G	-0.167	-0.03299316
1367	A	-0.249	-0.03133459
1368	G	-0.139	-0.02503086
1369	A	-0.327	-0.01955925
1370	T	0.048	-0.004640505
1371	G	-0.141	0.01220957
1372	G	0.372	0.0168972
1373	G	0.241	0.003672018
1374	G	0.341	0.001874838
1375	T	-0.148	0.003292377
1376	T	0.027	0.01648976
1377	T	0.094	0.02608643
1378	C	-0.324	0.03446145
1379	A	-0.200	0.03231779
1380	C	0.437	0.05258735
1381	C	0.077	0.05022599
1382	A	-0.272	0.04934812
1383	T	-0.340	0.05139415
1384	A	-0.526	0.03986889
1385	T	0.263	0.03827889
1386	T	-0.096	0.05370217
1387	G	0.181	0.06692133
1388	C	0.411	0.07959158
1389	C	0.428	0.0993054
1390	C	0.373	0.1070759
1391	A	-0.048	0.09998156
1392	G	-0.192	0.08405553
1393	G	0.407	0.08099984
1394	C	0.435	0.07769886
1395	T	0.392	0.08813879
1396	G	0.186	0.09012985
1397	G	0	0.08048438
 1398	T	0.257	0.09582264
1399	C	0.450	0.09754684
1400	T	0.410	0.08164643
1401	A	-0.323	0.07746363
1402	G	-0.384	0.07287306
1403	A	-0.257	0.08565191
1404	A	-0.203	0.1097217
1405	C	0.434	0.106517
1406	T	0.265	0.1149766
1407	C	0.354	0.1210706
1408	C	0.440	0.1213888
1409	T	0.351	0.119472
1410	G	-0.418	0.1210052
1411	A	-0.248	0.1342475
1412	G	0.121	0.1439423
1413	C	0.212	0.1431295
1414	T	0.258	0.1446261
1415	C	0.105	0.1231189
1416	G	-0.282	0.1080444
1417	A	0.274	0.1144758
1418	G	-0.133	0.1174871
1419	T	-0.182	0.1173418
1420	G	-0.085	0.1178793
1421	A	-0.451	0.137546
1422	T	0.157	0.1597351
1423	C	0.412	0.1530105
1424	C	0.138	0.1448411
1425	A	0.233	0.1261541
1426	C	0.418	0.1116522
1427	C	0.423	0.09830189
1428	C	0.353	0.08784838
1429	G	0.433	0.08443415
1430	C	0.468	0.1056846
1431	C	0.185	0.114075
1432	T	0.375	0.1211061
1433	C	0.494	0.1210977
1434	G	-0.446	0.1037331
1435	A	-0.401	0.1097088
1436	C	0.250	0.1063147
1437	C	0.375	0.08798319
1438	T	0.444	0.09905098
1439	C	0.431	0.09428004
1440	C	0.443	0.09925855
1441	C	0.480	0.1028869
1442	A	-0.520	0.09884276
1443	A	-0.521	0.09643847
1444	A	-0.294	0.09492355
1445	G	-0.299	0.08470798
1446	T	-0.166	0.07890788
1447	G	0.033	0.07323537
1448	C	0.218	0.06784798
1449	T	0.410	0.06665442
1450	G	0.079	0.05522066
1451	G	0.396	0.05897395
1452	G	0.212	0.06107782
1453	A	-0.418	0.05644789
1454	T	0.338	0.07362169
1455	T	-0.414	0.0928261
1456	A	-0.440	0.09774633
1457	C	0.298	0.09812077
1458	A	-0.368	0.0842059
1459	G	0.108	0.07495137
1460	A	-0.310	0.07226096
1461	C	0	0.07047229
 1462	G	0.318	0.09477953
1463	T	0.079	0.1176856
1464	G	-0.165	0.1320607
1465	T	0.192	0.1497814
1466	G	0.202	0.1558691
1467	C	0.143	0.1633422
1468	C	0.387	0.1541645
1469	A	0.022	0.1551384
1470	C	0.331	0.1626318
1471	C	0.457	0.1511331
1472	A	0.313	0.1577758
1473	T	0.223	0.1803079
1474	G	0.347	0.1827896
1475	C	0.442	0.1917718
1476	T	0.389	0.1898246
1477	C	-0.098	0.1688268
1478	A	0.070	0.167421
1479	G	0.338	0.1576225
1480	C	0.410	0.1564982
1481	C	0.427	0.1482188
1482	C	0.371	0.1343208
1483	C	0.265	0.1213391
1484	A	0.391	0.1144873
1485	C	0.071	0.09826656
1486	A	0.324	0.08143168
1487	C	-0.139	0.06652804
1488	T	0.448	0.04427848
1489	C	0.371	0.03360439
1490	G	-0.052	0.01780295
1491	T	0.471	-0.0050582
1492	C	0.459	-0.02373071
1493	T	0.435	-0.04028697
1494	T	-0.064	-0.06211999
1495	T	-0.516	-0.07347166
1496	A	-0.520	-0.07852923
1497	A	-0.423	-0.08575082
1498	G	-0.273	-0.09235639
1499	A	-0.354	-0.1058476
1500	A	-0.322	-0.1279711
1501	A	-0.223	-0.1514657
1502	A	-0.426	-0.171783
1503	T	-0.432	-0.1913486
1504	T	-0.439	-0.2003013
1505	A	-0.453	-0.1993383
1506	A	-0.437	-0.2043732
1507	A	-0.480	-0.1897923
1508	A	-0.393	-0.1908127
1509	T	-0.284	-0.1936274
1510	A	-0.433	-0.1954471
1511	A	-0.414	-0.2127194
1512	A	-0.422	-0.2200809
1513	A	-0.504	-0.2205899
1514	T	0	-0.2079337
 1515	T	0.192	-0.1902181
1516	G	-0.379	-0.1657473
1517	T	-0.187	-0.1467287
1518	T	-0.187	-0.1381464
1519	T	-0.452	-0.1230565
1520	T	-0.488	-0.1097691
1521	A	-0.420	-0.1111236
1522	A	-0.497	-0.1033692
1523	A	0.042	-0.1050879
1524	C	0.108	-0.1021696
1525	A	0.128	-0.09989353
1526	C	0.429	-0.08371627
1527	A	0.408	-0.07652345
1528	G	0.261	-0.05784397
1529	T	-0.123	-0.05055058
1530	G	-0.202	-0.02848984
1531	T	0.172	-0.01180868
1532	C	0.415	0.009895264
1533	T	0.429	0.03079552
1534	G	0.174	0.01853373
1535	G	0.434	0.001316597
1536	C	0.318	0.0007981615
1537	A	0.061	-0.002557864
1538	C	0.234	-0.008215249
1539	A	0.195	0.009299674
1540	G	-0.276	0.01432801
1541	A	-0.124	0.0325676
1542	A	-0.499	0.05639152
1543	T	-0.326	0.05641797
1544	A	-0.365	0.0650841
1545	G	0.193	0.07276497
1546	A	-0.199	0.07130782
1547	T	0.334	0.05979546
1548	G	0	0.05713859
 1549	C	0.426	0.06030075
1550	T	0.235	0.06464485
1551	C	0.423	0.04966431
1552	A	0.310	0.04930723
1553	A	-0.478	0.02836897
1554	T	-0.478	0.01140882
1555	A	-0.400	-0.008562923
1556	A	-0.318	-0.0286589
1557	A	-0.407	-0.03522144
1558	C	0.231	-0.04381279
1559	A	-0.292	-0.03779154
1560	C	0.290	-0.03602577
1561	C	0.431	-0.03470974
1562	A	0.043	-0.01710969
1563	G	0.446	-0.01306841
1564	C	0.427	-0.01228897
1565	T	0.372	-0.02172617
1566	G	-0.040	-0.01101428
1567	C	0.157	-0.02045714
1568	T	0	-0.02757901
 1569	A	-0.032	-0.02537967
1570	C	-0.411	-0.03001582
1571	A	0.401	-0.04521836
1572	A	-0.387	-0.06227652
1573	T	-0.487	-0.05848585
1574	T	-0.344	-0.05267998
1575	A	-0.465	-0.04691495
1576	G	-0.194	-0.04522159
1577	A	-0.100	-0.02551339
1578	G	0.430	-0.03217659
1579	G	-0.207	-0.0186389
1580	G	-0.073	-0.02449442
1581	G	0.186	-0.03926216
1582	A	-0.168	-0.03665641
1583	A	-0.334	-0.04810867
1584	A	-0.174	-0.07148444
1585	T	0.217	-0.09363152
1586	C	-0.033	-0.1036726
1587	A	-0.277	-0.1207504
1588	T	0.512	-0.1316893
1589	C	0.055	-0.1356036
1590	A	-0.169	-0.1293742
1591	T	-0.354	-0.1401609
1592	A	-0.330	-0.1406626
1593	A	-0.252	-0.1355271
1594	T	-0.175	-0.1348425
1595	T	-0.252	-0.1348057
1596	G	0.360	-0.1422138
1597	T	-0.028	-0.1522491
1598	T	0.235	-0.1730197
1599	G	0.062	-0.1797218
1600	G	-0.144	-0.1778456
1601	A	0.144	-0.1729465
1602	T	0	-0.1591371
 1603	T	-0.483	-0.1398481
1604	A	-0.491	-0.1259428
1605	A	-0.431	-0.1193922
1606	A	-0.508	-0.1314797
1607	A	-0.426	-0.1166218
1608	C	-0.185	-0.1237867
1609	A	-0.168	-0.1219387
1610	T	-0.019	-0.1063626
1611	A	-0.406	-0.094254
1612	A	-0.287	-0.07362361
1613	T	-0.318	-0.07287072
1614	A	-0.463	-0.07637931
1615	A	-0.483	-0.06863983
1616	A	-0.491	-0.09086124
1617	A	-0.379	-0.1020099
1618	G	-0.468	-0.1095152
1619	A	0	-0.1234328
 1620	C	0.377	-0.1236608
1621	C	0.370	-0.1219863
1622	C	0.417	-0.111552
1623	C	0.367	-0.09632575
1624	A	0.473	-0.08425421
1625	G	-0.505	-0.07670485
1626	T	0.301	-0.07139985
1627	T	0.232	-0.0634448
1628	G	0.127	-0.06241536
1629	C	0.438	-0.05037511
1630	C	0.117	-0.05524491
1631	T	0.474	-0.03439283
1632	T	-0.223	-0.03581932
1633	G	-0.312	-0.03924281
1634	T	0.049	-0.03977724
1635	T	-0.505	-0.02392386
1636	C	-0.463	-0.008962344
1637	A	-0.057	0.00335599
1638	A	-0.480	0.002184656
1639	G	-0.152	-0.005179703
1640	G	0.210	-0.01953247
1641	C	0.406	-0.02298834
1642	A	0.110	-0.03089127
1643	G	-0.020	-0.04312891
1644	T	-0.137	-0.05905398
1645	A	-0.301	-0.05795701
1646	T	-0.116	-0.07963945
1647	T	-0.145	-0.0966746
1648	T	0.301	-0.1111638
1649	T	-0.209	-0.1320632
1650	C	0.406	-0.1368048
1651	A	-0.342	-0.1529174
1652	G	-0.451	-0.1493405
1653	A	-0.484	-0.1530124
1654	A	0.134	-0.1657045
1655	G	0.091	-0.1666634
1656	C	0.100	-0.1667093
1657	A	-0.514	-0.1778387
1658	A	-0.287	-0.1693536
1659	A	-0.181	-0.1697054
1660	G	0.235	-0.1802634
1661	T	0.109	-0.1886085
1662	T	-0.109	-0.1839732
1663	T	-0.147	-0.1753369
1664	T	-0.462	-0.1678004
1665	A	-0.543	-0.1482802
1666	A	-0.431	-0.1473456
1667	A	-0.437	-0.1450056
1668	A	-0.376	-0.158771
1669	G	-0.067	-0.1420876
1670	T	-0.154	-0.1626339
1671	T	-0.083	-0.1481282
1672	T	-0.455	-0.1448143
1673	A	-0.445	-0.1404185
1674	A	-0.543	-0.1558928
1675	A	-0.465	-0.1582404
1676	A	-0.491	-0.1551428
1677	A	-0.149	-0.1307277
1678	G	-0.166	-0.11864
1679	A	-0.201	-0.1122054
1680	G	0.081	-0.1265356
1681	G	0.290	-0.1206878
1682	T	0.316	-0.1129329
1683	C	0.156	-0.1069081
1684	A	0.460	-0.08929929
1685	G	-0.079	-0.06486553
1686	T	-0.053	-0.04482699
1687	A	-0.235	-0.02564645
1688	T	0.441	-0.00791109
1689	T	-0.394	-0.01281845
1690	T	0.223	-0.01305332
1691	T	-0.322	-0.0172689
1692	A	-0.313	-0.0005083385
1693	A	-0.468	0.0205673
1694	G	0	0.04012097
 1695	T	0.221	0.06049025
1696	C	0.437	0.08399715
1697	A	0.184	0.09089915
1698	T	0.069	0.08906876
1699	G	-0.323	0.08785443
1700	T	0.337	0.07229128
1701	C	0.192	0.07230746
1702	A	0.087	0.07377446
1703	G	0.224	0.08002018
1704	C	0.409	0.07817764
1705	T	0.349	0.08431733
1706	C	0.310	0.08259509
1707	C	0.314	0.08261933
1708	A	-0.258	0.05769733
1709	C	-0.163	0.05356807
1710	A	-0.247	0.03390079
1711	G	0.198	0.03986247
1712	C	0.376	0.05685912
1713	C	0.219	0.0793484
1714	A	0.329	0.0841726
1715	C	0.425	0.08425863
1716	G	0.119	0.07937019
1717	G	-0.237	0.06117704
1718	A	-0.248	0.06109201
1719	A	-0.525	0.07723124
1720	G	0.291	0.07780567
1721	T	0.373	0.08107993
1722	G	0.399	0.08957866
1723	C	0.388	0.09525278
1724	T	0.159	0.09594489
1725	G	-0.121	0.09344766
1726	G	-0.234	0.08041563
1727	A	-0.530	0.07395776
1728	A	-0.555	0.09118412
1729	A	-0.543	0.09124835
1730	G	-0.089	0.09176594
1731	G	0.349	0.09575707
1732	C	0.408	0.07488335
1733	A	0.188	0.06259397
1734	C	0.224	0.05793935
1735	C	0.246	0.0460099
1736	A	-0.525	0.05467649
1737	A	0.065	0.04798303
1738	G	0.305	0.0489459
1739	C	0.359	0.0506018
1740	C	0.320	0.03221003
1741	T	0.418	0.009554826
1742	C	0.445	-0.01369066
1743	C	0.435	-0.0229102
1744	T	0.252	-0.024379
1745	C	-0.198	-0.01061984
1746	T	0.063	0.006372208
1747	C	0.413	0.0268948
1748	G	-0.160	0.04488816
1749	G	-0.227	0.06326759
1750	T	0.354	0.07792155
1751	T	-0.437	0.07427216
1752	T	-0.259	0.05607134
1753	G	0.147	0.05906721
1754	C	-0.039	0.06588083
1755	A	0.457	0.06111658
1756	G	-0.499	0.08365024
1757	T	-0.211	0.08448003
1758	G	-0.460	0.07242367
1759	A	-0.425	0.06361428
1760	A	-0.510	0.0458539
1761	A	-0.506	0.04577979
1762	C	0.028	0.0440849
1763	G	0.102	0.03856079
1764	C	0.415	0.03575479
1765	T	0.427	0.04579821
1766	C	0.269	0.03798123
1767	C	0.145	0.01956079
1768	T	0.172	0.03296797
1769	C	0.481	0.03327879
1770	T	0.207	0.02985154
1771	T	-0.301	0.04864225
1772	C	0.304	0.0666182
1773	C	0.490	0.07057243
1774	G	0.061	0.0681095
1775	T	0.353	0.06418563
1776	C	0.098	0.08748283
1777	T	-0.164	0.09316545
1778	G	0.016	0.1053768
1779	A	-0.372	0.109885
1780	G	0.415	0.1263487
1781	G	0.379	0.13542
1782	G	0.220	0.140506
1783	C	0.143	0.1283452
1784	T	0.193	0.1045529
1785	A	-0.241	0.08803842
1786	T	-0.305	0.08012759
1787	C	0.362	0.07463202
1788	G	-0.215	0.06809399
1789	T	0.220	0.05795441
1790	T	0.295	0.04397643
1791	C	0.441	0.05729887
1792	C	0.301	0.05348169
1793	A	-0.135	0.04365631
1794	G	0.304	0.05426361
1795	C	0.409	0.05516202
1796	A	0.010	0.06080824
1797	G	0.015	0.07539675
1798	A	-0.249	0.0799035
1799	G	0.132	0.09520998
1800	A	-0.152	0.08612391
1801	T	0.226	0.07354475
1802	C	-0.372	0.07371827
1803	A	-0.512	0.07336968
1804	A	-0.216	0.06785108
1805	C	-0.038	0.07130997
1806	A	-0.068	0.08034811
1807	C	-0.082	0.08296164
1808	A	0.086	0.09426821
1809	A	-0.337	0.0965028
1810	T	0.217	0.08705689
1811	G	0.156	0.07000378
1812	G	0.107	0.06528217
1813	A	0.474	0.08100637
1814	C	0.388	0.07319932
1815	T	0.318	0.06064541
1816	C	0.404	0.06238537
1817	T	0.192	0.07434649
1818	G	0.224	0.08149327
1819	G	0.061	0.07073199
1820	G	-0.110	0.0678035
1821	A	0.227	0.06293286
1822	T	0.129	0.06995421
1823	G	-0.021	0.088262
1824	G	-0.106	0.1022157
1825	A	0.047	0.112041
1826	C	0.463	0.1229749
1827	A	0.225	0.1310172
1828	T	0.307	0.134132
1829	T	-0.073	0.1535219
1830	G	-0.223	0.1576929
1831	T	0.117	0.1613475
1832	T	0.477	0.1646377
1833	C	0	0.1588753
 1834	T	-0.080	0.1548425
1835	C	0.078	0.1547047
1836	C	0.481	0.1524599
1837	A	0.028	0.1520949
1838	A	-0.287	0.1340847
1839	C	-0.267	0.1280251
1840	A	0.037	0.1372194
1841	G	-0.098	0.1415618
1842	G	0.201	0.1422055
1843	C	0.327	0.1488109
1844	C	0.344	0.1602591
1845	T	0.357	0.1677522
1846	G	0.231	0.1611034
1847	G	0.207	0.1602115
1848	C	0.418	0.1483946
1849	C	0.380	0.1638312
1850	C	0.298	0.1820225
1851	T	0.235	0.1718797
1852	G	0.250	0.1568298
1853	G	0.231	0.1525603
1854	C	0.312	0.1596794
1855	C	0.316	0.1666455
1856	C	0.177	0.1596702
1857	A	-0.477	0.1616379
1858	G	-0.174	0.1769022
1859	C	0.247	0.1795274
1860	T	0.396	0.176173
1861	G	0.154	0.1831995
1862	G	0.235	0.1876486
1863	G	0.339	0.1814933
1864	G	0.339	0.1726615
1865	T	0.204	0.176434
1866	G	0.190	0.159154
1867	A	-0.153	0.1535262
1868	G	0.528	0.1549601
1869	C	0.485	0.1464403
1870	A	-0.277	0.1294578
1871	T	-0.109	0.1155308
1872	T	-0.166	0.09737822
1873	T	0.197	0.0819582
1874	C	0.349	0.0725636
1875	C	0.209	0.07506824
1876	T	0.105	0.08235581
1877	T	0.307	0.104424
1878	T	-0.164	0.1035761
1879	G	-0.093	0.1069573
1880	C	0.175	0.09338571
1881	A	0.375	0.09380342
1882	G	0.087	0.09914835
1883	C	0	0.1014935
 1884	A	0.505	0.1031542
1885	T	-0.442	0.1029976
1886	T	-0.011	0.08681106
1887	C	0.474	0.08123568
1888	C	0.048	0.05369337
1889	A	-0.363	0.03294186
1890	A	-0.307	0.03243906
1891	G	-0.457	0.02513268
1892	A	-0.370	0.02940219
1893	G	-0.053	0.01446604
1894	G	0.414	-0.005350628
1895	C	0.462	-0.01072971
1896	G	0.382	-0.02547694
1897	A	-0.208	-0.04199609
1898	C	0.379	-0.04819542
1899	A	-0.132	-0.05709313
1900	G	0.170	-0.07298516
1901	T	0.444	-0.08725198
1902	C	0.431	-0.09135374
1903	C	0.404	-0.08890174
1904	C	0.198	-0.09782087
1905	A	-0.440	-0.08268725
1906	A	-0.370	-0.08137109
1907	A	-0.545	-0.1008889
1908	A	-0.323	-0.1049783
1909	G	-0.297	-0.08979667
1910	A	-0.394	-0.07114762
1911	T	0	-0.04882256
 1912	A	-0.384	-0.03354849
1913	A	-0.423	-0.02450953
1914	T	0	-0.03172507
 1915	T	-0.469	-0.04357146
1916	A	-0.336	-0.04031651
1917	A	-0.406	-0.04698261
1918	A	-0.440	-0.05390641
1919	A	-0.443	-0.04084133
1920	A	-0.181	-0.03445812
1921	T	-0.072	-0.04523279
1922	C	0.095	-0.06770384
1923	A	0.157	-0.08364628
1924	G	0.147	-0.09953066
1925	C	0.039	-0.09262366
1926	T	-0.286	-0.09512151
1927	A	-0.111	-0.09498094
1928	G	0.228	-0.08602656
1929	C	0.419	-0.08144577
1930	G	0.412	-0.05973062
1931	G	0.225	-0.05740247
1932	T	0.299	-0.04336911
1933	G	0.133	-0.02735452
1934	G	0	-0.0242246
 1935	T	0.509	-0.01218352
1936	G	-0.468	-0.01082001
1937	A	0.109	0.008754221
1938	C	0.376	0.02998761
1939	C	0.419	0.05233181
1940	A	0.024	0.06785222
1941	A	-0.445	0.07514609
1942	G	-0.217	0.07817766
1943	A	-0.420	0.08724671
1944	G	-0.171	0.07145373
1945	A	-0.468	0.06305524
1946	A	-0.539	0.06506016
1947	A	0.025	0.07249934
1948	G	-0.118	0.07244032
1949	G	0.452	0.06925398
1950	C	0.090	0.06490347
1951	A	0.162	0.04934916
1952	C	0.201	0.03973481
1953	T	0.122	0.02781199
1954	G	0	0.01554212
 1955	A	-0.283	-0.001892038
1956	G	0.356	0.004151654
1957	C	0.387	0.0054395
1958	C	0.427	-0.009206577
1959	C	0.423	-0.008403859
1960	T	0.212	0.002694987
1961	C	0.213	0.01234828
1962	C	0.510	0.0126581
1963	G	-0.468	0.03016269
1964	A	-0.288	0.04184282
1965	G	-0.208	0.06547344
1966	T	0.178	0.09019369
1967	G	0.226	0.1007538
1968	T	0.295	0.1083672
1969	G	0.243	0.1054676
1970	G	-0.381	0.09779745
1971	A	-0.075	0.08126163
1972	G	-0.331	0.07378369
1973	A	-0.478	0.06212467
1974	T	-0.170	0.05369316
1975	A	-0.232	0.05350959
1976	G	0.159	0.03326282
1977	G	-0.194	0.01316721
1978	G	0.451	0.001123587
1979	C	0.457	-0.01164788
1980	A	-0.068	-0.0141088
1981	T	-0.205	-0.01746597
1982	C	0.261	-0.02763292
1983	C	0.284	-0.01430269
1984	C	0.453	-0.002043459
1985	G	0.424	0.01326323
1986	G	0.437	0.02144667
1987	G	0.177	0.009146874
1988	T	0.339	0.006714721
1989	T	-0.208	0.001827828
1990	A	-0.482	0.02195729
1991	T	-0.090	0.01836254
1992	T	-0.332	0.02068175
1993	A	-0.328	0.02785257
1994	A	-0.290	0.03482377
1995	T	-0.432	0.04407542
1996	T	-0.396	0.04157727
1997	A	-0.042	0.04330166
1998	A	-0.074	0.03473104
1999	G	0.116	0.03361625
2000	T	0.082	0.04152731
2001	G	0.114	0.04086175
2002	T	0.051	0.03415026
2003	G	0.190	0.01663865
2004	C	0.388	0.01014626
2005	T	0.498	-0.004002226
2006	C	-0.253	-0.01858053
2007	A	0.200	-0.02780261
2008	C	0.052	-0.02575417
2009	A	0.403	-0.01802908
2010	T	-0.216	-0.01518257
2011	T	-0.241	-0.008259328
2012	T	-0.198	-0.0005453385
2013	G	0.101	-0.003313313
2014	C	0.128	-0.001459518
2015	A	0.062	0.008566754
2016	T	-0.127	0.02171904
2017	G	0.116	0.02071568
2018	G	0.413	0.02519773
2019	T	0.239	0.01917496
2020	G	-0.231	0.02726257
2021	T	0	0.03547623
 2022	A	-0.398	0.02800577
2023	G	0.200	0.02642462
2024	A	-0.127	0.02462806
2025	G	-0.131	0.01261066
2026	G	-0.181	0.02655132
2027	A	0.419	0.03505304
2028	C	0.092	0.03567496
2029	A	-0.371	0.03563089
2030	A	0.179	0.04740381
2031	T	-0.031	0.05501088
2032	T	-0.436	0.06653985
2033	A	-0.218	0.06926367
2034	T	-0.041	0.07925331
2035	C	0.116	0.06687368
2036	A	-0.081	0.05789617
2037	A	0.100	0.04433127
2038	G	-0.118	0.02055715
2039	C	0.398	0.005649326
2040	T	0.434	0.00832889
2041	G	-0.239	0.003500659
2042	G	0.128	0.02087327
2043	A	0.318	0.02658551
2044	G	0.029	0.04158104
2045	C	0.290	0.03663233
2046	T	0.532	0.04548084
2047	G	0.076	0.03056607
2048	T	0.402	0.02675789
2049	C	0.243	0.04866038
2050	A	0.055	0.04740497
2051	G	0.250	0.04090037
2052	C	0.208	0.04765455
2053	T	0.518	0.0487568
2054	T	-0.420	0.05841974
2055	T	-0.477	0.06643435
2056	A	-0.412	0.07559851
2057	A	-0.513	0.07866197
2058	A	-0.341	0.09353172
2059	T	-0.126	0.08287965
2060	G	-0.188	0.0744467
2061	C	0.278	0.08163109
2062	T	0.422	0.08660083
2063	G	0.457	0.0839254
2064	T	-0.324	0.08080838
2065	T	0.163	0.06287721
2066	T	-0.162	0.04722843
2067	G	-0.055	0.04359827
2068	C	0.482	0.03889191
2069	A	0.130	0.04199832
2070	T	-0.285	0.04557121
2071	T	-0.173	0.03989995
2072	T	-0.175	0.03065346
2073	C	0.335	0.01241136
2074	T	0.429	0.01134269
2075	G	0.276	0.01262067
2076	G	0.220	0.02359509
2077	A	0.461	0.03742776
2078	T	-0.017	0.05480712
2079	G	0.105	0.06593642
2080	A	0.040	0.07340904
2081	C	0.322	0.07280037
2082	T	0.213	0.06777145
2083	T	-0.092	0.05361182
2084	T	-0.409	0.06884466
2085	T	-0.078	0.06681209
2086	T	-0.064	0.06491537
2087	G	0.218	0.07131338
2088	G	0.364	0.06867723
2089	C	0.194	0.07671807
2090	G	0.029	0.09256043
2091	A	-0.152	0.1093336
2092	A	-0.193	0.1217403
2093	G	-0.462	0.1097934
2094	A	-0.427	0.08654492
2095	G	0.015	0.06604323
2096	G	0.025	0.05620635
2097	G	0.336	0.04259287
2098	T	0.307	0.05337894
2099	C	0.103	0.05977366
2100	A	0.254	0.05546727
2101	G	0.226	0.03927888
2102	G	-0.094	0.02299699
2103	G	0.269	0.02645019
2104	A	0.084	0.03059919
2105	G	-0.236	0.0286315
2106	G	0.193	0.02994557
2107	C	0.379	0.03289755
2108	T	0.444	0.02903047
2109	C	0.332	0.03146968
2110	T	0.480	0.02628973
2111	C	0.308	0.03538001
2112	T	-0.130	0.04967565
2113	A	-0.477	0.06672332
2114	A	-0.523	0.07972028
2115	A	-0.163	0.0750334
2116	G	-0.069	0.07745257
2117	T	0.403	0.06699108
2118	C	0.355	0.04916267
2119	A	-0.127	0.04651829
2120	T	-0.309	0.03845879
2121	T	-0.421	0.02033946
2122	T	0.042	0.01528327
2123	T	-0.247	0.01521173
2124	T	-0.154	0.01835097
2125	G	-0.013	0.01295148
2126	G	0.333	-0.003518646
2127	G	0.213	-0.01227056
2128	A	0.289	-0.0211473
2129	G	-0.172	-0.03391679
2130	T	0.201	-0.05585822
2131	C	0.364	-0.07412345
2132	T	0.202	-0.06913716
2133	G	0.079	-0.04557139
2134	G	-0.166	-0.02336883
2135	A	0.120	-0.01051683
2136	G	-0.071	0.00269629
2137	G	-0.388	-0.01156499
2138	A	0	-0.01088204
 2139	A	-0.059	0.002512238
2140	T	-0.479	0.008538836
2141	A	-0.291	0.0200621
2142	G	0.267	0.02220521
2143	T	0.206	0.02632118
2144	T	-0.446	0.03241938
2145	A	-0.448	0.04542831
2146	G	0.038	0.04041979
2147	C	0.098	0.04095159
2148	A	-0.165	0.02756643
2149	A	-0.374	0.02484484
2150	T	-0.403	0.006666715
2151	T	0.063	-0.01457764
2152	C	0.441	-0.01444118
2153	G	0.342	-0.01070891
2154	C	0.337	0.0008231897
2155	A	0.445	0.008226421
2156	C	-0.152	0.01289004
2157	T	0.381	0.02397315
2158	T	0.395	0.01141815
2159	C	-0.074	0.02163488
2160	A	0.028	0.02971813
2161	C	0.126	0.04854018
2162	C	-0.086	0.05384234
2163	T	0.082	0.06062165
2164	C	0.493	0.08009739
2165	G	0.138	0.100295
2166	T	0.234	0.09757472
2167	T	-0.232	0.09823054
2168	T	-0.278	0.0961459
2169	T	-0.506	0.09723036
2170	A	-0.464	0.09526839
2171	C	0.207	0.08737592
2172	C	0.225	0.08358748
2173	C	0.282	0.08638538
2174	T	0.408	0.08975233
2175	G	0.110	0.06857379
2176	C	0.044	0.06053141
2177	A	-0.489	0.04622676
2178	A	0.339	0.03811678
2179	C	-0.164	0.03720331
2180	T	0.442	0.03282205
2181	C	0.473	0.04019723
2182	C	0.470	0.05398618
2183	A	0.312	0.05248747
2184	T	0.339	0.03814366
2185	G	-0.067	0.03920553
2186	G	0.123	0.03787497
2187	A	-0.246	0.05716702
2188	A	-0.332	0.05830312
2189	A	-0.480	0.06588743
2190	T	-0.244	0.06722302
2191	T	0.293	0.05152709
2192	C	0.451	0.04871389
2193	C	0.469	0.03563709
2194	A	-0.380	0.01571894
2195	G	-0.466	0.01289802
2196	A	-0.176	0.02119927
2197	A	0.078	0.04228906
2198	A	-0.109	0.04134299
2199	G	-0.142	0.05655886
2200	T	0.413	0.05705299
2201	C	0.450	0.04521304
2202	T	0.024	0.03513484
2203	T	-0.065	0.03849933
2204	G	0.179	0.02790175
2205	G	0.182	0.01533833
2206	T	0.520	0.00233551
2207	T	-0.234	0.003788613
2208	T	-0.211	0.01852948
2209	T	-0.412	0.04205713
2210	A	-0.404	0.05862077
2211	A	0.115	0.05421777
2212	T	-0.227	0.04120861
2213	G	-0.367	0.0182552
2214	G	0	0.01523989
 2215	T	0.367	0.01762654
2216	C	0.332	0.01899641
2217	T	0.302	0.01380214
2218	C	0.428	0.02418393
2219	T	0.461	0.02784229
2220	T	0.012	0.0256266
2221	G	0.077	0.01723757
2222	C	0.443	0.02194503
2223	A	-0.073	0.02247964
2224	T	-0.557	0.01222152
2225	A	-0.383	0.0176228
2226	G	-0.190	0.01029587
2227	G	0.242	0.02075736
2228	C	0.437	0.03808198
2229	C	0.401	0.06070305
2230	C	0.121	0.08166641
2231	A	-0.055	0.08341357
2232	T	-0.426	0.1012885
2233	G	-0.497	0.1235634
2234	A	-0.373	0.1198018
2235	C	-0.122	0.1167923
2236	A	-0.123	0.1172645
2237	T	0.295	0.1203884
2238	G	0	0.1128746
 2239	G	0.327	0.1110572
2240	G	0.123	0.1219346
2241	T	0.208	0.1261518
2242	C	-0.044	0.1048081
2243	A	-0.220	0.1167592
2244	T	0.392	0.1419724
2245	C	0.234	0.157445
2246	T	0.173	0.1651411
2247	C	0.464	0.1633398
2248	T	0.469	0.1621564
2249	C	0.413	0.163147
2250	T	0.183	0.1566647
2251	C	0.470	0.1501986
2252	C	0.500	0.1496442
2253	T	-0.146	0.1527704
2254	A	0.250	0.1519991
2255	C	0.351	0.1423163
2256	C	0.424	0.141707
2257	T	0.135	0.1423749
2258	C	0.390	0.1370845
2259	C	0.436	0.1206702
2260	T	0.242	0.1081009
2261	T	-0.388	0.0886137
2262	C	0.392	0.08762418
2263	C	0.425	0.09649772
2264	A	0.220	0.09404454
2265	T	0.109	0.09561152
2266	G	0.172	0.09205461
2267	C	0.391	0.08096557
2268	T	0.440	0.06023439
2269	G	-0.130	0.03918496
2270	A	-0.308	0.02104886
2271	A	-0.447	0.01067876
2272	C	-0.375	0.005965351
2273	A	-0.403	0.004164941
2274	A	-0.500	-0.005781008
2275	A	-0.147	-0.01314654
2276	T	0.321	-0.0222549
2277	G	-0.206	-0.01902711
2278	G	-0.312	-0.02343854
2279	A	-0.366	-0.02438747
2280	A	-0.551	-0.03248937
2281	A	-0.083	-0.01040173
2282	G	0.125	-0.0237707
2283	G	0.297	-0.03300497
2284	C	0.295	-0.03434499
2285	A	0.035	-0.0281312
2286	T	0.032	-0.03543346
2287	G	-0.338	-0.04345901
2288	T	-0.407	-0.04195668
2289	A	-0.523	-0.03905669
2290	A	0.065	-0.03439987
2291	C	0.317	-0.03679238
2292	A	-0.216	-0.03225954
2293	T	-0.137	-0.02600056
2294	A	0.064	-0.01242444
2295	G	0.068	-0.004528726
2296	T	0.261	-0.001219469
2297	G	0.218	0.01523771
2298	T	0.399	0.03191953
2299	G	-0.073	0.04099807
2300	G	0.472	0.04861143
2301	C	-0.129	0.03964117
2302	A	0.065	0.02523476
2303	A	0.167	0.0255223
2304	G	0.352	0.02789266
2305	G	-0.112	0.03525517
2306	A	0.078	0.03967188
2307	C	0.499	0.05954378
2308	T	-0.017	0.07671152
2309	T	-0.126	0.08077049
2310	A	-0.541	0.07701721
2311	G	-0.199	0.07072376
2312	G	-0.159	0.06516766
2313	A	0.029	0.07635579
2314	G	0.160	0.07743473
2315	T	0.450	0.08253061
2316	C	0.435	0.07490526
2317	C	0.337	0.07138372
2318	A	-0.012	0.07224587
2319	G	-0.255	0.08373941
2320	A	-0.433	0.07314777
2321	A	-0.435	0.08753349
2322	G	0.308	0.09332168
2323	C	0.388	0.09938983
2324	T	0.322	0.09506217
2325	C	0.204	0.108456
2326	C	0.436	0.09679246
2327	C	0.261	0.07190908
2328	A	-0.365	0.07739191
2329	G	-0.080	0.08150713
2330	A	0.071	0.1041141
2331	T	-0.433	0.1202665
2332	G	0.298	0.1346177
2333	T	0.106	0.1444451
2334	G	0.267	0.1443423
2335	T	-0.035	0.1403555
2336	G	0.081	0.1312278
2337	C	0.432	0.1278853
2338	A	0.374	0.1262298
2339	C	0.059	0.1407689
2340	C	0.431	0.1609194
2341	T	0.291	0.1831134
2342	G	0.404	0.1863439
2343	T	0.183	0.1878137
2344	G	0.409	0.1907642
2345	G	-0.376	0.1982797
2346	A	-0.471	0.1971165
2347	A	0.196	0.1879711
2348	T	0.034	0.2088907
2349	C	0.340	0.205215
2350	C	0.430	0.2077108
2351	G	0.400	0.2202752
2352	C	0.412	0.2234122
2353	C	0.156	0.231853
2354	A	0.294	0.2275896
2355	C	0.079	0.2374778
2356	C	0.207	0.2469697
2357	A	-0.076	0.2470153
2358	C	0.311	0.248951
2359	A	0.352	0.2553503
2360	C	0.429	0.2551032
2361	C	0.434	0.2420568
2362	C	0.445	0.2233123
2363	T	0.437	0.2145485
2364	C	0.497	0.1954516
2365	C	0.391	0.2152584
2366	A	-0.094	0.2388326
2367	C	0.450	0.231222
2368	A	-0.224	0.2270247
2369	C	0.168	0.2163864
2370	A	0.056	0.2129437
2371	C	0.421	0.2018963
2372	C	0.435	0.1827762
2373	A	0.101	0.167164
2374	G	0.349	0.1495804
2375	C	0.451	0.141232
2376	C	0.434	0.1414051
2377	T	0.450	0.1358192
2378	C	0.309	0.130718
2379	T	0.422	0.1320845
2380	G	-0.217	0.1196421
2381	C	-0.326	0.0984694
2382	A	-0.158	0.07631386
2383	A	-0.335	0.07499609
2384	C	0.395	0.06284326
2385	C	0.448	0.04755316
2386	A	-0.100	0.0391398
2387	G	-0.129	0.01488829
2388	A	-0.074	0.02894124
2389	C	0.296	0.03434226
2390	A	-0.030	0.03879689
2391	G	-0.333	0.03460915
2392	A	-0.452	0.02911379
2393	G	-0.390	0.0240187
2394	A	-0.246	0.01075716
2395	G	0.214	-0.0008137641
2396	A	-0.294	-0.01355925
2397	G	0.113	-0.02423775
2398	G	0.405	-0.0385828
2399	A	-0.055	-0.0573359
2400	G	-0.391	-0.05524513
2401	A	-0.418	-0.04537416
2402	G	0.385	-0.04398945
2403	G	0.023	-0.02375911
2404	T	-0.205	-0.02046668
2405	A	-0.422	-0.03985742
2406	A	-0.495	-0.04822855
2407	G	0.323	-0.05157578
2408	G	0.379	-0.05566462
2409	G	0.230	-0.06732516
2410	G	0.258	-0.0603999
2411	T	0.220	-0.04104801
2412	G	-0.097	-0.03630377
2413	A	-0.167	-0.01797388
2414	G	0	-0.01371112
 2415	G	-0.062	-0.008038967
2416	A	0.033	0.008537828
2417	T	-0.250	0.0154806
2418	G	-0.309	0.01555878
2419	T	-0.135	0.02700243
2420	G	0.058	0.04687069
2421	A	-0.104	0.06893933
2422	T	0.453	0.06960492
2423	T	0.524	0.0779877
2424	G	-0.308	0.08696113
2425	A	-0.427	0.09607863
2426	T	-0.260	0.1006999
2427	T	-0.233	0.08664984
2428	T	-0.158	0.06972722
2429	C	0.239	0.05809448
2430	C	0.421	0.06031381
2431	A	-0.267	0.0595473
2432	T	0.323	0.0652977
2433	C	-0.079	0.06958627
2434	C	0.435	0.07861339
2435	T	0.351	0.08821457
2436	C	0.383	0.09766061
2437	G	0.409	0.1152935
2438	G	0.390	0.1315777
2439	C	0.383	0.1401242
2440	C	0.441	0.1361815
2441	C	0.411	0.1363839
2442	T	0.350	0.1111825
2443	C	0.144	0.08917428
2444	C	-0.067	0.08682612
2445	A	-0.315	0.08636379
2446	A	-0.224	0.08210925
2447	G	-0.280	0.07575476
2448	G	-0.223	0.08109133
2449	A	0.344	0.06945474
2450	G	0.191	0.04544492
2451	G	0.126	0.03825451
2452	A	0	0.02194305
 2453	G	0.352	0.02207473
2454	G	0.312	0.01441737
2455	C	0.402	0.01359694
2456	T	0.437	0.01482417
2457	G	0.325	0.01260881
2458	C	0.197	0.01076091
2459	C	-0.095	0.001363415
2460	A	-0.096	-0.009969379
2461	A	-0.529	-0.02897992
2462	A	-0.334	-0.03972061
2463	G	-0.399	-0.04794404
2464	A	-0.445	-0.04023047
2465	A	-0.426	-0.02124303
2466	A	-0.481	-0.007583492
2467	A	0.049	0.003552508
2468	C	-0.214	0.01424841
2469	A	-0.514	0.009822456
2470	A	-0.547	0.007875379
2471	A	-0.312	0.008607097
2472	G	-0.074	0.0142741
2473	G	0.136	0.01451843
2474	C	0.319	0.01726982
2475	C	0.431	0.006960277
2476	A	0.322	0.005896097
2477	C	0.318	0.006635277
2478	T	0.016	0.0002299795
2479	G	0	0.008890379
 2480	C	-0.329	0.004422728
2481	A	-0.068	0.008667549
2482	G	-0.175	0.01054816
2483	G	0.233	0.01505916
2484	G	0.425	0.03121375
2485	G	0.308	0.04830219
2486	G	0.153	0.07100204
2487	G	0.193	0.08088165
2488	C	0.171	0.08775605
2489	A	0.115	0.1053838
2490	G	0.155	0.1225186
2491	C	0.221	0.134469
2492	T	0.361	0.1437407
2493	C	0.419	0.1415963
2494	G	0	0.1367586
 2495	T	0.396	0.1307775
2496	G	0.354	0.1328887
2497	G	-0.052	0.1349418
2498	T	0.242	0.1382139
2499	G	-0.270	0.1439963
2500	A	-0.363	0.1461182
2501	C	-0.260	0.1437146
2502	A	-0.223	0.1400255
2503	A	0.184	0.1322261
2504	C	0.240	0.1315288
2505	C	0.403	0.1327557
2506	T	0.435	0.1307006
2507	G	0.054	0.1333306
2508	C	0.172	0.1371996
2509	A	0.120	0.1384748
2510	C	0.153	0.1289664
2511	T	0.286	0.1232994
2512	G	0.053	0.1166873
2513	G	0.130	0.1074457
2514	G	0.198	0.1176464
2515	G	0.404	0.1028169
2516	C	0.398	0.1035509
2517	C	0.144	0.1158293
2518	G	0.225	0.1195808
2519	G	-0.246	0.1332959
2520	A	-0.162	0.1533883
2521	G	-0.319	0.1687328
2522	G	-0.070	0.169921
2523	G	0.398	0.1641038
2524	C	0.356	0.1574749
2525	A	0.073	0.1543807
2526	G	0.296	0.1490602
2527	C	0.322	0.142768
2528	C	0.164	0.1383407
2529	A	-0.215	0.1403131
2530	G	0	0.1401997
 2531	C	0.103	0.1308179
2532	A	0.058	0.1234307
2533	T	0.397	0.1099594
2534	G	-0.182	0.1015651
2535	G	0.383	0.09193547
2536	C	0.426	0.09113755
2537	A	0.388	0.07975078
2538	C	0.264	0.0665135
2539	C	0.420	0.06892324
2540	T	0.337	0.0647564
2541	G	-0.177	0.07079655
2542	G	-0.042	0.06516901
2543	A	-0.018	0.052628
2544	T	0.283	0.04035174
2545	C	0.227	0.02658335
2546	T	-0.191	0.01302881
2547	G	0	0.01227709
 2548	A	0.197	0.01791194
2549	T	0.149	0.03454401
2550	C	-0.078	0.04359055
2551	A	-0.235	0.04554932
2552	A	-0.394	0.05056461
2553	G	-0.128	0.04717233
2554	A	0.029	0.05678456
2555	T	0.367	0.05169315
2556	G	-0.299	0.04471789
2557	A	-0.290	0.04621982
2558	A	-0.152	0.05098784
2559	G	-0.324	0.04368607
2560	T	-0.084	0.02958677
2561	T	-0.290	0.03287743
2562	T	-0.090	0.02688627
2563	T	-0.122	0.016355
2564	C	-0.463	0.0009771513
2565	A	-0.232	0.003200587
2566	T	0.293	0.008563787
2567	C	0.384	0.0149854
2568	C	0.433	0.0155542
2569	C	0.352	0.02306325
2570	C	0.180	0.03625927
2571	A	0.254	0.04969847
2572	T	0.265	0.07291732
2573	C	0.192	0.07113332
2574	T	0.184	0.05950264
2575	G	0.154	0.04968225
2576	C	0.447	0.05614531
2577	C	0.450	0.06471843
2578	T	0.135	0.06930359
2579	G	-0.212	0.07813654
2580	T	-0.049	0.08205004
2581	T	-0.275	0.08461181
2582	A	-0.428	0.09446046
2583	A	-0.316	0.1090772
2584	T	0.314	0.1258927
2585	G	0.017	0.1363872
2586	T	0.250	0.1400383
2587	C	0.219	0.1405301
2588	T	0.442	0.140228
2589	T	0.435	0.1419517
2590	C	0.289	0.1496426
2591	T	0.511	0.1369722
2592	T	-0.198	0.1184145
2593	T	-0.424	0.1044206
2594	A	-0.015	0.08694926
2595	C	-0.047	0.0690528
2596	C	0.043	0.05181623
2597	A	0.025	0.04087801
2598	G	0.019	0.04200242
2599	T	0.068	0.05837478
2600	T	-0.190	0.06866392
2601	G	0.293	0.07072453
2602	C	0.447	0.09123753
2603	C	0.192	0.1089089
2604	A	0.176	0.1040399
2605	C	0.435	0.1147648
2606	C	0.403	0.1207948
2607	C	0.421	0.1216099
2608	C	0.420	0.1053788
2609	C	0.480	0.09818387
2610	T	-0.239	0.09163761
2611	A	-0.458	0.0865833
2612	A	-0.353	0.09702902
2613	T	-0.496	0.1150315
2614	A	-0.543	0.1135448
2615	A	-0.224	0.1121237
2616	G	0.023	0.0979469
2617	G	0.179	0.09028399
2618	G	0.426	0.08449415
2619	G	0.352	0.09344993
2620	T	-0.195	0.1050652
2621	A	0.371	0.1062769
2622	T	0.372	0.1074047
2623	G	0.124	0.1056593
2624	C	0.436	0.09468546
2625	C	0.485	0.08304136
2626	G	0.251	0.0761622
2627	T	-0.190	0.05667864
2628	A	0.155	0.05389646
2629	G	0.033	0.05164092
2630	A	0.314	0.06746592
2631	C	0.208	0.08851474
2632	T	0.277	0.1029465
2633	G	-0.073	0.1268817
2634	G	-0.102	0.1463322
2635	A	-0.509	0.1596219
2636	A	-0.272	0.1573198
2637	G	-0.206	0.1622024
2638	T	0.417	0.1584501
2639	C	0.262	0.1420824
2640	A	0.340	0.1571222
2641	C	0.491	0.1540846
2642	T	0.124	0.1564215
2643	A	-0.251	0.1654919
2644	G	-0.018	0.1441279
2645	G	0.135	0.1273556
2646	G	-0.338	0.1151518
2647	A	0.311	0.1227055
2648	C	0.392	0.1193484
2649	C	0.377	0.1198929
2650	T	0.362	0.11268
2651	G	0.209	0.1156861
2652	C	0.436	0.1164914
2653	C	0.215	0.1161434
2654	C	0.293	0.1198718
2655	A	-0.066	0.1460125
2656	G	0.369	0.1582201
2657	C	0.279	0.160497
2658	A	-0.286	0.1573507
2659	T	0.391	0.144724
2660	C	0.252	0.123905
2661	C	0.463	0.103827
2662	T	0.478	0.09100744
2663	G	-0.397	0.1039214
2664	T	-0.168	0.1142681
2665	T	-0.224	0.1160689
2666	C	0.103	0.1247465
2667	T	0.024	0.1271868
2668	A	0.055	0.1283949
2669	G	0.032	0.1299363
2670	G	0.326	0.1327326
2671	C	0.309	0.1393023
2672	A	-0.086	0.1347773
2673	T	0.042	0.1278895
2674	T	0.510	0.1146595
2675	G	0.203	0.1230943
2676	A	-0.117	0.1128907
2677	C	0.294	0.111886
2678	T	-0.229	0.1293616
2679	A	-0.471	0.1278542
2680	A	-0.291	0.132427
2681	T	-0.375	0.1322067
2682	C	0.252	0.1309147
2683	C	0.385	0.1486096
2684	A	0.205	0.1558077
2685	C	0	0.1730931
 2686	T	0.406	0.1729256
2687	C	0.439	0.1689968
2688	T	0.437	0.1751014
2689	C	0.471	0.1759409
2690	C	0.465	0.1645879
2691	T	0.260	0.1689209
2692	A	-0.053	0.1796961
2693	C	-0.222	0.1833919
2694	A	0.262	0.1686657
2695	T	-0.028	0.1638536
2696	C	0.240	0.1727923
2697	C	0.395	0.1748145
2698	T	0.332	0.1918951
2699	G	0.430	0.2143639
2700	C	0.455	0.2116504
2701	C	0.427	0.2135294
2702	T	0.292	0.2017643
2703	C	0.112	0.2031467
2704	C	0.449	0.1971367
2705	C	0.097	0.1938274
2706	A	-0.129	0.1812636
2707	T	0.293	0.1791908
2708	C	0.065	0.1725689
2709	C	-0.116	0.1718078
2710	A	0.478	0.171027
2711	C	0.333	0.1643517
2712	A	0.186	0.1726934
2713	T	-0.064	0.1881963
2714	G	0.015	0.1841525
2715	G	0.231	0.1764987
2716	T	0.373	0.1718237
2717	C	0.436	0.1723382
2718	C	0.404	0.1752574
2719	A	-0.397	0.1721574
2720	A	-0.302	0.1681512
2721	T	-0.206	0.16755
2722	C	0.439	0.1663727
2723	A	-0.028	0.1607284
2724	G	-0.129	0.1426016
2725	A	-0.083	0.1268635
2726	G	0.358	0.1280552
2727	G	0.179	0.1258257
2728	C	0.442	0.1165952
2729	T	0.435	0.1110446
2730	G	0	0.1062583
 2731	C	0.271	0.1071667
2732	C	0.382	0.09729427
2733	A	0.105	0.1052107
2734	T	-0.326	0.1170897
2735	G	0.058	0.1131592
2736	C	0.415	0.11539
2737	T	0.446	0.1081547
2738	T	0.310	0.1086843
2739	G	0.298	0.1328022
2740	C	0.404	0.1481204
2741	A	0.247	0.152044
2742	C	-0.107	0.144203
2743	A	-0.257	0.1538998
2744	A	-0.516	0.1617031
2745	T	-0.082	0.1692025
2746	G	0.206	0.1712324
2747	T	-0.294	0.1761234
2748	G	-0.333	0.1769907
2749	A	0.291	0.1621072
2750	C	0.368	0.1535649
2751	A	-0.198	0.1358281
2752	C	0.244	0.116472
2753	T	0.478	0.1137787
2754	G	0.078	0.1221595
2755	T	0.460	0.1230604
2756	C	0.154	0.1068612
2757	T	0.425	0.0954189
2758	C	0.543	0.09719093
2759	T	0.295	0.09717652
2760	A	-0.053	0.09812511
2761	T	0.133	0.1050079
2762	G	0.349	0.1038987
2763	G	0.175	0.1059479
2764	A	0.209	0.1233246
2765	C	0.437	0.1132158
2766	A	0.370	0.1029343
2767	C	0.475	0.1058256
2768	A	-0.144	0.104378
2769	T	-0.333	0.09492884
2770	T	-0.419	0.08105051
2771	A	-0.372	0.09655097
2772	A	0	0.1004371
 2773	T	0	0.09183441
 2774	T	0.093	0.09110491
2775	G	-0.216	0.07695669
2776	G	0	0.08264087
 2777	T	0.379	0.07664531
2778	C	0.298	0.07415428
2779	C	0.441	0.06127803
2780	T	0.515	0.05441332
2781	G	-0.151	0.04024042
2782	A	-0.177	0.03522565
2783	T	0.161	0.03147084
2784	G	-0.476	0.02471454
2785	T	-0.194	0.0192029
2786	A	-0.181	0.01173398
2787	G	-0.389	-0.004853967
2788	A	-0.076	0.008415521
2789	A	-0.172	0.0254918
2790	C	0.406	0.04762483
2791	T	0.396	0.04805414
2792	T	0.143	0.03652021
2793	G	0.049	0.03305021
2794	A	-0.090	0.02955311
2795	C	0.376	0.0346864
2796	C	0.191	0.03560753
2797	C	0.446	0.01928251
2798	A	-0.206	0.02201323
2799	A	-0.321	0.003358072
2800	G	-0.419	-0.01123014
2801	A	0.153	-0.01756752
2802	T	0.028	-0.02148573
2803	C	-0.054	-0.02913429
2804	A	0.222	-0.006146751
2805	G	0.078	0.009220608
2806	G	-0.171	0.01150559
2807	G	0.372	0.01278516
2808	T	0.332	0.005588879
2809	C	0.443	0.01840426
2810	A	-0.355	-0.0013493
2811	A	-0.449	-0.02061222
2812	G	-0.135	-0.02365558
2813	T	-0.042	-0.02414978
2814	T	-0.016	-0.01517957
2815	G	0.035	-0.03439882
2816	A	-0.257	-0.05098244
2817	G	0.404	-0.0584189
2818	A	-0.286	-0.04823346
2819	G	-0.053	-0.03491257
2820	A	-0.398	-0.0168448
2821	A	-0.330	-0.01529462
2822	G	-0.137	-0.005710546
2823	A	0.419	-0.006710769
2824	C	0.404	-0.008846333
2825	T	-0.092	-0.01451934
2826	T	-0.339	-0.004441059
2827	A	-0.357	-0.02492949
2828	T	0.327	-0.04152447
2829	T	-0.364	-0.06513183
2830	T	-0.355	-0.06661557
2831	T	0.024	-0.05816944
2832	C	0.030	-0.06053652
2833	T	0.258	-0.05594287
2834	T	-0.373	-0.05131911
2835	T	-0.455	-0.05107579
2836	C	0.156	-0.05133676
2837	C	0.190	-0.06884656
2838	A	0.198	-0.07267702
2839	G	0.285	-0.08200102
2840	G	0.214	-0.08331784
2841	T	0.402	-0.08168573
2842	G	-0.093	-0.06635143
2843	T	0.139	-0.06927473
2844	T	-0.142	-0.07884979
2845	T	0.222	-0.08268347
2846	C	-0.426	-0.07178691
2847	A	-0.314	-0.07108791
2848	A	-0.477	-0.08697119
2849	T	-0.413	-0.08616024
2850	A	-0.120	-0.0708954
2851	A	-0.227	-0.07867812
2852	C	0.136	-0.07674467
2853	A	0.164	-0.0962029
2854	T	0.045	-0.09233226
2855	G	-0.267	-0.0935439
2856	T	-0.278	-0.09336803
2857	A	-0.435	-0.09429313
2858	A	-0.417	-0.09021244
2859	A	-0.449	-0.08940375
2860	A	-0.266	-0.08918952
2861	C	0.460	-0.08936644
2862	T	0.305	-0.09724868
2863	T	0.031	-0.08924617
2864	G	-0.242	-0.09314974
2865	G	0.085	-0.08876312
2866	A	-0.330	-0.06644592
2867	A	-0.292	-0.0548323
2868	T	-0.332	-0.03611351
2869	T	0.240	-0.01809022
2870	C	-0.278	-0.005589736
2871	G	0.105	0.01209462
2872	A	-0.500	0.01322396
2873	T	-0.222	0.01661637
2874	A	-0.502	0.006743579
2875	G	0.163	0.002627477
2876	C	0.154	-0.0005684205
2877	A	0.357	0.0005852462
2878	G	0.316	0.005527554
2879	C	0.222	0.01784201
2880	C	0.395	0.03067934
2881	A	-0.400	0.02810585
2882	T	0.451	0.02371347
2883	C	-0.294	0.03338481
2884	T	0.393	0.0257026
2885	T	0.443	0.01973586
2886	C	0.138	0.01955194
2887	T	0.252	0.03104155
2888	G	0.289	0.04900904
2889	C	0.367	0.04695407
2890	C	0.462	0.04685022
2891	A	0.180	0.03101735
2892	T	0.296	0.03000568
2893	G	-0.339	0.02386035
2894	A	-0.428	0.04687353
2895	G	-0.402	0.05167255
2896	A	-0.390	0.0591505
2897	A	-0.224	0.05461214
2898	T	0.030	0.03742691
2899	T	0.233	0.01955378
2900	G	0.360	0.009714349
2901	G	0.134	0.007600297
2902	G	0.408	-0.008261036
2903	A	-0.541	-0.01276804
2904	A	-0.147	-0.0359906
2905	G	-0.337	-0.05051637
2906	A	0.155	-0.06485127
2907	G	0.368	-0.08285016
2908	A	0.160	-0.09682816
2909	G	-0.282	-0.1188368
2910	A	-0.511	-0.1437105
2911	A	-0.539	-0.1555981
2912	A	-0.462	-0.1765842
2913	G	0.395	-0.1678758
2914	C	0.350	-0.1450328
2915	C	0.445	-0.1458273
2916	T	0.180	-0.1438133
2917	A	-0.353	-0.1366676
2918	T	-0.474	-0.1453257
2919	A	0.011	-0.1604295
2920	G	-0.483	-0.1661876
2921	T	-0.167	-0.1582074
2922	G	-0.470	-0.1571446
2923	A	-0.512	-0.1305626
2924	T	-0.122	-0.1349364
2925	A	-0.420	-0.1367104
2926	A	-0.449	-0.1544184
2927	T	-0.256	-0.1718458
2928	A	-0.491	-0.1654809
2929	A	-0.508	-0.1606255
2930	A	-0.283	-0.1353917
2931	G	-0.521	-0.1308476
2932	T	0	-0.1328991
 2933	C	0.462	-0.1561899
2934	A	-0.433	-
2935	A	-0.311	-
2936	A	0.054	-
2937	T	-0.307	-
2938	T	-0.355	-
2939	A	0.136	-
2940	T	0.445	-
2941	C	0.449	-
2942	C	0.494	-
2943	T	-0.318	-
2944	A	-0.406	-
2945	A	-0.534	-
2946	A	-0.311	-
2947	C	0.408	-
2948	G	-0.093	-
2949	C	0.472	-
2950	T	-0.362	-
2951	A	-0.542	-
2952	A	-0.513	-
