1	C	0.276	-
2	T	-0.012	-
3	T	-0.517	-
4	A	-0.154	-
5	C	0.297	-
6	T	-0.258	-0.1000457
7	G	-0.201	-0.08826452
8	A	-0.474	-0.04725342
9	A	-0.540	0.00840575
10	A	-0.439	-0.00739
11	C	0.376	0.00865225
12	C	0.448	0.05554667
13	T	0.417	0.1035672
14	C	0.479	0.1783293
15	C	0.150	0.2536558
16	A	-0.343	0.3272302
17	T	0.489	0.3035838
18	C	0.304	0.2994324
19	T	0.374	0.2858318
20	C	0.422	0.2582552
21	C	0.363	0.2495033
22	C	0.443	0.2654477
23	A	0.092	0.2000263
24	G	0.398	0.1500551
25	G	0.254	0.1027014
26	T	0.149	0.09390052
27	T	0.045	0.06623513
28	C	-0.152	0.001639708
29	A	-0.295	-0.0027823
30	A	-0.295	-0.04269383
31	G	-0.193	-0.03355608
32	C	0.317	-0.06115075
33	G	0.031	-0.02698175
34	A	-0.331	-0.04500842
35	T	0.039	0.001837333
36	T	-0.080	0.05723775
37	C	0.364	0.1051734
38	T	-0.182	0.1143766
39	C	0.455	0.1505601
40	A	-0.368	0.2069973
41	T	0.266	0.2160166
42	G	0.369	0.2191373
43	C	0.381	0.2014298
44	C	0.427	0.2525667
45	T	0.465	0.2399399
46	C	0.345	0.2692763
47	A	0.147	0.2829579
48	G	-0.042	0.2128314
49	C	0.151	0.1901466
50	C	0.431	0.1380919
51	A	0.303	0.06204901
52	C	-0.016	0.002557342
53	T	0.431	-0.05498841
54	T	-0.471	-0.03490333
55	G	0.109	-0.01360108
56	A	-0.197	-0.03320067
57	G	-0.447	-0.03043858
58	T	-0.368	-0.02498869
59	A	-0.543	-0.08457136
60	G	0.198	-0.02874811
61	C	0.407	0.006248308
62	T	0.196	-0.003113358
63	G	0.337	0.01177281
64	G	0.048	0.03668945
65	G	-0.283	0.1118232
66	A	0.197	0.1398139
67	C	0.529	0.0797297
68	T	-0.309	0.05879491
69	A	-0.268	0.0233778
70	C	-0.069	-0.02163284
71	A	0.358	0.00749475
72	G	0.533	0.020116
73	G	-0.313	0.01123917
74	A	-0.054	0.07513692
75	T	-0.087	0.1178447
76	T	-0.491	0.1438356
77	T	0.065	0.1025107
78	C	0.349	0.03197352
79	G	0.422	0.05211477
80	C	0.457	0.08831798
81	C	0.243	0.1296997
82	A	0.242	0.1962927
83	T	-0.137	0.2153063
84	G	-0.312	0.2212048
85	T	-0.071	0.1505387
86	T	0.379	0.09173533
87	C	0.408	0.1061017
88	C	0.307	0.1221968
89	C	0.293	0.1590232
90	C	0.420	0.1946824
91	A	-0.425	0.1862519
92	G	-0.248	0.1919014
93	G	0.416	0.1793928
94	C	0.435	0.1818597
95	T	0.304	0.1602895
96	G	0.115	0.1091443
97	G	-0.172	0.1244901
98	T	0.447	0.1055106
99	C	0.258	0.09122118
100	T	0.337	0.08384501
101	C	0.034	0.09379693
102	A	-0.193	0.1198048
103	A	-0.241	0.1451749
104	A	-0.476	0.07233859
105	C	0.244	0.05265256
106	T	0.347	0.02938391
107	C	0.423	0.04950598
108	C	0.427	0.09035265
109	T	0.131	0.1249772
110	G	-0.426	0.1770199
111	A	0.022	0.1757671
112	A	0.057	0.1594084
113	C	0.276	0.1448399
114	T	0.296	0.1396525
115	C	0.174	0.1453841
116	A	0.148	0.2008239
117	G	0.229	0.2342905
118	G	0.150	0.2648019
119	C	0.249	0.2755223
120	A	0.365	0.2883224
121	G	0.200	0.3169437
122	C	0.238	0.2781558
123	C	0.423	0.2426042
124	C	0.423	0.2105117
125	G	0.405	0.2255245
126	C	0.450	0.2211801
127	C	0.517	0.2280075
128	T	-0.317	0.2413812
129	A	-0.196	0.2398628
130	C	-0.234	0.2425983
131	C	0.429	0.2451127
132	T	0.313	0.2447201
133	T	0.282	0.2170808
134	G	0.399	0.2836501
135	G	0.405	0.293929
136	C	0.456	0.2700978
137	C	0.435	0.1908431
138	T	0.445	0.1507916
139	C	0.186	0.09117042
140	C	0.481	0.0548203
141	C	-0.073	0.01074505
142	A	-0.520	-0.01283712
143	A	-0.521	-0.0351347
144	A	-0.167	-0.06822654
145	G	-0.433	-0.103215
146	T	-0.037	-0.135225
147	G	-0.123	-0.1432575
148	C	0.173	-0.06144742
149	T	0.167	-0.04304692
150	A	0.048	-0.07282017
151	G	-0.233	-0.02743867
152	G	0.097	-0.03436963
153	A	-0.169	-0.005724717
154	T	0.461	-0.00204005
155	T	-0.300	0.02124162
156	A	-0.524	0.05065996
157	C	0.111	0.05060196
158	A	-0.120	0.01738067
159	G	0.220	0.01854958
160	C	0.218	-0.043376
161	C	0.447	-0.03266975
162	C	0.401	0.01489277
163	A	-0.234	0.03923477
164	A	-0.301	0.08600593
165	A	-0.155	0.1036093
166	T	-0.281	0.1226427
167	G	-0.172	0.1202005
168	A	0.046	0.0901308
169	C	0.403	0.07041622
170	C	0.440	0.06716388
171	C	0.431	0.08310841
172	T	0.446	0.07832241
173	C	0.417	0.1221322
174	C	0.040	0.150725
175	A	-0.471	0.152796
176	A	-0.340	0.1515466
177	G	0.035	0.08438281
178	A	-0.338	0.05926931
179	C	0.353	0.02139591
180	C	0.389	0.02081246
181	C	0.428	0.07440004
182	T	0.425	0.1233873
183	C	-0.374	0.1447733
184	T	0.145	0.2062002
185	G	-0.036	0.1970254
186	G	0.033	0.1899496
187	A	0.171	0.1913691
188	G	0.247	0.1889204
189	G	0.292	0.2569915
190	C	0.398	0.2812733
191	A	0.243	0.289456
192	C	0.304	0.292585
193	C	0.445	0.2931492
194	C	0.396	0.2860958
195	G	0.442	0.2868336
196	C	0.436	0.2815643
197	A	0.061	0.2767939
198	G	0.071	0.287559
199	T	0.178	0.2513225
200	G	0.163	0.1839496
201	C	0.300	0.1149804
202	T	0.334	0.04613356
203	C	0.185	-0.002168067
204	C	0.433	-0.03272656
205	T	0.010	-0.04197994
206	T	-0.411	-0.02420369
207	A	-0.384	-0.01290944
208	A	-0.389	-0.03483439
209	T	-0.518	-0.01757914
210	T	-0.295	-0.03352623
211	T	0.067	8.6e-05
212	G	0.376	0.07746917
213	C	0.436	0.09367583
214	A	0.071	0.1296023
215	G	0.392	0.1912978
216	C	0.242	0.2436291
217	T	0.413	0.2099294
218	C	0.516	0.1582769
219	T	-0.190	0.1204382
220	A	0.041	0.09475222
221	C	0.222	0.01864556
222	A	0.332	-0.03724052
223	G	-0.336	-0.1069675
224	A	-0.243	-0.1624038
225	A	-0.017	-0.1090932
226	T	-0.236	-0.07433827
227	G	-0.520	-0.07268027
228	A	-0.428	-0.1109159
229	G	-0.422	-0.08698428
230	A	-0.148	-0.03449262
231	C	0.449	-0.01633009
232	C	0.458	0.01670841
233	A	0.242	0.08939324
234	G	-0.126	0.1612584
235	C	-0.049	0.2049596
236	G	0.386	0.2289313
237	T	0.200	0.2147567
238	G	0.160	0.2122417
239	G	0.351	0.2227867
240	C	0.433	0.2667391
241	A	0.101	0.3101319
242	G	0.139	0.2634451
243	C	0.279	0.2098882
244	C	0.428	0.1618319
245	C	0.368	0.139315
246	C	0.400	0.06238638
247	C	0.471	0.05623807
248	T	-0.173	0.0209744
249	T	-0.442	0.02291098
250	T	-0.416	-0.00627465
251	C	0.081	-0.0594464
252	A	-0.489	-0.07091673
253	G	0.027	-0.0746329
254	G	-0.284	-0.02350882
255	A	0.302	0.0489646
256	C	0.078	0.1180018
257	A	-0.269	0.1287866
258	G	0.263	0.1579628
259	C	0.426	0.121275
260	T	0.439	0.1297324
261	C	0.427	0.1094021
262	C	0.411	0.1128975
263	C	0.211	0.1395707
264	G	-0.139	0.0845134
265	A	-0.412	0.06507157
266	G	-0.182	-0.007937183
267	A	0.058	-0.0196496
268	C	0.12	-0.04654661
269	G	0.050	-0.02701652
270	A	-0.397	-0.03209177
271	G	0.193	-0.02310861
272	A	-0.436	0.006464308
273	C	0.286	0.03089427
274	G	0.089	0.04537503
275	C	0.445	0.04992999
276	G	-0.200	0.08696259
277	A	-0.304	0.09957326
278	G	0.172	0.1728981
279	A	0.351	0.1733324
280	G	0.293	0.1855091
281	C	0.105	0.1834885
282	A	0.047	0.1822262
283	G	0.344	0.1715448
284	C	0.443	0.1182485
285	C	0.292	0.05090743
286	C	0.235	0.009443017
287	C	0.421	0.02893968
288	T	-0.215	0.06323958
289	A	-0.432	0.06319117
290	A	-0.467	0.05358667
291	A	-0.456	0.05253933
292	T	-0.203	0.06310042
293	C	0.339	0.06287525
294	T	0.458	0.1116278
295	C	0.344	0.1774798
296	A	0.328	0.2153867
297	C	0.279	0.2204453
298	C	0.361	0.1978731
299	C	0.418	0.1323682
300	A	0.369	0.1085884
301	G	0.357	0.1168579
302	C	-0.012	0.1201342
303	A	-0.395	0.08999387
304	A	-0.474	0.04703687
305	A	-0.446	0.04635012
306	G	0.173	0.02564903
307	C	0.443	0.03977278
308	C	0.367	0.0757282
309	G	-0.082	0.07255537
310	T	-0.153	0.1481023
311	T	0.410	0.1892122
312	T	0.121	0.1488894
313	C	0.526	0.06897748
314	T	0.419	0.02041757
315	T	-0.433	0.03134616
316	C	0.431	0.05438149
317	C	0.046	0.02824269
318	T	-0.310	0.03450319
319	A	-0.515	0.02284611
320	A	-0.215	0.01801836
321	C	0.048	0.07921161
322	C	0.122	0.04591076
323	G	0.096	0.02637681
324	G	0.196	0.07442739
325	G	0.386	0.08197189
326	C	0.361	0.08446039
327	T	0.300	0.09260718
328	G	0.032	0.07455555
329	G	-0.187	0.08921693
330	G	0.266	0.1064605
331	G	-0.425	0.104632
332	A	-0.185	0.1023037
333	G	0.146	0.09572252
334	T	-0.093	0.125591
335	G	0.272	0.1693811
336	C	0.403	0.1832924
337	C	0.364	0.222278
338	G	0.333	0.2264036
339	C	0.221	0.2231879
340	G	0.390	0.2514253
341	C	0.337	0.2648323
342	G	0.432	0.2187536
343	C	0.042	0.2076454
344	T	-0.135	0.2039214
345	G	0.108	0.1592629
346	C	0.245	0.1043991
347	C	0.433	0.03865717
348	A	-0.149	0.02382184
349	G	0.231	0.04828783
350	C	0.288	0.08036258
351	A	-0.314	0.1142952
352	G	-0.267	0.08732583
353	A	-0.451	0.05397796
354	T	0.254	0.03038629
355	G	0.336	0.004180792
356	G	0.249	0.008459542
357	C	0.515	0.05357696
358	G	-0.078	0.08720588
359	A	0.033	0.09792762
360	C	-0.432	0.07668287
361	A	-0.082	0.01309212
362	G	0.339	-0.04421946
363	A	0.227	-0.1322526
364	G	0.135	-0.1054497
365	G	-0.322	-0.07410542
366	A	0	0.0002484167
 367	T	-0.426	0.0348495
368	T	-0.438	0.032515
369	A	-0.541	0.04570508
370	G	0.243	0.05028617
371	C	0.409	0.04415108
372	C	0.459	0.008812667
373	T	0.332	5.966667e-05
374	G	0.311	-0.008414333
375	C	0.385	0.06350333
376	G	0.190	0.07881483
377	G	-0.396	0.07591317
378	A	-0.424	0.04397211
379	A	-0.531	0.02988786
380	A	-0.540	-0.007374725
381	C	0.321	-0.08545939
382	C	0.426	-0.1236936
383	G	0.374	-0.07728206
384	G	0.076	-0.01442773
385	G	0.163	0.05155227
386	T	-0.135	0.07592061
387	A	-0.551	0.03348444
388	A	-0.267	-0.008716442
389	G	0.160	-0.0463069
390	G	0.330	-0.01687368
391	G	0.259	0.005639075
392	G	-0.247	0.04480907
393	A	-0.187	0.07589016
394	G	-0.079	0.1012699
395	G	-0.076	0.09509177
396	G	0.429	0.09636735
397	C	0.433	0.08599185
398	G	0.334	0.08902685
399	G	-0.178	0.0607026
400	A	0.036	0.1016368
401	G	0.086	0.1303012
402	C	0.345	0.1056946
403	T	0.135	0.05910028
404	G	-0.211	-0.008545558
405	A	-0.527	-0.02620456
406	G	0.411	-0.07510184
407	G	0.267	-0.09563633
408	T	0.134	-0.1104842
409	G	-0.125	-0.08233425
410	A	-0.476	-0.02814475
411	G	-0.390	0.01741218
412	A	-0.550	-0.01435213
413	A	-0.159	-0.044682
414	C	0.167	-0.04048833
415	C	0.473	0.001112833
416	C	0.438	0.07167667
417	A	0.019	0.1312889
418	C	0.030	0.201222
419	A	-0.096	0.2019835
420	T	0.184	0.1693147
421	C	0.373	0.1092157
422	C	0.369	0.08355517
423	C	0.324	0.110645
424	T	0.289	0.144715
425	C	-0.150	0.1614202
426	A	-0.224	0.1745274
427	T	-0.247	0.1617633
428	G	0.130	0.09327983
429	C	0.344	0.07355887
430	C	0.439	0.05354552
431	C	0.103	0.08993269
432	A	0.341	0.1217019
433	G	0.220	0.1676669
434	T	-0.452	0.1614328
435	G	0.088	0.1677556
436	G	0.048	0.1037191
437	C	0.285	0.111193
438	A	0.156	0.05511458
439	G	0.303	0.04978442
440	C	0.056	0.0951223
441	A	0.420	0.1026517
442	G	-0.329	0.07433794
443	G	0.193	0.05051702
444	A	-0.331	0.002792275
445	C	0.156	-0.05644947
446	G	0.092	-0.09377495
447	T	0.178	-0.1033816
448	G	-0.290	-0.07595378
449	G	0	-0.07713245
 450	A	-0.416	-0.03984987
451	A	-0.407	-0.03082403
452	A	-0.391	-0.05301042
453	T	0.305	-0.0570355
454	G	0	-0.001882333
 455	G	0.179	0.03367492
456	T	0.116	0.1001678
457	T	0.264	0.1584061
458	T	-0.174	0.2085035
459	G	0.130	0.2163857
460	C	0.370	0.2466517
461	C	0.426	0.268741
462	C	0.381	0.2981593
463	A	0.291	0.3098286
464	G	0.209	0.3423961
465	C	0.399	0.3375459
466	C	0.363	0.3233528
467	C	0.444	0.2757543
468	T	0.469	0.2737922
469	C	0.404	0.2910967
470	A	0.216	0.3061277
471	C	0.071	0.2693028
472	T	0.200	0.2390368
473	T	-0.144	0.1901646
474	C	0.358	0.1411999
475	T	0.499	0.1416256
476	C	0.389	0.1568178
477	T	-0.042	0.1541814
478	T	0	0.1584701
 479	G	-0.141	0.1638208
480	G	-0.118	0.1582365
481	A	0.409	0.152142
482	C	0.398	0.1429453
483	A	0.040	0.1705177
484	G	0.252	0.1396096
485	A	-0.080	0.1686267
486	G	0.291	0.205995
487	C	0.426	0.2070674
488	T	0.279	0.2061787
489	T	0.288	0.229518
490	G	-0.370	0.1924765
491	A	0.206	0.1918611
492	G	0.330	0.1595715
493	C	0.422	0.1409282
494	C	0.388	0.1176439
495	T	0.320	0.07433461
496	T	-0.192	0.09526044
497	C	-0.087	0.03325719
498	T	-0.096	-0.01765289
499	G	0.202	-0.02734939
500	G	0	-0.02675972
 501	G	-0.230	-0.06186414
502	A	-0.119	-0.008231142
503	A	-0.537	0.002777733
504	A	-0.280	-0.01195957
505	C	0.306	-0.05469473
506	T	0.395	-0.07096207
507	G	-0.100	-0.0355799
508	C	0.451	0.01154827
509	T	0.044	0.09206443
510	T	-0.273	0.1217406
511	T	-0.310	-
512	T	-0.195	-
513	C	0.193	-
514	C	0.445	-
515	C	0.428	-
516	T	0.075	-
