1	G	0.173	-
2	G	0.239	-
3	C	0.187	-
4	A	0.238	-
5	C	0.415	-
6	A	0.272	-
7	G	0.221	0.1893234
8	G	0.231	0.2007721
9	G	0.322	0.1952452
10	G	-0.356	0.2151541
11	A	0.110	0.1903227
12	G	0.019	0.1376645
13	G	0.385	0.09406225
14	C	0.322	0.07284135
15	C	0.167	0.05387213
16	C	0.445	0.03270642
17	T	-0.084	0.05151104
18	G	-0.268	0.04189092
19	A	-0.294	0.05356445
20	G	-0.053	0.02387499
21	T	-0.015	-0.02454208
22	C	0.046	-0.07679108
23	A	-0.112	-0.08788578
24	C	-0.014	-0.07834408
25	A	0.170	-0.03428793
26	C	0	-0.01469778
 27	G	-0.307	-0.05185212
28	A	-0.511	-0.09099858
29	T	0.301	-0.1005496
30	G	0.039	-0.1249268
31	G	0.303	-0.09314127
32	T	-0.040	-0.07207935
33	G	-0.536	-0.05417727
34	A	-0.524	-0.05523004
35	T	-0.077	-0.01000178
36	G	-0.429	-0.0009722385
37	C	0.399	0.02892675
38	C	0.444	0.02598105
39	C	0.232	0.03217655
40	A	-0.320	0.03574362
41	G	0.076	0.04663678
42	G	0.419	0.02845913
43	G	0.428	0.04654036
44	C	0.265	-0.02181256
45	A	0.040	-0.04353133
46	G	-0.490	-0.07496325
47	A	-0.382	-0.01715879
48	A	-0.313	-0.003015515
49	G	-0.194	-0.05370959
50	A	-0.489	-0.1120924
51	T	0.162	-0.1446268
52	G	-0.175	-0.1768505
53	T	0.430	-0.1496593
54	C	0.260	-0.1385925
55	A	-0.239	-0.1028503
56	G	-0.330	-0.08431818
57	A	-0.157	-0.05746002
58	A	-0.378	-0.08398533
59	G	-0.137	-0.03990641
60	A	-0.238	-0.04684864
61	C	0.151	-0.03060256
62	A	0.046	-0.02541933
63	G	-0.140	-0.01491164
64	G	-0.182	-0.02745548
65	C	0.397	-0.03316533
66	A	0.340	-0.03856887
67	G	0.471	0.01533636
68	T	-0.172	0.003712592
69	T	-0.193	-0.01176785
70	T	-0.320	0.007657077
71	G	-0.452	0.003984231
72	A	-0.207	0.006509615
73	C	0.462	0.005835923
74	A	0	-0.0002946154
 75	G	-0.154	0.01934211
76	T	0.112	0.0002699538
77	G	-0.230	0.02036295
78	C	0.429	0.02250572
79	T	0.331	0.002555254
80	T	0.391	-0.01703282
81	C	0.082	-0.02398349
82	T	-0.441	0.01867043
83	G	-0.059	0.04265782
84	A	-0.424	0.09680682
85	A	-0.466	0.06631231
86	G	0.207	0.008163538
87	G	-0.090	-0.05776469
88	T	0.400	-0.09942372
89	C	0.423	-0.1058181
90	G	0.473	-0.1419881
91	T	0.033	-0.1199803
92	G	-0.424	-0.06920148
93	A	-0.465	-0.08114291
94	A	-0.458	-0.05792093
95	A	-0.524	-0.07107239
96	A	-0.529	-0.08972208
97	A	-0.138	-0.1021822
98	G	0.193	-0.07827512
99	C	0.052	-0.02213435
100	C	0.211	0.03410719
101	A	0.229	0.07687684
102	G	0.181	0.0826163
103	G	0.311	0.1390709
104	G	0.344	0.1850014
105	G	0.305	0.2037765
106	T	0.266	0.2337297
107	G	0.097	0.1824221
108	A	-0.450	0.1578847
109	G	0.204	0.1120529
110	T	0.458	0.04649427
111	C	0.437	-0.01782104
112	T	0.441	-0.03250388
113	G	-0.455	-0.02473788
114	T	-0.089	-0.003389377
115	A	-0.414	0.06051262
116	A	-0.540	0.07485078
117	A	-0.491	0.07044101
118	G	0.114	0.05001332
119	T	0.367	0.04810201
120	C	0.374	0.1155755
121	C	0.380	0.1505875
122	C	0.390	0.2114829
123	T	0.400	0.2875232
124	G	0.172	0.3450718
125	C	0.416	0.3603636
126	T	0.421	0.3524529
127	G	0.365	0.2991022
128	G	0.377	0.2599975
129	C	0.447	0.2115131
130	C	0.256	0.162399
131	A	0.313	0.1320322
132	T	0.264	0.07775177
133	G	-0.318	0.01183854
134	A	-0.127	0.01767131
135	T	-0.239	0.01933662
136	G	-0.237	0.01898323
137	A	-0.222	0.03358085
138	T	-0.288	0.009461154
139	G	-0.435	-0.03325631
140	T	0.441	-0.0155804
141	C	0.398	-0.0085601
142	C	0.443	0.01563458
143	C	0.446	0.04951088
144	T	0	0.07166765
 145	G	-0.291	0.1170416
146	A	-0.089	0.1758008
147	C	-0.036	0.1670033
148	A	0.075	0.1583767
149	G	0.202	0.1414507
150	C	0.065	0.08818973
151	T	0.300	0.1064396
152	G	0.328	0.1434744
153	G	0.326	0.1826028
154	G	0.286	0.2202597
155	G	0.223	0.2351375
156	A	-0.246	0.2207269
157	T	0.237	0.2257117
158	C	0.190	0.2283419
159	C	0.419	0.1677978
160	T	0.452	0.1109389
161	G	0.268	0.06641527
162	G	0.015	0.02993335
163	C	0.130	0.08498804
164	G	0.335	0.05981221
165	A	-0.458	0.05987652
166	G	-0.412	0.04820828
167	A	-0.291	0.05470736
168	A	-0.250	0.0241509
169	C	0.469	0.03319532
170	A	-0.090	0.05004578
171	G	0.191	-0.009406754
172	C	0.267	-0.002426754
173	A	0.537	0.0007682462
174	T	-0.128	0.04015717
175	T	0.133	0.08616255
176	C	0.349	0.06765263
177	A	-0.437	0.07259581
178	G	-0.367	0.07160573
179	A	-0.370	0.06649642
180	A	0.220	0.04496212
181	C	0.347	0.05663442
182	T	0.228	0.03432657
183	T	-0.025	-0.02466766
184	G	0.178	0.008161754
185	G	0.201	0.0411327
186	G	0.257	0.1008143
187	A	0.023	0.1140922
188	T	-0.156	0.1245864
189	T	-0.417	0.07357624
190	T	-0.010	0.08994235
191	T	0.060	0.106966
192	C	0.404	0.08221912
193	C	0.392	0.02992197
194	T	0.483	0.01261067
195	T	-0.434	0.02315052
196	G	0.186	0.04110491
197	C	0.399	0.03907578
198	A	-0.120	0.07166898
199	G	-0.422	0.01864114
200	A	-0.202	-0.0508554
201	T	-0.019	-0.1058419
202	C	-0.184	-0.06875962
203	A	-0.037	-0.06994908
204	C	0.484	-0.08518808
205	A	-0.284	-0.05382124
206	A	-0.510	-0.01146747
207	T	-0.231	0.007506392
208	G	0.047	0.03159554
209	G	0.171	0.08553685
210	T	0.201	0.06394064
211	T	0.287	0.01253333
212	G	0.128	0.05707487
213	G	0.044	0.07663118
214	C	0.293	0.06259741
215	T	0.516	0.05509158
216	G	-0.318	0.04521184
217	A	-0.183	0.02971484
218	C	0.294	0.01757384
219	T	-0.256	-0.01673201
220	C	-0.413	-0.05821072
221	A	-0.049	-0.1037842
222	G	0.043	-0.1682834
223	G	0	-0.1174862
 224	G	0.129	-0.07295256
225	G	-0.317	-0.0754411
226	A	-0.494	-0.02580079
227	A	-0.299	0.006022592
228	A	-0.321	0.009854646
229	G	0.342	0.04145092
230	G	0.395	0.05476154
231	G	0.262	0.08107738
232	G	0.388	0.07402369
233	G	0	0.1009919
 234	A	0	0.1296639
 235	G	0.453	0.1713609
236	C	0.173	0.1475586
237	T	0.471	0.1185424
238	T	-0.409	0.08067104
239	T	-0.144	0.04235112
240	G	0.073	0.004426269
241	C	0.220	0.01346065
242	A	0.032	0.01346242
243	G	0.018	0.03078535
244	A	-0.230	0.02755658
245	G	-0.109	0.05196066
246	A	-0.493	0.04313889
247	G	0.117	0.02327053
248	C	0.453	-0.02091555
249	C	0.398	-0.0011026
250	T	0.429	-0.009475731
251	C	-0.092	0.04612442
252	A	-0.258	0.08330181
253	A	-0.184	0.1552817
254	A	-0.353	0.1790139
255	C	0.290	0.1766315
256	A	-0.090	0.1423138
257	T	0.492	0.1335814
258	C	0.373	0.1572938
259	T	0.442	0.1883136
260	C	0.425	0.1819945
261	C	0.422	0.1724173
262	A	-0.047	0.1748935
263	G	0.316	0.1979772
264	C	0.215	0.1790933
265	T	0.144	0.1614492
266	G	-0.266	0.1287811
267	A	-0.478	0.1120327
268	G	0.322	0.1122718
269	C	0.209	0.148632
270	T	0.247	0.1193167
271	G	0.144	0.1044283
272	C	0.018	0.105109
273	A	0.208	0.1569926
274	C	0.425	0.1675313
275	C	0.424	0.1449523
276	T	-0.064	0.1337853
277	G	0.022	0.137228
278	T	0.153	0.1556841
279	C	0.407	0.1750344
280	A	-0.341	0.1934409
281	G	0.029	0.1953614
282	G	0.064	0.1975086
283	G	0.291	0.1618765
284	C	0.384	0.1469888
285	C	0.269	0.1396267
286	C	0.447	0.1373673
287	C	0.450	0.1955591
288	T	0.452	0.2029826
289	G	-0.528	0.2105438
290	A	-0.171	0.2056683
291	G	0.057	0.2102232
292	C	0.378	0.1994591
293	C	0.415	0.1485928
294	A	0.125	0.08994183
295	T	0.162	0.01855614
296	C	0.228	0.0334136
297	C	0.443	0.01432998
298	A	0.129	-0.02960008
299	G	-0.213	-0.09065892
300	G	-0.311	-0.1198635
301	A	-0.475	-0.1393309
302	A	-0.334	-0.1557853
303	G	-0.419	-0.1761852
304	A	-0.513	-0.1808025
305	A	-0.415	-0.1592065
306	G	0.035	-0.1373723
307	G	-0.127	-0.07892132
308	A	-0.051	-0.01702202
309	G	-0.036	-0.01083394
310	G	0.383	-0.001193015
311	C	0.410	-0.002940323
312	A	0.070	0.04025798
313	C	0.448	0.05867908
314	T	0.329	0.09745654
315	G	-0.254	0.1357113
316	A	-0.293	0.1602182
317	G	-0.536	0.1049648
318	G	0.146	0.03079942
319	T	0.274	-0.001947231
320	G	0.376	-0.02170308
321	G	0.445	-0.02317585
322	G	0.281	0.004075838
323	G	-0.334	0.04114122
324	A	-0.553	0.1087329
325	A	-0.355	0.1198184
326	C	0.191	0.1301858
327	G	0.310	0.1332076
328	G	0.099	0.1319447
329	G	0.187	0.1161241
330	G	0.342	0.144888
331	T	0.290	0.2129546
332	C	0.409	0.2723938
333	C	0.415	0.2753606
334	T	0.429	0.2706075
335	G	0.076	0.278225
336	G	0.039	0.2909664
337	C	0.331	0.2961425
338	C	0.417	0.300194
339	T	0.230	0.2920983
340	G	0.248	0.2484191
341	G	0.198	0.2454672
342	G	0.353	0.267721
343	G	0.409	0.2964378
344	T	0.342	0.2829376
345	C	0.304	0.2808352
346	A	-0.151	0.2962914
347	G	0.391	0.3067137
348	C	0.365	0.3207385
349	A	0.412	0.2996813
350	G	0.155	0.3011521
351	C	0.389	0.3047287
352	C	0.431	0.3083497
353	T	0.383	0.3537405
354	G	0.381	0.3069574
355	G	0.079	0.2728224
356	G	0.428	0.2428372
357	C	0.389	0.2500483
358	T	0.351	0.2409558
359	C	0.438	0.2308973
360	T	-0.217	0.2312371
361	G	-0.078	0.2019168
362	G	0.022	0.1739713
363	T	0.249	0.1273233
364	T	0.271	0.1295847
365	C	0.300	0.1267187
366	C	0.388	0.1199443
367	A	0	0.1695083
 368	G	-0.283	0.2041787
369	T	-0.177	0.2095047
370	T	0.418	0.2086837
371	C	0.314	0.2173247
372	C	0.350	0.2273737
373	G	0.427	0.2296943
374	C	0.372	0.2586754
375	A	0.092	0.3149708
376	C	0.238	0.3410953
377	C	0.383	0.3207127
378	C	0.430	0.3155395
379	C	0.418	0.2868814
380	C	0.376	0.2836794
381	C	0.448	0.2828607
382	C	0.162	0.3095631
383	T	0.153	0.324768
384	T	0.246	0.3285058
385	G	-0.022	0.3091071
386	C	0.385	0.2615346
387	C	0.361	0.2065841
388	C	0.439	0.1501165
389	C	0.436	0.1025792
390	C	0.432	0.1097318
391	C	0.178	0.09663152
392	A	-0.199	0.1207591
393	G	-0.337	0.1245237
394	A	-0.285	0.1323579
395	A	-0.455	0.1304441
396	C	0.246	0.08285114
397	T	0.076	0.03214145
398	A	0.291	0.03378691
399	C	0.434	0.02612822
400	C	0.463	0.06907352
401	T	0.414	0.08583505
402	G	-0.182	0.1389877
403	T	-0.226	0.1295787
404	A	0.200	0.08211453
405	T	-0.299	0.07611576
406	G	0.220	0.07312776
407	G	-0.067	0.0687493
408	C	0.235	0.07129692
409	A	0.124	0.1159111
410	A	-0.540	0.1261134
411	G	0.213	0.09540966
412	C	0.395	0.1227961
413	T	0.406	0.1214974
414	C	0.447	0.1400049
415	C	0.397	0.1529966
416	T	-0.094	0.1621
417	T	-0.199	0.1923562
418	T	0.056	0.1759546
419	C	0.203	0.1792857
420	C	0.172	0.1556829
421	C	0.404	0.1016168
422	T	0.242	0.08125448
423	T	-0.147	0.10979
424	C	0	0.1609314
 425	C	0.439	0.1725092
426	T	0.100	0.1780435
427	G	-0.255	0.1809646
428	T	0.132	0.1545987
429	G	0.276	0.09816197
430	C	0.465	0.08804074
431	C	0.207	0.1096826
432	T	0.275	0.1041936
433	C	0.210	0.1289833
434	A	0.061	0.177277
435	G	-0.490	0.1835677
436	T	-0.278	0.1811412
437	T	0.281	0.1790251
438	T	0.367	0.1904818
439	C	0.422	0.2030436
440	C	0.372	0.225388
441	T	0.214	0.2235096
442	C	0.245	0.2595685
443	C	0.438	0.2428342
444	T	0.355	0.1947871
445	C	0.439	0.1377103
446	T	0.501	0.06810008
447	G	0.036	0.06547685
448	T	-0.022	0.08372208
449	A	-0.496	0.06302957
450	A	-0.343	0.01343372
451	A	-0.374	0.02202265
452	A	-0.482	-0.02315989
453	T	0.338	-0.07268851
454	C	0.451	-0.05888698
455	A	-0.023	-0.06680635
456	G	-0.206	-0.04305435
457	T	0.467	-0.02170606
458	T	-0.148	-0.02866868
459	T	-0.142	-0.02984906
460	A	0.216	-0.03100468
461	G	-0.125	-0.05751483
462	A	-0.187	-0.02750655
463	C	-0.065	-0.01517839
464	T	-0.464	-0.07898478
465	A	-0.497	-0.06894999
466	C	0.323	-0.09295792
467	A	0.107	-0.1291821
468	C	0.366	-0.1026754
469	T	-0.046	-0.08111235
470	G	-0.361	-0.05262734
471	C	-0.017	-0.03417842
472	A	-0.454	-0.0138118
473	A	-0.254	-0.04425262
474	G	0.219	-0.04281255
475	G	0.092	-0.04960178
476	T	0.304	-0.04953655
477	T	-0.225	-0.004432931
478	G	-0.233	0.02178075
479	T	-0.072	0.09117382
480	C	0.125	0.1431202
481	C	0.278	0.1610484
482	A	-0.045	0.1644655
483	G	0.224	0.157231
484	C	0.322	0.1880926
485	C	0.447	0.1892034
486	C	0.420	0.2300062
487	G	0.452	0.2067249
488	C	0.137	0.181463
489	A	0.210	0.1864662
490	G	0.176	0.1843249
491	T	-0.218	0.1554202
492	C	0.457	0.1333999
493	A	-0.176	0.1243335
494	G	-0.050	0.1034775
495	T	0.019	0.08516939
496	G	0.196	0.09230308
497	G	-0.052	0.08597926
498	G	0.161	0.06363742
499	C	0.302	0.01420934
500	T	0.181	0.05200926
501	G	-0.100	0.07926873
502	C	0.303	0.08023605
503	A	0.093	0.08457898
504	T	-0.509	0.1191429
505	G	-0.184	0.1256019
506	C	0.314	0.1023059
507	C	0.304	0.07926385
508	A	0.032	0.09560501
509	G	0.253	0.05041085
510	C	0.396	0.06987106
511	C	0.245	0.1141163
512	A	0	0.161122
 513	G	-0.118	0.1679299
514	G	0.111	0.1650059
515	A	-0.284	0.1314719
516	C	0.346	0.09896642
517	A	0.065	0.04602888
518	G	0.426	-0.005700662
519	C	0.403	-0.03705405
520	T	0.266	-0.03415058
521	T	-0.403	-0.01977104
522	T	-0.169	0.009258915
523	G	-0.291	0.01574715
524	A	-0.427	0.02920265
525	A	-0.407	0.02842865
526	T	-0.080	0.01567527
527	G	0.298	0.007039115
528	T	0.093	0.01010635
529	G	0.431	-0.002491346
530	G	0.240	0.03075188
531	C	0.416	0.06052144
532	C	0.237	0.1135009
533	C	0.153	0.08921589
534	A	-0.363	0.0408992
535	A	-0.333	0.002285323
536	C	0.140	-0.02244322
537	A	-0.040	-0.009034138
538	C	0.281	-0.01467506
539	A	-0.396	-0.06659083
540	A	-0.329	-0.1086951
541	A	-0.408	-0.1088428
542	T	0.109	-0.106853
543	T	0.415	-0.1379068
544	C	0.343	-0.09963185
545	G	-0.437	-0.09441462
546	T	-0.393	-0.03113885
547	A	-0.365	0.02922292
548	A	-0.307	0.1017929
549	A	-0.263	0.09950758
550	C	0.457	0.03929074
551	C	0.348	-0.02099095
552	T	0.426	-0.01360834
553	T	0.455	-0.006939415
554	C	0.534	0.01184497
555	T	0.080	0.02668982
556	T	-0.367	0.0340902
557	A	-0.440	0.01404282
558	A	-0.341	-0.03144642
559	A	-0.306	-0.08419042
560	A	-0.121	-0.1539231
561	C	-0.114	-0.225356
562	A	-0.167	-0.2629127
563	T	0.196	-0.2771322
564	T	-0.242	-0.278582
565	A	-0.259	-
566	T	-0.451	-
567	G	-0.394	-
568	A	-0.408	-
569	A	-0.552	-
570	A	-0.459	-
