1	C	0.261	-
2	T	0.444	-
3	C	0.501	-
4	T	0.403	-
5	T	-0.094	-
6	A	-0.450	0.03671301
7	G	-0.533	0.02989651
8	A	-0.419	-0.01728408
9	A	-0.053	-0.06277873
10	G	-0.447	-0.08365282
11	C	0.417	-0.05838978
12	C	0.410	-0.002978283
13	C	0.179	0.07903288
14	A	-0.121	0.142478
15	A	-0.043	0.1245635
16	G	0.152	0.1538242
17	C	0.209	0.09194235
18	A	0.214	0.0722161
19	C	0.450	0.08917293
20	A	0.341	0.1344662
21	G	-0.268	0.1582466
22	A	-0.096	0.1213763
23	G	-0.324	0.07769943
24	T	0.173	0.03157017
25	T	0.383	-0.03993299
26	C	0.422	-0.1128137
27	G	0.241	-0.1166501
28	G	-0.289	-0.08494983
29	A	-0.315	-0.02823217
30	G	-0.338	-0.03379833
31	A	-0.407	-0.03330708
32	A	-0.532	-0.1017102
33	A	-0.314	-0.09578358
34	T	0.283	-0.03585425
35	G	0.355	0.00598875
36	T	0.106	0.06420475
37	G	0.388	0.1235754
38	A	-0.398	0.1849504
39	G	0.312	0.2067348
40	C	0.429	0.1896734
41	A	0.187	0.1467276
42	C	0.359	0.1015469
43	C	0.304	0.04140478
44	T	0.203	0.03718144
45	G	-0.052	0.0122794
46	T	0.078	-0.01619725
47	A	-0.159	-0.06954783
48	T	-0.435	-0.1329006
49	G	-0.332	-0.192532
50	A	-0.449	-0.2434962
51	A	0.013	-0.2341105
52	G	0.087	-0.2680038
53	A	-0.453	-0.2502756
54	G	-0.400	-0.1786903
55	A	-0.410	-0.1205691
56	A	-0.407	-0.05876297
57	G	0.059	-0.08370251
58	A	-0.327	-0.1130468
59	T	0.053	-0.0813023
60	G	0.423	-0.08180947
61	G	0.364	-0.09249888
62	G	0.292	-0.07499097
63	T	-0.285	-0.09509095
64	A	-0.264	-0.1002988
65	C	-0.072	-0.1009421
66	A	-0.406	-0.1478426
67	A	-0.539	-0.1969361
68	A	-0.197	-0.2446895
69	G	-0.181	-0.2585396
70	G	-0.390	-0.2531101
71	A	0.045	-0.2482434
72	A	-0.139	-0.1888976
73	T	-0.224	-0.1100076
74	G	-0.280	-0.07839838
75	A	-0.451	-0.05578494
76	G	-0.199	-0.01376611
77	T	-0.013	-0.01066268
78	G	0.305	0.01295223
79	G	0.407	0.06886865
80	G	0.181	0.1239832
81	G	0.089	0.190025
82	G	0.113	0.2346146
83	T	0.082	0.2606594
84	T	0.144	0.2487688
85	C	0.446	0.2127234
86	C	0.380	0.1662672
87	T	0.340	0.167894
88	C	0.335	0.1635842
89	T	0.298	0.1470738
90	T	0.162	0.1724739
91	C	-0.024	0.1687893
92	A	-0.375	0.1755153
93	C	0.109	0.1712461
94	C	0.062	0.1196716
95	A	-0.115	0.05576093
96	T	0.449	0.00505885
97	C	0.402	-0.03308252
98	C	0.461	-0.0327706
99	C	0.289	-0.02171518
100	T	-0.283	-0.01551958
101	A	-0.468	0.02141167
102	A	-0.445	0.01977917
103	A	-0.482	0.008017833
104	A	-0.372	-0.0115765
105	C	0.242	-0.015569
106	T	0.136	0.04704167
107	G	0.327	0.1011509
108	T	0.429	0.1408208
109	G	0.261	0.1540401
110	G	0.226	0.2277517
111	C	0.241	0.1671624
112	A	0.468	0.1136917
113	G	0.181	0.06132214
114	T	0.030	0.006495392
115	A	-0.323	0.02411706
116	T	0.512	0.02310356
117	T	-0.484	-0.001335083
118	T	-0.505	-0.03705069
119	A	-0.300	-0.01635077
120	G	-0.228	0.008544917
121	C	0.472	0.03237522
122	A	0.213	-0.005678858
123	G	-0.051	0.04685023
124	C	0.039	0.07367397
125	A	0.429	0.07797964
126	T	0.329	0.09598862
127	C	-0.037	0.05659921
128	A	0.055	0.01811437
129	T	0.145	-0.002390983
130	T	-0.183	-0.02440896
131	G	-0.248	-0.02660529
132	A	-0.012	-0.01707079
133	T	0	0.01613899
 134	G	-0.247	0.03453023
135	A	-0.297	0.03961715
136	G	-0.224	0.09343048
137	G	0.403	0.1468364
138	C	0.443	0.160752
139	T	0.360	0.1664934
140	G	0.276	0.1971131
141	G	0.206	0.194851
142	T	0.462	0.1797514
143	C	0.391	0.1141014
144	T	0.154	0.09862535
145	C	0.068	0.1080227
146	A	0.119	0.1172413
147	G	-0.324	0.1160629
148	A	-0.405	0.08991985
149	A	-0.384	0.04296168
150	C	0.257	0.007858017
151	T	0.473	-0.03682983
152	G	0.386	-0.08500617
153	T	0.192	-0.03852008
154	G	0.148	-0.02300183
155	C	-0.171	3.658333e-05
156	A	-0.266	0.01552508
157	A	-0.467	0.01155908
158	A	-0.458	-0.02410666
159	C	0.232	-0.007364825
160	A	-0.219	-0.0006904083
161	T	-0.108	0.04400476
162	C	0.443	0.07717051
163	T	0.425	0.09449401
164	G	-0.041	0.1496365
165	C	0.393	0.1662373
166	C	0.228	0.1963553
167	C	0.364	0.1874072
168	T	0.131	0.1504237
169	G	-0.259	0.1394476
170	C	0.203	0.1769176
171	C	0.432	0.1550537
172	T	0.141	0.1507728
173	G	-0.215	0.123215
174	G	0	0.1122651
 175	C	0.293	0.1182316
176	C	0.408	0.1024033
177	T	0.130	0.04667784
178	C	0.177	-0.003478408
179	T	0.034	-0.01387583
180	C	0	-0.05244999
 181	A	-0.187	-0.1207349
182	A	0.013	-0.1852952
183	T	-0.236	-0.2194764
184	G	-0.459	-0.2245858
185	A	-0.340	-0.1917107
186	A	-0.462	-0.1599056
187	A	-0.525	-0.1074513
188	A	-0.366	-0.08521758
189	A	-0.279	-0.09695817
190	G	0.116	-0.08458175
191	C	0.428	-0.0179415
192	T	0.381	0.039068
193	T	0.441	0.1126794
194	C	0.280	0.1857892
195	T	-0.377	0.219718
196	A	-0.311	0.1758034
197	C	0.459	0.09448067
198	C	0.221	0.0213195
199	T	0.357	-0.008373983
200	C	0.511	-0.01282223
201	T	0.127	0.03024027
202	T	-0.410	0.05618977
203	A	-0.547	0.05132818
204	A	-0.496	0.0183466
205	C	0.085	-0.02942732
206	A	0.226	-0.09863357
207	G	0.139	-0.1506409
208	G	0	-0.08770082
 209	T	0.401	-0.02057198
210	A	-0.174	0.01474028
211	T	-0.215	0.04006467
212	T	-0.319	0.03454201
213	T	-0.496	-0.01303957
214	C	0.344	-0.03945274
215	C	0.258	-0.06162366
216	A	-0.072	-0.009659992
217	C	0.389	0.02927559
218	C	0.160	0.08606134
219	A	-0.431	0.1552963
220	A	-0.316	0.148008
221	C	0.134	0.1595705
222	T	0.449	0.1827791
223	C	0.251	0.1855457
224	G	0.362	0.2024733
225	C	0.334	0.2562627
226	T	0.256	0.3092382
227	G	0.396	0.3266187
228	G	0.205	0.3253172
229	C	0.422	0.3360978
230	C	0.363	0.3242784
231	A	0.213	0.334092
232	C	0.318	0.3145616
233	C	0.343	0.2770813
234	T	0.433	0.2599166
235	C	0.381	0.1792617
236	C	0.220	0.1300628
237	C	0.452	0.141175
238	T	0.022	0.1513538
239	G	-0.052	0.1155729
240	T	0	0.1214409
 241	T	-0.545	0.05403563
242	A	-0.226	0.004592208
243	C	0.347	-0.06845571
244	A	0.440	-0.09407256
245	G	-0.085	-0.07357613
246	T	0.503	-0.07591844
247	G	-0.427	0.01186456
248	T	-0.372	0.02214606
249	A	-0.424	-0.02464486
250	A	-0.284	-0.03253927
251	G	0.193	0.01013744
252	T	-0.028	-0.01624348
253	C	0.507	-0.01866323
254	G	-0.103	0.05080869
255	T	-0.214	0.08988042
256	A	0.346	0.1256147
257	C	0.426	0.1427986
258	T	0.187	0.1571624
259	T	-0.456	0.1188576
260	C	0.460	0.1644023
261	T	0.044	0.1962979
262	T	0.144	0.1708617
263	T	0.399	0.09838187
264	G	0.144	0.06574978
265	T	0.048	0.1314258
266	C	0.443	0.1145815
267	C	0.168	0.1336431
268	T	0.040	0.1396072
269	T	-0.443	0.07211972
270	T	-0.204	0.02979122
271	T	0.331	0.0038267
272	C	0.258	-0.07295847
273	T	0.273	-0.04343913
274	G	0.215	-0.01596175
275	G	-0.410	0.02807691
276	A	-0.363	0.08767099
277	A	-0.263	0.02926582
278	A	-0.478	-0.02344343
279	T	0.522	-0.07376442
280	C	0.370	-0.06214326
281	A	0.084	0.008732825
282	C	0.510	0.02920949
283	G	-0.369	0.03334141
284	A	-0.373	0.03963682
285	A	-0.330	0.02132132
286	T	0.355	-0.02561026
287	G	0.440	-0.07501333
288	T	-0.117	-0.1295557
289	G	-0.213	-0.0617605
290	A	-0.402	-0.02199367
291	A	0.302	-0.0189435
292	T	-0.192	-0.08610025
293	G	-0.507	-0.09842742
294	T	-0.143	-0.07714958
295	C	0.444	-0.02548183
296	A	0.103	0.04366875
297	T	-0.293	0.04138175
298	T	-0.450	0.09476842
299	T	0.292	0.1759876
300	G	0.137	0.2078733
301	C	0.406	0.1978137
302	A	0.426	0.2275084
303	G	0.275	0.2681536
304	C	0.448	0.2804194
305	A	0.466	0.2741549
306	T	0.238	0.2974158
307	G	0.323	0.2803774
308	C	0.459	0.2405588
309	A	0.193	0.2459095
310	T	-0.303	0.2296556
311	T	0.216	0.2083752
312	C	0.416	0.1946106
313	G	0.201	0.1647023
314	T	-0.050	0.1017612
315	G	0.339	0.06830708
316	C	0.253	0.1011398
317	A	0.211	0.09198267
318	G	0.073	0.0395285
319	T	-0.035	0.03525542
320	G	-0.295	0.01073997
321	G	-0.207	-0.02340469
322	A	0.090	-0.07178336
323	T	0.107	-0.1109665
324	G	-0.212	-0.08578647
325	G	0.150	-0.04760832
326	A	-0.345	0.005796342
327	A	-0.070	0.05970459
328	G	-0.327	0.07026951
329	T	-0.258	0.05844532
330	T	0.375	0.08900173
331	C	0.422	0.08253201
332	T	0.345	0.1250834
333	C	0.439	0.0992065
334	C	0.217	0.1480229
335	A	-0.034	0.2059987
336	G	0.153	0.2116877
337	G	0.072	0.1980968
338	G	0.165	0.1934799
339	A	-0.380	0.1906752
340	C	0.258	0.1801877
341	C	0.436	0.1593802
342	A	0.444	0.1683184
343	G	0.259	0.1955921
344	G	0.289	0.1959594
345	C	0.405	0.2377009
346	T	0.091	0.205522
347	T	-0.284	0.1596359
348	T	0.260	0.108298
349	C	0.400	0.1075527
350	T	0.169	0.06872433
351	T	0.120	0.078415
352	C	-0.127	0.04868075
353	A	-0.113	0.05633783
354	A	-0.171	0.02400383
355	G	0.250	-0.0014462
356	G	-0.176	0.0132628
357	C	0.521	0.04055305
358	A	-0.265	0.05458192
359	A	-0.192	0.06405734
360	T	-0.127	0.09100451
361	G	0.094	0.09483076
362	G	0.346	0.1275055
363	G	0.447	0.1145267
364	G	0.040	0.1744409
365	A	0	0.2215307
 366	G	0.151	0.2096742
367	C	0.296	0.1683114
368	C	0.215	0.1022567
369	A	0.366	0.04073896
370	C	0.453	0.06464692
371	G	0.372	0.1017548
372	G	-0.269	0.1063374
373	A	-0.401	0.1029382
374	A	-0.446	0.07452067
375	A	-0.290	0.008057917
376	T	0.327	-0.02154189
377	C	0.445	-0.07482848
378	T	0.206	-0.06769172
379	T	0.255	0.001104525
380	T	-0.125	0.02360319
381	G	-0.431	0.0396873
382	A	0.098	-0.0243927
383	A	-0.266	-0.08257945
384	G	-0.183	-0.1115239
385	C	0.423	-0.1498774
386	A	-0.176	-0.130553
387	G	-0.097	-0.07501428
388	A	-0.441	-0.06302081
389	G	-0.252	-0.02271631
390	G	-0.140	0.02107369
391	A	-0.204	0.02659227
392	G	0.106	0.04768196
393	T	0.235	0.02113768
394	G	0.242	0.07490193
395	T	0.216	0.08850594
396	C	0.341	0.1115711
397	C	0.490	0.1132964
398	T	0.076	0.09905044
399	A	-0.415	0.06076402
400	T	0.203	0.05298094
401	T	-0.089	0.05959294
402	C	0.135	0.06786794
403	A	-0.183	0.06592219
404	G	-0.064	0.09119576
405	A	-0.224	0.1489964
406	A	0.148	0.1405512
407	C	0.296	0.1893276
408	T	0.441	0.1449237
409	C	0.466	0.1358291
410	T	0.380	0.1068308
411	T	0.277	0.09143083
412	C	0.102	0.0687215
413	T	0.495	0.07745658
414	A	-0.396	0.006189167
415	T	-0.292	-0.04962392
416	T	-0.412	-0.07558427
417	A	-0.409	-0.1304724
418	A	-0.123	-0.1348555
419	A	0.400	-0.1646762
420	T	-0.414	-0.1413009
421	G	-0.202	-0.1510169
422	A	0.068	-0.14
423	T	-0.381	-0.1096276
424	T	0.049	-0.09002484
425	A	0.137	-0.09096184
426	T	-0.116	-0.06452348
427	T	-0.409	-0.02009948
428	G	-0.279	0.0001772833
429	T	-0.044	0.03193053
430	G	0.111	0.04288448
431	C	0.389	0.04892872
432	A	-0.096	0.09204364
433	G	0.330	0.1177604
434	C	0.311	0.1303437
435	A	0	0.09807228
 436	G	0.181	0.04978661
437	G	0.210	0.002480942
438	G	0.400	0.01498655
439	T	-0.100	0.0073088
440	G	-0.128	0.00834105
441	G	-0.431	0.03906505
442	A	-0.467	-0.001654283
443	A	-0.178	-0.003340117
444	G	0.053	-0.00086095
445	C	0.238	-0.0260967
446	T	0.324	-0.05494812
447	G	0.368	-0.06379903
448	G	-0.307	0.01053447
449	A	0.190	0.00939105
450	T	0.430	0.018901
451	T	-0.403	-0.01127067
452	A	-0.475	-0.04307482
453	A	-0.538	-0.1098835
454	C	0.424	-0.117571
455	A	-0.191	-0.1463359
456	G	0.167	-0.1886668
457	G	-0.124	-0.1550191
458	A	-0.057	-0.1076563
459	G	-0.433	-0.02879609
460	A	-0.399	-0.02722584
461	A	-0.155	-0.01275153
462	A	-0.077	-0.03645877
463	C	0	-0.04200686
 464	A	0.093	-0.03549136
465	C	0.408	-0.03780036
466	T	0.442	-0.009323167
467	G	-0.018	-0.008590833
468	G	-0.117	0.03477885
469	A	-0.190	-
470	G	0.020	-
471	A	-0.460	-
472	C	-0.058	-
473	A	-0.146	-
474	A	0.443	-
