1	A	-0.474	-
2	A	-0.224	-
3	T	0	-
 4	G	-0.365	-
5	A	-0.482	-
6	A	0.019	-
7	T	-0.268	-
8	G	-0.040	-
9	A	-0.200	-
10	T	0.176	-
11	G	0.398	-
12	G	0.063	-
13	T	0.391	-
14	C	0.454	-
15	T	0.262	-
16	G	0.295	0.01415927
17	T	-0.133	0.0337764
18	A	-0.221	0.05464253
19	G	-0.330	0.06771989
20	T	0.100	0.09340973
21	G	0.246	0.1213396
22	T	0.385	0.1266031
23	G	0.232	0.1443928
24	C	0.231	0.1382883
25	T	0.493	0.1524577
26	G	-0.096	0.1530246
27	T	-0.322	0.1446779
28	C	-0.334	0.1466276
29	A	0	0.1507138
 30	G	0	0.1290316
 31	A	0.183	0.1128892
32	T	0.133	0.1084377
33	C	0.422	0.1165385
34	C	0.405	0.1385027
35	T	0.430	0.1611194
36	C	0.383	0.1736378
37	C	0.183	0.1695413
38	A	0.283	0.1563329
39	G	-0.230	0.137203
40	T	0.238	0.1231303
41	G	0.194	0.09777316
42	T	0.139	0.1022841
43	T	0.123	0.1155016
44	C	0.517	0.140182
45	T	-0.217	0.1517343
46	A	-0.238	0.1665973
47	C	0.157	0.1497093
48	T	0.117	0.1459461
49	C	0.459	0.1417484
50	A	0.370	0.1449893
51	C	0.488	0.1478213
52	C	0.119	0.1210119
53	A	-0.023	0.1034127
54	C	-0.360	0.08433944
55	A	-0.205	0.07572354
56	T	-0.292	0.0581586
57	T	0.043	0.05346865
58	G	0.086	0.04833344
59	G	0.430	0.05876267
60	A	0.358	0.05558328
61	T	0.460	0.06024299
62	T	-0.340	0.06195983
63	T	0.017	0.06549692
64	T	0.292	0.04795141
65	C	0.505	0.04207037
66	T	0.518	0.01702634
67	T	-0.447	0.001268794
68	T	-0.362	-0.01550192
69	T	-0.308	-0.02504945
70	A	-0.497	-0.02738691
71	A	-0.305	-0.03409213
72	T	0.048	-0.03409491
73	G	-0.019	-0.02337349
74	C	0.446	-0.02858262
75	T	0.419	-0.05644624
76	T	-0.073	-0.08356927
77	T	-0.184	-0.1125026
78	T	0.266	-0.1167378
79	G	-0.425	-0.1282214
80	G	0.277	-0.1335809
81	A	-0.405	-0.1425008
82	T	0	-0.1442656
 83	T	-0.400	-0.1125245
84	G	-0.319	-0.1072688
85	A	-0.432	-0.1134881
86	A	-0.413	-0.09608253
87	A	-0.292	-0.09724118
88	C	0.375	-0.1081326
89	T	-0.074	-0.1054606
90	A	-0.432	-0.1090864
91	A	-0.482	-0.1186365
92	A	-0.436	-0.09997569
93	A	-0.471	-0.09401185
94	A	-0.338	-0.1154844
95	T	0.126	-0.1189358
96	C	0.229	-0.1375864
97	C	0.463	-0.1349266
98	T	0.536	-0.1325389
99	G	-0.199	-0.1233415
100	A	-0.500	-0.1045916
101	T	0.042	-0.07696015
102	G	-0.341	-0.04838224
103	A	-0.288	-0.03676422
104	G	0.063	-0.03940761
105	T	0.334	-0.05120485
106	T	0.123	-0.03128314
107	C	0.505	-0.03177366
108	A	0	-0.02839869
 109	A	-0.398	-0.02027117
110	T	-0.532	-0.01306408
111	A	-0.301	-0.01161214
112	G	-0.323	-0.02049385
113	T	0.074	-0.04055947
114	A	-0.115	-0.0687336
115	C	0.261	-0.07312747
116	C	0.423	-0.06687853
117	C	0.472	-0.07240514
118	T	0.067	-0.06929885
119	A	0.293	-0.04781788
120	G	-0.440	-0.06269266
121	T	0.184	-0.08888631
122	T	-0.497	-0.09520511
123	A	-0.331	-0.1003403
124	A	-0.219	-0.08490643
125	G	-0.115	-0.07589543
126	C	0.171	-0.06900253
127	A	-0.045	-0.06393666
128	G	-0.158	-0.06711546
129	T	-0.336	-0.08530149
130	A	-0.335	-0.09363175
131	A	-0.307	-0.1177805
132	T	-0.129	-0.1443158
133	G	-0.245	-0.1617821
134	C	0.377	-0.1581783
135	A	-0.397	-0.1520753
136	A	-0.477	-0.1233025
137	G	-0.072	-0.1229969
138	C	0.345	-0.09250005
139	T	0.478	-0.06994912
140	G	-0.119	-0.05477425
141	A	-0.319	-0.04581744
142	A	-0.144	-0.04485925
143	G	-0.422	-0.04205246
144	A	-0.489	-0.05297934
145	A	-0.373	-0.05777485
146	A	-0.486	-0.05432424
147	A	-0.398	-0.04180054
148	T	-0.068	-0.02598712
149	T	0.179	-0.004300119
150	C	0.482	-0.004832732
151	T	0.451	0.01754949
152	T	0.194	0.03398233
153	C	0.447	0.04253123
154	C	0.367	0.0434012
155	A	0.250	0.0385002
156	C	0.162	0.0389323
157	T	0.201	0.0620102
158	G	0.041	0.0723101
159	T	-0.497	0.09296178
160	T	-0.485	0.1227289
161	A	-0.228	0.1483008
162	G	0.081	0.1781205
163	G	0.361	0.1952442
164	C	0.427	0.2093544
165	T	0.360	0.207195
166	G	0.295	0.1981822
167	G	0.031	0.1894763
168	G	0.192	0.1962959
169	C	0.372	0.1972568
170	A	0.326	0.1977795
171	C	-0.106	0.1776264
172	G	0.396	0.1623415
173	G	0.175	0.1406954
174	T	0.218	0.1291654
175	G	0.433	0.1565613
176	G	0.419	0.1856564
177	C	0.437	0.2045066
178	T	0.132	0.2119096
179	C	0.368	0.2077218
180	A	0.112	0.2012855
181	C	0.203	0.2030467
182	A	0.181	0.2038177
183	C	0.405	0.2187012
184	C	0.477	0.2236966
185	T	0.383	0.1965944
186	A	-0.374	0.1800152
187	T	-0.311	0.1881131
188	A	-0.469	0.1842992
189	A	-0.316	0.1794082
190	T	0.352	0.1824039
191	C	0.416	0.1714408
192	C	0.355	0.1587088
193	C	0.310	0.1555682
194	A	0.231	0.1520154
195	G	0.227	0.1241784
196	C	0.415	0.110684
197	A	0.319	0.09989456
198	C	0.493	0.09727508
199	T	0.347	0.09446308
200	T	-0.467	0.09060508
201	T	-0.187	0.08082041
202	G	0.144	0.08780199
203	G	0.277	0.1057265
204	G	0.023	0.1102642
205	A	0.311	0.1204708
206	G	0.093	0.1024547
207	G	0.024	0.08711094
208	C	0.340	0.07754201
209	C	0.021	0.08007269
210	A	-0.494	0.08726078
211	A	-0.306	0.09429411
212	G	-0.131	0.08944272
213	G	0.100	0.07577227
214	C	0.318	0.05049604
215	G	0.357	0.04337311
216	G	0.080	0.07298643
217	G	-0.157	0.08108251
218	T	0.244	0.06106974
219	G	-0.329	0.04990857
220	G	0	0.04117413
 221	A	-0.206	0.0233761
222	T	-0.059	0.0304188
223	C	0.058	0.01971682
224	A	0.389	0.004711565
225	C	0.454	0.0135531
226	C	0.445	0.03351368
227	T	0.264	0.04848029
228	G	-0.104	0.04027655
229	A	-0.290	0.04048329
230	G	0.126	0.02409849
231	G	0.450	0.02650052
232	T	0.063	0.03751451
233	T	-0.475	0.04351218
234	A	-0.068	0.03975102
235	G	-0.247	0.06421705
236	G	-0.240	0.07673224
237	A	0.311	0.0856771
238	G	-0.307	0.09413044
239	T	-0.125	0.1007246
240	T	0.295	0.09822972
241	C	0.124	0.09076492
242	G	0.157	0.0595105
243	A	-0.385	0.04292243
244	G	0.106	0.05192621
245	A	-0.189	0.06009829
246	C	0.432	0.03995994
247	C	0.421	0.03728174
248	A	0.028	0.03368768
249	G	0.127	0.05797055
250	C	0.429	0.05238111
251	T	0.387	0.04771647
252	T	0.070	0.03845537
253	G	0.202	0.03310615
254	G	0.263	0.05461582
255	C	0.311	0.07176076
256	C	0.222	0.07568427
257	A	-0.523	0.08734085
258	A	-0.249	0.09335989
259	C	0.175	0.1066942
260	G	-0.036	0.1078279
261	T	-0.497	0.1233954
262	G	0.367	0.1165274
263	G	-0.047	0.117418
264	T	0.277	0.1257944
265	G	-0.241	0.1307875
266	G	-0.391	0.122487
267	A	-0.527	0.1158715
268	A	0.145	0.09632035
269	C	0.359	0.07620613
270	C	0.406	0.05266516
271	C	0.417	0.02904529
272	C	0.486	0.009868839
273	G	0.344	0.02327323
274	T	0.027	0.03542252
275	C	0.142	0.01534774
276	T	0.293	0.00200669
277	C	0.219	0.004311658
278	T	0.449	-0.01969754
279	G	0.287	-0.02964246
280	C	0.282	-0.04903885
281	T	0.171	-0.05195534
282	G	0.182	-0.0401415
283	A	-0.535	-0.01602821
284	A	-0.420	-0.01364518
285	A	-0.466	-0.01127731
286	A	-0.420	-0.01221956
287	T	-0.371	-0.02015095
288	A	-0.107	-0.02451608
289	C	0.127	-0.02464344
290	A	-0.447	-0.01682749
291	A	-0.450	-0.0193458
292	A	-0.426	-0.03371161
293	A	-0.376	-0.05506532
294	A	-0.356	-0.06956351
295	T	-0.324	-0.08316864
296	T	-0.331	-0.0867418
297	A	-0.025	-0.07829906
298	G	0.219	-0.07042471
299	C	0.219	-0.04049877
300	C	0.432	-0.02745805
301	A	0.377	-0.0004994323
302	G	0.171	0.02138344
303	G	0.350	0.04757373
304	C	0.340	0.0653906
305	A	0.270	0.07269715
306	T	0.064	0.08768063
307	G	-0.152	0.09067485
308	A	-0.442	0.09187643
309	T	0	0.09406305
 310	G	-0.133	0.109765
311	G	0.171	0.128383
312	C	0.433	0.15082
313	A	0.426	0.1639899
314	G	0.392	0.1539901
315	G	-0.016	0.1446426
316	T	0.369	0.1436767
317	G	0.257	0.1414511
318	C	0.440	0.1398093
319	C	0.444	0.1133395
320	T	0.353	0.08641346
321	G	0.017	0.06415868
322	T	-0.357	0.06209345
323	A	-0.389	0.07535571
324	A	-0.308	0.09002073
325	T	0.130	0.1039075
326	C	0.253	0.0998944
327	C	0.363	0.1014737
328	C	0.382	0.09247298
329	A	-0.090	0.08677924
330	G	-0.070	0.06467692
331	C	0.403	0.05581484
332	C	0.308	0.03599926
333	A	0.120	0.039839
334	C	-0.469	0.03514887
335	T	-0.494	0.03020787
336	T	-0.419	0.02407768
337	G	0	0.02861959
 338	G	0.258	0.04078538
339	G	0.011	0.03918457
340	G	0.430	0.03943199
341	G	-0.258	0.02565702
342	G	0.220	0.01898681
343	C	0.154	0.02006233
344	T	0.250	0.02228423
345	G	-0.292	0.03937599
346	A	-0.291	0.05338975
347	G	-0.244	0.03192637
348	G	0.376	0.008356755
349	T	0.294	-0.006920729
350	G	0.291	0.005180048
351	G	0.163	0.0339176
352	G	0.158	0.05580924
353	A	0.019	0.06902179
354	G	-0.438	0.06066808
355	A	-0.301	0.0564591
356	A	-0.296	0.03632448
357	T	0.046	0.03796232
358	C	0.397	0.03368462
359	G	0.451	0.03773771
360	C	0.439	0.04425423
361	T	0.364	0.06810381
362	T	-0.262	0.06799439
363	G	-0.422	0.07407261
364	A	-0.352	0.05403577
365	A	-0.094	0.04367356
366	C	0.396	0.03711076
367	C	0.258	0.0263006
368	C	0.409	0.03001038
369	G	0	0.04210204
 370	G	-0.118	0.06590578
371	G	-0.193	0.06658662
372	A	-0.207	0.07359935
373	G	0.087	0.0733183
374	G	0.280	0.05496514
375	C	0.452	0.05107607
376	G	0.446	0.0447662
377	G	-0.294	0.03624562
378	A	-0.056	0.0414883
379	G	-0.244	0.0444853
380	A	-0.026	0.04512205
381	T	0.087	0.04266604
382	T	-0.171	0.03959433
383	G	0.273	0.04407362
384	C	0.394	0.03746788
385	A	0.299	0.04682004
386	G	-0.280	0.06074285
387	T	-0.079	0.07995495
388	G	0.037	0.08494163
389	A	-0.171	0.07713205
390	G	0.331	0.07103418
391	C	0.243	0.05971557
392	A	0.100	0.03091173
393	G	-0.099	0.03677147
394	A	-0.329	0.04349683
395	G	-0.333	0.04153357
396	A	-0.170	0.04465914
397	T	0.301	0.04836483
398	C	0.397	0.05833677
399	G	0.204	0.03919254
400	C	0.289	0.03350596
401	G	0.313	0.0373548
402	C	0.401	0.06031774
403	C	-0.052	0.06950826
404	A	-0.154	0.07655698
405	T	0.091	0.08924682
406	T	0.101	0.08632263
407	G	-0.446	0.06510498
408	C	-0.112	0.04464198
409	A	0.151	0.03567639
410	C	-0.305	0.03455549
411	A	0.070	0.03650762
412	C	0.202	0.02793604
413	C	0.137	0.01781986
414	A	-0.320	0.01312886
415	G	0.218	0.01042308
416	C	0.418	-0.006617174
417	C	0.431	-0.03144817
418	T	0.205	-0.06214988
419	G	0.256	-0.06784134
420	G	0.221	-0.06159276
421	G	0.240	-0.06735078
422	A	-0.413	-0.0623883
423	G	-0.534	-0.03255707
424	A	-0.377	-0.02316753
425	C	-0.364	-0.0119404
426	A	-0.272	0.009934345
427	G	-0.436	0.01134361
428	A	-0.012	0.002509116
429	G	0.252	-0.01657592
430	C	0.120	-0.01770475
431	G	-0.238	-0.03536588
432	A	-0.456	-0.06275263
433	A	-0.549	-0.07787235
434	A	-0.229	-0.1016994
435	C	0.039	-0.1028439
436	T	-0.087	-0.1106513
437	C	0.255	-0.1319245
438	C	0.478	-0.1112237
439	A	0.178	-0.09019467
440	T	0.500	-0.09152632
441	C	0.373	-0.07242261
442	T	0.114	-0.05983796
443	C	-0.071	-0.05927129
444	A	-0.453	-0.05152182
445	A	-0.355	-0.05586801
446	A	-0.329	-0.07328649
447	A	-0.430	-0.05824575
448	C	-0.036	-0.04891504
449	A	-0.532	-0.04495924
450	A	0.220	-0.04638446
451	C	-0.020	-0.04891006
452	A	-0.419	-0.06270794
453	A	0.227	-0.08620478
454	C	0.117	-0.1113642
455	A	-0.419	-0.1277505
456	A	0.227	-0.1570879
457	C	0.117	-0.1824653
458	A	-0.419	-0.2018446
459	A	0.227	-0.2124167
460	C	0.117	-0.1999845
461	A	-0.419	-0.182745
462	A	0.227	-0.1565463
463	C	-0.167	-0.128089
464	A	-0.427	-0.120633
465	A	-0.273	-0.08901145
466	C	-0.038	-0.08224726
467	A	-0.514	-0.08158765
468	A	-0.472	-0.05372687
469	A	-0.301	-0.04720003
470	G	-0.329	-0.05560313
471	A	-0.409	-0.0260051
472	A	-0.413	-0.04134839
473	A	-0.486	-0.05283819
474	A	-0.398	-0.04450465
475	T	-0.068	-0.05262959
476	T	0.179	-0.07297427
477	C	0.482	-0.06987008
478	T	0.451	-0.09480179
479	T	0.194	-0.09415972
480	C	0.447	-0.09631711
481	C	0.430	-0.07461963
482	A	0	-0.0621529
 483	C	0.444	-0.03552477
484	T	0.430	-0.01674361
485	G	-0.142	0.0100129
486	T	0.498	0.01785492
487	G	-0.247	0.02421656
488	T	-0.238	0.02861427
489	A	-0.160	0.04009924
490	G	-0.023	0.04095018
491	A	-0.513	0.03652262
492	A	-0.322	0.02226468
493	A	-0.544	0.01130716
494	A	-0.147	0.01024604
495	T	-0.494	0.0176701
496	G	0.399	-0.009674352
497	C	0.347	-0.03289867
498	A	0.310	-0.03289867
499	T	0.109	-0.0409089
500	C	0.528	-0.05957774
501	A	-0.086	-0.03902435
502	A	-0.212	-0.05054655
503	C	-0.277	-0.03528019
504	A	-0.130	-0.013938
505	T	-0.372	0.008015294
506	T	-0.205	0.0229235
507	A	-0.262	0.05285173
508	T	0.143	0.05748927
509	T	0.418	0.08055205
510	C	0.424	0.08280469
511	T	-0.400	0.09024204
512	A	-0.289	0.06597069
513	A	0	0.03916446
 514	G	0.196	0.01297182
515	A	-0.148	0.01863711
516	C	0.494	0.01350591
517	T	0.141	0.03064748
518	T	0.225	0.04880325
519	T	0.423	0.05935362
520	C	0.519	0.07036833
521	T	0.438	0.09774662
522	T	0.414	0.1192854
523	C	-0.179	0.1310748
524	A	0.169	0.1369726
525	G	-0.077	0.1159412
526	G	-0.263	0.08718301
527	A	-0.353	0.08544475
528	A	-0.483	0.07791046
529	A	-0.501	0.06320168
530	T	0.284	0.04933065
531	C	0.369	0.05548883
532	C	0.444	0.04949702
533	C	0.350	0.05444322
534	A	0.049	0.05475783
535	G	0.210	0.05368786
536	G	0.476	0.04949835
537	C	0.461	0.04386509
538	A	0.102	0.03623747
539	T	0.325	0.03594086
540	T	-0.233	0.01725409
541	T	-0.467	0.004613545
542	A	-0.454	0.0003525452
543	A	-0.523	-0.001477584
544	A	-0.455	0.006613932
545	G	-0.233	0.03292216
546	T	0.042	0.02165874
547	C	0.308	0.006813748
548	A	0.294	-0.01734974
549	G	0.235	-0.02021467
550	C	0.389	-0.005633103
551	C	0.389	-0.001153458
552	C	0.263	-0.01404266
553	T	0.178	-0.02160463
554	T	-0.188	-0.02626884
555	T	-0.409	-0.04661213
556	A	-0.469	-0.04889377
557	A	-0.395	-0.04981187
558	T	-0.410	-0.05048413
559	A	-0.232	-0.04847661
560	C	0.314	-0.04792552
561	T	-0.064	-0.05278971
562	A	-0.091	-0.06499815
563	T	-0.304	-0.06249082
564	G	0.261	-0.06588208
565	G	0.501	-0.07073118
566	T	0.349	-0.08189685
567	T	0.076	-0.09875965
568	C	0.227	-0.1072623
569	T	-0.042	-0.1212433
570	T	-0.304	-0.1255378
571	A	-0.303	-0.1206448
572	T	-0.495	-0.1117371
573	T	-0.474	-0.1050582
574	A	-0.460	-0.1034528
575	A	-0.438	-0.1018524
576	A	-0.384	-0.1266774
577	A	-0.336	-0.1274552
578	C	0.386	-0.1353114
579	C	0.189	-0.142193
580	A	0.084	-0.1639967
581	G	0.043	-0.166532
582	A	-0.132	-0.1760825
583	G	0	-0.1932795
 584	A	-0.255	-0.2143748
585	T	-0.321	-0.2303099
586	T	-0.257	-0.2237408
587	A	-0.193	-0.2063044
588	A	-0.188	-0.1954669
589	T	-0.360	-0.192018
590	G	-0.182	-0.1931972
591	T	-0.455	-0.1896719
592	A	-0.088	-0.1914175
593	T	-0.334	-0.1683567
594	A	-0.517	-0.1653333
595	A	-0.414	-0.157453
596	C	0.423	-0.1507479
597	C	0.053	-0.1662142
598	A	-0.456	-0.1665561
599	A	-0.426	-0.183234
600	A	-0.536	-0.1907991
601	A	-0.101	-0.1737793
602	C	0.236	-0.1588567
603	T	-0.159	-0.1629327
604	G	-0.367	-0.1629558
605	A	-0.497	-0.140955
606	A	-0.329	-0.1190613
607	A	-0.438	-0.09273011
608	G	0.378	-0.07411918
609	C	0.479	-0.07848844
610	T	0.433	-0.05587093
611	T	0.292	-0.02858983
612	C	-0.435	-0.02687854
613	A	-0.143	-0.03587923
614	T	-0.517	-0.03465184
615	A	-0.489	-0.02797406
616	G	0.206	-0.008757039
617	G	0.204	0.006978155
618	T	-0.319	-0.01456339
619	T	-0.189	-0.02400826
620	A	0.321	-0.02520994
621	C	0.495	-0.02575723
622	A	0.360	-0.005570426
623	T	0.488	-0.002884942
624	T	-0.470	-0.02725733
625	G	0.183	-0.05139955
626	T	0.431	-0.07530255
627	G	0.476	-0.1003427
628	T	-0.225	-0.09855301
629	G	-0.418	-0.1048143
630	A	-0.219	-0.1025117
631	A	0.059	-0.1014637
632	C	0.386	-0.123755
633	A	-0.431	-0.1417632
634	T	-0.452	-0.1308067
635	A	-0.405	-0.1154379
636	A	-0.514	-0.1111429
637	A	0.296	-0.1113636
638	T	-0.355	-0.1291103
639	G	-0.376	-0.1531868
640	A	-0.268	-0.1518866
641	A	-0.307	-0.1702229
642	A	-0.483	-0.1866819
643	T	-0.380	-0.2134761
644	A	-0.337	-0.218202
645	A	-0.445	-0.2177592
646	A	-0.457	-0.2235646
647	A	-0.484	-0.2378092
648	T	-0.353	-0.2554935
649	T	0.019	-0.2475136
650	A	0.287	-0.2363803
651	C	0.454	-0.2092057
652	T	0.489	-0.177437
653	G	-0.189	-0.1705926
654	T	-0.257	-0.1746766
655	G	-0.429	-0.1646782
656	A	-0.385	-0.1402364
657	T	-0.078	-0.1320713
658	A	-0.354	-0.1009412
659	G	-0.371	-0.09671625
660	A	-0.404	-0.07919563
661	A	-0.399	-0.05739357
662	A	-0.381	-0.02809437
663	T	-0.161	0.002141045
664	A	-0.183	0.02898408
665	T	-0.107	0.04525857
666	G	0.437	0.03153963
667	C	0.470	0.01686521
668	T	0.508	0.000105029
669	T	-0.481	-0.007295842
670	T	-0.066	0.0004760839
671	A	0.489	0.007758245
672	G	-0.054	0.009191084
673	T	0.481	0.0006754194
674	T	-0.249	0.0144216
675	T	0.205	0.01178018
676	C	0.230	0.01051089
677	T	0.451	0.01015137
678	C	0.452	0.01206889
679	T	0.478	0.008697242
680	C	0.524	0.02038673
681	T	-0.138	0.01562824
682	A	0	-0.006653694
 683	C	-0.030	-0.03588498
684	A	-0.418	-0.04466773
685	A	-0.016	-0.03429721
686	T	-0.204	-0.03317937
687	T	-0.340	-0.03666027
688	A	-0.342	-0.04766612
689	C	0.071	-0.07492857
690	A	-0.453	-0.05471999
691	A	-0.443	-0.07593867
692	A	-0.410	-0.08092446
693	A	-0.322	-0.1001337
694	A	-0.266	-0.109236
695	C	0.178	-0.1116382
696	G	-0.254	-0.1373615
697	G	-0.253	-0.134451
698	A	-0.435	-0.1374835
699	A	0.236	-0.148654
700	G	-0.160	-0.1492552
701	T	-0.032	-0.1636035
702	T	0.381	-0.1737946
703	G	-0.395	-0.1795833
704	A	-0.363	-0.1826547
705	A	0.377	-0.1985771
706	T	-0.452	-0.1981087
707	G	0.075	-0.1936682
708	A	-0.144	-0.1969864
709	G	0.170	-0.1990572
710	G	0.404	-0.2030045
711	A	-0.273	-0.2250173
712	A	-0.047	-0.2303139
713	T	-0.094	-0.2264338
714	T	-0.376	-0.2163966
715	T	-0.437	-0.2209179
716	A	-0.461	-0.2109281
717	A	-0.520	-0.2008942
718	A	-0.520	-0.1969438
719	A	-0.437	-0.1822527
720	G	-0.421	-0.1793542
721	A	-0.439	-0.2051491
722	T	-0.306	-0.2022855
723	A	-0.513	-0.1897442
724	A	-0.386	-0.1824955
725	C	-0.388	-0.1731072
726	A	-0.503	-0.1933256
727	A	-0.418	-0.1858452
728	T	-0.133	-0.1969423
729	A	-0.124	-0.199907
730	C	0.095	-0.1871058
731	A	0.149	-0.1586202
732	C	0.278	-0.1477182
733	T	0.503	-0.1275671
734	T	0.060	-0.1025181
735	T	-0.273	-0.07920886
736	T	-0.422	-0.06335753
737	A	-0.363	-0.06293518
738	T	0.464	-0.06491937
739	C	0.080	-0.05591692
740	T	0.461	-0.02852334
741	T	-0.222	-0.003572855
742	G	-0.041	0.01790553
743	T	-0.391	0.04605066
744	A	-0.185	0.04769785
745	A	0.020	0.05728701
746	C	0.445	0.05614084
747	A	-0.123	0.03670622
748	G	0.104	0.01464216
749	T	0.256	-0.01389297
750	G	0.284	-0.02908281
751	T	0.069	-0.02450865
752	T	-0.426	-0.02044113
753	A	-0.367	-0.01120547
754	A	-0.234	-0.01897473
755	T	0.462	-0.01070136
756	C	0.384	-0.009812845
757	A	0.161	-0.01449404
758	C	0.453	-0.0186785
759	A	-0.082	-0.006741613
760	G	0.172	-0.003986387
761	T	0.060	-0.002450397
762	G	-0.453	-0.02431517
763	A	-0.405	-0.02195904
764	A	-0.380	-0.02584705
765	A	-0.410	-0.04292234
766	T	-0.131	-0.06852431
767	A	-0.296	-0.08081519
768	T	-0.077	-0.06091548
769	A	0.223	-0.04144203
770	C	0.336	-0.01706335
771	T	0.488	-0.04108057
772	T	-0.367	-0.06359915
773	T	-0.170	-0.08274528
774	T	-0.021	-0.1038493
775	C	-0.100	-0.1119112
776	A	0.067	-0.1309474
777	G	-0.232	-0.1389434
778	G	-0.050	-0.120359
779	A	-0.015	-0.09640977
780	T	-0.272	-0.07821619
781	A	-0.508	-0.07187967
782	A	-0.311	-0.0515898
783	C	0.190	-0.04478996
784	A	0.235	-0.04327521
785	T	0.521	-0.05983885
786	T	-0.282	-0.08442598
787	T	-0.313	-0.1110659
788	T	-0.431	-0.09367046
789	C	-0.200	-0.07876079
790	A	-0.332	-0.06104652
791	A	-0.417	-0.05536986
792	A	-0.187	-0.05028858
793	T	0.122	-0.05536729
794	G	0.337	-0.04272378
795	G	0.183	-0.03516067
796	A	-0.214	-0.008996703
797	G	0.497	0.006763919
798	C	-0.085	0.01081885
799	A	-0.030	0.007594332
800	A	-0.289	-0.01322257
801	A	-0.425	-0.02662328
802	T	-0.336	-0.03207615
803	A	0.171	-0.01101557
804	T	0.291	-0.003003539
805	C	0.527	0.01111572
806	G	0.075	0.03224172
807	T	0.225	0.04908249
808	T	-0.389	0.04645298
809	A	0.341	0.02608459
810	C	0.218	0.02438704
811	A	0.538	0.03147975
812	G	-0.020	0.04455549
813	A	-0.185	0.0388193
814	T	0.090	0.03408821
815	T	-0.409	0.02289098
816	G	0.105	0.02458417
817	A	-0.451	0.02571772
818	T	0.339	0.02671827
819	G	-0.183	0.01632943
820	G	0.237	0.002452981
821	C	0.322	-0.00182731
822	A	0.104	0.0009006806
823	T	-0.268	0.007862165
824	A	-0.508	0.01318716
825	G	0.284	0.008521487
826	C	0.403	0.007832584
827	C	0.191	-0.007394571
828	T	0.319	-0.002917194
829	T	-0.232	0.01054052
830	T	-0.377	0.004627787
831	A	-0.237	0.008678465
832	T	-0.390	-0.007589568
833	T	-0.305	-0.001495439
834	T	-0.150	-0.01909373
835	G	-0.138	-0.03000792
836	C	0.394	-0.03537148
837	C	0.160	-0.03818023
838	T	0.441	-0.03770448
839	T	-0.224	-0.0234259
840	G	0.196	-0.01795561
841	T	0.197	-0.02675353
842	C	0.066	-0.0468334
843	A	0.118	-0.05488781
844	A	0.231	-0.08154185
845	C	-0.092	-0.07783826
846	A	-0.283	-0.05805994
847	T	-0.398	-0.04305452
848	T	-0.262	-0.02477726
849	A	-0.205	-0.008343458
850	A	-0.521	0.009895445
851	G	0.070	0.01094228
852	G	0.235	-0.01471114
853	T	0.119	-0.02456062
854	A	0.173	-0.04790152
855	G	-0.338	-0.05283607
856	G	0.012	-0.0680113
857	A	-0.219	-0.06736688
858	A	-0.058	-0.08187172
859	G	-0.506	-0.1023848
860	A	-0.117	-0.1255712
861	C	0.235	-0.114012
862	T	0.227	-0.0956365
863	T	0.176	-0.07079692
864	C	0.203	-0.05269795
865	T	0.415	-0.04642583
866	G	-0.106	-0.02662369
867	A	-0.400	-0.02184545
868	G	-0.145	-0.01755516
869	A	-0.282	-0.02874087
870	T	-0.377	-0.03999638
871	A	-0.273	-0.03900667
872	C	0.217	-0.02351379
873	A	-0.383	-0.02142131
874	A	-0.517	-0.02646509
875	A	-0.487	-0.01583393
876	T	0.265	-0.02052331
877	G	0.285	-0.02357215
878	T	0.371	-0.0166096
879	C	0.298	-0.03808199
880	A	-0.011	-0.04158619
881	G	0.092	-0.04738871
882	A	0.218	-0.04092123
883	C	0.368	-0.02499416
884	T	-0.227	-0.03036771
885	G	-0.175	-0.03757823
886	A	-0.308	-0.03833694
887	C	0.492	-0.03247807
888	A	-0.154	-0.03422533
889	G	-0.214	-0.01822007
890	T	-0.177	-0.001872997
891	A	-0.262	0.00604481
892	G	0.141	-0.01601713
893	T	0.443	-0.04039061
894	G	-0.489	-0.06584267
895	A	0.094	-0.07586546
896	C	0.235	-0.07274954
897	T	0.094	-0.07087178
898	C	0.093	-0.09356975
899	A	-0.311	-0.1202984
900	G	-0.506	-0.1280828
901	A	-0.401	-0.1358036
902	A	-0.092	-0.1427977
903	G	0.163	-0.17535
904	C	0.112	-0.1651965
905	A	-0.010	-0.1683299
906	G	-0.241	-0.1638776
907	A	-0.418	-0.1530261
908	A	-0.469	-0.1575881
909	A	-0.417	-0.1591531
910	T	-0.011	-0.1543884
911	T	0.085	-0.1510634
912	C	0.150	-0.1436114
913	A	-0.484	-0.1430015
914	A	-0.459	-0.1587628
915	A	-0.468	-0.1445336
916	A	-0.414	-0.141586
917	A	-0.525	-0.12979
918	A	-0.516	-0.1220744
919	T	0.160	-0.1353558
920	G	-0.312	-0.1389914
921	C	-0.039	-0.1243352
922	A	0.073	-0.1025971
923	C	0	-0.07651738
 924	T	0.395	-0.04640309
925	T	-0.341	-0.03122224
926	G	0.197	-0.03999461
927	C	0.466	-0.05071263
928	T	0.112	-0.06742221
929	G	-0.395	-0.04503905
930	T	0.129	-0.02205934
931	A	-0.414	-0.0008440484
932	A	-0.035	0.02591156
933	A	0.147	0.05519389
934	T	-0.248	0.07540763
935	T	0	0.08125282
 936	C	0.443	0.09442874
937	T	0.431	0.09957218
938	G	0.390	0.1120274
939	C	0.463	0.125747
940	T	0.053	0.12668
941	A	-0.283	0.1407379
942	C	-0.246	0.144237
943	A	-0.367	0.1418651
944	C	0.209	0.1498075
945	T	0.252	0.1706436
946	G	0.188	0.1708036
947	C	0.414	0.184181
948	C	0.382	0.1866055
949	C	0.109	0.196385
950	A	0.341	0.2188547
951	G	0.096	0.229376
952	G	0.120	0.2066472
953	G	0.459	0.2013574
954	C	0.425	0.1803112
955	A	0.424	0.1677872
956	C	0.094	0.1693411
957	T	0.306	0.1897885
958	T	0.392	0.1874695
959	C	0.359	0.1891591
960	T	0.250	0.18035
961	T	0.134	0.1830896
962	G	0	0.1916751
 963	G	0.039	0.1819079
964	T	0.450	0.1854631
965	C	0.447	0.1805479
966	T	0.326	0.1612256
967	G	-0.260	0.1488769
968	T	0.267	0.1351565
969	A	-0.262	0.1320755
970	T	0.075	0.1288094
971	G	0.101	0.1273458
972	T	0.350	0.1341143
973	G	-0.318	0.1272707
974	T	-0.315	0.1155673
975	A	-0.063	0.1026722
976	A	0.337	0.0909792
977	C	0.455	0.0909464
978	A	0.112	0.07903201
979	T	0.492	0.07585523
980	G	-0.042	0.05125049
981	T	-0.257	0.02110152
982	A	-0.286	0.01480852
983	T	-0.305	0.008415039
984	T	0.364	0.005242329
985	C	0.324	0.02812917
986	A	0.378	0.03974015
987	G	0.303	0.04570524
988	C	0.094	0.03596434
989	T	0.029	0.03744683
990	A	-0.040	0.03464263
991	T	-0.112	0.02649841
992	T	0.133	0.01260396
993	G	-0.369	0.005133187
994	T	-0.058	-0.01218536
995	A	-0.312	-0.02328436
996	A	-0.486	-0.007583965
997	A	0.131	0.01235062
998	G	-0.459	0.03569604
999	T	0.169	0.05253123
1000	T	0.447	0.03896505
1001	T	0.435	0.02583336
1002	C	0.286	0.009940203
1003	T	0.048	-0.009047377
1004	T	-0.272	-0.01911641
1005	T	-0.402	-0.02389256
1006	A	-0.316	-0.01379248
1007	A	-0.093	-0.01479787
1008	C	0.223	-0.01973321
1009	A	-0.424	-0.01760063
1010	G	0.148	-0.02326294
1011	T	0.444	-0.01267373
1012	C	0.360	-0.006394694
1013	C	0.437	0.002659306
1014	T	0.216	0.01938776
1015	G	-0.056	0.0006898258
1016	G	-0.083	-0.02744117
1017	A	-0.114	-0.05658585
1018	A	-0.284	-0.07480798
1019	G	-0.217	-0.08561489
1020	T	-0.118	-0.08417015
1021	A	0.272	-0.08011998
1022	C	-0.143	-0.08169331
1023	T	-0.019	-0.08548264
1024	A	-0.303	-0.1017768
1025	T	-0.234	-0.08696226
1026	G	0.015	-0.1049308
1027	A	-0.292	-0.1210306
1028	C	0.411	-0.1311747
1029	A	0.059	-0.1403171
1030	G	-0.410	-0.1607693
1031	T	-0.424	-0.1755875
1032	A	-0.468	-0.1700994
1033	A	-0.278	-0.1753603
1034	C	-0.286	-0.1573994
1035	A	-0.228	-0.1355273
1036	A	-0.276	-0.1317165
1037	G	-0.365	-0.1405082
1038	G	-0.210	-0.1463972
1039	A	-0.281	-0.1386747
1040	A	0.034	-0.1218193
1041	G	-0.408	-0.1068335
1042	A	-0.054	-0.09255804
1043	T	0.045	-0.07533682
1044	T	0.153	-0.09305611
1045	G	-0.417	-0.09462512
1046	A	-0.515	-0.06770108
1047	T	0.087	-0.04035034
1048	A	-0.277	-0.01475834
1049	G	0.272	0.002091077
1050	C	0.460	0.01687682
1051	A	0	0.02517439
 1052	G	0	0.02412242
 1053	A	-0.325	0.02748975
1054	T	0.219	0.03932352
1055	T	0.219	0.03667584
1056	C	0.230	0.02516315
1057	C	0.458	0.02927518
1058	A	0.241	0.0323838
1059	T	-0.137	0.04563701
1060	G	0.010	0.04372859
1061	C	0.424	0.05267865
1062	C	0.423	0.07616552
1063	T	0.325	0.07509591
1064	C	0.243	0.07566487
1065	T	0.171	0.0500381
1066	T	0.029	0.02247742
1067	T	-0.309	0.01235636
1068	G	-0.260	-0.002428868
1069	T	0.156	-0.0003347065
1070	T	-0.363	0.005162616
1071	A	-0.322	0.01216587
1072	A	-0.280	0.01937033
1073	T	0.041	0.01835191
1074	C	0.456	0.02194136
1075	A	0.094	0.02961491
1076	C	-0.139	0.04349682
1077	A	0.212	0.02225336
1078	T	0.053	0.001731687
1079	T	-0.259	-0.009812448
1080	A	-0.522	-0.01892087
1081	A	-0.394	-0.01752862
1082	G	-0.313	-0.02065725
1083	A	-0.458	0.002065519
1084	A	-0.260	0.02642865
1085	C	0.389	0.03645749
1086	T	0.436	0.04222307
1087	C	0.453	0.06474597
1088	T	0.426	0.05746845
1089	G	0.353	0.05205636
1090	C	0.100	0.0420543
1091	T	0.441	0.02660011
1092	T	-0.233	0.03786956
1093	G	-0.212	0.0383144
1094	G	-0.032	0.04174347
1095	T	-0.038	0.05627734
1096	A	0.214	0.08081847
1097	C	-0.067	0.1077833
1098	T	0.395	0.1319652
1099	C	0.494	0.1517488
1100	T	0.466	0.1601667
1101	T	-0.184	0.1366937
1102	T	0.375	0.1092797
1103	G	-0.506	0.09629575
1104	A	-0.126	0.08132716
1105	T	0.146	0.08572368
1106	G	-0.384	0.07833084
1107	T	0.209	0.05734532
1108	T	0.226	0.06151219
1109	G	0.160	0.07160726
1110	T	0.191	0.06586301
1111	G	0.238	0.08139814
1112	T	0.441	0.08617711
1113	C	0.435	0.1010317
1114	T	0.154	0.09851544
1115	G	0	0.09068731
 1116	G	-0.337	0.0893106
1117	A	-0.413	0.09808486
1118	A	0.051	0.09142228
1119	A	-0.037	0.1116113
1120	C	0.489	0.1156864
1121	A	-0.128	0.1141924
1122	T	-0.209	0.1416959
1123	A	-0.104	0.1349408
1124	C	0.100	0.1200364
1125	A	-0.210	0.1228732
1126	T	0.442	0.1063164
1127	C	0.362	0.1090502
1128	C	0.392	0.08529173
1129	C	0.317	0.05858996
1130	C	0.251	0.04044664
1131	A	0.424	0.03408631
1132	C	0.087	0.02866112
1133	C	0.169	0.02814351
1134	A	0.119	0.03887067
1135	C	0	0.04007581
 1136	A	0.100	0.03626972
1137	C	0.468	0.05284297
1138	C	0	0.0629902
 1139	A	-0.235	0.06828515
1140	T	0.248	0.07095061
1141	A	-0.322	0.0860219
1142	T	0.323	0.08773283
1143	T	-0.294	0.07065819
1144	G	-0.391	0.04492674
1145	A	-0.407	0.02114019
1146	A	-0.197	0.01474099
1147	A	-0.505	-0.008674748
1148	A	-0.429	-4.045161e-06
1149	C	0.383	0.002252858
1150	T	0	0.005510761
 1151	T	0.371	0.01501166
1152	T	0.384	0.01069039
1153	C	0.105	0.003177232
1154	A	0.059	0.005023503
1155	T	0.182	0.02576295
1156	C	0.256	0.0273256
1157	C	0.496	0.05154183
1158	T	-0.166	0.05456447
1159	A	-0.405	0.07642821
1160	T	-0.420	0.0942456
1161	T	0.053	0.1110247
1162	A	-0.301	0.1235965
1163	C	0.355	0.1558734
1164	C	0.239	0.1572178
1165	C	0.220	0.13668
1166	A	0.294	0.1227639
1167	T	-0.033	0.09916492
1168	C	0.235	0.07455273
1169	T	0.057	0.05772644
1170	G	0.407	0.06939916
1171	C	0.296	0.07022532
1172	T	0.428	0.05862126
1173	G	0.416	0.03828258
1174	C	0.383	0.0350209
1175	C	0.160	0.03366797
1176	A	0.112	0.03240148
1177	G	0.192	0.01381858
1178	C	0.494	0.005780935
1179	A	-0.387	-0.01010745
1180	A	-0.252	-0.02460635
1181	A	-0.431	-0.02488971
1182	T	-0.360	-0.02728261
1183	G	-0.378	-0.02874335
1184	A	-0.416	-0.05088874
1185	T	0.421	-0.06766065
1186	C	0.208	-0.09387562
1187	A	-0.103	-0.1187274
1188	G	-0.134	-0.1404492
1189	T	-0.267	-0.1538994
1190	T	-0.447	-0.1552017
1191	T	-0.459	-0.1529912
1192	A	-0.522	-0.1466885
1193	A	-0.550	-0.1550999
1194	A	-0.136	-0.1611006
1195	G	-0.210	-0.166179
1196	G	0.211	-0.1468077
1197	C	0.220	-0.1355926
1198	A	-0.078	-0.1175036
1199	A	-0.451	-0.09337835
1200	A	-0.462	-0.06561222
1201	A	-0.405	-0.08017231
1202	A	-0.473	-0.08069644
1203	A	-0.244	-0.06958518
1204	T	0	-0.07333089
 1205	G	0.342	-0.07578973
1206	G	0.228	-0.07107657
1207	G	0.308	-0.07199566
1208	T	-0.068	-0.04878205
1209	G	0.308	-0.02316389
1210	A	-0.545	-0.01155654
1211	T	0.347	0.002717787
1212	G	-0.083	-0.02124979
1213	G	0.200	-0.02709977
1214	G	0.369	-0.03469828
1215	G	0.444	-0.02956967
1216	G	-0.030	-0.02185299
1217	T	0.192	-0.01436377
1218	G	0.241	0.006714716
1219	T	-0.250	0.01567423
1220	G	-0.343	0.02285139
1221	A	-0.300	0.02568165
1222	A	-0.487	0.021478
1223	A	0.196	0.009245126
1224	G	0.243	0.003182868
1225	T	0.223	0.002583997
1226	C	0.232	0.03705006
1227	A	-0.531	0.01920219
1228	A	0.038	0.01591163
1229	A	-0.314	-0.0075985
1230	G	-0.292	-0.01853006
1231	A	-0.223	-0.01782564
1232	T	-0.173	-0.01864734
1233	T	0.179	-0.02570206
1234	T	0.032	-0.03466344
1235	G	0.222	-0.02657963
1236	C	0.430	-0.01964118
1237	C	0.098	0.003218694
1238	A	-0.071	0.03028727
1239	A	-0.256	0.02026885
1240	G	0.290	0.01196778
1241	C	0.523	0.003845216
1242	A	-0.205	0.008564281
1243	T	-0.185	0.02215189
1244	A	-0.528	0.02953736
1245	C	0.030	0.05135339
1246	C	0.466	0.07569871
1247	G	-0.055	0.09804407
1248	T	-0.026	0.1163948
1249	T	-0.036	0.1224785
1250	T	0	0.1284838
 1251	T	-0.128	0.1328693
1252	T	0.407	0.1219047
1253	C	0.351	0.1291062
1254	T	-0.113	0.1297622
1255	A	-0.013	0.122536
1256	C	-0.028	0.09957151
1257	T	0.378	0.07549418
1258	A	-0.110	0.06809876
1259	C	0.267	0.06513918
1260	T	0.361	0.09166357
1261	C	0.462	0.09717055
1262	A	0.469	0.09250619
1263	T	0.395	0.08249885
1264	T	0.368	0.09601761
1265	C	0.219	0.09134356
1266	T	0.358	0.09681385
1267	T	0.090	0.1067371
1268	C	0.321	0.1074217
1269	T	-0.050	0.1021867
1270	A	-0.480	0.09038873
1271	A	-0.421	0.09397391
1272	T	-0.223	0.09221691
1273	T	-0.434	0.07509685
1274	A	-0.277	0.07230949
1275	C	0.293	0.06453655
1276	C	0.201	0.04057613
1277	T	0.321	0.01526471
1278	T	-0.365	-0.01642606
1279	T	0.392	-0.0309735
1280	T	-0.181	-0.03529205
1281	G	0.169	-0.03833334
1282	G	0.178	-0.05444756
1283	G	0.428	-0.0676975
1284	A	0.189	-0.09133518
1285	A	-0.479	-0.07406499
1286	A	0.097	-0.05483999
1287	T	-0.083	-0.04192774
1288	G	-0.152	-0.03347504
1289	A	-0.196	-0.03470745
1290	G	0.026	-0.03575542
1291	A	-0.380	-0.06092375
1292	G	-0.322	-0.06685711
1293	A	-0.513	-0.06383347
1294	A	-0.055	-0.0591436
1295	C	0.234	-0.0565854
1296	C	0.124	-0.06145576
1297	T	-0.141	-0.07709956
1298	A	-0.320	-0.09439079
1299	A	-0.410	-0.1175264
1300	C	0.484	-0.127797
1301	C	0.115	-0.1281433
1302	A	-0.021	-0.1391315
1303	T	0.038	-0.143943
1304	A	-0.473	-0.148643
1305	T	-0.309	-0.145231
1306	A	-0.486	-0.1320289
1307	A	0.017	-0.1081464
1308	C	0.415	-0.08326032
1309	A	-0.220	-0.05714487
1310	T	0.471	-0.03872437
1311	T	-0.332	-0.06350737
1312	T	-0.315	-0.06967269
1313	T	-0.357	-0.0556634
1314	G	-0.288	-0.04166514
1315	A	-0.129	-0.03909965
1316	A	-0.490	-0.04337346
1317	A	-0.243	-0.04613294
1318	T	-0.232	-0.03459103
1319	G	-0.297	-0.02444357
1320	T	-0.090	-0.002109503
1321	T	0.436	0.003433916
1322	T	0.359	0.01448692
1323	C	0.449	-0.0006669742
1324	C	0.296	-0.02638239
1325	T	0.515	-0.01363014
1326	T	-0.533	-0.04156243
1327	A	-0.066	-0.0161821
1328	G	0.293	-0.008118316
1329	G	0.113	0.006938942
1330	G	-0.331	0.02764726
1331	A	0.352	0.04595497
1332	A	0.030	0.0572541
1333	T	0.336	0.05942962
1334	C	0.353	0.05941072
1335	T	0.219	0.06829102
1336	G	-0.138	0.07943107
1337	A	-0.143	0.07365562
1338	A	-0.452	0.06532568
1339	T	-0.381	0.06147085
1340	A	0.174	0.06548839
1341	A	-0.394	0.06150181
1342	T	0.454	0.07366585
1343	A	-0.065	0.06837445
1344	T	0.109	0.0725721
1345	T	0.353	0.059536
1346	T	0.438	0.06662916
1347	T	-0.139	0.05414186
1348	A	-0.176	0.06541821
1349	T	-0.232	0.0429805
1350	G	-0.022	0.0380615
1351	T	0.254	0.01806247
1352	A	0.257	0.007441306
1353	G	0.101	-4.546774e-05
1354	C	0.329	0.005490823
1355	T	0.420	0.007267758
1356	T	0.391	-0.007893242
1357	G	-0.156	-0.001180597
1358	A	-0.230	-0.02677792
1359	G	0.423	-0.02119645
1360	T	-0.290	-0.03159322
1361	T	-0.111	-0.05988477
1362	A	-0.035	-0.06811103
1363	C	0.379	-0.05781593
1364	A	-0.359	-0.05213832
1365	T	0.200	-0.04907184
1366	G	-0.400	-0.05326485
1367	A	-0.467	-0.05004891
1368	T	-0.375	-0.04689026
1369	A	-0.280	-0.03631046
1370	A	-0.326	-0.0398292
1371	T	-0.295	-0.06281762
1372	G	-0.186	-0.08392455
1373	A	-0.339	-0.08637378
1374	C	0.107	-0.09199226
1375	A	-0.212	-0.0904342
1376	A	-0.523	-0.06828975
1377	G	0.183	-0.05306285
1378	C	0.179	-0.05719019
1379	A	0	-0.07960474
 1380	T	-0.137	-0.07881784
1381	G	-0.152	-0.09515787
1382	T	0.354	-0.07791265
1383	C	0.355	-0.07077729
1384	T	0.429	-0.07356852
1385	T	0.220	-0.07880129
1386	C	-0.291	-0.08079948
1387	A	-0.262	-0.07956884
1388	A	-0.232	-0.06026287
1389	A	-0.404	-0.04432419
1390	C	0.471	-0.03664574
1391	A	0.396	-0.03274635
1392	T	0.360	-0.0303789
1393	T	-0.163	-0.04062145
1394	A	-0.314	-0.063193
1395	G	-0.334	-0.07716152
1396	A	-0.305	-0.06448923
1397	A	0.133	-0.0513471
1398	T	-0.246	-0.04791865
1399	T	-0.462	-0.05051297
1400	A	-0.442	-0.04995848
1401	A	-0.388	-0.04170445
1402	A	-0.256	-0.03123198
1403	C	0.412	-0.03545272
1404	C	0.154	-0.02256295
1405	C	0.345	-0.01175218
1406	A	-0.091	-0.02442619
1407	T	-0.449	-0.03487423
1408	G	-0.134	-0.03276368
1409	G	-0.520	-0.01225068
1410	A	-0.433	0.01272913
1411	T	0.255	0.0363229
1412	G	0.254	0.0442362
1413	T	0.460	0.05535487
1414	G	0.274	0.05123158
1415	G	0.446	0.05698097
1416	C	0.476	0.08560571
1417	A	0.032	0.08753787
1418	T	-0.393	0.08739278
1419	A	0.166	0.07315599
1420	G	-0.069	0.06987417
1421	T	0.078	0.07013162
1422	G	0.072	0.07910304
1423	C	0.426	0.09860617
1424	C	0.472	0.08889885
1425	T	0.459	0.08970943
1426	G	0.396	0.08958975
1427	T	-0.060	0.07489226
1428	T	0.478	0.05988746
1429	G	-0.374	0.03658433
1430	T	-0.283	0.0225732
1431	T	0.444	0.008171297
1432	T	-0.328	-0.008849745
1433	T	-0.261	-0.02549702
1434	T	-0.028	-0.02419912
1435	C	0.053	-0.04050473
1436	A	0.353	-0.04834169
1437	T	0.186	-0.06018491
1438	C	0.154	-0.0658491
1439	A	-0.435	-0.09491223
1440	T	-0.495	-0.1240075
1441	A	-0.436	-0.1478165
1442	A	-0.200	-0.175257
1443	G	-0.210	-0.1598014
1444	A	-0.261	-0.1781328
1445	G	-0.159	-0.1609689
1446	T	0	-0.1673674
 1447	T	-0.051	-0.195754
1448	T	-0.483	-0.1955253
1449	A	-0.352	-0.1924306
1450	T	-0.338	-0.177402
1451	G	-0.312	-0.1647812
1452	A	-0.288	-0.1716659
1453	T	-0.103	-0.1843761
1454	A	-0.474	-0.1746628
1455	A	-0.429	-0.1501064
1456	A	-0.278	-0.1196449
1457	A	-0.454	-0.09078738
1458	C	0.418	-0.07242541
1459	T	-0.089	-0.05384441
1460	G	0.158	-0.04106415
1461	A	-0.482	-0.02185064
1462	G	-0.435	-0.03080751
1463	T	-0.321	-0.01216763
1464	A	-0.165	0.007429665
1465	C	0.436	0.005310761
1466	T	0.444	0.00107289
1467	G	0.140	-0.004057303
1468	G	-0.207	-0.00818711
1469	A	0.455	-0.02027156
1470	G	0.325	-0.02055717
1471	T	0.449	-0.01434446
1472	C	0.457	-0.01728905
1473	T	0.368	-0.007771368
1474	G	0.365	-0.0159785
1475	C	0.134	-0.001466226
1476	A	0.435	-0.02194287
1477	G	-0.277	0.008568387
1478	T	0.526	0.03387848
1479	T	0.124	0.0467852
1480	T	-0.418	0.061472
1481	A	-0.470	0.05796075
1482	T	-0.471	0.04945097
1483	A	-0.416	0.04261239
1484	A	-0.478	0.0636591
1485	A	-0.483	0.05475181
1486	A	-0.236	0.02973194
1487	A	-0.369	0.009289677
1488	G	-0.159	-0.02081661
1489	A	0.164	-0.0467511
1490	T	0.360	-0.06705903
1491	G	-0.476	-0.06683594
1492	T	0.463	-0.0743319
1493	T	0.349	-0.0572599
1494	T	0.078	-0.068269
1495	C	0.289	-0.0844931
1496	C	0.328	-0.06626477
1497	T	0.180	-0.06156955
1498	T	-0.071	-0.03968039
1499	C	0.444	-0.02676653
1500	T	0.179	-0.01134462
1501	A	-0.449	0.01496315
1502	T	-0.184	0.03385357
1503	T	-0.475	0.05680702
1504	T	-0.435	0.07754983
1505	A	-0.263	0.06451541
1506	G	0.141	0.04344651
1507	C	0.203	0.04491515
1508	T	0.251	0.02014509
1509	G	0.185	0.002613281
1510	G	-0.378	-0.0005434
1511	A	0.146	0.003945923
1512	G	-0.324	-0.0007030129
1513	G	0.207	-0.008312945
1514	A	-0.016	0.008317219
1515	G	0	-0.001873974
 1516	T	0.331	-0.0124532
1517	T	0.349	0.002051413
1518	T	0.341	0.007397542
1519	C	0.483	0.01219767
1520	T	-0.239	0.01634257
1521	T	-0.293	0.02882067
1522	A	-0.431	0.01831019
1523	T	-0.304	0.0008860903
1524	A	-0.194	0.00457109
1525	C	-0.019	0.0127779
1526	T	0.428	0.03887261
1527	G	0.184	0.04353348
1528	G	-0.055	0.05783541
1529	T	0.443	0.06438154
1530	G	0.128	0.07828504
1531	G	-0.148	0.09326394
1532	A	0	0.0981012
 1533	T	-0.018	0.08522636
1534	T	-0.326	0.06133326
1535	G	-0.306	0.04059155
1536	G	0.122	0.04356745
1537	T	-0.184	0.06135694
1538	T	-0.336	0.08729858
1539	C	0.365	0.1025988
1540	C	0.439	0.101044
1541	C	0.430	0.0917682
1542	A	0.290	0.06281891
1543	G	0.118	0.05334149
1544	C	0.410	0.04418042
1545	G	0.414	0.01473413
1546	C	0.464	-0.00407329
1547	C	0.481	-0.01449352
1548	T	-0.049	-0.02745916
1549	A	-0.399	-0.04058742
1550	C	-0.159	-0.04587426
1551	A	-0.147	-0.04886065
1552	G	0.258	-0.06228758
1553	T	0.373	-0.06622048
1554	C	0.169	-0.05115887
1555	A	-0.242	-0.0510399
1556	G	-0.307	-0.06181545
1557	A	-0.468	-0.06469226
1558	T	-0.109	-0.06625048
1559	A	-0.339	-0.06790907
1560	A	-0.469	-0.0900923
1561	A	-0.454	-0.1075877
1562	T	-0.471	-0.1154676
1563	A	-0.401	-0.1189306
1564	A	-0.425	-0.1068085
1565	A	-0.490	-0.09178933
1566	A	-0.399	-0.07880697
1567	A	-0.293	-0.06887868
1568	G	-0.306	-0.07195175
1569	T	0.130	-0.08582901
1570	T	0.369	-0.1079744
1571	G	0.105	-0.0965743
1572	C	0.341	-0.08105775
1573	A	0.242	-0.07123001
1574	G	0.067	-0.06687992
1575	C	-0.277	-0.06664069
1576	A	-0.127	-0.05571744
1577	G	0.220	-0.03383895
1578	G	0.374	-0.01820615
1579	G	0.325	-0.004066439
1580	G	0.066	0.01752056
1581	G	0.243	0.04502892
1582	A	0.160	0.0463125
1583	C	0.163	0.0403835
1584	C	-0.057	0.04604775
1585	A	-0.516	0.04296632
1586	A	0.111	0.01854671
1587	C	0.173	0.009301645
1588	T	-0.163	-0.006873387
1589	A	0.025	-0.02034903
1590	G	-0.331	-0.02577545
1591	T	-0.130	-0.02519296
1592	A	0.224	-0.01563012
1593	G	0.013	-0.01958803
1594	G	0.036	-0.02567826
1595	G	0.243	-0.02946052
1596	A	0.362	-0.01742223
1597	G	-0.359	-0.02278803
1598	T	-0.477	-0.02796061
1599	A	-0.130	-0.04855367
1600	C	0.034	-0.05757637
1601	A	-0.387	-0.04091282
1602	T	-0.180	-0.05613189
1603	T	-0.160	-0.06514479
1604	T	-0.175	-0.0556236
1605	C	-0.100	-0.06966601
1606	A	-0.259	-0.05896266
1607	T	0.168	-0.05828485
1608	C	0.097	-0.07614379
1609	G	0.185	-0.08973694
1610	G	0.208	-0.07796069
1611	T	0.439	-0.08892484
1612	T	0.077	-0.1072387
1613	G	0	-0.1050209
 1614	G	-0.475	-0.09195171
1615	A	-0.336	-0.08471638
1616	G	0	-0.07195382
 1617	A	-0.360	-0.05822277
1618	G	-0.105	-0.04132674
1619	A	0.131	-0.02095057
1620	G	-0.410	-0.007222961
1621	G	0	-0.01387212
 1622	A	-0.109	-0.009543671
1623	A	-0.329	-0.02123254
1624	A	-0.408	-0.01418937
1625	T	0.401	-0.01244983
1626	T	-0.096	-0.001449794
1627	T	-0.205	0.00125211
1628	A	-0.290	0.008956842
1629	T	-0.071	-0.002506223
1630	T	0.093	-0.002794352
1631	T	0.430	-0.004287255
1632	C	0.038	-0.009554706
1633	T	0.343	-0.0005653935
1634	T	0.471	0.00160789
1635	C	0.250	-0.01111527
1636	A	-0.306	0.01684405
1637	A	-0.125	0.02800986
1638	T	-0.193	0.04568479
1639	T	0.315	0.07078079
1640	A	0.239	0.09795908
1641	C	0.549	0.09012825
1642	T	0.523	0.08128885
1643	T	0.315	0.08208362
1644	T	-0.355	0.1025005
1645	A	-0.484	0.09084388
1646	G	-0.383	0.08396797
1647	A	-0.163	0.05838504
1648	A	-0.082	0.04453966
1649	C	-0.038	0.01806215
1650	A	-0.263	-0.01241502
1651	T	0.456	-0.02573237
1652	C	0.346	-0.02909737
1653	T	0.438	-0.03827521
1654	G	0.448	-0.03532005
1655	C	0.434	-0.0597946
1656	A	0.158	-0.07354295
1657	T	-0.370	-0.1012646
1658	G	-0.180	-0.1122485
1659	T	0.342	-0.1278692
1660	T	-0.433	-0.1014825
1661	A	-0.119	-0.0729024
1662	C	-0.362	-0.0648115
1663	A	-0.391	-0.05051379
1664	A	-0.477	-0.06107768
1665	A	-0.473	-0.07641861
1666	G	-0.162	-0.07863784
1667	A	-0.411	-0.08958352
1668	G	-0.409	-0.09634716
1669	G	-0.101	-0.1089386
1670	A	-0.442	-0.1388511
1671	A	-0.186	-0.1655568
1672	T	-0.309	-0.1750277
1673	G	0.182	-0.1763943
1674	T	-0.168	-0.1855795
1675	G	0.462	-0.1832833
1676	C	0.401	-0.1556169
1677	A	-0.132	-0.1517559
1678	T	0.279	-0.1422098
1679	T	-0.409	-0.1441319
1680	A	-0.513	-0.1287199
1681	A	-0.331	-0.1024502
1682	C	0.117	-0.08497417
1683	A	0.136	-0.07123434
1684	C	0.048	-0.05919306
1685	A	-0.478	-0.06798429
1686	A	-0.393	-0.05846587
1687	T	-0.134	-0.05386075
1688	T	-0.412	-0.04695727
1689	A	-0.465	-0.06395934
1690	A	0.413	-0.06593373
1691	C	0.424	-0.09040582
1692	C	0	-0.1170178
 1693	A	-0.066	-0.1283511
1694	T	-0.450	-0.1399625
1695	T	0	-0.139075
 1696	T	0.341	-0.1385904
1697	C	0.379	-0.1423751
1698	T	0.014	-0.1612224
1699	T	-0.036	-0.1574681
1700	T	-0.374	-0.1450826
1701	T	-0.147	-0.1325162
1702	T	-0.043	-0.1072908
1703	T	-0.095	-0.09599763
1704	T	-0.344	-0.08539416
1705	T	-0.229	-0.05579523
1706	A	-0.296	-0.06550762
1707	A	-0.423	-0.07685925
1708	T	-0.483	-0.07946779
1709	T	-0.080	-0.08819724
1710	G	-0.382	-0.06375769
1711	A	-0.498	-0.07137514
1712	A	-0.449	-0.07200192
1713	T	-0.467	-0.08045992
1714	T	0.252	-0.09167707
1715	C	0.432	-0.1064349
1716	A	-0.089	-0.09806422
1717	T	0.388	-0.08303128
1718	G	0.215	-0.06665659
1719	G	-0.084	-0.05414545
1720	A	0.451	-0.04576242
1721	T	0.112	-0.03660677
1722	T	0.072	-0.02421782
1723	C	-0.080	-0.01513324
1724	A	-0.337	-0.01314972
1725	T	0.306	-0.01892841
1726	T	-0.236	-0.003966965
1727	C	0.321	0.01859
1728	C	0.117	0.02153878
1729	T	-0.332	0.03420168
1730	A	-0.494	0.03375461
1731	A	-0.114	0.02676839
1732	G	0.318	0.01759852
1733	T	0.463	-0.004714445
1734	T	0.292	-0.01782722
1735	T	-0.084	-0.00244539
1736	T	0.054	-0.004407423
1737	C	0.088	-0.001752519
1738	T	-0.141	0.008451245
1739	A	-0.422	0.006313755
1740	A	-0.259	0.014041
1741	T	0.081	0.02072026
1742	C	0.200	0.04228878
1743	A	-0.357	0.04324678
1744	G	-0.074	0.04287994
1745	T	0.238	0.05635582
1746	T	0.215	0.06939574
1747	T	-0.373	0.05622645
1748	T	-0.303	0.03261116
1749	G	-0.191	0.006574448
1750	C	0.392	-0.00794581
1751	T	0.391	-0.008401113
1752	C	0.194	-0.01658486
1753	T	0.388	-0.02026382
1754	G	-0.147	-0.008762335
1755	G	-0.097	-0.0044364
1756	T	0.514	0.006410758
1757	G	0.432	0.01129125
1758	T	0.351	-0.008026494
1759	C	0.105	-0.01054982
1760	A	0.084	-0.005830461
1761	T	-0.089	-0.01353985
1762	A	-0.523	-0.02704214
1763	A	-0.413	-0.01184077
1764	G	-0.343	-0.01622735
1765	T	-0.158	-0.01643219
1766	T	-0.098	-0.03966609
1767	A	-0.199	-0.04330264
1768	A	-0.025	-0.04602116
1769	G	0.215	-0.06996113
1770	G	-0.288	-0.0729438
1771	G	0.077	-0.07022227
1772	A	0.233	-0.08304895
1773	G	-0.398	-0.1011107
1774	A	-0.436	-0.1195533
1775	A	0.071	-0.1394838
1776	T	0	-0.1529461
 1777	C	-0.203	-0.1550386
1778	A	0.097	-0.1447492
1779	A	-0.439	-0.1179409
1780	T	-0.197	-0.09333313
1781	A	-0.327	-0.07384813
1782	C	0.278	-0.05577435
1783	C	0.110	-0.03554622
1784	A	-0.353	-0.01914611
1785	A	-0.239	-0.02642189
1786	A	-0.013	-0.03160292
1787	C	0.116	-0.04406631
1788	T	-0.127	-0.06875985
1789	A	-0.220	-0.06155408
1790	A	-0.512	-0.05588405
1791	T	-0.332	-0.07262601
1792	T	-0.154	-0.08634121
1793	T	-0.204	-0.09358121
1794	T	0.417	-0.1068278
1795	C	0.419	-0.1014708
1796	C	0.445	-0.108483
1797	T	0.461	-0.08590406
1798	G	0.427	-0.08166222
1799	C	0.482	-0.07757725
1800	A	-0.010	-0.05127661
1801	T	-0.448	-0.0405949
1802	A	-0.309	-0.04062245
1803	A	-0.532	-0.03331235
1804	A	-0.174	-0.0207649
1805	G	-0.260	-0.02932964
1806	A	-0.447	-0.02104619
1807	G	-0.425	-0.01545319
1808	A	-0.427	-0.02001722
1809	T	-0.313	-0.01343435
1810	T	-0.273	-0.02973267
1811	A	-0.415	-0.05924648
1812	C	0.372	-0.08730151
1813	T	0.409	-0.1044056
1814	T	0.236	-0.1272303
1815	G	0.461	-0.1439366
1816	G	0.091	-0.1365388
1817	A	-0.014	-0.1127258
1818	T	0.343	-0.09869848
1819	A	0.261	-0.08985329
1820	A	-0.485	-0.0801059
1821	T	-0.255	-0.06218594
1822	A	-0.159	-0.03639503
1823	G	-0.296	-0.01578287
1824	A	0	-0.003207506
 1825	T	-0.088	-0.004154539
1826	T	-0.495	-0.01103951
1827	T	-0.423	-0.006974023
1828	T	-0.068	-0.02859131
1829	T	-0.279	-0.03862932
1830	T	-0.035	-0.05405725
1831	C	0.218	-0.0813517
1832	C	0.289	-0.09512177
1833	A	0.125	-0.09249186
1834	G	-0.258	-0.1007466
1835	T	0.127	-0.1058828
1836	G	0.295	-0.09650019
1837	C	0.352	-0.09039324
1838	T	0.213	-0.07202343
1839	T	-0.037	-0.04701508
1840	T	-0.342	-0.04019721
1841	T	-0.486	-0.04414469
1842	G	-0.289	-0.04328795
1843	G	-0.297	-0.04386685
1844	A	0.098	-0.04705433
1845	A	-0.241	-0.0489052
1846	A	-0.384	-0.06155439
1847	T	-0.335	-0.08435313
1848	A	0.067	-0.1092751
1849	T	0.087	-0.1257102
1850	T	0.102	-0.1267842
1851	G	-0.195	-0.1341283
1852	A	-0.066	-0.1295522
1853	G	0.410	-0.1252324
1854	T	0.479	-0.1163043
1855	C	0.211	-0.1194151
1856	T	-0.210	-0.119877
1857	A	-0.468	-0.1070665
1858	A	-0.441	-0.09392236
1859	T	-0.167	-0.08596375
1860	A	-0.337	-0.1013776
1861	A	-0.427	-0.1055633
1862	A	-0.487	-0.08989814
1863	A	-0.483	-0.09152368
1864	T	-0.383	-0.1098744
1865	A	-0.291	-0.1080083
1866	A	-0.100	-0.1038322
1867	C	0.437	-0.1122214
1868	T	0.486	-0.1255071
1869	C	0.490	-0.1466268
1870	T	-0.134	-0.1738399
1871	A	-0.356	-0.1754861
1872	A	-0.089	-0.1773941
1873	C	0.118	-0.1584834
1874	A	-0.051	-0.1390544
1875	G	-0.379	-0.1463596
1876	A	-0.371	-0.1363697
1877	G	0.101	-0.1398365
1878	A	-0.385	-0.1130058
1879	T	-0.501	-0.09783014
1880	A	0.144	-0.09352781
1881	C	0.231	-0.09384423
1882	A	-0.455	-0.09060746
1883	A	-0.477	-0.1200288
1884	T	-0.244	-0.1451816
1885	T	-0.364	-0.1672172
1886	A	0.160	-0.1640951
1887	T	-0.269	-0.1565288
1888	T	0.117	-0.1469163
1889	C	0.160	-0.1467462
1890	A	-0.393	-0.1423903
1891	T	-0.027	-0.1290926
1892	A	-0.535	-0.1101652
1893	T	0.343	-0.1042548
1894	C	-0.012	-0.1064621
1895	A	-0.250	-0.09028285
1896	G	-0.301	-0.1022993
1897	T	0	-0.1230939
 1898	A	-0.474	-0.115005
1899	A	-0.293	-0.1120697
1900	G	-0.192	-0.1145616
1901	T	-0.037	-0.1116622
1902	T	-0.122	-0.127575
1903	G	0.208	-0.126085
1904	T	0.123	-0.1242952
1905	T	0.083	-0.1159061
1906	C	0.033	-0.09622382
1907	A	0.215	-0.1004816
1908	T	0.284	-0.09878875
1909	C	-0.454	-0.1228342
1910	A	0	-0.1357062
 1911	G	-0.227	-0.1343216
1912	A	-0.412	-0.1292286
1913	A	-0.204	-0.123476
1914	A	-0.386	-0.09541033
1915	T	-0.321	-0.09521504
1916	A	-0.274	-0.103144
1917	T	-0.332	-0.1071435
1918	T	-0.223	-0.08970272
1919	T	0.172	-0.08546846
1920	C	0.420	-0.07491739
1921	A	0.216	-0.0799474
1922	C	-0.159	-0.09665538
1923	A	-0.482	-0.09933645
1924	A	-0.401	-0.1037137
1925	A	-0.411	-0.0880568
1926	G	-0.207	-0.09213141
1927	A	-0.143	-0.09811915
1928	C	0.178	-0.09511399
1929	T	0.395	-0.09548606
1930	A	-0.287	-0.08257485
1931	G	-0.438	-0.07824772
1932	A	-0.161	-0.0723054
1933	C	0.418	-0.06383408
1934	C	0.339	-0.05841651
1935	T	0.450	-0.05673815
1936	G	-0.072	-0.06565048
1937	A	-0.484	-0.06503803
1938	A	0.132	-0.06294782
1939	T	0.148	-0.06154792
1940	C	0.031	-0.0623794
1941	T	-0.126	-0.05680111
1942	A	-0.413	-0.05538343
1943	A	-0.319	-0.04540601
1944	A	-0.215	-0.0477934
1945	T	0.013	-0.05780037
1946	T	-0.187	-0.04703661
1947	G	-0.090	-0.01562503
1948	G	-0.070	-0.01404422
1949	A	-0.055	-0.04092303
1950	G	0.224	-0.05714925
1951	G	0.144	-0.07033713
1952	C	0.235	-0.0517951
1953	A	-0.094	-0.04465539
1954	A	-0.439	-0.06530926
1955	A	-0.427	-0.07458136
1956	A	-0.238	-0.09124381
1957	T	-0.163	-0.09342133
1958	C	0.165	-0.09375049
1959	A	0.104	-0.08716668
1960	T	0.084	-0.06962781
1961	T	0.046	-0.06578993
1962	C	0.535	-0.05844189
1963	A	-0.112	-0.06401747
1964	A	-0.414	-0.04716033
1965	T	-0.163	-0.03703736
1966	T	0.042	-0.03927816
1967	C	0.502	-0.03272568
1968	A	-0.263	-0.02957836
1969	A	-0.507	-0.02445846
1970	T	-0.138	-0.02397372
1971	A	-0.485	-0.009375252
1972	G	-0.193	0.01232297
1973	A	-0.423	0.0296582
1974	G	-0.115	0.04090659
1975	C	0.327	0.04064038
1976	A	0.132	0.02746875
1977	G	0.040	0.01640008
1978	T	-0.263	-0.01634573
1979	T	0.452	-0.02732676
1980	G	0.258	-0.02504689
1981	C	0.155	-0.0358385
1982	A	0.347	-0.04630518
1983	C	0.333	-0.07250066
1984	T	0.063	-0.07781234
1985	T	-0.424	-0.07889802
1986	T	0.025	-0.08756895
1987	T	0.433	-0.08645027
1988	C	0.373	-0.08240305
1989	T	0.514	-0.07604538
1990	C	0.096	-0.05972157
1991	A	-0.323	-0.05598802
1992	T	-0.296	-0.04552841
1993	A	-0.479	-0.05351648
1994	T	-0.452	-0.03260751
1995	A	-0.344	-0.03626051
1996	G	-0.497	-0.0416774
1997	T	-0.282	-0.03946656
1998	A	-0.309	-0.04342504
1999	A	-0.428	-0.0390113
2000	A	-0.541	-0.0271065
2001	A	-0.407	-0.003946465
2002	T	-0.450	-0.008316161
2003	G	-0.068	-0.03646439
2004	A	-0.226	-0.06223652
2005	C	0.390	-0.09152448
2006	C	0.443	-0.09577039
2007	A	0.456	-0.07286655
2008	G	-0.207	-0.04996375
2009	T	0.384	-0.04052026
2010	T	0.338	-0.03738913
2011	G	0.090	-0.02948689
2012	C	0.223	-0.01188354
2013	A	0.224	0.004311526
2014	C	0.469	0.009072042
2015	C	0.433	0.03147356
2016	T	0.293	0.05460595
2017	A	-0.110	0.07182382
2018	G	-0.438	0.0879822
2019	T	-0.425	0.08022002
2020	A	-0.393	0.08646461
2021	A	-0.035	0.08336084
2022	A	0.386	0.08268229
2023	C	0.413	0.08300087
2024	A	-0.186	0.1043698
2025	G	-0.355	0.07820894
2026	T	-0.099	0.05167381
2027	A	0.048	0.03856295
2028	C	0.219	0.03211323
2029	A	-0.161	0.02553034
2030	G	0.266	0.01658092
2031	C	0.175	0.002612529
2032	A	0.126	0.004666755
2033	C	0.050	0.01626985
2034	A	-0.308	0.03997475
2035	A	-0.032	0.06407927
2036	C	0.294	0.06977117
2037	C	0.422	0.06351954
2038	C	0.466	0.0571928
2039	C	0.455	0.05232045
2040	T	-0.426	0.05469877
2041	A	-0.483	0.07691974
2042	A	-0.316	0.0875691
2043	G	0.023	0.09895195
2044	T	0.020	0.09186869
2045	G	0.192	0.106367
2046	C	0	0.1112904
 2047	A	0.357	0.1051901
2048	G	0.249	0.08774767
2049	G	0.296	0.06869106
2050	G	0.322	0.06386441
2051	G	-0.216	0.06257622
2052	A	-0.229	0.04468047
2053	T	0.190	0.03226236
2054	C	0.261	0.0110382
2055	T	-0.113	-9.606129e-05
2056	G	0.333	0.01839981
2057	G	0.231	0.04524342
2058	A	0.400	0.06996052
2059	G	0	0.07580595
 2060	G	0.287	0.07513785
2061	C	0.418	0.05269926
2062	A	-0.013	0.04011281
2063	A	-0.414	0.01293881
2064	A	-0.540	0.0100833
2065	A	-0.458	0.01320936
2066	C	-0.072	0.01685781
2067	A	-0.260	0.03612849
2068	T	0.037	0.05593639
2069	G	-0.191	0.05919568
2070	A	0.109	0.05635478
2071	G	0.147	0.05661336
2072	G	0.348	0.03725904
2073	G	0.450	0.02830797
2074	T	0.205	0.01498693
2075	C	0	0.02148148
 2076	A	-0.503	0.01945303
2077	A	-0.390	0.004079048
2078	A	-0.484	0.01943804
2079	G	0.160	0.02973815
2080	C	0.393	0.03957047
2081	C	0.435	0.04751605
2082	T	0.380	0.06168239
2083	C	0.384	0.08438894
2084	A	0.291	0.07339657
2085	C	0.173	0.08988393
2086	T	-0.105	0.1005467
2087	G	-0.266	0.1029304
2088	T	-0.046	0.09214576
2089	A	-0.012	0.09193766
2090	C	0.201	0.08594126
2091	C	0.224	0.07649126
2092	A	-0.057	0.09848875
2093	C	0.462	0.1093891
2094	T	-0.094	0.129814
2095	T	-0.235	0.1279059
2096	T	-0.212	0.1212578
2097	C	0.366	0.1140312
2098	C	0.443	0.1085757
2099	A	-0.303	0.1000785
2100	G	0.319	0.08382613
2101	C	0.440	0.08269361
2102	T	0.221	0.07714984
2103	G	0.014	0.07619271
2104	T	0.443	0.07374284
2105	G	0.019	0.05913707
2106	T	-0.292	0.06510004
2107	A	0.178	0.0674303
2108	A	-0.052	0.08530531
2109	T	0.148	0.0736655
2110	C	0.101	0.08262039
2111	T	0.186	0.1051197
2112	T	0.211	0.1119679
2113	G	0.211	0.1083827
2114	G	0.121	0.1062445
2115	G	-0.212	0.1324848
2116	A	0.138	0.1164877
2117	A	-0.277	0.09945008
2118	A	-0.296	0.07773225
2119	G	-0.122	0.06360051
2120	A	-0.464	0.0422107
2121	T	0.386	0.04967862
2122	T	0.297	0.04637462
2123	C	0.496	0.03339197
2124	T	0.101	0.03425963
2125	T	0.182	0.04222731
2126	C	0.461	0.04268815
2127	A	0	0.05116528
 2128	T	0.255	0.04170474
2129	C	0.377	0.02013625
2130	T	0.510	0.001278126
2131	G	-0.176	-0.008712552
2132	T	-0.087	-0.02996426
2133	A	-0.452	-0.02158435
2134	A	-0.423	-0.01601529
2135	A	-0.219	-0.008399448
2136	A	0.250	0.01184358
2137	T	-0.395	-0.01319306
2138	G	-0.223	-0.03248042
2139	A	-0.025	-0.05039581
2140	T	0.395	-0.04633417
2141	G	0.116	-0.0380261
2142	C	0.449	-0.0424991
2143	T	-0.082	-0.03994355
2144	T	-0.457	-0.03355239
2145	A	-0.463	-0.03041423
2146	A	-0.522	-0.04687226
2147	A	-0.519	-0.04466358
2148	A	-0.017	-0.05612231
2149	G	-0.123	-0.05492666
2150	C	0.113	-0.05057321
2151	T	0.162	-0.03030734
2152	A	-0.389	-0.02624489
2153	T	-0.300	0.001414242
2154	A	-0.058	0.006332194
2155	C	0.227	0.01790993
2156	C	0.440	0.01189541
2157	T	0.323	0.02107225
2158	G	0.079	-0.001569813
2159	A	0.453	-0.005571145
2160	C	0.474	-0.006074952
2161	T	0	-0.003650661
 2162	T	-0.107	0.006431597
2163	T	-0.442	0.02260015
2164	T	-0.415	0.03090479
2165	A	-0.288	0.02021618
2166	G	0.408	0.02003111
2167	G	0.376	-0.0001535323
2168	A	0.462	-0.0009665
2169	T	-0.071	0.002462565
2170	T	0.333	-0.005735555
2171	G	0.208	-0.01843191
2172	T	0.400	-0.01618404
2173	T	-0.252	-0.04029755
2174	G	-0.206	-0.05326995
2175	T	-0.472	-0.08151804
2176	A	-0.388	-0.1095893
2177	A	-0.209	-0.1166583
2178	A	-0.018	-0.1146723
2179	C	0.240	-0.09413038
2180	A	-0.455	-0.09238045
2181	T	0.107	-0.09319838
2182	T	-0.463	-0.1185427
2183	A	-0.415	-0.1458219
2184	A	-0.194	-0.1652205
2185	A	-0.313	-0.1721237
2186	T	-0.165	-0.1887465
2187	T	0.509	-0.2029944
2188	T	-0.424	-0.2027853
2189	G	-0.322	-0.1792669
2190	T	-0.422	-0.1726153
2191	A	-0.395	-0.1646793
2192	A	-0.219	-0.162949
2193	A	-0.046	-0.1651226
2194	T	0.193	-0.1773227
2195	G	-0.360	-0.195784
2196	A	-0.314	-0.169734
2197	G	-0.376	-0.1723742
2198	A	-0.469	-0.1683825
2199	A	-0.139	-0.1533595
2200	T	-0.285	-0.1490034
2201	G	-0.181	-0.1247986
2202	A	-0.232	-0.1139231
2203	T	0.407	-0.1313628
2204	C	0.476	-0.113807
2205	T	0	-0.1058355
 2206	T	-0.226	-0.10329
2207	A	-0.334	-0.1032304
2208	T	-0.276	-0.08256243
2209	A	-0.396	-0.06475186
2210	A	-0.332	-0.05992786
2211	C	0.352	-0.04375961
2212	T	0.026	-0.02510845
2213	G	-0.339	0.002551587
2214	T	0.050	0.01226404
2215	A	-0.059	0.01675749
2216	C	0.437	0.02243217
2217	A	0.171	0.01301049
2218	T	-0.030	0.00672249
2219	G	0.119	-0.01857761
2220	T	-0.075	-0.03325573
2221	T	-0.343	-0.02678592
2222	A	-0.394	-0.01731087
2223	A	0.421	-0.009660294
2224	C	0.505	-0.004418326
2225	C	0.343	0.001656706
2226	A	0.140	0.02172655
2227	T	0.263	-0.005541842
2228	T	0.480	-0.01731865
2229	G	-0.167	-0.02056774
2230	T	0	-0.03501833
 2231	T	-0.109	-0.04396408
2232	T	-0.473	-0.06063915
2233	A	-0.427	-0.07964383
2234	A	-0.377	-0.09212332
2235	A	0.021	-0.1097461
2236	C	0.200	-0.09839715
2237	C	0.066	-0.07834576
2238	T	-0.097	-0.05061137
2239	A	-0.114	-0.05122576
2240	T	-0.208	-0.07729102
2241	A	0.290	-0.09601863
2242	T	-0.492	-0.08719473
2243	G	-0.338	-0.1018662
2244	A	-0.440	-0.1130704
2245	A	-0.397	-0.103436
2246	T	-0.336	-0.1029351
2247	A	-0.079	-0.09941083
2248	A	-0.417	-0.0774789
2249	A	-0.417	-0.0680557
2250	A	-0.426	-
2251	T	0.276	-
2252	T	0.278	-
2253	C	0.465	-
2254	T	0.402	-
2255	A	-0.302	-
2256	G	-0.237	-
2257	A	0.413	-
2258	T	-0.190	-
2259	G	0.133	-
2260	A	0.130	-
2261	G	0.015	-
2262	T	0	-
 2263	C	0.206	-
2264	A	-0.135	-
