1	T	0	-
 2	G	-0.442	-
3	A	-0.394	-
4	A	-0.220	-
5	A	-0.264	-
6	T	0.167	-
7	T	0.291	-
8	G	-0.092	-0.00357856
9	T	-0.178	0.001638547
10	G	0.110	0.0363736
11	T	-0.088	0.04498007
12	G	-0.291	0.05861927
13	C	0.442	0.08655673
14	C	0.542	0.0484156
15	T	0.365	-0.0008777333
16	A	0.078	0.00413234
17	T	0.078	0.03322654
18	G	-0.265	0.02588934
19	C	-0.016	0.06339563
20	A	0.154	0.08062521
21	A	-0.404	0.04897315
22	T	-0.447	0.006029487
23	T	-0.017	0.01248529
24	T	0.257	-0.009033953
25	G	0	-0.02741481
 26	T	0.474	-0.02974281
27	T	-0.033	-0.01807374
28	G	-0.032	-0.05779854
29	T	-0.101	-0.05165874
30	T	0.462	-0.04934521
31	A	-0.244	-0.05291291
32	T	-0.197	-0.04900485
33	T	-0.299	-0.02817125
34	T	0.158	-0.02560825
35	T	-0.441	-0.01473182
36	A	-0.312	-0.006711847
37	A	-0.412	0.00274742
38	G	-0.070	-0.02807818
39	T	0.316	0.004141753
40	T	0.312	0.03848029
41	C	0.512	0.08117095
42	T	0.129	0.05638649
43	T	0.087	0.109135
44	C	0.040	0.1250622
45	A	0	0.1702401
 46	G	0.238	0.1805631
47	C	0.317	0.1772384
48	T	0.340	0.126707
49	G	-0.212	0.05963921
50	G	0.349	0.01903468
51	A	-0.073	-0.01818944
52	A	0.264	-0.05015891
53	T	0.084	-0.08043677
54	T	0.266	-0.1211138
55	T	-0.445	-0.1342284
56	T	-0.493	-0.1258198
57	A	-0.479	-0.1239507
58	A	-0.470	-0.1580484
59	A	-0.439	-0.1448617
60	A	-0.454	-0.1582327
61	A	-0.371	-0.1509259
62	T	0.120	-0.190328
63	C	0.466	-0.178239
64	T	-0.184	-0.1409096
65	A	-0.161	-0.1061329
66	G	0.124	-0.07821329
67	A	0.064	-0.05120875
68	T	0.193	-0.03931102
69	G	-0.324	-0.01825986
70	G	-0.264	-0.05236806
71	A	0.066	-0.05338273
72	C	0.042	-0.05670079
73	A	-0.051	-0.04789375
74	A	-0.034	-0.06386249
75	T	-0.275	-0.06396203
76	T	-0.055	-0.09455683
77	T	-0.390	-0.08285556
78	T	0.451	-0.04695329
79	A	-0.234	-0.03197356
80	T	-0.029	-0.05612563
81	T	-0.115	-0.07123986
82	T	0.062	-0.06008199
83	T	-0.265	-0.01444439
84	A	-0.148	-0.0006817533
85	T	0.274	-0.002614353
86	C	0.291	-0.06006769
87	T	-0.319	-0.05530755
88	G	-0.278	-0.08082819
89	A	0.133	-0.09095506
90	T	0.408	-0.1205653
91	C	0.150	-0.1235522
92	G	-0.419	-0.1220971
93	A	-0.410	-0.1552655
94	T	-0.163	-0.1971978
95	A	-0.412	-0.2074753
96	A	-0.267	-0.1955349
97	A	-0.381	-0.2059034
98	T	-0.31	-0.2196686
99	A	-0.127	-0.2080903
100	T	-0.223	-0.1936506
101	A	-0.337	-0.1869715
102	T	-0.473	-0.194532
103	A	-0.099	-0.2018218
104	T	-0.022	-0.2153794
105	C	0.202	-0.2255594
106	C	0.324	-0.2235875
107	A	-0.203	-0.2062662
108	G	-0.310	-0.1923965
109	T	-0.276	-0.1397989
110	T	-0.522	-0.07883654
111	A	-0.470	-0.04263649
112	A	-0.534	-0.01316876
113	G	-0.280	-0.02996545
114	T	0.132	-0.08114832
115	G	-0.015	-0.08360145
116	C	0.451	-0.09657085
117	C	0.440	-0.09616539
118	T	0.443	-0.08231919
119	C	0.419	-0.08179219
120	T	-0.049	-0.043462
121	G	-0.443	-0.02243409
122	A	-0.240	-0.04880289
123	A	-0.504	-0.05994287
124	A	-0.270	-0.1002854
125	A	-0.314	-0.1340004
126	A	-0.462	-0.1793878
127	T	0.040	-0.200243
128	T	0.034	-0.194443
129	G	-0.262	-0.1499433
130	A	-0.182	-0.103482
131	T	-0.153	-0.07979385
132	T	-0.065	-0.05862482
133	T	-0.237	-0.02249515
134	T	0.106	0.03663271
135	G	0.037	0.06251266
136	G	0.224	0.06103621
137	C	0.456	0.05043321
138	G	-0.149	0.02870868
139	A	0.046	0.00393168
140	C	0.227	-0.02405621
141	C	0.424	0.02079505
142	C	0.428	0.04084685
143	A	0.012	0.07166549
144	G	-0.421	0.06414023
145	A	-0.508	0.02211583
146	A	-0.525	-0.002632307
147	A	-0.485	-0.03196434
148	G	0.435	-0.06686674
149	G	0.407	-0.121054
150	G	0.499	-0.1367817
151	T	0.111	-0.1275642
152	A	-0.173	-0.07775507
153	A	-0.520	-0.06667627
154	A	-0.393	-0.0620816
155	G	-0.295	-0.05274067
156	A	-0.388	-0.09815927
157	C	0.193	-0.1531324
158	A	0.151	-0.1734385
159	T	0.325	-0.2071452
160	G	-0.341	-0.2236763
161	A	-0.456	-0.2046231
162	T	-0.344	-0.1991747
163	A	-0.245	-0.1897448
164	A	-0.416	-0.1778797
165	G	0.195	-0.2032084
166	A	-0.394	-0.2316836
167	G	-0.421	-0.2399781
168	A	-0.234	-0.2186864
169	A	-0.311	-0.1581982
170	G	-0.154	-0.1082549
171	A	-0.210	-0.06317427
172	T	-0.186	-0.00263054
173	G	-0.276	-0.04151307
174	C	0.200	-0.001603673
175	A	-0.022	0.002746127
176	T	0.451	0.00429306
177	C	0.404	0.00266806
178	C	0.430	0.00899332
179	T	0.491	0.03746699
180	G	-0.388	0.07522865
181	A	0.204	0.1002894
182	A	-0.356	0.07061071
183	C	-0.211	0.09338771
184	A	-0.335	0.03574438
185	A	-0.059	-0.01153975
186	C	0.216	-0.06948235
187	T	0.379	-0.07664235
188	T	0.099	-0.05076795
189	T	-0.244	-0.05125829
190	T	0.319	-0.001308753
191	A	-0.413	0.04169051
192	T	-0.305	0.09480191
193	T	-0.438	0.09877592
194	T	0.383	0.07211272
195	T	0	0.01463939
 196	G	0.197	-0.01761773
197	G	0.393	0.0256514
198	C	0.433	0.025424
199	T	0.461	0.08204213
200	T	0	0.08345747
 201	G	-0.183	0.09502953
202	A	-0.482	0.06455909
203	A	-0.383	0.06993881
204	G	0.404	0.08676815
205	C	0.315	0.09403435
206	A	0.435	0.05961523
207	T	-0.283	0.01825543
208	T	-0.264	-0.007997033
209	T	-0.073	-0.005640167
210	G	0.080	0.01815703
211	C	0.449	0.0237209
212	T	0.502	0.02304977
213	G	-0.083	0.01229903
214	T	-0.159	-0.01333279
215	T	-0.393	0.0006603467
216	A	-0.148	0.03463441
217	T	-0.125	0.02612345
218	G	-0.300	0.03990447
219	C	0.394	-0.003611667
220	T	0.154	-0.03514873
221	G	0.051	-0.02320057
222	T	-0.073	-0.0261413
223	G	0.244	0.005449673
224	T	-0.200	-0.0005879933
225	G	0.287	0.01372615
226	G	-0.203	0.04986382
227	A	0.028	0.05112402
228	G	0.096	0.05822749
229	G	-0.203	0.06283677
230	G	0.080	0.03137431
231	A	-0.238	0.02602457
232	A	0.089	0.06524451
233	G	0.241	0.06575697
234	G	0.413	0.106657
235	G	0.261	0.09510957
236	G	0.120	0.1189319
237	A	-0.545	0.1404169
238	A	0.164	0.1133984
239	C	0.387	0.109422
240	C	0.295	0.0947948
241	T	0.410	0.06580827
242	G	-0.144	0.02475993
243	C	0.453	-0.01306627
244	T	0.118	-0.04793367
245	A	-0.325	-0.0407512
246	G	-0.298	-0.0517114
247	T	-0.130	-0.07136411
248	T	-0.193	-0.08733696
249	A	-0.202	-0.1096395
250	G	-0.306	-0.1038758
251	G	-0.402	-0.1208328
252	A	-0.438	-0.1137866
253	A	0	-0.06059799
 254	C	0.092	-0.02609565
255	A	0.055	-0.0114711
256	T	0.075	-0.0120115
257	G	-0.057	0.008351767
258	T	0.199	0.05753083
259	G	0.224	0.0943089
260	G	0.472	0.1429404
261	C	0.219	0.114157
262	A	0.089	0.09379254
263	T	-0.201	0.1085211
264	G	0.103	0.09913986
265	C	0.431	0.1064847
266	A	0.148	0.06737587
267	T	0.291	0.02700654
268	G	-0.431	-0.03841213
269	T	-0.212	-0.08514139
270	A	0.276	-0.1022311
271	C	-0.065	-0.1104204
272	T	0.052	-0.1099486
273	A	-0.387	-0.1681277
274	G	-0.381	-0.2146316
275	A	-0.508	-0.2202306
276	A	-0.481	-0.1629849
277	G	-0.167	-0.1192979
278	G	-0.324	-0.1138079
279	T	0.110	-0.0987501
280	A	-0.441	-0.1083787
281	A	-0.548	-0.1129328
282	G	0.207	-0.1230072
283	C	0.426	-0.1091484
284	T	0.442	-0.1026294
285	C	0.358	-0.09990935
286	C	0.160	-0.05425335
287	A	-0.092	-0.06462145
288	C	-0.455	-0.02513791
289	A	-0.532	-0.005908913
290	A	-0.300	-0.03138251
291	G	-0.384	-0.08223338
292	A	-0.126	-0.09018891
293	T	0.360	-0.09416478
294	C	-0.045	-0.07127438
295	A	0.150	-0.03638856
296	T	-0.260	0.01450791
297	G	-0.174	0.05462488
298	A	-0.335	0.06093595
299	C	0.323	0.08506504
300	T	0.299	0.1112712
301	C	0.504	0.0850535
302	T	0.431	0.07954126
303	T	0.307	0.08985966
304	C	0.069	0.08937099
305	A	-0.206	0.1068899
306	C	-0.022	0.1246292
307	A	0.266	0.09047482
308	G	-0.032	0.09624915
309	T	-0.127	0.09117095
310	G	0.305	0.09044835
311	G	-0.267	0.09301302
312	T	0.088	0.09864758
313	A	-0.069	0.1222814
314	T	-0.189	0.1118275
315	C	0.385	0.09879521
316	C	0.428	0.08356128
317	C	0.420	0.05803055
318	T	0.346	0.03765175
319	G	0.154	0.03867068
320	G	0.148	0.00116586
321	T	-0.178	-0.01991808
322	A	0.071	-0.02349155
323	A	-0.261	-0.08347435
324	G	-0.510	-0.1394639
325	T	0	-0.1585265
 326	A	-0.252	-0.1816017
327	G	-0.474	-0.1758321
328	A	-0.385	-0.1596009
329	A	-0.242	-0.1280309
330	G	-0.513	-0.1354489
331	A	-0.411	-0.1482557
332	G	0.134	-0.1478316
333	T	0	-0.180957
 334	G	0.240	-0.1927202
335	C	0.391	-0.1936065
336	C	0.294	-0.1987164
337	T	-0.040	-0.2098177
338	G	-0.453	-0.1925064
339	A	-0.504	-0.187955
340	A	-0.496	-0.1969182
341	A	-0.428	-0.1990995
342	G	-0.487	-0.1917811
343	A	-0.462	-0.2019088
344	T	-0.409	-0.2047904
345	A	-0.254	-0.1840647
346	A	-0.343	-0.133694
347	C	0	-0.06888645
 348	A	-0.032	-0.03958411
349	G	0.350	-0.02301798
350	G	0.239	-0.02047051
351	G	0.251	-0.02182025
352	G	0.270	-0.02103718
353	C	0.302	-0.02945171
354	T	0.467	-0.03520438
355	C	-0.057	-0.02818925
356	A	-0.180	-0.062007
357	A	-0.449	-0.07279487
358	T	-0.482	-0.05780773
359	A	-0.397	-0.0464484
360	A	-0.380	-0.05433387
361	A	-0.429	-0.0473678
362	T	0.105	-0.0774175
363	A	-0.539	-0.08745117
364	C	0.188	-0.07658342
365	C	0.464	-0.07925402
366	T	0.421	-0.06934862
367	G	0.152	-0.06926049
368	C	0.406	-0.03432122
369	T	0.017	0.004114647
370	G	-0.207	-0.007490133
371	A	-0.017	0.004193267
372	A	-0.489	-0.001319933
373	T	-0.334	-0.02054313
374	G	-0.396	-0.01904167
375	A	0.143	-0.007158667
376	T	0.146	-0.02704933
377	C	-0.068	-0.03036903
378	A	-0.364	0.00653824
379	A	0.105	0.01901509
380	C	0.176	0.02207969
381	T	0.444	0.03421396
382	A	0.330	0.03180383
383	G	0.108	0.03287636
384	T	-0.032	0.02309503
385	G	0.345	0.05685794
386	A	0.170	0.09544907
387	A	-0.443	0.1019311
388	T	-0.152	0.06076581
389	A	-0.432	0.05672387
390	T	0.159	0.06201921
391	T	0	0.08353621
 392	C	0.437	0.1187242
393	T	0.214	0.09984982
394	G	0.203	0.05954402
395	G	-0.441	0.05573329
396	G	0.383	0.02910289
397	C	0.410	0.02977322
398	C	0.431	0.03358242
399	C	0.495	0.008611087
400	T	0.062	-0.02605415
401	T	-0.434	-0.06521449
402	T	-0.500	-0.07971513
403	A	-0.551	-0.01887987
404	A	-0.422	-0.02856933
405	G	0.216	-0.030317
406	G	-0.374	-0.037286
407	G	-0.082	-0.0584584
408	A	-0.373	-0.08158635
409	T	-0.014	-0.05740583
410	T	0.471	-0.02615891
411	C	0.238	0.03602015
412	T	0.383	0.08966415
413	C	0.326	0.1075116
414	C	0.177	0.1591328
415	A	-0.284	0.1996504
416	A	-0.071	0.2031721
417	C	-0.032	0.2088294
418	T	0.380	0.1890804
419	C	0.382	0.1788024
420	T	0.484	0.176801
421	C	0.399	0.1506871
422	T	0.525	0.1490273
423	T	-0.320	0.1760153
424	T	0.070	0.209412
425	T	0.175	0.2377791
426	C	0.084	0.2000007
427	T	0.353	0.1507842
428	T	-0.065	0.1345132
429	A	0.152	0.1329837
430	C	0.120	0.1163982
431	C	0.429	0.1559013
432	C	0.393	0.1791903
433	A	-0.185	0.1891091
434	A	-0.355	0.206252
435	G	0.240	0.1935474
436	C	0.376	0.2266575
437	T	0.276	0.2342321
438	G	0.272	0.2335583
439	C	0.419	0.2389915
440	A	0.324	0.2343013
441	T	0.341	0.2375497
442	C	0.163	0.2251554
443	T	0.431	0.1735335
444	T	0.266	0.1243071
445	G	0.110	0.1178489
446	C	0.510	0.1281963
447	T	0.322	0.1313461
448	T	-0.137	0.1237459
449	T	-0.541	0.1281495
450	A	-0.533	0.1255731
451	G	-0.361	0.09171902
452	G	0.179	0.05347569
453	C	0.427	0.06995142
454	C	0.467	0.04450029
455	A	0.210	0.02687607
456	G	0.407	0.02343214
457	T	0.124	0.04987194
458	G	-0.076	0.09711674
459	G	-0.307	0.1336975
460	T	0.357	0.1300222
461	T	0.128	0.1290816
462	C	0.058	0.12606
463	T	-0.188	0.1157811
464	C	-0.145	0.1166005
465	A	0.174	0.1362083
466	A	0.187	0.1572227
467	C	0.124	0.2045282
468	C	0.413	0.2015705
469	T	0.421	0.1643093
470	G	0.055	0.1409872
471	G	0.419	0.147144
472	G	0.418	0.1431495
473	G	0.239	0.1368872
474	C	0.402	0.1131251
475	T	0.313	0.07472413
476	A	-0.430	0.05128363
477	A	-0.291	0.02115277
478	T	-0.096	0.04634143
479	T	-0.205	0.04646303
480	T	0.080	0.04527697
481	T	-0.169	0.05958437
482	T	-0.451	0.01341717
483	G	0.061	-0.02765603
484	C	-0.030	0.002633827
485	C	0.433	0.02277279
486	C	0.421	0.04874281
487	C	0.400	0.08886761
488	C	0.453	0.07940644
489	A	-0.290	0.103357
490	G	-0.302	0.1334515
491	T	0.024	0.1167418
492	C	0.010	0.1130097
493	A	0.293	0.06815419
494	G	0.396	0.05505559
495	G	-0.061	0.05269605
496	G	0.189	0.05673732
497	G	0	0.1089006
 498	A	-0.189	0.1593501
499	T	-0.086	0.1308661
500	A	-0.239	0.1107675
501	T	0.225	0.06612256
502	C	0.365	0.05514356
503	T	0.514	0.05582881
504	G	0.492	0.05778047
505	T	0.453	0.05778047
506	A	-0.403	0.06312914
507	T	-0.290	0.08687822
508	T	-0.376	0.07723322
509	T	0.232	0.05883388
510	T	-0.050	0.02104281
511	T	0.219	0.00555028
512	T	0	-0.01670225
 513	G	-0.108	-0.03675579
514	T	0.270	-0.009888387
515	T	-0.383	0.00424192
516	G	-0.050	0.004869253
517	T	-0.201	-0.02105508
518	C	0.281	-0.01391222
519	A	0.158	-0.04352509
520	C	0.153	-0.06120129
521	A	0	-0.03705569
 522	G	-0.078	-0.08929089
523	T	-0.367	-0.09597789
524	T	-0.156	-0.09148135
525	A	0.056	-0.06278228
526	G	-0.224	-0.06528641
527	A	-0.265	-0.04612495
528	G	0.253	-0.02065755
529	A	-0.513	-0.01308375
530	A	-0.484	-0.01156423
531	G	0.016	0.03284243
532	T	0.229	0.0721363
533	T	0.244	0.06924891
534	C	0.445	0.11612
535	C	0.535	0.16257
536	T	0.113	0.14242
537	A	-0.055	0.1805026
538	C	0.299	0.179218
539	T	0.432	0.143447
540	G	0.013	0.1066743
541	G	0.478	0.07793357
542	C	0.431	0.0392227
543	A	-0.048	0.02439357
544	T	0.057	0.01207129
545	T	-0.503	-0.01743806
546	T	-0.520	-0.01968733
547	A	-0.322	-0.07397926
548	G	-0.186	-0.08676855
549	A	-0.134	-0.1479713
550	G	0.312	-0.1950484
551	G	-0.071	-0.2052679
552	G	-0.498	-0.1955433
553	T	0.265	-0.1424095
554	A	-0.381	-0.07913647
555	G	-0.178	-0.03660774
556	A	-0.439	-0.01016994
557	T	-0.274	0.004841207
558	G	-0.202	-0.005039793
559	C	0.203	0.005972313
560	C	0.293	0.05082118
561	A	0.428	0.05435225
562	G	0.315	0.1065962
563	G	0.209	0.148952
564	G	0.090	0.210173
565	A	0.164	0.2187194
566	C	0.093	0.2043756
567	G	0.174	0.170131
568	C	0.318	0.1225464
569	T	0.401	0.1251012
570	G	0.456	0.07811271
571	C	0.478	0.08260965
572	T	-0.146	0.1108013
573	A	-0.417	0.09692357
574	A	-0.310	0.08435146
575	A	-0.420	0.08230979
576	C	0.467	0.05305473
577	A	-0.389	0.01122499
578	T	0.277	-0.03254694
579	C	0.513	-0.05734761
580	T	-0.043	-0.07617754
581	T	-0.094	-0.02688074
582	A	0.143	0.00576966
583	C	-0.120	0.05896499
584	A	-0.225	0.02009286
585	G	-0.200	0.01516973
586	T	0.106	-0.01115834
587	G	-0.428	-0.02153781
588	C	0.322	-0.00114148
589	A	0.179	0.0247142
590	C	0.377	0.0317174
591	A	-0.115	0.05821613
592	G	-0.463	0.0868154
593	G	-0.117	0.1285884
594	A	0.357	0.1393351
595	C	0.262	0.1622014
596	A	0.293	0.1654896
597	G	0.248	0.1627703
598	C	0.276	0.1594963
599	C	0.203	0.1752515
600	C	0.426	0.2081719
601	T	0.267	0.2320108
602	G	-0.085	0.2146851
603	T	0.371	0.2095585
604	T	0.138	0.1769409
605	C	0.328	0.1536899
606	C	0.120	0.1242164
607	A	0.030	0.1048518
608	C	0.239	0.06618129
609	A	0.097	0.01769983
610	G	0.185	0.01487937
611	A	-0.196	-0.01818663
612	G	-0.100	-0.02093937
613	A	-0.165	-0.05424483
614	T	-0.087	-0.05029403
615	T	-0.153	-0.03544322
616	T	-0.459	-0.02512429
617	A	-0.128	-0.008047093
618	T	-0.124	0.01217984
619	C	0.097	0.02655901
620	T	-0.170	0.01565388
621	G	0.179	-0.009170587
622	G	0.253	0.0009003333
623	C	0.394	0.0320952
624	C	0.353	0.08048167
625	C	0.488	0.09016947
626	C	0.019	0.09960363
627	A	-0.263	0.06384263
628	A	-0.537	0.04511583
629	A	0.063	0.001367693
630	G	0.314	-0.03066837
631	G	0.266	-0.09329057
632	T	0.017	-0.09962591
633	T	0.016	-0.1110199
634	A	-0.438	-0.1001998
635	A	-0.451	-0.04854821
636	T	-0.476	-0.02487628
637	A	-0.227	-0.06220024
638	G	-0.544	-0.109717
639	G	0.258	-0.1534154
640	G	0.317	-0.1352256
641	C	0.181	-0.1363564
642	C	0.511	-0.1062182
643	A	-0.182	-0.1060878
644	A	-0.495	-0.09504063
645	A	-0.398	-0.1015502
646	G	-0.389	-0.09341596
647	T	0.290	-0.1182612
648	T	0	-0.1142162
 649	A	0.013	-0.1046575
650	T	-0.449	-0.1099741
651	G	-0.310	-0.06374529
652	A	-0.324	-0.00732276
653	A	-0.422	-0.0002150933
654	A	-0.114	0.02035868
655	C	0.378	-0.02471139
656	T	0.325	-0.05078439
657	C	0.431	-0.08196683
658	T	0.510	-0.03990883
659	G	0.350	-0.002918027
660	A	-0.291	0.04758037
661	T	-0.080	0.1064815
662	T	-0.386	0.1334271
663	T	-0.391	0.1136969
664	A	-0.454	0.06121133
665	T	0.180	0.0070252
666	G	0.244	-0.0306708
667	C	0.432	-0.02589387
668	C	0.460	0.0097958
669	C	0.290	0.005906093
670	T	0.082	0.04081229
671	T	-0.461	0.04109243
672	T	-0.381	0.05330323
673	G	-0.054	0.00656056
674	T	0.422	-0.02090471
675	T	0.243	-0.07582464
676	T	-0.139	-0.09551517
677	C	0.137	-0.08997637
678	T	-0.386	-0.0714592
679	A	-0.271	-0.03189593
680	T	-0.520	-0.0293306
681	T	-0.167	-0.06007093
682	G	-0.391	-0.07027987
683	G	0.165	-0.0591324
684	G	0.373	-0.02109593
685	C	0.360	-0.01335767
686	T	0.131	0.02353027
687	G	-0.342	0.06640267
688	T	-0.515	0.1190649
689	A	0.268	0.1009785
690	C	0.410	0.09191413
691	C	0.431	0.09271053
692	T	0.253	0.04557687
693	G	0.166	0.003110867
694	G	0.371	-0.005654333
695	G	0.269	0.02958733
696	A	-0.439	0.0802976
697	G	-0.527	0.0785756
698	T	0.177	0.07837313
699	C	-0.333	0.07753233
700	A	-0.276	0.081005
701	G	0	0.08265913
 702	A	0.185	0.08649527
703	T	0.245	0.08409267
704	C	0.243	0.0981766
705	C	0.407	0.1066143
706	T	0.418	0.0686332
707	C	0.305	0.1104973
708	T	0.191	0.1422885
709	G	0.429	0.1296559
710	C	0.233	0.09928607
711	A	-0.227	0.06520233
712	T	-0.400	0.01759693
713	A	-0.392	-0.0261894
714	T	0.294	-0.08143773
715	T	0.200	-0.0794618
716	T	-0.189	-0.1214827
717	G	-0.269	-0.1717665
718	G	-0.266	-0.2176369
719	A	-0.470	-0.1972119
720	A	-0.249	-0.164532
721	T	-0.409	-0.1095635
722	G	0.335	-0.121202
723	A	-0.439	-0.1177102
724	A	-0.324	-0.07513641
725	G	-0.454	-0.02628887
726	T	0.078	0.02580873
727	T	0.089	0.04393819
728	C	0.432	0.02600986
729	A	0.119	0.01889246
730	G	0.252	-0.01810341
731	T	0.449	-0.005436273
732	C	0.462	-0.006096873
733	C	0.515	0.01661199
734	T	-0.198	-0.00337948
735	A	-0.517	-0.03518153
736	A	-0.516	-0.07542293
737	A	-0.219	-0.07592887
738	G	-0.249	-0.06343307
739	G	-0.334	-0.0651602
740	A	-0.113	-0.06896107
741	A	-0.221	-0.0759758
742	G	-0.387	-0.05965476
743	C	-0.171	-0.04793083
744	A	0.111	-0.04233823
745	C	0.439	-0.06069529
746	C	0.423	-0.07622209
747	C	0.405	-0.08048136
748	C	0.410	-0.04615243
749	A	0.045	-0.002991893
750	G	-0.342	0.05048857
751	A	-0.432	0.09161191
752	A	-0.494	0.102161
753	A	-0.481	0.05051071
754	A	-0.398	0.04853117
755	G	0.401	0.01424297
756	C	0.426	-0.00248296
757	C	0.414	0.029018
758	T	0.445	0.07510373
759	C	0.270	0.1156595
760	A	-0.334	0.145865
761	T	0.393	0.1927273
762	T	-0.108	0.2424954
763	G	0.159	0.2349601
764	C	0.518	0.235806
765	T	0.349	0.2219244
766	T	0.175	0.221655
767	C	-0.041	0.2009179
768	A	0.220	0.2460023
769	T	0.347	0.2176498
770	C	0.288	0.2479456
771	C	0.438	0.2636437
772	T	0.206	0.2481652
773	C	0.441	0.2518055
774	A	-0.040	0.2163529
775	T	0.341	0.2059823
776	T	-0.031	0.1725922
777	C	0.345	0.1242861
778	C	0.394	0.0776364
779	C	0.286	0.03409413
780	T	0.403	0.0422362
781	T	-0.356	0.04195053
782	C	-0.197	0.03754088
783	A	-0.279	-0.01483205
784	A	-0.376	-0.0471436
785	G	-0.411	-0.09196887
786	A	-0.214	-0.1401451
787	C	0.328	-0.1873244
788	C	0.437	-0.241359
789	T	-0.106	-0.2357191
790	A	-0.444	-0.2107452
791	A	-0.516	-0.1699355
792	T	-0.326	-0.1222766
793	A	-0.327	-0.06805773
794	G	-0.421	-0.02929567
795	A	-0.406	-0.02257093
796	A	-0.271	-0.02698287
797	C	0.177	0.002286067
798	T	0.332	0.05799167
799	G	0.338	0.08576403
800	C	0.401	0.13441
801	C	0.367	0.1523132
802	C	0.429	0.1515138
803	C	0.370	0.1420516
804	C	0.332	0.1594617
805	A	0.391	0.1625264
806	C	-0.099	0.1463562
807	T	0.403	0.1531601
808	C	-0.059	0.1359067
809	T	-0.433	0.09319503
810	A	-0.548	0.09057617
811	A	-0.010	0.0962461
812	G	0.223	0.08372503
813	G	0.089	-
814	C	0.440	-
815	A	0.142	-
816	G	-0.273	-
817	G	0.390	-
818	C	0.456	-
819	T	0.144	-
