1	C	0.225	-
2	A	-0.366	-
3	G	-0.265	-
4	A	-0.148	-
5	T	0.306	0.02825492
6	C	0.382	0.01544559
7	C	0.438	0.01198959
8	T	-0.011	-0.01583608
9	G	-0.306	-0.01377474
10	A	0.109	-0.08858652
11	A	-0.397	-0.1136787
12	A	-0.515	-0.1239687
13	C	-0.129	-0.07279344
14	T	-0.367	0.006125444
15	T	0.156	0.04015878
16	T	0.345	0.1225786
17	C	0.449	0.2042233
18	C	0.403	0.2696561
19	T	0.416	0.3091482
20	G	0.344	0.2632222
21	G	0.218	0.1986687
22	G	0.459	0.1651419
23	G	-0.011	0.140886
24	A	-0.256	0.1315822
25	A	-0.235	0.1381132
26	G	0.147	0.1593977
27	G	0.185	0.1509938
28	T	0.332	0.2059102
29	C	0.403	0.2760116
30	A	0.410	0.3433003
31	G	0.383	0.3461
32	C	0.482	0.3152556
33	C	0.374	0.2335235
34	T	0.370	0.1937719
35	C	0.172	0.1397155
36	A	-0.091	0.08736816
37	G	-0.403	0.07962293
38	A	0.045	0.0934046
39	T	-0.076	0.03602927
40	A	-0.087	0.01681204
41	C	0.412	0.0363696
42	T	0.498	0.05114771
43	G	-0.146	0.01241526
44	A	0	-0.03855299
 45	C	0.084	-0.05937641
46	A	-0.270	-0.1052545
47	A	-0.303	-0.134813
48	G	-0.534	-0.07057786
49	A	-0.275	-0.01730997
50	C	0	-0.08620644
 51	A	0.232	-0.05091159
52	C	0.431	0.02494263
53	C	0.479	0.0622733
54	A	-0.535	0.06390519
55	A	0.047	0.08955074
56	G	0.379	0.1051402
57	G	-0.198	0.09506941
58	G	-0.260	0.02204908
59	A	0.230	0.1156761
60	C	0.372	0.1502076
61	T	0.341	0.1416451
62	G	-0.177	0.2072634
63	C	0.306	0.264825
64	A	0.358	0.216096
65	G	0.302	0.2303913
66	C	0.391	0.2371228
67	T	0.257	0.2126089
68	G	-0.207	0.1651544
69	C	0.501	0.1019467
70	T	0.401	0.08523633
71	T	-0.398	0.06133233
72	A	-0.120	0.05496778
73	C	-0.210	0.0889919
74	T	0.151	-0.009099878
75	A	0.176	-0.09919666
76	T	0.200	-0.09598488
77	G	0.098	-0.1344748
78	G	-0.381	-0.1352758
79	A	-0.409	-0.1744565
80	A	-0.369	-0.1422534
81	A	-0.466	-0.1645227
82	G	-0.217	-0.1640078
83	A	-0.200	-0.1318958
84	G	0.466	-0.1363951
85	C	0	-0.07859107
 86	A	0.103	0.007617489
87	T	-0.092	0.08195449
88	G	-0.449	0.164698
89	A	0.150	0.1259708
90	C	0.309	0.07683471
91	C	0.451	0.03137327
92	C	0.544	-0.009345222
93	T	0.117	-0.007244444
94	A	-0.442	0.001335778
95	T	-0.306	-0.07710156
96	G	-0.459	-0.1812053
97	A	-0.430	-0.30089
98	A	0.227	-0.3583651
99	G	-0.396	-0.3232459
100	A	-0.485	-0.2374768
101	A	-0.533	-0.1822646
102	A	-0.399	-0.1495657
103	G	-0.126	-0.1957629
104	G	0.465	-0.1760708
105	A	0.037	-0.1478786
106	G	-0.136	-0.1345269
107	A	-0.187	-0.1248926
108	T	-0.219	-0.1315295
109	G	-0.231	-0.231328
110	A	-0.412	-0.1866137
111	A	-0.312	-0.1972092
112	G	-0.185	-0.2288782
113	A	-0.432	-0.2629044
114	G	0.440	-0.2918698
115	A	-0.231	-0.2323871
116	A	-0.472	-0.2203723
117	A	-0.525	-0.1586701
118	A	-0.492	-0.1225972
119	A	0.122	-0.1950587
120	G	-0.204	-0.2275327
121	T	0.369	-0.2114159
122	C	-0.107	-0.2033141
123	A	-0.212	-0.1868399
124	T	-0.524	-0.2203842
125	A	-0.327	-0.1472561
126	A	-0.452	-0.1383443
127	G	-0.344	-0.16324
128	A	-0.179	-0.09727922
129	T	0.453	-0.04394358
130	C	0.449	-0.001957756
131	A	-0.331	0.004217244
132	G	0.381	0.02661836
133	C	-0.044	0.02000391
134	A	0.050	-0.02877326
135	A	-0.397	-0.09541748
136	G	-0.142	-0.08393903
137	A	-0.239	-0.1681688
138	A	0.014	-0.1894102
139	G	-0.150	-0.2359334
140	A	-0.228	-0.2020958
141	G	-0.376	-0.1443197
142	A	-0.235	-0.06233094
143	A	-0.368	-0.06782181
144	A	-0.092	-0.07101103
145	C	0.377	0.01461519
146	T	0.498	0.02333719
147	G	-0.034	0.0182543
148	T	-0.178	0.1004447
149	A	0.542	0.1050835
150	G	-0.297	0.03519408
151	A	-0.280	0.006963856
152	T	0.371	0.06190944
153	T	-0.051	0.1298119
154	T	-0.251	0.1166983
155	G	0.244	0.1338252
156	C	0.459	0.1110148
157	C	0.432	0.03319367
158	T	0.424	0.07385511
159	C	-0.143	0.1105936
160	A	-0.486	0.0887246
161	A	-0.329	0.03042606
162	C	0.314	-0.0473785
163	T	0.078	-0.04469594
164	C	0.047	-0.03911347
165	A	-0.065	0.06449053
166	A	-0.267	0.05254153
167	C	0.448	0.03618776
168	A	-0.093	-0.009920667
169	T	0.446	-0.07267029
170	G	-0.436	-0.1179815
171	T	0.167	-0.1345407
172	T	-0.336	-0.2278122
173	A	-0.516	-0.2654327
174	A	-0.472	-0.3717161
175	G	-0.417	-0.2839983
176	T	-0.391	-0.259752
177	A	-0.432	-0.2191568
178	A	-0.510	-0.1135351
179	T	0.352	-0.03335332
180	C	0.385	0.0235454
181	G	0.029	0.07136742
182	C	0.433	0.1245986
183	C	0.248	0.1895028
184	T	0.095	0.1238298
185	G	0.039	0.1332465
186	A	0.046	0.1694013
187	C	0.073	0.1247165
188	A	-0.238	0.09394022
189	T	0.470	0.1400063
190	C	0.354	0.09591381
191	T	0.031	0.07866663
192	A	-0.028	0.01355141
193	C	0.509	0.01648263
194	A	-0.357	-0.05405459
195	T	-0.108	-0.1208865
196	A	-0.512	-0.07570928
197	A	-0.212	-0.02731356
198	G	-0.164	-0.05425233
199	A	-0.246	-
200	C	0.438	-
201	C	0.407	-
202	A	0.267	-
