1	A	-0.390	-
2	A	-0.450	-
3	A	-0.235	-
4	C	0.339	-
5	A	-0.462	-
6	G	0.166	-0.1547868
7	A	-0.117	-0.1110679
8	G	-0.450	-0.1075196
9	T	-0.136	-0.08793384
10	A	-0.491	-0.1508945
11	A	0.056	-0.1511698
12	C	0.314	-0.1991196
13	T	0.133	-0.2152453
14	A	-0.408	-0.1951903
15	A	0	-0.2150761
 16	G	-0.415	-0.1730865
17	A	-0.466	-0.2149927
18	T	-0.408	-0.2852398
19	A	-0.311	-0.3035841
20	G	-0.209	-0.2339762
21	C	-0.374	-0.2356706
22	A	0.012	-0.2443193
23	A	-0.446	-0.2492771
24	A	-0.528	-0.2484838
25	A	-0.086	-0.2590045
26	C	0.427	-0.2761194
27	T	-0.020	-0.2092903
28	A	-0.519	-0.1691403
29	A	-0.525	-0.1077984
30	A	-0.398	-0.1086369
31	G	-0.437	-0.06621202
32	A	-0.414	-0.09503105
33	C	0.427	-0.1035663
34	C	0.494	-0.03801253
35	G	0.289	-0.00238005
36	A	-0.538	7.27e-05
37	T	0.422	0.01257403
38	G	0.081	0.03080653
39	G	-0.122	0.0165142
40	A	0.267	0.01576478
41	C	-0.098	0.03102787
42	A	-0.369	0.0689146
43	A	-0.287	0.04001182
44	C	-0.196	0.0755151
45	A	0.255	0.1010277
46	T	0.485	0.06193485
47	C	0.473	0.06576042
48	T	-0.084	0.07814176
49	A	0.075	0.06496067
50	C	0.507	0.03647259
51	C	0.183	-0.005007158
52	A	-0.201	-0.005617908
53	C	-0.052	-0.04111476
54	A	-0.220	0.002385925
55	A	-0.445	0.01461237
56	A	-0.537	0.009857292
57	A	-0.242	-0.0007955083
58	C	0.477	-0.007124675
59	T	0.047	-0.04284473
60	A	0.437	-0.06554223
61	G	0.222	-0.04518998
62	G	0.450	0.005164542
63	T	0.055	0.05589304
64	A	-0.277	0.05311913
65	T	-0.480	0.08404156
66	A	-0.493	0.05190146
67	A	-0.201	0.04876587
68	A	0.066	0.003960867
69	C	0.366	0.00935525
70	C	0.444	0.03857687
71	T	0.418	0.1123627
72	G	0.052	0.1630562
73	G	0.185	0.1537857
74	A	-0.087	0.1157063
75	C	0.120	0.09582668
76	A	0.072	0.03040827
77	T	0.404	0.03253227
78	C	0.115	0.01674637
79	A	-0.312	-0.02208913
80	G	-0.390	-0.03929929
81	A	0.127	-0.08798629
82	A	-0.340	-0.1305207
83	C	0.443	-0.2039425
84	A	-0.137	-0.2438135
85	G	-0.281	-0.2464547
86	A	-0.293	-0.2348294
87	A	-0.463	-0.2440996
88	A	-0.437	-0.1786746
89	A	-0.476	-0.1823459
90	A	-0.363	-0.1902615
91	T	-0.344	-0.2015122
92	T	-0.251	-0.2076197
93	A	0.016	-0.1972414
94	C	0.444	-0.1803698
95	C	0.399	-0.1829847
96	A	-0.232	-0.1986098
97	G	-0.416	-0.1557149
98	A	-0.367	-0.1405829
99	A	-0.339	-0.1313947
100	C	-0.235	-0.1323514
101	A	-0.507	-0.1905582
102	A	-0.550	-0.201988
103	A	0.170	-0.1454421
104	G	-0.069	-0.08071256
105	G	0.126	-0.01652472
106	C	0.433	0.0075574
107	A	-0.298	0.02761673
108	A	-0.369	0.03393565
109	G	0.262	-0.01600227
110	G	0.409	-0.04646462
111	C	0.430	-0.04286179
112	C	0.053	-0.08109642
113	A	-0.267	-0.04845808
114	T	-0.475	-0.01586605
115	A	-0.428	-0.01080647
116	A	-0.435	-0.009149467
117	A	0.170	-0.01095855
118	T	-0.025	0.01705033
119	C	0.092	0.05711424
120	A	0.021	0.07675808
121	G	0.323	0.07048391
122	G	0.429	0.07409683
123	G	0.409	0.02020308
124	G	0.389	-0.01211512
125	T	0.213	-0.04035981
126	G	-0.239	-0.07787883
127	A	-0.504	-0.1287517
128	A	-0.391	-0.1899156
129	C	-0.476	-0.2118988
130	A	-0.413	-0.2846857
131	A	-0.246	-0.322088
132	G	-0.428	-0.3401545
133	T	-0.287	-0.3327738
134	A	-0.304	-0.3287099
135	G	0.145	-0.3267797
136	A	-0.483	-0.3199078
137	A	-0.235	-0.3139305
138	G	-0.456	-0.3058434
139	A	-0.415	-0.2667062
140	A	-0.342	-0.2275801
141	A	-0.453	-0.2087347
142	T	-0.330	-0.1902772
143	A	-0.174	-0.1602092
144	A	-0.331	-0.1248942
145	G	0.182	-0.1323214
146	T	0.165	-0.1355116
147	G	0.371	-0.1281432
148	G	-0.262	-0.09807221
149	A	0.125	-0.1174958
150	T	-0.032	-0.1135483
151	G	-0.504	-0.142705
152	A	-0.381	-0.1889886
153	G	-0.364	-0.2434142
154	T	0.029	-0.258944
155	A	-0.407	-0.2599964
156	A	-0.284	-0.239269
157	G	-0.167	-0.2305072
158	A	-0.390	-0.2362349
159	G	-0.281	-0.1935141
160	A	-0.448	-0.1983475
161	A	0.112	-0.1947762
162	T	0.216	-0.1888089
163	G	-0.399	-0.1658083
164	A	-0.449	-0.160337
165	A	0.147	-0.1680422
166	T	-0.028	-0.1306737
167	G	-0.364	-0.1311943
168	A	-0.212	-0.1876982
169	A	0.108	-0.1876034
170	C	-0.324	-0.1350464
171	A	-0.374	-0.1198282
172	A	0	-0.09316025
 173	T	0.106	-0.08231442
174	G	-0.461	-0.04182692
175	A	-0.398	-0.04216675
176	G	0.180	-0.01684399
177	T	0.330	0.05035176
178	C	0.291	0.08562876
179	T	-0.234	0.09023076
180	G	0.273	0.1436413
181	G	0.104	0.2087253
182	G	-0.020	0.2149533
183	C	0.432	0.1970095
184	T	0.423	0.1873222
185	G	0.161	0.1685648
186	G	0.179	0.1067103
187	G	0.382	0.07174176
188	C	0.255	0.082479
189	T	0.115	0.08293183
190	A	0.175	0.07671358
191	T	-0.459	0.1050034
192	G	-0.468	0.05730958
193	A	-0.315	-0.01083842
194	T	0.108	-0.002490667
195	C	0.437	0.02341025
196	C	0.348	0.001925667
197	C	0.501	0.07881517
198	A	-0.393	0.1076737
199	A	-0.435	0.1052353
200	C	0.355	0.1083045
201	A	0.425	0.09499133
202	C	-0.082	0.03199875
203	T	0.463	0.01295717
204	T	-0.122	0.0291715
205	T	-0.344	0.09198808
206	G	0.144	0.09828692
207	G	0.277	0.08949517
208	G	-0.407	0.05420542
209	A	0.272	-0.00245425
210	G	-0.198	-0.00730825
211	G	0.318	-0.01097625
212	C	0.431	0.01066083
213	C	0.320	0.002785417
214	G	-0.505	0.05201592
215	A	-0.216	0.03960608
216	G	-0.180	0.07359958
217	G	-0.388	0.06225525
218	A	0.404	0.01945784
219	G	0.183	-0.01815349
220	G	0.183	-0.01382649
221	G	0.123	0.02119284
222	A	0.209	0.04920292
223	G	0.182	0.1161246
224	G	-0.082	0.1029224
225	A	-0.131	0.1008299
226	T	-0.453	0.04669734
227	T	0.203	0.004080258
228	G	0.155	-0.004669242
229	C	0.414	0.004091675
230	T	0.246	0.03882283
231	T	0.158	0.082904
232	G	-0.466	0.1392648
233	A	-0.387	0.1302729
234	G	0.104	0.1422721
235	G	0.287	0.1399446
236	C	0.334	0.1212751
237	C	0.397	0.09885603
238	A	0.222	0.1632261
239	G	0.095	0.1540177
240	G	0.299	0.1054673
241	A	0.386	0.05296919
242	G	0.022	0.04352177
243	T	-0.110	-0.0005996417
244	T	0.306	-0.01531336
245	T	-0.497	-0.02327451
246	G	-0.478	-0.08607509
247	A	-0.342	-0.1009081
248	G	0.221	-0.07202672
249	A	-0.131	-0.02634997
250	C	0.046	-0.02509355
251	T	0	0.04977612
 252	A	-0.454	0.125735
253	G	0.208	0.1417819
254	C	0.368	0.1506973
255	C	0.437	0.1616542
256	T	0.321	0.1332339
257	G	0.400	0.1440192
258	G	0.433	0.1818829
259	G	-0.149	0.1948567
260	C	0.328	0.1677663
261	A	0	0.1071168
 262	A	-0.295	0.06534237
263	C	0.129	-0.0059633
264	A	0	-0.08144138
 265	C	0.364	-0.1123515
266	A	0.043	-0.1242504
267	G	-0.290	-0.1321037
268	C	-0.179	-0.1295481
269	A	-0.455	-0.1649816
270	A	-0.472	-0.136882
271	A	-0.520	-0.1336279
272	A	0.185	-0.1039092
273	G	-0.094	-0.03902517
274	T	-0.264	-0.02838588
275	G	-0.295	-0.0063038
276	G	0.337	0.03502031
277	C	0.403	0.06370031
278	T	0.400	0.03098089
279	C	0.488	0.005030983
280	T	-0.052	-4.576667e-05
281	A	-0.190	0.009652483
282	C	0.023	0.02390032
283	A	-0.176	0.02526757
284	T	-0.207	-0.01786252
285	A	-0.405	-0.08662527
286	A	-0.325	-0.1211781
287	A	-0.179	-0.1325816
288	T	0.508	-0.1674724
289	C	0.419	-0.1807828
290	T	-0.117	-0.1940812
291	T	-0.336	-0.1978112
292	A	-0.466	-0.1963916
293	A	-0.327	-0.216808
294	A	-0.395	-0.3022497
295	A	-0.336	-0.3612265
296	G	-0.366	-0.3838574
297	A	-0.450	-0.3812658
298	T	-0.308	-0.3767733
299	A	-0.424	-0.3930156
300	A	-0.517	-0.3849103
301	A	-0.287	-0.3924519
302	A	-0.388	-0.3510482
303	G	-0.305	-0.3442933
304	A	-0.412	-0.3528589
305	A	-0.521	-0.350486
306	A	-0.297	-0.3418823
307	A	-0.426	-0.3595434
308	G	0.129	-0.3337919
309	A	-0.369	-0.2841113
310	A	-0.411	-0.216364
311	A	-0.395	-0.1491739
312	A	-0.413	-0.09271512
313	A	-0.499	-0.09208237
314	A	-0.079	-0.1385796
315	G	0.290	-0.1398702
316	G	0.400	-0.1405101
317	G	0.284	-0.1455296
318	G	0.379	-0.1229859
319	G	-0.419	-0.0813337
320	A	-0.428	-0.07790082
321	A	-0.384	-0.1318099
322	A	-0.418	-0.147223
323	A	-0.456	-0.1533399
324	A	-0.143	-0.1491519
325	T	0	-0.0980804
 326	T	-0.038	-0.07291865
327	A	-0.356	-0.06459557
328	G	0.215	-0.06506423
329	T	0.210	-0.02613416
330	C	0.429	0.01648001
331	T	0.193	0.05001743
332	G	-0.126	0.09114091
333	A	-0.284	0.08139741
334	A	-0.424	0.05978987
335	C	0.011	0.04221328
336	A	0.368	-0.0299613
337	C	0.402	-0.08737072
338	T	0.454	-0.1197722
339	G	-0.473	-0.1079597
340	C	-0.044	-0.08117338
341	A	0	-0.04995729
 342	A	-0.436	-0.05199096
343	A	-0.495	-0.05046562
344	A	-0.514	-0.05365604
345	T	-0.143	0.02417629
346	T	-0.102	0.00078575
347	G	0.385	-0.02208125
348	C	0.343	0.008200675
349	C	0.420	0.07199468
350	C	0.416	0.152504
351	C	0.460	0.1983124
352	T	-0.324	0.2190274
353	A	-0.274	0.2028928
354	G	-0.072	0.1601243
355	G	0.270	0.1226471
356	C	0.451	0.1274297
357	C	0.406	0.09329912
358	A	0.145	0.1517475
359	G	0.191	0.1636328
360	G	-0.169	0.1579924
361	T	-0.028	0.1649704
362	A	0.473	0.1017212
363	C	0.050	0.04736861
364	A	0.376	0.01933694
365	T	-0.131	-0.02456364
366	G	-0.140	7.660833e-05
367	G	0.353	0.02701169
368	T	-0.307	0.02699869
369	G	-0.245	0.04672817
370	A	-0.190	0.02218711
371	T	-0.334	0.06005477
372	G	0.126	0.10419
373	T	0.294	0.06075261
374	T	0.473	0.07302219
375	G	0.287	0.08407177
376	G	0.082	0.08699761
377	C	0.322	0.1518034
378	T	0.389	0.1722714
379	G	-0.167	0.1847083
380	T	-0.160	0.1681139
381	A	-0.113	0.1598388
382	T	-0.155	0.1897472
383	C	0.442	0.2038658
384	C	0.371	0.2013783
385	T	0.443	0.2353392
386	G	0.274	0.2586698
387	G	0.188	0.2861251
388	C	0.440	0.2918361
389	G	0.492	0.261143
390	T	0.359	0.2598193
391	A	0.240	0.1849556
392	G	0.119	0.1347986
393	T	0.216	0.119998
394	G	-0.087	0.1037081
395	A	0.074	0.09341548
396	C	0.355	0.1009204
397	A	-0.454	0.1163771
398	A	-0.327	0.09856516
399	T	0.010	0.1099437
400	T	0.245	0.1353296
401	T	0.368	0.1281645
402	C	0.449	0.1127549
403	T	0.425	0.181479
404	G	-0.094	0.2295063
405	T	0.352	0.2058149
406	T	0.217	0.1605236
407	G	-0.011	0.08710183
408	C	0.170	0.03038467
409	T	0.369	-0.005091333
410	G	0.249	-0.01753534
411	T	-0.273	-0.03666493
412	A	-0.298	-0.01841318
413	G	-0.512	0.01780025
414	A	-0.231	0.02777217
415	C	0	0.012937
 416	A	-0.243	-0.020449
417	T	0.123	-0.02013292
418	C	0.436	-0.02022358
419	C	0.423	0.01414542
420	C	0.290	-0.005879667
421	A	0.191	0.002239608
422	G	-0.151	-0.003314558
423	G	-0.269	-0.005842367
424	A	-0.299	-0.02129862
425	A	-0.100	-0.02011695
426	A	-0.471	-0.03383312
427	T	0.097	-0.03246278
428	T	-0.310	-0.01039578
429	T	0.092	0.02702705
430	T	0.251	0.08022188
431	C	0.437	0.1043648
432	T	0.125	0.1586003
433	C	0.208	0.1615978
434	C	0.113	0.2042591
435	T	0.179	0.2128307
436	C	0.339	0.2109992
437	C	0.189	0.2149652
438	T	0.179	0.2177717
439	C	0.133	0.2133207
440	T	0.201	0.2064613
441	G	0.195	0.1549779
442	C	0.229	0.1128918
443	T	0.484	0.07712067
444	C	0.159	0.05315434
445	T	0.154	0.03913596
446	T	0.030	-0.01325779
447	C	-0.438	-0.05035946
448	A	-0.165	-0.08365346
449	G	-0.239	-0.1361531
450	G	-0.108	-0.1777976
451	A	-0.034	-0.2004418
452	A	-0.427	-0.2453333
453	G	-0.249	-0.173407
454	T	-0.170	-0.1408368
455	T	-0.145	-0.1283529
456	T	-0.340	-0.08560696
457	G	-0.116	-0.06490166
458	A	-0.507	0.005004592
459	C	0.424	0.04024226
460	C	0.225	0.08196993
461	A	-0.089	0.1059784
462	C	0.404	0.1714181
463	T	0.213	0.164202
464	C	0.411	0.1630146
465	C	0.173	0.1224608
466	A	0.330	0.109016
467	C	0.142	0.1014681
468	C	0.445	0.07761531
469	A	-0.203	0.09081556
470	C	-0.522	0.08640906
471	A	-0.061	0.1139802
472	C	0.063	0.1195836
473	G	-0.180	0.1153891
474	T	0.118	0.0755868
475	G	0.372	0.08604206
476	G	0.358	0.1058294
477	G	0.504	0.1037205
478	G	0.397	0.1101076
479	A	0.092	0.1551998
480	C	-0.032	0.1915296
481	A	-0.078	0.1344133
482	T	-0.284	0.08146151
483	T	-0.087	0.07645601
484	T	0.140	0.05985884
485	C	0.360	0.09429207
486	C	0.554	0.1031191
487	A	-0.313	0.07387287
488	A	-0.276	0.07042578
489	T	0.444	0.04359069
490	G	0.198	-0.005493308
491	T	0.505	-0.07444339
492	C	0.073	-0.1342247
493	A	-0.428	-0.145413
494	A	-0.325	-0.1542651
495	A	-0.409	-0.2277626
496	A	-0.448	-0.2636227
497	A	-0.466	-0.3418126
498	T	-0.163	-0.3421825
499	T	-0.447	-0.2930076
500	A	-0.382	-0.287097
501	T	-0.437	-0.2539406
502	A	-0.231	-0.1746649
503	A	-0.432	-0.1331526
504	C	0.069	-0.1419199
505	C	0.161	-0.1233425
506	A	-0.255	-0.1304529
507	A	-0.011	-0.1243995
508	C	0.502	-0.1463335
509	C	0.031	-0.1250478
510	A	-0.268	-0.1054206
511	T	-0.224	-0.1020679
512	A	-0.468	-0.03889967
513	A	-0.365	0.003986892
514	A	-0.495	-0.02870277
515	A	-0.177	-0.04237383
516	C	0.304	-0.001940917
517	C	0.201	-0.0180595
518	T	0.502	-0.01787775
519	T	0.503	0.006388033
520	T	0.110	0.04403913
521	T	-0.132	0.07114747
522	T	0.216	0.08237572
523	T	-0.418	0.09591263
524	A	-0.465	0.08346688
525	A	-0.073	0.04949637
526	T	-0.043	0.0233047
527	C	0.148	0.0005376167
528	C	0.439	-0.02262727
529	A	0.363	0.02603298
530	A	0.353	0.04157073
531	G	0.095	0.02638062
532	C	-0.203	0.05021918
533	A	-0.405	0.06799943
534	A	-0.061	0.06220652
535	C	0.165	0.07321785
536	A	-0.279	0.06946218
537	A	-0.256	0.0732762
538	C	0.242	0.07083703
539	C	0.361	-
540	A	0.369	-
541	T	0.495	-
542	C	0.308	-
543	T	0.141	-
544	C	-0.233	-
