1	A	-0.389	-
2	G	-0.498	-
3	A	-0.470	-
4	A	-0.477	-
5	A	-0.359	-
6	A	-0.527	-
7	A	-0.019	-
8	C	0.302	-
9	C	0.443	-
10	T	0.431	-
11	G	0.193	-0.002758964
12	A	0.185	-0.002094691
13	C	-0.031	0.01715676
14	T	0.133	0.05500471
15	A	-0.373	0.09138962
16	G	-0.081	0.1265189
17	A	-0.135	0.166628
18	C	0.411	0.1866271
19	C	0.420	0.1676899
20	C	0.300	0.1311585
21	G	0.305	0.1096355
22	G	0.177	0.09467417
23	G	-0.374	0.09763604
24	A	-0.075	0.1052503
25	G	0.362	0.1182958
26	C	0.322	0.14694
27	T	0.413	0.1657863
28	C	0.354	0.1736052
29	G	0.420	0.1430368
30	G	-0.114	0.1062492
31	G	-0.360	0.1081632
32	A	-0.042	0.1019774
33	C	-0.136	0.0895549
34	G	0.250	0.1243558
35	G	0.136	0.1469911
36	C	0.420	0.1494602
37	G	0.256	0.153411
38	G	0.333	0.1533218
39	G	0.036	0.1487613
40	G	-0.261	0.1437027
41	A	-0.389	0.1694731
42	C	0.342	0.2048984
43	G	0.169	0.2232802
44	G	-0.095	0.2443843
45	C	0.390	0.2524097
46	C	0.422	0.2556537
47	T	0.416	0.2415383
48	C	0.409	0.244001
49	G	0.411	0.2463921
50	G	0.254	0.2646118
51	G	0.309	0.2890747
52	C	0.452	0.3266555
53	C	0.418	0.3310013
54	T	0.362	0.3419116
55	C	0.328	0.3537735
56	C	0.427	0.3265438
57	T	0.207	0.2926965
58	G	0.110	0.2518933
59	T	0.310	0.2206185
60	G	0.385	0.2116126
61	G	0.437	0.2189471
62	C	0.276	0.2073443
63	G	0.437	0.1894536
64	C	0.438	0.1498145
65	C	0.409	0.1435881
66	C	0.165	0.1460654
67	A	-0.208	0.1374879
68	G	-0.322	0.1438087
69	A	-0.481	0.1502281
70	A	-0.278	0.153741
71	G	0.212	0.1518539
72	C	0.415	0.1417022
73	G	0.053	0.142926
74	G	0.058	0.1319831
75	A	-0.453	0.1219256
76	G	0.225	0.1022926
77	C	0.382	0.07606609
78	C	0.238	0.08879053
79	G	0.346	0.1052702
80	G	0.251	0.1140505
81	C	0.387	0.1197096
82	G	0.344	0.1289397
83	G	0.214	0.1234738
84	C	0.303	0.1400206
85	C	0.196	0.1568557
86	C	0.217	0.1966538
87	A	-0.022	0.1952684
88	A	-0.411	0.1723949
89	G	0.071	0.180445
90	A	0.040	0.1838271
91	T	-0.287	0.1884046
92	G	-0.154	0.1630633
93	C	0.415	0.1377547
94	G	0.295	0.1421639
95	C	0.417	0.1430257
96	C	0.429	0.1357929
97	C	0.422	0.1224673
98	T	0.194	0.1234857
99	G	-0.120	0.1522654
100	C	0.415	0.1321901
101	C	0.421	0.1298326
102	C	0.352	0.1562169
103	G	-0.169	0.1737831
104	G	-0.212	0.1659191
105	C	0.311	0.1654073
106	G	0.322	0.1418951
107	T	0.037	0.1095564
108	C	-0.076	0.06588247
109	G	0	0.0324162
 110	C	0.221	0.02855747
111	G	-0.369	0.0156737
112	G	-0.011	0.01229043
113	C	0.292	-0.0054999
114	G	0.232	0.009720373
115	G	0.242	0.03837501
116	C	0.284	0.04319524
117	C	-0.099	0.04733392
118	G	-0.282	0.05781832
119	A	-0.538	0.07529751
120	A	-0.541	0.0802221
121	G	-0.205	0.08791642
122	G	0.132	0.120116
123	C	0.346	0.1250731
124	A	-0.039	0.1289691
125	G	0.165	0.1316341
126	C	0.417	0.1335911
127	T	0.417	0.1194146
128	C	0.413	0.1402321
129	C	0.268	0.1717165
130	T	0.308	0.21358
131	G	0.108	0.2412857
132	C	0.390	0.2478735
133	T	0.338	0.2329312
134	G	0.097	0.2229471
135	C	0.378	0.2414483
136	G	0.291	0.2442611
137	C	0.286	0.2384328
138	G	-0.027	0.2396696
139	C	0.358	0.2346965
140	C	0.410	0.2224988
141	C	0.382	0.2272463
142	T	0.068	0.2407873
143	G	-0.060	0.2438651
144	G	-0.196	0.2410643
145	A	0.127	0.2386915
146	C	0.367	0.2396994
147	G	0.227	0.2440009
148	C	0.289	0.2390726
149	C	0.444	0.2501878
150	G	0.304	0.2322213
151	T	0	0.2235685
 152	C	0.412	0.1996131
153	G	0.406	0.2021894
154	C	0.458	0.2153477
155	C	0.276	0.2088043
156	A	0.045	0.2189366
157	C	0.400	0.1883774
158	C	0.385	0.1818917
159	T	0.177	0.1772789
160	G	0.216	0.1761372
161	C	-0.036	0.1756327
162	T	0.220	0.2010805
163	G	-0.144	0.1658131
164	G	0.124	0.1381183
165	G	0.229	0.134489
166	A	-0.340	0.1389242
167	G	0.350	0.1445448
168	A	-0.304	0.1464682
169	A	0.084	0.1403439
170	G	0.188	0.1167647
171	C	0.419	0.1021664
172	T	0.293	0.1091909
173	C	0.559	0.1189446
174	T	-0.363	0.1426488
175	T	-0.203	0.1534319
176	C	0.378	0.1578582
177	G	0.374	0.1852763
178	C	0.169	0.1883054
179	G	0.442	0.2211754
180	C	0.250	0.2324606
181	T	-0.341	0.2399862
182	G	-0.104	0.241656
183	C	0.117	0.2415972
184	G	0.434	0.2241727
185	C	0.376	0.2549274
186	G	0.362	0.2530414
187	C	0.326	0.2322718
188	C	0.263	0.229985
189	C	0.416	0.2356369
190	C	0.418	0.2171122
191	G	0.332	0.2191032
192	G	0.353	0.2431294
193	C	0.456	0.2630358
194	C	0.292	0.2782494
195	T	0.176	0.2786898
196	C	0.313	0.2602811
197	C	-0.244	0.2265971
198	A	-0.078	0.2185334
199	G	0.324	0.2259967
200	G	0.293	0.2262836
201	G	0.035	0.2165243
202	A	0.294	0.2030041
203	C	0.187	0.1930766
204	T	0.333	0.1861739
205	C	0.452	0.1921252
206	C	0.444	0.1949841
207	T	-0.028	0.1807295
208	A	-0.379	0.1817888
209	G	0.149	0.2034615
210	C	0.427	0.2020948
211	G	0.422	0.2085239
212	C	0.203	0.194782
213	G	0.035	0.1943141
214	G	0.135	0.2053943
215	C	0.304	0.209027
216	C	0.423	0.2018561
217	C	0.239	0.1681974
218	G	0	0.1589648
 219	T	-0.221	0.1739182
220	C	0.398	0.1722139
221	C	0.294	0.1686875
222	T	0.434	0.1641675
223	G	-0.267	0.1508427
224	G	0.284	0.1445613
225	C	0.431	0.145828
226	C	0.413	0.141268
227	C	0.294	0.1236825
228	T	-0.296	0.1213521
229	G	-0.231	0.1026457
230	C	-0.050	0.09625925
231	G	0.111	0.06011998
232	C	0.349	0.0400903
233	G	0.323	0.007744164
234	G	-0.089	0.02114442
235	G	-0.103	0.02282196
236	G	0.163	0.01457924
237	A	0.203	0.01555265
238	G	0.036	0.0216811
239	G	0.188	0.04575705
240	A	-0.411	0.06314533
241	G	-0.361	0.08307484
242	A	-0.396	0.09444702
243	A	-0.146	0.09774961
244	C	-0.276	0.09550256
245	C	0.027	0.113012
246	A	0.321	0.1289506
247	G	0.249	0.1264349
248	C	0.435	0.1231331
249	G	0.429	0.1191176
250	G	0.233	0.1123879
251	G	0.151	0.1385555
252	G	0.388	0.1569841
253	C	0.361	0.1911885
254	C	0.422	0.2169646
255	G	0.274	0.2452826
256	C	0.295	0.2541906
257	G	0.247	0.2344019
258	G	0.107	0.2126534
259	C	0.131	0.1787473
260	A	-0.052	0.1554896
261	G	0.040	0.1436045
262	A	0.164	0.1447091
263	G	0.043	0.1403916
264	C	0.356	0.1424454
265	C	0.420	0.1450572
266	T	0.346	0.1435062
267	G	0.223	0.1328904
268	G	-0.113	0.1375131
269	A	-0.228	0.1209548
270	G	-0.310	0.1320199
271	A	-0.081	0.1274884
272	C	-0.027	0.1336948
273	G	0.175	0.1424664
274	C	0.293	0.1539863
275	G	0.406	0.1536531
276	C	0.479	0.1284562
277	C	0.239	0.1210347
278	T	0.062	0.1122205
279	C	0.349	0.1340886
280	G	-0.256	0.159245
281	T	0.374	0.1653125
282	T	-0.151	0.1511885
283	C	0.176	0.1658528
284	T	0.357	0.1544619
285	G	0.297	0.1556783
286	T	0.348	0.1397967
287	A	-0.133	0.1410042
288	G	0.182	0.1201304
289	A	0.029	0.1158009
290	C	0.367	0.1090044
291	T	0.324	0.1398432
292	T	-0.177	0.1345599
293	G	-0.392	0.159908
294	T	0.294	0.1716554
295	T	-0.075	0.1730182
296	G	0.320	0.1731129
297	G	0.057	0.1769121
298	T	0.506	0.1948493
299	G	-0.219	0.2050973
300	A	-0.032	0.2163668
301	C	0.199	0.2175504
302	C	0.421	0.2144492
303	T	0.258	0.2311632
304	C	0.405	0.262922
305	G	0.435	0.23287
306	G	0.387	0.2454053
307	C	0.299	0.2155779
308	C	0.432	0.2331109
309	C	0.260	0.2300697
310	C	0.408	0.2591003
311	T	0.277	0.2686214
312	C	0.393	0.2699626
313	G	0.256	0.2688793
314	C	0.190	0.2771029
315	T	0.305	0.2752783
316	C	-0.366	0.27622
317	G	0.200	0.2697591
318	A	-0.336	0.2774364
319	C	0.443	0.2698262
320	G	0.439	0.2768702
321	C	0.419	0.270489
322	A	0.176	0.2771015
323	G	0.229	0.2774658
324	C	0.398	0.2810727
325	C	0.439	0.2606109
326	C	0.365	0.2314079
327	G	0.455	0.248062
328	C	0.244	0.250181
329	G	0.468	0.2598659
330	C	0.264	0.2397179
331	T	0.415	0.2372334
332	C	0.268	0.2348155
333	C	0.423	0.2439763
334	C	0.401	0.2356474
335	C	0.335	0.2395493
336	G	-0.259	0.2136229
337	G	-0.336	0.2103077
338	A	0	0.2037825
 339	G	0.247	0.2075144
340	G	-0.122	0.2013118
341	G	0	0.1738018
 342	C	0.384	0.1638519
343	C	0.366	0.1397421
344	C	0.378	0.1063954
345	A	0.046	0.0655698
346	G	0.483	0.03683957
347	G	-0.130	0.04925871
348	A	0.292	0.08111962
349	C	0.312	0.0828656
350	T	0.327	0.06821025
351	T	0.331	0.09336444
352	G	-0.340	0.09425034
353	G	0.196	0.08591089
354	A	-0.262	0.0763428
355	G	-0.310	0.07362666
356	A	-0.497	0.08670181
357	A	-0.296	0.08414331
358	G	0.013	0.1109655
359	G	0.364	0.1080112
360	G	0.038	0.1076173
361	A	-0.075	0.1045935
362	G	0.430	0.1082076
363	C	0.019	0.1190499
364	G	0.201	0.129828
365	C	0.155	0.1585296
366	G	0.318	0.1795972
367	C	0.333	0.2131217
368	C	0.427	0.2284348
369	T	0.459	0.2236964
370	G	0.227	0.2141339
371	G	0.303	0.2251056
372	C	0.260	0.2517255
373	C	0.411	0.2262311
374	G	-0.101	0.226033
375	C	0.434	0.2230894
376	C	0.369	0.200922
377	G	0.152	0.1772961
378	C	0.240	0.1604393
379	T	0.040	0.1563505
380	G	-0.090	0.1226121
381	G	0.154	0.09594093
382	G	0.279	0.09468975
383	T	0.510	0.09265811
384	C	-0.130	0.09345798
385	A	0.015	0.1164268
386	C	0.136	0.1159493
387	G	-0.331	0.1164973
388	G	-0.201	0.1290783
389	A	-0.037	0.1381861
390	G	0.337	0.1556215
391	G	-0.283	0.1755587
392	A	-0.359	0.1726265
393	G	0.276	0.1750316
394	G	0.215	0.1447
395	C	0.428	0.1553664
396	C	0.403	0.1704992
397	C	0.423	0.1812206
398	G	0.381	0.214566
399	C	0.429	0.2358167
400	C	0.440	0.2509745
401	C	0.424	0.2218557
402	T	0.347	0.2115981
403	C	0.089	0.2045832
404	C	0.332	0.1869528
405	A	-0.156	0.1881197
406	C	0.104	0.1829601
407	G	0.348	0.1845453
408	C	0.372	0.1869589
409	G	0.401	0.1805875
410	C	0.266	0.1510423
411	C	0.296	0.1101754
412	G	-0.302	0.07126113
413	A	-0.508	0.03772
414	A	-0.513	0.03648928
415	G	-0.111	0.03214628
416	G	0.241	0.05282687
417	C	0.315	0.04548441
418	C	0.438	0.0302874
419	T	0.476	0.009228091
420	C	0.240	0.008329227
421	A	-0.220	0.010571
422	A	-0.458	0.01719659
423	T	-0.431	0.02448686
424	A	-0.390	0.05651732
425	A	0.062	0.09762909
426	A	0.237	0.1223781
427	C	0.298	0.1312503
428	G	-0.057	0.1157979
429	G	0.013	0.08393176
430	A	-0.090	0.06643667
431	G	0.381	0.05873537
432	C	0.315	0.07680101
433	T	0.442	0.1036516
434	G	-0.142	0.1243441
435	G	0.195	0.1570785
436	C	0.391	0.1750627
437	G	0.432	0.178389
438	C	0.436	0.1783554
439	T	-0.024	0.1984331
440	G	-0.262	0.2107087
441	C	0.091	0.2344233
442	G	0.071	0.235948
443	G	0.177	0.2346002
444	G	0.132	0.2353452
445	T	0.023	0.2448618
446	C	0.330	0.2419802
447	C	0.458	0.2364132
448	G	0.310	0.2146337
449	G	0.297	0.2092625
450	C	0.384	0.2250326
451	A	0.283	0.2549251
452	C	0.430	0.2613002
453	T	0.415	0.2697121
454	C	0.285	0.2794453
455	C	0.458	0.2927988
456	C	0.066	0.3109591
457	T	0.132	0.3052909
458	T	0.268	0.3023724
459	C	-0.046	0.3085116
460	G	0.318	0.3040697
461	C	0.322	0.2819739
462	C	0.395	0.2767952
463	T	0.231	0.2743832
464	G	0.256	0.2607274
465	C	0.391	0.2589594
466	C	0.426	0.2588534
467	T	0.423	0.2716268
468	C	0.205	0.2860628
469	T	0.393	0.2621839
470	C	0.445	0.2614218
471	T	0.199	0.236197
472	G	-0.101	0.220372
473	T	0.169	0.2201002
474	G	0.377	0.2235094
475	G	0.114	0.2304029
476	G	0.246	0.2320231
477	C	0.456	0.2237447
478	C	0.347	0.214896
479	T	0.450	0.2251239
480	A	-0.256	0.2184043
481	G	-0.063	0.2038287
482	G	-0.236	0.1901813
483	A	-0.025	0.1837536
484	C	0.389	0.1945556
485	C	0.306	0.188138
486	G	0.408	0.1804064
487	C	0.426	0.1876158
488	C	0.244	0.1811556
489	C	0.228	0.1851737
490	C	0.430	0.1853623
491	G	0.246	0.2108494
492	G	0.124	0.231671
493	G	-0.100	0.2597218
494	A	-0.243	0.2634399
495	T	0.407	0.2523724
496	C	0.236	0.2460164
497	T	-0.055	0.2350892
498	G	0.405	0.205817
499	C	0.314	0.2064854
500	G	0.436	0.2048344
501	C	0.454	0.1975609
502	C	0.303	0.1917917
503	T	0.394	0.1878619
504	C	0.380	0.187596
505	G	0.055	0.2085913
506	G	0.145	0.1991437
507	T	0.167	0.196421
508	G	0.167	0.2004725
509	G	-0.217	0.2013751
510	C	0.258	0.1744463
511	G	0.192	0.1333042
512	G	0.270	0.1109936
513	G	0.119	0.09932065
514	G	0.038	0.1008766
515	G	-0.106	0.09818315
516	G	0.218	0.1187887
517	C	0.199	0.09711775
518	G	0.176	0.06495015
519	G	0.034	0.0657097
520	T	0.425	0.07103085
521	G	-0.278	0.07841053
522	G	-0.468	0.0896088
523	A	-0.036	0.07252162
524	G	0.047	0.06576392
525	G	0.429	0.04550805
526	G	0.321	0.03804592
527	G	0.509	0.006772009
528	G	-0.331	0.01489069
529	A	-0.540	0.02684037
530	A	0.184	0.04576384
531	T	-0.099	0.04202706
532	G	0.421	0.07131015
533	C	0.438	0.1074266
534	G	-0.105	0.1118313
535	G	-0.029	0.1159821
536	A	-0.407	0.08301097
537	G	-0.270	0.08472115
538	A	-0.469	0.08237356
539	C	0.378	0.1154221
540	C	0.439	0.1304127
541	C	0.450	0.1363863
542	G	0.343	0.1594572
543	C	0.365	0.1577542
544	A	0.325	0.154228
545	C	0.060	0.1650862
546	T	0.138	0.1796944
547	T	-0.296	0.2148098
548	C	0.359	0.2387891
549	C	0.457	0.2475873
550	T	0.395	0.2384483
551	G	-0.210	0.209799
552	T	0.315	0.1948279
553	G	0.407	0.1871691
554	G	0.383	0.1585348
555	C	0.360	0.1582804
556	A	0.133	0.1682113
557	C	0.291	0.1805501
558	C	0.365	0.2111177
559	T	0.257	0.1707843
560	G	-0.275	0.1374811
561	G	0.177	0.1043107
562	A	-0.190	0.1330141
563	C	0.120	0.1380198
564	G	0.174	0.117804
565	G	-0.264	0.1163888
566	G	0.320	0.1114974
567	G	0.278	0.1249074
568	C	0.409	0.1287108
569	G	0.376	0.1315445
570	G	-0.528	0.131696
571	A	-0.275	0.1613119
572	G	-0.333	0.166608
573	C	0.420	0.1887557
574	C	0.426	0.19059
575	G	-0.037	0.1994551
576	C	0.352	0.2300791
577	C	0.253	0.2262139
578	G	0.428	0.2189593
579	C	0.375	0.2086157
580	T	0.427	0.2015257
581	C	0.260	0.2422647
582	C	0.375	0.2688976
583	C	0.293	0.2985222
584	A	0.296	0.2926468
585	G	0.161	0.2904175
586	C	0.369	0.2738311
587	C	0.409	0.2493626
588	T	0.235	0.2150855
589	C	0.119	0.1981252
590	G	0.182	0.1898515
591	G	0.220	0.1896888
592	G	0.367	0.191238
593	C	0.310	0.1990467
594	A	0.317	0.1754482
595	G	0.291	0.1666628
596	C	0.377	0.1650449
597	A	-0.402	0.1517716
598	G	-0.185	0.1528475
599	A	-0.500	0.1570436
600	G	0.055	0.1431052
601	G	0.193	0.1280647
602	G	0.423	0.1334564
603	C	0.294	0.1167291
604	G	0.547	0.1154266
605	G	-0.225	0.1196198
606	A	0.103	0.1202492
607	C	0.125	0.1139538
608	G	0.077	0.1267772
609	C	0.433	0.1442531
610	G	0.327	0.1854402
611	G	-0.187	0.2031184
612	G	-0.148	0.1943204
613	A	0.338	0.1975778
614	C	0	0.1959156
 615	G	0.282	0.1802833
616	C	0.410	0.2093966
617	T	0.305	0.2231805
618	G	0.238	0.2375124
619	G	-0.119	0.2521486
620	G	0.198	0.2521967
621	C	0.405	0.2554448
622	G	0.444	0.283376
623	C	0	0.3008903
 624	G	0.495	0.2867009
625	C	0.257	0.2922023
626	T	0.203	0.2673732
627	C	0.415	0.2446342
628	C	0.406	0.2485928
629	G	0.441	0.2569465
630	G	0.399	0.282375
631	C	0.434	0.2783929
632	T	0.398	0.2792341
633	C	0.426	0.2707745
634	T	0.236	0.2820674
635	G	0.026	0.2771122
636	T	0.121	0.2850492
637	C	-0.264	0.2865622
638	A	-0.090	0.2612382
639	G	0.392	0.260999
640	C	0.422	0.2572149
641	G	0.439	0.2489339
642	G	0.111	0.2383649
643	C	0.423	0.2386637
644	T	0.258	0.2286729
645	C	0.248	0.2133101
646	C	0.386	0.1970449
647	C	0.432	0.1926455
648	G	0.237	0.225352
649	G	-0.142	0.2364351
650	C	0.401	0.2378939
651	T	0.357	0.2334589
652	G	0.217	0.2145602
653	G	0.201	0.2111916
654	G	0.405	0.199909
655	C	0.207	0.1817852
656	G	-0.101	0.1848617
657	G	-0.331	0.1845769
658	A	0.024	0.1815616
659	G	0.455	0.1899635
660	G	0.153	0.2171586
661	G	0.424	0.1944689
662	C	0.324	0.1907104
663	A	0.023	0.1915602
664	G	0.037	0.1916531
665	A	0.175	0.1925744
666	G	-0.140	0.196842
667	C	0.316	0.2201498
668	G	0.380	0.2530708
669	G	0.366	0.2693984
670	G	0.421	0.2578638
671	G	0.456	0.2695519
672	G	-0.097	0.2700049
673	A	0.275	0.2736241
674	C	0.236	0.2931277
675	T	0.203	0.3014352
676	C	0.425	0.2746159
677	C	0.301	0.2611016
678	T	0.411	0.2361699
679	G	0.393	0.1948536
680	G	0.383	0.1590237
681	G	0.201	0.143315
682	G	0.410	0.1354609
683	C	0.434	0.1626239
684	C	0.404	0.1686688
685	C	0.452	0.1652358
686	C	0.219	0.1604981
687	T	-0.414	0.1229876
688	A	-0.438	0.1074679
689	A	-0.232	0.0948564
690	A	-0.528	0.07749073
691	A	-0.422	0.0800215
692	C	0.076	0.09408868
693	G	0.283	0.080979
694	T	0.499	0.07181382
695	C	0.408	0.06513432
696	A	0.160	0.05918795
697	C	0.099	0.0591855
698	G	-0.399	0.09403205
699	T	-0.040	0.132524
700	A	0.134	0.1606877
701	T	0.011	0.1935695
702	C	0.439	0.2282334
703	C	0.511	0.2425241
704	G	0.122	0.2450776
705	T	0.232	0.2331554
706	C	0.257	0.2139821
707	C	0.321	0.1950894
708	T	0.219	0.1687161
709	G	0.352	0.1836569
710	C	0.408	0.1790854
711	T	0.387	0.1821297
712	C	0.194	0.1963771
713	C	0.340	0.1952971
714	A	0.390	0.1780308
715	C	0.339	0.1780793
716	T	0.237	0.1850465
717	T	-0.013	0.1839187
718	T	-0.255	0.180535
719	G	-0.480	0.1897552
720	G	-0.070	0.1745974
721	A	-0.140	0.164128
722	C	0.201	0.1493953
723	C	0.324	0.1589572
724	G	0.415	0.1640837
725	G	0.131	0.1463251
726	G	0.123	0.1105182
727	G	0.386	0.08117091
728	C	0.232	0.07162283
729	C	0.247	0.07286755
730	G	0.422	0.09065529
731	G	0.018	0.07110952
732	G	0.178	0.07294797
733	G	0.063	0.05083525
734	G	0.405	0.05105125
735	T	0.453	0.05094225
736	G	0	0.05395484
 737	G	-0.448	0.04300715
738	A	-0.408	0.03595443
739	A	-0.223	0.03871702
740	A	-0.227	0.04342325
741	T	-0.089	0.03044415
742	T	-0.500	0.02350467
743	G	-0.100	-0.0070406
744	A	-0.285	-0.003271814
745	G	0.329	-0.01096054
746	G	0.412	-0.0129439
747	G	0.197	0.007031732
748	G	-0.117	0.03762805
749	A	0.230	0.06784928
750	G	0.293	0.08536314
751	G	0.351	0.09802728
752	G	0.137	0.1172388
753	G	-0.134	0.1580418
754	A	-0.493	0.1765311
755	A	0.146	0.2090715
756	G	0.235	0.2152784
757	G	0.409	0.1986047
758	C	0.439	0.2133889
759	T	0.224	0.1988447
760	G	0.256	0.1727992
761	G	0.161	0.1526259
762	A	0.050	0.139306
763	C	0.333	0.1462788
764	T	0.396	0.1412139
765	T	0.306	0.1727685
766	G	0.430	0.1796273
767	G	0.465	0.1616027
768	T	0.046	0.1464957
769	G	0.522	0.1076972
770	A	-0.437	0.07840895
771	A	-0.342	0.04216495
772	T	-0.150	0.01168786
773	T	0.058	-0.005271691
774	C	0.290	-0.04292828
775	G	-0.245	-0.04755415
776	G	0.200	-0.04213974
777	A	0.296	-0.0422946
778	G	-0.160	-0.04405374
779	C	0.077	-0.05914689
780	A	-0.414	-0.09350125
781	A	-0.419	-0.08539239
782	A	-0.540	-0.09330339
783	A	-0.508	-0.1105954
784	C	-0.322	-0.1193989
785	A	-0.495	-0.1424044
786	A	0.295	-0.149551
787	C	0.425	-0.1747736
788	C	0.427	-0.2082334
789	G	0.427	-0.2089347
790	G	-0.285	-0.1948261
791	A	-0.232	-0.1857011
792	T	-0.258	-0.1575161
793	A	-0.516	-0.112931
794	A	-0.530	-0.07051086
795	A	-0.135	-0.04106118
796	G	-0.215	0.006850909
797	G	-0.402	-0.01927714
798	A	-0.354	-0.06359618
799	A	-0.439	-0.09849459
800	A	-0.175	-0.1074246
801	C	0.387	-0.1015102
802	G	-0.213	-0.09140516
803	G	0.200	-0.1023665
804	G	0.440	-0.09654216
805	C	0.424	-0.07170975
806	C	0.325	-0.04790502
807	C	0.559	-0.0198452
808	G	-0.279	0.004158977
809	A	-0.549	0.01559366
810	A	-0.340	0.04251684
811	G	0.230	0.06987539
812	G	-0.155	0.07284416
813	G	-0.010	0.0997892
814	A	-0.500	0.101581
815	A	-0.387	0.1006996
816	G	0.015	0.1000783
817	C	0.388	0.0984957
818	G	0.401	0.08336675
819	G	0.125	0.1180737
820	G	-0.102	0.1637886
821	A	0.153	0.1876561
822	G	0.425	0.1815473
823	C	0.453	0.1838822
824	T	0.379	0.1745568
825	G	0.240	0.212839
826	C	0.420	0.2393564
827	G	0.410	0.2595929
828	G	0.290	0.2358588
829	G	0.226	0.1935632
830	C	0.483	0.1836562
831	C	0.456	0.195965
832	T	0.184	0.2092515
833	T	0.096	0.2095301
834	G	-0.104	0.1839162
835	G	-0.215	0.1739561
836	C	0.342	0.1778677
837	T	0.195	0.1749463
838	G	0.460	0.1750442
839	T	-0.134	0.1716996
840	G	-0.528	0.1716396
841	A	-0.092	0.1707354
842	G	0.168	0.1739682
843	C	0.445	0.1683932
844	T	0.432	0.1431271
845	T	-0.110	0.1331781
846	G	0.160	0.1350029
847	G	0.326	0.1149774
848	C	0.356	0.1209801
849	C	0.412	0.119151
850	A	0.217	0.1435851
851	G	0.224	0.178204
852	G	0.463	0.198466
853	C	0.527	0.2048949
854	T	0.061	0.1980367
855	A	-0.459	0.1991067
856	T	-0.323	0.2249684
857	T	-0.175	0.2333543
858	T	-0.098	0.2378503
859	C	0.327	0.2335338
860	C	0.420	0.1970395
861	T	0.403	0.1871611
862	G	0.232	0.1743121
863	C	0.353	0.1666573
864	T	0.309	0.1414033
865	G	0.294	0.1562165
866	C	0.455	0.1965755
867	C	0.458	0.2195753
868	T	0.344	0.2183496
869	C	0.425	0.2273022
870	C	0.261	0.2356648
871	G	-0.390	0.2225986
872	G	0	0.1859851
 873	A	-0.057	0.1872898
874	G	0.295	0.179989
875	G	-0.028	0.1775845
876	G	0.387	0.1829193
877	G	0.428	0.1821532
878	T	0.182	0.1793288
879	G	-0.202	0.17312
880	A	0.098	0.1567384
881	C	0.511	0.1569127
882	C	0.133	0.1777707
883	A	-0.402	0.1858868
884	C	0.261	0.2086301
885	G	0.192	0.1859279
886	G	0.256	0.1948093
887	C	0.411	0.1642319
888	C	0.438	0.1548015
889	T	0.396	0.1304432
890	G	0.208	0.1586519
891	G	0.064	0.1712005
892	G	0.265	0.1575926
893	C	0.068	0.1704063
894	T	0.178	0.2063893
895	C	0.442	0.2097306
896	A	-0.203	0.2108754
897	G	0.167	0.211849
898	A	-0.285	0.2070285
899	G	0.220	0.2030391
900	A	-0.353	0.202489
901	C	0.417	0.2015699
902	T	0.374	0.2179157
903	G	0.212	0.2261671
904	C	0.414	0.2061075
905	C	0.389	0.1959292
906	C	0.335	0.1790166
907	A	0.217	0.1967771
908	G	0.278	0.2040314
909	C	0.305	0.2071527
910	C	0.350	0.2047487
911	C	0.384	0.2217347
912	C	0.187	0.2226542
913	C	0.424	0.2205011
914	T	0.446	0.2279549
915	C	-0.372	0.2185798
916	T	-0.045	0.2179444
917	G	0.070	0.214052
918	C	0.186	0.2215186
919	A	0.326	0.209371
920	G	-0.216	0.2069244
921	G	0.167	0.2105859
922	A	0.020	0.2093327
923	C	0.438	0.2114896
924	T	0.327	0.205032
925	G	0.376	0.2029943
926	G	0.208	0.2371573
927	C	0.375	0.2569769
928	C	0.249	0.27384
929	A	0.382	0.2747663
930	G	0.010	0.2803444
931	G	0.252	0.3113935
932	C	0.431	0.3172151
933	T	0.356	0.3061589
934	G	0.235	0.2774248
935	G	0.282	0.2491387
936	G	0.401	0.2393736
937	G	0.379	0.2453076
938	C	0.390	0.238626
939	C	0.441	0.2462427
940	C	0.207	0.2470026
941	G	0.449	0.2658758
942	C	0.466	0.2742728
943	T	0.295	0.269863
944	T	-0.222	0.2385459
945	T	-0.193	0.227844
946	C	-0.295	0.204256
947	T	0.161	0.1810277
948	G	0.339	0.1775115
949	G	0.228	0.175545
950	C	0.416	0.1758399
951	C	0.398	0.1863476
952	C	0.426	0.1854205
953	C	0.436	0.184927
954	T	0.334	0.1602735
955	G	-0.332	0.1484906
956	G	0	0.1333115
 957	A	-0.236	0.1432832
958	A	-0.109	0.129707
959	C	0.301	0.1025917
960	C	0.347	0.1101426
961	C	0.447	0.103049
962	T	0.438	0.0959857
963	C	0.428	0.08779988
964	C	0.455	0.08930088
965	A	-0.246	0.06593665
966	T	-0.481	0.08706992
967	T	-0.527	0.09936074
968	T	-0.075	0.1192913
969	G	-0.137	0.1325195
970	C	-0.257	0.1162549
971	T	0.394	0.1178274
972	G	0.260	0.1128596
973	G	0.243	0.1033941
974	G	0.245	0.1039369
975	G	0.469	0.080811
976	G	-0.179	0.09053151
977	A	0.132	0.1209906
978	C	0.270	0.1582966
979	T	0.201	0.1787659
980	G	0.181	0.2029948
981	T	-0.056	0.2345318
982	C	0.381	0.2331164
983	C	0.338	0.2426771
984	C	0.230	0.2348085
985	C	0.440	0.2096563
986	T	-0.052	0.1831191
987	G	-0.032	0.1969379
988	G	0.188	0.1729759
989	T	0.292	0.1554848
990	T	0.374	0.1414187
991	C	0.395	0.1437795
992	C	0.436	0.1447821
993	C	0.363	0.136226
994	C	0.471	0.1327924
995	C	0.070	0.1327765
996	A	-0.307	0.1271472
997	T	-0.114	0.1360934
998	C	0.124	0.1456291
999	T	-0.394	0.1513827
1000	G	-0.114	0.1514546
1001	A	-0.107	0.1527952
1002	T	0.233	0.142993
1003	G	-0.034	0.1262833
1004	C	0.193	0.1027802
1005	G	0.263	0.08406216
1006	C	0.229	0.07177175
1007	A	0.317	0.08514281
1008	G	0.143	0.1050028
1009	G	0.177	0.1175722
1010	T	0.314	0.1310405
1011	C	0.294	0.1535196
1012	T	0.404	0.1660895
1013	G	0.179	0.1736865
1014	G	0.068	0.1922671
1015	G	-0.153	0.1966041
1016	A	0.059	0.2043195
1017	G	-0.200	0.2111899
1018	T	-0.013	0.2164915
1019	C	0.322	0.2205293
1020	T	0.401	0.2298829
1021	G	-0.098	0.2338722
1022	T	0.380	0.2397083
1023	C	0.168	0.240302
1024	A	0.401	0.2444391
1025	C	0.374	0.2441292
1026	C	0.289	0.234687
1027	C	0.432	0.2187172
1028	C	0.380	0.2156619
1029	C	0.433	0.2341246
1030	C	0.232	0.2276082
1031	T	0.383	0.2273448
1032	C	0.402	0.2318074
1033	C	0.422	0.2075781
1034	C	0.417	0.2179478
1035	C	0.270	0.2230054
1036	C	0.062	0.2210093
1037	A	-0.361	0.1872294
1038	A	-0.291	0.1759377
1039	T	-0.267	0.1612551
1040	C	0.392	0.1477934
1041	T	0.179	0.1407689
1042	C	0.395	0.1169965
1043	G	0	0.07604762
 1044	G	-0.152	0.04155421
1045	C	0.396	0.02488825
1046	C	0.512	0.01773061
1047	C	0.330	0.02219419
1048	A	-0.453	0.04326078
1049	T	0.184	0.06927537
1050	G	0.057	0.09798305
1051	G	0.137	0.08528546
1052	A	0.078	0.08046491
1053	G	-0.139	0.06028876
1054	G	-0.498	0.0555248
1055	A	-0.336	0.06576744
1056	G	0.050	0.02699876
1057	C	0.113	-0.01910456
1058	A	0.160	-0.05322629
1059	G	0.102	-0.04231638
1060	G	0.280	-0.05430483
1061	G	0.364	-0.04988154
1062	G	0.113	-0.03883654
1063	A	0.073	-0.02240011
1064	G	-0.048	0.00857725
1065	G	-0.104	0.04028743
1066	T	0.072	0.05220949
1067	A	-0.455	0.05766954
1068	A	-0.501	0.05802418
1069	A	-0.419	0.06984704
1070	G	-0.213	0.0778509
1071	T	-0.079	0.08615109
1072	A	0.155	0.08232872
1073	C	0.380	0.09403231
1074	C	0.439	0.08258277
1075	T	0.541	0.07258075
1076	G	0.199	0.07309008
1077	A	-0.073	0.07836485
1078	C	0.170	0.1163491
1079	A	0.121	0.1571744
1080	C	0.420	0.1902439
1081	C	0.278	0.2139396
1082	T	0.463	0.2338644
1083	G	0.280	0.2337015
1084	T	0.371	0.2308977
1085	T	-0.178	0.1881746
1086	A	-0.268	0.1716179
1087	C	-0.093	0.1816359
1088	C	0.188	0.1947343
1089	C	0.379	0.1769938
1090	T	0.396	0.1567464
1091	C	0.307	0.1150042
1092	C	0.307	0.07925102
1093	C	0.359	0.06592761
1094	C	0.151	0.04314861
1095	T	0.318	0.03697415
1096	T	-0.500	0.06362829
1097	C	0.177	0.09477902
1098	C	0.419	0.1120486
1099	C	0.214	0.1082625
1100	G	-0.219	0.08463995
1101	G	-0.324	0.05486023
1102	A	-0.497	0.056572
1103	A	-0.508	0.056465
1104	A	0.169	0.05880086
1105	G	-0.221	0.06342305
1106	G	0.235	0.05936523
1107	C	0.407	0.09973577
1108	C	0.416	0.10322
1109	G	0.286	0.08005106
1110	C	0.105	0.06704595
1111	G	-0.139	0.06815254
1112	A	-0.258	0.1019374
1113	G	0.345	0.1360429
1114	C	0.304	0.1796514
1115	A	0.410	0.1903569
1116	G	0.253	0.2161495
1117	G	0.229	0.2195039
1118	C	0.388	0.2159126
1119	T	0.253	0.2065015
1120	G	-0.090	0.1961727
1121	T	-0.071	0.191392
1122	G	-0.195	0.2115361
1123	C	0.419	0.2412601
1124	C	0.252	0.2473582
1125	T	0.451	0.230647
1126	C	0.405	0.2295773
1127	T	0.346	0.2389239
1128	G	0.309	0.2182269
1129	G	0.328	0.1865784
1130	C	0.209	0.1627625
1131	A	0.059	0.1810501
1132	T	0	0.1921333
 1133	T	0.303	0.1974411
1134	C	0.394	0.1877175
1135	T	0.479	0.1739247
1136	G	-0.062	0.1694091
1137	T	0.386	0.1665506
1138	G	0.458	0.1597971
1139	G	-0.225	0.149493
1140	G	-0.308	0.1374718
1141	A	-0.270	0.12079
1142	T	0.312	0.1340107
1143	C	0.172	0.1493065
1144	A	-0.078	0.1505851
1145	G	0.205	0.1289309
1146	G	-0.051	0.08795252
1147	G	0.351	0.06783952
1148	G	0.342	0.04002461
1149	C	0.197	0.001524341
1150	A	0.082	-0.004344886
1151	G	0.064	-0.007541614
1152	C	-0.157	-0.006464341
1153	A	0.349	-0.03558575
1154	G	0.336	-0.0569233
1155	C	0.331	-0.07280148
1156	A	-0.081	-0.1045907
1157	G	-0.422	-0.1134909
1158	A	-0.505	-0.1530267
1159	A	-0.225	-0.1833051
1160	G	-0.388	-0.1789011
1161	A	-0.354	-0.1635836
1162	A	-0.378	-0.1504209
1163	A	-0.246	-0.1236758
1164	G	-0.328	-0.1221048
1165	A	-0.297	-0.1378841
1166	A	-0.427	-0.1690878
1167	G	-0.494	-0.1904984
1168	T	-0.246	-0.1739506
1169	A	-0.517	-0.1340947
1170	A	-0.323	-0.1206953
1171	C	0.294	-0.1112102
1172	C	0.419	-0.1057997
1173	T	0.354	-0.06980629
1174	C	0.430	-0.05316584
1175	C	0.384	-0.01840884
1176	C	-0.010	0.01315139
1177	A	-0.355	0.03308045
1178	A	-0.552	0.04438723
1179	G	-0.058	0.064332
1180	C	0.371	0.105144
1181	T	0.069	0.1298572
1182	G	-0.179	0.1195543
1183	A	-0.235	0.1159349
1184	C	0.413	0.1155365
1185	C	0.119	0.115324
1186	C	0.436	0.1087689
1187	T	0.397	0.121337
1188	G	0.010	0.1576902
1189	A	-0.245	0.1953868
1190	C	0.191	0.195196
1191	C	0.379	0.1868431
1192	C	0.220	0.2034332
1193	A	0.068	0.2284841
1194	G	0.339	0.259167
1195	C	0.345	0.2587558
1196	C	0.426	0.2718914
1197	C	0.240	0.2334399
1198	C	0.265	0.2293749
1199	A	0.444	0.2186027
1200	C	0.276	0.2116407
1201	A	-0.062	0.1955408
1202	C	0.187	0.1654249
1203	T	0.434	0.1418821
1204	C	0.371	0.1549882
1205	T	0.439	0.1444152
1206	G	0.404	0.1319861
1207	T	0.408	0.09085508
1208	G	-0.409	0.06638994
1209	T	0.307	0.04268171
1210	T	-0.226	0.03095244
1211	A	-0.398	0.03746808
1212	A	-0.162	0.06076383
1213	T	-0.282	0.07156487
1214	G	-0.297	0.05695737
1215	T	0.356	0.02848951
1216	A	0.107	0.005559223
1217	T	0.071	-0.0189426
1218	T	-0.478	-0.0622165
1219	T	-0.297	-0.05474782
1220	A	-0.255	-0.05990223
1221	G	0.186	-0.0343915
1222	T	0.420	-0.006082732
1223	C	0.450	0.01630959
1224	T	0.425	0.0388875
1225	G	0.113	0.06789609
1226	T	-0.254	0.07549136
1227	G	-0.065	0.08597236
1228	C	-0.134	0.07294299
1229	A	-0.543	0.1054934
1230	A	-0.245	0.1392389
1231	C	0.194	0.155401
1232	G	0.334	0.1641304
1233	G	0.224	0.1652457
1234	G	0.330	0.1604267
1235	A	0.214	0.1595885
1236	G	0.340	0.1777447
1237	C	0.523	0.1716171
1238	T	0.337	0.1988675
1239	A	-0.214	0.2073188
1240	C	0.237	0.2136632
1241	T	0.444	0.2248173
1242	G	0.099	0.1926128
1243	T	0.378	0.155849
1244	C	0.444	0.1267271
1245	T	0.344	0.09777428
1246	C	0.407	0.07882296
1247	T	0.512	0.06101263
1248	G	-0.389	0.05674359
1249	T	0.534	0.0612314
1250	T	0.051	0.08221818
1251	T	-0.403	0.08653259
1252	T	0	0.0480105
 1253	A	-0.514	0.0185132
1254	T	-0.473	0.00804615
1255	A	-0.416	0.001743605
1256	G	-0.306	-0.02750971
1257	A	-0.202	-0.06692099
1258	T	-0.051	-0.1134856
1259	G	0.429	-0.09358499
1260	G	0.436	-0.1372446
1261	G	0.246	-0.1308505
1262	G	0.332	-0.09454992
1263	A	-0.403	-0.0765556
1264	A	-0.549	-0.0635791
1265	A	0.148	-0.05575047
1266	C	0.306	-0.0521086
1267	T	-0.299	-0.04728188
1268	G	-0.459	-0.04896047
1269	A	-0.511	-0.02984205
1270	A	0.048	-0.03188123
1271	G	-0.426	-0.03404719
1272	C	0.191	-0.03858832
1273	A	0.394	-0.0742075
1274	C	0.395	-0.0605271
1275	G	-0.228	-0.0349689
1276	A	-0.301	-0.04171154
1277	G	-0.336	-0.05208659
1278	G	-0.200	-0.04056353
1279	A	-0.239	-0.03260275
1280	G	0.369	-0.009346664
1281	G	0.384	0.008305205
1282	C	0.388	0.03747039
1283	T	0.147	0.04843402
1284	G	-0.451	0.04439143
1285	A	-0.102	0.006034705
1286	G	0.013	-0.004138659
1287	A	0	-0.01484311
 1288	C	0.077	-0.0006764273
1289	T	-0.045	0.01931121
1290	T	-0.284	0.01943439
1291	G	0	0.01423962
 1292	C	0.436	-0.007950291
1293	C	0.215	-0.01616984
1294	C	0.433	-0.004253609
1295	C	0.305	0.03179007
1296	A	-0.447	0.04451589
1297	A	-0.452	0.06333729
1298	A	-0.537	0.07097851
1299	T	-0.024	0.06289161
1300	C	0.239	0.05808869
1301	A	-0.237	0.08132182
1302	C	0.254	0.06043919
1303	A	-0.103	0.02725996
1304	G	0.207	-0.003730905
1305	C	0.409	-0.03231727
1306	C	0.341	-0.05353259
1307	A	0.177	-0.02244545
1308	G	0.427	-0.0002793636
1309	C	0.168	0.04366682
1310	A	-0.100	0.06240113
1311	A	-0.151	0.06995845
1312	T	0.226	0.09377527
1313	G	-0.459	0.09986636
1314	T	-0.293	0.1192428
1315	A	-0.466	0.1237924
1316	A	-0.195	0.1105653
1317	G	-0.160	0.07637445
1318	A	0.235	0.0720317
1319	G	0.035	0.03055192
1320	C	0.429	0.04125456
1321	T	0.387	0.05728388
1322	G	0.405	0.0820127
1323	G	0.286	0.08216206
1324	C	0.388	0.1137035
1325	C	0.322	0.1387587
1326	T	0.308	0.1734352
1327	C	0.118	0.2010941
1328	A	-0.410	0.226257
1329	G	0.082	0.1999982
1330	A	-0.485	0.2161711
1331	C	0.403	0.2035435
1332	C	0.252	0.1886442
1333	C	0.392	0.1639886
1334	A	0.229	0.1591649
1335	G	0.234	0.1552748
1336	G	0.258	0.1471582
1337	C	0.296	0.1252532
1338	C	0.412	0.1330543
1339	C	0.392	0.1586607
1340	A	-0.341	0.1753155
1341	G	0.390	0.212475
1342	G	0.151	0.2133147
1343	G	0.059	0.2119623
1344	C	-0.136	0.2094268
1345	A	0.180	0.2179349
1346	T	0.303	0.2061993
1347	G	0.144	0.1944707
1348	G	-0.173	0.1707281
1349	G	0.289	0.1415236
1350	A	0.152	0.1361912
1351	T	0.448	0.1478406
1352	C	0.332	0.1482754
1353	T	0.422	0.1600695
1354	G	0.222	0.1742956
1355	C	0.336	0.1999749
1356	C	0.416	0.1965401
1357	A	-0.023	0.167318
1358	C	0	0.1720115
 1359	A	-0.225	0.2001836
1360	T	-0.229	0.193586
1361	G	0.275	0.1912103
1362	T	-0.085	0.1580096
1363	C	0.400	0.1453846
1364	C	0.411	0.1272075
1365	C	0.372	0.1288663
1366	C	0.428	0.1289628
1367	T	0.105	0.1184653
1368	G	-0.339	0.1298037
1369	C	0.247	0.1249785
1370	C	0.445	0.1530412
1371	T	0.144	0.1690575
1372	G	0.100	0.1565345
1373	G	-0.281	0.1733762
1374	A	0.054	0.1619201
1375	G	0.022	0.1507267
1376	G	0.259	0.1205673
1377	C	0.338	0.1068892
1378	T	0.185	0.1115904
1379	G	0.225	0.1466088
1380	G	-0.106	0.1546869
1381	G	0.391	0.1517173
1382	G	0.122	0.1651983
1383	G	0	0.1749227
 1384	C	0.285	0.1909727
1385	C	0.148	0.1949793
1386	A	0.164	0.215503
1387	A	-0.290	0.2219086
1388	G	0.127	0.2155952
1389	C	0.208	0.2182018
1390	T	0.430	0.1927629
1391	T	0.425	0.1922342
1392	C	0.380	0.1720688
1393	C	0.441	0.1454682
1394	T	0.314	0.1566082
1395	G	0.071	0.1629784
1396	G	0.142	0.1765695
1397	A	0.473	0.1755856
1398	C	0.400	0.190386
1399	T	0.199	0.1823014
1400	T	0.243	0.1685563
1401	C	-0.333	0.140081
1402	A	-0.117	-
1403	G	-0.052	-
1404	A	-0.462	-
1405	G	0.245	-
1406	C	0.425	-
1407	C	0.447	-
1408	T	0.143	-
1409	T	0.034	-
1410	G	-0.050	-
1411	G	-0.093	-
1412	A	-0.195	-
