1	C	-0.421	-
2	T	0.179	-
3	C	0.323	-
4	T	0.443	-
5	T	0.023	-
6	G	0.183	-
7	C	0.183	-
8	T	0.464	-
9	T	-0.274	-
10	T	-0.087	-
11	A	-0.111	-
12	C	0.155	-
13	A	-0.146	-
14	G	0.085	-
15	T	-0.362	-
16	A	-0.282	-
17	A	-0.526	-
18	C	-0.195	0.04497945
19	T	0.366	0.05852753
20	C	0.342	0.05536365
21	T	0.323	0.05888019
22	C	0.181	0.05563759
23	C	0.410	0.04725965
24	T	0.194	0.02715651
25	C	0.145	0.01089648
26	C	0.396	-0.005998809
27	T	0.357	0.004488694
28	G	0.385	0.00891524
29	G	0.449	0.01152963
30	G	-0.225	0.00116052
31	G	0.233	0.006375286
32	A	-0.461	0.01236282
33	A	-0.526	0.03116708
34	A	-0.316	0.04375919
35	A	-0.316	0.06521877
36	G	0.053	0.08149865
37	G	0.068	0.08329488
38	C	0.446	0.07874217
39	T	0.330	0.07929871
40	T	-0.269	0.07071494
41	T	-0.519	0.05681341
42	T	-0.385	0.05377589
43	C	-0.127	0.06093889
44	A	0.092	0.06004583
45	C	0.067	0.06190375
46	G	-0.020	0.04203446
47	G	-0.206	0.01473035
48	A	0.035	0.02881752
49	G	0.294	0.03371235
50	C	0.295	0.0530074
51	A	0.158	0.07000601
52	G	0.224	0.08497706
53	G	0.373	0.1062309
54	C	0.429	0.1173075
55	T	0.182	0.1164957
56	C	0.343	0.1115258
57	G	-0.119	0.1100364
58	G	-0.075	0.1260871
59	A	0.088	0.1489339
60	G	0.395	0.172654
61	C	0.364	0.1913853
62	C	0.422	0.1797532
63	T	-0.310	0.1737639
64	A	-0.506	0.1864936
65	C	0.267	0.1968027
66	G	0.405	0.196816
67	G	0.213	0.18839
68	G	0.068	0.1746485
69	G	0.207	0.1763377
70	C	0.426	0.1765474
71	T	0.440	0.1595559
72	G	0.039	0.1520709
73	G	0.272	0.1504849
74	C	0.278	0.1417902
75	C	0.292	0.1451936
76	T	0.279	0.1543199
77	C	0.444	0.1624882
78	G	0.528	0.156827
79	G	-0.314	0.1406764
80	A	-0.142	0.1307228
81	C	0.425	0.1452269
82	T	0.153	0.1541549
83	G	0.036	0.1379615
84	G	0	0.1199859
 85	A	-0.185	0.1082946
86	T	0.217	0.111167
87	G	0.231	0.108848
88	G	-0.220	0.1033531
89	G	0.167	0.1029211
90	G	0.127	0.1113295
91	A	0.038	0.1154733
92	G	0	0.111484
 93	G	0.243	0.1171727
94	G	0.374	0.1048749
95	T	0.197	0.1029197
96	G	-0.200	0.09037291
97	C	0.074	0.1057195
98	T	0.197	0.1111988
99	C	-0.193	0.1031955
100	A	-0.299	0.1081881
101	A	-0.223	0.117877
102	C	-0.195	0.1275052
103	T	0.168	0.1323365
104	T	0.126	0.1338557
105	G	0.234	0.1292403
106	C	0.425	0.1318405
107	T	0.334	0.1216047
108	G	0.417	0.1293456
109	G	0.138	0.1282402
110	A	0.491	0.1404044
111	G	-0.150	0.1476533
112	T	0.376	0.1301836
113	C	0.089	0.1110772
114	A	0.222	0.1066948
115	T	0.049	0.09553817
116	C	0.145	0.0808704
117	T	0.328	0.08640423
118	C	0.375	0.1007524
119	T	0.336	0.1202901
120	G	-0.016	0.1338957
121	C	0.270	0.1417387
122	T	0.070	0.1387246
123	A	-0.129	0.1254411
124	T	-0.190	0.1050149
125	G	0.398	0.09050576
126	G	0	0.07964423
 127	C	0.425	0.06826732
128	T	0.497	0.04695917
129	T	-0.237	0.04061703
130	T	-0.470	0.01876832
131	A	-0.353	0.001902857
132	T	-0.315	-0.001311171
133	T	-0.316	-0.008297717
134	T	0	-0.005068174
 135	G	0.202	-0.01357878
136	C	0.459	-0.02323318
137	C	0.280	-0.02050178
138	A	0.443	-0.008315077
139	A	0.020	-0.005861163
140	C	-0.230	-0.002335409
141	A	-0.289	-0.00327258
142	A	-0.173	0.01072973
143	C	0.037	0.007691591
144	A	-0.259	0.01687431
145	G	-0.254	0.009401249
146	A	-0.372	0.004501506
147	G	-0.388	0.01793548
148	A	-0.500	0.04185008
149	A	0.110	0.06381539
150	C	-0.194	0.08568116
151	T	0.258	0.1065414
152	T	0.030	0.1187833
153	G	0.037	0.1150148
154	C	0.432	0.1102917
155	T	0.410	0.1144937
156	C	0.356	0.1094211
157	T	0.193	0.1199745
158	G	-0.162	0.1371535
159	C	0.299	0.1458707
160	A	0.292	0.1527469
161	G	0.321	0.1573757
162	C	0.164	0.1761635
163	A	0.325	0.1971814
164	G	0.232	0.2099338
165	C	0.366	0.2312737
166	C	0.414	0.2561343
167	C	0.449	0.2624232
168	C	0.413	0.2816792
169	A	0.428	0.2855876
170	G	0.071	0.2763284
171	G	0.294	0.2770742
172	C	0.427	0.2687561
173	T	0.265	0.264246
174	C	0.390	0.2645607
175	T	0.371	0.269086
176	C	0.015	0.2824593
177	T	0.066	0.2685214
178	G	0.199	0.2512695
179	G	0.397	0.2435139
180	G	0.481	0.241311
181	G	0.073	0.2276848
182	A	0.358	0.2071517
183	C	0.369	0.1881003
184	C	0.330	0.1847098
185	C	0.479	0.1801684
186	C	0.395	0.1801574
187	A	-0.293	0.1802384
188	C	0.063	0.184624
189	A	0.141	0.1861197
190	G	0.252	0.1787252
191	G	0.367	0.1805135
192	C	0.352	0.1804345
193	T	0.305	0.1807248
194	A	-0.188	0.1848539
195	T	-0.311	0.1803719
196	G	0.049	0.1618643
197	C	0.087	0.1365395
198	A	-0.151	0.1145866
199	G	-0.485	0.1271987
200	A	-0.300	0.12617
201	T	0.296	0.1280486
202	C	0.290	0.1280517
203	C	0.413	0.1077824
204	C	0.431	0.08289896
205	C	0.224	0.07983171
206	C	0.346	0.07634293
207	A	0.169	0.07016882
208	C	0.328	0.05896893
209	C	0.387	0.04250779
210	C	0.381	0.02489353
211	C	0.160	0.01708637
212	A	-0.089	0.02415781
213	G	-0.448	0.02531224
214	A	-0.488	0.01218147
215	A	-0.286	0.01744263
216	C	0.515	0.02485183
217	C	0.322	0.04989086
218	A	0.434	0.06026721
219	C	0.330	0.04348129
220	A	-0.230	0.02087878
221	G	-0.475	0.00581472
222	A	-0.400	-0.01420065
223	A	-0.058	-0.007706994
224	G	-0.074	-0.01596931
225	G	-0.139	-0.009984677
226	A	-0.208	-0.02213881
227	G	-0.264	-0.02059841
228	A	0.032	-0.02246335
229	C	0.058	-0.01393635
230	A	-0.271	0.00097738
231	G	-0.409	0.01235992
232	A	0.271	0.03626215
233	G	0.108	0.04893577
234	C	0.390	0.04047177
235	A	0.062	0.02290057
236	G	-0.291	0.01871206
237	A	-0.500	0.01866363
238	A	-0.113	0.02916355
239	G	-0.269	0.04704549
240	C	0.451	0.0651978
241	A	0.057	0.07850477
242	C	0.378	0.09233534
243	A	-0.097	0.1085713
244	C	0.441	0.127529
245	C	0.315	0.1226415
246	C	0.458	0.1182136
247	C	0.432	0.1188358
248	G	-0.049	0.1329464
249	T	0.348	0.1443591
250	C	0.156	0.144389
251	T	0.218	0.151281
252	T	-0.292	0.1527111
253	C	0.288	0.1481644
254	C	0.328	0.1668356
255	A	0.137	0.1830014
256	G	0.150	0.1832801
257	G	0.234	0.1771304
258	C	0.407	0.1618711
259	C	0.409	0.1709454
260	C	0.428	0.1699924
261	A	0.455	0.1810751
262	G	-0.435	0.1813276
263	G	-0.122	0.1718935
264	A	0.080	0.1470253
265	C	0.222	0.138359
266	A	-0.010	0.1304058
267	G	0.272	0.1310274
268	C	0.349	0.1277133
269	T	0.440	0.1323247
270	G	-0.096	0.1398188
271	C	0.362	0.1260487
272	T	0.065	0.1154467
273	G	-0.103	0.1224696
274	A	-0.484	0.1304276
275	G	-0.082	0.1361374
276	C	0.375	0.1264926
277	T	0.345	0.1027898
278	C	0.290	0.07632922
279	C	0.450	0.05855905
280	A	-0.014	0.06352502
281	G	-0.411	0.07980348
282	G	0.128	0.07146461
283	A	-0.328	0.07196144
284	C	0.369	0.07094479
285	A	0.040	0.06133035
286	C	0.380	0.04226484
287	G	-0.030	0.03012805
288	G	-0.193	0.01835421
289	A	-0.042	0.01803296
290	C	0.382	0.006462971
291	T	0.428	0.01139286
292	C	0.434	0.02716403
293	T	0.069	0.04445021
294	T	-0.420	0.03633641
295	G	-0.497	0.01969153
296	A	-0.166	0.02576576
297	A	-0.261	0.02529627
298	G	0.446	0.02990734
299	G	-0.211	0.03583311
300	T	0.239	0.04018157
301	T	-0.045	0.0518791
302	G	-0.064	0.03506247
303	A	-0.317	0.02295049
304	T	0.015	0.005630286
305	T	-0.508	0.01844646
306	T	0.350	0.03592614
307	T	-0.339	0.04614841
308	G	0.068	0.04504244
309	A	0.067	0.04168518
310	C	0.522	0.04117015
311	T	0.091	0.05072832
312	A	-0.237	0.07067943
313	C	0.503	0.08116155
314	T	0.433	0.07723758
315	T	0.147	0.06910695
316	A	-0.204	0.05292446
317	C	0.280	0.06358746
318	T	0.081	0.05561805
319	A	-0.218	0.05801677
320	A	-0.383	0.06111439
321	G	-0.225	0.07865367
322	C	0.418	0.08542378
323	T	0.418	0.1057472
324	C	0.315	0.09747873
325	C	0.344	0.1056162
326	A	0.311	0.1088399
327	G	0.416	0.1130675
328	C	0.404	0.1112302
329	T	0.278	0.1121221
330	G	-0.130	0.1130625
331	A	-0.304	0.0913855
332	A	-0.546	0.06609979
333	C	-0.119	0.05104256
334	C	0.161	0.06507707
335	A	-0.039	0.05957555
336	G	0.038	0.06358427
337	T	0.044	0.06799464
338	T	0.295	0.08632973
339	C	0.252	0.1046456
340	C	0.202	0.1053448
341	A	0.061	0.09941361
342	C	-0.055	0.08328396
343	T	0.181	0.06127236
344	T	0.215	0.0462675
345	C	0.458	0.03284351
346	T	0.122	0.0280188
347	T	-0.204	0.0313404
348	T	-0.255	0.04817946
349	A	-0.451	0.07021151
350	A	-0.379	0.08530387
351	C	0.287	0.07503459
352	C	0.088	0.05500379
353	T	0.221	0.04275418
354	T	-0.064	0.0473797
355	C	0.258	0.05374838
356	C	0.415	0.03855015
357	C	0.442	0.04322235
358	A	0.210	0.04325206
359	T	-0.248	0.05265994
360	G	-0.426	0.06727073
361	A	-0.214	0.07429608
362	T	-0.053	0.07246408
363	C	0.235	0.07076571
364	C	0.394	0.05707456
365	C	0.458	0.06956451
366	T	0.467	0.07017453
367	G	-0.017	0.08306776
368	T	-0.478	0.09392231
369	G	-0.539	0.08214845
370	A	-0.467	0.09346289
371	G	0.200	0.1011598
372	G	0.267	0.09400166
373	G	-0.235	0.08515709
374	G	0.416	0.06395027
375	T	0.203	0.04233204
376	C	0.390	0.04214512
377	T	0.456	0.06071461
378	G	0.427	0.06135198
379	T	0.151	0.05958587
380	G	0.399	0.04860025
381	G	-0.356	0.05545339
382	T	0.232	0.03010694
383	A	-0.233	0.00281608
384	T	0	-0.01890646
 385	T	0	-0.02408928
 386	G	-0.124	-0.02521891
387	C	0.484	-0.02262411
388	T	0.490	-0.006780711
389	A	-0.314	-0.009776826
390	T	-0.051	-0.01868977
391	T	-0.327	-0.01863888
392	T	-0.313	-0.02669177
393	G	0.204	-0.04363997
394	C	0.400	-0.0680206
395	A	-0.403	-0.08241661
396	A	-0.275	-0.100463
397	G	-0.437	-0.113436
398	T	0.475	-0.1235916
399	A	-0.492	-0.1044488
400	A	-0.496	-0.1055879
401	A	-0.293	-0.09591848
402	G	-0.199	-0.08462168
403	A	-0.518	-0.07380354
404	A	-0.448	-0.06088243
405	A	0.086	-0.06276125
406	G	0.095	-0.07506755
407	T	-0.044	-0.07864203
408	G	-0.234	-0.08866889
409	A	0.134	-0.09105438
410	G	-0.389	-0.09335047
411	A	-0.462	-0.1062095
412	T	-0.047	-0.11663
413	T	-0.204	-0.09247167
414	G	-0.302	-0.082958
415	A	0.043	-0.05931003
416	G	0.313	-0.06703509
417	G	0.192	-0.04099066
418	G	0.104	-0.0194798
419	A	0.395	0.001001797
420	G	0.378	0.01876071
421	G	0.327	0.04178434
422	C	0.418	0.03995868
423	T	0.060	0.02808829
424	G	-0.439	0.03000157
425	A	-0.402	0.04457923
426	A	-0.410	0.0421972
427	A	-0.394	0.05187703
428	G	-0.245	0.05174354
429	A	0.036	0.0610542
430	C	0.441	0.05466149
431	T	0.057	0.05541564
432	T	0.389	0.06931109
433	G	0.204	0.07905389
434	G	0.418	0.08228471
435	C	0.256	0.08912611
436	C	0.423	0.09760937
437	C	0.422	0.08937663
438	C	0.287	0.09015154
439	A	-0.512	0.08278535
440	A	-0.328	0.065528
441	G	0.162	0.04999875
442	T	0.465	0.05330687
443	C	-0.317	0.05467318
444	A	0.473	0.07053195
445	C	-0.394	0.08877489
446	A	-0.136	0.08847447
447	A	-0.271	0.09040013
448	T	-0.177	0.08628736
449	G	0.183	0.08643064
450	C	0.384	0.0834263
451	C	0.426	0.08891873
452	C	0.432	0.08372544
453	T	0.401	0.08494921
454	G	0.107	0.08521073
455	C	0.405	0.08473396
456	T	0.069	0.08689041
457	G	-0.185	0.113994
458	A	-0.483	0.1340299
459	A	-0.324	0.1289088
460	T	-0.354	0.1161256
461	G	0.144	0.1208333
462	T	0.244	0.09809923
463	G	-0.256	0.09442557
464	G	0.103	0.09296234
465	T	0.297	0.1127888
466	G	0.062	0.1303469
467	C	0.284	0.1368967
468	T	0.396	0.1369817
469	G	0.237	0.1295993
470	C	0.299	0.1263768
471	C	0.432	0.1253894
472	T	0.405	0.1345734
473	C	0.362	0.1240712
474	C	0.436	0.1268019
475	T	0.372	0.1352593
476	G	-0.017	0.1385972
477	G	0.017	0.1408768
478	A	-0.152	0.1391897
479	T	-0.322	0.1347679
480	A	-0.522	0.1325993
481	T	-0.187	0.1533944
482	C	0.422	0.1556231
483	C	0.436	0.1337978
484	T	0.412	0.1203382
485	G	0.387	0.111848
486	G	0.168	0.1033493
487	G	0.319	0.1039767
488	T	0.366	0.09177055
489	G	0.428	0.09267029
490	C	0.038	0.09213004
491	T	0.165	0.09216081
492	T	0.110	0.06907335
493	C	-0.366	0.05590249
494	A	-0.244	0.06188905
495	A	-0.413	0.0661907
496	C	-0.010	0.06869538
497	A	0.168	0.07871879
498	T	0.471	0.1018765
499	C	0.181	0.1119453
500	A	-0.466	0.09516231
501	A	-0.408	0.08144152
502	C	-0.012	0.07179774
503	A	0.099	0.05612429
504	G	0.258	0.05998789
505	C	-0.127	0.06011486
506	T	0.464	0.05568277
507	C	0.386	0.05736746
508	T	0.364	0.06340994
509	T	-0.371	0.06887388
510	G	-0.088	0.07032497
511	G	0.192	0.07190434
512	C	0.168	0.07039234
513	A	-0.065	0.06671085
514	A	0.028	0.07526164
515	G	0.287	0.0704503
516	T	0.164	0.05214227
517	G	-0.164	0.05518801
518	A	-0.043	0.06850755
519	G	0.075	0.08506778
520	T	-0.161	0.09517062
521	G	0.303	0.1036233
522	G	0.324	0.08085546
523	G	0.211	0.07669272
524	C	0.487	0.06933855
525	C	0.249	0.05489866
526	A	0.356	0.04971537
527	C	0.161	0.05451395
528	G	-0.311	0.05704107
529	A	-0.297	0.05856961
530	A	-0.542	0.04981318
531	G	0.288	0.05022464
532	G	0	0.05692111
 533	A	-0.169	0.0597564
534	T	0.288	0.06543443
535	G	0	0.05871757
 536	G	0.170	0.04850436
537	A	0.341	0.04945625
538	C	0.395	0.04979279
539	G	-0.537	0.03538105
540	A	-0.273	0.02264293
541	G	0.206	0.02183905
542	G	-0.118	0.01322671
543	G	0.182	0.01826939
544	A	-0.203	0.02105211
545	C	0	0.01792264
 546	A	0.245	0.03091795
547	T	-0.137	0.04898958
548	G	-0.050	0.07398495
549	G	0.262	0.07124001
550	G	0.386	0.06555687
551	G	0.363	0.07489369
552	G	-0.399	0.07196701
553	A	-0.401	0.07382973
554	G	0.108	0.06735058
555	C	-0.149	0.06081944
556	A	-0.201	0.05408432
557	A	-0.121	0.08184135
558	G	0.183	0.09936941
559	C	0.186	0.09977207
560	C	0.426	0.1110955
561	C	0.453	0.1180626
562	A	0.051	0.136605
563	G	0.143	0.1476727
564	C	0.335	0.1397116
565	T	0.332	0.1477364
566	G	0.192	0.1432784
567	C	-0.198	0.1434665
568	A	0.157	0.1434716
569	C	0.185	0.1450716
570	G	0.065	0.16881
571	G	-0.056	0.1906439
572	T	0.112	0.186344
573	T	0.159	0.1906085
574	C	0.433	0.1922141
575	C	0.340	0.1902836
576	A	0.220	0.1860449
577	G	0.277	0.1691208
578	C	0.426	0.1589741
579	T	0.445	0.1542634
580	C	0.387	0.1642819
581	T	-0.032	0.1700846
582	T	0.142	0.1730867
583	T	-0.206	0.1731851
584	C	0.269	0.1733142
585	C	0.387	0.1771061
586	G	0.419	0.1827767
587	C	0.430	0.1887464
588	C	0.363	0.1983251
589	A	-0.041	0.1955635
590	C	0	0.1951317
 591	A	-0.144	0.1916592
592	T	-0.189	0.1866981
593	C	0.035	0.1877981
594	A	-0.406	0.1859998
595	C	0.071	0.1678832
596	A	0.288	0.1507011
597	G	0.402	0.1370761
598	C	0.346	0.1311271
599	T	0.440	0.1426876
600	T	0.336	0.1414665
601	C	0.197	0.1361717
602	T	-0.066	0.1254883
603	G	0.355	0.1041832
604	C	0.394	0.09525902
605	A	0.400	0.08879142
606	G	-0.152	0.07841574
607	T	0.097	0.07140005
608	T	0.038	0.07571779
609	G	0.259	0.07552936
610	G	0.378	0.09040551
611	G	0.158	0.09370663
612	A	-0.356	0.1171579
613	A	-0.174	0.1173284
614	G	-0.031	0.1178533
615	A	0.179	0.1095987
616	C	0.371	0.09924129
617	T	0.100	0.09880003
618	G	-0.392	0.09777186
619	A	-0.104	0.08772035
620	A	-0.358	0.09051818
621	C	0.106	0.07471932
622	A	0.204	0.06825089
623	G	0	0.06094978
 624	T	-0.287	0.07062381
625	G	0.151	0.0762937
626	A	-0.151	0.07099336
627	T	0.331	0.05300453
628	C	0.150	0.02646921
629	T	0.414	0.009716357
630	T	0.076	0.02616053
631	C	0.307	0.0373921
632	A	0.113	0.05092087
633	G	-0.015	0.05888759
634	T	0.424	0.05854347
635	T	0.300	0.05568182
636	T	-0.154	0.05505779
637	G	0.031	0.04678299
638	T	-0.197	0.04459433
639	T	0.168	0.02774402
640	C	0.144	0.01530213
641	G	0.185	0.02723322
642	T	0.295	0.0482283
643	C	-0.147	0.05482693
644	A	-0.369	0.06624665
645	A	-0.550	0.0616481
646	A	-0.428	0.05543546
647	G	0.218	0.0529096
648	G	0.218	0.06243109
649	G	0.441	0.06616097
650	C	0.457	0.07258757
651	C	0.359	0.08481144
652	A	0	0.08378241
 653	A	-0.413	0.08527572
654	G	-0.394	0.09332012
655	A	-0.435	0.09484095
656	A	-0.482	0.09748587
657	A	-0.230	0.09422727
658	T	0.417	0.0984313
659	C	0.447	0.1022654
660	T	0.382	0.09839579
661	G	0.248	0.10763
662	T	0.170	0.1324422
663	G	-0.066	0.1538798
664	T	0.326	0.1677463
665	C	0.410	0.1576973
666	C	0.437	0.1377609
667	T	0.338	0.112332
668	C	0.411	0.08385023
669	A	0.388	0.06658837
670	C	0.352	0.0727902
671	C	0.127	0.09337234
672	T	0.084	0.1151341
673	T	-0.104	0.1301976
674	C	0.054	0.1542313
675	T	0.292	0.1691444
676	C	0.320	0.1687373
677	T	0.160	0.1684241
678	G	0.175	0.156203
679	C	0.498	0.1563856
680	T	0.200	0.1547667
681	T	0.056	0.1422293
682	C	-0.132	0.1177232
683	A	-0.479	0.09071789
684	A	-0.448	0.07529169
685	T	-0.538	0.0782438
686	T	-0.244	0.07991251
687	C	0.217	0.06492334
688	T	0.306	0.04256357
689	G	0.367	0.05180843
690	G	0.091	0.03863929
691	T	0.358	0.03319037
692	G	0.291	0.02964113
693	C	0.403	0.03332413
694	T	0.436	0.01621933
695	G	-0.045	0.005029011
696	C	0.254	0.009745269
697	T	0.113	-0.008665617
698	T	-0.505	-0.007794189
699	A	-0.531	0.001521429
700	A	-0.534	0.01134637
701	G	-0.102	0.02346079
702	C	0.441	0.04857651
703	C	0.470	0.07661659
704	G	-0.135	0.09022522
705	A	-0.430	0.07912245
706	T	0.450	0.05792079
707	T	-0.375	0.03214036
708	A	-0.295	0.02188317
709	T	-0.069	0.0210112
710	C	0.420	0.01312107
711	A	-0.278	0.00263854
712	T	-0.231	-0.02259292
713	T	0.340	-0.03548371
714	T	-0.145	-0.05505408
715	C	0.230	-0.07172045
716	A	0.383	-0.07073651
717	T	0.211	-0.06491688
718	G	-0.055	-0.06061854
719	C	0.431	-0.07230394
720	C	0.442	-0.09242165
721	C	0.232	-0.0939082
722	T	-0.171	-0.07656828
723	A	-0.435	-0.04858508
724	A	-0.534	-0.05962319
725	A	-0.267	-0.05580561
726	C	0.327	-0.05644939
727	C	0.014	-0.06610355
728	A	0.036	-0.08790075
729	A	-0.446	-0.08539909
730	A	-0.496	-0.08572612
731	A	-0.430	-0.09307477
732	A	-0.469	-0.07925819
733	A	-0.470	-0.07278451
734	T	-0.327	-0.07354739
735	A	-0.384	-0.08062478
736	A	-0.511	-0.07185986
737	A	-0.262	-0.09203497
738	C	0.418	-0.1052659
739	T	0.471	-0.1178349
740	C	0.549	-0.1231468
741	T	0.064	-0.09764925
742	A	-0.242	-0.09564091
743	C	-0.317	-0.07811805
744	A	-0.407	-0.09309985
745	A	-0.341	-0.1051685
746	A	-0.191	-0.1024558
747	C	-0.242	-0.0843359
748	A	0.083	-0.06300279
749	T	0.337	-0.04353822
750	C	0.457	-0.0234191
751	A	0.356	-0.02307105
752	A	-0.036	-0.01670756
753	C	0.251	0.00466284
754	A	-0.275	0.02977624
755	T	-0.020	0.0435129
756	T	-0.207	0.03743287
757	A	-0.357	0.03065847
758	C	0.456	0.02672887
759	A	-0.464	0.03910257
760	T	0.346	0.05343817
761	A	-0.196	0.07035546
762	G	-0.407	0.08200737
763	G	0.131	0.08961859
764	A	0.187	0.0829585
765	C	0.249	0.08009076
766	A	0.250	0.06570729
767	G	0.234	0.04319472
768	G	-0.458	0.04034292
769	A	-0.105	0.0283242
770	T	0.363	0.04144522
771	C	0.367	0.03957282
772	T	0.218	0.05456633
773	G	0.205	0.05833618
774	G	0.233	0.07210481
775	C	0.411	0.06989507
776	C	0.497	0.0525329
777	C	0.259	0.06786658
778	A	0.274	0.06734749
779	C	0	0.08295569
 780	A	-0.075	0.09881621
781	G	-0.424	0.09120846
782	A	-0.343	0.08325792
783	T	-0.419	0.07942278
784	T	-0.449	0.07950275
785	G	0.357	0.06607795
786	G	-0.064	0.06590104
787	G	0.422	0.06847484
788	G	0.185	0.05631655
789	G	0.249	0.04621535
790	C	0.111	0.02863241
791	A	0.274	0.01766875
792	G	-0.434	-0.002791623
793	G	-0.150	-0.02736314
794	A	0.072	-0.05557991
795	G	0.328	-0.06969848
796	C	0.349	-0.08904354
797	T	0.147	-0.1006801
798	G	-0.134	-0.1089934
799	C	-0.090	-0.09449964
800	T	0.115	-0.09211601
801	T	0.253	-0.0913187
802	T	-0.235	-0.08596519
803	T	-0.465	-0.1087506
804	T	-0.014	-0.09781327
805	C	-0.062	-0.1149224
806	A	0.014	-0.1257816
807	A	-0.396	-0.1312511
808	T	-0.178	-0.1212696
809	G	-0.482	-0.1154169
810	A	-0.448	-0.1151632
811	G	-0.490	-0.1170835
812	A	-0.234	-0.1148555
813	A	-0.402	-0.1253854
814	G	-0.407	-0.1253588
815	A	-0.366	-0.124342
816	A	0.083	-0.1119455
817	T	-0.259	-0.1042297
818	G	-0.391	-0.09908981
819	A	-0.262	-0.09866506
820	A	-0.440	-0.1035755
821	C	0.318	-0.10038
822	A	-0.176	-0.08764264
823	G	-0.194	-0.07341837
824	A	0.058	-0.06720417
825	C	0.460	-0.0558666
826	C	0.478	-0.06645263
827	T	-0.425	-0.06617517
828	A	-0.218	-0.06542946
829	G	0.150	-0.06122792
830	T	-0.040	-0.0422922
831	G	0.350	-0.02086163
832	G	0.183	-0.001017974
833	G	0.298	0.01629788
834	C	0.179	0.02782012
835	G	0.295	0.04939777
836	T	0.268	0.04754377
837	T	-0.407	0.03959026
838	G	-0.353	0.04707012
839	C	0.430	0.04233792
840	C	0.435	0.04385632
841	T	0.231	0.05565223
842	T	0	0.04729612
 843	T	-0.548	0.02068327
844	A	-0.472	-0.005530363
845	G	-0.422	-0.004829734
846	A	-0.343	0.005905637
847	C	0.428	0.005868237
848	C	0.347	0.01892986
849	C	0.287	0.008245734
850	A	0.239	0.002514203
851	G	0.486	0.005573117
852	G	0.495	0.0137244
853	T	-0.456	0.0102934
854	A	-0.540	-0.002240654
855	A	-0.178	0.006826377
856	G	0.152	0.01996026
857	A	-0.123	-0.00396108
858	G	0.218	-0.01225891
859	G	-0.234	-0.02192454
860	A	-0.470	-0.02772237
861	A	-0.438	-0.02006942
862	T	-0.401	-0.009050451
863	C	0.157	-0.00146408
864	C	0.148	0.01849761
865	C	0.416	0.01449638
866	A	-0.023	-0.005760937
867	G	-0.017	-0.01924577
868	C	0.406	-0.02875928
869	C	0.464	-0.05798757
870	T	0.175	-0.08712082
871	T	-0.170	-0.07013794
872	G	-0.089	-0.04751248
873	G	0.106	-0.03497277
874	G	-0.406	-0.03021599
875	A	0.145	-0.02009974
876	C	-0.106	-0.03283802
877	A	-0.202	-0.03956879
878	T	-0.280	-0.01715125
879	T	-0.086	0.00744032
880	A	-0.156	0.03273098
881	C	0.355	0.04187349
882	T	0.287	0.02959226
883	T	-0.361	0.01284721
884	T	-0.184	0.003135129
885	C	-0.093	0.005664831
886	A	-0.536	0.001876974
887	A	-0.524	-0.003448969
888	G	0.137	0.005249289
889	G	0.250	0.008257703
890	G	0.260	0.006400443
891	C	0.319	0.01398519
892	C	0.231	0.03698816
893	A	-0.227	0.04487876
894	A	-0.469	0.05423176
895	G	0.313	0.06978816
896	C	0.422	0.08078296
897	C	0.483	0.07137399
898	C	0.477	0.06498639
899	A	-0.281	0.06048184
900	T	-0.169	0.04968472
901	A	-0.363	0.07372021
902	G	0.071	0.08764135
903	G	0.273	0.09786955
904	C	0.278	0.1244957
905	C	0.479	0.1529284
906	A	-0.064	0.1621145
907	T	-0.154	0.1439485
908	C	0.371	0.1233945
909	C	0.398	0.1147911
910	T	0.421	0.1215299
911	T	0.220	0.1393558
912	C	0.341	0.1647442
913	T	0.103	0.1427734
914	A	-0.416	0.1307133
915	G	-0.380	0.1286766
916	A	0.197	0.1137975
917	A	-0.089	0.1224142
918	C	0.479	0.1311918
919	A	0.302	0.1503134
920	T	0.264	0.1547401
921	T	0.395	0.1601816
922	C	0.471	0.1650198
923	T	0.459	0.1642737
924	T	-0.384	0.1639704
925	T	-0.458	0.155681
926	G	0.018	0.1316324
927	G	0.466	0.1075735
928	G	0.396	0.08388686
929	T	0.418	0.07264629
930	A	-0.455	0.07650592
931	G	0	0.08648083
 932	C	0.412	0.1055038
933	T	-0.043	0.119062
934	A	0.020	0.1277959
935	G	0.137	0.1178713
936	G	0.306	0.09618299
937	G	0.226	0.09606642
938	C	0.463	0.09337859
939	T	0.447	0.08171363
940	T	0.453	0.07089254
941	C	-0.075	0.06339357
942	A	-0.445	0.08385303
943	T	-0.469	0.09170345
944	A	-0.443	0.08464318
945	A	-0.407	0.06913169
946	G	-0.172	0.054063
947	T	0.476	0.05363897
948	C	0.453	0.07484031
949	A	0.249	0.08575969
950	C	0.094	0.08695014
951	T	0.503	0.1014955
952	T	-0.437	0.1139176
953	A	-0.279	0.09551169
954	C	0.298	0.07260284
955	T	0.170	0.06959195
956	G	-0.012	0.05404054
957	G	0.092	0.04364628
958	G	0.196	0.03727256
959	T	0.331	0.03472956
960	T	-0.184	0.05381544
961	T	-0.228	0.07492141
962	G	-0.075	0.09314281
963	T	-0.130	0.1098533
964	C	0.403	0.1265426
965	C	0.286	0.110235
966	T	0.382	0.103481
967	C	0.454	0.08774557
968	C	0.465	0.08196051
969	T	0.455	0.08022279
970	T	-0.506	0.1037254
971	G	-0.495	0.1210434
972	A	0.120	0.1108161
973	G	-0.080	0.11347
974	T	0.083	0.1127021
975	G	0.230	0.1153872
976	G	-0.164	0.1076748
977	A	0.222	0.1016556
978	C	0.269	0.106914
979	T	0.194	0.1119747
980	G	0.177	0.1193728
981	T	0.411	0.1345707
982	G	-0.094	0.1347463
983	T	0.216	0.140909
984	T	-0.301	0.1378637
985	G	-0.108	0.129784
986	T	0.442	0.1069703
987	C	0.385	0.08561089
988	G	0.326	0.08449072
989	G	-0.059	0.09918451
990	T	0.263	0.1102468
991	G	-0.039	0.1242963
992	T	0.186	0.1180113
993	G	-0.073	0.1127989
994	C	0.120	0.1108715
995	A	0	0.0986689
 996	C	-0.051	0.07665987
997	A	0.182	0.06545658
998	C	0.401	0.06831101
999	C	0.410	0.05574108
1000	T	0.502	0.05006426
1001	G	0.275	0.04849532
1002	T	0.171	0.05867262
1003	A	-0.332	0.06571516
1004	T	-0.292	0.06198807
1005	T	-0.545	0.05630545
1006	T	0.018	0.04448946
1007	C	0.507	0.03230106
1008	C	0.411	0.03075792
1009	A	-0.136	0.03624475
1010	T	0.048	0.04254592
1011	G	-0.231	0.05259251
1012	G	-0.204	0.05766622
1013	A	-0.501	0.06699522
1014	A	-0.197	0.08061183
1015	T	0.277	0.08774763
1016	G	-0.028	0.08294328
1017	G	-0.292	0.07649831
1018	T	0.161	0.06270487
1019	A	0.055	0.04125316
1020	T	0.138	0.02478373
1021	C	0.312	0.01918005
1022	T	0.186	0.01208185
1023	T	-0.087	0.01603267
1024	A	-0.486	0.003531197
1025	G	0.209	-0.02282057
1026	T	0.152	-0.03948669
1027	C	0.406	-0.02297915
1028	C	0.278	-0.01132317
1029	T	0.298	0.007672317
1030	G	0.326	0.02274866
1031	C	0.424	0.03972711
1032	T	0.432	0.05640368
1033	G	0.232	0.04458657
1034	C	0.184	0.03793527
1035	T	0.019	0.05461193
1036	A	-0.475	0.06151687
1037	T	-0.405	0.04630006
1038	A	-0.528	0.03021949
1039	A	-0.540	0.008069146
1040	C	-0.407	-0.008898111
1041	A	-0.418	-0.009995157
1042	A	-0.414	-0.004032757
1043	T	-0.171	0.001333671
1044	A	0.441	-0.001974931
1045	C	0.456	-0.02605162
1046	C	0.432	-0.04213485
1047	T	0.323	-0.0600375
1048	G	0.092	-0.08061167
1049	A	0.385	-0.1079125
1050	G	-0.136	-0.1231688
1051	A	-0.261	-0.1280216
1052	C	0.290	-0.1407419
1053	T	0.403	-0.1534673
1054	G	-0.477	-0.1426689
1055	A	-0.424	-0.1419419
1056	A	-0.462	-0.1356759
1057	A	-0.407	-0.1266247
1058	A	-0.125	-0.1015024
1059	A	-0.277	-0.09835043
1060	T	0.397	-0.09110838
1061	G	0.036	-0.09473209
1062	T	-0.435	-0.1116597
1063	A	-0.284	-0.131043
1064	T	-0.328	-0.1485456
1065	A	-0.393	-0.1470454
1066	A	-0.530	-0.1444162
1067	A	-0.101	-0.1424505
1068	C	0.063	-0.1258282
1069	A	-0.260	-0.1215461
1070	A	-0.425	-0.1163068
1071	T	-0.097	-0.134208
1072	A	-0.379	-0.1256615
1073	G	-0.309	-0.1229403
1074	A	-0.223	-0.1062753
1075	C	0.472	-0.09680827
1076	A	-0.308	-0.08067833
1077	T	-0.160	-0.06336358
1078	T	-0.298	-0.07021427
1079	T	-0.150	-0.06701181
1080	A	-0.222	-0.04723138
1081	T	-0.179	-0.03043267
1082	T	0.376	-0.01604255
1083	T	0.184	0.00592862
1084	C	0.454	0.03192773
1085	T	0.445	0.03482102
1086	C	-0.111	0.03703123
1087	A	0.474	0.04154326
1088	C	-0.223	0.04124677
1089	A	-0.178	0.04064485
1090	G	-0.329	0.05104113
1091	T	0.120	0.06346187
1092	T	-0.076	0.08281181
1093	C	0.439	0.08113481
1094	T	0.328	0.0891645
1095	G	0.157	0.09120605
1096	G	0.148	0.08774693
1097	A	0.256	0.08511299
1098	G	0.303	0.08829159
1099	G	0.175	0.09048079
1100	C	0.375	0.08085448
1101	T	0.379	0.06734279
1102	G	0	0.04880142
 1103	G	0.140	0.04029391
1104	G	-0.102	0.0445955
1105	A	-0.435	0.0396527
1106	A	-0.118	0.05655559
1107	A	-0.015	0.06752261
1108	T	0.125	0.06822861
1109	C	0.453	0.07439536
1110	C	0.413	0.08921014
1111	A	-0.027	0.08501071
1112	A	-0.089	0.06269303
1113	G	-0.419	0.06209483
1114	A	-0.243	0.06845365
1115	T	-0.110	0.06675948
1116	C	-0.103	0.05345271
1117	A	0.039	0.06065477
1118	A	-0.287	0.05601788
1119	G	-0.194	0.05898883
1120	G	0.147	0.07066445
1121	C	0.039	0.07713737
1122	A	0.301	0.0925984
1123	C	0.368	0.114706
1124	C	0.205	0.1200041
1125	A	-0.304	0.1260654
1126	G	0.336	0.1293374
1127	C	0.442	0.1231097
1128	T	0.292	0.1093684
1129	G	-0.452	0.1068973
1130	G	0.136	0.1185876
1131	T	0.371	0.1409148
1132	T	0.197	0.1598208
1133	T	-0.162	0.1665403
1134	G	0.427	0.1802801
1135	G	0.213	0.1763182
1136	T	0.483	0.1976332
1137	G	0.408	0.2082788
1138	T	0.366	0.2162489
1139	C	0.438	0.225712
1140	T	0.337	0.2106145
1141	G	0.067	0.2037462
1142	G	0.196	0.2116144
1143	C	0.239	0.233338
1144	G	0.235	0.2366835
1145	A	-0.067	0.2296363
1146	G	-0.114	0.2282586
1147	G	0.319	0.2297948
1148	G	0.361	0.2139361
1149	C	0.418	0.1883688
1150	T	0.124	0.1795226
1151	G	0.377	0.1729572
1152	C	-0.099	0.161663
1153	T	0.458	0.1441982
1154	C	0.178	0.1401048
1155	T	0.426	0.1399692
1156	C	0.370	0.1399164
1157	T	-0.227	0.1394104
1158	G	0.128	0.1352158
1159	C	0.480	0.1377972
1160	T	0.455	0.1378122
1161	T	0.453	0.1381272
1162	C	0.195	0.1305311
1163	C	0.243	0.1431787
1164	A	-0.398	0.1585248
1165	A	-0.418	0.1577628
1166	A	-0.523	0.1537855
1167	A	-0.112	0.1466448
1168	T	-0.392	0.1550818
1169	G	0.031	0.1538046
1170	G	-0.398	0.1688932
1171	T	0.339	0.1671869
1172	G	0.403	0.1567787
1173	C	0.365	0.1379353
1174	C	0.420	0.1371985
1175	T	0.191	0.1360481
1176	T	0.157	0.1442252
1177	G	0.196	0.1409584
1178	G	0.250	0.1392704
1179	G	-0.030	0.1171807
1180	G	0.375	0.1174771
1181	C	0.423	0.1065203
1182	T	0.293	0.1145676
1183	G	0.222	0.1332584
1184	G	0.168	0.1634361
1185	G	0.419	0.1670859
1186	C	0.333	0.1710718
1187	G	0.428	0.1624264
1188	T	0.398	0.1603786
1189	G	-0.185	0.1416246
1190	A	-0.232	0.1401462
1191	T	0.344	0.1416132
1192	G	-0.267	0.1397556
1193	G	0.414	0.1431702
1194	C	0.366	0.1452818
1195	T	0.396	0.146156
1196	C	-0.319	0.1508473
1197	A	0.206	0.160854
1198	T	-0.139	0.1642336
1199	A	-0.117	0.1620675
1200	C	0.235	0.1403443
1201	C	0.532	0.1286346
1202	T	0.015	0.1279541
1203	A	-0.252	0.1239099
1204	T	-0.270	0.1150666
1205	A	-0.469	0.1117076
1206	A	-0.316	0.1029884
1207	T	0.352	0.109
1208	C	0.416	0.1253705
1209	C	0.355	0.116151
1210	C	0.310	0.109674
1211	A	0.231	0.08908572
1212	G	0.227	0.08355301
1213	C	0.415	0.07937824
1214	A	0.319	0.1002295
1215	C	0.493	0.1066568
1216	T	0.347	0.1096148
1217	T	-0.467	0.1206494
1218	T	-0.187	0.1225665
1219	G	0.144	0.1037402
1220	G	0.277	0.1006429
1221	G	0.023	0.09902813
1222	A	0.311	0.1074313
1223	G	0.093	0.1324483
1224	G	0.024	0.1521174
1225	C	0.340	0.1550516
1226	C	0.021	0.1558839
1227	A	-0.494	0.156299
1228	A	-0.306	0.1539311
1229	G	0.172	0.137123
1230	G	0.250	0.1364513
1231	C	0.409	0.1256285
1232	G	0.431	0.1278497
1233	G	-0.036	0.1209402
1234	G	0.269	0.1150369
1235	C	0.302	0.1315345
1236	A	-0.126	0.1403214
1237	G	-0.093	0.1399505
1238	A	-0.309	0.1290906
1239	T	0.023	0.1298713
1240	C	0.405	0.1250384
1241	A	0.372	0.1074115
1242	C	0.454	0.09797016
1243	C	0.445	0.07517499
1244	T	0.370	0.06471395
1245	G	0.227	0.07782329
1246	A	-0.356	0.09892003
1247	G	0.204	0.09868489
1248	G	0.036	0.08760038
1249	T	0.397	0.08218609
1250	C	0.251	0.07216023
1251	A	0.140	0.08561131
1252	G	0.110	0.08926411
1253	G	0.120	0.08978631
1254	A	0.131	0.1052443
1255	G	-0.102	0.119391
1256	G	0.050	0.1366337
1257	T	0.141	0.1274287
1258	T	-0.523	0.10484
1259	A	-0.305	0.09770756
1260	A	-0.457	0.08190641
1261	G	-0.344	0.07757464
1262	A	-0.035	0.06850694
1263	C	0.432	0.0756788
1264	C	0.164	0.09120666
1265	A	-0.137	0.07928126
1266	G	0.220	0.06487108
1267	C	0.080	0.04105937
1268	C	0.434	0.01822148
1269	T	0.396	-0.001071403
1270	G	0.320	0.008045569
1271	G	0.414	0.01701191
1272	C	0.402	0.01934445
1273	C	0.294	0.03319931
1274	A	-0.298	0.04076012
1275	A	-0.384	0.03836297
1276	C	0.122	0.05836369
1277	A	-0.098	0.08019746
1278	T	0.293	0.1077312
1279	G	0.052	0.1273677
1280	G	0.478	0.1248753
1281	T	0.186	0.1267118
1282	G	-0.213	0.1096743
1283	A	-0.467	0.1004152
1284	A	-0.435	0.07984511
1285	A	-0.547	0.06535355
1286	A	-0.534	0.03911306
1287	C	0.429	0.01596752
1288	C	0.433	-0.002293851
1289	C	0.213	-0.01686282
1290	C	0.382	-0.0173115
1291	A	0.315	-0.03825079
1292	T	0.057	-0.0433455
1293	C	0.176	-0.04531487
1294	C	0.458	-0.06027347
1295	C	0.505	-0.07077847
1296	T	0.343	-0.08848044
1297	A	-0.122	-0.09757509
1298	C	0.496	-0.1207319
1299	T	-0.431	-0.1267902
1300	A	-0.461	-0.1144166
1301	A	-0.499	-0.09477243
1302	A	-0.427	-0.06994766
1303	A	-0.483	-0.0435174
1304	A	-0.413	-0.02756009
1305	T	-0.318	-0.0337728
1306	A	-0.095	-0.03359549
1307	C	0.386	-0.04646346
1308	A	-0.438	-0.04475594
1309	A	-0.477	-0.04690411
1310	A	-0.453	-0.03804591
1311	A	-0.401	-0.04308185
1312	A	-0.465	-0.04814905
1313	A	-0.325	-0.07046982
1314	T	-0.265	-0.08811442
1315	T	-0.331	-0.09034097
1316	A	-0.025	-0.1024778
1317	G	0.219	-0.0833105
1318	C	0.219	-0.07896424
1319	C	0.432	-0.06377396
1320	A	0.377	-0.03995222
1321	G	0.023	-0.0138653
1322	G	0.211	0.002605383
1323	C	0.440	0.02024264
1324	A	-0.236	0.01551921
1325	T	0.442	-0.005870994
1326	G	0.240	-0.002871051
1327	G	0.368	0.01227055
1328	T	0	0.01445532
 1329	G	0.280	0.03304006
1330	A	-0.275	0.05905715
1331	T	-0.274	0.0708399
1332	G	-0.200	0.09180582
1333	C	0.071	0.1048704
1334	A	0.239	0.1121026
1335	T	-0.309	0.09527611
1336	G	0.032	0.07690088
1337	C	0.406	0.07533899
1338	C	0.429	0.06071439
1339	T	0.163	0.06464496
1340	G	0.299	0.06243267
1341	T	-0.260	0.04764187
1342	A	-0.362	0.05838727
1343	A	-0.333	0.03851713
1344	T	0.052	0.04037816
1345	T	-0.377	0.04081781
1346	C	0.249	0.0441219
1347	C	0.444	0.02787347
1348	A	0.086	0.02823096
1349	G	0.468	0.03547276
1350	C	0.125	0.03879618
1351	T	0.227	0.0497578
1352	A	-0.369	0.0441091
1353	C	-0.423	0.04657741
1354	T	0.378	0.04223139
1355	T	-0.134	0.02332722
1356	G	0.161	-8.078e-05
1357	G	0.134	-0.01571969
1358	G	-0.077	-0.03887521
1359	A	0.139	-0.03432358
1360	G	-0.252	-0.03627989
1361	G	0.305	-0.01836312
1362	C	0.383	-0.008938237
1363	T	0.115	0.008063649
1364	G	-0.287	-0.004444694
1365	A	-0.262	-0.02765864
1366	G	-0.021	-0.03815745
1367	G	-0.084	-0.04523905
1368	C	0.455	-0.03595925
1369	A	0.041	-0.03133111
1370	A	-0.222	-0.007908991
1371	G	-0.119	-0.004856191
1372	A	-0.254	-0.009244163
1373	G	-0.389	-0.009949934
1374	A	-0.384	-0.02370719
1375	A	-0.511	-0.03268779
1376	T	-0.101	-0.01982445
1377	T	-0.430	-0.01335036
1378	G	0.293	0.007919754
1379	C	0.382	-0.01200793
1380	T	0.217	-0.03427462
1381	T	-0.188	-0.04905985
1382	G	-0.367	-0.03956751
1383	A	-0.280	-0.03798837
1384	A	0.220	-0.0296736
1385	C	0.450	-0.02200825
1386	C	0.389	-0.02349239
1387	C	0.450	-0.02158049
1388	A	-0.316	-0.01271619
1389	G	0.224	-0.01983259
1390	G	-0.159	-0.01951727
1391	A	-0.320	-0.01557522
1392	G	-0.179	0.005874869
1393	G	0.372	0.03196187
1394	C	0.365	0.04389547
1395	A	0.491	0.05620447
1396	G	-0.391	0.04542005
1397	A	-0.395	0.02763947
1398	A	-0.401	0.01414019
1399	T	0.044	0.02379116
1400	T	-0.207	0.03219432
1401	T	0.269	0.04234503
1402	G	0.184	0.03604746
1403	C	0.403	0.03005712
1404	A	0.108	0.02647175
1405	G	0.087	0.01552969
1406	T	-0.369	0.02268019
1407	G	-0.243	0.02388519
1408	A	-0.251	0.04066393
1409	G	0.366	0.04914229
1410	C	0.401	0.059036
1411	C	0.316	0.05395532
1412	G	0	0.03840049
 1413	A	-0.083	0.03560935
1414	G	-0.239	0.05865323
1415	A	-0.254	0.08089909
1416	T	0.149	0.09299833
1417	T	-0.073	0.09680059
1418	G	0.074	0.115017
1419	C	0	0.1199205
 1420	A	0.240	0.1269625
1421	C	0.264	0.1154384
1422	C	0.067	0.1051348
1423	A	-0.066	0.1130093
1424	C	0.266	0.1160228
1425	T	0.427	0.1115388
1426	G	-0.023	0.1050835
1427	C	0.166	0.08440449
1428	A	0.194	0.06554109
1429	C	-0.178	0.04264255
1430	T	0.393	0.03851749
1431	C	0.414	0.04727385
1432	C	0.382	0.06524017
1433	A	0.021	0.06423328
1434	G	0.177	0.0674774
1435	C	0.430	0.06191458
1436	C	0.441	0.06214118
1437	T	0.430	0.07467938
1438	G	0	0.07497229
 1439	A	-0.252	0.07491912
1440	G	0.362	0.08611541
1441	T	-0.263	0.09433002
1442	G	-0.400	0.1005453
1443	A	-0.477	0.101291
1444	T	-0.357	0.1070645
1445	A	-0.258	0.1052191
1446	G	-0.485	0.09469486
1447	A	-0.144	0.08556946
1448	G	0.222	0.05931241
1449	C	0.389	0.04302238
1450	G	-0.289	0.03744369
1451	A	0.262	0.04133334
1452	G	-0.268	0.04378954
1453	A	0.082	0.02022125
1454	C	0.438	-0.007557634
1455	T	0.250	-0.02270636
1456	C	0.262	-0.02430316
1457	T	0.459	-0.02673276
1458	G	0.221	-0.05073502
1459	T	0.484	-0.05664591
1460	C	0.454	-0.05791056
1461	T	0.178	-0.05559328
1462	C	0.101	-0.04907222
1463	A	-0.173	-0.03524056
1464	A	-0.497	-0.01915052
1465	A	-0.525	-0.02618012
1466	A	-0.155	-0.04450989
1467	G	0.187	-0.06920555
1468	A	0.157	-0.06525606
1469	C	0.263	-0.08396952
1470	A	-0.394	-0.07538949
1471	A	-0.530	-0.08514931
1472	A	-0.099	-0.09257911
1473	C	-0.055	-0.0882212
1474	A	-0.337	-0.08377263
1475	A	-0.477	-0.0847724
1476	A	-0.470	-0.08105994
1477	A	-0.445	-0.09355209
1478	A	-0.396	-0.1094584
1479	A	-0.128	-0.1204923
1480	C	0.225	-0.1340003
1481	C	0.077	-0.1239143
1482	A	-0.390	-0.09752386
1483	A	-0.418	-0.07171532
1484	A	-0.475	-0.05263546
1485	A	-0.151	-0.06154003
1486	T	-0.392	-0.05901975
1487	G	0.031	-0.05581506
1488	G	-0.259	-0.03404335
1489	T	0.178	-0.006424346
1490	G	0.403	0.00608718
1491	C	0.417	0.0216927
1492	C	0.424	0.03021502
1493	T	0.350	0.03172516
1494	C	0.047	0.03131665
1495	A	-0.102	0.02900433
1496	T	-0.207	0.03773965
1497	T	-0.371	0.03682453
1498	G	0.179	0.03875822
1499	C	0.425	0.04637271
1500	T	0.378	0.05974678
1501	G	0.512	0.06043826
1502	G	-0.124	0.06282429
1503	A	0.245	0.05665235
1504	T	0.375	0.0691174
1505	C	0.367	0.08333505
1506	T	0.435	0.08991815
1507	T	0.338	0.08007843
1508	C	0.490	0.06682193
1509	C	-0.038	0.06710359
1510	A	-0.424	0.04575936
1511	A	-0.484	0.0461281
1512	A	-0.526	0.05147479
1513	A	-0.091	0.06606708
1514	G	-0.160	0.08256934
1515	G	0.293	0.09559197
1516	G	0.344	0.07920417
1517	A	0.077	0.06202108
1518	T	-0.394	0.04721145
1519	G	-0.391	0.03390754
1520	A	-0.367	0.03266394
1521	A	0.044	0.02637505
1522	C	0.529	0.02312411
1523	G	-0.028	0.01307515
1524	T	-0.165	-0.007230966
1525	A	-0.060	-0.02640565
1526	T	0.427	-0.05517091
1527	G	-0.322	-0.06871506
1528	T	0.363	-0.06809689
1529	T	0.234	-0.05809777
1530	C	0.408	-0.04531442
1531	T	0.370	-0.041857
1532	C	0.084	-0.03980242
1533	G	-0.394	-0.05868359
1534	A	-0.175	-0.08303428
1535	A	-0.140	-0.08227771
1536	T	0.046	-0.06358389
1537	G	-0.167	-0.04428323
1538	A	0.025	-0.02115977
1539	C	0.261	-0.01608548
1540	A	0.015	-0.02346239
1541	G	-0.274	-0.03445769
1542	A	-0.332	-0.03803254
1543	A	-0.516	-0.05006318
1544	A	-0.512	-0.0750901
1545	A	-0.402	-0.07409778
1546	G	-0.134	-0.07623653
1547	A	-0.078	-0.07457964
1548	C	0.029	-0.0746565
1549	A	-0.088	-0.07382101
1550	G	-0.367	-0.07493183
1551	A	-0.507	-0.06953692
1552	A	0.104	-0.07863086
1553	G	0.259	-0.08909495
1554	G	0.284	-0.08015683
1555	G	0.441	-0.06200341
1556	C	0.221	-0.05021115
1557	A	0.271	-0.04808318
1558	G	-0.413	-0.03636179
1559	A	-0.290	-0.01960456
1560	A	-0.481	0.0022705
1561	A	-0.448	0.0306789
1562	G	-0.287	0.04632556
1563	T	0.289	0.05697224
1564	G	0.292	0.05314775
1565	T	0.405	0.05820687
1566	C	0.399	0.06436057
1567	C	0.045	0.07540036
1568	A	-0.205	0.09205456
1569	A	-0.493	0.1158601
1570	A	-0.506	0.1262435
1571	C	0.359	0.1319104
1572	T	0.467	0.1234514
1573	C	0.438	0.1057642
1574	A	0.336	0.08676784
1575	C	0.425	0.06612898
1576	T	0.311	0.06246535
1577	C	0.432	0.05630072
1578	C	0.477	0.08013227
1579	A	0.034	0.09036147
1580	T	-0.030	0.1024006
1581	C	-0.268	0.09860104
1582	A	0.098	0.09615287
1583	A	0.245	0.08673253
1584	T	0.297	0.06981227
1585	C	0.215	0.05628266
1586	C	0.325	0.05436389
1587	C	0.467	0.0667178
1588	T	0.457	0.09153557
1589	T	-0.012	0.07184517
1590	T	-0.177	0.06942797
1591	T	-0.443	0.06968032
1592	A	-0.450	0.07105783
1593	T	-0.541	0.07169775
1594	A	-0.506	0.07247526
1595	A	0.352	0.05374166
1596	G	-0.090	0.0286384
1597	G	0.133	0.01307448
1598	T	0.156	0.0002254057
1599	G	0.206	0.01027634
1600	C	0.075	0.01726895
1601	T	-0.192	0.02123444
1602	A	-0.427	0.02208718
1603	A	-0.272	0.02889829
1604	T	-0.061	0.02352375
1605	C	0.362	0.01669287
1606	A	-0.329	0.007484923
1607	C	0.383	0.01425459
1608	T	0.447	0.02290379
1609	C	0.384	0.04625008
1610	C	0.448	0.06928573
1611	C	0.338	0.08566467
1612	T	-0.222	0.08878298
1613	A	-0.400	0.06713633
1614	A	-0.510	0.06295823
1615	A	-0.479	0.05117475
1616	C	0.083	0.044329
1617	A	0.343	0.0425988
1618	C	0.384	0.04701103
1619	C	0.327	0.05879861
1620	C	0.453	0.0728913
1621	C	0.137	0.07480916
1622	A	0.228	0.07376639
1623	T	0.135	0.06827605
1624	C	0.224	0.08648753
1625	T	0.125	0.08721379
1626	C	0.373	0.08123145
1627	T	0.355	0.08240533
1628	T	0.031	0.08428913
1629	A	-0.397	0.06718325
1630	T	-0.405	0.07198207
1631	T	-0.236	0.08841509
1632	A	-0.278	0.1075965
1633	C	-0.083	0.1265026
1634	T	0.146	0.1225776
1635	G	0.230	0.103222
1636	T	0.219	0.09829221
1637	T	0.065	0.1013388
1638	G	-0.205	0.08968717
1639	C	-0.098	0.09706137
1640	A	0.170	0.09406005
1641	C	0.307	0.08699634
1642	T	0.408	0.08255356
1643	G	0.238	0.0920729
1644	G	0.425	0.08226326
1645	G	0.514	0.06479323
1646	G	-0.259	0.05808004
1647	A	-0.054	0.08362238
1648	T	0.174	0.08928875
1649	T	0.161	0.1013536
1650	C	0.181	0.1103017
1651	A	-0.054	0.1015622
1652	G	-0.334	0.08689699
1653	T	0.211	0.07533182
1654	T	0.433	0.06905356
1655	T	0.045	0.07315227
1656	C	0.395	0.06662101
1657	A	0.123	0.06942335
1658	G	-0.111	0.06166784
1659	C	0.069	0.05287672
1660	A	0.458	0.02972572
1661	T	0.030	0.02515106
1662	G	-0.256	0.01253433
1663	A	-0.203	-0.00708936
1664	G	0.496	0.001446006
1665	T	-0.206	0.01148187
1666	T	0.185	0.0120823
1667	T	0.034	-0.0029361
1668	T	-0.389	-0.005394103
1669	G	-0.367	-0.006499943
1670	G	-0.174	-0.003788
1671	A	0	-0.02521517
 1672	G	0.209	-0.05092751
1673	G	-0.433	-0.03968838
1674	G	0	-0.03918853
 1675	A	-0.101	-0.03757641
1676	T	0	-0.02359221
 1677	A	-0.401	-0.01955643
1678	C	0.077	-0.033334
1679	A	-0.015	-0.02023547
1680	G	-0.172	-0.02173221
1681	A	0.039	-0.01592018
1682	C	0.296	-0.02972232
1683	A	0.195	-0.02381289
1684	T	-0.364	-0.03638026
1685	T	0.095	-0.02660496
1686	C	-0.092	-0.003679729
1687	A	-0.239	0.01829836
1688	A	-0.538	0.02914479
1689	A	-0.465	0.03245979
1690	C	0.439	0.03439801
1691	C	0.412	0.05176179
1692	A	0.179	0.06377981
1693	C	0.377	0.07948079
1694	A	0.210	0.07992553
1695	G	-0.023	0.09140739
1696	C	0.489	0.08099396
1697	A	-0.308	0.08884496
1698	T	0	0.09475844
 1699	T	0.013	0.1055623
1700	G	0	0.09802806
 1701	T	-0.253	0.08506195
1702	G	0.376	0.09702651
1703	C	0.412	0.08851425
1704	A	0.402	0.08856226
1705	C	0.204	0.08510046
1706	A	0.116	0.1035317
1707	C	0.276	0.1193998
1708	T	0.173	0.1114353
1709	C	0.420	0.1063485
1710	C	0.448	0.1134039
1711	T	0.015	0.1148744
1712	T	0	0.1200784
 1713	T	-0.286	0.1129244
1714	T	0.258	0.09895031
1715	T	0.034	0.1159661
1716	C	0.417	0.1246537
1717	T	0.032	0.1316549
1718	A	-0.258	0.1369151
1719	T	0.054	0.1460275
1720	G	-0.201	0.1475271
1721	G	-0.091	0.1480273
1722	A	-0.360	0.134343
1723	A	0.106	0.1334917
1724	T	0.089	0.1282207
1725	G	0.160	0.1196855
1726	G	0.234	0.1205432
1727	C	0.426	0.103274
1728	C	0.429	0.09605019
1729	A	0.392	0.09664797
1730	A	-0.274	0.1004268
1731	G	0	0.1022078
 1732	G	0.286	0.0940471
1733	T	0.304	0.1047512
1734	G	0.258	0.1050778
1735	C	0.184	0.1111617
1736	A	0.065	0.1216599
1737	G	0.428	0.1346995
1738	C	0.430	0.1457921
1739	T	-0.076	0.136129
1740	A	0.175	0.1590122
1741	T	-0.068	0.1532359
1742	T	-0.021	0.1555886
1743	T	0.203	0.1530191
1744	G	-0.183	0.1588079
1745	C	0.195	0.1564848
1746	A	0.036	0.1562061
1747	G	0.132	0.1573187
1748	A	-0.224	0.1768837
1749	G	-0.026	0.1807639
1750	G	0.408	0.1771631
1751	C	0.428	0.1768253
1752	T	0.245	0.1675021
1753	C	0.108	0.1573378
1754	T	0.510	0.1405975
1755	G	0.186	0.1134421
1756	A	-0.429	0.09135995
1757	C	0.440	0.1029113
1758	A	-0.095	0.1063171
1759	G	0.171	0.1187947
1760	A	0.070	0.1187846
1761	G	0.437	0.1199097
1762	C	0.345	0.1284945
1763	T	0.419	0.1327776
1764	C	0.431	0.1388208
1765	C	0.410	0.139837
1766	G	0.135	0.15667
1767	C	0.160	0.1634928
1768	T	0.292	0.1613482
1769	G	-0.067	0.1526017
1770	T	-0.171	0.1353989
1771	G	-0.520	0.1269422
1772	G	-0.521	0.09692874
1773	A	-0.342	0.09201492
1774	G	0.327	0.1162905
1775	C	0.294	0.1167124
1776	T	0.368	0.1119301
1777	G	-0.022	0.1099964
1778	G	0.243	0.1112717
1779	G	0.116	0.08764597
1780	G	0.345	0.08019528
1781	T	0.248	0.07118516
1782	G	0.167	0.06443051
1783	T	0.364	0.05635771
1784	C	0.212	0.06473273
1785	C	0.333	0.04901345
1786	A	0.122	0.03593408
1787	C	-0.356	0.03857197
1788	A	-0.186	0.04430979
1789	T	-0.539	0.06168841
1790	G	0.014	0.07300416
1791	C	0.420	0.08769216
1792	C	0.455	0.08931959
1793	T	-0.262	0.06968639
1794	G	0.104	0.06077095
1795	T	0.115	0.05900502
1796	A	-0.389	0.05354187
1797	T	0.084	0.05888659
1798	G	0.104	0.05824819
1799	G	0.195	0.06009556
1800	A	0.128	0.06728996
1801	A	0.428	0.0686051
1802	G	-0.389	0.0634631
1803	A	-0.165	0.0471331
1804	A	0.024	0.05077219
1805	C	0.029	0.07310281
1806	T	0.087	0.0834817
1807	T	-0.125	0.09990816
1808	T	0.171	0.1033947
1809	C	0.384	0.08688398
1810	A	-0.392	0.08419698
1811	T	0.056	0.1006847
1812	G	-0.084	0.09249252
1813	G	0.052	0.09931109
1814	C	0.303	0.1034877
1815	A	0.322	0.1003902
1816	C	0.312	0.1101626
1817	C	0.419	0.09286089
1818	G	0.410	0.08275957
1819	G	0.032	0.05662855
1820	A	-0.237	0.05712595
1821	G	0.249	0.06526683
1822	C	0.425	0.05881889
1823	C	0.176	0.06641396
1824	T	0.035	0.06433944
1825	G	0.136	0.07455932
1826	G	-0.157	0.07512795
1827	T	0.361	0.07255521
1828	G	0.314	0.08840544
1829	G	-0.182	0.09610267
1830	G	0.353	0.1077557
1831	A	-0.243	0.1166213
1832	A	-0.023	0.1113265
1833	G	0.446	0.1010161
1834	A	-0.410	0.07744916
1835	G	-0.225	0.05658484
1836	A	-0.485	0.0402107
1837	A	-0.371	0.03961169
1838	G	0.119	0.05803321
1839	T	-0.201	0.05683298
1840	G	0.295	0.05527247
1841	G	0.014	0.04947577
1842	G	0.232	0.06002503
1843	C	0.191	0.06546594
1844	T	0.294	0.08118905
1845	G	0.161	0.08250708
1846	G	0.325	0.08097454
1847	G	0.323	0.09597797
1848	C	0.362	0.08304252
1849	T	0.118	0.1031167
1850	A	-0.038	0.09961168
1851	T	-0.512	0.09735117
1852	A	-0.310	0.1101291
1853	G	-0.162	0.1124602
1854	A	0.011	0.1210568
1855	C	0.406	0.1271772
1856	T	0.207	0.122072
1857	G	0.370	0.1294919
1858	G	-0.026	0.1351703
1859	G	0.404	0.1413191
1860	C	0.326	0.1402988
1861	A	0.392	0.148037
1862	C	0.407	0.146509
1863	C	0.260	0.1478444
1864	A	0.342	0.150222
1865	G	-0.098	0.1527441
1866	G	0.459	0.1513941
1867	G	-0.146	0.1581122
1868	A	0.367	0.1725041
1869	C	0.036	0.1975934
1870	T	-0.143	0.2075704
1871	A	-0.184	0.2074639
1872	T	-0.157	0.2033358
1873	C	-0.059	0.1977195
1874	A	0.058	0.1798991
1875	C	0.493	0.1601571
1876	C	0.229	0.1556172
1877	T	0.196	0.149903
1878	C	0.462	0.1441972
1879	G	0.240	0.1263121
1880	T	0.208	0.1037116
1881	G	0.408	0.1097935
1882	C	0.412	0.08509311
1883	C	0.315	0.08474884
1884	A	0.353	0.06687672
1885	C	0.465	0.06754341
1886	C	0.365	0.06231352
1887	A	0.038	0.07230739
1888	C	-0.165	0.08602676
1889	A	-0.133	0.08082608
1890	T	0.210	0.07595408
1891	T	-0.415	0.07821928
1892	T	-0.320	0.06970175
1893	A	-0.185	0.05622055
1894	G	0.204	0.05075833
1895	T	0.127	0.0575901
1896	G	-0.233	0.05387598
1897	T	-0.383	0.05233404
1898	A	0.473	0.04305547
1899	G	-0.522	0.03925238
1900	A	-0.110	0.01649241
1901	G	-0.166	-0.006118617
1902	T	-0.123	-0.02745422
1903	T	0.184	-0.02839325
1904	C	0.386	-0.0257807
1905	C	0.336	-0.01764839
1906	A	-0.366	-0.00149708
1907	G	-0.328	0.01661023
1908	A	0.019	0.02454918
1909	G	-0.239	0.04703846
1910	A	0.021	0.05857132
1911	G	0.038	0.04952544
1912	G	0.435	0.03252518
1913	C	0.332	0.02009027
1914	C	0.186	0.01885109
1915	A	-0.116	0.02760751
1916	C	0.275	0.01825765
1917	A	-0.384	0.03845348
1918	A	-0.476	0.04383239
1919	A	-0.393	0.04282722
1920	T	0.432	0.04818879
1921	T	0.457	0.05506956
1922	C	0.323	0.05539941
1923	T	0.399	0.05779479
1924	T	0.500	0.08059507
1925	C	0.488	0.1020192
1926	A	0.371	0.1125186
1927	T	0.083	0.1173969
1928	T	-0.502	0.1266496
1929	T	-0.390	0.1354791
1930	G	-0.308	0.134712
1931	A	-0.276	0.1363693
1932	A	-0.077	0.1435217
1933	C	0.146	0.144096
1934	T	0.184	0.1362179
1935	G	0.077	0.1350269
1936	G	-0.201	0.1564244
1937	A	0.064	0.1766114
1938	C	0.424	0.1754575
1939	T	0.398	0.1751509
1940	C	0.420	0.1768517
1941	C	0.431	0.1767447
1942	C	0.421	0.1750903
1943	C	0.387	0.1655149
1944	A	-0.068	0.1622454
1945	G	0.345	0.1719896
1946	C	0.347	0.201095
1947	C	0.408	0.221722
1948	T	0.390	0.2389354
1949	C	0.437	0.2468421
1950	A	-0.096	0.2361319
1951	T	0	0.2214945
 1952	G	-0.426	0.2049228
1953	T	0.272	0.1877842
1954	T	0.313	0.1785798
1955	C	0.392	0.1685276
1956	C	0.446	0.1525465
1957	T	0.382	0.1374028
1958	C	0.395	0.1139711
1959	T	0.442	0.0971795
1960	G	0.153	0.07070967
1961	C	0.256	0.06607887
1962	A	0.424	0.07509517
1963	G	0.516	0.07732968
1964	G	0.331	0.08026777
1965	A	0.294	0.07949948
1966	T	0	0.07993034
 1967	G	-0.452	0.07770368
1968	T	-0.366	0.07837476
1969	A	-0.395	0.07359705
1970	A	-0.522	0.07840348
1971	A	-0.523	0.06517328
1972	A	-0.287	0.06013211
1973	G	-0.134	0.04050396
1974	G	-0.131	0.02730347
1975	T	-0.399	0.02011453
1976	A	-0.156	0.00489984
1977	A	-0.504	-0.01127576
1978	T	0.225	-0.006518046
1979	G	0.246	-0.007631674
1980	C	0.423	-0.008848131
1981	C	0.450	-0.01799759
1982	A	0.381	-0.01640553
1983	G	0.405	-0.01390247
1984	C	0.359	-0.004748331
1985	A	-0.072	0.005911357
1986	G	-0.167	0.0092413
1987	A	-0.257	0.01527216
1988	C	-0.190	0.0259807
1989	G	0.136	0.03191201
1990	T	-0.294	0.0485595
1991	T	-0.015	0.06488533
1992	G	0.131	0.08059779
1993	G	-0.136	0.09461649
1994	C	-0.123	0.09490652
1995	A	0.319	0.1078168
1996	G	0.217	0.106393
1997	T	0.381	0.1117751
1998	G	0.196	0.09611665
1999	C	0.387	0.09446074
2000	T	0.381	0.08204547
2001	G	0.320	0.07089418
2002	G	-0.079	0.06690207
2003	A	-0.249	0.06692287
2004	G	-0.184	0.07564547
2005	A	-0.147	0.09634593
2006	C	-0.315	0.1168279
2007	A	0.295	0.09924753
2008	C	0.436	0.09549924
2009	C	0.418	0.1030861
2010	T	0.090	0.1108963
2011	G	-0.146	0.1190076
2012	G	-0.052	0.127807
2013	T	0.175	0.12626
2014	G	0.435	0.1318931
2015	G	-0.124	0.1278386
2016	G	0.392	0.1150348
2017	C	-0.052	0.1011686
2018	A	0.015	0.07576648
2019	G	0.219	0.06829046
2020	A	-0.071	0.06725523
2021	G	0.138	0.0791992
2022	G	0.466	0.08490922
2023	T	0.526	0.1014653
2024	T	-0.478	0.1210925
2025	A	-0.425	0.1185479
2026	C	0.250	0.1054149
2027	C	0.404	0.09704825
2028	T	0.147	0.09857031
2029	G	0.184	0.1023839
2030	G	0.265	0.09522939
2031	C	0.414	0.07494116
2032	T	0.239	0.05725331
2033	G	-0.251	0.06215133
2034	G	-0.098	0.04030825
2035	A	-0.507	0.02791034
2036	G	0.058	0.02371277
2037	T	-0.115	0.01560482
2038	G	0.168	0.01006311
2039	G	0.015	0.019103
2040	C	0.431	0.01812986
2041	A	0.370	0.0147358
2042	G	0.206	0.0397954
2043	G	-0.022	0.06443154
2044	T	0.125	0.06554869
2045	G	0.143	0.0502122
2046	T	-0.012	0.05476237
2047	G	-0.303	0.04843736
2048	A	-0.534	0.03505784
2049	G	-0.183	0.008744014
2050	G	0.047	-0.006370814
2051	A	-0.371	-0.002250214
2052	G	-0.486	0.007121211
2053	A	-0.131	0.01200153
2054	T	-0.064	-0.00241868
2055	G	-0.265	-0.00153742
2056	C	0.454	-0.001415877
2057	C	0.432	0.004194017
2058	T	0.407	-0.01262461
2059	C	0.398	-0.01370873
2060	C	0.436	-0.02046797
2061	C	0.289	-0.01159677
2062	A	-0.132	-0.008813711
2063	G	0.306	-0.001754769
2064	C	-0.037	0.00790828
2065	A	-0.202	0.01793935
2066	T	-0.506	0.04716843
2067	A	-0.289	0.06532063
2068	A	-0.107	0.06240451
2069	G	0.229	0.08089551
2070	G	-0.336	0.1019199
2071	A	-0.445	0.09937059
2072	A	-0.084	0.09202386
2073	T	0.172	0.112894
2074	G	0.212	0.1058033
2075	T	-0.156	0.1059183
2076	G	0.333	0.1069561
2077	G	-0.030	0.1043202
2078	G	0.287	0.08485195
2079	C	0.222	0.06858846
2080	T	0.391	0.06944641
2081	T	0.325	0.07010803
2082	C	0.047	0.08336016
2083	T	0.488	0.100458
2084	G	0.451	0.1270462
2085	T	-0.054	0.1243941
2086	T	0.275	0.1358802
2087	G	0.249	0.1396937
2088	G	-0.220	0.1616275
2089	A	-0.321	0.1890353
2090	T	0.464	0.1989545
2091	C	0.206	0.207321
2092	T	0.436	0.2002909
2093	C	0.443	0.2186844
2094	T	0.306	0.2104948
2095	T	-0.244	0.2076704
2096	G	-0.279	0.2113002
2097	T	-0.102	0.2061944
2098	T	0.329	0.1919247
2099	C	0.426	0.1813184
2100	C	0.395	0.1865424
2101	A	0.424	0.1587748
2102	G	-0.382	0.1369246
2103	G	0.294	0.1359782
2104	C	0.363	0.1227738
2105	C	0.431	0.1249946
2106	T	0.513	0.1401439
2107	C	0.262	0.1545482
2108	A	0.465	0.1537373
2109	C	-0.033	0.1573804
2110	A	0.486	0.1572272
2111	C	0.046	0.1506531
2112	A	-0.129	0.1369043
2113	T	0.414	0.1560626
2114	G	0.044	0.1686668
2115	T	-0.108	0.1809581
2116	T	-0.045	0.1722072
2117	C	0.230	0.1661744
2118	A	-0.483	0.1591229
2119	A	-0.313	0.1575631
2120	G	-0.087	0.1717567
2121	G	-0.186	0.1572712
2122	C	0.326	0.1456349
2123	A	0.309	0.132843
2124	G	0.182	0.1287401
2125	C	0.436	0.1343963
2126	C	0.333	0.1274057
2127	T	0.431	0.1292066
2128	G	0.213	0.1126868
2129	G	-0.174	0.1113606
2130	G	0.425	0.1124183
2131	T	0.161	0.09001808
2132	A	0.327	0.07350607
2133	T	0.023	0.08948133
2134	G	0.215	0.09942936
2135	T	0.148	0.1061222
2136	C	0.369	0.1311991
2137	T	0.114	0.1438207
2138	T	-0.212	0.1422849
2139	G	-0.043	0.1354039
2140	G	-0.016	0.1148725
2141	C	0.369	0.09673163
2142	C	0.460	0.09737068
2143	C	0.220	0.09221334
2144	A	0.029	0.09460203
2145	T	-0.091	0.09596705
2146	T	0	0.1023419
 2147	C	-0.092	0.1157811
2148	A	-0.369	0.1086227
2149	A	-0.533	0.1069741
2150	T	0.450	0.08681491
2151	C	0.302	0.08653257
2152	C	0.464	0.06661626
2153	C	0.394	0.06128277
2154	T	0.128	0.05160549
2155	C	-0.141	0.05887821
2156	A	-0.427	0.06738005
2157	A	-0.391	0.08350147
2158	A	-0.325	0.08572721
2159	G	0.205	0.07749264
2160	C	0.255	0.05773559
2161	C	0.417	0.06454284
2162	C	0.478	0.07623871
2163	T	0.436	0.08187307
2164	G	0.295	0.09434358
2165	T	0.175	0.09564157
2166	T	0.103	0.1032979
2167	T	-0.377	0.1312796
2168	A	0.013	0.1299118
2169	A	-0.481	0.13104
2170	T	-0.037	0.1302842
2171	T	0.031	0.1348661
2172	C	0.369	0.1336861
2173	T	0.085	0.146577
2174	C	0.520	0.1576594
2175	A	0.061	0.1587239
2176	T	0.081	0.1774431
2177	C	-0.230	0.183446
2178	T	0.459	0.1845752
2179	T	0.438	0.1804695
2180	G	0.105	0.1726641
2181	C	0.436	0.1733916
2182	T	-0.046	0.1693547
2183	G	-0.101	0.1766194
2184	T	0.445	0.1612842
2185	C	0.402	0.1585647
2186	A	0.341	0.1462835
2187	C	0.438	0.1468946
2188	C	0.554	0.1445738
2189	T	0.087	0.1418939
2190	A	0.309	0.1282813
2191	T	-0.039	0.1122605
2192	G	-0.354	0.1025565
2193	T	0.329	0.1071818
2194	G	0.415	0.1159016
2195	G	0.295	0.1338888
2196	T	0.273	0.1295035
2197	G	0.205	0.1186061
2198	C	0.462	0.1037253
2199	C	0.154	0.07890977
2200	A	0.429	0.0667261
2201	A	-0.433	0.05782547
2202	G	-0.472	0.03617953
2203	A	-0.416	0.01333502
2204	A	-0.460	-0.009045697
2205	A	-0.119	-0.02290966
2206	C	-0.062	-0.04805074
2207	A	-0.107	-0.06281902
2208	A	-0.475	-0.08008568
2209	G	0.180	-0.09239256
2210	T	0.223	-0.08092427
2211	C	0.386	-0.08394338
2212	A	0.398	-0.08297149
2213	C	0.305	-0.07652109
2214	C	0.056	-0.07388727
2215	A	-0.414	-0.07076178
2216	A	-0.432	-0.07649869
2217	A	-0.473	-0.06692475
2218	A	-0.412	-0.08882744
2219	T	-0.312	-0.09102115
2220	A	-0.396	-0.07175255
2221	A	-0.441	-0.04615572
2222	T	-0.046	-0.01924298
2223	G	-0.325	-0.01848658
2224	A	-0.429	-0.03061264
2225	A	-0.294	-0.04083196
2226	A	-0.470	-0.04086524
2227	T	0.047	-0.0580389
2228	G	0.223	-0.07554973
2229	C	0.449	-0.08954587
2230	C	0.521	-0.1003864
2231	T	0.365	-0.1215885
2232	A	0.315	-0.1358741
2233	C	0.261	-0.1358798
2234	C	0.489	-0.1285423
2235	T	-0.337	-0.1018843
2236	A	-0.510	-0.09110118
2237	A	0.201	-0.0813017
2238	G	0.479	-0.06585575
2239	C	0.481	-0.06641893
2240	T	-0.092	-0.07092254
2241	T	-0.486	-0.05422071
2242	A	-0.464	-0.03755022
2243	A	-0.476	-0.01620071
2244	A	-0.420	0.01000149
2245	A	-0.389	0.02274159
2246	A	-0.103	0.02142448
2247	C	0.019	0.008588851
2248	A	-0.436	-0.003166977
2249	A	-0.443	-0.009487263
2250	A	-0.415	-0.02819849
2251	A	-0.175	-0.04579443
2252	C	0.460	-0.06494578
2253	C	-0.035	-0.06448758
2254	A	0.030	-0.06204578
2255	T	0.143	-0.07622795
2256	G	-0.461	-0.09523012
2257	A	-0.204	-0.1104292
2258	G	0.259	-0.1147585
2259	G	0.153	-0.09033605
2260	T	0.452	-0.08249311
2261	C	0.446	-0.07970776
2262	T	0.492	-0.07854931
2263	T	0.177	-0.07816939
2264	T	0	-0.08349811
 2265	C	0.109	-0.09689115
2266	T	0.144	-0.09573126
2267	A	-0.339	-0.07285697
2268	A	-0.354	-0.05664417
2269	A	-0.180	-0.05399205
2270	T	-0.321	-0.07220939
2271	A	-0.424	-0.07682141
2272	A	-0.294	-0.08254591
2273	A	-0.185	-0.08988294
2274	T	-0.050	-0.06462369
2275	T	-0.244	-0.05163903
2276	A	0.367	-0.05037129
2277	T	-0.190	-0.05382204
2278	G	-0.379	-0.06248167
2279	A	-0.379	-0.07524158
2280	A	-0.376	-0.08773173
2281	A	-0.289	-0.0860339
2282	A	-0.449	-0.0745143
2283	A	-0.395	-0.06651121
2284	G	0.357	-0.05891375
2285	T	0.152	-0.03456384
2286	G	-0.082	-0.0332909
2287	C	-0.177	-0.02946989
2288	A	-0.196	-0.03516
2289	A	-0.169	-0.0233414
2290	A	-0.112	-0.006338626
2291	C	0.422	-0.01118357
2292	T	0.250	-0.01893099
2293	G	0.303	-0.01265365
2294	C	0.032	-0.03740876
2295	A	0.149	-0.03320643
2296	G	0	-0.0236044
 2297	G	0.055	-0.02754654
2298	T	0.237	-0.0232854
2299	C	0.403	-0.0263486
2300	C	0.389	-0.02240394
2301	C	0.410	-0.01757794
2302	T	0.512	-0.01570703
2303	G	-0.309	-0.01579571
2304	T	-0.047	-0.00068724
2305	A	-0.520	0.01668359
2306	A	-0.010	0.03314333
2307	T	0.300	0.04531745
2308	G	-0.355	0.05969342
2309	A	-0.321	0.06084245
2310	T	-0.024	0.06606787
2311	T	-0.498	0.0422967
2312	T	-0.043	0.04135471
2313	C	-0.043	0.02897394
2314	A	-0.517	0.01927103
2315	A	-0.227	0.01065286
2316	A	-0.396	0.008936514
2317	G	-0.311	0.01024334
2318	A	-0.226	0.005514486
2319	C	0.423	-0.003834926
2320	T	0.149	-0.01639723
2321	C	0.446	-0.01246197
2322	C	0.430	-0.01959152
2323	G	0.379	-0.01682852
2324	T	0.256	-0.01695286
2325	T	0.390	-0.03435509
2326	C	0.463	-0.02344531
2327	C	0.432	-0.02598517
2328	A	-0.528	-0.0381802
2329	A	0	-0.03792471
 2330	C	-0.283	-0.0476373
2331	A	-0.339	-0.03994576
2332	A	-0.245	-0.02014641
2333	T	0.177	-0.005063986
2334	G	0.448	0.01695496
2335	C	0.224	0.0381885
2336	A	0.083	0.04931147
2337	T	0.072	0.02618359
2338	T	-0.171	0.008513757
2339	A	-0.296	-0.01585664
2340	A	-0.423	-0.04317613
2341	T	-0.015	-0.06801733
2342	T	-0.308	-0.06909533
2343	T	0.026	-0.06673696
2344	A	-0.410	-0.06926959
2345	A	-0.451	-0.09259456
2346	A	-0.489	-0.0925385
2347	A	-0.383	-0.101167
2348	A	0.225	-0.08824533
2349	G	0.175	-0.07010464
2350	G	0.300	-0.0511389
2351	G	0.373	-0.05065453
2352	A	0.431	-0.05461584
2353	G	0.162	-0.06343708
2354	T	-0.386	-0.07148201
2355	A	-0.469	-0.08636037
2356	T	-0.406	-0.08641357
2357	A	-0.525	-0.07969062
2358	A	-0.490	-0.07577888
2359	G	0.218	-0.08886246
2360	G	0.472	-0.09387949
2361	C	0.374	-0.106736
2362	A	-0.383	-0.09864577
2363	A	-0.526	-0.0911302
2364	A	-0.301	-0.08678263
2365	G	0.168	-0.08014197
2366	G	0.295	-0.09679852
2367	G	0.417	-0.1163533
2368	G	0.194	-0.1203259
2369	G	0.310	-0.1345675
2370	G	-0.084	-0.1473315
2371	T	-0.198	-0.1396952
2372	G	-0.447	-0.1168425
2373	A	-0.173	-0.09119676
2374	T	-0.061	-0.07094196
2375	T	-0.286	-0.05353785
2376	A	-0.473	-0.03350927
2377	G	-0.484	-0.02880893
2378	A	-0.423	-0.04455007
2379	A	-0.127	-0.07014175
2380	G	-0.188	-0.04954189
2381	A	-0.337	-0.0329867
2382	G	-0.150	-0.03402973
2383	G	-0.357	-0.04829213
2384	A	-0.509	-0.05151344
2385	A	0.161	-0.05382501
2386	G	-0.124	-0.05355781
2387	G	-0.014	-0.06646724
2388	C	0.429	-0.07697157
2389	A	0.413	-0.08211486
2390	G	0.428	-0.05989903
2391	C	0.302	-0.06688617
2392	T	0.083	-0.06558912
2393	G	0.210	-0.05379663
2394	A	0.383	-0.03154712
2395	C	-0.078	-0.01147272
2396	A	-0.521	0.01125554
2397	T	0.337	0.009932026
2398	C	0.053	0.0007806543
2399	A	-0.338	0.0236504
2400	A	-0.330	0.02841968
2401	A	0.182	0.04834068
2402	C	0.337	0.07423199
2403	T	0.203	0.08236662
2404	G	-0.141	0.09845417
2405	A	-0.452	0.1127399
2406	A	-0.378	0.1133771
2407	T	0.329	0.1050361
2408	A	-0.418	0.08202332
2409	T	-0.016	0.06020169
2410	A	0.126	0.04772898
2411	C	0.305	0.02589978
2412	C	0.218	0.004041723
2413	A	0.372	0.001276
2414	A	-0.173	0.02240646
2415	G	-0.508	0.0005384
2416	T	0.462	0.001271389
2417	T	0.016	0.02244725
2418	T	0.340	0.03637693
2419	C	0.396	0.04336336
2420	C	0.446	0.03914556
2421	T	0.438	0.04334382
2422	C	0.485	0.0517137
2423	C	0.452	0.0756521
2424	T	0.121	0.0998621
2425	C	-0.377	0.07899319
2426	A	-0.461	0.09983082
2427	A	-0.353	0.1034338
2428	A	-0.553	0.09686152
2429	A	-0.381	0.09831518
2430	A	-0.174	0.09717409
2431	C	0.218	0.09830598
2432	G	-0.427	0.1032588
2433	A	0.078	0.1177864
2434	G	0.402	0.113546
2435	T	0.156	0.1187976
2436	G	0.427	0.1063361
2437	T	0.189	0.1012306
2438	G	0.350	0.0974293
2439	C	0.151	0.0815825
2440	A	0.385	0.06322936
2441	T	0.469	0.04834429
2442	T	-0.400	0.05827297
2443	A	0.311	0.07575846
2444	T	0.110	0.09160509
2445	T	-0.103	0.1157568
2446	T	0.356	0.1404103
2447	G	0.178	0.1575318
2448	T	0.411	0.1528832
2449	G	0	0.1319258
 2450	G	0	0.1494277
 2451	T	0.314	0.1338922
2452	G	0.199	0.1286874
2453	A	-0.096	0.1377491
2454	C	0.218	0.1255462
2455	C	0.313	0.1183437
2456	A	-0.116	0.09495296
2457	T	-0.157	0.104208
2458	T	-0.068	0.08183539
2459	C	0.469	0.06350353
2460	T	0.234	0.07384469
2461	T	0.093	0.06338105
2462	G	0.492	0.06441976
2463	G	0.309	0.05667031
2464	T	0.217	0.03601088
2465	A	-0.337	0.01871882
2466	T	-0.515	-0.004463551
2467	T	0.184	-0.01174912
2468	G	-0.464	-0.007869694
2469	T	0.220	-0.01052389
2470	T	0.473	-0.005012894
2471	C	0	0.003174617
 2472	T	-0.062	0.009592274
2473	A	-0.468	-5.538286e-05
2474	T	0.475	-0.001027811
2475	T	-0.397	-0.008259869
2476	A	-0.172	-0.01170623
2477	C	-0.038	-0.02819865
2478	G	-0.055	-0.03335759
2479	T	0.146	-0.03700602
2480	A	-0.375	-0.03822193
2481	A	-0.366	-0.05403273
2482	A	-0.426	-0.05390756
2483	A	-0.399	-0.03597456
2484	C	-0.254	-0.007394906
2485	A	0.135	-0.01698185
2486	C	0.221	0.009108694
2487	A	0.392	-0.008120077
2488	G	0.190	-0.03623473
2489	C	0.442	-0.04863485
2490	A	-0.024	-0.05225999
2491	T	-0.150	-0.04181681
2492	A	-0.410	-0.05539741
2493	G	-0.189	-0.04330051
2494	C	-0.108	-0.02888968
2495	A	0.054	-0.01339453
2496	T	-0.034	0.001487403
2497	C	0.449	-0.01027823
2498	A	-0.243	0.001323106
2499	T	0.222	0.01706696
2500	T	0.289	0.03405748
2501	C	0.485	0.04369512
2502	T	-0.150	0.0490655
2503	T	0.448	0.03372647
2504	T	-0.382	0.02113407
2505	T	-0.510	-0.00117656
2506	A	-0.434	-0.009016597
2507	G	-0.189	-0.03321025
2508	A	-0.102	-0.03872428
2509	T	0	-0.03175379
 2510	G	0.026	-0.01267422
2511	C	0.331	0.001029149
2512	C	0.503	0.001350186
2513	A	0.465	0.001115377
2514	T	-0.265	0.01072555
2515	T	0.030	-0.00852782
2516	C	0.184	-0.01614933
2517	A	0.167	-0.02760091
2518	T	-0.062	-0.04490133
2519	T	-0.067	-0.07073136
2520	T	-0.401	-0.06801552
2521	A	-0.219	-0.06746472
2522	A	-0.388	-0.04929703
2523	T	-0.083	-0.02363463
2524	A	-0.403	-0.008155606
2525	T	-0.217	0.00202708
2526	A	0.093	0.00839948
2527	T	0.257	0.007154077
2528	G	0.290	-0.002862489
2529	G	-0.096	-0.02291303
2530	G	0.046	-0.03874973
2531	C	0.301	-0.0437951
2532	A	-0.224	-0.02299542
2533	A	-0.510	-0.01965021
2534	A	-0.178	-0.02687272
2535	T	-0.315	-0.04565683
2536	G	-0.419	-0.05139028
2537	T	-0.055	-0.03953228
2538	A	0.467	-0.01748231
2539	C	0.253	-2.162571e-05
2540	A	0.388	0.01106777
2541	T	0.107	0.01109807
2542	G	0.166	0.02466663
2543	G	0.120	0.04109186
2544	T	-0.043	0.04856606
2545	T	-0.324	0.05000935
2546	A	-0.369	0.04762332
2547	G	-0.050	0.0531471
2548	G	0.289	0.05794869
2549	C	0.462	0.06253444
2550	T	0.147	0.06604338
2551	A	-0.068	0.08927295
2552	G	-0.489	0.09598975
2553	A	-0.263	0.1130424
2554	C	0.347	0.131423
2555	T	0.370	0.1389054
2556	G	0.392	0.1250692
2557	G	0	0.1199881
 2558	A	-0.082	0.1208831
2559	G	0.070	0.1240741
2560	C	0.357	0.1299957
2561	A	0.355	-
2562	C	0.307	-
2563	T	0.206	-
2564	T	0.096	-
2565	G	0.214	-
2566	T	0.462	-
2567	C	-0.101	-
2568	T	0.302	-
2569	A	0.056	-
2570	C	0.281	-
2571	A	0.224	-
2572	C	0.206	-
2573	T	-0.016	-
2574	G	0.075	-
2575	C	0.419	-
2576	T	0.219	-
2577	T	0.374	-
