1	A	-0.219	-
2	A	0.258	-
3	C	0.263	-
4	A	0.464	-
5	G	-0.335	-
6	A	0.258	-
7	T	0.391	0.1792849
8	T	-0.286	0.2326964
9	G	0.060	0.2477537
10	T	0.437	0.2569056
11	G	0.410	0.235536
12	G	0.428	0.2770687
13	A	0.200	0.2634045
14	T	0.474	0.2406853
15	C	0.454	0.2473987
16	T	0.382	0.2218601
17	T	0.187	0.1882368
18	G	0.204	0.1556666
19	G	0.080	0.1368784
20	G	0.095	0.1291648
21	A	-0.199	0.1170609
22	A	-0.271	0.08126951
23	G	0	0.08511912
 24	T	-0.013	0.08203305
25	G	0.183	0.0810692
26	T	0.100	0.08312889
27	G	0.317	0.07574729
28	C	-0.010	0.1216673
29	A	0.432	0.1483315
30	G	0.146	0.1218766
31	C	0.192	0.09436472
32	C	0.107	0.08220411
33	A	0	0.1063775
 34	T	0.397	0.08459449
35	C	0.074	0.06993256
36	G	-0.343	0.003347562
37	A	-0.370	-0.01419268
38	A	0.025	-0.02289561
39	C	0.414	-0.04803376
40	A	0.033	-0.07690276
41	G	-0.201	-0.1422838
42	A	-0.433	-0.1888113
43	A	-0.081	-0.1806568
44	T	0.078	-0.1228513
45	C	-0.219	-0.1062927
46	A	-0.375	-0.1207861
47	A	-0.452	-0.1301068
48	A	-0.530	-0.09667942
49	A	-0.237	-0.03113149
50	C	0.380	-0.02710188
51	T	0.241	-0.03616313
52	C	0.226	-0.04989475
53	A	-0.087	-0.03797221
54	G	0.233	-0.03248713
55	C	0.418	0.01564722
56	A	-0.028	0.05048207
57	G	-0.038	0.0373133
58	A	-0.397	0.04825522
59	T	-0.220	0.05441915
60	A	-0.380	0.08341778
61	C	0.095	0.1042395
62	C	0.214	0.05792801
63	A	0.209	0.01937842
64	C	0.383	-0.005593415
65	A	0.306	0.02081961
66	C	0.289	0.03223973
67	C	0.503	0.07502281
68	T	-0.183	0.1006299
69	A	-0.529	0.1178393
70	A	-0.363	0.1359396
71	C	-0.054	0.1119964
72	C	-0.071	0.1248292
73	A	0.175	0.1409948
74	C	0.428	0.1133725
75	C	0.438	0.1646445
76	T	0.444	0.2022641
77	G	0.072	0.2132629
78	G	0.473	0.1783637
79	C	0.499	0.1488582
80	A	0.144	0.116483
81	T	0.483	0.1059586
82	T	-0.040	0.05181676
83	T	-0.220	0.02004861
84	T	-0.508	-0.004807323
85	A	-0.455	-0.03838165
86	G	-0.245	-0.08815973
87	A	0.291	-0.08052088
88	A	-0.265	-0.1430497
89	A	0.031	-0.1583698
90	T	-0.251	-0.1586736
91	T	0.036	-0.1269307
92	T	-0.147	-0.05643388
93	C	0.243	-0.009749338
94	A	-0.329	-0.02831432
95	T	-0.239	0.0004586
96	A	-0.224	-0.0360244
97	T	-0.095	-0.03850725
98	C	0.461	-0.05312615
99	G	0.361	-0.07498568
100	C	0.050	-0.06029599
101	A	0.108	-0.0114123
102	A	-0.442	0.04282585
103	G	-0.283	0.06179141
104	A	-0.153	0.09523157
105	A	-0.431	0.07064834
106	G	0.434	0.02784026
107	G	0.305	-0.01022191
108	G	0.465	-0.04889037
109	T	0.022	-0.04650352
110	G	0.339	-0.06447922
111	C	0.141	-0.03079137
112	A	-0.195	0.03618886
113	G	-0.444	0.04004209
114	T	-0.393	0.01018998
115	A	-0.411	-0.0586794
116	A	-0.517	-0.09913049
117	G	0.284	-0.09761657
118	C	0.439	-0.1406613
119	C	0.485	-0.1004845
120	T	-0.082	-0.03635349
121	T	-0.430	0.01569505
122	A	-0.503	0.07528312
123	T	0.358	0.1183684
124	C	-0.418	0.05526745
125	T	0.327	-0.007535938
126	G	0.389	-0.03393371
127	G	0.282	-0.03949875
128	G	0.363	-0.02729029
129	T	0.043	-0.02306022
130	G	-0.535	-0.07568845
131	A	-0.377	-0.0774356
132	C	0.141	-0.1414507
133	A	-0.154	-0.2137979
134	G	-0.271	-0.2081406
135	A	-0.448	-0.2107895
136	G	-0.325	-0.2224352
137	A	-0.440	-0.2001353
138	A	-0.505	-0.1968088
139	A	-0.551	-0.221105
140	A	0.356	-0.1852172
141	G	0.328	-0.132332
142	G	-0.108	-0.06938846
143	G	-0.245	-0.02224985
144	A	-0.333	0.053304
145	A	-0.174	0.1208034
146	C	0.311	0.1682708
147	A	0.416	0.131377
148	G	0.369	0.07973519
149	T	0.287	0.07353242
150	C	0.541	0.0890463
151	T	0.372	0.1420629
152	T	0.065	0.1554483
153	C	-0.123	0.146819
154	A	-0.342	0.1419875
155	G	-0.189	0.1301465
156	A	-0.043	0.124293
157	C	0.355	0.09891292
158	A	0	0.1097115
 159	G	0.199	0.1362466
160	G	0.353	0.1679687
161	C	0.215	0.227878
162	A	0.211	0.2684565
163	G	0.211	0.2690157
164	C	0.512	0.2808856
165	T	0.410	0.2650106
166	A	0.289	0.2264699
167	C	0.436	0.1827852
168	T	0.338	0.1662023
169	G	-0.036	0.1753951
170	C	0.509	0.1914294
171	G	-0.206	0.1546875
172	A	-0.301	0.1580127
173	C	-0.214	0.1432421
174	A	0	0.08671232
 175	C	0.330	0.09791909
176	T	0.419	0.1234839
177	G	0.035	0.09976402
178	C	0.453	0.1450976
179	T	0.097	0.1579501
180	T	-0.298	0.1648545
181	T	0.484	0.1626167
182	C	0.295	0.1325766
183	T	0.201	0.08158203
184	C	0.382	0.09247026
185	A	-0.134	0.0389948
186	G	-0.124	0.06262448
187	A	-0.029	0.06918832
188	T	-0.059	0.01475509
189	G	-0.243	-0.009958546
190	T	0.176	0.01137676
191	A	-0.241	-0.02666039
192	C	0.404	-0.04762608
193	T	-0.213	-0.0675417
194	G	-0.223	-0.07002725
195	A	-0.025	-0.08285751
196	T	0.478	-0.05280443
197	C	-0.111	-0.03238943
198	A	-0.406	0.006658954
199	T	-0.383	0.005404569
200	T	-0.061	0.02525916
201	A	-0.226	0.02009647
202	C	0.147	0.01927372
203	T	0.441	0.009136946
204	G	0.266	0.03076102
205	G	0.387	0.06455038
206	G	0.044	0.1075296
207	G	-0.290	0.1070842
208	A	-0.036	0.08916762
209	A	0.346	0.07029433
210	C	0.169	0.07376364
211	T	0.032	0.0907241
212	C	0.174	0.09548025
213	A	-0.067	0.05463858
214	A	-0.459	0.04348235
215	A	-0.097	0.01127759
216	C	0.487	-0.05514402
217	C	0.486	-0.06818948
218	T	0.449	-0.1092032
219	T	-0.486	-0.1424147
220	A	-0.435	-0.1241453
221	G	-0.454	-0.06514214
222	A	-0.516	-0.07934538
223	A	0	-0.124757
 224	G	-0.500	-0.1967935
225	T	-0.256	-0.2570924
226	A	0.170	-0.2569535
227	G	0.307	-0.2532162
228	G	-0.282	-0.2374432
229	A	-0.103	-0.1949653
230	G	-0.449	-0.2285165
231	A	-0.334	-0.2190982
232	A	-0.484	-0.2350183
233	A	-0.386	-0.2360175
234	G	-0.249	-0.2688562
235	A	0.035	-0.2579935
236	A	-0.436	-0.2566522
237	G	-0.378	-0.2589088
238	A	-0.463	-0.2718972
239	A	0.157	-0.2665047
240	C	-0.119	-0.2747139
241	A	-0.141	-0.2857707
242	T	-0.085	-0.3230696
243	A	-0.478	-0.3031437
244	A	-0.502	-0.2368184
245	A	-0.414	-0.1947687
246	A	-0.493	-0.2258018
247	A	-0.393	-0.257514
248	T	-0.449	-0.2715829
249	A	-0.177	-0.2842991
250	C	0.483	-0.2806657
251	C	0.082	-0.2559553
252	A	-0.246	-0.2518538
253	A	-0.531	-0.1990004
254	A	-0.324	-0.1975637
255	G	-0.251	-0.1303561
256	A	-0.431	-0.09927236
257	G	-0.181	-0.1000868
258	A	-0.361	-0.08297085
259	C	0.193	-0.04170477
260	A	-0.374	-0.012693
261	C	0.424	-0.01032138
262	C	0.226	0.04138908
263	C	0.473	0.1074651
264	C	0.305	0.141566
265	A	0.290	0.1933826
266	T	-0.154	0.1454917
267	G	-0.293	0.1743372
268	C	0.421	0.1116312
269	C	0.427	0.07597108
270	C	0.261	0.04794323
271	T	0.312	0.04154077
272	G	-0.429	0.03309869
273	T	0	0.07779392
 274	A	-0.390	0.1050698
275	T	-0.236	0.03388087
276	G	0.108	0.02377595
277	G	0.222	0.02367556
278	A	0.180	0.02539425
279	G	0.426	0.06333398
280	G	0.061	0.05095129
281	A	-0.504	0.08732184
282	T	0.295	0.1137786
283	C	0.260	0.1203714
284	T	0.334	0.1214896
285	G	0.064	0.1090917
286	G	-0.160	0.06129408
287	A	0.081	0.07811622
288	A	0.107	0.1198382
289	C	0.194	0.1241927
290	A	0.236	0.06604517
291	T	0.019	0.0139924
292	G	-0.194	-0.02507587
293	T	0.280	-0.04604433
294	T	0.038	-0.0764618
295	G	0.352	-0.09149045
296	G	-0.495	-0.1043052
297	A	-0.341	-0.09605541
298	A	-0.443	-0.06044288
299	A	-0.433	-0.03732435
300	A	-0.313	-0.06790373
301	A	-0.088	-0.1050782
302	T	0.028	-0.1394411
303	C	0.343	-0.1109269
304	C	0.482	-0.05288192
305	A	0.105	-0.008974846
306	T	-0.117	0.03679
307	A	-0.445	0.09172623
308	T	-0.094	0.1317527
309	T	-0.124	0.166179
310	C	0.412	0.1685278
311	A	0.126	0.1314208
312	C	0.161	0.1573029
313	T	0.400	0.2057017
314	C	0.432	0.2704439
315	T	0.475	0.2617041
316	C	0.374	0.2756825
317	A	0	0.2439278
 318	C	0.442	0.2191059
319	C	0.511	0.2254267
320	T	0.396	0.2286456
321	A	-0.207	0.2264466
322	T	0.056	0.2003215
323	C	0	0.2134957
 324	A	-0.195	0.2465675
325	T	0.243	0.2269097
326	C	0.442	0.2039123
327	A	0.403	0.1562707
328	C	0.136	0.1668124
329	T	0.545	0.1845265
330	C	0.429	0.1615935
331	A	0.186	0.1644121
332	T	0.212	0.1207476
333	G	-0.222	0.04796084
334	G	-0.070	-0.004345854
335	A	0.287	-0.04127532
336	G	-0.298	-0.09586262
337	T	-0.159	-0.1215126
338	T	-0.324	-0.1020116
339	T	-0.503	-0.08286726
340	C	-0.276	-0.02520311
341	A	-0.344	-0.03214302
342	G	-0.163	-0.08479556
343	A	0.096	-0.05426005
344	C	0.440	-0.04827833
345	C	0.461	0.008376823
346	C	0.526	0.05604013
347	T	-0.160	0.07251783
348	A	-0.397	0.07485006
349	C	0.098	0.04924583
350	G	-0.081	0.02197432
351	T	0.412	-0.03080938
352	T	0.115	-0.06631899
353	T	-0.062	-0.1137569
354	T	-0.313	-0.08120516
355	T	-0.496	-0.05405734
356	G	-0.258	-0.04652869
357	A	-0.245	-0.005577338
358	G	0	-0.01831357
 359	A	-0.089	0.004931892
360	G	0.262	0.0379935
361	A	-0.044	0.08916196
362	G	0.196	0.1519562
363	C	0.451	0.1672981
364	T	0.246	0.2277585
365	T	0.418	0.2393006
366	C	0.367	0.2649982
367	T	0.351	0.2808284
368	G	0.319	0.2628929
369	C	-0.058	0.2217384
370	T	0.540	0.15797
371	G	0.150	0.1092885
372	A	0.244	0.05828399
373	C	0.468	-0.009151315
374	A	-0.277	-0.07260378
375	G	-0.338	-0.0804997
376	A	-0.377	-0.04421323
377	A	-0.386	-0.05185823
378	T	-0.244	-0.03700808
379	G	-0.508	-0.04227192
380	A	-0.473	-0.05418531
381	G	0.216	0.005297077
382	T	0.413	0.04173808
383	C	0.440	0.04344054
384	C	0.343	0.03132746
385	A	0.175	0.03602569
386	G	0.313	0.09956269
387	C	0.495	0.1124701
388	A	0.135	0.06147631
389	T	-0.355	0.01213031
390	A	-0.543	-0.05572869
391	A	-0.183	-0.1184985
392	C	0.317	-0.1449124
393	G	-0.305	-0.183116
394	A	-0.445	-0.2309205
395	G	-0.228	-0.2109919
396	A	-0.441	-0.1706155
397	A	-0.472	-0.1159712
398	A	-0.167	-0.1000683
399	G	-0.183	-0.1268068
400	T	-0.125	-0.1375397
401	T	0.394	-0.1361501
402	G	0.169	-0.1500759
403	C	0.166	-0.1539315
404	A	0.022	-0.1504864
405	C	-0.030	-0.1539087
406	A	-0.445	-0.1476224
407	A	-0.427	-0.1123326
408	A	-0.409	-0.1182316
409	A	-0.491	-0.149683
410	A	-0.428	-0.1421906
411	T	-0.212	-0.1559347
412	A	-0.101	-0.1676439
413	C	0.332	-0.1270812
414	T	0.317	-0.05234873
415	G	-0.239	-0.01860356
416	T	0.264	0.0539669
417	A	-0.155	0.1104851
418	A	-0.182	0.1484592
419	C	0.082	0.1598099
420	T	0.543	0.09402247
421	T	0.029	0.02937362
422	T	0.451	0.03743724
423	C	0.306	0.03149647
424	C	0.281	0.07879239
425	A	0.045	0.1077997
426	A	-0.522	0.1238084
427	A	-0.522	0.07067966
428	A	-0.134	0.03150818
429	G	0.187	-0.04340012
430	T	0.459	-0.07996589
431	C	0.194	-0.1296495
432	C	0.290	-0.1314523
433	A	-0.147	-0.1132238
434	A	-0.479	-0.1064875
435	G	-0.521	-0.1294062
436	A	-0.168	-0.1631938
437	G	-0.364	-0.2136048
438	T	0.022	-0.2601931
439	T	-0.285	-0.2935006
440	A	-0.435	-0.2557344
441	A	-0.432	-0.1847062
442	A	-0.252	-0.1295944
443	T	-0.196	-0.09407769
444	T	-0.411	-0.077555
445	A	-0.142	-0.1096707
446	T	0.343	-0.1050043
447	C	0.443	-0.107804
448	A	0.194	-0.1072982
449	T	0.292	-0.1215641
450	G	-0.149	-0.1433234
451	A	-0.395	-0.134974
452	A	-0.224	-0.08768292
453	T	-0.471	-0.08452523
454	A	-0.426	-0.1186338
455	A	-0.437	-0.1371191
456	A	-0.479	-0.1722886
457	A	-0.302	-0.1661731
458	T	0.472	-0.1593524
459	C	0.384	-0.1535653
460	T	0	-0.09809401
 461	A	-0.045	-0.05375893
462	T	-0.164	0.01044168
463	T	-0.070	0.07449868
464	A	-0.306	0.06749192
465	T	-0.149	0.01359192
466	A	0.249	0.01594353
467	G	0.149	0.04541253
468	A	0.396	0.08619057
469	T	0.353	0.1346827
470	G	-0.393	0.1658361
471	T	-0.228	0.1942316
472	T	0.415	0.1985978
473	C	0.383	0.1622986
474	C	0.484	0.1781635
475	A	0.466	0.1856847
476	T	0.334	0.1921843
477	C	0.062	0.259903
478	A	-0.092	0.2774924
479	T	-0.222	0.2519218
480	T	0.356	0.2314642
481	C	0.494	0.1766032
482	T	0.438	0.1446926
483	T	0.486	0.1083009
484	C	0	0.1024241
 485	T	0.083	0.1321967
486	A	0.117	0.1240594
487	A	-0.228	0.1182655
488	G	0.051	0.1115595
489	A	-0.138	0.1070027
490	T	-0.013	0.07770292
491	T	0.294	0.08643345
492	G	-0.327	0.1111568
493	G	0.280	0.1089997
494	C	0.407	0.155337
495	T	0.378	0.1813836
496	G	0.105	0.2183267
497	C	0.113	0.2416383
498	T	0.404	0.2200163
499	G	0.089	0.2679419
500	C	0.373	0.238648
501	C	0.389	0.1888938
502	T	0.342	0.178488
503	C	0.289	0.1359267
504	G	0.013	0.1271962
505	G	0.295	0.05829589
506	G	-0.099	0.01950469
507	A	-0.239	0.004603231
508	T	0.243	-0.05014885
509	G	-0.447	-0.1147092
510	T	0	-0.1617408
 511	A	-0.491	-0.1608678
512	A	-0.415	-0.149128
513	A	0.179	-0.1096213
514	A	-0.321	-0.06481358
515	T	-0.497	-0.05904065
516	A	-0.322	0.008731038
517	G	0.024	0.03764727
518	G	0.447	0.09731173
519	T	0.413	0.1657434
520	G	0.343	0.163781
521	C	0.318	0.1720925
522	T	0.433	0.1802876
523	T	0.375	0.1774179
524	C	0.284	0.1453682
525	C	0.474	0.1164297
526	T	0.154	0.05553227
527	T	-0.213	0.04489904
528	G	-0.390	0.02038735
529	A	-0.359	0.007864808
530	A	-0.391	-0.0414845
531	A	0.071	-0.07218204
532	C	-0.377	-0.1471347
533	T	0.205	-0.1874108
534	A	0	-0.169353
 535	C	0.270	-0.1713136
536	A	-0.265	-0.1773246
537	A	-0.114	-0.1591048
538	G	-0.499	-0.1345518
539	A	-0.369	-0.100404
540	G	0.020	-0.143938
541	A	-0.416	-0.1730104
542	T	-0.437	-0.1625755
543	A	-0.155	-0.1278517
544	C	0.390	-0.1364417
545	C	0.065	-0.1148062
546	A	-0.360	-0.1095849
547	A	-0.377	-0.1308517
548	T	0.406	-0.1004971
549	C	0.185	-0.0975302
550	A	-0.226	-0.1243885
551	G	-0.218	-0.1925868
552	T	-0.301	-0.2279912
553	A	-0.255	-0.2357029
554	T	-0.021	-0.2404531
555	T	-0.398	-0.3035242
556	A	-0.504	-0.3545765
557	A	-0.495	-0.3717866
558	A	-0.394	-0.3847161
559	G	-0.461	-0.3983784
560	A	-0.439	-0.4188838
561	A	-0.413	-0.4541617
562	A	-0.477	-0.4489309
563	T	-0.450	-0.4192846
564	A	-0.386	-0.4097807
565	A	-0.478	-0.3771988
566	A	-0.522	-0.3491279
567	A	-0.480	-0.3434756
568	A	-0.330	-0.3484432
569	G	-0.118	-0.3457329
570	A	-0.372	-0.3460202
571	T	0.029	-0.3506949
572	T	-0.096	-0.3494335
573	T	-0.366	-0.3401628
574	A	-0.478	-0.3255582
575	A	-0.442	-0.3068215
576	A	-0.453	-0.273929
577	A	-0.447	-0.2275785
578	A	-0.462	-0.1958438
579	A	-0.401	-0.202513
580	G	-0.290	-0.214204
581	A	-0.087	-0.2197329
582	C	0.308	-0.2149492
583	A	0.230	-0.188511
584	C	0.441	-0.1164094
585	G	-0.182	-0.06996369
586	A	-0.518	-0.03907485
587	A	-0.550	-0.01767285
588	A	-0.380	-0.04487292
589	G	-0.110	-0.1077916
590	G	0.489	-0.1601527
591	C	0.141	-0.2077561
592	A	0	-0.2210618
 593	T	-0.012	-0.1875328
594	A	-0.441	-0.1355985
595	G	-0.509	-0.09154405
596	A	-0.450	-0.04526058
597	A	-0.177	-0.06832489
598	G	-0.355	-0.04407282
599	A	-0.082	-0.04407282
600	C	0.124	-0.03737378
601	T	0.192	-0.01905586
602	T	0.491	0.01005214
603	C	0.189	0.06245575
604	T	0.456	0.09158983
605	C	0	0.1366305
 606	G	0.074	0.1571956
607	T	-0.202	0.1330289
608	A	-0.130	0.1486414
609	T	0.230	0.1062934
610	G	0.201	0.08420622
611	G	0.229	0.01424145
612	A	0.185	-0.01115171
613	G	-0.189	-0.04741258
614	T	0.395	-0.04381066
615	A	-0.058	-0.0519212
616	T	-0.097	-0.03681328
617	T	-0.453	-0.03652351
618	T	-0.330	-0.04625289
619	T	-0.396	-0.09524374
620	A	-0.156	-0.08897743
621	A	-0.236	-0.1506734
622	C	0.427	-0.1803049
623	T	0.205	-0.2084736
624	G	0.103	-0.2076772
625	A	-0.451	-0.2152052
626	G	-0.107	-0.2259005
627	T	-0.406	-0.2244662
628	A	-0.444	-0.1900722
629	A	-0.463	-0.1885452
630	T	-0.442	-0.1768622
631	A	-0.427	-0.1998492
632	A	-0.535	-0.1904832
633	A	-0.137	-0.2131404
634	G	0.210	-0.2033004
635	C	0.446	-0.1970652
636	T	0.357	-0.1614201
637	T	-0.195	-0.1637634
638	A	-0.330	-0.1569872
639	T	-0.402	-
640	T	-0.278	-
641	A	-0.363	-
642	T	0	-
 643	T	-0.473	-
644	G	-0.339	-
