1	G	0.348	-
2	A	-0.127	-
3	T	-0.128	-
4	T	0	-
 5	T	-0.266	-
6	G	-0.357	-
7	A	-0.170	-
8	A	0.388	-
9	C	0.301	-
10	T	0.329	-
11	C	0.264	-
12	T	0.446	-
13	G	-0.028	-
14	G	-0.079	-
15	A	0.292	-
16	C	0.429	0.04852534
17	C	0.514	0.04714944
18	T	0.476	0.04178621
19	T	-0.379	0.04695271
20	T	-0.110	0.0589519
21	G	-0.439	0.0780459
22	G	-0.144	0.1034691
23	A	-0.188	0.1135512
24	A	0.075	0.1101891
25	G	-0.091	0.1098413
26	A	0.246	0.1069777
27	G	-0.280	0.08991155
28	C	0.122	0.06657481
29	A	-0.128	0.07903389
30	G	0.218	0.09657863
31	T	-0.026	0.08295947
32	C	0.305	0.06169895
33	G	-0.293	0.04737577
34	G	0.031	0.03799855
35	G	0.371	0.03521264
36	T	0.325	0.02225248
37	G	0.430	0.04598845
38	C	0.141	0.06394393
39	T	0.283	0.08549716
40	C	0.290	0.09070845
41	T	0.240	0.09628859
42	T	-0.264	0.1010578
43	A	-0.276	0.1150179
44	C	0.357	0.106061
45	C	0.464	0.1175778
46	C	-0.129	0.1166027
47	A	-0.229	0.1229019
48	C	0.070	0.1215839
49	T	0.185	0.1435055
50	G	-0.466	0.1554434
51	A	-0.512	0.1551555
52	G	0.295	0.1594159
53	C	0.411	0.1565175
54	C	0.479	0.1429376
55	A	0.237	0.1233416
56	T	0.081	0.1118772
57	C	0.394	0.09156931
58	T	0.151	0.08571612
59	C	-0.155	0.08662367
60	A	0.228	0.08214135
61	C	0.188	0.08032141
62	C	0.169	0.08810922
63	A	0.264	0.1095018
64	G	0.386	0.1214675
65	C	0.401	0.1260256
66	C	0.363	0.1315416
67	C	0.457	0.1399262
68	C	0.340	0.1148303
69	T	-0.278	0.08420553
70	A	-0.323	0.0530544
71	C	-0.065	0.03174272
72	A	-0.388	0.01443152
73	A	-0.445	-0.009368645
74	A	-0.248	-0.0187939
75	T	0.218	-0.02538906
76	C	0.407	-0.04798626
77	A	0.111	-0.06575726
78	C	0.433	-0.08614681
79	T	0.441	-0.09037077
80	T	0.326	-0.09652165
81	T	-0.295	-0.09433739
82	T	-0.252	-0.1153033
83	T	-0.482	-0.1446635
84	A	-0.537	-0.1456929
85	A	-0.486	-0.1302586
86	A	-0.423	-0.1266647
87	A	-0.455	-0.1296022
88	A	-0.343	-0.1304633
89	T	-0.140	-0.129871
90	G	-0.359	-0.1387702
91	A	-0.472	-0.1517554
92	A	-0.362	-0.1714968
93	A	-0.462	-0.1897565
94	A	0.133	-0.2148125
95	C	0.195	-0.2463096
96	T	0.469	-0.2597118
97	G	-0.286	-0.238044
98	A	-0.453	-0.2343176
99	T	0.308	-0.2289138
100	G	0.199	-0.2247107
101	G	-0.212	-0.2234175
102	T	-0.156	-0.2141514
103	A	-0.415	-0.1944669
104	A	-0.427	-0.1939416
105	A	-0.524	-0.1930586
106	C	-0.183	-0.1897654
107	A	-0.204	-0.1880497
108	A	-0.454	-0.1660095
109	G	-0.343	-0.1607657
110	A	-0.534	-0.1808521
111	A	-0.088	-0.1815237
112	C	0.376	-0.1995527
113	A	-0.136	-0.1969536
114	T	-0.314	-0.1900775
115	T	-0.407	-0.1962105
116	A	-0.446	-0.2135084
117	T	-0.136	-0.2027495
118	C	0.154	-0.1914028
119	A	-0.327	-0.1826633
120	A	-0.113	-0.1657299
121	G	-0.257	-0.163127
122	G	-0.419	-0.1710249
123	A	0.321	-0.1755571
124	G	-0.300	-0.1762885
125	G	-0.488	-0.1556825
126	A	0.174	-0.1236055
127	G	-0.089	-0.106762
128	G	-0.206	-0.1095136
129	A	-0.239	-0.1000321
130	G	0.118	-0.08070615
131	G	-0.336	-0.05357786
132	A	0.121	-0.05570825
133	G	0.195	-0.06751841
134	G	-0.144	-0.06531599
135	G	0.097	-0.05125925
136	A	-0.444	-0.03269057
137	A	-0.428	-0.02361901
138	G	-0.344	-0.008642784
139	A	-0.476	-0.01900001
140	T	0.295	-0.01626604
141	C	0.459	0.001519671
142	T	0.433	0.00396909
143	T	0.291	0.004658303
144	G	0.157	0.003763368
145	A	0.284	-0.002642632
146	C	0.433	-0.01980673
147	A	-0.512	-0.02498347
148	T	-0.502	-0.02590583
149	A	0.222	-0.04278199
150	G	0.108	-0.04781451
151	C	0.462	-0.06581612
152	A	0.023	-0.06715654
153	T	0.045	-0.06849044
154	A	0	-0.07075389
 155	G	-0.215	-0.07180793
156	G	0.062	-0.0927857
157	A	0.250	-0.09733596
158	C	-0.068	-0.1193631
159	A	-0.234	-0.1385221
160	A	-0.438	-0.1573743
161	A	-0.413	-0.1840385
162	A	-0.497	-0.2000702
163	T	0.092	-0.190245
164	T	-0.327	-0.1880621
165	G	-0.300	-0.2082723
166	T	-0.460	-0.2205622
167	A	-0.485	-0.2528894
168	A	-0.470	-0.2399091
169	A	-0.414	-0.2501808
170	A	-0.509	-0.2362047
171	A	-0.354	-0.2186519
172	C	0.318	-0.2037197
173	A	-0.249	-0.1995939
174	G	-0.302	-0.1821033
175	A	-0.427	-0.1662989
176	A	-0.541	-0.1423646
177	A	-0.063	-0.1280001
178	C	-0.207	-0.09978654
179	A	-0.434	-0.09082215
180	T	-0.403	-0.09016886
181	A	-0.272	-0.06907189
182	A	-0.539	-0.06770831
183	C	0.425	-0.05389826
184	A	-0.273	-0.05341094
185	G	0.433	-0.03110539
186	G	0.328	-0.01053662
187	G	0.525	0.004416384
188	T	0.378	0.00549219
189	A	0.474	0.004726674
190	C	0.255	-0.000317229
191	T	0.303	-0.0003127774
192	T	0.031	5.102903e-05
193	T	0.377	-0.01428164
194	G	0.370	-0.0189939
195	T	-0.307	-0.00236739
196	G	0.353	0.02271016
197	A	-0.418	0.0456328
198	G	-0.057	0.07473467
199	A	-0.455	0.07271632
200	T	0.276	0.08859793
201	C	0.128	0.08817648
202	A	0.108	0.082209
203	C	0.351	0.05949616
204	A	-0.272	0.03070332
205	G	-0.459	0.005497223
206	A	-0.427	0.002640448
207	A	-0.530	-0.009944813
208	A	-0.507	-0.01700986
209	A	-0.353	-0.03180415
210	G	0.080	-0.05023773
211	T	0.373	-0.05093702
212	C	0.438	-0.0576507
213	T	0.362	-0.05207034
214	G	0.363	-0.04006936
215	G	0.218	-0.0362313
216	G	0.420	-0.03014262
217	C	0.143	-0.02584991
218	A	-0.178	-0.02195181
219	A	-0.514	-0.03329772
220	A	-0.307	-0.03463259
221	G	0.167	-0.0271781
222	T	-0.086	-0.01822014
223	G	-0.187	-0.002958297
224	T	-0.081	0.001033252
225	A	-0.200	0.02664548
226	A	-0.328	0.04031939
227	G	0.145	0.03705662
228	A	-0.245	0.0258914
229	A	0.314	0.02135334
230	G	-0.336	0.01552746
231	T	0.465	0.01837017
232	T	0.261	-0.007283213
233	C	0.229	-0.02206254
234	A	0	-0.02603831
 235	G	-0.314	-0.02365347
236	A	-0.227	-0.02957725
237	A	-0.149	-0.05267215
238	T	-0.057	-0.06647289
239	T	-0.383	-0.07027376
240	C	0.440	-0.06385141
241	C	0.504	-0.05441416
242	T	0.272	-0.03779894
243	T	0.092	-0.03021155
244	C	0.221	-0.0139371
245	C	0.182	-0.01155639
246	G	0.307	0.01149322
247	A	-0.375	0.003627642
248	G	-0.314	0.009475513
249	A	-0.302	0.01300584
250	T	-0.440	0.02711493
251	A	-0.490	0.04546977
252	A	-0.548	0.06545961
253	A	-0.514	0.074648
254	G	-0.304	0.06168829
255	G	0.117	0.06975855
256	A	0.091	0.06833087
257	C	0.186	0.04983823
258	T	0.380	0.0549011
259	G	0.259	0.05355005
260	G	0.388	0.03795717
261	C	0.378	0.03429982
262	A	0.221	0.03732782
263	C	0.442	0.06174831
264	C	0.339	0.08641369
265	T	0.437	0.09860429
266	G	0.254	0.1260828
267	C	0.391	0.1573514
268	T	0.135	0.1913679
269	G	-0.459	0.2227466
270	A	-0.133	0.2186219
271	G	0.395	0.2010942
272	G	-0.068	0.1887244
273	T	0.429	0.1803548
274	C	0.050	0.1558049
275	A	-0.261	0.1309866
276	G	0.069	0.1137029
277	C	0.400	0.08944765
278	T	0.381	0.09456465
279	C	0.450	0.08666291
280	G	0.075	0.08558662
281	G	0.411	0.07676653
282	T	0.478	0.05928249
283	C	0.505	0.03461349
284	T	0.458	0.02082391
285	T	-0.432	0.02520901
286	T	-0.425	0.02528762
287	G	-0.291	0.005988203
288	A	-0.073	0.01006888
289	A	-0.380	-0.00911209
290	A	-0.510	0.003710568
291	G	-0.147	0.02215154
292	T	-0.373	0.02683498
293	T	0.380	0.01121984
294	T	0.197	0.005813416
295	C	0.305	-0.01870749
296	A	0.163	-0.01189315
297	T	-0.287	-0.03265241
298	T	-0.373	-0.06162692
299	A	-0.292	-0.06375386
300	T	-0.323	-0.06569518
301	A	-0.131	-0.04318137
302	G	-0.202	-0.01493983
303	G	0.058	0.009351465
304	A	-0.165	0.005306823
305	C	0.447	0.003870435
306	T	0.310	0.003481145
307	G	0.214	-0.004583984
308	G	-0.083	0.00362321
309	A	0.214	-0.01087593
310	G	-0.310	-0.003826216
311	A	0.287	-0.02096005
312	T	-0.231	-0.01599041
313	A	-0.419	-0.0006580871
314	C	0.439	0.009417529
315	G	0.398	0.01803809
316	T	0.265	0.03144628
317	C	0.449	0.03439292
318	T	0.461	0.03162798
319	T	-0.198	0.0297544
320	A	-0.424	0.03870246
321	G	-0.522	0.0297103
322	T	-0.397	0.03413895
323	A	-0.119	0.04250869
324	G	-0.069	0.05844125
325	C	0.416	0.06438613
326	A	-0.225	0.06556816
327	A	0.318	0.05676238
328	G	0.188	0.05128131
329	A	-0.060	0.04850038
330	G	-0.024	0.03012202
331	T	0.092	0.01989458
332	G	-0.039	0.02493233
333	T	-0.288	0.02242178
334	T	0	0.0194711
 335	T	0.112	0.02155991
336	G	0.168	0.02337845
337	C	0.447	0.04406913
338	C	0.474	0.05928188
339	T	0.410	0.06663072
340	A	0.398	0.07467401
341	G	-0.273	0.05492337
342	G	0.014	0.04765521
343	T	-0.401	0.02813379
344	A	-0.506	0.03663592
345	A	-0.129	0.04489714
346	G	0.081	0.05961748
347	T	0.421	0.07081609
348	T	0.372	0.08740653
349	C	0.369	0.08119895
350	A	-0.134	0.06647549
351	A	-0.368	0.04546495
352	G	0.119	0.02500514
353	G	0.074	0.02447701
354	T	0.108	0.0246214
355	T	0.179	0.01546527
356	C	-0.196	-0.007014506
357	A	-0.450	-0.00603699
358	A	-0.287	-0.01950976
359	T	0.451	-0.008905065
360	C	0.195	0.002217323
361	C	0.431	-0.005635419
362	C	0.439	-0.02322621
363	C	0.474	-0.03976298
364	A	-0.480	-0.04403576
365	A	-0.456	-0.07019689
366	T	-0.538	-0.05849737
367	A	-0.465	-0.03503253
368	C	0.431	-0.02296537
369	T	0.478	-0.01350157
370	G	0.126	-0.002754923
371	A	-0.298	-0.006933287
372	G	-0.243	0.008243165
373	T	-0.403	0.01414184
374	A	-0.073	0.01276878
375	G	-0.161	-0.005578223
376	A	-0.373	-0.02135358
377	G	-0.464	-0.04478116
378	A	-0.091	-0.066236
379	C	0.239	-0.07018025
380	A	-0.441	-0.04012677
381	A	0.228	-0.01106896
382	C	0.358	0.00940801
383	C	0.493	0.03692733
384	T	0.367	0.03011569
385	T	0.441	0.02392817
386	T	0.050	0.01722273
387	C	0.274	0.03474676
388	T	-0.267	0.0475066
389	A	-0.329	0.06638082
390	T	-0.117	0.0708121
391	A	-0.293	0.08316752
392	T	-0.294	0.1076567
393	G	-0.225	0.1298198
394	G	0.352	0.141246
395	C	0.451	0.1467421
396	T	0.444	0.1761546
397	T	0.095	0.1795784
398	G	0.387	0.1649985
399	G	0.219	0.1641885
400	T	0.286	0.1414919
401	G	-0.080	0.1358686
402	T	0.245	0.1213805
403	G	0.152	0.1054126
404	G	0.181	0.1185724
405	T	0.064	0.1206087
406	G	0.221	0.1328297
407	G	0.385	0.1529017
408	C	0.222	0.1759865
409	G	0.262	0.196458
410	C	0.410	0.1790249
411	T	0.470	0.1516404
412	C	0.334	0.1431584
413	A	-0.093	0.1348918
414	C	0.468	0.1355047
415	C	-0.336	0.1409891
416	A	0.267	0.1420194
417	A	-0.398	0.1509594
418	C	-0.220	0.1441039
419	A	0.140	0.125499
420	A	-0.266	0.121821
421	C	0.261	0.1126011
422	T	0.328	0.1039747
423	C	0.420	0.0870559
424	C	0.408	0.06320255
425	A	-0.188	0.03705938
426	G	-0.397	0.03688403
427	T	0.181	0.02170009
428	A	-0.160	0.02507955
429	C	0.406	0.04106453
430	C	0.389	0.03011759
431	C	0.318	0.02518663
432	G	0.196	0.002593497
433	T	0.032	0.0005734645
434	A	-0.424	-0.004823406
435	A	0.067	-0.01131151
436	G	-0.221	-0.001380087
437	G	-0.045	-0.0134918
438	T	-0.138	-0.04027467
439	A	-0.516	-0.06478089
440	A	-0.547	-0.08057525
441	A	0.404	-0.07415765
442	G	0	-0.05769333
 443	G	0.439	-0.04980504
444	C	0.402	-0.03140804
445	A	0.128	-0.03006191
446	G	-0.488	-0.03771745
447	A	-0.432	-0.06561839
448	A	-0.461	-0.076793
449	A	-0.387	-0.07334122
450	T	-0.060	-0.04552274
451	A	0.041	-0.03740644
452	T	-0.113	-0.02173786
453	G	-0.501	-0.007879597
454	T	-0.338	0.01026231
455	A	-0.080	0.04269521
456	G	0.010	0.05021782
457	G	0.112	0.04107866
458	G	0.425	0.04395873
459	G	0.409	0.03688125
460	C	0.448	0.02468707
461	C	0.152	0.02338129
462	A	-0.546	0.04069003
463	A	-0.150	0.05859755
464	C	0.139	0.06586258
465	C	0.438	0.06908061
466	T	0.319	0.05441058
467	G	0.264	0.05078918
468	G	0.383	0.06728179
469	C	0.423	0.09534879
470	T	0.488	0.1109246
471	G	-0.314	0.1089824
472	A	0.121	0.09486316
473	C	0.089	0.07692261
474	A	0.220	0.05458245
475	C	0.024	0.0282668
476	A	0.088	0.007833771
477	C	0.047	-0.01262381
478	T	0.122	-0.01185733
479	G	-0.236	-0.02168433
480	A	-0.288	-0.01200568
481	A	-0.515	-0.02400675
482	G	-0.070	-0.04081326
483	C	0.397	-0.06646836
484	C	0.368	-0.07954318
485	C	0.143	-0.08253053
486	T	-0.140	-0.08385824
487	A	-0.426	-0.06350653
488	A	-0.443	-0.05371615
489	A	-0.266	-0.04270825
490	T	-0.405	-0.03813499
491	C	-0.184	-0.02903133
492	A	-0.481	-0.01645662
493	A	-0.522	-0.005893965
494	A	-0.454	-0.009085497
495	G	0.439	-0.001467594
496	G	0.066	0.0181326
497	A	-0.201	0.03247052
498	G	-0.531	0.04937489
499	A	-0.021	0.05169766
500	C	0.331	0.0444594
501	C	0.447	0.03895515
502	T	0.316	0.03601747
503	C	0.424	0.03572047
504	T	0.430	0.04442489
505	C	0.361	0.04545122
506	C	0.306	0.06331547
507	C	0.478	0.08342499
508	C	0.375	0.1127174
509	A	0.023	0.1401446
510	C	0	0.1658675
 511	T	0.319	0.165813
512	G	-0.071	0.1715269
513	T	0.453	0.1921345
514	C	0.469	0.207644
515	T	0.144	0.1913626
516	G	-0.026	0.1816386
517	T	-0.231	0.1633843
518	A	-0.436	0.1649165
519	A	-0.173	0.153739
520	A	-0.234	0.1465245
521	T	0.147	0.1199842
522	C	0.438	0.09590461
523	T	0.426	0.06976664
524	T	0.327	0.04055286
525	G	0.342	0.05105527
526	C	0.437	0.06288117
527	T	0.243	0.06051688
528	C	0.437	0.05099171
529	C	-0.050	0.02264096
530	A	-0.526	0.01824884
531	A	0.029	-0.00257681
532	C	-0.118	0.009571216
533	C	0.364	0.0289778
534	A	0.078	0.05191812
535	A	0.206	0.05888093
536	G	-0.460	0.07891422
537	A	-0.439	0.06786722
538	G	-0.332	0.04878902
539	A	-0.530	0.02434638
540	T	0.349	0.01215015
541	C	0.366	-0.01030924
542	A	0.246	-0.02478827
543	G	-0.366	-0.02083069
544	A	-0.425	-0.03916321
545	T	0.333	-0.03911934
546	T	-0.501	-0.02454523
547	G	0.349	-0.03468883
548	G	0.369	-0.02255392
549	G	0.274	-0.03589958
550	T	0.042	-0.03559604
551	T	0.386	-0.02759701
552	T	-0.194	0.004583123
553	G	-0.153	0.03227067
554	A	-0.331	0.03738064
555	T	-0.050	0.06346061
556	G	-0.353	0.04903013
557	A	-0.010	0.02283478
558	C	0.365	0.001421874
559	T	-0.131	0.003055455
560	T	-0.049	0.0002594548
561	C	-0.074	-0.02830496
562	A	-0.284	-0.01857971
563	C	0.257	-0.04070487
564	A	-0.049	-0.06462513
565	T	0.087	-0.0899189
566	C	0.454	-0.09329863
567	C	0.536	-0.09799302
568	T	0.418	-0.0952245
569	A	-0.173	-0.1022783
570	C	0.277	-0.0789516
571	A	-0.098	-0.0820834
572	T	-0.445	-0.06721405
573	A	-0.417	-0.07948821
574	T	-0.315	-0.09718566
575	A	-0.512	-0.08917127
576	A	-0.552	-0.07350715
577	G	-0.200	-0.07143523
578	G	-0.336	-0.05664397
579	A	-0.371	-0.07551455
580	A	-0.509	-0.08073238
581	A	-0.062	-0.09698649
582	C	0.240	-0.1121099
583	A	-0.108	-0.11937
584	A	-0.371	-0.1410628
585	T	0.391	-0.1368996
586	G	-0.147	-0.1314909
587	T	0.107	-0.117072
588	A	-0.391	-0.08665535
589	T	-0.182	-0.08019383
590	T	0.117	-0.06560247
591	C	0.436	-0.03590902
592	A	-0.010	-0.01488786
593	T	0.173	0.007939329
594	G	-0.327	0.02144837
595	G	-0.211	0.02121315
596	A	-0.416	0.02711786
597	A	-0.013	0.01428156
598	G	0.311	-0.007187635
599	T	-0.254	-0.005831068
600	G	-0.044	0.02151487
601	G	0.445	0.01560203
602	T	0.348	0.004964094
603	T	0.497	-0.01309562
604	C	-0.217	-0.01499378
605	A	0.136	-0.02363762
606	T	0.408	-0.04415662
607	T	0.099	-0.06775597
608	C	0.507	-0.07241249
609	T	0.082	-0.08662153
610	G	-0.379	-0.08798353
611	T	-0.326	-0.09689488
612	A	-0.460	-0.07800295
613	G	-0.424	-0.0845484
614	G	-0.066	-0.1004096
615	G	0.476	-0.1049585
616	A	0.208	-0.1112699
617	A	-0.477	-0.1389085
618	A	-0.452	-0.1616906
619	A	-0.450	-0.1902426
620	A	-0.450	-0.1663916
621	A	-0.518	-0.1684902
622	A	-0.295	-0.1772821
623	A	-0.154	-0.1896819
624	G	-0.266	-0.2105583
625	G	-0.369	-0.219179
626	A	-0.487	-0.1985256
627	A	0.169	-0.1806512
628	C	-0.216	-0.1521202
629	A	-0.179	-0.126724
630	A	-0.395	-0.1104526
631	T	-0.240	-0.1154989
632	A	-0.411	-0.1116385
633	A	-0.357	-0.08776707
634	A	-0.387	-0.06919529
635	T	0.522	-0.04790716
636	T	0.071	-0.03382038
637	T	0.135	-0.001770474
638	A	-0.284	0.01970349
639	G	-0.139	0.02577572
640	G	-0.184	0.03580512
641	A	0.261	0.03876815
642	C	0.228	0.04639948
643	C	0.423	0.05066338
644	C	0.362	0.07323741
645	C	0.437	0.08149995
646	C	0.319	0.08352624
647	T	0.328	0.09746521
648	T	0.262	0.1070334
649	C	0.123	0.1237741
650	T	0.209	0.1282093
651	C	-0.014	0.1176843
652	C	0.474	0.1190615
653	C	0.370	0.1210955
654	T	0.033	0.1394165
655	T	0.044	0.1508927
656	T	-0.277	0.1563534
657	G	-0.251	0.147932
658	T	0.301	0.146143
659	G	0.482	0.1216139
660	T	0.076	0.09462119
661	A	-0.332	0.07487041
662	T	0.191	0.0523118
663	T	-0.114	0.04107045
664	T	0.161	0.03118809
665	A	-0.250	0.02391174
666	T	0.195	0.02567951
667	G	0.114	0.02320693
668	T	0.198	0.0175218
669	G	0.283	-0.008328397
670	T	0.216	0.003939729
671	A	-0.015	0.006098168
672	C	0	0.02189249
 673	A	0.172	0.03632888
674	T	-0.336	0.04321646
675	A	-0.474	0.04009723
676	A	-0.174	0.03190863
677	T	-0.379	0.04587724
678	G	-0.020	0.03111805
679	T	-0.043	0.04127708
680	G	-0.102	0.03607198
681	T	0.264	0.05695315
682	A	-0.090	0.04684644
683	T	0.298	0.04627754
684	G	-0.430	0.05409406
685	T	0.414	0.05824977
686	T	0.111	0.0581187
687	G	0.212	0.06516086
688	G	0.196	0.07668912
689	T	0.515	0.06205279
690	G	0.386	0.07408753
691	T	-0.177	0.09238979
692	A	0.100	0.1059229
693	T	-0.265	0.114347
694	G	0.200	0.1130109
695	T	0	0.1144156
 696	G	0.397	0.1334135
697	T	-0.117	0.1387023
698	G	0.096	0.1478611
699	C	0.440	0.1225973
700	A	0.411	0.1406643
701	T	0.212	0.1386118
702	G	0.203	0.1387897
703	T	0.357	0.1453872
704	G	-0.281	0.1522698
705	G	0.036	0.1505125
706	A	0.093	0.1529669
707	C	0.244	0.1665452
708	A	-0.118	0.1751877
709	T	-0.061	0.1977075
710	G	0	0.2061526
 711	C	0.486	0.2175947
712	G	0.428	0.2134039
713	T	0.193	0.2072801
714	C	-0.484	0.1911508
715	A	0.129	0.1705482
716	G	0.350	0.1433109
717	G	0.116	0.1187884
718	T	0.416	0.1212353
719	G	0.409	0.124639
720	C	0.460	0.1432698
721	C	0.462	0.1561777
722	T	0.243	0.1673765
723	T	0.368	0.1655614
724	C	0.432	0.1761263
725	C	0.462	0.1932135
726	T	0.354	0.1999901
727	T	0.267	0.1980939
728	G	-0.307	0.1822977
729	A	-0.403	0.1683949
730	T	-0.197	0.1734575
731	A	-0.432	0.1572431
732	A	-0.548	0.1385502
733	C	0.278	0.1229111
734	T	0.462	0.1100097
735	C	0.296	0.1110391
736	T	0.436	0.0924117
737	C	0.440	0.07074357
738	C	0.188	0.06739938
739	A	0.208	0.06052083
740	C	0.468	0.05726025
741	C	0.210	0.04706357
742	T	0.427	0.04649096
743	T	-0.061	0.0404788
744	T	-0.237	0.06464019
745	T	-0.327	0.09083067
746	A	-0.373	0.08403184
747	T	-0.228	0.08800332
748	A	-0.368	0.096157
749	C	0.016	0.09992974
750	T	0.441	0.08268744
751	G	-0.116	0.07621645
752	A	-0.209	0.07629029
753	G	0.139	0.07428265
754	G	0.155	0.06193404
755	C	0.331	0.05629057
756	A	0.146	0.04049598
757	G	0.336	0.02798969
758	G	0.080	0.02100434
759	G	0.441	0.02911362
760	T	0.408	0.03440333
761	T	-0.408	0.04152984
762	T	-0.309	0.05844523
763	A	-0.295	0.08084471
764	T	0.395	0.1029703
765	T	-0.071	0.1134143
766	G	0.095	0.1123257
767	C	0.438	0.1117791
768	T	0.377	0.1261045
769	G	-0.194	0.1281251
770	G	0.034	0.1217565
771	A	-0.021	0.1241003
772	C	-0.177	0.1308855
773	A	0.211	0.1322844
774	C	0.190	0.1424877
775	G	-0.073	0.1301744
776	G	-0.106	0.1163783
777	A	0.151	0.1408054
778	G	0.465	0.15026
779	C	0.317	0.1625411
780	T	0.340	0.1551246
781	C	0.408	0.1574349
782	A	-0.133	0.1539758
783	T	0.234	0.1480502
784	C	0.202	0.1377212
785	A	-0.041	0.1525804
786	C	0.403	0.1639903
787	T	0.356	0.1761143
788	G	0.380	0.196267
789	C	0.397	0.2053483
790	A	0.059	0.2136464
791	G	-0.019	0.222295
792	C	0.348	0.2344554
793	C	-0.016	0.2295799
794	A	0.085	0.2264816
795	C	0.165	0.2261547
796	T	0	0.2062089
 797	G	-0.011	0.2005586
798	C	0.255	0.2110362
799	A	0.057	0.2118045
800	G	0.266	0.2161048
801	C	0.387	0.2278067
802	C	0.354	0.2201034
803	G	0.447	0.2140536
804	T	0.492	0.2116487
805	C	0.447	0.2106925
806	T	0.194	0.1957646
807	A	0.270	0.2101645
808	C	0	0.1966052
 809	T	0.369	0.2039281
810	G	0.307	0.2172097
811	C	-0.277	0.2183775
812	A	0.232	0.2337795
813	G	0.191	0.2399923
814	C	0.258	0.2402081
815	C	0.335	0.2516281
816	C	0.320	0.2553826
817	A	0.165	0.2389621
818	G	0.168	0.2374944
819	C	0.305	0.2377204
820	T	0.367	0.23543
821	C	-0.402	0.2307115
822	T	0.427	0.2290304
823	T	-0.071	0.2274207
824	G	0.210	0.2172424
825	T	0.497	0.1973502
826	G	0.202	0.1832486
827	T	0.477	0.1980162
828	C	0.181	0.1950449
829	T	0.261	0.1893797
830	C	0.411	0.193758
831	T	0.382	0.1873063
832	G	-0.121	0.1892578
833	T	0.308	0.1887695
834	C	0.454	0.1880152
835	C	0.421	0.1797472
836	T	0.301	0.1744409
837	C	0.142	0.17655
838	T	0.220	0.1477889
839	G	-0.315	0.1333526
840	A	-0.247	0.1114404
841	G	-0.129	0.08387345
842	T	0.179	0.07735142
843	G	0.140	0.06504188
844	C	0.015	0.0678275
845	T	0.394	0.06765034
846	T	0.135	0.06780159
847	G	0.381	0.0694113
848	G	0.150	0.08418027
849	G	0.145	0.07758317
850	A	0.049	0.05701717
851	T	0.203	0.04907059
852	T	-0.337	0.0338305
853	A	-0.464	0.04279621
854	T	-0.519	0.0496853
855	A	-0.468	0.07324256
856	A	-0.357	0.09497982
857	G	0	0.1074818
 858	C	0.095	0.1107192
859	A	0.267	0.1204827
860	G	0.256	0.1294575
861	C	0.416	0.1283565
862	C	0.432	0.1239849
863	A	0.336	0.1285861
864	C	0.104	0.1111313
865	T	-0.183	0.09733426
866	A	0.175	0.08679814
867	C	-0.171	0.08895217
868	G	0.420	0.1096249
869	C	0.433	0.1390888
870	C	0.414	0.1644076
871	T	0.426	0.1806495
872	G	0.258	0.1857472
873	C	0.280	0.1882932
874	C	0.443	0.1930005
875	C	0.293	0.1936998
876	A	0.360	0.177973
877	C	0	0.1657185
 878	T	0.523	0.1484191
879	T	-0.391	0.1384596
880	T	-0.282	0.1254221
881	T	-0.277	0.1244995
882	C	0.269	0.1256039
883	A	0.303	0.1262133
884	C	0.448	0.1188422
885	C	0.265	0.1192331
886	T	0.034	0.111004
887	G	-0.199	0.0940661
888	A	0.078	0.07779852
889	G	0.241	0.06330106
890	T	0.289	0.05642448
891	T	-0.231	0.03203632
892	T	0.036	0.01558677
893	T	-0.103	0.03117881
894	G	0.027	0.01021887
895	A	-0.299	0.01366687
896	G	-0.212	0.02815232
897	G	0.209	0.02334639
898	A	-0.152	0.01963197
899	T	0.191	0.0125021
900	C	0.445	0.008449135
901	C	0.159	0.00450949
902	A	-0.098	0.002983103
903	A	-0.246	-0.0007148
904	A	-0.169	-0.006224326
905	C	0.230	-0.01056562
906	T	-0.462	-0.02670726
907	A	-0.149	-0.03533526
908	C	0.483	-0.02987892
909	A	-0.125	-0.03243444
910	A	-0.284	-0.02741062
911	T	0.166	-0.03477736
912	T	-0.426	-0.02058814
913	T	0.154	-0.0233933
914	T	0.082	-0.008500623
915	C	0.323	-0.02006075
916	A	0.143	-0.04217227
917	T	-0.012	-0.0373123
918	G	-0.314	-0.02059912
919	A	-0.091	-0.007745635
920	T	0.107	0.01252901
921	G	-0.211	0.0145453
922	G	-0.498	0.03347353
923	T	0.205	0.02482453
924	A	-0.182	0.004337074
925	G	0.183	0.01447756
926	A	-0.528	0.01503414
927	G	0.227	0.004817074
928	G	0.122	0.0260304
929	C	0.309	0.02765278
930	A	-0.166	0.02783034
931	A	-0.239	0.01248485
932	G	0.310	0.01783417
933	T	0.419	0.03344926
934	G	0.152	0.05641885
935	C	0.459	0.04662688
936	T	0.292	0.03572398
937	T	0.124	0.03150082
938	T	-0.417	0.04935949
939	A	-0.151	0.0562543
940	T	0.188	0.07594975
941	C	-0.266	0.08023404
942	A	-0.149	0.08959223
943	C	0.231	0.09147472
944	T	0.204	0.09778062
945	G	0.087	0.09805675
946	A	-0.152	0.1175238
947	G	0.309	0.1133399
948	C	0.471	0.1109673
949	C	0.398	0.1110055
950	A	-0.395	0.1121453
951	T	-0.230	0.1085183
952	T	-0.342	0.1066615
953	T	0.055	0.11701
954	C	0.419	0.1364082
955	C	0.427	0.1448144
956	C	0.316	0.1520429
957	T	-0.238	0.1625108
958	A	0.286	0.1508112
959	C	0.318	0.1369643
960	C	0.317	0.1166316
961	T	0.436	0.1039156
962	C	-0.369	0.1094606
963	T	0.236	0.1016003
964	G	0.420	0.09367801
965	G	0.187	0.08681239
966	T	0.346	0.1121608
967	G	0.235	0.1205786
968	T	0.445	0.1409872
969	G	0.183	0.1479988
970	T	0.108	0.1337696
971	C	0.412	0.123463
972	C	0.057	0.1287711
973	G	-0.512	0.1305859
974	A	-0.197	0.1252538
975	A	-0.425	0.1065497
976	G	-0.306	0.09905577
977	A	0.019	0.1011606
978	C	0.065	0.1290506
979	A	0.226	0.1209136
980	G	0.185	0.1059806
981	C	0.390	0.08662562
982	T	0.030	0.07891472
983	A	0.290	0.07449903
984	C	0.272	0.05535716
985	A	-0.021	0.03516539
986	G	0.108	0.02199923
987	T	0.480	0.0245071
988	T	-0.181	0.01070152
989	T	0.120	0.01765071
990	A	-0.261	0.01851261
991	C	0.085	0.04528848
992	T	0.502	0.06533752
993	C	0.495	0.05736221
994	A	-0.015	0.0497258
995	T	-0.042	0.05548628
996	A	-0.412	0.0596797
997	T	0.107	0.03973818
998	A	0.098	0.03324665
999	C	-0.148	0.03394385
1000	A	-0.442	0.04236862
1001	A	-0.299	0.04225154
1002	T	0.490	0.03592442
1003	C	-0.370	0.03589851
1004	A	-0.297	0.05815835
1005	A	-0.171	0.06944955
1006	T	0.404	0.07450361
1007	C	0.315	0.0582347
1008	A	-0.227	0.02672534
1009	A	-0.171	-0.0045264
1010	T	0.404	-0.01958152
1011	C	0.315	-0.03201374
1012	A	-0.227	-0.03551332
1013	A	-0.171	-0.04536586
1014	T	0.312	-0.0509001
1015	C	0.533	-0.05072407
1016	A	-0.025	-0.04998375
1017	A	-0.087	-0.05645668
1018	T	0.480	-0.08391281
1019	C	0.508	-0.06693768
1020	T	0.470	-0.07173814
1021	T	-0.105	-0.0788223
1022	T	-0.418	-0.1038938
1023	A	-0.474	-0.1213574
1024	A	-0.473	-0.1044601
1025	A	-0.482	-0.1033799
1026	A	-0.427	-0.1225937
1027	A	-0.520	-0.1204592
1028	A	-0.197	-0.1055293
1029	C	-0.073	-0.1127658
1030	A	-0.142	-0.123753
1031	A	-0.419	-0.1515759
1032	A	-0.499	-0.1657337
1033	A	-0.360	-0.1763822
1034	C	0.155	-0.1985415
1035	A	-0.446	-0.2124397
1036	A	-0.390	-0.2250974
1037	A	-0.372	-0.2091549
1038	A	-0.226	-0.1810471
1039	T	0.296	-0.1555761
1040	T	-0.137	-0.1265341
1041	G	-0.190	-0.1082946
1042	G	0.381	-0.09450401
1043	A	0.235	-0.07478297
1044	G	-0.395	-0.05437497
1045	T	-0.028	-0.04249963
1046	T	-0.328	-0.02121324
1047	T	-0.464	-0.002442981
1048	A	-0.417	0.01139988
1049	A	-0.206	0.01288979
1050	A	0.077	-0.005582955
1051	T	0.078	-0.003699632
1052	C	0.389	-0.002753697
1053	T	0.452	-0.0004936
1054	T	0.314	-0.00278789
1055	C	0.426	-0.008643116
1056	A	0.083	0.002629335
1057	G	0	0.02227853
 1058	A	0.090	0.01816188
1059	C	0.435	0.01839714
1060	T	0.294	0.03459814
1061	C	0.517	0.04106059
1062	T	0.162	0.05749691
1063	A	-0.070	0.08321236
1064	T	-0.314	0.09909497
1065	G	-0.416	0.1025591
1066	T	-0.387	0.08747522
1067	A	-0.361	0.0692618
1068	A	-0.302	0.04530473
1069	A	-0.297	0.02222544
1070	G	0.114	-0.0002758484
1071	C	0.211	-0.02228527
1072	C	0.418	-0.02420921
1073	A	0.253	-0.0103197
1074	G	0.242	-0.001927355
1075	G	0.106	-0.02320029
1076	C	0.171	-0.04088255
1077	A	0.180	-0.06227413
1078	C	0.333	-0.07164274
1079	A	0.074	-0.05496741
1080	G	-0.099	-0.0284239
1081	T	-0.390	-0.02242996
1082	A	-0.486	0.003878716
1083	A	-0.353	0.0202482
1084	T	-0.263	0.0228352
1085	A	-0.382	0.01928736
1086	T	-0.255	0.0002919097
1087	T	0.023	-0.01945228
1088	C	0.430	-0.04085815
1089	A	0.350	-0.05844754
1090	C	-0.224	-0.06960699
1091	A	-0.253	-0.07759148
1092	T	-0.145	-0.08837145
1093	A	-0.128	-0.1108951
1094	C	0.446	-0.1280815
1095	T	0.508	-0.1321471
1096	C	-0.231	-0.1272849
1097	A	0.427	-0.1075029
1098	C	0.146	-0.08623408
1099	A	-0.222	-0.06026975
1100	A	-0.407	-0.03881398
1101	A	-0.474	-0.01218392
1102	T	-0.400	0.01061666
1103	T	-0.245	0.006918135
1104	A	-0.291	-0.01720757
1105	T	-0.103	-0.03724977
1106	A	-0.140	-0.01640922
1107	G	-0.162	0.0052632
1108	A	-0.517	0.02486488
1109	A	-0.199	0.0309963
1110	G	-0.051	0.03311162
1111	T	0.051	0.004601235
1112	C	0.223	7.449355e-05
1113	A	0.173	-0.02411409
1114	C	0.451	-0.04304931
1115	C	0.402	-0.04765302
1116	T	0.442	-0.03141495
1117	C	0.451	-0.008943852
1118	A	-0.091	0.005793723
1119	T	-0.317	0.02975543
1120	A	-0.270	0.04642559
1121	C	0.421	0.04719661
1122	C	0.418	0.05009628
1123	C	0.461	0.04659115
1124	A	0.061	0.04741457
1125	C	0.511	0.03676202
1126	A	-0.375	0.03177742
1127	A	-0.371	0.0314677
1128	T	-0.321	0.03832318
1129	A	-0.440	0.04704631
1130	T	-0.364	0.03336239
1131	T	0.096	0.005349419
1132	C	0.222	-0.02336555
1133	A	0.056	-0.03297694
1134	T	0.497	-0.04366831
1135	T	0.225	-0.04824847
1136	T	-0.079	-0.05433253
1137	C	-0.050	-0.08226889
1138	T	-0.270	-0.08538931
1139	A	-0.492	-0.08915411
1140	A	-0.529	-0.07780141
1141	A	-0.206	-0.08778647
1142	G	0.041	-0.08759673
1143	G	0.435	-0.08727228
1144	T	0.443	-0.08299344
1145	T	0.027	-0.08415863
1146	A	-0.466	-0.08565247
1147	A	-0.447	-0.09766738
1148	G	0.153	-0.110998
1149	A	-0.422	-0.109758
1150	A	-0.459	-0.1265559
1151	A	-0.459	-0.1442848
1152	T	-0.444	-0.1533279
1153	T	0.321	-0.1679063
1154	C	0.345	-0.1677448
1155	A	0.413	-0.1478451
1156	C	0.202	-0.1270315
1157	C	-0.369	-0.1336461
1158	A	-0.361	-0.15051
1159	T	-0.189	-0.1774793
1160	C	-0.477	-0.2012285
1161	A	-0.411	-0.2135907
1162	A	-0.276	-0.1946447
1163	G	-0.191	-0.1746382
1164	T	0.095	-0.1647732
1165	G	-0.023	-0.1493182
1166	G	-0.324	-0.1475106
1167	A	-0.360	-0.1298659
1168	A	-0.502	-0.1102928
1169	A	-0.265	-0.1104718
1170	C	0.124	-0.1336332
1171	C	0.115	-0.1610923
1172	A	-0.411	-0.1795211
1173	A	-0.481	-0.1811826
1174	A	-0.400	-0.1846183
1175	A	-0.292	-0.1938456
1176	A	-0.356	-0.1792262
1177	C	0.121	-0.1668627
1178	A	0.172	-0.1439696
1179	C	0.459	-0.123801
1180	T	0.056	-0.1339419
1181	A	-0.403	-0.1476495
1182	T	0.087	-0.1423645
1183	A	0.162	-0.1455729
1184	C	0.316	-0.1350103
1185	A	-0.372	-0.1383008
1186	G	-0.437	-0.1524302
1187	A	-0.369	-0.168534
1188	A	-0.421	-0.1512814
1189	A	-0.467	-0.1235841
1190	A	-0.475	-0.09454975
1191	T	-0.023	-0.07492223
1192	T	-0.028	-0.05837752
1193	C	0.433	-0.05700336
1194	C	0.434	-0.04551101
1195	A	-0.219	-0.04510981
1196	G	-0.448	-0.05887933
1197	A	-0.160	-0.05158117
1198	A	-0.459	-0.06492075
1199	A	-0.175	-0.07898546
1200	T	-0.367	-0.09932465
1201	A	-0.313	-0.07656465
1202	A	-0.383	-0.07390549
1203	T	0.123	-0.04548985
1204	T	0.377	-0.03930853
1205	T	0.499	-0.02920814
1206	C	0.315	-0.02567998
1207	T	0.156	-0.03545944
1208	A	0.163	-0.02383052
1209	C	0.529	-0.03402494
1210	G	0.471	-0.05466535
1211	A	-0.370	-0.06252852
1212	T	-0.177	-0.06320306
1213	T	-0.325	-0.07134942
1214	T	-0.273	-0.06933416
1215	A	-0.314	-0.07356674
1216	T	0.332	-0.06637939
1217	T	-0.354	-0.06247971
1218	T	0.511	-0.04626126
1219	A	-0.229	-0.03492435
1220	T	-0.154	-0.05011064
1221	T	-0.365	-0.07544754
1222	T	-0.326	-0.08301606
1223	T	0.332	-0.09335174
1224	T	0.117	-0.1076337
1225	T	-0.205	-0.1098179
1226	T	-0.463	-0.1395175
1227	T	-0.469	-0.113254
1228	A	-0.413	-0.09257442
1229	A	-0.397	-0.06606403
1230	A	-0.306	-0.04466355
1231	T	-0.145	-0.02818958
1232	G	-0.192	-0.04481019
1233	T	0.118	-0.03826003
1234	A	0.475	-0.05367588
1235	T	-0.093	-0.04675356
1236	T	-0.285	-0.05522069
1237	T	0.081	-0.04956646
1238	A	-0.163	-0.03901914
1239	T	-0.279	-0.05436491
1240	T	0.461	-0.04598133
1241	G	-0.449	-0.05135395
1242	T	0.443	-0.05323143
1243	T	0.464	-0.03098765
1244	C	0.495	-0.02215398
1245	T	0.389	0.003827635
1246	T	0.196	0.02650605
1247	T	-0.182	0.04458931
1248	G	-0.151	0.05752751
1249	T	0.033	0.05802576
1250	G	-0.014	0.05620444
1251	A	-0.417	0.06214229
1252	G	-0.190	0.07523455
1253	T	0	0.08665597
 1254	T	-0.143	0.09731339
1255	C	0.377	0.1188226
1256	A	-0.372	0.1158935
1257	A	-0.521	0.1345934
1258	G	0.220	0.1315693
1259	G	-0.139	0.1159978
1260	C	0.408	0.08329527
1261	C	0.396	0.05308611
1262	A	0.415	0.04533545
1263	G	0.208	0.05122809
1264	A	0.134	0.05806795
1265	C	0.418	0.04438021
1266	T	0.090	0.04695649
1267	C	0.119	0.05041487
1268	A	0.435	0.0593688
1269	T	0.166	0.06577999
1270	C	0.387	0.08427977
1271	T	0.370	0.06118386
1272	G	0.130	0.07282231
1273	C	0.350	0.08572127
1274	A	-0.018	0.09141289
1275	T	-0.517	0.09968092
1276	A	-0.546	0.09641318
1277	G	-0.043	0.09540456
1278	C	0	0.09522321
 1279	A	0.060	0.09415008
1280	A	-0.390	0.07726808
1281	G	0.064	0.05195334
1282	T	-0.309	0.05381548
1283	T	0.086	0.05359094
1284	G	0.198	0.05620768
1285	C	0.430	0.06192716
1286	A	-0.338	0.05886023
1287	G	-0.011	0.05077806
1288	G	-0.121	0.03468684
1289	C	0.396	0.009496194
1290	C	0.117	0.0004357323
1291	A	0.307	0.002522894
1292	G	0.365	0.005966894
1293	C	0.409	-0.009628729
1294	C	0.175	-0.02359212
1295	A	-0.389	-0.0321622
1296	A	-0.366	-0.007914519
1297	G	0.148	0.00400169
1298	G	0.113	0.02773875
1299	C	0.516	0.03692586
1300	T	0.344	0.03444202
1301	A	0.292	0.0311527
1302	C	0.120	0.05712941
1303	A	-0.368	0.06952965
1304	T	-0.430	0.08839468
1305	A	-0.299	0.08074435
1306	G	-0.453	0.062449
1307	T	-0.439	0.03724535
1308	A	-0.527	0.009141968
1309	A	-0.432	-0.02148319
1310	G	-0.205	-0.04071616
1311	C	0.361	-0.03360129
1312	C	0.434	-0.0161489
1313	T	0.425	-0.01203248
1314	C	0.371	-0.003311258
1315	C	0.121	-0.03241503
1316	A	0.328	-0.05880906
1317	T	0.466	-0.08335419
1318	C	0.373	-0.1010651
1319	T	0.463	-0.1036536
1320	C	0.159	-0.09801577
1321	A	-0.450	-0.07515171
1322	A	-0.474	-0.05028642
1323	A	-0.505	-0.03747882
1324	A	-0.539	-0.02584308
1325	A	-0.420	-0.02839495
1326	G	-0.168	-0.03484069
1327	A	0.174	-0.05997382
1328	C	0.276	-0.08290989
1329	C	0.383	-0.1021688
1330	A	-0.385	-0.1227415
1331	A	-0.474	-0.1345088
1332	A	-0.468	-0.1602581
1333	A	-0.428	-0.1893371
1334	A	-0.448	-0.218809
1335	A	-0.255	-0.243601
1336	C	0.409	-0.2414679
1337	C	0.317	-0.2228239
1338	C	-0.042	-0.2059719
1339	A	-0.166	-0.2033835
1340	A	-0.511	-0.1933319
1341	A	-0.405	-0.193544
1342	A	-0.417	-0.1958476
1343	G	-0.276	-0.2152092
1344	A	-0.171	-0.2408077
1345	A	-0.266	-0.2582465
1346	G	-0.243	-0.23942
1347	A	-0.469	-0.2390166
1348	A	-0.434	-0.236135
1349	A	-0.540	-0.2349895
1350	A	-0.305	-0.2337321
1351	C	0.225	-0.2349217
1352	C	0.127	-0.2583398
1353	A	0.048	-0.2581737
1354	A	-0.425	-0.250476
1355	A	-0.227	-0.2400755
1356	A	-0.427	-0.218795
1357	C	-0.239	-0.1964543
1358	A	-0.425	-0.1707669
1359	A	-0.517	-0.1664651
1360	A	-0.157	-0.1711924
1361	C	0.197	-0.1737285
1362	A	-0.461	-0.174841
1363	A	-0.379	-0.1759938
1364	T	-0.393	-0.1757447
1365	A	-0.409	-0.1670181
1366	A	-0.292	-0.1654469
1367	A	-0.316	-0.1755446
1368	T	0.322	-0.1882163
1369	G	0.195	-0.1970066
1370	G	0.155	-0.1904473
1371	G	0.147	-0.171519
1372	A	0.287	-0.1561526
1373	C	0.378	-0.1544236
1374	C	-0.143	-0.1328795
1375	A	-0.317	-0.1079447
1376	A	-0.344	-0.09541188
1377	T	-0.277	-0.1063652
1378	A	-0.505	-0.08436236
1379	A	-0.427	-0.05940968
1380	G	-0.270	-0.03738555
1381	A	-0.256	-0.02613604
1382	T	-0.087	-0.02470291
1383	A	-0.264	-0.02959636
1384	G	-0.224	-0.0554591
1385	T	-0.222	-0.07623933
1386	T	0.358	-0.09549178
1387	C	0.049	-0.1081076
1388	A	-0.186	-0.1208704
1389	G	0.242	-0.1357492
1390	C	0.255	-0.1167738
1391	T	0.231	-0.1217324
1392	C	-0.141	-0.1252964
1393	A	0.220	-0.1086095
1394	G	0.394	-0.0817276
1395	C	0.289	-0.05640782
1396	T	-0.060	-0.03173947
1397	G	-0.248	-0.02942798
1398	A	-0.468	-0.03283906
1399	T	-0.478	-0.04049342
1400	A	-0.448	-0.046061
1401	A	-0.440	-0.0517781
1402	A	-0.243	-0.06145177
1403	A	-0.108	-0.06700388
1404	C	-0.082	-0.05532772
1405	C	0.444	-0.0773714
1406	A	-0.471	-0.09321662
1407	A	-0.455	-0.09765394
1408	G	0.239	-0.07871626
1409	C	0.327	-0.07454155
1410	C	0.357	-0.09208301
1411	T	0.494	-0.1018405
1412	G	-0.184	-0.09911365
1413	A	-0.192	-0.08149559
1414	T	-0.502	-0.05118346
1415	G	-0.396	-0.02269995
1416	A	-0.399	0.002267377
1417	G	0.058	0.02909509
1418	T	-0.123	0.0529917
1419	T	0.175	0.07096902
1420	G	-0.440	0.07511003
1421	A	-0.235	0.06707845
1422	G	0.093	0.08721823
1423	C	0.445	0.1137945
1424	T	0.349	0.09301781
1425	T	-0.149	0.09423065
1426	G	-0.013	0.09049077
1427	A	0.023	0.08823752
1428	C	0.297	0.106211
1429	C	0.471	0.1282045
1430	C	0.404	0.1421209
1431	A	0.325	0.1422011
1432	C	0.390	0.1580677
1433	T	0.497	0.1408523
1434	C	0.448	0.1512917
1435	A	0.045	0.1599344
1436	T	0.195	0.1614729
1437	A	0.152	0.1569203
1438	C	0.368	0.151549
1439	A	-0.404	0.1245566
1440	C	0.365	0.1040714
1441	T	0.241	0.1028165
1442	C	0.424	0.0971012
1443	C	0.372	0.08273878
1444	C	0.488	0.05909856
1445	C	-0.070	0.0274152
1446	A	-0.394	0.007419365
1447	T	0.092	0.001713074
1448	A	-0.474	-0.0007672806
1449	T	0.200	-0.02924415
1450	G	0.443	-0.05718331
1451	G	-0.393	-0.06428357
1452	T	-0.376	-0.06842301
1453	A	-0.072	-0.06673546
1454	A	-0.391	-0.07016804
1455	G	-0.285	-0.05428358
1456	A	-0.188	-0.0750689
1457	G	-0.190	-0.07604619
1458	A	-0.421	-0.0897488
1459	G	-0.435	-0.0973458
1460	A	-0.510	-0.1075667
1461	A	-0.215	-0.09244063
1462	C	0.148	-0.08565154
1463	C	0.313	-0.0967628
1464	A	-0.385	-0.08622944
1465	A	-0.417	-0.09012473
1466	T	-0.174	-0.09076796
1467	A	0.067	-0.08465912
1468	C	0.205	-0.06532918
1469	T	0.262	-0.0486182
1470	T	0.088	-0.03112304
1471	G	-0.279	-0.02534852
1472	T	0.211	-0.004862039
1473	A	0	0.01487167
 1474	A	0.136	0.04377877
1475	G	0.171	0.06455403
1476	T	0.398	0.07592025
1477	T	-0.183	0.07220109
1478	G	-0.252	0.05400625
1479	T	-0.148	0.02919203
1480	T	0.079	0.04645625
1481	C	0.423	0.06593099
1482	T	-0.203	0.07093161
1483	C	0.222	0.07441498
1484	T	0.445	0.07001465
1485	G	0.150	0.067542
1486	A	-0.106	0.06912557
1487	C	0.446	0.08365054
1488	C	0.421	0.07356583
1489	T	0.474	0.08006657
1490	C	0.208	0.07062374
1491	T	-0.158	0.07959386
1492	A	-0.331	0.08079583
1493	C	-0.415	0.101214
1494	A	-0.455	0.1240077
1495	A	0.149	0.142832
1496	G	0.186	0.1434763
1497	T	-0.019	0.1385729
1498	G	0.175	0.1473432
1499	T	0.068	0.1497009
1500	G	0.185	0.1461743
1501	T	0.137	0.1402524
1502	C	0.171	0.1351399
1503	A	-0.101	0.1226832
1504	T	0.201	0.1195477
1505	G	-0.155	0.1125569
1506	T	0.450	0.1182335
1507	G	0.435	0.1356511
1508	T	0.448	0.1561594
1509	C	0.454	0.1809784
1510	T	0.435	0.1817504
1511	G	0.099	0.1690279
1512	C	0.271	0.1649836
1513	A	0.068	0.1706558
1514	C	0.295	0.1800329
1515	A	0.335	0.1922201
1516	T	-0.032	0.1934927
1517	G	-0.264	0.1840827
1518	T	0.060	0.1666085
1519	A	0.324	0.1546928
1520	C	0.257	0.1323952
1521	A	0.384	0.123654
1522	C	0.381	0.09690234
1523	A	0.304	0.06831789
1524	C	0.354	0.03946524
1525	A	-0.431	0.01341747
1526	A	-0.244	-0.0147614
1527	T	0.061	-0.03050198
1528	C	0.156	-0.04973972
1529	A	0.466	-0.05488414
1530	C	0.446	-0.0702093
1531	A	0.225	-0.08777098
1532	C	-0.154	-0.09145813
1533	A	-0.370	-0.09600881
1534	A	-0.470	-0.1132543
1535	A	-0.489	-0.1178824
1536	A	-0.426	-0.1390344
1537	A	-0.379	-0.1604988
1538	A	-0.450	-0.1855823
1539	T	-0.445	-0.2037423
1540	A	-0.353	-0.2124647
1541	A	-0.438	-0.2039457
1542	A	-0.388	-0.1868919
1543	A	-0.324	-0.1966012
1544	T	-0.091	-0.2012077
1545	T	-0.179	-0.2314154
1546	A	-0.208	-0.2568129
1547	T	-0.146	-0.2740809
1548	G	-0.405	-0.278484
1549	A	-0.473	-0.273796
1550	T	0.180	-0.2643577
1551	A	-0.397	-0.2566696
1552	A	-0.280	-0.2366633
1553	A	-0.396	-0.2110144
1554	T	-0.258	-0.1999702
1555	A	0.083	-0.1994028
1556	T	-0.167	-0.1918291
1557	G	0.284	-0.1900081
1558	T	-0.239	-0.1700459
1559	A	0.013	-0.1532526
1560	T	-0.470	-0.1537724
1561	A	-0.340	-0.1576551
1562	A	-0.310	-0.1647755
1563	A	-0.291	-0.1464961
1564	T	-0.225	-0.1439717
1565	T	-0.178	-0.1221138
1566	A	-0.251	-0.1330287
1567	C	0.193	-0.1161759
1568	T	0.415	-0.1003301
1569	G	-0.108	-0.07471081
1570	A	-0.427	-0.05705197
1571	G	-0.118	-0.05029475
1572	A	-0.381	-0.0556003
1573	T	0.230	-0.07373591
1574	C	0.195	-0.05671024
1575	T	-0.107	-0.04580619
1576	G	-0.299	-0.02654232
1577	A	-0.429	-0.003642323
1578	A	0.419	0.009282432
1579	G	-0.327	0.01332211
1580	T	0.203	0.01872485
1581	A	-0.157	0.01130143
1582	T	0.124	0.004110526
1583	G	0.210	-0.01682293
1584	G	0.397	-0.04384409
1585	C	0.289	-0.04368673
1586	T	0.293	-0.02507083
1587	A	-0.331	-0.008660313
1588	G	-0.278	-0.00979199
1589	T	0.287	-0.02092022
1590	C	0.351	-0.01311264
1591	A	0.127	-0.004500926
1592	G	0.369	0.01457565
1593	G	0.090	0.0375463
1594	A	-0.165	0.008445429
1595	A	-0.057	0.02830236
1596	T	-0.408	0.02377847
1597	T	-0.474	0.01954366
1598	A	-0.455	0.003165565
1599	G	-0.421	-0.01694205
1600	T	-0.103	-0.04135402
1601	A	0.149	-0.05775795
1602	T	0.390	-0.06828024
1603	G	-0.416	-0.05670172
1604	T	-0.114	-0.03330753
1605	A	0.437	-0.02666843
1606	G	0.159	-0.02207946
1607	G	0.291	-0.02571692
1608	T	0.282	-0.05230695
1609	A	-0.482	-0.06839448
1610	T	0.288	-0.06969916
1611	A	0.063	-0.07066437
1612	G	-0.288	-0.07210647
1613	A	-0.383	-0.06673911
1614	T	-0.412	-0.06426376
1615	A	-0.358	-0.03737031
1616	T	-0.219	-0.04080821
1617	G	-0.032	-0.04271727
1618	A	0.027	-0.04961685
1619	T	0.447	-0.04996069
1620	T	0.493	-0.05358643
1621	C	0.493	-0.08191269
1622	T	0.014	-0.1033313
1623	T	-0.455	-0.12015
1624	A	-0.408	-0.1425437
1625	A	-0.206	-0.1396455
1626	A	-0.087	-0.1375721
1627	A	-0.452	-0.1455154
1628	T	-0.307	-0.1466113
1629	T	-0.378	-0.1406636
1630	T	0.411	-0.1434876
1631	A	-0.210	-0.1221208
1632	T	0.090	-0.1150458
1633	T	0.176	-0.09882292
1634	T	-0.427	-0.09612708
1635	T	-0.226	-0.1105504
1636	A	-0.440	-0.1385914
1637	A	-0.504	-0.152237
1638	A	-0.229	-0.1379574
1639	A	-0.411	-0.1257048
1640	A	-0.392	-0.110631
1641	G	0.352	-0.1182722
1642	T	-0.182	-0.1088779
1643	G	-0.322	-0.1077265
1644	T	-0.198	-0.1124172
1645	A	-0.500	-0.1110742
1646	T	0.303	-0.1357854
1647	C	0	-0.1279602
 1648	G	0.469	-0.1148901
1649	T	0.110	-0.1191096
1650	T	0	-0.1043903
 1651	A	-0.375	-0.1045112
1652	T	0.070	-0.1037563
1653	T	0.456	-0.101119
1654	T	-0.075	-0.1083484
1655	T	0.059	-0.1044133
1656	T	-0.443	-0.1062554
1657	T	0.203	-0.1307468
1658	A	-0.417	-0.1297914
1659	A	-0.453	-0.1027803
1660	A	-0.337	-0.08705945
1661	T	-0.354	-0.05551957
1662	T	0.032	-0.05283448
1663	C	0.495	-0.05010019
1664	A	0.045	-0.06099222
1665	T	0.028	-0.05220861
1666	T	-0.230	-0.0376078
1667	T	-0.416	-0.01829338
1668	A	-0.422	-0.006595652
1669	A	-0.454	-0.01914915
1670	A	-0.289	-0.02681191
1671	A	-0.449	-0.02564791
1672	A	-0.406	0.0009535065
1673	T	-0.153	0.006963894
1674	T	0.514	0.03272805
1675	T	0.288	0.06000128
1676	T	0.477	0.06692599
1677	C	0.386	0.07985551
1678	T	0.084	0.09111224
1679	A	0.132	0.08452707
1680	C	0.382	0.0763069
1681	T	0.452	0.0846613
1682	G	0.223	0.1031463
1683	T	0.433	0.1270874
1684	G	0.067	0.1418892
1685	T	-0.312	0.1516295
1686	G	0.095	0.1477162
1687	T	0.381	0.1671401
1688	G	0.389	0.1855317
1689	T	0.381	0.2041169
1690	G	0.392	0.1974283
1691	T	-0.122	0.2023658
1692	G	0.046	0.200528
1693	T	0.381	0.2030714
1694	G	0.291	0.2166027
1695	T	-0.209	0.2291908
1696	A	0.287	0.2119403
1697	C	0.342	0.1921489
1698	C	0.325	0.1718251
1699	A	0.036	0.1497099
1700	T	-0.152	0.1395167
1701	T	-0.410	0.1626812
1702	T	0.152	0.1620953
1703	G	0.163	0.1568761
1704	C	0.423	0.1369958
1705	G	0.307	0.1404589
1706	C	0.441	0.1377086
1707	A	0.420	0.1523396
1708	G	0.465	0.1561301
1709	G	0.504	0.1321738
1710	T	0.522	0.1076045
1711	A	-0.151	0.1000629
1712	T	-0.160	0.07965827
1713	T	-0.406	0.0606342
1714	T	-0.252	0.04165553
1715	T	-0.248	0.03346739
1716	C	0.405	0.02937206
1717	A	0.076	0.05568742
1718	G	0.219	0.06040497
1719	G	-0.226	0.06962097
1720	G	0.488	0.06679403
1721	T	0.306	0.04971381
1722	T	0.331	0.02843539
1723	C	0.164	0.01599722
1724	A	-0.361	0.002059297
1725	G	-0.470	-0.02937906
1726	A	-0.442	-0.06134148
1727	A	-0.344	-0.05592035
1728	G	-0.247	-0.04498477
1729	A	-0.263	-0.02495084
1730	G	-0.217	-0.02311858
1731	G	-0.279	-0.01783275
1732	T	0.405	-0.01651972
1733	C	0.298	-0.01553491
1734	C	0.449	-0.02635743
1735	T	0.335	-0.008327071
1736	T	-0.222	-0.03560726
1737	G	-0.217	-0.05846036
1738	G	0.035	-0.07633039
1739	A	0.033	-0.09553091
1740	T	-0.470	-0.09852881
1741	A	-0.468	-0.09292207
1742	C	0.016	-0.08370397
1743	C	0.178	-0.08138781
1744	A	0.214	-0.06377704
1745	A	-0.195	-0.05529314
1746	G	-0.084	-0.05342139
1747	C	0.446	-0.03392172
1748	A	0.107	-0.06353059
1749	G	-0.115	-0.08081649
1750	A	0.332	-0.1071149
1751	G	-0.356	-0.1351927
1752	A	-0.401	-0.1270043
1753	T	-0.222	-0.1251014
1754	T	-0.431	-0.1209492
1755	T	-0.454	-0.1080055
1756	A	-0.296	-0.07890714
1757	G	-0.157	-0.04888246
1758	T	-0.272	-0.03798923
1759	T	0.298	-0.03759558
1760	G	0	-0.03111829
 1761	G	-0.159	-0.0229644
1762	T	0.325	-0.006093777
1763	T	-0.512	-0.01341565
1764	G	-0.237	-0.001549552
1765	T	-0.366	-0.001914681
1766	G	-0.535	-0.02826784
1767	A	0.031	-0.01250871
1768	G	-0.158	0.01322467
1769	C	0.163	0.02315341
1770	C	0.434	0.04009115
1771	T	0.431	0.05756744
1772	C	0.462	0.05525579
1773	C	0.353	0.05586482
1774	A	0.190	0.06613792
1775	T	0.414	0.07081166
1776	G	0.057	0.0861844
1777	T	0.438	0.09422287
1778	G	0.219	0.07862151
1779	C	0.475	0.09310632
1780	A	-0.127	0.1026612
1781	T	-0.484	0.1244285
1782	A	0.131	0.1527997
1783	C	0.396	0.1579855
1784	T	0.084	0.1729184
1785	A	0.094	0.1776294
1786	G	0.087	0.1721081
1787	G	-0.368	0.1727931
1788	A	-0.138	0.1724959
1789	A	0.045	0.1726814
1790	C	0.443	0.1687005
1791	T	0.476	0.1586992
1792	G	0.089	0.1487026
1793	A	-0.158	0.1289356
1794	C	-0.063	0.1138807
1795	T	0.059	0.08501463
1796	T	0.308	0.0901114
1797	C	0.344	0.09798088
1798	G	0.192	0.108686
1799	G	0.303	0.1085352
1800	G	0.309	0.09282782
1801	C	0.263	0.09313428
1802	C	0.452	0.1019892
1803	C	0.453	0.0959787
1804	T	0.359	0.104616
1805	C	0.066	0.1131976
1806	T	0.104	0.1123264
1807	G	-0.252	0.1115823
1808	G	-0.174	0.1218119
1809	A	-0.247	0.1415744
1810	A	-0.419	0.158484
1811	G	0.030	0.1632891
1812	A	-0.240	0.1497283
1813	G	0.463	0.1249547
1814	C	0.391	0.1309541
1815	A	-0.402	0.1230663
1816	G	0.103	0.1096952
1817	C	0.362	0.1029177
1818	A	-0.554	0.1031507
1819	A	0.129	0.09529233
1820	G	0.311	0.08551055
1821	C	0.416	0.09115679
1822	T	0.453	0.09749766
1823	C	0.406	0.110354
1824	T	0.454	0.1101244
1825	C	0.460	0.1291227
1826	T	0.208	0.155775
1827	T	-0.111	0.1701874
1828	A	-0.423	0.1885329
1829	C	0.378	0.1876869
1830	A	0.059	0.1833157
1831	C	-0.104	0.2065843
1832	A	0.053	0.2113201
1833	T	0.460	0.2107766
1834	C	0.209	0.2424223
1835	A	0.056	0.2512323
1836	G	0.241	0.2476005
1837	C	0.301	0.2395929
1838	T	0.145	0.2317954
1839	A	-0.181	0.2323315
1840	T	0.341	0.2267902
1841	C	0.406	0.2016849
1842	T	0.477	0.1898485
1843	C	0.328	0.1916721
1844	T	0.437	0.1936416
1845	T	0.255	0.1910435
1846	C	0.319	0.1877382
1847	T	0.250	0.190188
1848	G	0.345	0.1914825
1849	C	0.426	0.193003
1850	C	0.402	0.1742481
1851	C	0.198	0.1815285
1852	T	0.168	0.1704574
1853	C	0.211	0.163693
1854	T	0.423	0.1423269
1855	C	0.282	0.1466483
1856	A	-0.317	0.1494167
1857	T	-0.158	0.1418601
1858	T	-0.055	0.1411333
1859	A	-0.362	0.1371217
1860	C	0.297	0.1362627
1861	T	-0.042	0.1437115
1862	T	-0.028	0.1287635
1863	A	0.093	0.1152946
1864	T	0.507	0.1164525
1865	T	-0.371	0.09123981
1866	T	0.282	0.0694509
1867	T	-0.101	0.06659223
1868	T	0.091	0.05767845
1869	A	-0.516	0.05126593
1870	T	-0.047	0.05112612
1871	T	0.427	0.03350464
1872	G	0.172	0.05675951
1873	T	0.455	0.05907213
1874	C	0.203	0.05475344
1875	T	0.410	0.07534047
1876	A	0.486	0.05186099
1877	T	-0.144	0.0447522
1878	A	-0.167	0.05470664
1879	T	0.381	0.05168392
1880	T	-0.355	0.02533737
1881	T	-0.272	0.02664147
1882	A	0.110	0.003581697
1883	T	-0.107	-0.003491303
1884	T	0.012	-0.02134934
1885	A	0.419	-0.01608327
1886	G	-0.263	-0.01455745
1887	T	0.403	-0.03574933
1888	A	-0.087	-0.04876271
1889	T	-0.189	-0.06248307
1890	T	0.275	-0.07351746
1891	T	-0.430	-0.07242681
1892	T	-0.263	-0.08868022
1893	G	0.279	-0.08842609
1894	C	0	-0.09651661
 1895	A	-0.309	-0.1140279
1896	T	-0.331	-0.1147137
1897	G	-0.432	-0.1192654
1898	T	-0.320	-0.1361928
1899	A	-0.461	-0.1489434
1900	A	-0.353	-0.1657797
1901	T	0	-0.1815561
 1902	G	-0.229	-0.1836408
1903	A	-0.230	-0.1966442
1904	G	0.029	-0.2045333
1905	T	-0.138	-0.2147845
1906	T	0.444	-0.2367128
1907	C	-0.016	-0.235636
1908	A	-0.136	-0.2426468
1909	A	-0.417	-0.2655072
1910	T	-0.161	-0.2813005
1911	T	-0.376	-0.280108
1912	A	-0.413	-0.2751514
1913	A	-0.414	-0.2740495
1914	A	-0.503	-0.2715717
1915	A	-0.508	-0.2703385
1916	T	-0.070	-0.2710387
1917	G	-0.328	-0.285515
1918	T	0	-0.2936305
 1919	A	-0.331	-0.2954465
1920	G	-0.506	-0.3106822
1921	T	-0.404	-0.3146438
1922	A	-0.396	-0.3407015
1923	A	-0.480	-0.340851
1924	A	-0.428	-0.3461857
1925	A	-0.489	-0.3290057
1926	A	-0.272	-0.3088132
1927	T	-0.177	-0.2885662
1928	T	-0.398	-0.2599707
1929	A	-0.243	-0.2313718
1930	A	-0.423	-0.218175
1931	C	-0.374	-0.2160723
1932	A	-0.448	-0.2232657
1933	A	-0.481	-0.2257809
1934	A	-0.287	-0.2380611
1935	A	-0.442	-0.2333636
1936	A	-0.260	-0.2163289
1937	C	-0.363	-0.1932856
1938	A	-0.021	-0.1957461
1939	T	-0.301	-0.1975473
1940	T	0.114	-0.1860428
1941	T	0.464	-0.1743829
1942	G	0.251	-0.1701661
1943	C	0.472	-0.1657341
1944	C	0.472	-0.1617777
1945	T	-0.094	-0.1480936
1946	A	-0.443	-0.1242904
1947	A	-0.293	-0.09917863
1948	A	-0.406	-0.06990689
1949	A	-0.380	-0.04247234
1950	A	-0.186	-0.02024083
1951	T	0.021	-0.01072147
1952	T	0.310	-0.01512492
1953	G	-0.473	-0.01318344
1954	A	-0.536	-0.01296427
1955	A	-0.072	0.003306661
1956	G	-0.128	0.006362952
1957	A	-0.141	0.001847597
1958	G	-0.040	-0.009784758
1959	G	-0.275	-0.0173174
1960	T	0.180	-0.04165534
1961	C	0.314	-0.05565879
1962	C	0.403	-0.04134379
1963	T	0.458	-0.02553434
1964	C	0.369	-0.01470095
1965	T	0.401	0.008199277
1966	T	-0.147	0.01751592
1967	G	-0.397	0.003953532
1968	A	-0.303	-0.01716279
1969	A	-0.014	-0.002724029
1970	T	0.202	0.01360321
1971	C	0.209	0.02291737
1972	A	0.324	0.03409246
1973	C	-0.109	0.04729605
1974	T	0.239	0.04748947
1975	T	-0.282	0.07136702
1976	A	-0.528	0.05381056
1977	A	0	0.03573482
 1978	G	0.197	0.008583145
1979	C	-0.070	-0.02095466
1980	A	0.329	-0.02459656
1981	C	0.102	-0.03361615
1982	A	-0.399	-0.01858402
1983	T	-0.344	0.005883823
1984	A	-0.025	0.01197556
1985	T	-0.030	0.01131754
1986	A	0.216	-0.008840974
1987	T	0.218	-0.02931346
1988	G	0.267	-0.05480343
1989	T	-0.034	-0.05703778
1990	A	0.464	-0.07775423
1991	C	-0.363	-0.0829052
1992	A	-0.245	-0.08034214
1993	T	-0.438	-0.09494414
1994	A	-0.457	-0.1155102
1995	C	0.256	-0.1296155
1996	A	0.122	-0.1534767
1997	G	0.318	-0.1714938
1998	C	0.361	-0.1713859
1999	C	-0.114	-0.1734632
2000	A	-0.035	-0.1795768
2001	A	-0.422	-0.1769279
2002	T	-0.425	-0.1754184
2003	A	-0.465	-0.1868586
2004	T	-0.178	-0.2027546
2005	A	-0.403	-0.2097313
2006	A	-0.441	-0.240636
2007	A	-0.448	-0.2372907
2008	T	-0.452	-0.236929
2009	A	-0.440	-0.2353865
2010	A	-0.507	-0.2278948
2011	A	-0.410	-0.2355058
2012	A	-0.455	-0.2357176
2013	A	-0.395	-0.2583272
2014	T	-0.408	-0.2684132
2015	A	-0.215	-0.2519331
2016	T	0.051	-0.2347908
2017	A	0.263	-0.2074259
2018	C	-0.136	-0.1770848
2019	A	-0.225	-0.1708716
2020	T	-0.250	-0.1631174
2021	A	-0.493	-0.1486012
2022	A	-0.260	-0.1244509
2023	A	-0.234	-0.1060686
2024	A	-0.390	-0.09047012
2025	T	-0.224	-0.0785127
2026	A	0.020	-0.06782731
2027	T	0.115	-0.05851664
2028	G	-0.382	-0.05441699
2029	T	0.048	-0.03473757
2030	A	0.396	-0.03027947
2031	T	0.496	-0.02087565
2032	C	0.426	-0.03822368
2033	T	0.515	-0.05172358
2034	A	-0.273	-0.03920577
2035	T	0.061	-0.0228379
2036	A	0.046	-0.002688806
2037	G	0.306	-0.001074226
2038	T	0.121	0.01509913
2039	T	0.030	0.03142884
2040	T	-0.069	0.04566563
2041	T	-0.176	0.05751002
2042	T	-0.121	0.06579577
2043	T	-0.328	0.07579252
2044	A	0.214	0.1006917
2045	A	-0.270	0.11032
2046	T	0.076	0.1078518
2047	T	-0.486	0.09122124
2048	T	-0.155	0.07455849
2049	T	0.251	0.04147804
2050	G	0.282	0.05029262
2051	T	0.374	0.06005184
2052	T	-0.443	0.06155745
2053	G	0.241	0.05735916
2054	C	0.271	0.04040481
2055	C	0.051	0.02802591
2056	A	0.142	0.01520081
2057	A	0.277	0.01499981
2058	C	0.425	0.02139899
2059	G	0.389	0.04272392
2060	C	0.346	0.0476537
2061	T	0.320	0.05878344
2062	T	-0.019	0.06206127
2063	G	-0.090	0.0836372
2064	G	-0.510	0.1021575
2065	A	0	0.1082138
 2066	G	0.364	0.1089163
2067	G	0.093	0.1094909
2068	A	0.176	0.1301309
2069	G	-0.404	0.1130732
2070	G	-0.352	0.1077115
2071	A	-0.467	0.1053165
2072	A	-0.182	0.09183357
2073	T	0.076	0.07482292
2074	C	0.332	0.06575544
2075	C	0.366	0.06467631
2076	A	0.074	0.06330263
2077	G	0.178	0.05297444
2078	G	0.182	0.04215541
2079	G	0.418	0.03795306
2080	C	0.439	0.04538458
2081	T	0.303	0.03053322
2082	C	0.391	0.02079202
2083	A	0.196	0.01722746
2084	G	-0.287	4.367742e-06
2085	C	0.105	0.01084521
2086	A	-0.023	0.02627308
2087	G	-0.275	0.05285524
2088	A	-0.250	0.07018505
2089	G	0.144	0.08156178
2090	G	0.356	0.08311916
2091	C	0.304	0.08245652
2092	A	0	0.07913059
 2093	G	-0.354	0.06888094
2094	A	-0.220	0.07709078
2095	G	-0.279	0.07542681
2096	T	-0.460	0.06902623
2097	A	0.062	0.0645273
2098	C	-0.016	0.04443826
2099	A	-0.357	0.04420817
2100	C	-0.068	0.0596401
2101	A	0.125	0.06768462
2102	T	0.356	0.08388772
2103	C	0.354	0.08391946
2104	C	0.429	0.07767111
2105	C	0.380	0.07615043
2106	C	0.346	0.07218852
2107	A	-0.028	0.07535497
2108	C	-0.139	0.08749068
2109	T	0.437	0.1125526
2110	C	0.367	0.1308219
2111	C	0.241	0.153069
2112	T	0.164	0.1783616
2113	G	-0.230	0.1856161
2114	A	0.188	0.1963223
2115	G	0.190	0.2219685
2116	C	0.354	0.2294555
2117	C	0.479	0.2295974
2118	T	-0.274	0.2246005
2119	A	-0.443	0.226824
2120	A	0.097	0.2285489
2121	T	0.233	0.2292476
2122	C	0.402	0.2311493
2123	T	0.376	0.2455358
2124	C	0.422	0.2626985
2125	T	0.345	0.2485922
2126	C	0.409	0.2490174
2127	C	0.323	0.2563583
2128	T	0.287	0.2627745
2129	C	0.314	0.272899
2130	C	0.437	0.2687503
2131	C	0.163	0.264441
2132	A	0.129	0.2572191
2133	G	0.201	0.2524971
2134	C	0.423	0.2681709
2135	G	0.482	0.2926516
2136	C	0.402	0.2934358
2137	T	0.405	0.2859083
2138	C	0.417	0.2801368
2139	A	0.392	0.2673777
2140	C	0	0.2546788
 2141	C	0.380	0.2451423
2142	C	0.468	0.2249062
2143	G	0.363	0.2156662
2144	T	0.082	0.2193863
2145	G	0.060	0.2157439
2146	C	0.057	0.1991219
2147	A	0.130	0.1910351
2148	G	0.332	0.1868478
2149	G	0.211	0.1933525
2150	T	0.314	0.1900216
2151	G	0.121	0.1892308
2152	G	0	0.1858163
 2153	C	0.223	0.179117
2154	A	-0.019	0.1575841
2155	G	0.028	0.1449263
2156	G	0.050	0.1538161
2157	T	-0.217	0.133608
2158	G	0.037	0.1232903
2159	C	0.402	0.1011171
2160	C	0.201	0.1041707
2161	A	-0.077	0.1113288
2162	G	-0.087	0.09527184
2163	G	0	0.07811029
 2164	T	0.403	0.07305048
2165	C	0.320	0.05425035
2166	C	0.458	0.04510118
2167	A	0.296	0.04117412
2168	T	0.197	0.05501937
2169	G	-0.250	0.06184637
2170	A	0	0.07628191
 2171	T	0.275	0.0898953
2172	G	-0.245	0.09984018
2173	T	0.148	0.1176052
2174	G	-0.323	0.1193793
2175	G	0.177	0.109049
2176	A	0.282	0.115178
2177	A	-0.440	0.1299321
2178	G	-0.401	0.146849
2179	A	0.175	0.1620667
2180	A	-0.371	0.1538058
2181	C	0.031	0.1318318
2182	A	0	0.1041998
 2183	C	0.429	0.07701883
2184	T	0.435	0.05877618
2185	C	0.428	0.07355712
2186	G	0.450	0.08217709
2187	G	0.358	0.0678656
2188	C	0.333	0.07764647
2189	A	0.092	0.06336638
2190	C	0.082	0.0797526
2191	A	0.391	0.07535402
2192	C	0.379	0.07035973
2193	C	0.437	0.09932102
2194	C	0.471	0.1037056
2195	T	0.147	0.1102288
2196	T	-0.360	0.1191995
2197	T	-0.398	0.1276735
2198	A	-0.546	0.1410148
2199	A	-0.367	0.1384208
2200	C	0.208	0.1292237
2201	G	0.267	-
2202	T	-0.168	-
2203	G	0.057	-
2204	T	-0.293	-
2205	A	0.183	-
2206	T	0.041	-
2207	C	0.127	-
2208	C	0.457	-
2209	A	-0.265	-
2210	A	0.378	-
2211	C	-0.093	-
2212	G	0.294	-
2213	G	0.413	-
2214	C	0.348	-
2215	G	0.150	-
