1	A	0.056	-
2	G	-0.145	-
3	A	-0.476	-
4	T	-0.358	-
5	G	-0.353	-
6	A	0.112	-0.1804724
7	C	0.215	-0.2227306
8	A	0.071	-0.2326247
9	G	-0.296	-0.1465815
10	A	-0.366	-0.09401211
11	A	-0.445	-0.07961102
12	A	-0.407	-0.1241849
13	A	-0.254	-0.1824602
14	T	0.470	-0.2137938
15	C	0.219	-0.1933819
16	T	-0.195	-0.1618721
17	T	-0.377	-0.1656744
18	A	-0.425	-0.1591444
19	A	-0.272	-0.09937663
20	A	-0.072	-0.1696934
21	T	-0.019	-0.2021751
22	G	-0.487	-0.1598425
23	T	-0.336	-0.1544859
24	T	0.403	-0.07011045
25	A	-0.303	-0.06732408
26	T	-0.137	-0.1029424
27	T	0.270	-0.1448301
28	T	-0.319	-0.1405286
29	C	0.502	-0.1235985
30	A	-0.242	-0.1958707
31	T	-0.464	-0.1585595
32	A	-0.480	-0.1713012
33	A	-0.439	-0.2386779
34	G	-0.149	-0.236245
35	T	-0.391	-0.3270249
36	A	0.107	-0.3305964
37	G	-0.277	-0.3157215
38	A	-0.470	-0.3165022
39	T	-0.292	-0.243636
40	G	-0.495	-0.2260022
41	A	-0.281	-0.1570135
42	A	-0.300	-0.1954697
43	G	-0.488	-0.192614
44	C	0.361	-0.179372
45	A	0.044	-0.1424939
46	A	0.367	-0.1081365
47	G	-0.315	-0.09789448
48	A	-0.246	-0.05084621
49	G	-0.325	0.03766543
50	A	0.113	-0.01158585
51	G	-0.117	0.03134764
52	A	-0.168	-0.007219409
53	G	0.216	-0.01190114
54	T	0.484	-0.02655459
55	G	-0.180	-0.03581023
56	T	0.516	-0.0664725
57	T	-0.057	-0.09522914
58	T	-0.367	-0.09875295
59	A	-0.407	-0.1288333
60	T	-0.426	-0.1326442
61	A	-0.223	-0.07639968
62	A	-0.434	-0.1032504
63	T	-0.207	-0.1150355
64	A	-0.113	-0.08783209
65	C	0.442	-0.07886773
66	T	0.438	-0.04279999
67	G	0.221	-0.01798724
68	G	-0.186	0.03149067
69	A	-0.068	0.0132184
70	G	-0.308	-0.0077706
71	T	-0.030	-0.09009442
72	T	0.049	-0.1556988
73	C	0.110	-0.2123021
74	A	-0.408	-0.1657541
75	A	-0.344	-0.1775665
76	A	-0.462	-0.1353171
77	C	-0.282	-0.0978747
78	A	-0.401	-0.07856791
79	A	0.325	-0.08325695
80	C	-0.198	-0.04290817
81	T	0.155	-0.002538209
82	T	0.381	0.04750925
83	T	0.261	0.07323489
84	G	0.058	0.1442165
85	C	0.035	0.08537662
86	T	0.099	0.06664571
87	T	0.087	0.04803681
88	C	0	0.04954663
 89	G	0.379	0.02088727
90	A	-0.321	0.05953595
91	T	-0.404	0.01363745
92	T	-0.048	0.02291257
93	C	0.398	0.01492129
94	A	-0.053	0.02000371
95	T	0.483	0.02862025
96	C	-0.469	0.09796007
97	T	0.201	0.1600996
98	T	0	0.2071618
 99	G	0.055	0.2152882
100	T	0.474	0.2034964
101	C	0.440	0.179956
102	A	0.279	0.2647781
103	C	0.468	0.2754398
104	T	0.487	0.2946305
105	G	-0.183	0.3030757
106	T	0.224	0.3000719
107	T	0.463	0.2177898
108	C	0.318	0.1701834
109	T	0.211	0.1315439
110	C	0.148	0.06491315
111	T	0.440	0.06779197
112	A	-0.464	0.003913973
113	G	-0.244	-0.06269439
114	T	0.043	-0.1308095
115	T	-0.245	-0.1236268
116	A	-0.151	-0.1293747
117	T	-0.478	-0.1361006
118	G	-0.269	-0.05927914
119	A	-0.430	-0.01713332
120	G	0.290	0.01152035
121	G	0.085	0.07354544
122	G	0.367	0.07417044
123	G	0.380	0.09388307
124	G	0.219	0.09664544
125	G	0.359	0.1225041
126	C	0.437	0.07419016
127	T	-0.145	0.0700448
128	A	-0.261	0.06801771
129	C	-0.238	0.05689871
130	A	-0.146	0.08063807
131	G	-0.241	0.08136089
132	C	0.039	0.04427153
133	G	0.344	0.02048625
134	T	0.258	0.01080507
135	C	0.480	0.02176425
136	G	0.367	0.02922593
137	A	0.029	0.09212156
138	G	-0.406	0.1071119
139	A	-0.367	0.08657058
140	A	-0.118	0.1019285
141	A	-0.064	0.08091185
142	C	0.450	0.07558485
143	T	0.204	0.09493922
144	G	0.118	0.1270545
145	C	0.427	0.1786087
146	G	0.249	0.1610035
147	C	0.308	0.1534477
148	A	0.241	0.116887
149	G	-0.053	0.1160847
150	A	0.199	0.06400807
151	C	-0.311	-0.01210038
152	A	-0.147	-0.07274165
153	A	0.048	-0.1220668
154	C	0.196	-0.1504406
155	A	-0.454	-0.1311878
156	A	-0.409	-0.1473918
157	A	-0.417	-0.1414787
158	A	-0.234	-0.1624276
159	T	-0.070	-0.1246563
160	G	0.158	-0.1463847
161	T	0.021	-0.1037974
162	G	-0.246	-0.1044829
163	A	-0.377	-0.1156319
164	G	0.463	-0.1366379
165	C	-0.042	-0.1182855
166	T	0.014	-0.1500593
167	A	-0.417	-0.1355744
168	T	-0.540	-0.06960396
169	A	-0.465	-0.0542776
170	C	0.131	-0.09521415
171	A	-0.191	-0.102349
172	C	0.180	-0.07186637
173	G	0.478	0.001537082
174	G	-0.209	0.06120799
175	A	0.013	0.1260712
176	T	-0.121	0.08590981
177	G	0.349	0.06594354
178	C	0.390	0.01253708
179	A	0.115	-0.05680692
180	G	0.248	-0.05144537
181	G	-0.310	-0.09847073
182	A	-0.410	-0.07577773
183	A	-0.406	-0.07562855
184	A	-0.284	-0.1127519
185	C	-0.150	-0.1605955
186	A	-0.503	-0.2075504
187	A	0.128	-0.2177904
188	G	0.351	-0.2035721
189	G	-0.018	-0.1966144
190	A	-0.410	-0.1923913
191	G	-0.268	-0.1997709
192	A	-0.422	-0.1377327
193	A	-0.254	-0.1185879
194	A	-0.330	-0.1080554
195	T	-0.237	-0.06277927
196	G	-0.231	-0.04677182
197	T	0.178	-0.07066336
198	T	0.338	-0.07567355
199	C	0.467	-0.08700891
200	C	0.479	-0.02697182
201	T	-0.234	0.01441591
202	T	-0.530	0.02973026
203	T	-0.477	0.01873906
204	G	-0.379	-0.01827084
205	G	0.329	-0.08329047
206	G	0.217	-0.1356773
207	G	-0.062	-0.1361956
208	T	0.057	-0.07159405
209	T	-0.068	0.01226085
210	T	-0.248	0.08259795
211	T	-0.096	0.0346144
212	C	-0.239	-0.01956315
213	G	0.179	-0.04170223
214	C	0.444	-0.09068412
215	C	0.394	-0.1052271
216	A	-0.197	-0.09249076
217	A	-0.378	-0.1138535
218	T	-0.306	-0.1137795
219	T	-0.481	-0.1684036
220	A	-0.228	-0.2513322
221	G	-0.107	-0.3310803
222	A	-0.331	-0.3419754
223	G	-0.239	-0.2693357
224	A	-0.421	-0.2008383
225	A	-0.467	-0.1226759
226	A	-0.482	-0.08713045
227	T	-0.317	-0.07920285
228	C	0.420	-0.0835834
229	C	0.447	-0.05965293
230	G	0.378	-0.02349286
231	G	0.162	0.009965209
232	A	-0.020	0.01848466
233	G	-0.379	0.01510312
234	G	0.024	-0.06860779
235	A	-0.023	-0.117675
236	G	-0.099	-0.1305331
237	A	-0.388	-0.1106212
238	G	-0.354	-0.08960095
239	A	-0.500	-0.0528159
240	A	-0.092	-0.03833355
241	G	0.237	-0.01338335
242	C	0.381	0.01327076
243	A	0.210	0.05648193
244	G	0.024	0.1135729
245	G	0.183	0.1733986
246	G	0.250	0.1867246
247	C	0.193	0.1984224
248	A	0.086	0.2030683
249	G	0.273	0.2181468
250	T	0.158	0.2076588
251	G	0.053	0.1618566
252	G	0.365	0.1245085
253	C	0.432	0.1059946
254	G	0.376	0.08433
255	G	-0.090	0.09659691
256	C	-0.320	0.1165226
257	A	-0.159	0.1051281
258	C	-0.010	0.04338425
259	A	-0.151	-0.02199312
260	G	0.408	-0.09122639
261	C	0.377	-0.1168565
262	G	-0.071	-0.05314845
263	G	-0.313	-0.02968865
264	A	-0.286	0.007038627
265	A	-0.385	0.06371699
266	A	-0.372	-0.01404237
267	C	0.380	-0.009642464
268	A	0.098	0.03622744
269	G	0.393	0.04171789
270	T	0.471	0.05102507
271	G	-0.447	0.132114
272	T	0.425	0.1371944
273	T	0.433	0.05965007
274	G	-0.252	0.05072127
275	G	-0.183	-0.01971827
276	A	0.506	-0.1062338
277	G	-0.316	-0.1055221
278	A	-0.472	-0.1412007
279	T	0	-0.1671695
 280	T	-0.380	-0.1538964
281	G	-0.480	-0.1028943
282	A	-0.439	-0.1650708
283	A	0.033	-0.1419583
284	G	0.147	-0.08904315
285	C	-0.106	-0.04421578
286	T	0.377	0.02442567
287	A	-0.177	0.08322485
288	C	-0.062	0.1604298
289	T	0.109	0.1821058
290	C	0.493	0.1996917
291	T	0.374	0.2302111
292	T	0.166	0.2239427
293	C	0.409	0.2582312
294	C	0.271	0.2570692
295	T	0.340	0.2675324
296	C	0.228	0.2608496
297	C	0.308	0.2590456
298	A	0.199	0.2535007
299	G	-0.075	0.2092694
300	C	0.224	0.1425716
301	T	0.419	0.12131
302	C	0.354	0.0507581
303	G	0.105	0.03141154
304	T	-0.076	0.05589581
305	G	-0.462	0.03185599
306	A	0.107	-0.01372865
307	G	-0.547	-0.0146321
308	G	0.095	-0.002610009
309	C	0.469	0.02778154
310	A	-0.339	0.07976625
311	A	-0.276	0.1563541
312	G	0.409	0.126476
313	C	0.486	0.1806119
314	T	0.440	0.2157351
315	T	0.495	0.2137173
316	C	0.380	0.2306888
317	T	-0.221	0.30112
318	A	0.048	0.2867309
319	C	0.481	0.260044
320	C	0.447	0.1741553
321	A	-0.152	0.1547344
322	C	0.497	0.1365809
323	T	0.251	0.1768379
324	T	0.193	0.2109135
325	A	-0.504	0.2081512
326	C	0.281	0.2034001
327	T	0.180	0.2536479
328	C	0.221	0.255323
329	T	0.423	0.2509667
330	G	0.451	0.2090866
331	C	0.394	0.2173934
332	C	0.399	0.182831
333	T	0.516	0.1208055
334	T	0.203	0.08312475
335	T	-0.267	0.04258029
336	A	-0.413	-0.008256982
337	T	-0.098	-0.0564448
338	A	-0.501	-0.08678468
339	A	-0.193	-0.09350132
340	A	-0.022	-0.07981205
341	T	-0.107	-0.03431214
342	G	-0.135	0.0355685
343	T	0.066	0.07205439
344	C	0.442	0.1445247
345	C	0.354	0.1760659
346	G	0.232	0.1693882
347	T	0.355	0.2198386
348	C	0.302	0.2728608
349	T	0.295	0.3076507
350	G	0.153	0.2767043
351	T	-0.096	0.2746351
352	C	0.447	0.2175912
353	C	0.448	0.20256
354	A	0.448	0.1452788
355	C	0.102	0.1534745
356	T	0.331	0.1088022
357	T	-0.394	0.1030185
358	T	0.189	0.03432764
359	A	-0.327	0.02867609
360	C	0.385	-0.04743736
361	A	-0.337	-0.05671145
362	G	-0.159	-0.1091968
363	A	-0.308	-0.1025135
364	C	0.385	-0.1670337
365	A	-0.388	-0.1837615
366	A	0	-0.2523672
 367	G	-0.246	-0.1972334
368	G	-0.321	-0.1547605
369	A	-0.519	-0.1267079
370	A	-0.511	-0.1309608
371	A	-0.368	-0.05788109
372	G	0.268	-0.05247933
373	T	0.307	-0.06927642
374	G	0	-0.08840542
 375	C	0.339	-0.0346382
376	T	0.415	0.01360227
377	G	0.059	0.06424682
378	G	-0.430	0.07104391
379	A	-0.531	0.01417927
380	A	0.071	-0.028929
381	G	0.019	-0.08810909
382	T	0.188	-0.09302391
383	C	0.343	-0.1385794
384	G	-0.318	-0.1390276
385	A	-0.474	-0.1358279
386	A	-0.311	-0.1752613
387	T	0.361	-0.2237933
388	T	-0.441	-0.2372415
389	T	-0.435	-0.2572438
390	A	-0.496	-0.2592833
391	A	-0.362	-0.2279468
392	G	-0.514	-0.1583045
393	T	0.040	-0.1501806
394	T	0.123	-0.07751217
395	G	-0.340	-0.02670499
396	A	-0.129	0.04036265
397	G	0.454	0.1028349
398	C	0.450	0.1939379
399	T	0.357	0.1927425
400	T	0.123	0.1572873
401	G	0.241	0.1627722
402	G	0.325	0.1846188
403	T	0.487	0.1907713
404	T	0.027	0.1110525
405	A	-0.266	0.06292816
406	T	-0.280	0.0324558
407	T	0.110	0.03912816
408	C	0.521	0.03235789
409	T	-0.426	0.02667153
410	A	-0.171	0.06124545
411	A	-0.212	0.092057
412	G	0.314	0.1569952
413	G	0.250	0.1741549
414	C	0.424	0.1445596
415	T	0.407	0.2000762
416	C	0.072	0.2536886
417	T	0.434	0.3062613
418	C	0.299	0.2981403
419	T	0.196	0.2880862
420	G	0.184	0.2327286
421	C	0.418	0.2052774
422	T	0.366	0.2218386
423	C	0.225	0.201313
424	A	0.140	0.2080326
425	G	-0.184	0.2185877
426	C	0.105	0.2107915
427	A	0.254	0.1498578
428	C	0.208	0.06922536
429	T	0.373	-0.0003917273
430	G	0.312	-0.005096182
431	G	0.098	0.04329591
432	T	-0.252	0.07202227
433	T	-0.520	-
434	A	-0.540	-
435	G	0.088	-
436	C	0.348	-
437	C	0.421	-
