1	A	-0.482	-
2	A	-0.520	-
3	A	0.087	-
4	G	-0.148	-
5	A	-0.387	-
6	G	0	-
 7	A	0.208	-0.1856816
8	T	-0.372	-0.1855724
9	A	0.149	-0.1780669
10	C	0.364	-0.2224222
11	A	-0.388	-0.2207728
12	A	-0.475	-0.192999
13	A	-0.448	-0.2217764
14	G	-0.481	-0.2754444
15	A	-0.423	-0.27912
16	A	-0.489	-0.257304
17	A	-0.126	-0.248209
18	C	-0.026	-0.188039
19	A	-0.374	-0.1199811
20	G	-0.488	-0.07210065
21	A	-0.419	-0.05163695
22	C	0.433	-0.05670626
23	C	0.483	-0.02946495
24	A	0.393	-0.03298503
25	G	0.408	-0.06493623
26	T	0.173	-0.02963043
27	G	-0.215	0.01441927
28	T	-0.489	0.04671765
29	A	-0.135	0.03906904
30	G	-0.172	-0.03032219
31	A	-0.441	-0.04894958
32	T	0.084	-0.07154796
33	C	0.083	-0.0881574
34	A	0	-0.08679317
 35	C	0.333	-0.06425071
36	A	-0.418	-0.08460355
37	A	0.151	-0.05692671
38	C	0.115	-0.01462786
39	A	-0.042	0.01211972
40	G	-0.197	0.02397572
41	A	-0.196	0.02397572
42	T	-0.399	-0.007428515
43	G	0.187	0.02006961
44	C	0.108	-0.01499108
45	T	0.432	-0.03403662
46	T	0.238	-0.0409478
47	G	0	-0.02767817
 48	T	-0.074	-0.04841355
49	C	-0.061	-0.002970938
50	A	-0.304	0.006905754
51	G	-0.132	0.02817729
52	A	-0.131	0.005853677
53	G	-0.024	-0.04591848
54	A	-0.465	-0.02546386
55	G	0.190	0.01382037
56	G	0.315	0.05127994
57	C	0.384	0.09431355
58	A	0.142	0.1349449
59	T	-0.434	0.1689868
60	G	0.265	0.2048299
61	C	0.436	0.2815548
62	T	0.425	0.2508716
63	T	0.255	0.2214728
64	C	0.395	0.2015548
65	C	0.310	0.1769068
66	C	0.441	0.186771
67	T	0.531	0.133615
68	C	-0.207	0.06255237
69	A	-0.066	0.02594511
70	C	0.125	0.02657695
71	A	-0.178	0.005228954
72	G	-0.306	0.01381842
73	A	-0.425	-0.04406382
74	A	-0.487	-0.1102401
75	A	-0.050	-0.123747
76	T	0.263	-0.1071213
77	C	0.118	-0.12773
78	C	0.422	-0.1357559
79	A	-0.311	-0.07274095
80	A	-0.328	-0.01742795
81	A	-0.383	0.005628738
82	T	0.149	-0.02843554
83	G	-0.142	-0.08366938
84	A	-0.282	-0.1151996
85	C	0.512	-0.1454394
86	T	0.293	-0.08910128
87	T	-0.187	-0.04528328
88	A	-0.493	-0.0007283615
89	A	-0.454	-0.02173082
90	G	-0.291	-0.03973221
91	T	0.029	-0.03751375
92	T	0.421	-0.103218
93	A	0.240	-0.1531011
94	C	0.195	-0.1650044
95	T	-0.123	-0.1638401
96	A	-0.376	-0.1629087
97	G	-0.253	-0.1653131
98	A	-0.341	-0.2067608
99	A	-0.354	-0.2599005
100	A	-0.342	-0.2467164
101	G	-0.478	-0.2492376
102	A	-0.442	-0.2201105
103	T	-0.322	-0.1574275
104	A	-0.509	-0.1104618
105	T	-0.269	-0.07434169
106	C	0.412	-0.01674646
107	A	0.162	0.04093238
108	C	0.255	0.06548877
109	C	0.438	0.09345913
110	T	0.357	0.1159218
111	G	0.127	0.1607713
112	G	0.394	0.2008566
113	G	0.407	0.2108794
114	A	-0.158	0.2207226
115	A	-0.078	0.1838561
116	T	-0.030	0.1531963
117	T	0.073	0.1624758
118	C	0.251	0.184234
119	T	0.542	0.1782444
120	T	0.290	0.1608518
121	A	-0.224	0.1740871
122	T	0.039	0.1521267
123	T	0.477	0.1265553
124	T	0.410	0.08802113
125	C	0.316	0.07386903
126	T	0.181	0.003649492
127	G	0.013	-0.05919682
128	T	-0.364	-0.07341612
129	A	-0.363	-0.0805458
130	A	-0.427	-0.1008226
131	G	0.067	-0.1444986
132	A	-0.370	-0.1702675
133	A	-0.526	-0.2009363
134	A	-0.409	-0.1900622
135	T	-0.052	-0.1282808
136	G	0.214	-0.1212429
137	G	-0.157	-0.0883484
138	T	-0.018	-0.07577953
139	A	-0.217	-0.03698315
140	A	0.154	-0.02404953
141	C	0.438	0.04305293
142	A	-0.271	0.06347549
143	G	0	0.07824842
 144	C	0.230	0.06799818
145	A	0.134	0.04414062
146	G	-0.358	0.02797923
147	T	0.463	-0.004693538
148	T	0.212	-0.04279867
149	T	0.406	0.003042331
150	T	-0.290	0.01275095
151	T	-0.328	0.007667408
152	A	-0.427	-0.0004049615
153	T	-0.270	0.05798427
154	T	-0.056	0.03331358
155	C	0.324	0.02291347
156	T	0.126	0.02540647
157	G	0.164	0.0259517
158	G	0.029	0.03740732
159	T	0.401	0.03920993
160	T	0.142	0.06314618
161	C	0.077	0.08242032
162	T	0.438	0.08109408
163	C	-0.283	0.08408462
164	A	-0.179	0.08822978
165	A	-0.404	0.1047915
166	C	0.041	0.07559129
167	T	0.193	0.09345691
168	G	0.306	0.1209892
169	G	0.165	0.08598929
170	T	0.218	0.142506
171	G	0.244	0.1810753
172	G	0.021	0.2222759
173	C	0.374	0.229257
174	G	0.435	0.1959158
175	G	-0.016	0.1672676
176	A	0.451	0.1867218
177	G	0.321	0.1852901
178	G	0.131	0.2001612
179	T	0.131	0.2312706
180	T	-0.239	0.2354814
181	G	-0.065	0.2273624
182	T	0.417	0.2175068
183	C	0.199	0.1667352
184	C	0.437	0.1440058
185	C	0.425	0.1199193
186	C	0.429	0.09554978
187	C	0.329	0.1218164
188	A	-0.144	0.1462312
189	G	-0.208	0.1489255
190	G	0.026	0.1553442
191	A	-0.181	0.1555814
192	G	-0.185	0.1046082
193	A	0.101	0.1008972
194	C	0.251	0.08180964
195	G	0.453	0.1254603
196	C	0.283	0.1727463
197	T	0.440	0.1767293
198	T	-0.236	0.1974022
199	G	0.381	0.2463216
200	G	0.081	0.2527982
201	T	0.422	0.265597
202	G	0.406	0.2419747
203	G	0.077	0.2426694
204	C	0.086	0.2017783
205	A	0.450	0.240369
206	T	0.186	0.2136976
207	C	0.418	0.2045264
208	T	0.145	0.1621759
209	G	0.292	0.1115284
210	G	-0.090	0.09535846
211	T	0.264	0.08646381
212	G	0.034	0.08398235
213	G	-0.037	0.09796719
214	A	-0.127	0.06979752
215	A	-0.252	0.09648521
216	G	-0.132	0.09338336
217	G	-0.028	0.1184636
218	C	0.418	0.1164436
219	T	0.367	0.1456274
220	G	0.051	0.1389916
221	C	0.492	0.1302448
222	T	0.252	0.1442625
223	A	0.235	0.1418571
224	C	0.238	0.1821933
225	T	0.414	0.1781717
226	G	-0.123	0.1379909
227	A	-0.241	0.1426107
228	C	-0.070	0.09407004
229	A	-0.163	0.1001327
230	T	0.495	0.09369519
231	C	0.366	0.06412181
232	T	-0.154	-0.0008628846
233	A	0.112	-0.03170435
234	G	-0.138	-0.05073712
235	T	0.330	-0.07867877
236	G	0.151	-0.09828777
237	G	-0.145	-0.1111078
238	A	-0.430	-0.1224218
239	T	-0.524	-0.08770208
240	A	-0.488	-0.07421369
241	G	-0.433	-0.08240008
242	A	-0.418	-0.1291348
243	G	0.328	-0.1551309
244	G	0.219	-0.1128608
245	G	0.297	-0.1007828
246	C	0.287	-0.03309446
247	A	-0.244	0.04228485
248	A	-0.276	0.1016948
249	A	-0.186	0.1688992
250	C	0.403	0.1223106
251	A	-0.273	0.08794192
252	T	0.355	0.06612456
253	T	0.491	0.06409872
254	C	0.339	0.09304825
255	T	0.455	0.1193571
256	A	-0.276	0.1482603
257	G	-0.227	0.1504602
258	T	0.013	0.2050912
259	G	0.261	0.1757087
260	T	0.131	0.1096472
261	G	0.065	0.08129826
262	C	0.189	0.02304334
263	G	0.432	0.01659595
264	T	0.436	-0.006309123
265	G	-0.026	-0.02630915
266	G	-0.367	-0.0365743
267	A	-0.029	-0.04300487
268	A	-0.302	-0.007948385
269	C	-0.360	-0.009721154
270	A	-0.525	-0.08416615
271	A	-0.246	-0.1597251
272	C	0.127	-0.157677
273	A	0.048	-0.09877538
274	C	0.521	-0.0630048
275	T	0.166	-0.02060926
276	A	-0.535	0.0383792
277	A	-0.545	0.08614804
278	G	0	0.0934805
 279	G	0.398	0.05248373
280	C	0.435	0.03667607
281	T	0.248	-0.02552832
282	C	0.406	-0.06315639
283	C	0.095	0.01377722
284	A	-0.151	0.07723476
285	A	-0.405	0.1085288
286	T	-0.157	0.08220502
287	G	-0.287	0.07845095
288	A	-0.322	0.04654772
289	C	0.464	0.009749508
290	T	0.279	0.02504675
291	G	0.406	0.03316418
292	T	0.055	0.07352848
293	G	0.386	0.06246702
294	G	-0.165	0.09365748
295	A	-0.072	0.1002705
296	G	0.294	0.05109072
297	T	-0.045	0.03557305
298	G	0.119	0.01294458
299	A	-0.301	-0.02001683
300	A	0.117	-0.07380529
301	G	-0.236	-0.09181591
302	G	-0.174	-0.1138835
303	A	0.077	-0.1497079
304	T	0.112	-0.1799639
305	G	-0.372	-0.2286632
306	A	-0.312	-0.1791917
307	G	-0.399	-0.1561964
308	A	-0.358	-0.1087399
309	A	-0.171	-0.06490244
310	A	-0.439	-0.03749938
311	T	-0.513	-0.04220927
312	T	0.341	0.02173319
313	C	0.416	0.03961051
314	T	0.380	0.03156289
315	G	0.395	0.02849435
316	C	0.433	0.0032712
317	C	0.051	0.05120566
318	T	0.458	0.1216784
319	T	-0.080	0.09050431
320	T	-0.504	0.01798638
321	A	-0.398	0.0003073077
322	G	-0.499	0.003601154
323	T	0.184	0.002128385
324	C	0.402	0.02473342
325	A	-0.063	0.02524212
326	A	-0.525	0.0184618
327	G	0.150	0.09147957
328	C	0.438	0.09990157
329	T	0.414	0.1089677
330	C	0.345	0.07773203
331	C	0.465	0.02445472
332	A	-0.168	-0.009166
333	T	0.444	0.001968846
334	C	-0.289	0.002219615
335	A	-0.381	-0.005631923
336	C	-0.222	-0.01147354
337	G	-0.290	-0.04086082
338	A	-0.500	-0.04373389
339	A	-0.381	-0.02893751
340	G	0.153	-0.08195051
341	C	0.335	-0.07780697
342	C	0.338	-0.05390454
343	G	-0.036	-0.02310762
344	C	0.427	0.01193946
345	A	0.024	0.05042685
346	G	-0.244	0.08056412
347	A	-0.235	0.05110182
348	G	-0.070	0.02030532
349	C	0.178	0.02167747
350	A	0.165	0.01603659
351	C	0	-0.04534425
 352	A	0.010	-0.03770264
353	G	-0.229	0.01147136
354	G	-0.064	0.03757005
355	A	0.356	0.07494801
356	T	-0.110	0.07467116
357	G	-0.370	0.09263332
358	C	0.123	0.1238525
359	A	0.394	0.1535357
360	T	0.103	0.203486
361	C	0.415	0.2428705
362	C	0.174	0.2493612
363	G	0.398	0.2841443
364	G	0.405	0.3453269
365	C	0.396	0.3693481
366	C	0.419	0.3487082
367	C	0.447	0.3439069
368	C	0.440	0.3139666
369	T	0.342	0.3065704
370	C	0.425	0.2924181
371	C	0.435	0.2932603
372	C	0.126	0.2950362
373	A	0.041	0.2891099
374	C	0.026	0.217405
375	A	0.078	0.159806
376	G	0.214	0.1354248
377	C	0.416	0.08802805
378	C	0.419	0.0634739
379	A	0.342	0.05374959
380	C	-0.484	0.05503013
381	A	-0.308	0.0819569
382	G	0.025	0.11332
383	A	-0.190	0.1008726
384	G	0.116	0.04577295
385	G	0	-0.02376158
 386	G	0.058	-0.04678695
387	C	0.376	0.009446046
388	C	0.486	0.0620432
389	T	0.053	0.0543646
390	T	-0.299	0.07843368
391	T	-0.484	0.02979937
392	G	0.043	0.02627913
393	C	0.246	0.0113685
394	T	0.375	-0.004287115
395	G	-0.074	-0.04169573
396	C	0.121	-0.03198095
397	A	-0.515	-0.0044168
398	A	-0.045	0.0551632
399	T	-0.135	0.05722965
400	G	0.172	0.06589865
401	G	0	0.06296318
 402	T	0.179	0.09836568
403	A	0.058	0.1224214
404	C	0.290	0.1790917
405	A	0.070	0.2113191
406	C	0.359	0.2093285
407	G	0.337	0.1839595
408	C	0.385	0.2150304
409	T	0.434	0.1735903
410	C	0.220	0.1285723
411	T	0.373	0.09799777
412	G	-0.161	0.09042586
413	C	-0.156	0.0957454
414	T	0.403	0.08781209
415	G	-0.359	0.07443509
416	A	-0.526	0.06133494
417	G	-0.107	0.07738378
418	G	-0.027	0.08656009
419	G	0.428	0.0830844
420	C	0.234	0.06271994
421	A	0.211	0.02577213
422	G	0.264	0.02028944
423	C	0.429	0.06972605
424	T	0.492	0.05307475
425	G	-0.206	0.06140072
426	T	-0.421	0.01709065
427	T	-0.076	-0.01739066
428	A	-0.430	-0.06169943
429	G	0.116	-0.04887966
430	A	-0.323	-0.05995874
431	T	0.080	-0.06954428
432	C	-0.147	-0.02341658
433	G	-0.213	-0.008795738
434	A	-0.364	0.009365069
435	C	0.431	0.0094413
436	C	0.285	-0.03003339
437	C	0.367	-0.04122701
438	C	0.392	-0.07964585
439	A	-0.231	-0.06492488
440	G	0.159	-0.02082734
441	A	-0.429	0.03957505
442	A	-0.396	0.03027728
443	A	-0.469	0.04245858
444	A	-0.419	-0.002706108
445	T	0.043	-0.02021549
446	T	0.359	0.01235058
447	C	0.420	-0.005738992
448	A	0.310	0.01302878
449	C	0.443	0.0705057
450	T	-0.219	0.1206565
451	G	0.165	0.1773934
452	T	0.191	0.2067843
453	C	-0.075	0.211006
454	A	-0.185	0.1756342
455	A	0.350	0.1149372
456	G	0.182	0.05823894
457	G	0.318	0.06726486
458	C	0.425	0.09281878
459	T	0.414	0.1018498
460	G	-0.038	0.1302186
461	A	-0.478	0.1698207
462	G	-0.293	0.1568327
463	A	-0.101	0.1584148
464	C	0.497	0.1600781
465	C	0.309	0.1636491
466	A	0.293	0.1201619
467	C	0.329	0.1571015
468	A	0.181	0.223584
469	G	0.203	0.2806305
470	T	0.340	0.2987786
471	C	0.472	0.2841775
472	A	-0.151	0.2772938
473	T	0.441	0.2829435
474	C	0.385	0.265294
475	T	0.448	0.2337867
476	T	0.133	0.2333238
477	T	0.307	0.2019339
478	C	0.219	0.1944954
479	C	0.366	0.2202818
480	A	0.099	0.1926123
481	G	-0.228	0.1928931
482	G	0.197	0.1948826
483	A	-0.068	0.2136672
484	C	0.375	0.2045446
485	T	0.184	0.1911838
486	G	0.081	0.1871579
487	T	0.389	0.1794814
488	C	0.474	0.1885658
489	C	0.378	0.1624724
490	T	0.189	0.1693535
491	T	0.045	0.1361651
492	G	0.314	0.1483756
493	G	0	0.1646273
 494	G	-0.110	0.1690363
495	A	-0.141	0.1662713
496	G	0.021	0.1207289
497	A	-0.056	0.1417429
498	C	0.342	0.1722589
499	C	0.292	0.1629753
500	C	0.446	0.1939275
501	T	0.438	0.2309095
502	T	-0.213	0.2763684
503	C	0.462	0.3009488
504	T	0.442	0.3052572
505	G	0.193	0.3146215
506	T	0.402	0.3295284
507	C	0.370	0.3175938
508	T	0.449	0.2947988
509	G	0.340	0.3091323
510	G	0	0.268927
 511	T	0.464	0.2591307
512	C	0.486	0.261803
513	T	0.291	0.2671675
514	T	0.142	0.2771017
515	A	-0.027	0.2356247
516	G	-0.060	0.1672557
517	T	0.315	0.1366462
518	T	0.228	0.07544486
519	C	0.472	0.008264169
520	C	0.499	-0.05394768
521	A	-0.090	-0.04488729
522	A	-0.547	-0.04476381
523	A	-0.397	-0.02816475
524	G	-0.330	-0.05241659
525	A	-0.386	-0.0610679
526	T	-0.517	-0.1080524
527	A	0.259	-0.1127282
528	G	-0.025	-0.08321933
529	C	0.155	-0.008025485
530	T	0	0.04060967
 531	A	0.116	0.09677236
532	G	-0.138	0.1407053
533	C	0.439	0.1957348
534	T	0.293	0.2002349
535	C	0.429	0.2192018
536	T	0.234	0.2420955
537	C	0.399	0.2769768
538	T	0.184	0.3011641
539	C	0.197	0.3381502
540	T	0.318	0.2734843
541	C	0.220	0.2355037
542	C	0.452	0.1803101
543	T	0.453	0.15261
544	C	0.430	0.1110225
545	T	0.342	0.05985669
546	T	-0.401	0.007393692
547	T	-0.200	-0.05150277
548	A	-0.287	-0.1004554
549	T	-0.125	-0.1588754
550	T	-0.141	-0.156432
551	T	-0.480	-0.1639372
552	T	-0.484	-0.1606096
553	A	-0.447	-0.1054481
554	A	-0.415	-0.07975708
555	A	-0.306	-0.04760854
556	T	0.485	-0.03388792
557	C	0.332	0.004962854
558	A	0.385	0.05462616
559	C	0.315	0.1238007
560	G	0.133	0.1874081
561	G	0.130	0.2014735
562	A	0.052	0.2328825
563	C	0.363	0.1823294
564	A	0.164	0.1368939
565	C	0.415	0.1231792
566	T	0.379	0.1307259
567	G	-0.232	0.1549154
568	T	0.101	0.1776207
569	T	-0.171	0.1915298
570	A	-0.257	0.143551
571	G	0.207	0.1067649
572	C	0.413	0.04287208
573	T	0.448	0.02538823
574	C	0.425	0.06603231
575	T	0.233	0.050025
576	G	-0.260	0.06724712
577	G	-0.313	0.1205132
578	A	-0.415	0.1291
579	A	0.152	0.09728151
580	T	0.295	0.0795092
581	G	-0.106	0.03013035
582	G	0.051	0.01329338
583	A	0.434	0.0261546
584	C	0.318	0.07578206
585	T	0	0.1337043
 586	A	0.217	0.1117902
587	T	-0.216	0.1241666
588	A	0.014	0.1679125
589	C	-0.092	0.2031252
590	T	0.331	0.1356956
591	G	0.337	0.06994732
592	T	-0.132	0.0462484
593	C	0.456	-0.006306754
594	C	0.462	-0.003357523
595	T	0.509	0.01141775
596	T	-0.441	-0.01687738
597	T	-0.535	-0.02804162
598	T	-0.308	-0.02160754
599	G	-0.466	-1.361538e-05
600	G	-0.178	-0.001143692
601	A	0.206	-0.001559846
602	G	-0.460	-0.01932485
603	T	0.186	-0.01638177
604	T	0.421	-0.008476462
605	G	0.148	-0.02136023
606	G	0.441	-0.01663931
607	C	0.456	-0.012702
608	T	0.278	-0.06291231
609	A	-0.403	-0.055656
610	T	-0.433	-0.1077972
611	T	-0.475	-0.1606862
612	A	-0.404	-0.162948
613	A	-0.127	-0.1703336
614	A	-0.446	-0.2085431
615	C	-0.366	-0.2435625
616	A	-0.491	-0.2276746
617	A	-0.266	-0.2240135
618	G	0.118	-0.1555013
619	T	0.345	-0.1123419
620	G	-0.039	-0.06449769
621	T	-0.176	-0.04190938
622	G	-0.197	-0.04968885
623	A	-0.385	-0.04303
624	G	0.415	-0.012901
625	C	0.156	-0.02983515
626	C	0.494	-0.02587677
627	A	-0.152	-0.001849692
628	A	-0.467	0.02567438
629	A	-0.404	0.003902538
630	T	0.125	0.06476662
631	T	-0.101	0.06593385
632	T	0.397	0.07604346
633	G	0.272	0.05247508
634	G	0.181	0.09888485
635	G	-0.480	0.1713389
636	A	0.405	0.2090202
637	C	0.430	0.1716325
638	C	0.287	0.1494416
639	C	0.188	-
640	A	0.450	-
641	C	0.474	-
642	A	0.085	-
643	C	-0.360	-
644	A	-0.389	-
