1	A	0.139	-
2	C	0.048	-
3	A	-0.086	-
4	T	-0.055	-
5	G	-0.262	-
6	T	0.145	-
7	A	0.149	-
8	C	0.388	-
9	C	0.415	0.1400766
10	T	0.460	0.1208042
11	T	0.299	0.1475317
12	G	0.441	0.1742179
13	C	0.492	0.1702961
14	T	0.522	0.1572434
15	T	-0.027	0.1300268
16	T	-0.303	0.1106581
17	A	-0.386	0.07047696
18	G	-0.188	0.02870643
19	T	0.502	-0.02925445
20	G	0.367	-0.0518863
21	T	-0.122	-0.08020315
22	T	-0.484	-0.100358
23	A	-0.317	-0.1076164
24	G	-0.180	-0.105283
25	A	-0.294	-0.08002918
26	G	-0.294	-0.05541944
27	A	-0.525	-0.06077009
28	A	-0.084	-0.08373068
29	C	-0.040	-0.09124603
30	A	0.149	-0.07248968
31	C	0.399	-0.01759532
32	A	0.012	0.0146825
33	C	0.125	0.03929532
34	T	0.031	0.08152374
35	A	-0.279	0.1115021
36	G	0.112	0.1578105
37	C	0.239	0.1549916
38	A	0.196	0.1486352
39	T	0.448	0.1461457
40	G	0.231	0.1533257
41	T	0.238	0.1651616
42	G	0.423	0.1852518
43	C	0.215	0.2095534
44	A	0.261	0.2382639
45	T	-0.132	0.2400822
46	G	-0.148	0.251116
47	C	0.107	0.2590609
48	A	0.521	0.2425032
49	C	0.213	0.2204575
50	A	0.466	0.1854667
51	C	0.444	0.1520941
52	G	0.208	0.1234505
53	T	0.143	0.1210959
54	G	0.427	0.1353537
55	C	0.331	0.1713882
56	A	0.167	0.1752004
57	C	-0.143	0.1262859
58	A	-0.356	0.09989412
59	T	-0.143	0.05103235
60	A	-0.271	0.00072
61	C	0.221	-0.03660912
62	A	0.109	-0.07054888
63	C	0.464	-0.1213614
64	A	0.172	-0.1690243
65	G	-0.310	-0.2056552
66	T	-0.235	-0.2232162
67	A	-0.363	-0.2254934
68	A	-0.410	-0.2459635
69	T	-0.425	-0.245711
70	A	-0.433	-0.2431761
71	A	-0.436	-0.2408
72	A	-0.478	-0.2400826
73	T	-0.455	-0.2523202
74	A	-0.441	-0.2534205
75	A	-0.395	-0.2635699
76	A	-0.491	-0.238565
77	A	-0.267	-0.2165799
78	C	0.265	-0.2141479
79	T	0.150	-0.2136647
80	C	0.476	-0.2131838
81	A	-0.035	-0.2071312
82	A	-0.328	-0.2051807
83	A	-0.407	-0.2022296
84	T	0.061	-0.1974075
85	T	-0.036	-0.1525476
86	A	-0.384	-0.123422
87	A	-0.425	-0.1161408
88	A	-0.428	-0.1095847
89	T	-0.375	-0.1351687
90	A	-0.422	-0.1407864
91	A	-0.391	-0.1367224
92	A	-0.313	-0.1082084
93	T	0.271	-0.1006282
94	G	0.227	-0.09408855
95	G	0.388	-0.07148372
96	T	0.261	-0.04062232
97	G	0.041	-0.04092767
98	A	-0.131	-0.01881838
99	A	-0.259	-0.01687961
100	C	0.077	-0.007432494
101	A	0.190	0.002307035
102	T	0.074	-0.04573102
103	T	0	-0.0805402
 104	G	0.099	-0.1085228
105	A	-0.433	-0.1460463
106	G	0	-0.1786868
 107	T	-0.389	-0.1962921
108	A	-0.231	-0.1746559
109	A	-0.147	-0.154523
110	T	-0.545	-0.1465312
111	A	-0.364	-0.126578
112	C	-0.086	-0.1504091
113	A	-0.376	-0.1705262
114	A	-0.513	-0.1609577
115	A	-0.430	-0.1598376
116	G	0.108	-0.1440805
117	C	0.419	-0.1328013
118	C	0.326	-0.1212628
119	C	0.413	-0.1011924
120	A	-0.405	-0.1044345
121	A	-0.242	-0.08396384
122	A	-0.270	-0.05048536
123	C	0.019	-0.03309472
124	T	-0.121	-0.02109936
125	A	-0.039	-0.05062007
126	T	0.048	-0.1045417
127	G	-0.204	-0.1465891
128	A	-0.419	-0.1445152
129	G	0.261	-0.1374357
130	T	0.192	-0.1321738
131	C	-0.217	-0.1349435
132	A	-0.226	-0.1659102
133	A	-0.393	-0.1817055
134	A	-0.497	-0.1773571
135	A	-0.388	-0.1524088
136	T	0.449	-0.1277498
137	G	-0.284	-0.08084401
138	T	-0.153	-0.08222972
139	T	-0.318	-0.07317401
140	A	-0.507	-0.02935413
141	A	-0.389	-0.03786184
142	G	0.034	-0.04534107
143	T	0.472	-0.04104854
144	C	0.214	-0.02114923
145	A	0.378	-0.05830641
146	C	0.237	-0.06752588
147	T	0.346	-0.03120464
148	C	0.527	-0.01344184
149	A	-0.371	0.006819988
150	A	-0.520	0.01295946
151	A	-0.424	0.02014006
152	T	-0.050	0.01781818
153	G	-0.182	0.02998682
154	A	-0.441	0.03476365
155	C	0.464	0.03697388
156	T	-0.016	0.02278318
157	T	-0.162	0.01693788
158	A	-0.285	0.06740106
159	G	0.156	0.1227941
160	C	0.433	0.1570428
161	G	0.421	0.1517276
162	T	0.459	0.1846582
163	C	0.275	0.2125633
164	A	0.105	0.2144829
165	C	0.427	0.2294727
166	T	0.486	0.2319621
167	C	0.420	0.2340123
168	A	0.157	0.1967504
169	C	-0.140	0.1477661
170	T	0.377	0.09391183
171	T	0.032	0.04880248
172	C	0.496	0.002301418
173	C	0.238	-0.0327817
174	A	-0.120	-0.06222682
175	T	-0.250	-0.09197545
176	A	-0.476	-0.09444528
177	A	-0.399	-0.08760716
178	A	-0.493	-0.05073681
179	A	-0.307	-0.07361896
180	T	-0.515	-0.1015906
181	G	-0.490	-0.1591454
182	C	-0.072	-0.1873332
183	A	-0.019	-0.1955688
184	A	0.378	-0.2004493
185	C	0.274	-0.1813631
186	T	0.486	-0.1366405
187	T	-0.011	-0.117193
188	T	-0.442	-0.1043676
189	A	-0.481	-0.04884006
190	A	-0.240	0.0001117588
191	A	-0.260	0.01048594
192	A	-0.333	0.03129134
193	A	-0.152	0.03574092
194	T	0.360	0.03233745
195	T	-0.163	0.005681
196	G	-0.089	0.01452304
197	T	0.428	0.01736198
198	C	0.341	0.01709062
199	A	0.103	0.001901329
200	C	0.334	-0.0009942588
201	T	0.454	0.02012961
202	C	0.216	0.05483167
203	A	0.032	0.05714138
204	G	0.138	0.07588238
205	A	-0.394	0.08785906
206	A	-0.486	0.07393301
207	A	-0.498	0.0805183
208	T	-0.309	0.1005756
209	T	0.025	0.08751859
210	C	0.437	0.08847083
211	C	0.399	0.07982689
212	C	0.155	0.0672687
213	A	0.114	0.03960646
214	G	0.191	0.0613723
215	C	0.453	0.07152642
216	G	0.444	0.1214242
217	G	0.112	0.1136638
218	T	0.470	0.08907331
219	G	0.069	0.03814449
220	A	-0.180	-0.01055916
221	G	-0.331	-0.03489992
222	A	-0.024	-0.04338881
223	A	-0.313	-0.02970022
224	T	0.349	-0.04194728
225	A	-0.441	-0.08636616
226	T	-0.392	-0.1049185
227	T	-0.428	-0.123699
228	A	-0.428	-0.1530973
229	A	-0.258	-0.1650159
230	A	-0.030	-0.1529088
231	C	0.424	-0.1296236
232	T	0.244	-0.1080662
233	T	-0.310	-0.133456
234	A	-0.202	-0.1322457
235	C	0.151	-0.1409659
236	A	-0.430	-0.1435892
237	A	-0.383	-0.1358243
238	G	-0.125	-0.1106037
239	T	0.371	-0.09155183
240	C	0.052	-0.09107695
241	A	-0.081	-0.0866943
242	G	-0.421	-0.09524524
243	A	-0.540	-0.09897506
244	A	-0.472	-0.1141574
245	G	-0.296	-0.09867706
246	A	0.170	-0.08163478
247	C	0.293	-0.08346372
248	C	0.432	-0.1247399
249	C	0.319	-0.1549036
250	A	-0.455	-0.1701525
251	A	-0.266	-0.1651772
252	G	-0.106	-0.1266096
253	C	-0.167	-0.08689842
254	A	-0.093	-0.04205148
255	G	-0.157	-0.03843565
256	A	-0.330	-0.04204448
257	A	-0.459	-0.06016659
258	G	-0.341	-0.05446195
259	A	-0.336	-0.002107359
260	T	0.114	0.005022053
261	C	0.202	-0.006385006
262	C	0.466	0.009109571
263	C	0.231	0.01461046
264	A	0.232	0.01486081
265	G	0.124	0.05377116
266	T	0.416	0.0757984
267	T	0.434	0.113432
268	C	-0.145	0.109711
269	A	-0.300	0.07572464
270	T	0.096	0.06382975
271	C	0	0.05866046
 272	A	-0.152	0.06751328
273	G	0.331	0.04727434
274	T	-0.085	0.05169252
275	G	0.298	0.03616299
276	G	-0.399	0.02212781
277	G	-0.463	0.05478911
278	A	0	0.08437134
 279	C	0.378	0.1003315
280	G	0.382	0.1198988
281	G	-0.111	0.1490356
282	C	0.199	0.1305375
283	T	0.152	0.1106339
284	G	0.195	0.07543856
285	T	0.410	0.08190156
286	G	0.202	0.09333274
287	G	0.367	0.07058238
288	G	0.332	0.0334595
289	C	0.342	0.01312025
290	A	0.016	0.02339854
291	T	-0.423	0.02573595
292	A	-0.299	0.02863301
293	T	-0.290	0.03418412
294	C	-0.268	0.01447251
295	A	-0.386	-0.02788325
296	A	-0.252	-0.02190414
297	C	0.036	-0.03180502
298	G	0.063	-0.0234699
299	C	0.239	-0.01959654
300	C	0.201	-0.007141306
301	T	0.290	-0.01310578
302	T	0.075	-0.02405442
303	G	-0.517	-0.03108113
304	T	0.469	-0.03834113
305	C	0.164	-0.03559466
306	T	0.484	-0.01375411
307	T	0.082	-0.007168871
308	T	-0.211	0.005772306
309	T	-0.401	-0.01276646
310	T	-0.476	-0.04327305
311	G	-0.388	-0.06450638
312	A	-0.510	-0.05923049
313	A	-0.205	-0.1067896
314	C	0.407	-0.09474132
315	T	0.175	-0.117019
316	C	0.459	-0.09714241
317	A	-0.113	-0.05759859
318	G	-0.228	-0.009225647
319	A	-0.285	0.03283412
320	A	-0.428	0.05003389
321	G	-0.339	0.07692159
322	T	0.369	0.09830882
323	T	0.105	0.06032547
324	C	0.420	0.04003512
325	C	0.460	-0.01927565
326	C	0.421	0.01008988
327	A	0.238	0.045583
328	T	-0.095	0.04424776
329	G	-0.053	0.08001165
330	G	0.157	0.09275724
331	T	-0.237	0.06398765
332	G	-0.169	0.04222288
333	A	-0.548	-0.01393541
334	T	0.385	-0.02098959
335	C	0.374	-0.01764376
336	G	-0.308	-0.002754588
337	G	0.179	-0.01370236
338	A	-0.122	-0.029754
339	T	-0.119	-0.05313076
340	G	-0.264	-0.030488
341	A	-0.534	-0.04022771
342	T	0.340	-0.03003212
343	C	0.478	-0.07297871
344	T	0.491	-0.08699618
345	T	-0.281	-0.07937571
346	T	-0.325	-0.07425606
347	A	-0.239	-0.05281194
348	C	0.147	-0.02333594
349	G	-0.335	0.01203588
350	T	-0.375	0.05857694
351	T	-0.344	0.03592124
352	A	0.136	0.01412565
353	C	-0.178	0.01422541
354	A	0.266	0.001060118
355	G	0.241	-0.007554059
356	T	0.381	0.003343512
357	G	0.336	-0.0006107882
358	A	0.257	0.03390915
359	T	-0.044	0.02815521
360	T	0.107	0.06968039
361	T	0.493	0.08087198
362	T	-0.505	0.08299886
363	T	-0.472	0.05732786
364	A	-0.054	0.05028356
365	G	0.079	0.0453678
366	A	0.251	0.0469758
367	T	-0.473	0.02723486
368	G	0.361	0.03545896
369	C	0.326	0.006542788
370	T	-0.142	-0.03130627
371	A	-0.169	-0.02600156
372	A	0.122	0.01815891
373	C	0.297	0.02869392
374	T	0.364	0.03562934
375	T	-0.078	0.007533576
376	G	0.095	0.01120552
377	A	-0.384	-0.01836513
378	A	-0.149	-0.06067719
379	A	-0.415	-0.07134284
380	T	0.278	-0.07201807
381	A	0.124	-0.08797554
382	T	0.197	-0.1122811
383	G	-0.226	-0.1450464
384	A	-0.410	-0.1404266
385	G	-0.141	-0.1324183
386	A	-0.392	-0.09859906
387	T	-0.324	-0.06365329
388	A	-0.181	-0.01314941
389	T	-0.149	-0.001002588
390	C	-0.115	0.02222388
391	A	-0.192	0.006880976
392	A	0	0.008375153
 393	C	0.231	0.0051258
394	T	0.190	-0.01253526
395	C	0.444	0.0199868
396	C	0.443	0.02483909
397	C	0.484	0.02455309
398	T	0.519	0.05974274
399	T	-0.063	0.08845221
400	T	-0.200	0.08488862
401	A	-0.466	0.110356
402	T	-0.441	0.1181454
403	A	0.160	0.1130782
404	A	-0.241	0.1113942
405	A	-0.185	0.09635015
406	C	0.449	0.09444062
407	T	0.372	0.07780927
408	G	-0.253	0.1049715
409	T	0.432	0.1258954
410	T	0.363	0.1566188
411	C	0.104	0.1941798
412	T	0.415	0.1925655
413	C	0.187	0.219819
414	C	0.452	0.2460276
415	T	0.236	0.203761
416	T	0.398	0.2019506
417	G	0.154	0.1991036
418	G	0.056	0.1790706
419	C	0.197	0.1342851
420	A	0.132	0.1478758
421	T	0.221	0.1485031
422	G	0.259	0.1571962
423	G	-0.269	0.1229168
424	A	0.341	0.1366646
425	G	-0.301	0.1228942
426	T	0.092	0.1012591
427	T	-0.397	0.0856534
428	G	0.335	0.0777047
429	C	0.426	0.09658476
430	T	0.335	0.09197905
431	C	-0.130	0.08631723
432	A	0.470	0.1133982
433	C	0.164	0.07085835
434	A	-0.212	0.07804799
435	G	-0.209	0.06789074
436	T	0.062	0.1052191
437	T	0.453	0.1026777
438	G	0.143	0.09915926
439	G	0.163	0.06722944
440	T	0.190	0.08185832
441	T	-0.381	0.04170644
442	A	-0.179	0.04635097
443	A	-0.080	0.04132232
444	C	0.236	0.08019138
445	A	0.292	0.09839238
446	C	0.366	0.09771391
447	T	-0.207	0.1158004
448	T	0.118	0.1125795
449	A	-0.212	0.1013487
450	C	0.243	0.1054754
451	A	-0.298	0.1078936
452	C	0.451	0.08771553
453	C	0.371	0.04775006
454	T	0.442	0.007743412
455	C	0.450	-0.02640788
456	T	0.108	-0.03502265
457	G	0	-0.05924147
 458	A	-0.311	-0.05430029
459	G	-0.138	-0.08055771
460	A	-0.423	-0.06225318
461	A	-0.442	-0.09424775
462	T	-0.387	-0.1403909
463	T	-0.214	-0.1958896
464	A	-0.354	-0.226031
465	A	-0.293	-0.2041149
466	G	-0.128	-0.2215245
467	A	-0.202	-0.2260196
468	C	0.012	-0.1924951
469	T	-0.092	-0.1744959
470	A	-0.412	-0.1500731
471	T	-0.501	-0.1045288
472	A	-0.061	-0.08506331
473	C	0.481	-0.08876702
474	A	-0.295	-0.05460966
475	G	-0.387	-0.07306072
476	T	0.431	-0.08943478
477	T	-0.117	-0.1061013
478	T	-0.027	-0.126692
479	A	0.386	-0.1245138
480	G	0.116	-0.0815935
481	A	-0.417	-0.07241905
482	T	0.287	-0.07512929
483	T	-0.441	-0.04561376
484	A	-0.481	-0.01505182
485	T	-0.270	-0.05112782
486	A	-0.442	-0.02102264
487	A	-0.375	-0.009167435
488	A	0.228	-0.006020847
489	T	0.094	0.004116859
490	C	0.435	0.02585856
491	T	0.205	-0.002859676
492	T	0.131	0.01051044
493	T	-0.181	0.01437779
494	C	0.394	0.02340009
495	C	0.174	0.03332762
496	C	0.440	0.04229197
497	T	0.289	0.01367503
498	T	-0.047	-0.01515148
499	T	-0.200	-0.01698636
500	T	-0.214	-0.009658124
501	T	-0.415	-0.02077474
502	A	-0.117	-0.02781186
503	A	-0.273	-0.06904045
504	C	-0.223	-0.09765627
505	A	-0.258	-0.1452476
506	A	-0.395	-0.1594702
507	T	0.403	-0.1643416
508	C	0.330	-0.160448
509	A	-0.057	-0.1565889
510	T	-0.301	-0.1147933
511	A	-0.306	-0.09371014
512	T	-0.312	-0.05529373
513	T	-0.368	-0.03721593
514	A	0.047	-0.0255963
515	G	-0.130	-0.002322712
516	G	-0.134	-0.04277348
517	A	-0.148	-0.07922024
518	G	0.295	-0.07952145
519	C	0.241	-0.07850068
520	T	0.379	-0.05751297
521	G	0.083	-0.05684609
522	G	-0.060	-0.03776316
523	A	0	-0.02265341
 524	G	-0.283	-0.006471759
525	G	-0.289	0.007715712
526	A	-0.062	0.0100853
527	A	-0.284	0.01192983
528	T	0.050	0.02221212
529	G	-0.301	0.008884418
530	G	-0.044	0.01020809
531	A	0.304	-0.008578129
532	T	0.144	-0.03362436
533	C	0.106	-0.04664878
534	A	-0.108	-0.05326489
535	G	0.326	-0.02943448
536	C	0.416	0.001765459
537	A	0.152	0.0017288
538	G	0.106	0.01132909
539	G	-0.379	0.02271699
540	T	-0.425	0.01112529
541	A	-0.505	-0.005540065
542	A	-0.401	-0.02263189
543	A	0.342	0.003343582
544	G	0.246	-0.0009224765
545	T	0.049	-0.02952848
546	G	-0.137	-0.05037889
547	T	0.149	-0.05152729
548	T	0.107	-0.01310552
549	T	-0.138	0.01032418
550	G	-0.184	0.02388312
551	C	0.332	0.02797276
552	C	0.253	0.03263018
553	A	-0.070	0.03454959
554	C	-0.201	0.04129065
555	A	0.086	0.07403224
556	C	0.273	0.0419053
557	A	-0.027	0.03997523
558	G	-0.274	0.07265576
559	G	-0.332	0.1105008
560	A	0.421	0.1171678
561	C	0.278	0.07910264
562	C	0.164	0.05632364
563	C	0.418	0.07093858
564	G	-0.396	0.07990863
565	A	0.074	0.08685892
566	G	0.417	0.1068072
567	T	0.459	0.1491888
568	G	0.446	0.1926085
569	T	-0.393	0.1710664
570	G	-0.457	0.1237148
571	A	0.046	0.1309483
572	T	0.239	0.1087939
573	C	0.391	0.154355
574	C	0.311	0.161248
575	C	0.445	0.1600071
576	C	0.405	0.1502561
577	A	0.055	0.1127809
578	G	-0.526	0.1142847
579	A	0.287	0.1229485
580	G	0.042	0.1151599
581	C	0.377	0.07028961
582	T	0.191	0.02193255
583	C	0.395	-0.01514839
584	T	0.293	-0.06459345
585	T	-0.190	-0.1116084
586	G	-0.367	-0.1200963
587	T	-0.310	-0.08123024
588	A	-0.085	-0.1035721
589	A	-0.523	-0.09534112
590	A	-0.430	-0.1158967
591	G	-0.318	-0.1055851
592	A	-0.394	-0.1543554
593	T	-0.393	-0.1744871
594	A	-0.088	-0.1699976
595	G	0.134	-0.1692379
596	A	-0.092	-0.1767884
597	G	0.182	-0.1939945
598	G	0.028	-0.1895785
599	G	0.366	-0.1679254
600	A	-0.433	-0.1746077
601	A	-0.048	-0.1296459
602	G	-0.114	-0.08920968
603	G	-0.354	-0.05861086
604	A	-0.438	-0.09716651
605	A	-0.378	-0.1161744
606	A	-0.448	-0.137417
607	G	-0.062	-0.1236066
608	A	-0.432	-0.1188583
609	T	0.369	-0.07132909
610	C	0.294	-0.05553701
611	C	0.431	-0.02223577
612	A	-0.520	0.02576346
613	A	-0.415	0.03216341
614	T	-0.179	0.02647635
615	G	0.262	0.02793835
616	C	0.447	0.0287799
617	C	0.374	0.06583019
618	C	0.219	0.02455937
619	C	0.451	-0.01377686
620	A	0.461	-0.03744722
621	T	-0.329	0.01201478
622	A	-0.474	0.03196734
623	G	-0.423	0.0570734
624	T	-0.048	0.04681802
625	T	0.197	0.04423973
626	G	-0.331	0.04101544
627	T	-0.357	0.05351073
628	T	0.029	0.0525242
629	C	0.320	0.03734526
630	T	-0.076	0.07205061
631	C	0.247	0.1265408
632	T	0.088	0.1449117
633	G	0.403	0.1256811
634	G	0.320	0.1108618
635	C	0.432	0.1333235
636	C	0.434	0.1688394
637	T	0.203	0.1641167
638	C	0.260	0.1452883
639	T	0.451	0.1402386
640	G	-0.111	0.1217137
641	T	-0.375	0.1405275
642	G	-0.054	0.1421457
643	T	0.049	0.1479255
644	G	0.246	0.1427154
645	C	-0.051	0.1331195
646	A	0	0.1487533
 647	C	-0.162	0.1495067
648	A	-0.067	0.1196904
649	C	0.408	0.1165359
650	C	0.431	0.123227
651	T	0.418	0.1372804
652	G	0.343	0.1397858
653	G	0.271	0.1355359
654	C	0.468	0.1631956
655	C	0.272	0.1816027
656	A	-0.055	0.2149284
657	C	-0.164	0.2425953
658	A	-0.261	0.2459123
659	C	0.184	0.2417271
660	G	0.092	0.1892399
661	T	0.173	0.1465564
662	G	0.419	0.1276718
663	T	0.312	0.09938572
664	C	0.404	0.1077824
665	C	0.403	0.1159261
666	C	0.464	0.1167534
667	C	0.360	0.1242852
668	A	-0.473	0.08836068
669	T	-0.382	0.07145199
670	A	-0.049	0.06951629
671	G	-0.011	0.06600717
672	G	0.415	0.06484535
673	T	0.083	0.06124117
674	G	-0.150	0.04411882
675	T	-0.133	0.02952152
676	A	-0.426	-0.003896829
677	T	-0.195	0.03987146
678	A	0.141	0.08512417
679	C	0.359	0.1000396
680	C	0.293	0.09972812
681	A	0.342	0.07626829
682	T	0.112	0.07900103
683	A	0.216	0.06798432
684	T	-0.207	0.06233621
685	G	0.270	0.1111901
686	C	0.387	0.1484671
687	A	0.204	0.1594551
688	C	-0.017	0.164574
689	A	0.016	0.1608588
690	C	0.129	0.1646883
691	A	-0.338	0.183398
692	A	-0.229	0.1652528
693	C	0.404	0.1507078
694	T	0.438	0.1475074
695	G	0.327	0.1017872
696	C	0.446	0.06830215
697	A	0.230	0.06279781
698	G	0.408	0.03533159
699	C	0.430	0.01368694
700	A	-0.091	0.02503965
701	A	-0.455	0.03289624
702	T	0.215	-0.002474176
703	A	-0.390	-0.02411427
704	A	-0.364	-0.01544127
705	T	-0.110	-0.05518909
706	A	-0.450	-0.08446627
707	A	-0.238	-0.1348177
708	T	-0.145	-0.1860117
709	T	-0.095	-0.2092856
710	A	-0.196	-0.204878
711	T	0.070	-0.2321573
712	T	0.475	-0.2280988
713	A	-0.229	-0.2103539
714	T	-0.267	-0.2192881
715	T	-0.447	-0.2010683
716	A	-0.440	-0.1611932
717	T	-0.487	-0.1459303
718	A	-0.380	-0.1079765
719	A	-0.248	-0.0656373
720	A	-0.321	-0.08627174
721	T	-0.063	-0.1289806
722	A	-0.262	-0.1314033
723	T	-0.140	-0.09533903
724	T	0.439	-0.05887126
725	T	0.114	-0.04068732
726	C	0.549	0.01010291
727	T	0.522	0.05404844
728	A	-0.279	0.05944162
729	T	-0.250	0.05552144
730	A	-0.270	0.03556847
731	T	0.345	0.02547106
732	T	0.172	0.004958118
733	G	-0.130	-0.03269588
734	C	0.375	-0.05429194
735	A	0.366	-0.1048925
736	T	-0.156	-0.154455
737	A	-0.387	-0.1623809
738	T	-0.402	-0.1746174
739	A	-0.434	-0.1407519
740	A	-0.488	-0.1736061
741	T	-0.200	-0.2055781
742	A	-0.252	-0.2149115
743	A	-0.310	-0.2542467
744	A	-0.319	-0.2486872
745	A	-0.414	-0.2231066
746	T	-0.458	-0.1754579
747	A	0.305	-0.1245158
748	T	-0.213	-0.1023879
749	A	-0.371	-0.1019973
750	A	-0.289	-0.1189179
751	A	-0.292	-0.1208949
752	T	0.461	-0.1218856
753	T	0.278	-0.1296057
754	C	0.422	-0.1230139
755	T	0.463	-0.1221972
756	T	-0.058	-0.1073137
757	T	-0.482	-0.1041306
758	A	-0.488	-0.09295115
759	A	-0.286	-0.09324179
760	A	-0.327	-0.09094615
761	A	-0.451	-0.1412133
762	A	-0.302	-0.1752949
763	T	-0.444	-0.224065
764	T	0.558	-0.2811667
765	T	-0.159	-0.251204
766	A	-0.181	-0.2284591
767	T	-0.294	-0.1898114
768	G	-0.253	-0.1640119
769	T	-0.393	-0.1227117
770	A	-0.300	-0.06993313
771	A	-0.406	-0.07427654
772	A	-0.507	-0.05257324
773	C	0.451	-0.08453374
774	T	-0.095	-0.05401556
775	G	0.168	-0.02902768
776	A	0.152	-0.008185106
777	C	0.374	0.001966153
778	T	0.446	0.03433027
779	T	-0.376	0.0684538
780	T	-0.075	0.08637139
781	G	0.015	0.1334276
782	G	0.359	0.1271029
783	T	0.243	0.1261797
784	G	0.059	0.09321952
785	T	-0.081	0.0879865
786	G	0.156	0.07805179
787	T	0.279	0.08082538
788	T	-0.102	0.08588721
789	G	0.292	0.06820908
790	C	0.343	0.0494427
791	A	-0.111	0.006601994
792	G	-0.391	-0.0004738882
793	A	0.063	-0.03118552
794	C	0.205	-0.05580066
795	C	0.493	-0.09685755
796	T	-0.290	-0.1344547
797	A	-0.376	-0.1141669
798	T	-0.303	-0.1100756
799	A	-0.368	-0.1324386
800	G	0.123	-0.1085046
801	G	-0.462	-0.07814129
802	A	-0.499	-0.06864533
803	A	-0.541	-0.0853125
804	A	-0.359	-0.1143331
805	G	0.242	-0.08773356
806	G	0.362	-0.04028938
807	G	-0.036	0.002361088
808	C	0.295	0.04983409
809	T	0.124	0.04959691
810	A	0.224	0.07303242
811	C	-0.077	0.1099634
812	T	0	0.1519615
 813	T	0.161	0.1917955
814	C	0.430	0.191775
815	C	0.421	0.1962288
816	C	0.438	0.1959719
817	T	0.119	0.1984927
818	G	-0.063	0.1894863
819	T	0.128	0.2045594
820	A	0.172	0.2341695
821	T	0.317	0.211597
822	C	0.242	0.2064011
823	T	0.437	0.1748829
824	T	-0.040	0.1773331
825	T	0.338	0.1330271
826	G	-0.028	0.1023592
827	C	0.480	0.08389435
828	T	0.425	0.05011241
829	T	-0.383	0.009852759
830	T	0.073	0.01244829
831	C	-0.105	0.01946358
832	T	0.462	0.01766935
833	T	-0.314	0.04581054
834	T	-0.402	0.05205842
835	T	-0.377	0.07088016
836	T	-0.446	0.06684246
837	G	-0.511	0.03808462
838	A	0.361	0.08543992
839	C	0.361	0.10149
840	C	0.407	0.1331595
841	C	0.437	0.1020021
842	T	0.444	0.1306217
843	G	0.291	0.1763861
844	C	0.412	0.2038332
845	A	-0.063	0.2520885
846	C	0.421	0.3072188
847	A	0.346	0.312367
848	C	0.432	0.3183285
849	A	-0.066	0.2973291
850	C	0.171	0.2804149
851	A	0.375	0.2509146
852	A	0.088	0.2149717
853	C	0.374	0.1732211
854	T	0.425	0.2018848
855	C	0.448	0.1898094
856	T	0.463	0.1944393
857	G	0.050	0.1948032
858	T	0.150	0.2232143
859	C	-0.056	0.238792
860	A	-0.319	0.1928586
861	A	-0.297	0.1602308
862	T	0.424	0.1063339
863	C	0.216	0.0658817
864	C	0.424	0.01793276
865	C	0.438	-0.02596218
866	C	0.416	-0.05115694
867	C	0.436	-0.06104253
868	A	-0.405	-0.06649989
869	C	-0.465	-0.05478412
870	A	-0.542	-0.02654595
871	A	-0.261	-0.06879042
872	G	-0.366	-0.08149783
873	G	-0.283	-0.1013995
874	A	-0.377	-0.1092545
875	A	-0.018	-0.1337281
876	G	-0.149	-0.166811
877	A	-0.120	-0.1605509
878	G	0.182	-0.1412027
879	T	-0.294	-0.1375308
880	G	0	-0.1113453
 881	A	0.086	-0.07585081
882	C	0.305	-0.05919134
883	T	0	-0.0192881
 884	T	-0.125	0.0091102
885	T	-0.298	0.02755691
886	T	-0.137	0.05510432
887	A	-0.479	0.0429431
888	C	0.183	0.06024534
889	T	0.237	0.07749063
890	T	0	0.09313884
 891	C	0.300	0.07592902
892	T	0.464	0.1001504
893	G	0.163	0.1082424
894	T	0.347	0.1357704
895	G	-0.024	0.1582131
896	G	0	0.1970172
 897	T	0.293	0.1750219
898	G	0.352	0.1591966
899	G	0.012	0.1788601
900	T	0.411	0.1733659
901	G	0.011	0.1650724
902	G	0.169	0.170507
903	T	0.244	0.1528887
904	G	0.180	0.1674718
905	G	-0.190	0.1840667
906	T	-0.031	0.1832578
907	A	0.334	0.1670632
908	G	0.207	0.1595409
909	T	0.323	0.1191966
910	G	0.256	0.1278741
911	G	0.048	0.1205418
912	G	0.223	0.09549554
913	T	0.282	0.09685019
914	G	0.279	0.1180759
915	G	0.077	0.145724
916	A	-0.115	0.105986
917	G	-0.274	0.111187
918	A	0.159	0.08661357
919	G	0.044	0.08519492
920	T	-0.181	0.09410561
921	T	0.203	0.08355498
922	C	0.170	0.08262886
923	T	0.438	0.08445992
924	T	-0.341	0.09203888
925	C	0.295	0.115671
926	T	-0.093	0.1531606
927	G	0.232	0.1241328
928	A	0.199	0.1030268
929	G	0.044	0.104148
930	G	0.266	0.08388152
931	C	0.310	0.08166264
932	T	0.206	0.06471005
933	C	0.286	0.1082333
934	T	0.363	0.08377934
935	G	-0.334	0.08802494
936	G	-0.314	0.09174805
937	A	-0.162	0.06558917
938	A	-0.141	0.03684327
939	C	0.132	0.002612388
940	A	0.149	-0.03062508
941	C	0.398	-0.06565938
942	A	-0.120	-0.1048843
943	G	-0.021	-0.1076958
944	C	0.295	-0.06586426
945	A	-0.244	-0.05610385
946	A	-0.444	-0.0416257
947	A	-0.315	-0.05161188
948	T	-0.254	-0.07566558
949	T	-0.389	-0.1063633
950	G	-0.380	-0.1368514
951	A	0.315	-0.1593135
952	T	0.377	-0.1770856
953	T	-0.148	-0.2146811
954	T	0.083	-0.223741
955	T	-0.311	-0.1795152
956	G	-0.276	-0.1797524
957	A	-0.371	-0.1765152
958	T	-0.119	-0.1334618
959	T	-0.502	-0.0978575
960	A	-0.323	-0.1314069
961	A	-0.343	-0.1652919
962	G	-0.398	-0.1555695
963	T	0.307	-0.1803965
964	T	-0.319	-0.1792313
965	G	-0.199	-0.1832182
966	A	0.342	-0.189546
967	C	0.225	-0.1993407
968	T	-0.254	-0.1975344
969	A	-0.199	-0.2037712
970	G	0.016	-0.2070066
971	A	-0.338	-0.2026615
972	T	-0.291	-0.2348505
973	A	-0.344	-0.2058533
974	A	-0.479	-0.2165849
975	T	-0.286	-0.2073138
976	A	-0.471	-0.2159988
977	A	-0.429	-0.2017251
978	A	-0.398	-0.1936212
979	A	-0.324	-0.1829653
980	A	-0.239	-0.1840511
981	T	0.173	-0.1736774
982	G	-0.381	-0.1433484
983	G	0.500	-0.1039716
984	T	0.077	-
985	A	-0.012	-
986	T	-0.061	-
987	T	0.198	-
988	T	-0.356	-
989	T	-0.115	-
990	T	0.171	-
991	C	0.189	-
