1	A	0.140	-
2	G	-0.483	-
3	A	-0.524	-
4	T	0.146	-
5	C	0.452	-
6	T	0.424	-
7	C	0.407	-
8	C	0.319	-
9	A	0.111	0.1094496
10	G	-0.407	0.1059148
11	A	0.107	0.1307304
12	G	0.371	0.1379558
13	C	0.313	0.1249557
14	C	0.388	0.1237713
15	C	0.403	0.125935
16	T	0.390	0.1271296
17	T	-0.440	0.08612717
18	T	-0.151	0.05568278
19	T	0.076	0.05285033
20	C	-0.037	0.01646656
21	A	-0.394	0.001997944
22	G	-0.087	-0.01610028
23	C	0.431	-0.03380487
24	T	0.463	-0.05858578
25	C	0.429	-0.1063586
26	A	-0.418	-0.05958394
27	T	-0.436	-0.04851874
28	T	-0.458	-0.06086193
29	A	-0.547	-0.05341954
30	G	0.111	-0.02686707
31	C	-0.011	-0.006603683
32	A	0.069	-0.05711891
33	T	-0.042	-0.09340429
34	T	-0.469	-0.09823096
35	T	0.401	-0.05140063
36	G	0.047	-0.01836602
37	T	-0.145	0.006320733
38	G	0.096	0.03448256
39	C	0.083	0.05032011
40	T	0.277	0.06554006
41	T	-0.477	0.05869317
42	G	-0.189	0.07751575
43	C	0.342	0.1025441
44	C	0.423	0.05246301
45	C	0.158	0.03141447
46	G	-0.014	0.01249481
47	G	-0.040	-0.007274111
48	G	0.396	-0.0001165833
49	G	0.262	0.0007775278
50	G	-0.053	0.04042353
51	G	0.296	0.06629842
52	A	-0.019	0.06203936
53	A	-0.500	0.05118992
54	G	-0.331	0.04177393
55	A	-0.486	0.03297285
56	A	-0.259	0.04098603
57	T	0.212	0.04237519
58	C	0.293	0.04687592
59	C	0.235	0.04595954
60	A	0.276	0.03469476
61	C	0.265	0.05713811
62	C	0.228	0.09497489
63	A	-0.011	0.1190168
64	T	-0.172	0.1532991
65	T	0.103	0.1802911
66	C	0.421	0.1783348
67	C	0.343	0.1788458
68	A	-0.069	0.1818962
69	G	0.093	0.1450709
70	C	0.384	0.1208705
71	T	0.180	0.1062232
72	C	0.101	0.1061182
73	A	0.130	0.137563
74	G	0.226	0.1469262
75	G	0.177	0.1470604
76	C	0.302	0.1515881
77	T	0.290	0.1636457
78	A	-0.386	0.1780603
79	T	-0.169	0.1675042
80	T	-0.034	0.1645534
81	C	-0.013	0.1771015
82	T	0.393	0.1926073
83	G	0.272	0.1968023
84	C	0.423	0.2081225
85	T	0.424	0.203185
86	G	0.147	0.2114143
87	C	0.353	0.2539786
88	C	0.194	0.2780328
89	A	0.127	0.304702
90	G	0.327	0.3166617
91	C	0.410	0.3109171
92	T	0.302	0.3207956
93	C	0.380	0.3065292
94	C	0.213	0.2870114
95	T	0.438	0.2678157
96	C	0.379	0.2306949
97	C	0.263	0.2051887
98	C	0.445	0.2113052
99	C	0.202	0.2192719
100	T	0.290	0.2082611
101	C	0.450	0.2042492
102	T	0.167	0.1700925
103	G	0.073	0.1341373
104	T	-0.198	0.1038572
105	G	-0.315	0.09138339
106	A	-0.264	0.09242451
107	G	0.237	0.09236878
108	C	0.470	0.07773227
109	C	0.211	0.07379627
110	A	0.230	0.04096527
111	T	-0.233	0.05380066
112	G	-0.433	0.07003309
113	A	-0.106	0.07459621
114	T	0.154	0.1037025
115	C	0.281	0.108911
116	C	0.444	0.08388282
117	T	-0.061	0.05056848
118	G	0.219	0.05989226
119	A	-0.140	0.06800871
120	C	0.398	0.08100304
121	T	0.365	0.09251165
122	T	-0.116	0.1198292
123	C	0.208	0.1352232
124	A	-0.170	0.1436364
125	G	-0.212	0.1250505
126	A	-0.129	0.1144069
127	C	0.379	0.1105254
128	C	0.376	0.1008299
129	T	0	0.07517039
 130	T	-0.226	0.08199228
131	G	0.385	0.09616556
132	C	0.431	0.08653406
133	C	0.433	0.1256214
134	T	0.109	0.1604548
135	G	-0.252	0.1582117
136	A	0.149	0.166222
137	A	-0.315	0.1307039
138	C	-0.063	0.119381
139	A	0.488	0.1257183
140	T	0.138	0.1231324
141	T	0.035	0.1176853
142	C	0.532	0.1080716
143	T	0.414	0.1139812
144	T	-0.169	0.1390633
145	C	0.523	0.1439474
146	A	-0.263	0.1424887
147	T	-0.203	0.170174
148	A	-0.112	0.1649957
149	C	0.338	0.140345
150	C	0.333	0.1452342
151	A	0.260	0.1239233
152	C	0.215	0.1216889
153	T	0.198	0.127561
154	T	0.237	0.119187
155	G	-0.341	0.1578069
156	C	0.434	0.177541
157	C	0.395	0.1973889
158	T	-0.304	0.2035753
159	T	0.123	0.2096001
160	C	0.149	0.1825851
161	T	0.374	0.1461535
162	T	-0.063	0.1126884
163	T	0.373	0.08166024
164	T	0.432	0.08448613
165	T	0.151	0.07734418
166	C	0.245	0.03440107
167	C	0.450	0.07053529
168	T	0.442	0.05972583
169	G	-0.226	0.03823156
170	A	-0.439	0.02495889
171	A	-0.403	0.03572076
172	A	-0.321	-0.008012572
173	T	-0.290	-0.01375741
174	C	0.305	-0.03934413
175	A	-0.377	-0.06414402
176	A	0.345	-0.07762674
177	G	-0.071	-0.09557096
178	G	-0.237	-0.07075263
179	C	0.135	-0.0413259
180	A	0.129	-0.02298149
181	A	-0.414	-0.01868882
182	T	0.328	-0.009187267
183	A	-0.309	-0.03935182
184	T	-0.201	0.005145567
185	G	0.207	-0.0283646
186	T	0.119	-0.02575399
187	C	0.220	-0.01586647
188	A	0.089	0.003791589
189	G	-0.073	-0.02164063
190	T	-0.243	-0.0168583
191	A	-0.119	-0.04820341
192	T	-0.237	-0.0174448
193	T	0.423	0.01565359
194	G	-0.257	0.02923598
195	A	-0.024	0.0043152
196	G	-0.059	-0.02004274
197	T	0.489	-0.02005782
198	G	-0.327	-0.02142612
199	A	-0.327	-0.01900546
200	A	-0.235	-0.01464128
201	T	0.244	-0.005366511
202	C	0.394	-0.05857623
203	C	0.452	-0.05837584
204	A	-0.329	-0.07338343
205	G	-0.217	-0.07007207
206	A	0.089	-0.07389529
207	C	-0.098	-0.04113952
208	A	-0.200	0.002274817
209	T	-0.041	0.03884876
210	C	-0.070	0.006988761
211	A	-0.534	-0.02174457
212	T	-0.254	-0.06837129
213	A	-0.294	-0.07306263
214	G	0	-0.04121129
 215	C	0.420	-0.01926389
216	T	0.261	0.005954222
217	C	0.453	0.04310156
218	T	0.422	0.06187671
219	G	-0.328	0.07125391
220	T	-0.122	0.09045657
221	A	-0.387	0.1243761
222	A	-0.413	0.125032
223	G	0.355	0.108026
224	G	0.484	0.09420091
225	C	0.355	0.08706146
226	A	0.468	0.05096996
227	T	0.296	0.02649702
228	G	0.098	0.02850041
229	T	-0.189	0.02528824
230	T	0.356	0.03449902
231	G	-0.282	0.04801997
232	A	-0.306	0.01699813
233	T	0.171	0.01379524
234	A	0.133	0.004611578
235	T	-0.196	0.0006785222
236	T	-0.017	0.001551911
237	G	-0.292	0.0002608833
238	A	-0.180	0.004926828
239	T	-0.221	-0.02376823
240	T	-0.170	0.002531717
241	G	-0.202	0.04274377
242	C	0.426	0.05652344
243	T	0.190	0.06564488
244	T	0.397	0.1008634
245	C	0.312	0.07580316
246	T	0.075	0.07478099
247	T	-0.105	0.0661976
248	T	-0.159	0.1017374
249	G	0.190	0.1112001
250	T	0.417	0.1119209
251	C	0.419	0.08881848
252	T	0.297	0.06250698
253	C	0.437	0.01330159
254	A	-0.468	-0.004058406
255	G	-0.311	-0.03323645
256	G	-0.334	-0.04483462
257	A	0.418	-0.06065345
258	G	0	-0.05279939
 259	G	-0.189	-0.05975062
260	T	0.011	-0.06247478
261	A	-0.283	-0.06028945
262	T	-0.488	-0.06878173
263	A	0	-0.02006139
 264	A	-0.449	-0.01168473
265	G	-0.313	-0.01646734
266	A	-0.444	-0.06916506
267	A	0.332	-0.05686517
268	C	0.292	-0.02718517
269	T	0.370	-0.022105
270	G	0.336	-0.02329989
271	G	0.284	-0.01374817
272	C	0.408	-0.03634872
273	A	-0.160	-0.03779189
274	G	-0.421	-0.01825851
275	A	-0.530	-0.001181561
276	T	0.221	-0.02175922
277	C	0.344	-0.04368194
278	T	0.102	-0.06991811
279	C	-0.304	-0.06582428
280	A	-0.316	-0.05691606
281	A	-0.406	-0.07253844
282	A	-0.475	-0.06772323
283	G	0.037	-0.03395012
284	G	-0.137	0.02090132
285	T	-0.038	-0.009936122
286	A	-0.102	-0.01689307
287	A	-0.101	-0.01832569
288	C	0.410	-0.003009606
289	C	0.445	-0.005562217
290	T	0.126	0.02390395
291	A	-0.073	0.03163467
292	G	0.186	0.01041929
293	C	0.457	-0.009752711
294	A	-0.333	0.01933867
295	A	0.219	0.01468556
296	C	0.076	0.00989045
297	G	-0.029	-0.03462272
298	A	-0.362	-0.08108305
299	T	0.123	-0.06419855
300	T	-0.336	-0.08376765
301	T	-0.344	-0.1112121
302	A	-0.500	-0.1542556
303	C	0.485	-0.1236394
304	A	-0.185	-0.1288518
305	T	-0.188	-0.1114096
306	G	-0.390	-0.09843683
307	A	-0.391	-0.09284361
308	C	0.430	-0.07826211
309	A	-0.426	-0.03517561
310	A	-0.307	0.007726056
311	A	-0.317	0.05752022
312	G	0.217	0.05059017
313	C	0.125	0.08689772
314	C	0.390	0.12678
315	T	0.204	0.1350354
316	T	-0.261	0.1418588
317	G	0.386	0.1273727
318	C	0.439	0.1757934
319	C	0.428	0.2158709
320	T	0.395	0.2264052
321	G	0.360	0.2322846
322	C	0.467	0.2506687
323	C	0.529	0.2386827
324	T	-0.242	0.2449432
325	A	-0.268	0.2659591
326	C	0.170	0.2203705
327	C	0.445	0.1930004
328	T	0.414	0.1623914
329	G	-0.128	0.151044
330	C	0.323	0.1535676
331	C	0.456	0.1222693
332	C	0.174	0.1057595
333	T	0.317	0.1406652
334	C	0.116	0.1800125
335	A	-0.434	0.1931974
336	G	-0.053	0.1758925
337	A	-0.122	0.1400433
338	T	0.191	0.1222565
339	C	0.406	0.08247533
340	A	-0.095	0.03828761
341	G	0.232	0.01558094
342	C	0.386	-0.01851139
343	C	0.440	-0.04210689
344	T	0.407	-0.02959139
345	G	0.133	-0.002190978
346	G	-0.231	0.02046669
347	A	-0.448	0.03354319
348	A	-0.392	0.03548969
349	A	-0.339	0.05100183
350	T	-0.233	0.02278267
351	C	-0.296	0.01435233
352	A	-0.307	-0.01334643
353	A	-0.209	-0.06262809
354	C	0.439	-0.06415054
355	C	0.284	-0.03516443
356	C	0.426	0.01301663
357	C	0.441	0.06089485
358	T	0.183	0.09546013
359	G	-0.275	0.09100596
360	A	0.234	0.1197308
361	G	-0.058	0.1476029
362	G	-0.479	0.169759
363	A	0.106	0.1702133
364	G	0.290	0.1470171
365	C	0.419	0.1371739
366	C	0.468	0.08886274
367	T	0.283	0.07229885
368	T	-0.313	0.06572635
369	T	0.220	0.02613974
370	G	0.193	0.006786333
371	T	0.189	0.006954778
372	C	0.447	0.01420933
373	A	-0.132	-0.015048
374	G	0.249	-0.03414186
375	A	-0.428	-0.03756552
376	T	-0.114	-0.04332758
377	T	-0.393	-0.01380913
378	T	-0.478	-0.04813791
379	A	-0.406	-0.08533241
380	A	-0.476	-0.1196093
381	A	0.237	-0.169824
382	C	-0.235	-0.1515768
383	A	0.075	-0.1441994
384	C	0.407	-0.1063977
385	A	0.179	-0.08554219
386	C	0.217	-0.07254674
387	A	-0.397	-0.0351968
388	A	-0.475	-0.02016313
389	A	-0.427	0.02233937
390	T	-0.456	0.03282587
391	A	0.195	0.05523409
392	C	0.382	0.05341554
393	C	0.252	0.05754793
394	A	0.260	0.06758048
395	C	-0.159	0.06725193
396	T	0.194	0.109886
397	C	-0.136	0.1608186
398	C	0.288	0.2005642
399	T	0.425	0.2404405
400	G	0.167	0.2523866
401	G	0.042	0.2311303
402	T	0.481	0.240321
403	G	0.359	0.2169223
404	T	0.211	0.2117578
405	C	0.370	0.189241
406	C	0.441	0.1921472
407	T	0.287	0.1843842
408	C	0.261	0.1506452
409	T	0.410	0.1228018
410	C	0	0.1055984
 411	T	0.417	0.09069753
412	T	-0.160	0.06425803
413	T	-0.252	0.07674831
414	T	-0.211	0.0735812
415	G	-0.083	0.07066864
416	G	0.148	0.07018009
417	A	-0.181	0.0780432
418	A	-0.333	0.07558631
419	T	-0.267	0.0767142
420	G	0.213	0.04432726
421	T	-0.115	0.03168203
422	C	0.436	0.06430314
423	A	0.313	0.07603514
424	G	0.388	0.1005539
425	C	0.279	0.1140843
426	C	0.403	0.1503443
427	T	0.366	0.1730527
428	T	0.020	0.1938179
429	G	-0.165	0.1890181
430	A	-0.387	0.1886112
431	T	0.334	0.1881078
432	T	0	0.1877892
 433	C	0.357	0.1846402
434	C	0.392	0.1791158
435	C	0.471	0.1632365
436	G	0.075	0.1679667
437	T	0.106	0.1853144
438	G	0.127	0.201677
439	G	-0.123	0.2473894
440	G	0.427	0.2210404
441	C	0.307	0.2065832
442	A	0.331	0.212309
443	G	0.179	0.213611
444	G	0.117	0.214746
445	C	0.451	0.2178193
446	T	0.332	0.2171636
447	T	0.129	0.2328633
448	C	0.434	0.2414419
449	A	-0.139	0.2110197
450	T	-0.260	0.1807592
451	G	0.460	0.1884484
452	C	0.415	0.1678731
453	T	0.491	0.1671404
454	C	0.130	0.1187865
455	A	0.094	0.07926279
456	C	0.409	0.05412851
457	T	0.031	0.02911022
458	G	-0.120	0.05311111
459	T	-0.237	0.09012339
460	G	0.470	0.07000341
461	A	-0.190	0.04247853
462	T	0.104	0.004098639
463	T	-0.418	0.006439139
464	T	-0.378	0.02476787
465	A	-0.323	0.02501259
466	T	-0.015	0.04823568
467	G	0.292	0.05492079
468	C	0.405	0.04378663
469	C	0.098	0.02233246
470	T	-0.079	0.04909751
471	A	-0.199	0.05298712
472	G	0.172	0.08638707
473	C	0.424	0.1177173
474	C	0.414	0.1463991
475	C	0.449	0.16811
476	T	0	0.1331838
 477	G	-0.437	0.1106287
478	A	0.084	0.09761817
479	C	0.291	0.1220542
480	C	0.174	0.1530396
481	T	0.182	0.146053
482	G	0.185	0.1363138
483	G	0.192	0.1229196
484	G	0.375	0.1112326
485	A	-0.336	0.104226
486	G	0	0.1486578
 487	A	-0.135	0.1288956
488	A	0.360	0.1048976
489	C	0.358	0.1027711
490	T	0.046	0.1092309
491	T	0.249	0.09334562
492	T	0.173	0.08331239
493	C	0.238	0.05145645
494	A	-0.126	0.06499427
495	C	0.361	0.07333771
496	A	-0.271	0.09844743
497	G	-0.140	0.0935006
498	A	0.135	0.08185666
499	T	0.298	0.08711698
500	G	-0.100	0.08802787
501	G	0.012	0.06105676
502	G	-0.198	0.06760331
503	A	-0.092	0.07247993
504	T	0.150	0.05980032
505	G	0.316	0.09166382
506	C	0.271	0.1210441
507	T	0.149	0.1373418
508	G	0.141	0.1474258
509	T	0.265	0.1600625
510	G	-0.312	0.1607802
511	T	0.356	0.1536238
512	T	-0.038	0.1417281
513	T	0.133	0.1171716
514	C	0.301	0.1274461
515	T	0.388	0.1331162
516	C	0.429	0.1217464
517	T	0.480	0.1130718
518	C	0.126	0.07117733
519	A	0.025	0.06596994
520	T	-0.326	0.01988067
521	G	-0.306	-0.0004720111
522	A	-0.291	-0.03802946
523	G	0.501	-0.04401773
524	T	0.373	-0.04222996
525	T	-0.055	-0.04107062
526	T	-0.014	-0.0495104
527	A	-0.488	-0.05848883
528	G	-0.406	-0.04636094
529	A	-0.472	-0.01654327
530	A	-0.404	0.007500894
531	C	-0.542	0.04380778
532	A	0.194	0.02606706
533	C	0.420	-0.008041383
534	C	0.450	-0.03223062
535	C	0.328	-0.05446488
536	A	-0.035	-0.04487454
537	G	0.243	-0.04591504
538	G	0.209	-0.02774316
539	G	0.125	0.006849956
540	C	0.361	0.02008068
541	T	0.181	0.001322067
542	T	-0.240	-0.02838621
543	G	-0.491	-0.02415699
544	A	-0.414	-0.06720193
545	A	-0.315	-0.09015672
546	A	-0.424	-0.1301885
547	T	-0.145	-0.1527423
548	C	0.217	-0.1372414
549	A	-0.304	-0.1329789
550	G	-0.143	-0.1220258
551	A	-0.114	-0.08626294
552	C	0.526	-0.03620728
553	A	-0.446	0.006489333
554	A	-0.448	0.05113872
555	T	-0.476	0.07854796
556	G	-0.196	0.05857262
557	C	0.404	0.02374562
558	C	0.438	0.02320246
559	C	0.378	0.01770868
560	T	0.402	0.02566766
561	G	0.409	-0.01460823
562	G	0.353	-0.01551373
563	C	0.488	-0.01628906
564	T	0.068	-0.01857895
565	T	-0.505	-0.03630139
566	A	-0.408	-0.06808223
567	G	-0.313	-0.1096246
568	A	-0.242	-0.1089929
569	T	0.028	-0.1062719
570	T	-0.198	-0.1138138
571	T	-0.462	-0.1351
572	A	-0.462	-0.1863937
573	A	-0.518	-0.2146278
574	A	-0.515	-0.2132634
575	A	-0.167	-0.2195957
576	G	-0.309	-0.2297408
577	C	0.390	-0.2399262
578	C	0.451	-0.2551685
579	T	0.274	-0.2562223
580	T	-0.029	-0.2228243
581	T	-0.435	-0.1906903
582	T	-0.439	-0.1717963
583	A	-0.480	-0.1245091
584	A	-0.522	-0.1091049
585	A	-0.496	-0.07828666
586	A	-0.425	-0.07872538
587	A	-0.245	-0.1111367
588	A	-0.217	-0.1257118
589	T	0.138	-0.1208574
590	G	0.116	-0.07209279
591	G	-0.178	-0.02853457
592	A	0.336	-2.886111e-05
593	G	0.110	0.05455631
594	T	0.245	0.107348
595	C	0.382	0.1183856
596	T	-0.131	0.1121724
597	G	0.011	0.1251233
598	A	0.057	0.1266546
599	C	0.442	0.1434691
600	T	0.344	0.1758264
601	C	0.032	0.1716378
602	T	0.459	0.187282
603	C	0.453	0.1945097
604	A	-0.226	0.1790676
605	G	-0.357	0.1751835
606	T	0.015	0.1830621
607	T	0.166	0.1736498
608	C	0.418	0.1534012
609	C	0.404	0.1529351
610	T	0.260	0.1673934
611	C	0.391	0.1656247
612	C	0.375	0.1404184
613	T	0.104	0.1274707
614	G	-0.201	0.1241648
615	T	0.153	0.09576393
616	T	-0.111	0.06527266
617	C	0.078	0.03135421
618	C	0.335	0.0138983
619	A	0.292	0.02305602
620	C	0.427	0.02511991
621	T	0	0.01926824
 622	G	-0.460	0.01628273
623	A	-0.416	0.04712873
624	A	-0.495	0.05660651
625	A	-0.382	0.08989368
626	T	-0.191	0.107825
627	G	0.090	0.07995741
628	C	0.425	0.06642044
629	C	0.428	0.03551194
630	C	0.270	0.05162233
631	T	0.050	0.06321366
632	G	0.353	0.09350049
633	T	0.324	0.1439174
634	C	0.487	0.1639583
635	A	0.400	0.1470446
636	T	-0.165	0.1364307
637	T	0.048	0.1230864
638	C	-0.128	0.1162998
639	A	0.289	0.1190665
640	C	-0.251	0.1322879
641	A	0.128	0.1308395
642	C	0.411	0.1050941
643	A	-0.021	0.07126594
644	G	-0.496	0.05891299
645	A	-0.100	0.09073788
646	C	0.185	0.1015385
647	A	0.306	0.1182287
648	G	0.319	0.08034236
649	C	0.288	0.1074454
650	T	0.327	0.1243204
651	G	-0.139	0.1123023
652	T	-0.121	0.1322155
653	G	0.178	0.1584972
654	G	0.407	0.1483806
655	T	0.243	0.1625602
656	G	0.171	0.1552457
657	G	-0.391	0.1657031
658	A	0.236	0.1654249
659	C	0.431	0.1647246
660	T	0.195	0.1759984
661	G	0.336	0.1707377
662	T	-0.022	0.1308595
663	G	-0.283	0.1030589
664	C	0.440	0.1101089
665	T	0.175	0.1195932
666	T	0.508	0.1598923
667	C	0.283	0.159628
668	T	0.315	0.1198192
669	C	0.063	0.1210329
670	A	-0.216	0.08538258
671	G	-0.539	0.1098659
672	A	-0.093	0.146882
673	C	0.370	0.1224083
674	C	0.342	0.1348355
675	C	0.333	0.1129512
676	T	0.231	0.06987612
677	T	-0.284	0.03622406
678	G	0.217	0.006476556
679	G	-0.305	-0.004710111
680	T	0.417	-0.0009238889
681	G	0.383	-0.01537294
682	G	0	-0.01220261
 683	G	0.398	-0.04934172
684	T	0.114	-0.05641306
685	G	-0.491	-0.04855083
686	A	-0.290	-0.007811944
687	A	-0.471	-0.02964072
688	A	-0.417	-0.040047
689	A	-0.471	-0.07316956
690	A	-0.353	-0.1036946
691	C	0.427	-0.1036946
692	A	-0.325	-0.124209
693	G	0.206	-0.1083673
694	T	0.373	-0.06017854
695	C	0.448	-0.02065382
696	G	-0.175	0.01609157
697	A	-0.492	0.03827043
698	T	-0.178	0.08870377
699	G	-0.166	0.1266364
700	T	0	0.1111258
 701	T	0.029	0.1499787
702	G	0.399	0.1669184
703	C	0.375	0.1316165
704	C	0.420	0.07832327
705	T	0.189	0.05757254
706	G	-0.018	0.05893771
707	C	0.436	0.0411916
708	T	0.329	0.05042377
709	G	0.147	0.07281038
710	C	0.373	0.08571014
711	T	0.511	0.08517009
712	G	-0.262	0.06529437
713	T	-0.510	0.01768164
714	A	-0.549	-0.01026736
715	A	-0.467	-0.02512933
716	G	-0.497	-0.06639683
717	A	0	-0.06464961
 718	C	0.402	-0.08694661
719	C	0.261	-0.1284667
720	C	0.389	-0.1600679
721	C	0.017	-0.1205709
722	A	-0.436	-0.1005503
723	A	-0.313	-0.08113332
724	T	-0.285	-0.02859416
725	G	-0.306	0.02551762
726	C	0.360	0.02693626
727	A	-0.253	0.01443965
728	A	-0.373	0.00331065
729	T	-0.057	-0.04412863
730	G	0.448	-0.06329318
731	T	-0.150	-0.05082635
732	G	-0.199	-0.008866072
733	T	0.477	0.02826348
734	T	0.476	0.06831571
735	T	0.025	0.07361698
736	C	0.178	0.1078087
737	T	0.061	0.1029554
738	T	-0.464	0.07996342
739	A	-0.327	0.03044325
740	G	-0.211	0.01567181
741	G	0.441	-0.0001708611
742	C	0.382	-0.03659897
743	C	0.414	-0.07433392
744	C	0.456	-0.1046453
745	C	0.362	-0.1447654
746	T	-0.461	-0.1599602
747	A	-0.471	-0.1298043
748	G	-0.442	-0.09718637
749	A	-0.416	-0.06483254
750	A	-0.484	-0.06709593
751	A	-0.177	-0.08974052
752	C	-0.203	-0.1075251
753	A	-0.520	-0.122589
754	A	-0.544	-0.1525099
755	A	-0.212	-0.1057197
756	G	0.078	-0.06994111
757	C	0.260	-0.06854694
758	C	0.370	-0.06814049
759	C	0.401	-0.06513088
760	A	-0.024	-0.06539533
761	G	0.094	-0.02915155
762	G	0.185	0.01843239
763	A	-0.176	0.07422967
764	T	0.380	0.07855978
765	G	0.172	0.07419338
766	G	-0.417	0.03938604
767	A	-0.408	0.02960627
768	G	-0.430	0.03175049
769	T	-0.182	0.03313842
770	T	0.449	0.04420533
771	C	0.336	0.01743339
772	T	0.460	0.03229873
773	T	-0.134	-0.001950711
774	T	0	0.0074204
 775	G	-0.366	0.04669929
776	T	0.194	0.09269051
777	T	0.439	0.1190279
778	C	0	0.1291803
 779	T	0.293	0.08861956
780	T	-0.296	0.06491071
781	T	0.091	0.05397521
782	T	-0.235	0.08576809
783	G	0.341	0.1107024
784	C	0.289	0.1601589
785	C	0.419	0.1486138
786	A	0.043	0.09654518
787	T	0	0.07193507
 788	C	-0.280	0.03379729
789	A	-0.090	0.0258409
790	G	0.263	-0.006414778
791	C	0.438	-0.02324717
792	C	0.448	-0.03808526
793	C	0.523	-0.03611515
794	T	-0.013	-0.03427854
795	A	-0.497	-0.02469953
796	A	-0.442	-0.02721115
797	A	-0.392	-0.02586098
798	G	-0.439	-0.02818635
799	A	-0.489	-0.07179979
800	A	-0.538	-0.08839241
801	A	0.073	-0.09059746
802	G	0.324	-0.1092671
803	G	0.452	-0.09545004
804	T	0.215	-0.06989264
805	G	-0.045	-0.04528253
806	A	-0.256	-0.02015667
807	G	-0.132	0.02060616
808	A	-0.521	0.07232916
809	T	0.139	0.1202031
810	G	0.409	0.1397663
811	G	0.187	0.1465444
812	G	0.235	0.1469562
813	T	-0.037	0.1393788
814	G	0	0.1476815
 815	A	0.059	0.1465546
816	C	0.293	0.1748218
817	C	0.441	0.2285739
818	C	0.323	0.2312207
819	A	0.426	0.2167087
820	C	0.446	0.2042991
821	C	0.459	0.1839996
822	T	0.079	0.1971734
823	A	0.104	0.2031103
824	G	-0.276	0.2132778
825	G	0.376	0.2218974
826	C	0.445	0.1957039
827	A	0.187	0.1785115
828	T	0.147	0.151039
829	C	-0.035	0.1301887
830	T	-0.129	0.1260474
831	G	0.199	0.1196353
832	A	0.106	0.09199479
833	C	0.242	0.09226796
834	C	0.448	0.04886296
835	C	-0.029	-0.004511211
836	A	0.013	-0.0290601
837	T	-0.068	-0.05033704
838	T	0.071	-0.05457851
839	G	0.384	-0.03418278
840	T	-0.035	-0.02695139
841	G	-0.393	-0.02259189
842	T	-0.271	-0.04451995
843	A	-0.404	-0.09445478
844	A	-0.514	-0.1127157
845	G	-0.254	-0.1404087
846	G	-0.235	-0.1376743
847	G	-0.112	-0.1238142
848	A	0.237	-0.164863
849	C	0.329	-0.1716349
850	C	0.185	-0.1506934
851	A	-0.152	-0.1282536
852	A	-0.449	-0.1216877
853	G	-0.358	-0.1130035
854	A	-0.484	-0.1059182
855	A	-0.019	-0.1021191
856	C	0.321	-0.1064452
857	A	-0.353	-0.1177999
858	T	-0.157	-0.1151741
859	T	-0.016	-0.1090631
860	T	0.132	-0.07691224
861	A	-0.286	-0.03171636
862	C	-0.358	0.01227126
863	A	-0.127	0.05286337
864	C	-0.166	0.06821915
865	A	-0.189	0.05325956
866	A	0.032	0.08415428
867	C	0.377	0.117193
868	T	0.295	0.146276
869	C	0.426	0.1623538
870	C	0.363	0.1999857
871	C	0.433	0.2321265
872	C	0.245	0.243099
873	C	0.257	0.243438
874	A	0.051	0.2687553
875	G	0.202	0.2629315
876	T	0.436	0.2546344
877	C	0.507	0.2355939
878	T	0.421	0.2290187
879	T	0.390	0.2081206
880	T	0.219	0.1802341
881	G	0.070	0.1716367
882	T	-0.160	0.1697466
883	G	0.265	0.1886897
884	A	-0.072	0.1955146
885	T	0.227	0.1894394
886	C	-0.047	0.1773313
887	T	0.308	0.1783657
888	A	-0.012	0.1718123
889	T	-0.068	0.1830481
890	C	0.091	0.1893544
891	C	0.223	0.2060162
892	T	0.392	0.192811
893	T	0.325	0.1852976
894	C	0.327	0.1434749
895	C	0.289	0.1397071
896	C	0.440	0.1244066
897	C	0.272	0.1465734
898	T	0.422	0.1404585
899	C	0.183	0.1389207
900	A	0.139	0.1202852
901	C	0.028	0.08081521
902	T	-0.207	0.05799226
903	T	-0.525	0.01955298
904	T	-0.115	0.01596976
905	C	0.032	-0.01363767
906	G	0.386	-0.02880117
907	G	-0.178	-0.06706595
908	G	0.063	-0.07909284
909	G	-0.112	-0.07062523
910	A	-0.317	-0.062746
911	G	-0.085	-0.04539583
912	A	-0.364	-0.02601817
913	G	0.224	-0.02643894
914	A	-0.092	-0.05568942
915	T	0	-0.09759614
 916	G	-0.266	-0.1169677
917	A	-0.032	-0.1237091
918	G	0.291	-0.09515895
919	C	0.169	-0.05680817
920	T	0.104	-0.04023706
921	G	-0.176	-0.01767526
922	T	-0.122	-0.03142209
923	A	-0.493	-0.003673822
924	A	-0.367	0.0185229
925	T	-0.527	0.05506201
926	T	-0.057	0.07562702
927	C	0.401	0.07880479
928	A	0.372	0.07735513
929	C	0.212	0.06121918
930	C	0.041	0.05086029
931	A	-0.022	0.05431102
932	T	0.406	0.0753038
933	C	0.399	0.08636119
934	C	0.391	0.1076412
935	C	0.337	0.09582564
936	C	0.348	0.06101603
937	A	0.143	0.06098153
938	T	-0.185	0.07359647
939	A	-0.362	0.06127984
940	T	-0.060	0.07433328
941	T	-0.115	0.04182473
942	T	-0.168	0.02048073
943	A	-0.144	-0.01429282
944	T	-0.270	-0.02497482
945	G	-0.224	-0.0374756
946	A	0.372	-0.02071754
947	T	0.439	-0.003976989
948	G	-0.180	0.0250919
949	C	0.212	0.02575071
950	T	-0.178	0.02581793
951	T	0.015	0.04021099
952	A	-0.234	0.07227727
953	T	0.145	0.09925504
954	C	0.123	0.1334892
955	C	0.445	0.1287641
956	T	0.115	0.1259251
957	A	0.160	0.152225
958	T	-0.048	0.1641647
959	C	-0.114	0.1877073
960	C	0.090	0.2063378
961	T	0.432	0.2187128
962	T	0.215	0.1945526
963	C	0.391	0.1671844
964	C	0.287	0.136322
965	C	0.388	0.1207683
966	T	0.293	0.1239143
967	C	0.427	0.136055
968	A	0.245	0.1674198
969	C	0.350	0.188292
970	T	-0.012	0.1907093
971	T	-0.289	0.2076252
972	T	-0.368	0.2033725
973	A	-0.110	0.2121232
974	T	-0.164	0.2195489
975	G	0.217	0.2327739
976	G	0.169	0.1929039
977	T	0.450	0.1616148
978	T	0.465	0.1150857
979	C	0.476	0.08948939
980	A	0.519	0.07519033
981	T	0.314	0.06576356
982	T	0.444	0.07101099
983	C	0.522	0.09207349
984	T	0.531	0.1047383
985	T	-0.290	0.1181043
986	T	-0.318	0.1161802
987	A	-0.486	0.1131303
988	A	-0.472	0.1066251
989	A	-0.547	0.08691993
990	A	-0.538	0.07271319
991	A	-0.015	0.05585653
992	C	0.215	0.02362589
993	C	0.445	-0.02616305
994	T	0.410	-0.02024072
995	C	0.415	0.006391506
996	C	0.411	0.05022851
997	A	0.359	0.08796212
998	C	0.164	0.1378172
999	T	0.059	0.1716589
1000	G	0.141	0.1917178
1001	C	-0.058	0.1768796
1002	A	-0.364	0.1387605
1003	A	-0.183	0.1009628
1004	C	0.161	0.05211336
1005	T	0.302	0.04903386
1006	G	0.206	0.03424928
1007	C	0.350	0.02049373
1008	T	0.070	-0.001855589
1009	G	0.345	-0.004959961
1010	G	-0.052	0.01470973
1011	A	-0.240	0.05829662
1012	G	-0.270	0.08479039
1013	G	-0.463	0.1000713
1014	T	0.355	0.08833984
1015	C	0.092	0.08919468
1016	T	-0.082	0.09295801
1017	A	-0.343	0.1093902
1018	T	0.085	0.1059628
1019	C	0.296	0.1327363
1020	T	0.419	0.1603368
1021	C	0.292	0.1922555
1022	C	0.436	0.2408639
1023	T	0.091	0.2037935
1024	C	0.221	0.1861842
1025	T	0.418	0.206182
1026	G	0.366	0.2479768
1027	C	0.283	0.2340721
1028	C	0.429	0.2176248
1029	C	0.255	0.1821157
1030	C	0.304	0.1349566
1031	T	0.411	0.08970145
1032	T	-0.311	0.08556882
1033	G	-0.224	0.05094016
1034	T	0.277	0.03575704
1035	G	0.409	0.03157127
1036	G	-0.165	0.04022693
1037	G	0	0.0387416
 1038	T	-0.219	0.0380321
1039	T	-0.555	0.0358051
1040	A	-0.378	0.02387382
1041	C	0.016	0.02905216
1042	G	-0.401	0.06658227
1043	A	0.144	0.06113054
1044	G	0.291	0.05158132
1045	C	0.439	0.06164528
1046	T	0.403	0.06986072
1047	C	0.243	0.1062034
1048	A	0.264	0.1385602
1049	G	0.196	0.1581868
1050	T	-0.218	0.1810946
1051	C	0.451	0.2246807
1052	T	0.179	0.2310796
1053	C	0.237	0.2364331
1054	A	0.016	0.1860287
1055	G	0.147	0.1627544
1056	C	0.434	0.1585545
1057	A	0.026	0.1553695
1058	T	-0.024	0.1710717
1059	G	0.429	0.1716946
1060	C	0.383	0.1224891
1061	T	0.259	0.1213623
1062	G	0.387	0.08703711
1063	A	-0.467	0.06446626
1064	T	-0.015	0.04060871
1065	A	0.167	-0.008068628
1066	C	0.207	-0.02731744
1067	T	0.478	-0.04021245
1068	A	-0.207	-0.09066778
1069	T	-0.434	-0.1294367
1070	T	0.158	-0.1173158
1071	T	-0.380	-0.1286997
1072	G	-0.390	-0.08051378
1073	A	-0.281	-0.05395561
1074	A	-0.441	-0.05495472
1075	T	-0.319	-0.07222256
1076	A	-0.257	-0.09285944
1077	A	-0.479	-0.05996639
1078	A	-0.314	-0.02756544
1079	C	0.478	-0.04647617
1080	G	0.182	-0.04388167
1081	T	0.399	-0.03808394
1082	C	0.462	-0.01421806
1083	A	0.149	0.02183306
1084	T	-0.103	0.05281922
1085	G	0.107	0.092158
1086	C	0.384	-
1087	A	0.149	-
1088	A	-0.181	-
1089	T	-0.333	-
1090	A	-0.285	-
1091	T	0.148	-
1092	T	0.207	-
1093	G	0.237	-
1094	C	0.451	-
