1	T	0.190	-
2	T	-0.374	-
3	T	-0.216	-
4	T	0.365	-
5	C	0.154	-
6	T	0.092	-
7	G	0.161	-
8	C	0.440	-
9	T	0.418	-
10	T	0.321	-
11	C	0.417	-
12	C	0.410	-
13	T	0.275	-
14	C	0.261	-
15	G	-0.122	-
16	T	-0.306	-
17	T	-0.038	-
18	T	0.140	-
19	C	0.068	-
20	A	0.068	-
21	G	0.292	0.09397995
22	C	0.380	0.09260038
23	T	0.457	0.1120459
24	T	-0.299	0.1241788
25	G	-0.412	0.108442
26	A	-0.353	0.1083683
27	C	-0.018	0.1119348
28	A	-0.393	0.1095768
29	T	0.224	0.09657105
30	C	0.338	0.0942071
31	T	0.248	0.09616595
32	C	0.445	0.0968725
33	C	0.408	0.09710586
34	T	0.161	0.0932765
35	C	-0.187	0.09695322
36	A	-0.405	0.1103867
37	A	-0.420	0.1280059
38	A	-0.445	0.1381376
39	C	0.298	0.1357063
40	G	0.438	0.1278399
41	C	0.505	0.1207537
42	T	-0.047	0.1165773
43	A	0.132	0.1124046
44	C	0.441	0.1118699
45	C	0.293	0.1279416
46	T	-0.295	0.148189
47	G	0.151	0.1608559
48	A	0.242	0.1714371
49	C	0.062	0.1718967
50	A	-0.105	0.1566901
51	G	0.319	0.1538881
52	C	0.404	0.1532361
53	C	0.446	0.1440222
54	T	0.420	0.1283458
55	G	0.115	0.1306436
56	C	0.415	0.1377915
57	C	0.441	0.1569507
58	G	0.433	0.1711747
59	C	0.387	0.1927746
60	C	0.038	0.1914612
61	A	-0.262	0.1910875
62	T	-0.228	0.1876573
63	C	0.117	0.2000769
64	A	0.204	0.2060011
65	C	0.435	0.1926992
66	C	0.375	0.1920415
67	C	0.438	0.1943578
68	G	0.178	0.1853542
69	T	0.425	0.17524
70	G	-0.373	0.1686491
71	A	-0.414	0.1769197
72	A	0.220	0.1635568
73	T	0.220	0.1483332
74	C	0.058	0.1315415
75	A	-0.249	0.1274492
76	G	0.258	0.1334534
77	G	0.112	0.1341386
78	T	0.398	0.1295189
79	T	0.176	0.126146
80	C	0.461	0.1115945
81	G	0.243	0.1019075
82	T	0.422	0.09699217
83	C	0.361	0.0962161
84	C	0.473	0.09998336
85	C	0.381	0.09696753
86	A	-0.116	0.09594098
87	C	0.265	0.09626491
88	A	-0.197	0.08434975
89	T	-0.226	0.07830602
90	A	-0.182	0.05797621
91	C	-0.214	0.05884266
92	T	0.241	0.06764818
93	A	-0.241	0.06777063
94	G	-0.235	0.06638954
95	A	-0.258	0.07154222
96	G	0.248	0.0872602
97	C	0.367	0.09018291
98	T	0.444	0.09069527
99	G	0.247	0.06901684
100	A	0.292	0.05933946
101	C	-0.223	0.04865421
102	A	-0.368	0.03662964
103	A	-0.468	0.0226888
104	A	-0.261	0.01357552
105	C	0.275	0.009249545
106	G	0.078	0.008796402
107	C	0.392	0.005271331
108	C	0.388	-0.01230853
109	A	-0.062	-0.01527245
110	T	-0.075	-0.02224755
111	A	-0.427	-0.02266381
112	T	-0.337	-0.02430169
113	T	-0.044	-0.04290698
114	C	0.225	-0.02615967
115	A	0.162	-0.02825967
116	C	0.274	-0.03241598
117	G	0.410	-0.04827981
118	C	0.380	-0.06189926
119	C	0.134	-0.08408943
120	A	-0.511	-0.08440662
121	A	-0.229	-0.08716186
122	G	0.013	-0.07535841
123	G	-0.262	-0.0582406
124	A	-0.162	-0.03579474
125	A	-0.020	-0.020426
126	T	0.292	-0.03654357
127	T	0.362	-0.03535081
128	T	-0.264	-0.05432074
129	T	-0.472	-0.07357436
130	G	-0.322	-0.0725659
131	A	-0.519	-0.07797531
132	A	-0.199	-0.07228821
133	A	-0.283	-0.068312
134	G	-0.539	-0.05578708
135	C	0.461	-0.05219054
136	A	-0.323	-0.06348532
137	A	-0.432	-0.0770742
138	A	-0.418	-0.0899573
139	T	-0.204	-0.1077525
140	A	-0.487	-0.1117172
141	T	0.234	-0.1090815
142	G	0.176	-0.1132063
143	T	0.271	-0.1194955
144	C	0.350	-0.1202531
145	A	0.474	-0.1096184
146	C	0.383	-0.1061241
147	A	-0.401	-0.1162403
148	T	0.128	-0.1217089
149	T	-0.404	-0.1159537
150	A	-0.420	-0.1174844
151	A	-0.019	-0.1026269
152	T	-0.302	-0.09222499
153	G	-0.189	-0.0988784
154	A	-0.170	-0.09102218
155	T	0.481	-0.07858803
156	G	0.376	-0.09863815
157	A	-0.311	-0.1012827
158	T	-0.295	-0.09989137
159	G	-0.130	-0.09998713
160	A	-0.366	-0.09990641
161	C	-0.032	-0.08890662
162	G	-0.400	-0.09221948
163	A	-0.402	-0.09114008
164	T	-0.251	-0.08683979
165	G	-0.293	-0.08675172
166	A	0.283	-0.101354
167	C	0.125	-0.1171067
168	G	-0.132	-0.1170973
169	A	0.132	-0.1295984
170	C	-0.023	-0.1280873
171	G	-0.537	-0.1258018
172	A	0.301	-0.1211694
173	C	-0.082	-0.1244785
174	G	-0.479	-0.1175351
175	A	0.046	-0.1119121
176	C	-0.017	-0.1303262
177	G	-0.380	-0.1505089
178	A	-0.434	-0.1500482
179	A	-0.374	-0.143863
180	G	-0.422	-0.1459799
181	A	-0.201	-0.1449277
182	T	-0.025	-0.1558898
183	G	0.095	-0.1560647
184	G	0.221	-0.1585398
185	T	0.452	-0.15865
186	C	0.354	-0.1564879
187	A	-0.139	-0.1658276
188	G	-0.277	-0.1585148
189	A	-0.400	-0.1449484
190	A	-0.396	-0.1379433
191	A	-0.340	-0.1359246
192	A	-0.324	-0.1161353
193	T	0.174	-0.1143787
194	G	-0.441	-0.1018657
195	A	0.102	-0.08610768
196	T	0.065	-0.08184594
197	T	-0.291	-0.0705389
198	A	-0.471	-0.05018993
199	G	-0.292	-0.03306176
200	G	-0.036	-0.02229579
201	A	-0.219	-0.01589922
202	A	-0.322	-0.02055557
203	A	-0.492	-0.01683992
204	G	-0.408	-0.02192234
205	A	-0.506	-0.0165785
206	A	-0.255	-0.01781136
207	C	-0.203	-0.01691398
208	A	-0.108	-0.01294258
209	C	0.432	-0.01433746
210	C	0.436	-0.01098065
211	C	0.427	-0.002245512
212	T	0.061	0.01626275
213	G	0.294	0.0342588
214	G	0.375	0.04009163
215	C	0.443	0.03954285
216	A	0.182	0.04755206
217	G	0.225	0.05762424
218	C	0.457	0.0742
219	C	0.474	0.08175845
220	T	0.284	0.09613819
221	T	0.077	0.1066731
222	T	-0.153	0.1203048
223	G	-0.396	0.1320161
224	T	0.130	0.1475436
225	T	-0.117	0.1515857
226	G	0.446	0.1518181
227	C	0.400	0.1466007
228	T	0.392	0.1504273
229	A	0.027	0.1518223
230	G	-0.336	0.1509811
231	A	-0.260	0.1505432
232	A	-0.029	0.1393397
233	T	0.436	0.1257126
234	C	0.431	0.1075306
235	T	0.419	0.09745105
236	G	-0.464	0.09335153
237	C	0.438	0.09098226
238	T	0.488	0.08560767
239	C	0.404	0.06816888
240	A	-0.153	0.05426579
241	T	0.311	0.04716838
242	G	0.406	0.05106841
243	G	0.352	0.06591757
244	G	0.169	0.06861843
245	C	0.159	0.05989124
246	A	-0.238	0.05946748
247	A	-0.497	0.052154
248	A	-0.474	0.03536607
249	T	-0.042	0.02222326
250	G	-0.049	0.01154929
251	G	0.397	0.01744987
252	C	0.418	0.0253916
253	A	-0.043	0.03561923
254	A	-0.510	0.01775306
255	A	-0.469	-0.003466867
256	G	-0.047	-0.0242472
257	C	0.270	-0.01821108
258	T	0.082	-0.03845351
259	A	0	-0.04125644
 260	T	-0.274	-0.04225015
261	T	-0.109	-0.02826363
262	C	-0.013	-0.02916049
263	A	0.241	-0.04499234
264	C	0.470	-0.05242235
265	A	-0.283	-0.05834725
266	T	-0.235	-0.05835271
267	G	-0.135	-0.05522606
268	G	0.138	-0.03341902
269	A	-0.304	-0.01649623
270	A	-0.159	-0.01081344
271	G	-0.420	-0.0138817
272	A	-0.088	-0.0307417
273	C	0.073	-0.05131598
274	A	0.399	-0.05712744
275	T	-0.313	-0.05158544
276	T	-0.459	-0.0436201
277	A	-0.453	-0.04208578
278	A	-0.211	-0.04348832
279	A	-0.411	-0.03535744
280	C	0.371	-0.02399522
281	C	0.362	-0.007919819
282	A	0.433	-0.0042084
283	T	0.274	-0.004361743
284	C	-0.258	-0.0134522
285	A	0.040	-0.03251508
286	A	-0.079	-0.0286611
287	C	0.159	-0.01782922
288	A	-0.107	-0.01236234
289	C	0.418	-0.0197905
290	C	0.235	-0.01302822
291	G	0.196	-0.009226312
292	T	-0.178	0.01078419
293	A	-0.310	0.02206044
294	G	-0.445	0.02829102
295	T	-0.287	0.02379656
296	A	-0.277	0.04106083
297	T	-0.134	0.06128861
298	T	0.016	0.08390206
299	C	0.212	0.09843223
300	C	0.424	0.1158647
301	T	0.477	0.1097201
302	G	0.400	0.1036368
303	T	0.045	0.1003654
304	T	-0.019	0.09514927
305	T	-0.140	0.1010484
306	G	-0.330	0.107153
307	A	-0.121	0.1104592
308	T	0.219	0.1095775
309	C	0.093	0.1162503
310	T	-0.173	0.1116381
311	G	-0.020	0.1035428
312	A	0	0.1037429
 313	G	0.419	0.1074238
314	C	0.385	0.1243478
315	C	0.335	0.1370893
316	T	0.210	0.1469469
317	G	0.411	0.1638819
318	G	0.390	0.1776483
319	G	0.496	0.1853444
320	G	0.399	0.1893923
321	T	0.320	0.177098
322	C	0.112	0.1545342
323	A	0.107	0.1381049
324	C	0.296	0.1261047
325	T	0.055	0.1162953
326	G	-0.010	0.1095317
327	T	0.297	0.118395
328	G	0.059	0.1179017
329	T	0.122	0.106689
330	C	0.173	0.09459264
331	A	0.225	0.08649893
332	G	-0.104	0.0777029
333	G	0.204	0.0721024
334	A	-0.024	0.05034843
335	C	0.400	0.03136562
336	T	0.089	0.01920235
337	G	0.126	0.005142117
338	C	0.433	0.0003362833
339	C	0.443	0.003119974
340	G	0.339	-0.009353452
341	G	0.382	-0.009009024
342	T	-0.091	-0.01539403
343	G	-0.470	-0.0303913
344	A	-0.289	-0.04557399
345	A	-0.458	-0.06209851
346	G	-0.431	-0.07463517
347	A	-0.424	-0.08456789
348	A	0.041	-0.1030155
349	G	-0.142	-0.1145546
350	A	-0.251	-0.1301997
351	G	-0.414	-0.1402425
352	A	-0.512	-0.1551929
353	A	-0.389	-0.1568014
354	A	-0.235	-0.1708179
355	G	-0.493	-0.1610033
356	T	-0.412	-0.1661592
357	A	-0.175	-0.1668294
358	A	-0.379	-0.1778526
359	C	0.209	-0.1850998
360	T	0.507	-0.1861918
361	C	-0.027	-0.1842008
362	A	0.413	-0.1909851
363	C	0.052	-0.1805514
364	A	-0.516	-0.1601628
365	A	-0.530	-0.1521485
366	A	-0.397	-0.1429878
367	G	-0.471	-0.139538
368	A	-0.428	-0.1224535
369	A	-0.477	-0.1198066
370	A	-0.425	-0.1251838
371	A	-0.535	-0.124524
372	A	-0.248	-0.104482
373	T	-0.402	-0.09226814
374	G	-0.171	-0.07778395
375	A	-0.383	-0.06256485
376	C	0.388	-0.05160447
377	A	0.183	-0.03375111
378	C	0.061	-0.02988652
379	G	-0.336	-0.02497783
380	T	0.129	-0.03203023
381	T	0.397	-0.03962706
382	C	0.423	-0.02863159
383	T	0.097	-0.03317723
384	C	0.346	-0.02616691
385	C	0.385	-0.02041779
386	A	0.046	-0.001367864
387	G	-0.073	0.01049223
388	G	-0.286	0.02089357
389	A	0.293	0.03870774
390	T	0.153	0.0385921
391	C	-0.368	0.04645423
392	A	-0.224	0.06904987
393	C	0.427	0.07281292
394	A	0	0.09050319
 395	C	0.218	0.09903592
396	A	0.403	0.1048754
397	G	-0.033	0.1016173
398	G	0.337	0.08597592
399	G	-0.013	0.07559903
400	T	-0.173	0.0736888
401	A	-0.086	0.0628808
402	T	0.187	0.05540749
403	C	0.434	0.03618678
404	C	0.222	0.04356304
405	A	0.347	0.04571733
406	G	-0.275	0.04792285
407	T	0.269	0.05638005
408	G	0.100	0.06383759
409	C	-0.034	0.07506401
410	A	0.320	0.07630637
411	C	-0.482	0.07094275
412	A	-0.094	0.0877762
413	C	0.413	0.1034742
414	A	-0.090	0.0969978
415	T	0.340	0.1015973
416	C	0.186	0.1053233
417	T	-0.138	0.106273
418	G	0.251	0.1131941
419	A	-0.473	0.1127043
420	A	-0.374	0.1130214
421	G	-0.416	0.1044147
422	A	-0.324	0.0944812
423	T	0.083	0.08033298
424	T	-0.383	0.06536308
425	C	0.406	0.05785934
426	C	0.436	0.04340396
427	T	0.478	0.04710444
428	C	0.402	0.02932586
429	T	0.239	0.03207255
430	C	0.184	0.0423705
431	C	0.345	0.04581581
432	T	-0.072	0.06841776
433	G	0.338	0.07745696
434	C	0.435	0.06760054
435	C	0.155	0.06274436
436	A	0.193	0.04737748
437	G	0.375	0.04936741
438	C	0.443	0.05048638
439	C	0.257	0.04063564
440	C	0.317	0.06160314
441	T	0	0.08016576
 442	T	-0.534	0.09939238
443	A	-0.504	0.1181208
444	G	-0.406	0.1279283
445	A	-0.194	0.1440228
446	G	-0.092	0.1250483
447	T	-0.259	0.1040941
448	G	-0.120	0.09678344
449	A	-0.476	0.08918483
450	A	0.215	0.08744414
451	T	0.397	0.08414054
452	C	0.464	0.06489775
453	T	0.466	0.06913975
454	G	0.284	0.0601416
455	T	0	0.04288077
 456	G	-0.294	0.03167318
457	A	-0.305	0.0333643
458	A	0.270	0.03297175
459	T	-0.091	0.009992414
460	G	-0.162	0.0147368
461	T	0.407	0.0071862
462	G	0.405	0.01016527
463	G	0.390	0.01379527
464	C	0.461	0.01284901
465	T	0.495	0.02332681
466	G	0.292	0.02456295
467	T	-0.389	0.01442405
468	T	-0.443	0.0141376
469	C	0.171	0.006422145
470	T	0.083	0.02882636
471	G	0.166	0.03429938
472	A	0.045	0.03508417
473	G	-0.462	0.03332872
474	A	0.105	0.0291801
475	T	-0.039	0.03061391
476	T	-0.289	0.03949443
477	A	-0.315	0.05683415
478	C	0.264	0.07106843
479	C	0.358	0.07344384
480	A	-0.521	0.08674489
481	C	0.456	0.0999621
482	C	0	0.09309727
 483	A	0.125	0.09459763
484	T	-0.382	0.09593875
485	A	-0.543	0.07754903
486	T	0.033	0.05684151
487	C	-0.142	0.05831506
488	A	-0.518	0.07591591
489	A	-0.272	0.0849201
490	G	-0.444	0.07960935
491	C	0.464	0.08169356
492	T	0.445	0.08765065
493	T	0.430	0.07684725
494	G	0.391	0.09634075
495	G	0.292	0.09601499
496	G	0.344	0.1039356
497	C	0.372	0.1190471
498	A	0.433	0.1323071
499	T	0.292	0.1197113
500	C	0.370	0.1184032
501	C	0.466	0.1237659
502	T	0.392	0.1162903
503	T	0.119	0.1272852
504	T	0.468	0.1334639
505	C	0.447	0.1438857
506	T	-0.310	0.1618203
507	T	-0.374	0.1703579
508	A	0.354	0.1853779
509	C	0.349	0.1965149
510	A	-0.065	0.198005
511	C	-0.051	0.2044865
512	T	0.170	0.2039276
513	C	0.417	0.2002952
514	A	-0.407	0.1939457
515	G	0.355	0.1795884
516	C	0.092	0.1813336
517	T	0.293	0.1823526
518	C	0.344	0.1850689
519	T	0.241	0.1853105
520	G	-0.264	0.1867385
521	T	0.303	0.1763043
522	T	-0.296	0.1612887
523	T	0.142	0.1483949
524	C	0.461	0.1385401
525	T	0.384	0.1277835
526	A	0.055	0.1189339
527	G	0.209	0.1233262
528	C	0.392	0.1322384
529	T	0.488	0.1198574
530	C	-0.050	0.1217879
531	A	-0.209	0.1238809
532	T	-0.171	0.1179886
533	C	0.440	0.101493
534	T	0.293	0.08080624
535	T	0.164	0.08254305
536	G	-0.211	0.070084
537	C	0.365	0.06788836
538	C	0.387	0.06089707
539	T	0.487	0.05418475
540	C	0.443	0.04039182
541	T	0.352	0.0518613
542	C	-0.068	0.04961473
543	A	-0.163	0.06420442
544	C	-0.148	0.06783201
545	A	-0.294	0.06866427
546	G	0.016	0.05301208
547	T	0.075	0.0541985
548	G	-0.126	0.05106671
549	C	0	0.03601614
 550	A	-0.165	0.03379821
551	A	0.430	0.04309218
552	C	0.022	0.05578161
553	T	-0.299	0.06504354
554	A	-0.522	0.06391556
555	A	-0.451	0.06390958
556	G	-0.334	0.04756501
557	A	-0.167	0.05799268
558	G	0	0.05840058
 559	C	0	0.04103273
 560	A	0.062	0.02750843
561	A	-0.337	0.01751713
562	G	0.216	0.003562586
563	C	0.209	0.0098839
564	T	0.316	0.02103928
565	C	0.294	0.03453692
566	C	0.496	0.05214095
567	G	-0.272	0.06390178
568	T	0.105	0.05436625
569	A	0.077	0.0507579
570	C	-0.239	0.04440768
571	G	0.395	0.03732325
572	C	0.339	0.01756282
573	T	0.323	0.005859219
574	G	0.217	0.002634124
575	C	0.393	0.005676981
576	T	0.292	0.02279329
577	T	-0.522	0.03815417
578	T	0.226	0.05273165
579	C	0.383	0.06328481
580	A	-0.341	0.07427572
581	C	-0.080	0.06990238
582	C	0.024	0.07889245
583	G	-0.233	0.0777015
584	T	0.197	0.07225938
585	A	0.304	0.07100845
586	C	0.418	0.07430984
587	C	0.444	0.07016791
588	T	0.510	0.08716819
589	T	-0.325	0.0921791
590	A	-0.277	0.09786703
591	A	-0.266	0.1134095
592	G	-0.463	0.1128186
593	G	-0.399	0.1075456
594	A	-0.468	0.09675008
595	A	-0.434	0.1021262
596	A	-0.394	0.09789489
597	C	0.267	0.09896584
598	C	0.310	0.1184682
599	C	0.444	0.1217915
600	T	0.443	0.1236446
601	C	0.461	0.1411637
602	C	-0.120	0.1410799
603	A	0.040	0.1511899
604	C	0.166	0.1686388
605	G	-0.019	0.1526764
606	G	0.264	0.1372268
607	C	0.433	0.1264908
608	C	0.322	0.1048244
609	C	0.441	0.1007558
610	T	0.315	0.1068037
611	G	0.316	0.1122091
612	T	0.413	0.1233924
613	C	0.370	0.1470583
614	T	0.118	0.164717
615	A	-0.129	0.1700155
616	T	0.442	0.1677546
617	C	0.215	0.1808057
618	T	0.337	0.1820416
619	T	0.296	0.1827737
620	C	0.365	0.1808864
621	C	0.460	0.175867
622	T	0.394	0.1723617
623	G	-0.084	0.1774598
624	C	0.448	0.1863946
625	T	0.499	0.1866945
626	G	-0.473	0.1762115
627	A	-0.344	0.1671024
628	A	-0.032	0.1543841
629	G	-0.465	0.155715
630	T	0.339	0.152142
631	T	-0.071	0.1448793
632	G	-0.050	0.1490922
633	A	0.202	0.1417014
634	C	0.530	0.1264995
635	T	0.342	0.1252157
636	A	-0.246	0.1230566
637	A	-0.529	0.10481
638	G	0.153	0.08889203
639	G	0.318	0.07381976
640	T	0.341	0.05790165
641	C	0.365	0.05902703
642	A	0.232	0.05452119
643	G	0.314	0.03467329
644	C	0.093	0.04153171
645	C	0.415	0.04057797
646	A	0.179	0.03889975
647	C	-0.459	0.05499435
648	A	-0.118	0.06807042
649	G	-0.100	0.07709979
650	T	0.378	0.09511191
651	G	0.291	0.09753541
652	G	0.010	0.1088962
653	G	0.493	0.118959
654	G	0.102	0.1186195
655	A	-0.267	0.1149458
656	A	0.064	0.1003797
657	T	-0.220	0.09985488
658	G	-0.323	0.1110319
659	A	-0.453	0.114432
660	G	-0.295	0.107509
661	A	-0.371	0.109447
662	T	0.412	0.09688282
663	C	0.271	0.101386
664	T	-0.439	0.1046498
665	G	0.203	0.1110481
666	C	0.408	0.1100032
667	T	0.428	0.1127713
668	T	0.202	0.1321381
669	C	0.205	0.1339348
670	T	0.346	0.1308767
671	T	0.291	0.1176384
672	C	0.441	0.1188504
673	C	0.406	0.1249071
674	T	0.371	0.1176918
675	C	0.188	0.1158042
676	C	0.376	0.1165972
677	A	-0.269	0.1161097
678	C	-0.268	0.1283842
679	T	-0.060	0.139395
680	C	0.296	0.1548724
681	G	0.028	0.1692288
682	T	0.422	0.1876534
683	G	-0.162	0.1876996
684	T	0.421	0.1885509
685	G	0.451	0.2076065
686	C	0.362	0.2116517
687	A	0.371	0.2108918
688	C	0.295	0.2043324
689	C	0.353	0.2052079
690	T	-0.042	0.2072573
691	T	-0.229	0.2065441
692	A	-0.177	0.2046564
693	G	0.342	0.1941492
694	C	0.264	0.1946235
695	T	0.190	0.19592
696	T	0.023	0.2014311
697	T	-0.234	0.2014535
698	G	0.043	0.2151414
699	C	0.294	0.2231584
700	A	0.139	0.2252275
701	G	0.196	0.210424
702	C	0.307	0.2213465
703	C	0.402	0.1982359
704	C	0.414	0.1890507
705	C	0.307	0.1747857
706	C	0.360	0.1722343
707	C	0.373	0.1672226
708	T	0.376	0.1622895
709	C	0.153	0.1580604
710	C	0.239	0.1572928
711	C	0.291	0.1683456
712	C	0.316	0.1794103
713	T	0.211	0.1840844
714	G	0	0.1664247
 715	C	0.426	0.1615056
716	T	0.426	0.1485637
717	G	0.420	0.1378951
718	C	0.377	0.137367
719	C	0.305	0.1289352
720	T	0.068	0.1169433
721	T	0.026	0.1210182
722	C	-0.325	0.1263246
723	T	0.486	0.1313229
724	T	-0.548	0.1253503
725	T	-0.547	0.1240174
726	G	-0.177	0.1269943
727	G	0.344	0.1228602
728	G	0.151	0.1206781
729	T	0.164	0.1175346
730	G	0.118	0.1200656
731	C	0.321	0.1049681
732	T	0.421	0.105968
733	C	0.235	0.09098034
734	G	0.018	0.08649692
735	G	-0.399	0.08680797
736	T	0.058	0.08297835
737	A	-0.352	0.08016768
738	G	-0.424	0.07855599
739	A	-0.256	0.07828594
740	A	-0.310	0.07695687
741	T	-0.208	0.08087096
742	G	0.310	0.07029447
743	C	0.419	0.06897695
744	C	0.517	0.06943066
745	G	0.151	0.07750597
746	A	0.358	0.08881317
747	C	0.432	0.09897846
748	T	0.187	0.1020734
749	C	0.281	0.09425691
750	C	0.244	0.08123946
751	A	0.259	0.06643263
752	G	-0.394	0.05942178
753	T	0.333	0.05172163
754	T	-0.313	0.05437749
755	G	0.023	0.06318576
756	A	0.013	0.0824535
757	C	0.265	0.09133688
758	C	0.308	0.1101099
759	C	0.352	0.1268516
760	C	0.365	0.1438212
761	T	0.249	0.1550983
762	T	0.232	0.1720174
763	G	-0.417	0.1759126
764	A	-0.380	0.164676
765	T	0.506	0.1401954
766	C	-0.209	0.1304935
767	A	-0.072	0.1138929
768	C	0.249	0.092607
769	C	0.474	0.09254767
770	G	-0.176	0.08985865
771	A	-0.382	0.08090853
772	G	-0.503	0.07192841
773	A	0.027	0.07174695
774	C	0.097	0.07369915
775	G	0.347	0.08725822
776	T	0.388	0.09146685
777	C	0.409	0.1021343
778	C	0.431	0.1070057
779	C	0.435	0.09278655
780	C	0.278	0.08965547
781	A	0.456	0.07585616
782	C	0.163	0.06046385
783	T	0.501	0.05855814
784	C	0.473	0.06278681
785	A	-0.052	0.07054944
786	T	-0.510	0.04850592
787	A	-0.256	0.0435744
788	G	-0.338	0.03714586
789	A	-0.461	0.0185256
790	C	0.184	0.006569969
791	T	0.168	0.0124867
792	G	-0.131	0.02993651
793	A	-0.117	0.04902149
794	T	-0.402	0.05956264
795	G	0.415	0.06720884
796	C	0.256	0.07016219
797	T	0.200	0.07084874
798	C	0.461	0.05466217
799	T	0.469	0.03771524
800	G	-0.288	0.02119503
801	T	0.221	0.004752502
802	T	-0.213	-0.01276555
803	T	-0.397	-0.02334957
804	A	0.152	-0.03498362
805	T	-0.239	-0.04175257
806	C	-0.054	-0.03406791
807	A	-0.419	-0.01727674
808	T	-0.416	-0.003375148
809	A	-0.342	0.006421662
810	A	-0.532	0.007364781
811	G	-0.027	-0.009111886
812	G	0.071	-0.007394124
813	G	0.350	-0.01509053
814	G	0.297	-0.02000274
815	T	0.469	-0.01277212
816	C	0.419	-0.03269835
817	A	0.471	-0.03249297
818	C	0.417	-0.03691255
819	T	-0.270	-0.0471132
820	A	-0.280	-0.05533765
821	A	-0.258	-0.0361336
822	A	-0.412	-0.05256363
823	T	-0.279	-0.05785798
824	A	-0.281	-0.05698198
825	T	0.013	-0.06662477
826	T	0.189	-0.06606265
827	T	0.270	-0.07150569
828	G	0.194	-0.07007031
829	C	0.327	-0.06774598
830	T	0.073	-0.0650574
831	A	-0.421	-0.04865524
832	A	-0.507	-0.04413177
833	A	0.241	-0.0368981
834	T	-0.454	-0.03367362
835	G	-0.323	-0.03274277
836	A	-0.098	-0.05068765
837	G	-0.421	-0.07090793
838	T	0.265	-0.08212474
839	G	0.014	-0.09820639
840	G	0.032	-0.09941308
841	A	0.124	-0.09977981
842	T	0.517	-0.0853231
843	G	-0.469	-0.06551046
844	A	-0.436	-0.04878586
845	A	-0.360	-0.04170013
846	A	-0.252	-0.03259294
847	T	-0.216	-0.04856904
848	T	-0.283	-0.06225515
849	A	-0.359	-0.07497656
850	T	-0.318	-0.08091707
851	T	-0.229	-0.09425007
852	T	0.156	-0.07341088
853	C	0.162	-0.05704295
854	A	0.375	-0.0637781
855	C	0.485	-0.06242777
856	C	0.336	-0.06537368
857	A	-0.283	-0.06951797
858	A	-0.430	-0.06696016
859	G	0	-0.06777878
 860	G	-0.257	-0.05993132
861	A	-0.320	-0.05585434
862	T	-0.295	-0.04787041
863	A	0.348	-0.05062451
864	C	0.419	-0.03521291
865	A	0.422	-0.01545384
866	C	0.016	0.002902017
867	T	0.395	0.01809535
868	G	-0.481	0.02400094
869	A	-0.304	0.02877224
870	A	-0.339	0.03306265
871	A	0.078	0.04644053
872	G	-0.486	0.05894231
873	A	0.453	0.06260536
874	C	0.180	0.06833862
875	T	-0.041	0.07142603
876	T	-0.397	0.05042398
877	A	-0.447	0.03161519
878	A	-0.272	0.0311181
879	A	-0.314	0.03162465
880	T	0.230	0.02071655
881	C	0.344	0.01890281
882	T	0.203	0.02059829
883	C	0.459	0.017695
884	C	0.402	0.01304784
885	T	0.178	0.005095871
886	T	0.393	0.0001980857
887	C	0.410	0.006055714
888	C	0.385	0.005753857
889	A	0.031	0.02800364
890	C	-0.082	0.0389471
891	A	-0.179	0.04087864
892	T	0.243	0.03447137
893	T	0.295	0.04449607
894	T	0.310	0.02741278
895	C	0.402	0.01820271
896	C	0.505	0.01163925
897	T	-0.396	0.03007644
898	A	-0.453	0.03114858
899	A	-0.304	0.03244029
900	A	-0.408	0.03259241
901	A	-0.458	0.02709958
902	A	-0.333	0.01409713
903	T	-0.249	-0.0004606357
904	G	-0.417	-0.0192293
905	T	0.153	-0.03828373
906	T	0.086	-0.05272704
907	C	0.217	-0.0725498
908	T	0.262	-0.07206868
909	T	0.383	-0.07138661
910	C	0.452	-0.06783046
911	T	0.155	-0.0552045
912	T	-0.258	-0.03968634
913	T	-0.190	-0.052005
914	T	-0.065	-0.06798372
915	T	-0.264	-0.08630019
916	T	-0.206	-0.1075137
917	G	-0.317	-0.1322912
918	T	0.376	-0.1354435
919	T	-0.402	-0.1352285
920	A	-0.218	-0.1396738
921	A	-0.307	-0.1280265
922	T	0	-0.1105241
 923	G	-0.201	-0.1025755
924	A	-0.407	-0.08669484
925	G	-0.328	-0.0726741
926	A	-0.398	-0.07847828
927	A	-0.428	-0.08692067
928	A	-0.438	-0.09439915
929	C	0.430	-0.1050217
930	T	0.414	-0.1164557
931	T	0.181	-0.1183303
932	C	0.447	-0.1251395
933	T	0.472	-0.121014
934	G	-0.274	-0.1219551
935	A	-0.376	-0.1194925
936	A	-0.459	-0.1026231
937	T	-0.488	-0.1031199
938	A	-0.535	-0.0955602
939	A	-0.528	-0.09306463
940	G	-0.444	-0.07332844
941	G	-0.491	-0.07055208
942	A	0.080	-0.07191603
943	T	0.276	-0.0689476
944	T	0	-0.0547361
 945	C	0.417	-0.03917077
946	T	0.171	-0.02811913
947	T	-0.090	-0.0075787
948	A	-0.268	0.01364756
949	T	-0.097	0.02836075
950	G	-0.183	0.02553809
951	A	-0.097	0.02609097
952	T	0.374	0.01954067
953	T	-0.130	0.003207264
954	T	-0.085	-0.01674583
955	G	-0.230	-0.01652202
956	T	0.037	-0.01298928
957	T	0.444	0.001878645
958	A	-0.227	0.007535931
959	T	0	0.02700369
 960	A	0.481	0.04391245
961	T	0.426	0.0561055
962	T	-0.101	0.06703676
963	T	-0.365	0.06858057
964	T	0.124	0.05879305
965	A	0.395	0.06015105
966	T	0.246	0.06198938
967	G	0.135	0.06374541
968	C	0.464	0.05818516
969	T	0.463	0.06457966
970	T	0.179	0.06054302
971	C	0.312	0.06038514
972	T	0.437	0.05807172
973	T	-0.093	0.05379613
974	T	-0.238	0.06435113
975	T	-0.365	0.07850793
976	T	-0.264	0.095199
977	T	-0.227	0.1047228
978	A	0.165	0.09315046
979	A	-0.250	0.09098263
980	C	0.282	0.09840932
981	T	0.181	0.08438318
982	T	0.068	0.07192722
983	A	-0.032	0.07434605
984	T	0.145	0.07872829
985	G	-0.134	0.07955798
986	T	0.057	0.07075401
987	A	0.494	0.07568247
988	T	0.244	0.06609568
989	T	-0.323	0.0474827
990	T	0	0.02411361
 991	A	-0.266	0.02450199
992	T	-0.190	0.02548866
993	T	-0.194	0.02570706
994	T	0.194	0.03393531
995	G	0.312	0.03150874
996	C	0.509	0.0412405
997	T	0.470	0.04783393
998	A	0.437	0.06020421
999	T	-0.041	0.06465648
1000	G	-0.318	0.07967212
1001	T	0.311	0.07984369
1002	T	-0.107	0.0858949
1003	G	-0.096	0.09489802
1004	A	0	0.08817781
 1005	G	-0.181	0.0909281
1006	G	0.159	0.1046062
1007	G	0.025	0.1138734
1008	T	0.453	0.1031293
1009	T	-0.267	0.1042669
1010	G	-0.317	0.1197897
1011	A	-0.518	0.1245593
1012	A	0.195	0.1393692
1013	C	0.353	0.1489456
1014	C	0.446	0.1617946
1015	C	0.251	0.1542324
1016	A	-0.340	0.14099
1017	T	0.043	0.117333
1018	T	0.012	0.0941802
1019	G	0.291	0.09293175
1020	C	0.352	0.1045662
1021	C	0.380	0.1218443
1022	T	0.289	0.1238195
1023	C	0.435	0.1334236
1024	C	0.446	0.1460443
1025	A	-0.314	0.1555167
1026	G	0.260	0.1598285
1027	C	0.440	0.1662261
1028	T	0.446	0.1626223
1029	T	0.043	0.1540034
1030	G	0.292	0.1556118
1031	C	0.328	0.1631666
1032	T	0.200	0.1681988
1033	A	0.355	0.1738116
1034	G	0.211	0.1612984
1035	G	0.345	0.1450084
1036	C	-0.122	0.1259536
1037	A	-0.243	0.1320821
1038	A	-0.484	0.1400095
1039	A	-0.501	0.1489265
1040	T	0.385	0.1520784
1041	C	0.446	0.1537407
1042	C	0.407	0.1556833
1043	T	0.394	0.153476
1044	C	0.295	0.1431033
1045	T	0.433	0.1392015
1046	T	0.397	0.1533254
1047	C	0	0.1575765
 1048	C	0.428	0.1552951
1049	A	-0.126	0.1507855
1050	T	0.091	0.1391096
1051	G	-0.199	0.1242266
1052	G	0	0.1035718
 1053	A	-0.307	0.09305191
1054	A	0.431	0.0940292
1055	C	-0.171	0.09993808
1056	A	-0.237	0.09058107
1057	A	-0.548	0.08497145
1058	C	-0.082	0.09910512
1059	G	0.376	0.1158936
1060	T	0.386	0.1241678
1061	C	0.424	0.1147509
1062	C	0.422	0.1091156
1063	C	0.461	0.09862912
1064	C	0.196	0.08744975
1065	A	0	0.07623289
 1066	T	0.282	0.05402263
1067	G	0.278	0.03270105
1068	C	0.439	0.02035139
1069	C	0.344	-0.001465517
1070	C	0.256	0.003484
1071	A	-0.447	0.009457402
1072	A	-0.332	0.01616731
1073	A	-0.539	0.01751599
1074	A	-0.241	0.0325469
1075	C	0.396	0.03292211
1076	T	0.460	0.04692956
1077	T	-0.047	0.05654397
1078	G	-0.358	0.07994428
1079	C	0.350	0.09288686
1080	T	0.221	0.08843603
1081	A	-0.154	0.09076084
1082	T	-0.010	0.08727936
1083	G	0.210	0.06734379
1084	T	-0.033	0.05194777
1085	T	-0.074	0.04726232
1086	T	-0.175	0.04824478
1087	T	-0.499	0.05179883
1088	A	-0.497	0.05499185
1089	A	-0.518	0.05504957
1090	A	-0.488	0.05700685
1091	G	0.081	0.055625
1092	T	0.342	0.06944355
1093	T	0.082	0.07710022
1094	G	0.056	0.08239163
1095	C	0.324	0.07716465
1096	C	0.446	0.05469313
1097	A	0.416	0.03249808
1098	T	0.166	0.02898638
1099	C	0.434	0.03104111
1100	T	0.460	0.03157966
1101	G	0.189	0.0378504
1102	T	0.484	0.053654
1103	C	0.278	0.05661132
1104	A	-0.415	0.04134982
1105	A	-0.184	0.03372695
1106	G	0	0.02348839
 1107	T	0.041	0.01832506
1108	C	0.431	0.03160629
1109	A	0.412	0.04345553
1110	G	0.441	0.06360677
1111	G	0.426	0.06574805
1112	G	0.198	0.05883187
1113	T	0.133	0.05935432
1114	T	-0.010	0.04819856
1115	T	-0.316	0.04057021
1116	T	-0.461	0.0433828
1117	A	-0.547	0.03771819
1118	A	-0.472	0.02339776
1119	A	-0.195	0.01015033
1120	T	-0.272	-0.009188386
1121	G	0.372	-0.03028965
1122	T	0.484	-0.02685665
1123	C	0.509	-0.03445753
1124	T	0.113	-0.03040715
1125	A	-0.430	-0.0100805
1126	T	-0.353	-0.001824814
1127	G	-0.504	0.006677043
1128	A	-0.392	0.01840315
1129	A	0.058	0.0141161
1130	G	0	0.002047907
 1131	C	0.327	-0.01280669
1132	A	-0.398	-0.03113919
1133	A	-0.208	-0.04095264
1134	T	0.364	-0.05321657
1135	T	-0.386	-0.06198577
1136	G	-0.263	-0.06464572
1137	C	0.442	-0.06521049
1138	A	0.209	-0.05947558
1139	T	-0.184	-0.04033008
1140	T	-0.389	-0.04708289
1141	T	-0.378	-0.05206099
1142	A	-0.425	-0.07057896
1143	A	0.333	-0.09100572
1144	C	0.165	-0.1118136
1145	T	0.448	-0.1071964
1146	C	0.438	-0.1048277
1147	T	0.161	-0.1050557
1148	G	0.357	-0.09649718
1149	C	0.533	-0.08256689
1150	T	0.251	-0.08273764
1151	A	-0.094	-0.08509009
1152	T	-0.182	-0.0975489
1153	T	-0.343	-0.1002344
1154	C	-0.213	-0.1012906
1155	A	-0.381	-0.1181698
1156	A	-0.379	-0.09940078
1157	A	-0.428	-0.1023332
1158	G	-0.484	-0.1131371
1159	A	-0.306	-0.1279111
1160	T	0.332	-0.1312419
1161	A	-0.478	-0.1266722
1162	A	-0.481	-0.1266056
1163	T	-0.404	-0.126088
1164	A	-0.373	-0.1422178
1165	A	-0.364	-0.1513042
1166	C	0.307	-0.1622718
1167	A	-0.331	-0.1606217
1168	G	-0.363	-0.155198
1169	A	-0.145	-0.1655867
1170	A	0.192	-0.1816148
1171	T	0.051	-0.190151
1172	T	-0.098	-0.1869628
1173	T	-0.195	-0.1797971
1174	A	-0.510	-0.1671768
1175	T	-0.253	-0.156512
1176	A	-0.344	-0.1567297
1177	G	0.402	-0.1537083
1178	A	-0.386	-0.1432315
1179	A	-0.011	-0.1216413
1180	A	-0.411	-0.1130917
1181	T	-0.324	-0.1207411
1182	T	-0.197	-0.1025832
1183	T	-0.375	-0.09300167
1184	A	-0.403	-0.08825438
1185	A	-0.344	-0.07710316
1186	T	-0.216	-0.06168376
1187	T	-0.012	-0.06056831
1188	C	0.507	-0.06125466
1189	T	0.389	-0.05848205
1190	T	-0.079	-0.06271993
1191	A	-0.139	-0.07222226
1192	G	-0.106	-0.08021333
1193	T	0.039	-0.0868037
1194	G	0.118	-0.09242703
1195	T	0.186	-0.07677941
1196	T	0.234	-0.06237739
1197	G	-0.390	-0.04371401
1198	G	-0.252	-0.04637158
1199	G	0.011	-0.0411552
1200	A	0.422	-0.04514829
1201	C	0.052	-0.02894145
1202	A	0.010	-0.02686217
1203	C	0.283	-0.03347088
1204	C	-0.078	-0.02540963
1205	A	-0.205	-0.01964365
1206	A	0.094	-0.0192076
1207	C	0.283	-0.02472594
1208	T	0.354	-0.01415666
1209	T	-0.360	-0.01514325
1210	A	-0.246	-0.01312402
1211	A	-0.323	-0.002921593
1212	C	-0.206	-0.002609379
1213	A	-0.284	0.008009074
1214	T	-0.375	0.0014188
1215	A	-0.431	0.008328848
1216	G	0.146	0.0125444
1217	G	0.351	0.01393328
1218	G	0.438	0.03060718
1219	T	0.290	0.04176449
1220	G	-0.167	0.04623469
1221	G	-0.179	0.04670385
1222	C	0.269	0.05684037
1223	A	-0.237	0.057485
1224	A	-0.475	0.05509252
1225	A	-0.036	0.06400678
1226	T	-0.161	0.05854511
1227	G	-0.325	0.06180699
1228	A	-0.448	0.04595177
1229	C	0.431	0.03991044
1230	T	0.466	0.05292132
1231	C	0.474	0.0695447
1232	T	0.349	0.08425215
1233	T	-0.126	0.09725191
1234	T	0.338	0.1120428
1235	G	-0.236	0.1264355
1236	C	0.408	0.1464208
1237	T	0.363	0.1444328
1238	C	0.292	0.137009
1239	T	0.309	0.1234133
1240	G	0.216	0.109016
1241	G	0.199	0.1038176
1242	C	0.441	0.106164
1243	C	0.478	0.09662107
1244	A	0.037	0.08976229
1245	G	0.183	0.09483486
1246	T	0.295	0.08992104
1247	T	-0.434	0.08387292
1248	G	0.231	0.08157725
1249	A	-0.382	0.08671344
1250	T	0.100	0.06902618
1251	G	0.186	0.04588973
1252	C	0.451	0.02157244
1253	C	0.294	0.007389298
1254	T	0.339	0.007066631
1255	A	0.336	0.0008698286
1256	G	0.228	0.01102145
1257	C	0.407	0.01137135
1258	T	0.062	0.0115405
1259	G	0.040	0.009823614
1260	A	-0.132	0.0007556357
1261	G	-0.314	-0.002124776
1262	A	-0.386	-0.006272045
1263	C	-0.080	-0.0121839
1264	A	-0.131	-0.020047
1265	A	-0.525	-0.01178123
1266	A	-0.262	-0.00579416
1267	A	-0.243	-0.002706112
1268	G	-0.415	0.01810515
1269	T	-0.422	0.02118422
1270	A	-0.232	0.0356632
1271	T	-0.311	0.04265205
1272	T	-0.505	0.0458352
1273	A	-0.546	0.03877034
1274	A	-0.246	0.03643236
1275	G	-0.139	0.03831851
1276	G	0.078	0.01777089
1277	T	0.189	0.01786886
1278	G	0.423	0.00222915
1279	T	0.370	0.00817746
1280	C	0.220	0.00977736
1281	A	-0.071	0.02000374
1282	G	0.095	0.03479298
1283	A	0.025	0.04856203
1284	G	0.193	0.05471637
1285	G	0.148	0.05120392
1286	C	0.385	0.06323783
1287	T	0.434	0.0709789
1288	C	0.425	0.07211397
1289	C	0.439	0.08729737
1290	T	0.361	0.0948732
1291	C	0.225	0.1036758
1292	C	0.394	0.1015803
1293	C	0.320	0.1208413
1294	G	0.154	0.1420705
1295	C	0.196	0.1580908
1296	A	0.418	0.1670611
1297	T	-0.526	0.1747291
1298	G	0.233	0.1797304
1299	G	-0.249	0.1678952
1300	G	0.312	0.1652979
1301	A	0.107	0.1705835
1302	C	0.297	0.1593517
1303	C	0.306	0.1644379
1304	C	0.192	0.1695181
1305	A	0.177	0.174108
1306	G	-0.279	0.1801865
1307	A	-0.020	0.1806639
1308	G	0.062	0.178089
1309	A	-0.195	0.1776608
1310	C	0.221	0.1611893
1311	T	-0.104	0.1555137
1312	G	0.137	0.1407338
1313	A	-0.399	0.141185
1314	G	0.303	0.1415921
1315	G	0.344	0.1394495
1316	C	0.426	0.1276215
1317	T	0.236	0.1253177
1318	C	0.400	0.1246735
1319	T	0.399	0.1090979
1320	G	-0.073	0.1182144
1321	C	0.261	0.1075003
1322	T	0.442	0.1125156
1323	A	-0.543	0.1063682
1324	T	0.308	0.09826634
1325	C	0.238	0.1018563
1326	T	0.386	0.09475967
1327	G	0.403	0.1049747
1328	C	0.405	0.103025
1329	T	0.326	0.0992065
1330	G	0.407	0.1146702
1331	C	-0.252	0.1199777
1332	A	0.122	0.1334393
1333	A	-0.395	0.1287885
1334	G	0.413	0.139661
1335	C	0.337	0.1320782
1336	T	0.064	0.1152467
1337	G	-0.300	0.1088411
1338	T	0.322	0.1015182
1339	A	-0.553	0.09823384
1340	A	-0.421	0.09633972
1341	G	0.133	0.1018343
1342	A	-0.137	0.09907837
1343	C	0.317	0.08957149
1344	A	0.039	0.1031503
1345	C	-0.033	0.1078874
1346	T	0.342	0.114481
1347	A	-0.120	0.1052859
1348	C	0.149	0.08825245
1349	A	-0.102	0.07758831
1350	T	-0.097	0.06175893
1351	G	0.454	0.04771203
1352	C	0.444	0.05898743
1353	T	0.461	0.06070143
1354	T	-0.058	0.07525384
1355	G	0.057	0.06740267
1356	C	-0.014	0.06765095
1357	A	-0.362	0.05969864
1358	T	0.157	0.06451769
1359	T	-0.070	0.04910955
1360	C	0.262	0.07218467
1361	C	0.319	0.09322281
1362	C	0.157	0.09425026
1363	T	0.146	0.09966726
1364	T	0.043	0.09998643
1365	C	0.027	0.1056416
1366	C	0.507	0.0986321
1367	T	0.515	0.0826446
1368	T	0	0.08651645
 1369	T	-0.311	0.09034535
1370	C	-0.042	0.09994557
1371	T	-0.338	0.1125835
1372	A	-0.182	0.1123466
1373	T	0.220	0.1031995
1374	C	0.194	0.07996974
1375	A	0.215	0.08016767
1376	A	0.083	0.0733818
1377	G	0.347	0.08283739
1378	G	-0.269	0.09903681
1379	T	-0.098	0.1032902
1380	A	-0.324	0.1143017
1381	C	0.415	0.1169694
1382	T	0.462	0.1180167
1383	C	0.176	0.1109966
1384	A	0.090	0.114001
1385	C	0.331	0.1039774
1386	C	0.276	0.09091125
1387	A	-0.327	0.08137792
1388	T	-0.328	0.06010411
1389	A	0.042	0.05884156
1390	C	0.310	0.07183968
1391	G	0.301	0.07593802
1392	C	0.433	0.07515502
1393	C	0.444	0.07841671
1394	C	0.060	0.06330355
1395	A	-0.514	0.05601764
1396	A	-0.049	0.05361181
1397	C	-0.227	0.05754471
1398	C	0.382	0.05557702
1399	T	0.318	0.06780486
1400	G	0.336	0.0572424
1401	G	0.391	0.07381326
1402	C	0.374	0.07430588
1403	C	0.363	0.07097178
1404	T	-0.137	0.07695731
1405	T	0.272	0.08369102
1406	C	-0.377	0.0858683
1407	A	-0.521	0.0832945
1408	A	0.107	0.100381
1409	G	-0.378	0.1178162
1410	G	-0.053	0.1235107
1411	A	0.233	0.1275115
1412	T	0.129	0.127866
1413	T	-0.370	0.1113545
1414	C	-0.045	0.1014763
1415	A	-0.413	0.09155834
1416	A	-0.111	0.1157141
1417	C	0.114	0.1281296
1418	C	0.248	0.1206684
1419	C	0.264	0.1148479
1420	A	0.244	0.1174656
1421	G	-0.541	0.0970515
1422	T	0.371	0.07553769
1423	C	0.436	0.06810417
1424	C	0.322	0.04931955
1425	T	0.428	0.04317977
1426	C	0.372	0.03771417
1427	C	0.422	0.05566031
1428	C	0.168	0.07654515
1429	C	0.389	0.08370298
1430	T	0.403	0.1034611
1431	C	0.281	0.1159334
1432	C	0.478	0.114732
1433	C	0.316	0.1090298
1434	A	-0.260	0.1192944
1435	T	0.029	0.1255828
1436	G	-0.355	0.1462836
1437	C	0.500	0.1574354
1438	T	0.471	0.1560746
1439	T	-0.541	0.1388385
1440	T	0.137	0.1257275
1441	C	0.428	0.1275466
1442	A	-0.521	0.135951
1443	T	-0.511	0.1285469
1444	A	0.062	0.118152
1445	G	-0.425	0.1171382
1446	G	-0.395	0.1082669
1447	A	0.042	0.1017951
1448	C	0.376	0.1001425
1449	T	0.355	0.1009686
1450	C	0.408	0.1029972
1451	C	0.451	0.0886801
1452	C	0.470	0.06888465
1453	T	0.183	0.05344262
1454	A	-0.110	0.0553985
1455	G	0.060	0.058049
1456	G	0.218	0.05332179
1457	C	0.455	0.07226265
1458	A	0.357	0.05352855
1459	C	0.057	0.03199522
1460	A	-0.475	0.04792558
1461	A	-0.285	0.05283632
1462	C	0.320	0.05273744
1463	A	-0.188	0.07680982
1464	T	0.060	0.09912272
1465	T	0	0.1089043
 1466	T	0.279	0.1301328
1467	T	0.055	0.1382511
1468	T	0.101	0.1275547
1469	C	0.353	0.1090164
1470	T	0.203	0.09370595
1471	C	0.475	0.08528763
1472	A	-0.197	0.06802949
1473	T	-0.549	0.0466707
1474	T	-0.169	0.03952973
1475	G	0.398	0.03959887
1476	G	-0.149	0.02951396
1477	T	-0.169	0.01774441
1478	G	0.439	-0.001054326
1479	A	-0.286	0.001544531
1480	A	-0.432	-0.003329736
1481	G	0.127	0.009100826
1482	C	0.343	0.008994945
1483	T	0.424	-0.005031317
1484	T	0.489	-0.01268796
1485	C	0.425	-0.01801877
1486	T	0.473	-0.02670944
1487	C	0.466	-0.04004268
1488	A	-0.054	-0.05151827
1489	T	-0.406	-0.06107467
1490	A	-0.402	-0.06008822
1491	A	-0.287	-0.0693435
1492	C	0.054	-0.07962518
1493	A	-0.273	-0.08131654
1494	A	-0.426	-0.06822794
1495	T	-0.116	-0.07160735
1496	T	-0.107	-0.0873054
1497	T	-0.363	-0.08195068
1498	A	-0.275	-0.07026784
1499	A	-0.333	-0.06997799
1500	C	0.466	-0.05041384
1501	A	-0.147	-0.03294632
1502	T	0.046	-0.03209887
1503	G	-0.290	-0.04696541
1504	T	-0.268	-0.05021696
1505	T	-0.510	-0.05567213
1506	A	-0.163	-0.06273837
1507	A	-0.365	-0.07198218
1508	G	-0.280	-0.08874454
1509	A	-0.426	-0.0791204
1510	T	-0.300	-0.07213909
1511	A	0.394	-0.06537859
1512	T	-0.185	-0.05663655
1513	G	0.043	-0.05374064
1514	A	-0.268	-0.03832249
1515	T	0	-0.03549361
 1516	T	-0.311	-0.04414685
1517	T	-0.261	-0.04412371
1518	G	0.075	-0.02536971
1519	T	0.321	-0.01349468
1520	C	0.451	0.004493769
1521	C	0.535	-0.001498374
1522	T	0.300	0.01188065
1523	A	0.163	0.01076299
1524	T	-0.280	0.01589533
1525	G	0.287	0.02067404
1526	C	0.260	0.03139229
1527	A	0.128	0.03912307
1528	T	0.085	0.05294293
1529	G	-0.237	0.06072244
1530	T	0.349	0.08183082
1531	T	-0.113	0.08996142
1532	T	-0.118	0.09149887
1533	G	0.079	0.105296
1534	G	0.176	0.09855276
1535	T	0.374	0.09832267
1536	G	-0.307	0.08731048
1537	T	-0.479	0.09003571
1538	A	-0.106	0.08854236
1539	C	0.424	0.09667538
1540	T	0.222	0.08354826
1541	G	0.421	0.06715835
1542	G	0.214	0.0508734
1543	T	0.414	0.03610247
1544	C	0	0.03489619
 1545	T	-0.074	0.04025727
1546	T	-0.067	0.04063249
1547	C	-0.060	0.04498794
1548	A	0.160	0.05194434
1549	C	0.215	0.05303218
1550	T	0.046	0.06138935
1551	G	0.460	0.06452015
1552	G	0.041	0.06906353
1553	T	0.459	0.07748858
1554	T	0.394	0.08363772
1555	T	-0.239	0.0879677
1556	A	-0.278	0.09019739
1557	T	-0.462	0.1080355
1558	G	-0.197	0.1184899
1559	A	-0.323	0.1280222
1560	G	0.417	0.1204789
1561	A	-0.229	0.1144076
1562	G	-0.236	0.1150029
1563	A	-0.148	0.1130339
1564	A	-0.319	0.1132591
1565	G	0.112	0.1025698
1566	G	-0.055	0.09330845
1567	G	0.303	0.1037124
1568	T	0.443	0.1155873
1569	C	0.420	0.1222833
1570	C	0.130	0.1274509
1571	A	0.113	0.1249313
1572	T	0.481	0.1228738
1573	C	0.077	0.1241387
1574	A	0.235	0.1223504
1575	T	0.337	0.1207817
1576	C	0.358	0.1269165
1577	C	0.468	0.1426833
1578	T	0.441	0.1642096
1579	T	-0.040	0.1781894
1580	C	0.294	0.1949847
1581	T	0.107	0.1950343
1582	C	-0.032	0.2104856
1583	T	0.446	0.2172496
1584	C	0.131	0.2318425
1585	T	0.424	0.2496831
1586	G	-0.448	0.2442159
1587	A	-0.463	0.2485655
1588	G	0.369	0.2304913
1589	C	0.438	0.2291821
1590	T	0.442	0.2131524
1591	C	0.432	0.2207246
1592	A	-0.059	0.2160561
1593	G	0.373	0.2089506
1594	T	0.094	0.215332
1595	C	0.384	0.2071861
1596	T	0.328	0.1950828
1597	G	0.017	0.1819717
1598	C	0.383	0.1676311
1599	C	0.441	0.1544087
1600	T	0.389	0.1607656
1601	C	0.381	0.1603455
1602	C	0.419	0.1689999
1603	T	0.419	0.1766704
1604	G	0.047	0.1753931
1605	C	0.464	0.1748837
1606	T	0.429	0.165907
1607	T	-0.116	0.177959
1608	T	0.127	0.1857522
1609	G	-0.455	0.1819278
1610	T	0.388	0.1785246
1611	A	-0.252	0.1786328
1612	G	0.448	0.1782556
1613	C	-0.082	0.1892312
1614	A	0.182	0.187302
1615	C	0.345	0.181671
1616	T	-0.106	0.1621726
1617	G	-0.170	0.1481085
1618	A	-0.192	0.1482751
1619	A	-0.134	0.1332645
1620	T	-0.113	0.1205502
1621	G	0.226	0.1199468
1622	C	0.276	0.1164033
1623	C	0.470	0.1182061
1624	C	0.289	0.1055604
1625	A	0.392	0.1063711
1626	C	0.110	0.1059378
1627	A	0.047	0.1057815
1628	G	0.057	0.1200615
1629	A	-0.136	0.1077479
1630	T	0.208	0.119752
1631	G	0.295	0.1052265
1632	C	0.446	0.09987052
1633	T	0.416	0.07928885
1634	C	0.401	0.0699241
1635	A	0.292	0.0553535
1636	C	-0.142	0.03574331
1637	A	-0.434	0.0289566
1638	A	-0.262	0.02691462
1639	C	0.024	0.0260429
1640	G	-0.246	0.03612555
1641	T	-0.092	0.04746317
1642	A	0.364	0.04634679
1643	C	0.232	0.049283
1644	T	0.495	0.04768024
1645	T	-0.112	0.05134114
1646	T	0.081	0.05063198
1647	C	0.445	0.0515134
1648	T	0.423	0.05180822
1649	T	0.482	0.04112664
1650	G	-0.389	0.0373649
1651	A	0.048	0.0355191
1652	A	-0.221	0.01682986
1653	T	-0.477	0.008354733
1654	A	-0.415	0.00846359
1655	A	-0.475	0.004384329
1656	A	-0.429	0.0007581143
1657	T	-0.478	0.006404083
1658	A	-0.391	0.01844965
1659	A	-0.256	0.02033231
1660	A	-0.229	0.01194781
1661	C	0.289	0.01529698
1662	A	0.362	0.02400021
1663	G	0.179	0.006371236
1664	C	0.399	-0.009002479
1665	T	0.403	-0.03273405
1666	C	0.443	-0.03876341
1667	T	0.363	-0.04370396
1668	G	0.147	-0.05203051
1669	T	0.059	-0.06453625
1670	C	-0.391	-0.08473806
1671	A	-0.294	-0.08123223
1672	A	0.131	-0.08346794
1673	T	-0.489	-0.07268344
1674	G	0.090	-0.05408777
1675	C	0.421	-0.03332827
1676	A	0.230	-0.02108523
1677	G	0.140	-0.01234503
1678	G	0.094	0.004666848
1679	T	0.071	0.02467078
1680	A	-0.183	0.02811678
1681	G	-0.327	0.03170232
1682	A	-0.105	0.02591346
1683	C	0.273	0.02324054
1684	A	-0.375	0.01235775
1685	T	-0.413	0.00550794
1686	A	-0.501	-0.004380338
1687	A	-0.365	-0.004893552
1688	C	-0.125	-0.02080598
1689	A	0.096	-0.03090591
1690	G	-0.101	-0.04287773
1691	A	-0.365	-0.02386576
1692	T	-0.242	-0.01309445
1693	G	-0.045	-0.01239907
1694	G	0.231	0.006825743
1695	C	0.303	-0.002306681
1696	T	0.456	-0.009279848
1697	G	0.038	-0.02323504
1698	G	-0.062	-0.02657818
1699	C	0.236	-0.02152436
1700	G	0.448	-0.01423233
1701	T	-0.111	-0.004461571
1702	G	-0.078	0.0005361429
1703	T	0.046	0.01109433
1704	T	0.250	0.01458029
1705	G	-0.277	0.02977014
1706	G	0.112	0.04362088
1707	C	-0.011	0.05595104
1708	A	0.422	0.07163759
1709	T	-0.305	0.08416573
1710	G	-0.276	0.09144566
1711	A	-0.443	0.1012853
1712	G	0.407	0.1051109
1713	G	0.158	0.09922109
1714	C	0.160	0.09749492
1715	A	0.318	0.09692828
1716	T	-0.292	0.08444704
1717	G	0.128	0.07229509
1718	A	-0.355	0.05917658
1719	G	0	0.054651
 1720	G	0.307	0.0374189
1721	C	0.377	0.0353646
1722	T	0.227	0.04651693
1723	G	-0.117	0.05719872
1724	C	0.337	0.05958726
1725	C	0.419	0.05949845
1726	T	0.262	0.07667881
1727	G	0.168	0.06813967
1728	G	0.016	0.06237321
1729	C	0.293	0.04364442
1730	C	0.400	0.06050685
1731	C	0.401	0.06857601
1732	G	0.311	0.08408259
1733	T	-0.204	0.08523801
1734	T	-0.489	0.08532161
1735	A	-0.118	0.08319723
1736	G	0.207	0.07562147
1737	C	-0.220	0.07877961
1738	G	-0.053	0.06807335
1739	A	-0.512	0.08201635
1740	A	-0.252	0.07883463
1741	G	-0.487	0.07768432
1742	C	0.362	0.07834751
1743	G	0.356	0.07506082
1744	G	0.370	0.0838082
1745	G	0.146	0.08709528
1746	C	0.246	0.08007494
1747	G	0.443	0.07993937
1748	A	-0.246	0.07292735
1749	G	-0.253	0.06592293
1750	A	-0.364	0.05131433
1751	G	0.403	0.03564795
1752	G	0.062	0.03623276
1753	G	0.207	0.03264093
1754	G	0.455	0.03940946
1755	C	0.161	0.05823692
1756	A	0.071	0.06553387
1757	G	0	0.05303882
 1758	T	-0.160	0.05283182
1759	T	-0.321	0.05837705
1760	C	0.229	0.07454991
1761	G	-0.133	0.08851832
1762	C	0.258	0.1010199
1763	A	0.405	0.09506753
1764	T	0.088	0.08542283
1765	C	0.249	0.06402638
1766	T	0.475	0.05990993
1767	G	0.124	0.06272364
1768	T	0.256	0.05651045
1769	T	-0.125	0.07195202
1770	G	-0.277	0.08684597
1771	G	-0.320	0.1056241
1772	A	-0.257	0.1060809
1773	G	0.426	0.1030085
1774	G	0.160	0.09563671
1775	G	0.079	0.07684283
1776	C	0.300	0.0692805
1777	T	0.188	0.06181893
1778	A	-0.317	0.06652312
1779	G	-0.229	0.07870298
1780	C	0.178	0.08874086
1781	A	0.166	0.08410581
1782	G	0.334	0.08696214
1783	G	0.037	0.08328635
1784	G	0.112	0.06730235
1785	G	-0.048	0.05378292
1786	A	-0.528	0.0449669
1787	A	-0.026	0.03993259
1788	G	0.364	0.04586747
1789	G	0.182	0.04492909
1790	C	0.401	0.05304295
1791	C	0.371	0.06392171
1792	G	0.424	0.08161502
1793	C	0.422	0.09487921
1794	A	-0.066	0.09258756
1795	G	-0.101	0.08291118
1796	A	-0.333	0.07542284
1797	T	-0.155	0.06327108
1798	A	-0.242	0.05453841
1799	C	0.197	0.05721296
1800	G	0.351	0.06746005
1801	G	0.100	0.06854555
1802	A	0.035	0.07186224
1803	G	-0.013	0.07460508
1804	G	0.104	0.07580877
1805	T	-0.265	0.0749854
1806	A	-0.478	0.07179835
1807	G	-0.120	0.07422269
1808	G	0.264	0.06564295
1809	C	0.373	0.0515725
1810	A	0.217	0.05116271
1811	G	0.215	0.04047416
1812	G	0.179	0.03842214
1813	G	0.423	0.03289102
1814	C	0.299	0.02028816
1815	T	0.330	0.02134834
1816	G	-0.245	0.02276365
1817	A	-0.235	0.02091315
1818	G	-0.209	0.02237213
1819	G	-0.178	0.01849922
1820	A	-0.204	0.01326318
1821	A	0.201	0.009536343
1822	G	0.224	0.01444953
1823	G	0.305	0.02314089
1824	C	0.449	0.03013618
1825	T	0.088	0.02722878
1826	G	0.077	0.04322805
1827	T	-0.182	0.06391269
1828	A	-0.426	0.07487419
1829	G	-0.386	0.06692864
1830	A	-0.226	0.04604352
1831	T	0.165	0.03541029
1832	A	-0.046	0.02299888
1833	T	0.285	0.01572743
1834	G	0.191	0.005314717
1835	G	-0.107	-0.01384028
1836	A	-0.022	-0.01584278
1837	G	-0.042	-0.01348543
1838	A	-0.411	-0.00084545
1839	T	-0.094	0.01442907
1840	A	-0.404	0.02868669
1841	G	-0.022	0.03538848
1842	G	0.194	0.0244101
1843	T	0.306	0.01171395
1844	G	0.400	0.002197483
1845	G	0.280	-0.01877661
1846	G	-0.017	-0.02852521
1847	G	0.406	-0.0259219
1848	C	0.389	-0.009577974
1849	T	0.339	0.00732305
1850	G	-0.069	0.02169593
1851	G	-0.503	0.0216951
1852	A	-0.229	0.009729479
1853	G	-0.306	0.01521881
1854	A	-0.126	0.003336429
1855	T	-0.014	0.004052
1856	T	-0.505	0.01433267
1857	G	0.246	0.02490609
1858	G	-0.146	0.03564787
1859	G	0.295	0.04064542
1860	G	0.432	0.05394194
1861	T	0.420	0.06018713
1862	G	0.076	0.05911217
1863	G	-0.260	0.04891681
1864	T	-0.308	0.03967428
1865	A	-0.093	0.02046664
1866	T	-0.431	0.005077471
1867	G	-0.321	-0.005189462
1868	G	0.186	-0.02726075
1869	G	0.504	-0.02502777
1870	T	0.283	-0.03035608
1871	A	0.216	-0.02954463
1872	C	-0.226	-0.02300851
1873	A	-0.336	-0.01307735
1874	T	0.183	0.001791036
1875	T	-0.213	0.01101677
1876	G	0.221	0.01433918
1877	C	0.324	0.03698525
1878	T	0.421	0.04162027
1879	G	0.408	0.05520746
1880	G	-0.201	0.05557915
1881	G	0.463	0.05659651
1882	A	-0.142	0.05380884
1883	T	-0.067	0.04513485
1884	T	-0.233	0.05430046
1885	C	-0.081	0.07297832
1886	A	-0.406	0.07174712
1887	T	-0.366	0.088837
1888	A	-0.448	0.08889872
1889	G	-0.520	0.086497
1890	C	0.483	0.0775211
1891	A	0.116	0.07265243
1892	A	-0.035	0.072601
1893	C	-0.228	0.0883725
1894	T	0.187	0.1069189
1895	C	0.318	0.1064323
1896	T	0.261	0.113761
1897	G	0.125	0.1161812
1898	C	0.446	0.1173466
1899	C	0.440	0.09760461
1900	T	0.423	0.08461754
1901	C	0.311	0.08986759
1902	T	0.474	0.07829048
1903	T	0.303	0.07501512
1904	G	-0.287	0.06963142
1905	T	0.124	0.07445604
1906	T	0.475	0.07312945
1907	T	-0.145	0.08839306
1908	C	0.286	0.1015564
1909	T	-0.318	0.1215308
1910	C	0.086	0.1330722
1911	A	0.127	0.119452
1912	T	0.078	0.1088524
1913	C	0.214	0.1007904
1914	C	0.436	0.09679331
1915	C	0.442	0.08903397
1916	A	0.163	0.08336243
1917	G	0.094	0.08738235
1918	G	0.323	0.08439926
1919	C	0.373	0.08475019
1920	A	-0.407	0.06453733
1921	A	-0.136	0.04922007
1922	C	0.018	0.03813052
1923	T	-0.022	0.01540264
1924	A	-0.280	0.01389693
1925	G	-0.293	0.02607216
1926	A	-0.030	0.02450154
1927	G	-0.137	0.008357876
1928	G	0.234	0.009075424
1929	T	0.186	0.01212514
1930	G	0.390	0.02692528
1931	T	-0.036	0.03423145
1932	T	-0.088	0.03685585
1933	T	-0.329	0.04573076
1934	T	-0.374	0.04164397
1935	T	-0.396	0.02328756
1936	T	-0.138	0.008161752
1937	T	0.079	-0.00807539
1938	C	0.430	-0.01943805
1939	C	0	-0.03812771
 1940	T	0.460	-0.05029366
1941	A	-0.408	-0.04385421
1942	T	-0.219	-0.02899985
1943	A	-0.154	-0.03204465
1944	T	-0.479	-0.03441913
1945	C	0.240	-0.04080865
1946	A	0.223	-0.04082215
1947	C	0.058	-0.04812531
1948	A	-0.202	-0.04730543
1949	G	-0.115	-0.06170808
1950	C	0.414	-0.05779236
1951	T	0.303	-0.0769277
1952	C	0.392	-0.08786195
1953	G	0.237	-0.09572213
1954	G	0.451	-0.09783163
1955	T	0.042	-0.09826784
1956	A	-0.334	-0.09841544
1957	T	-0.193	-0.08729656
1958	T	-0.518	-0.07909487
1959	A	-0.383	-0.08037427
1960	A	-0.461	-0.07402032
1961	G	-0.137	-0.0942528
1962	A	-0.136	-0.09455477
1963	C	0.487	-0.09821906
1964	C	-0.108	-0.09564016
1965	A	-0.122	-0.0909144
1966	A	-0.548	-0.09428657
1967	A	-0.294	-0.1016859
1968	G	-0.337	-0.1047124
1969	G	-0.102	-0.0949413
1970	A	-0.370	-0.08364909
1971	G	0.351	-0.08422399
1972	A	-0.413	-0.08186342
1973	A	-0.495	-0.08478151
1974	A	-0.418	-0.07903844
1975	T	-0.417	-0.07764773
1976	G	-0.392	-0.08200658
1977	A	-0.402	-0.08305177
1978	A	0.328	-0.0818406
1979	C	0.424	-0.08081741
1980	T	0.376	-0.06304227
1981	T	0.266	-0.04119077
1982	T	-0.389	-0.04150258
1983	G	-0.420	-0.04121317
1984	A	-0.373	-0.06128134
1985	A	-0.045	-0.06570548
1986	G	-0.281	-0.07443715
1987	T	0.098	-0.06771017
1988	G	-0.087	-0.07079165
1989	G	-0.068	-0.07142934
1990	T	0.208	-0.0619577
1991	G	0.358	-0.05769879
1992	G	0.390	-0.05511994
1993	C	0.402	-0.04773694
1994	C	0.270	-0.04481108
1995	C	0.478	-0.03970879
1996	C	0.509	-0.02239172
1997	A	-0.140	-0.01562227
1998	T	-0.378	-0.0003963881
1999	T	-0.142	0.002652445
2000	G	-0.475	0.0004429214
2001	T	0.363	-0.01245453
2002	T	0.456	-0.02357405
2003	G	-0.150	-0.002596102
2004	T	-0.124	-0.003088864
2005	A	-0.355	-0.004185888
2006	G	-0.294	-0.01220131
2007	A	-0.488	-0.0104871
2008	T	-0.265	-0.01331098
2009	A	-0.423	-0.004949257
2010	G	-0.364	-0.0001240857
2011	C	0.294	-0.01426435
2012	A	-0.191	-0.03087342
2013	A	0.459	-0.03313859
2014	T	-0.103	-0.03639378
2015	A	-0.372	-0.04245265
2016	T	-0.204	-0.04451481
2017	T	0.309	-0.04631029
2018	G	-0.108	-0.04522003
2019	T	0.236	-0.03349596
2020	T	0.456	-0.02822054
2021	C	0.331	-0.01689054
2022	T	-0.165	-0.01431616
2023	A	-0.200	-0.01836547
2024	C	0.492	-0.0229043
2025	A	-0.441	-0.0130353
2026	T	-0.419	-0.009490229
2027	A	-0.382	0.003412676
2028	A	-0.209	0.02457513
2029	C	-0.020	0.04222282
2030	T	0.264	0.06272903
2031	T	0.134	0.0732503
2032	G	-0.385	0.0718978
2033	T	-0.338	0.06632671
2034	T	0.295	0.05426844
2035	T	0.265	0.04880799
2036	G	0.015	0.04952625
2037	T	0.392	0.06230091
2038	G	0.434	0.05370744
2039	G	-0.094	0.04984292
2040	T	0.113	0.04970694
2041	T	0.079	0.04859509
2042	C	0	0.05051697
 2043	G	0.471	0.06220394
2044	T	0.286	0.06485324
2045	G	-0.341	0.06399607
2046	T	0.289	0.08454852
2047	T	-0.206	0.1064991
2048	G	0.247	0.1241875
2049	C	0.399	0.1358408
2050	T	0.475	0.1467535
2051	C	0.437	0.1293357
2052	A	0.077	0.1370426
2053	C	0.238	0.1530328
2054	A	-0.425	0.1694766
2055	T	-0.047	0.1678571
2056	G	-0.332	0.1734648
2057	A	-0.342	0.1825235
2058	A	0.332	0.1748839
2059	C	-0.051	0.1623297
2060	A	-0.270	0.166113
2061	T	0.230	0.1680122
2062	T	0.409	0.1756641
2063	C	0.412	0.1846835
2064	G	0.325	0.1819598
2065	G	-0.088	0.1768234
2066	A	0.456	0.1825481
2067	C	0.421	0.166234
2068	G	0.502	0.1601767
2069	C	0.360	0.1545902
2070	A	0.280	0.1443398
2071	C	0.438	0.1209501
2072	A	-0.467	0.1109333
2073	T	0.458	0.1005179
2074	C	0.285	0.1000168
2075	T	0.352	0.1006377
2076	G	0.227	0.09059043
2077	C	0.501	0.08726676
2078	C	0.396	0.08608626
2079	A	0.071	0.0705611
2080	C	-0.092	0.0699862
2081	G	0.064	0.08732724
2082	G	0.193	0.09262922
2083	A	0.400	0.09355322
2084	C	0.378	0.0731447
2085	C	0.357	0.05564439
2086	C	0.070	0.0473825
2087	G	-0.100	0.02410088
2088	T	-0.395	0.01086366
2089	A	-0.460	0.009460805
2090	A	0.012	0.007491471
2091	T	-0.030	0.004018162
2092	G	-0.507	-0.01096498
2093	A	0.016	-0.004107552
2094	G	-0.359	-0.00415191
2095	T	0.217	0.0003889952
2096	T	-0.399	-0.00297279
2097	A	-0.469	-0.01658277
2098	T	-0.472	-0.01848958
2099	A	-0.392	-0.02792596
2100	A	-0.319	-0.03327836
2101	A	-0.075	-0.04261952
2102	C	0.457	-0.03417386
2103	T	0.453	-0.03320955
2104	G	0.448	-0.04559748
2105	A	-0.444	-0.05461691
2106	G	-0.409	-0.06411935
2107	A	-0.435	-0.05693824
2108	A	-0.521	-0.04701781
2109	A	-0.134	-0.0256781
2110	C	0.443	-0.01513062
2111	C	0.277	-0.02291059
2112	T	0.134	-0.0238329
2113	G	-0.191	-0.00331619
2114	A	-0.179	0.007420033
2115	G	0.456	0.02197546
2116	C	0.476	0.02836346
2117	G	0.210	0.04069432
2118	T	-0.344	0.05794163
2119	C	0.420	0.06109141
2120	A	0	0.06112365
 2121	T	-0.153	0.07130399
2122	A	-0.485	0.08060669
2123	C	0.419	0.07116296
2124	C	0.233	0.07007646
2125	T	-0.119	0.07041317
2126	T	0	0.07580067
 2127	T	-0.041	0.0826052
2128	T	0.372	0.09612384
2129	C	0.316	0.1163478
2130	C	0.500	0.1300402
2131	T	-0.017	0.1277471
2132	A	-0.314	0.1255586
2133	T	-0.069	0.1169137
2134	T	0.354	0.1137193
2135	C	0.467	0.126698
2136	C	0.251	0.124712
2137	T	0.485	0.1216402
2138	C	0.118	0.1230196
2139	A	0.255	0.1400537
2140	T	-0.340	0.140665
2141	A	-0.390	0.1519735
2142	T	0.107	0.1556276
2143	T	0.315	0.1638288
2144	T	0.061	0.1534968
2145	C	0.408	0.1464281
2146	C	0.462	0.1448367
2147	A	-0.218	0.1399559
2148	A	-0.123	0.1497208
2149	G	0.131	0.1343828
2150	G	0.327	0.1309354
2151	C	0.440	0.124876
2152	T	0.347	0.1340927
2153	G	0.185	0.1421222
2154	G	-0.228	0.1534885
2155	A	-0.325	0.1474663
2156	G	0.365	0.1388274
2157	T	0.372	0.1387832
2158	T	0.347	0.1372105
2159	C	0.268	0.1444981
2160	T	0.371	0.1438144
2161	C	0.446	0.1590343
2162	A	0.474	0.1755417
2163	G	0	0.1664055
 2164	A	-0.140	0.1546889
2165	C	-0.014	0.1468557
2166	T	-0.062	0.1272356
2167	A	-0.186	0.1084052
2168	T	-0.204	0.1093957
2169	T	0.368	0.1089162
2170	G	-0.271	0.1047214
2171	G	0.171	0.0909187
2172	A	0.246	0.07681367
2173	C	0.369	0.07053159
2174	A	0.023	0.07370121
2175	C	0.408	0.0867063
2176	A	0.101	0.08844261
2177	G	0.105	0.07173899
2178	C	0.249	0.05476573
2179	T	0.419	0.03595087
2180	G	0.424	0.02194249
2181	G	0.226	0.002272493
2182	G	0.299	-0.01990615
2183	C	0.302	-0.04120836
2184	A	-0.275	-0.04318626
2185	A	-0.176	-0.03541522
2186	T	-0.267	-0.03908717
2187	C	-0.416	-0.04316149
2188	A	-0.327	-0.03650175
2189	A	-0.176	-0.03668165
2190	G	-0.143	-0.05190739
2191	A	-0.044	-0.05767951
2192	G	-0.252	-0.0568432
2193	G	-0.151	-0.06163966
2194	A	0.083	-0.05929049
2195	C	0.318	-0.05621071
2196	T	0.317	-0.05956504
2197	T	-0.252	-0.05687849
2198	G	-0.335	-0.06907523
2199	A	-0.339	-0.08239406
2200	A	-0.442	-0.1011762
2201	A	-0.319	-0.1204123
2202	A	-0.454	-0.1365285
2203	A	-0.484	-0.1564429
2204	G	-0.419	-0.1678003
2205	A	-0.083	-0.1523228
2206	A	0.185	-0.13869
2207	C	-0.168	-0.1221451
2208	A	-0.234	-0.1076773
2209	C	0.093	-0.09306304
2210	T	-0.212	-0.08478375
2211	A	-0.271	-0.07862247
2212	A	-0.514	-0.0704578
2213	T	0.206	-0.05681049
2214	C	0.044	-0.04942772
2215	T	0.467	-0.04177514
2216	A	0.152	-0.05002953
2217	T	0.267	-0.04934991
2218	T	0.214	-0.03925653
2219	T	-0.407	-0.02588112
2220	G	-0.309	-0.007375052
2221	A	-0.369	0.01387261
2222	T	-0.383	0.02173453
2223	A	-0.450	0.03311565
2224	A	-0.537	0.04865465
2225	G	-0.174	0.06287243
2226	A	0.374	0.07400067
2227	G	0.395	0.06830306
2228	C	0.427	0.08236264
2229	T	0.191	0.09725802
2230	C	0.285	0.1053778
2231	C	0.170	0.1191437
2232	A	0.114	0.1363784
2233	C	0.298	0.1494162
2234	C	0.321	0.1315854
2235	C	0.158	0.1243936
2236	C	0.404	0.1123068
2237	A	-0.027	0.117098
2238	C	0.345	0.1175202
2239	G	0.171	0.122268
2240	G	0.225	0.1432177
2241	C	0.437	0.1613989
2242	C	0.449	0.1804265
2243	T	0.010	0.193914
2244	G	0.023	0.2176333
2245	A	0.167	0.2270028
2246	C	0.177	0.2200177
2247	C	0.384	0.2063817
2248	A	-0.053	0.1920973
2249	C	0.421	0.1872721
2250	C	0.391	0.1878704
2251	T	0.434	0.1846962
2252	C	0.365	0.1743226
2253	C	0.452	0.1715872
2254	C	0.033	0.1761288
2255	A	-0.542	0.1609128
2256	A	-0.257	0.1545441
2257	G	-0.039	0.1466663
2258	G	0.353	0.1476982
2259	G	0.284	0.1416031
2260	C	0.413	0.1254734
2261	T	0.472	0.131981
2262	C	0.453	0.1275221
2263	T	0.429	0.1168144
2264	C	0.183	0.1272762
2265	C	0.545	0.1181483
2266	G	-0.143	0.1115492
2267	A	-0.467	0.1020095
2268	C	-0.198	0.09121973
2269	G	-0.204	0.08312209
2270	G	0.224	0.06846864
2271	G	0.216	0.05689595
2272	T	0.152	0.0399675
2273	G	-0.264	0.02671009
2274	A	0	0.02496731
 2275	C	0.489	0.03033585
2276	A	-0.317	0.05176268
2277	T	-0.109	0.06132775
2278	T	0.073	0.05431998
2279	T	0.015	0.04250295
2280	C	0.089	0.0470431
2281	A	-0.505	0.03431698
2282	T	0.499	0.03173779
2283	C	0.250	0.02473386
2284	T	0	0.02163052
 2285	C	0.450	0.02836871
2286	A	-0.360	0.009911905
2287	T	-0.109	0.009950262
2288	G	-0.223	0.03261907
2289	G	-0.068	0.04712674
2290	A	-0.393	0.05411351
2291	A	-0.193	0.05919637
2292	G	-0.094	0.04650515
2293	G	-0.276	0.03787249
2294	A	-0.191	0.03894089
2295	A	0.379	0.0476811
2296	C	0.258	0.04270456
2297	T	0.357	0.05367244
2298	C	0.144	0.06026203
2299	G	-0.334	0.06354584
2300	A	-0.142	0.0702284
2301	A	0.475	0.0692613
2302	C	-0.120	0.0863223
2303	T	0.364	0.07905713
2304	T	0.159	0.08289756
2305	T	0.299	0.07501354
2306	C	0.466	0.07622897
2307	A	-0.229	0.08582069
2308	G	-0.142	0.08842519
2309	T	0.484	0.09585734
2310	C	0.410	0.08591513
2311	A	0.089	0.0998094
2312	C	0.438	0.1038311
2313	T	-0.316	0.1164642
2314	G	-0.210	0.1315676
2315	T	-0.219	0.1433986
2316	G	0.367	0.1448353
2317	A	0.280	0.1421997
2318	C	0.142	0.1346134
2319	T	0.167	0.1341886
2320	C	0.211	0.143859
2321	T	0.296	0.1472563
2322	T	0.049	0.1335819
2323	C	0.210	0.1338457
2324	T	0.194	0.1323956
2325	G	0.411	0.1224917
2326	G	-0.331	0.1095044
2327	T	0.501	0.09625484
2328	T	0.042	0.1086507
2329	G	0	0.122234
 2330	T	0.088	0.1209211
2331	T	-0.486	0.1219812
2332	G	0.189	0.1309303
2333	T	-0.024	0.1298902
2334	C	0.436	0.1351877
2335	C	0.357	0.1444978
2336	C	0.305	0.1622704
2337	C	0.439	0.160359
2338	T	0.147	0.1551218
2339	G	0.038	0.1477635
2340	G	0.126	0.1497996
2341	T	0.071	0.1543981
2342	T	0	0.1500953
 2343	T	-0.098	0.1513015
2344	G	-0.109	0.1536636
2345	T	0.303	0.1597624
2346	T	-0.256	0.15539
2347	A	-0.246	0.159439
2348	G	-0.090	0.1500547
2349	A	0.291	0.1609534
2350	C	0.428	0.1741784
2351	T	0.429	0.1600431
2352	C	0.455	0.1616051
2353	T	0.465	0.1585099
2354	T	0.394	0.1663058
2355	G	-0.093	0.1594849
2356	T	0.180	0.1582596
2357	C	0.526	0.1605393
2358	A	0.286	0.156355
2359	T	0.060	0.1575043
2360	C	-0.166	0.1514935
2361	A	0.253	0.1474509
2362	G	0.404	0.1542153
2363	C	0.115	0.1630209
2364	A	0.099	0.1779622
2365	C	0.309	0.1691933
2366	C	0.450	0.1503327
2367	G	0.227	0.1495172
2368	A	-0.161	0.1508531
2369	G	0.106	0.146519
2370	C	0.500	0.1353141
2371	T	0.555	0.1242147
2372	T	-0.504	0.1068057
2373	A	-0.420	0.1001116
2374	C	0.059	0.08537683
2375	C	0.302	0.08049462
2376	G	0.149	0.08457073
2377	G	0.306	0.07466064
2378	T	0.401	0.0605414
2379	G	0.264	0.06398959
2380	T	0.196	0.06324876
2381	G	-0.213	0.07114278
2382	A	-0.043	0.06436775
2383	C	0.356	0.05864401
2384	T	0.369	0.05186967
2385	T	0.528	0.052968
2386	T	-0.477	0.04940003
2387	A	-0.488	0.02946965
2388	C	-0.290	0.01874884
2389	G	-0.190	0.01959424
2390	A	-0.272	0.02693662
2391	A	-0.179	0.01502607
2392	G	-0.037	-0.00327176
2393	T	-0.301	-0.003577855
2394	G	0.174	-0.005054855
2395	A	-0.153	-0.002416264
2396	C	0.189	-0.002801764
2397	A	0.077	0.004285974
2398	T	-0.235	0.004992569
2399	G	-0.066	0.00561445
2400	C	0.431	0.003702736
2401	C	0.029	-1.935476e-05
2402	A	0.165	0.0003793595
2403	T	-0.031	0.006005043
2404	G	0.164	-0.002725598
2405	A	-0.169	-0.02229255
2406	C	0.146	-0.02643298
2407	T	0.160	-0.01100131
2408	A	-0.386	0.006132688
2409	G	-0.222	0.01962202
2410	A	-0.125	0.02909152
2411	C	0.415	0.03783823
2412	A	0	0.05345661
 2413	G	-0.213	0.06338615
2414	A	-0.517	0.07991613
2415	A	-0.482	0.0736458
2416	G	0.170	0.07379611
2417	C	0.286	0.07310214
2418	T	0.447	0.06196973
2419	T	0.335	0.06966338
2420	C	0.427	0.07932938
2421	C	0.183	0.07937079
2422	A	0.039	0.09014763
2423	G	-0.196	0.0987598
2424	T	0.193	0.1018562
2425	G	-0.010	0.08822374
2426	A	-0.451	0.08084222
2427	G	0.354	0.06809198
2428	T	0.170	0.0530952
2429	G	0.230	0.05450589
2430	C	0.275	0.04982708
2431	A	0.207	0.0415757
2432	C	0.095	0.03614746
2433	G	0.476	0.03808381
2434	G	0.379	0.0394691
2435	A	0.392	0.04848908
2436	T	-0.089	0.06563522
2437	T	-0.147	0.05201989
2438	T	0.160	0.03922546
2439	T	-0.390	0.02236046
2440	T	0.087	0.02607724
2441	C	0.339	0.02586105
2442	T	0.433	0.03286658
2443	T	0.481	0.02490557
2444	C	0.526	0.02452464
2445	T	0.098	0.01243393
2446	A	-0.408	0.001790855
2447	T	-0.479	0.007706021
2448	A	-0.389	-8.256429e-05
2449	A	-0.469	-0.003677255
2450	A	-0.327	-0.002911683
2451	A	-0.419	-0.007379298
2452	A	-0.472	-0.02020582
2453	A	0.187	-0.01733218
2454	T	0.081	-0.02233549
2455	G	-0.154	-0.02231051
2456	G	-0.138	-0.0270922
2457	A	0.237	-0.028363
2458	A	-0.401	-0.0161795
2459	T	-0.250	-0.009180948
2460	A	-0.261	0.008955124
2461	T	0.491	0.01621264
2462	C	0.418	0.01502235
2463	T	0.477	0.0147929
2464	C	-0.294	0.008703162
2465	A	-0.212	0.005031733
2466	A	-0.314	0.01384704
2467	A	-0.457	0.03357418
2468	C	-0.203	0.05504935
2469	A	0.027	0.06279357
2470	G	0.019	0.08085911
2471	C	0.263	0.0905864
2472	A	0.088	0.106677
2473	A	-0.331	0.1187839
2474	G	0.215	0.1064781
2475	C	0.266	0.09537133
2476	A	0.380	0.08686256
2477	G	0.191	0.0850679
2478	G	-0.142	0.08423442
2479	T	0.364	0.0928675
2480	C	0.454	0.09884335
2481	C	0.371	0.109572
2482	T	0.392	0.0923988
2483	C	0.289	0.08787895
2484	G	0.423	0.08172823
2485	G	0.226	0.09070118
2486	T	0.372	0.1001064
2487	C	0.468	0.1139956
2488	C	0.420	0.1248912
2489	T	0.422	0.1315364
2490	C	-0.064	0.1308758
2491	A	0.288	0.1383056
2492	G	0.080	0.1246781
2493	T	0.256	0.1225745
2494	G	0.036	0.1263214
2495	G	-0.329	0.1158575
2496	A	-0.385	0.1024211
2497	A	-0.512	0.0871537
2498	A	-0.214	0.07332303
2499	C	0.202	0.0691521
2500	C	-0.038	0.0628089
2501	A	0	0.06343866
 2502	T	0.189	0.05972092
2503	C	-0.229	0.06090406
2504	A	0.228	0.04828304
2505	G	0.219	0.04590635
2506	G	0.082	0.04203715
2507	G	0.182	0.04285458
2508	C	0.268	0.03953575
2509	A	0	0.03746856
 2510	A	0.075	0.02667659
2511	G	0	0.01593285
 2512	T	0.331	0.01442783
2513	G	-0.309	0.01487755
2514	T	0	0.01863636
 2515	A	-0.173	0.02518839
2516	C	-0.223	0.04322191
2517	A	-0.297	0.06193329
2518	A	-0.260	0.0849352
2519	T	-0.389	0.08193496
2520	G	-0.317	0.08312527
2521	A	0.097	0.08037779
2522	C	0.480	0.0725457
2523	C	0.215	0.0645871
2524	T	0.442	0.0623225
2525	A	-0.240	0.06096555
2526	G	0.323	0.05779964
2527	G	0.063	0.06001631
2528	T	0.407	0.05892452
2529	T	0.329	0.04997786
2530	C	0.333	0.05870764
2531	T	-0.030	0.06725945
2532	A	-0.515	0.07809085
2533	A	0.225	0.0707914
2534	C	0.099	0.08222528
2535	T	0.414	0.09124676
2536	T	0.311	0.1081214
2537	C	0.427	0.1043353
2538	C	0.400	0.1006894
2539	T	0.453	0.09476547
2540	C	-0.340	0.0926135
2541	A	0.252	0.08728126
2542	T	-0.154	0.09217306
2543	T	-0.328	0.0768123
2544	T	-0.144	0.06929889
2545	G	-0.324	0.05437032
2546	C	0.171	0.04754301
2547	A	0.086	0.02722127
2548	C	0.175	0.0249654
2549	T	0.136	0.01018555
2550	G	-0.106	0.01282595
2551	G	0.366	0.0141324
2552	C	0.434	0.02608109
2553	T	0.454	0.03760647
2554	T	0.024	0.0322308
2555	G	0.170	0.03435986
2556	T	0.378	0.0348901
2557	C	0.535	0.03784443
2558	T	-0.382	0.03590031
2559	T	-0.450	0.03073374
2560	A	-0.509	0.0231546
2561	A	-0.479	0.03357387
2562	A	-0.541	0.03089901
2563	G	0.303	0.02971525
2564	G	-0.164	0.04872096
2565	G	-0.100	0.05279759
2566	A	-0.184	0.06934302
2567	A	-0.527	0.07327533
2568	A	-0.529	0.0737921
2569	A	-0.031	0.05786567
2570	G	-0.213	0.04832426
2571	C	0.440	0.05202271
2572	C	0.388	0.04916676
2573	A	0.471	0.04427388
2574	C	-0.031	0.03504006
2575	A	0	0.03660008
 2576	T	0.189	0.04011989
2577	C	0.436	0.04036258
2578	C	0.435	0.03900437
2579	C	0.346	0.05322141
2580	T	0.183	0.07086499
2581	G	0.135	0.08300189
2582	G	0.097	0.08643944
2583	A	0.139	0.09312753
2584	C	-0.203	0.08235846
2585	T	0.469	0.08312408
2586	C	0.026	0.08997282
2587	G	0.370	0.1032563
2588	C	0.336	0.1137527
2589	T	0.108	0.1147659
2590	G	-0.493	0.1057417
2591	A	-0.264	0.1076524
2592	G	0.048	0.09816617
2593	G	0.246	0.09133134
2594	T	0.229	0.09057312
2595	G	0.067	0.1008053
2596	G	0.090	0.1060343
2597	T	0.318	0.1088647
2598	C	0.389	0.109139
2599	T	0.478	0.09749499
2600	G	0.214	0.08847707
2601	T	0.290	0.08005138
2602	C	0	0.07869082
 2603	A	-0.335	0.07849062
2604	G	-0.260	0.08129045
2605	A	-0.148	0.09484393
2606	T	-0.132	0.09461231
2607	G	0.187	0.1019244
2608	C	0.373	0.08402883
2609	G	-0.086	0.06689542
2610	A	-0.487	0.05348683
2611	T	-0.410	0.06305404
2612	A	-0.133	0.07409297
2613	A	0.042	0.06858693
2614	C	0.101	0.06741647
2615	C	0.439	0.0625552
2616	T	0.398	0.05684152
2617	G	0.219	0.06403882
2618	G	0.308	0.05602222
2619	C	0.448	0.03999989
2620	T	-0.053	0.02494405
2621	A	-0.032	0.02469403
2622	G	-0.170	0.011369
2623	G	0.078	0.01281137
2624	A	0.089	0.01896752
2625	G	0.257	0.02574962
2626	C	0.365	0.02756245
2627	G	0.459	0.02063205
2628	G	0.333	0.007703717
2629	G	-0.381	-0.01397578
2630	A	-0.382	-0.001425652
2631	A	-0.454	0.01952716
2632	A	-0.091	0.0267572
2633	C	0.199	0.0335339
2634	A	-0.182	0.04282857
2635	C	0.197	0.04514569
2636	A	0.025	0.04299131
2637	A	-0.172	0.04062964
2638	G	0.392	0.03870947
2639	T	-0.017	0.04333071
2640	T	-0.283	0.04281093
2641	T	-0.154	0.04434944
2642	C	0.203	0.03880579
2643	A	-0.269	0.03566998
2644	A	0.060	0.02437254
2645	C	-0.076	0.01216266
2646	T	0.024	0.002120469
2647	G	-0.072	-0.01132822
2648	A	-0.423	-0.01172167
2649	A	-0.355	-0.01584701
2650	A	-0.537	0.00172704
2651	T	0.440	0.01815202
2652	C	0.392	0.03637535
2653	T	-0.106	0.04726166
2654	G	0.151	0.04654242
2655	C	0.432	0.04790116
2656	T	0.198	0.05157988
2657	C	0.349	0.05029217
2658	C	0.299	0.06213794
2659	A	0.138	0.06066322
2660	G	0.502	0.06855697
2661	A	0.426	0.08534895
2662	T	0.011	0.09963587
2663	T	-0.265	0.1046242
2664	T	-0.301	0.1001853
2665	T	-0.396	0.1052291
2666	A	-0.423	0.1000188
2667	A	-0.164	0.09244293
2668	T	-0.199	0.09745564
2669	C	0.443	0.1148647
2670	A	0.160	0.1335245
2671	T	0.356	0.1544946
2672	G	0.307	0.1528944
2673	G	0.310	0.1535078
2674	T	0.365	0.1654865
2675	C	0.168	0.1629847
2676	A	-0.125	0.1496705
2677	T	0.352	0.1411437
2678	G	-0.029	0.1237858
2679	G	0.324	0.1281217
2680	G	0.330	0.1217118
2681	C	0.313	0.12214
2682	C	0.421	0.1087553
2683	C	0.445	0.09856768
2684	T	0.413	0.1121443
2685	T	-0.455	0.1103858
2686	T	0.272	0.1114003
2687	T	-0.295	0.110924
2688	C	-0.294	0.1075972
2689	T	0.137	0.1113914
2690	G	0.307	0.1115389
2691	G	0.428	0.1166465
2692	G	0.343	0.1189343
2693	G	0.373	0.1134512
2694	C	0.418	0.1038958
2695	T	0.396	0.08608586
2696	A	0.046	0.07095853
2697	T	-0.126	0.06357532
2698	T	-0.159	0.05334798
2699	T	-0.379	0.0490362
2700	C	0.481	0.03898604
2701	A	-0.130	0.02666847
2702	C	0.520	0.01638649
2703	T	-0.135	-0.004488245
2704	A	-0.416	-0.01823798
2705	C	0.304	-0.02659464
2706	A	-0.375	-0.008187805
2707	G	-0.353	-0.01234057
2708	A	-0.443	0.00203469
2709	T	-0.303	0.002758905
2710	A	-0.040	-0.003860738
2711	C	0.449	-0.01869067
2712	C	0.374	-0.03352871
2713	T	0.452	-0.05463855
2714	G	0.076	-0.06284598
2715	T	-0.090	-0.07701641
2716	T	-0.382	-0.08930765
2717	A	-0.466	-0.09916178
2718	A	-0.435	-0.1061916
2719	A	-0.077	-0.09593462
2720	A	-0.210	-0.08688707
2721	T	-0.097	-0.09054378
2722	T	-0.186	-0.08681145
2723	T	-0.118	-0.0886231
2724	A	-0.455	-0.08373498
2725	T	-0.131	-0.07854724
2726	T	0.062	-0.07417153
2727	C	0.317	-0.05797827
2728	C	0.098	-0.03794277
2729	A	0.308	-0.01520517
2730	G	-0.263	0.001454376
2731	T	-0.140	-0.003883769
2732	T	-0.315	-0.02183877
2733	T	-0.194	-0.03814691
2734	A	-0.543	-0.04323446
2735	A	0.028	-0.03324578
2736	G	-0.176	-0.02019816
2737	G	-0.119	-0.02373007
2738	A	-0.367	-0.009773807
2739	A	-0.422	-0.005865902
2740	G	0.271	-0.01121906
2741	T	0	-0.006645295
 2742	T	0.327	-0.01438162
2743	T	0.026	-0.01777107
2744	C	0.444	-0.01782433
2745	T	0.069	0.002861526
2746	G	-0.198	0.01349279
2747	T	0.488	0.02212775
2748	A	0.304	0.01896985
2749	T	0.487	0.02221002
2750	C	0.511	0.0263455
2751	T	0.395	0.03726828
2752	A	-0.264	0.04548711
2753	T	-0.304	0.05946461
2754	A	-0.310	0.07540278
2755	G	0.239	0.09680992
2756	T	0.496	0.1053313
2757	C	0.457	0.1211195
2758	A	-0.530	0.1239668
2759	A	0.119	0.124707
2760	G	-0.271	0.1235949
2761	G	-0.302	0.1077711
2762	A	-0.018	0.09777745
2763	A	-0.422	0.086229
2764	A	-0.329	0.08256965
2765	T	-0.120	0.06963957
2766	T	0.413	0.06488378
2767	C	0.314	0.07148951
2768	T	0.425	0.05274835
2769	G	0.184	0.03594087
2770	G	0.234	0.02240217
2771	A	0.481	0.01282343
2772	A	0.195	0.01166455
2773	T	0.204	0.01795698
2774	C	0.271	0.03251486
2775	T	0.474	0.03927581
2776	T	0.356	0.02189226
2777	T	0.386	-0.00208881
2778	C	0.486	-0.01913033
2779	T	0	-0.01329205
 2780	T	-0.336	-0.01009869
2781	A	-0.468	0.00649869
2782	T	-0.393	0.02240583
2783	A	-0.419	0.02951633
2784	A	-0.157	0.049444
2785	G	-0.127	0.05207633
2786	T	-0.098	0.06369609
2787	G	-0.130	0.06504835
2788	A	0.078	0.05522242
2789	G	-0.298	0.03584956
2790	T	-0.401	0.02813294
2791	A	-0.080	0.01074028
2792	T	0.108	0.002381633
2793	C	0.347	-0.002801881
2794	A	0	-9.57619e-05
 2795	G	0.306	-0.004161738
2796	T	-0.026	-0.01010755
2797	A	-0.490	-0.01064998
2798	A	-0.510	-0.01422598
2799	T	-0.258	-0.02259829
2800	G	-0.285	-0.01557367
2801	T	0.253	-0.002956833
2802	C	0.425	0.01300567
2803	A	0.365	0.02738619
2804	C	0.280	0.02694507
2805	T	0.414	0.02737531
2806	T	-0.218	0.03738874
2807	G	0.367	0.04784782
2808	C	0.470	0.06106591
2809	A	-0.097	0.06369447
2810	G	-0.388	0.07791171
2811	A	-0.139	0.09308149
2812	A	-0.496	0.1053775
2813	C	0.130	0.1021216
2814	A	-0.022	0.09958843
2815	G	0.318	0.1102583
2816	G	0.101	0.1115583
2817	G	0.224	0.1170386
2818	C	0.333	0.1232677
2819	T	0.236	0.1418004
2820	G	0.135	0.158179
2821	C	0.295	0.17641
2822	C	0.193	0.162308
2823	A	0.201	0.1424027
2824	G	0.210	0.1358568
2825	G	-0.438	0.1179867
2826	A	-0.139	0.1124114
2827	G	0.293	0.1286494
2828	C	0.340	0.1311538
2829	C	0.425	0.1090193
2830	T	0.189	0.1178518
2831	C	0.298	0.1363875
2832	A	0.235	0.1492944
2833	G	0.435	0.1529825
2834	C	-0.027	0.147731
2835	T	0.240	0.143036
2836	T	0.448	0.1331919
2837	C	0.361	0.1318132
2838	T	0.204	0.1278661
2839	T	-0.229	0.1233969
2840	G	0.267	0.1281555
2841	C	0.429	0.1272288
2842	T	0.480	0.1244038
2843	C	-0.338	0.1123735
2844	A	-0.410	0.09473569
2845	T	0.090	0.09966259
2846	T	-0.469	0.1214309
2847	G	0.180	0.1241876
2848	C	0.463	0.1074949
2849	T	0.472	0.08804791
2850	G	-0.459	0.07252234
2851	T	0.273	0.07110274
2852	C	0.389	0.07096248
2853	T	0.402	0.07542631
2854	T	-0.341	0.0714581
2855	C	-0.089	0.08211403
2856	A	-0.219	0.07190613
2857	C	-0.094	0.06398777
2858	A	0.043	0.06251949
2859	G	0.058	0.06880882
2860	G	0.145	0.08468053
2861	G	0.436	0.0839492
2862	C	0.096	0.08075756
2863	T	0.176	0.07835608
2864	A	-0.312	0.09606813
2865	A	-0.539	0.1115518
2866	G	0.417	0.1105699
2867	G	0.476	0.1269613
2868	T	-0.023	0.1325743
2869	T	-0.407	0.132861
2870	A	-0.476	0.122222
2871	A	-0.227	0.1344191
2872	T	0.129	0.1262307
2873	C	0.292	0.1165168
2874	C	0.423	0.105702
2875	T	0.269	0.1209258
2876	C	0.419	0.1185153
2877	A	-0.188	0.1240016
2878	G	0.115	0.120499
2879	C	0.299	0.1133272
2880	C	0.468	0.1193422
2881	G	0.437	0.1109651
2882	T	0.236	0.09497507
2883	G	0.295	0.1026817
2884	G	0.379	0.1090945
2885	C	0.405	0.117316
2886	C	0.239	0.1342591
2887	A	0.049	0.1149841
2888	G	0.218	0.0951009
2889	C	0.416	0.0880531
2890	C	0.475	0.08755556
2891	T	0.025	0.0908142
2892	T	0.052	0.09774546
2893	C	-0.070	0.09390721
2894	T	-0.018	0.07905438
2895	A	-0.051	0.06279028
2896	G	0.297	0.0677583
2897	G	-0.191	0.06737485
2898	T	0.010	0.0797324
2899	A	-0.242	0.069253
2900	A	-0.258	0.05354519
2901	T	0.311	0.03288711
2902	G	-0.206	0.02247257
2903	G	-0.235	0.006360305
2904	C	0.419	-0.008818005
2905	G	0.445	-0.01272498
2906	T	0.033	-0.0169726
2907	T	0.172	-0.027756
2908	T	-0.391	-0.01866624
2909	T	-0.359	-0.01310783
2910	T	-0.319	-0.01190652
2911	A	-0.428	-0.01099155
2912	T	-0.339	-0.0001162
2913	A	0.064	-0.005817338
2914	G	-0.031	-0.01506524
2915	G	-0.331	-0.02647893
2916	A	-0.259	-0.03473184
2917	T	0.477	-0.0502607
2918	C	0.403	-0.05726101
2919	T	0.330	-0.06247685
2920	T	-0.324	-0.0496858
2921	G	-0.360	-0.05040759
2922	A	-0.399	-0.0651533
2923	A	0	-0.05574778
 2924	A	-0.439	-0.04013678
2925	G	-0.342	-0.05581945
2926	A	0.215	-0.0752654
2927	T	0.227	-0.08243218
2928	G	-0.213	-0.07909363
2929	A	0.431	-0.07710759
2930	C	0.451	-0.06138485
2931	T	0.466	-0.04361594
2932	C	0.513	-0.02601356
2933	T	0.482	-0.01088999
2934	T	-0.186	-0.01843608
2935	T	-0.459	-0.0253861
2936	A	-0.497	-0.02536898
2937	A	-0.398	-0.01225638
2938	A	-0.354	-0.02839167
2939	A	-0.485	-0.04770776
2940	T	-0.208	-0.06659569
2941	T	0.295	-0.06242917
2942	A	-0.288	-0.053852
2943	T	-0.307	-0.05149148
2944	T	0.188	-0.05419917
2945	T	0.420	-0.04004207
2946	T	-0.238	-0.02366064
2947	A	-0.371	-0.03052457
2948	T	-0.267	-0.03659386
2949	T	0.312	-0.0285864
2950	T	-0.308	-0.03436383
2951	C	0.301	-0.03542795
2952	C	0.426	-0.04210826
2953	T	0.310	-0.04827864
2954	C	0.295	-0.05354783
2955	T	-0.252	-0.05067249
2956	A	-0.323	-0.03365544
2957	A	-0.330	-0.01131804
2958	C	0.290	0.008445152
2959	T	-0.199	0.02718287
2960	T	-0.407	0.04091264
2961	A	-0.462	0.03902873
2962	A	-0.149	0.01956785
2963	G	0	0.02643364
 2964	G	-0.300	0.02861164
2965	T	-0.113	0.01505907
2966	A	0.154	-0.004491576
2967	C	0.345	-0.01060636
2968	A	-0.073	-0.0052516
2969	G	-0.027	0.01021707
2970	T	0.123	-0.0051071
2971	G	0.188	0.003583886
2972	C	0.407	-0.003891231
2973	T	0.186	-0.003196207
2974	C	0.254	-0.01462564
2975	T	0.261	-0.02879999
2976	T	-0.065	-0.03003245
2977	G	0.255	-0.02847871
2978	C	0.440	-0.00919066
2979	C	0.431	-0.00600866
2980	C	0.432	0.00253646
2981	A	0.091	0.01579196
2982	G	-0.287	0.01453189
2983	A	-0.522	0.008032198
2984	A	0	0.0001879357
 2985	G	-0.216	0.006578945
2986	G	-0.380	-0.003793436
2987	A	-0.400	6.649286e-05
2988	A	-0.495	0.0001465643
2989	A	-0.146	0.006471924
2990	C	0.381	0.004923874
2991	A	-0.330	-0.003634793
2992	G	0.056	-0.02109827
2993	T	-0.012	-0.03407563
2994	C	0.456	-0.02942325
2995	A	-0.169	-0.02734784
2996	T	-0.299	-0.03862227
2997	T	-0.304	-0.02773002
2998	T	-0.258	-0.03961711
2999	C	0.479	-0.05164462
3000	C	0.424	-0.05222088
3001	T	0.158	-0.06587981
3002	A	0.149	-0.05825091
3003	G	-0.515	-0.04446577
3004	G	-0.422	-0.02242127
3005	A	-0.329	-0.02442933
3006	A	-0.031	-0.009984
3007	A	-0.549	0.002081071
3008	A	0.316	0.02188648
3009	G	0.349	0.03593164
3010	G	0.192	0.04932714
3011	G	-0.092	0.04825295
3012	A	-0.236	0.05979759
3013	A	-0.544	0.04791782
3014	A	-0.137	0.03750199
3015	C	0.381	0.03403741
3016	C	0.342	0.03963812
3017	A	-0.212	0.04779358
3018	C	0.391	0.06095556
3019	A	-0.243	0.0770807
3020	C	-0.064	0.07418085
3021	T	0.407	0.07499877
3022	T	-0.141	0.06938198
3023	C	0.411	0.06317536
3024	C	0.291	0.06554986
3025	T	0.403	0.08000062
3026	G	-0.084	0.09952374
3027	G	0.390	0.1012531
3028	G	0.126	0.1106015
3029	G	0.430	0.1116663
3030	A	0.094	0.113155
3031	T	0.416	0.1190106
3032	G	0.336	0.1153952
3033	T	0.153	0.1321899
3034	G	-0.442	0.1552848
3035	A	-0.450	0.1601732
3036	C	0.310	0.1470482
3037	A	0.065	0.1364556
3038	G	0.042	0.151624
3039	C	0.248	0.1526873
3040	C	0.418	0.1692644
3041	T	0.357	0.1747424
3042	C	0.458	0.1554956
3043	T	-0.076	0.1583133
3044	T	-0.111	0.1449517
3045	T	-0.415	0.1319644
3046	G	0.184	0.1307032
3047	T	0.490	0.1319081
3048	C	0.040	0.1152178
3049	T	-0.156	0.1044313
3050	A	0.361	0.08129183
3051	C	0.411	0.07323888
3052	C	0.438	0.072087
3053	A	-0.244	0.06522522
3054	G	0.468	0.07200191
3055	C	0.425	0.0871657
3056	T	0.067	0.1046047
3057	A	-0.169	0.08672608
3058	C	-0.102	0.07728951
3059	T	0.424	0.06626438
3060	C	0.436	0.04818295
3061	C	0.452	0.0405267
3062	T	0.165	0.03449237
3063	T	-0.400	0.0141557
3064	T	-0.022	0.00497055
3065	G	-0.149	-0.004816379
3066	A	-0.254	-0.007152902
3067	C	0.350	-0.02337264
3068	T	-0.033	-0.04398347
3069	G	-0.310	-0.03497449
3070	T	-0.326	-0.02176851
3071	A	-0.540	-0.02625599
3072	A	-0.244	-0.03804933
3073	G	0.368	-0.04065592
3074	G	0.048	-0.0277128
3075	G	0.438	-0.03141869
3076	C	0.194	-0.03776304
3077	A	0.282	-0.03337063
3078	G	-0.440	-0.02252792
3079	A	-0.330	-0.03084775
3080	A	-0.420	-0.04555182
3081	A	-0.511	-0.06551135
3082	A	0.097	-0.08352159
3083	C	0.104	-0.09172928
3084	G	-0.395	-0.08874913
3085	A	-0.462	-0.08372403
3086	A	-0.522	-0.06906629
3087	A	-0.513	-0.0710457
3088	A	-0.496	-0.07725782
3089	G	-0.375	-0.080054
3090	C	0.419	-0.0828918
3091	A	0.397	-0.08733542
3092	G	0.173	-0.07271481
3093	G	-0.083	-0.05913307
3094	T	0.329	-0.05948622
3095	G	0.298	-0.05505734
3096	C	0.313	-0.0599947
3097	C	0.158	-0.05450829
3098	A	0.252	-0.05431008
3099	T	0.285	-0.04123631
3100	C	-0.452	-0.04448358
3101	T	-0.192	-0.0367718
3102	G	-0.401	-0.02576435
3103	A	-0.304	-0.02236648
3104	A	-0.179	-0.0145731
3105	G	-0.275	0.005355136
3106	G	0.188	0.0246329
3107	G	0.466	0.04661116
3108	A	-0.337	0.06116857
3109	A	0.089	0.07226448
3110	T	-0.151	0.0745305
3111	G	-0.429	0.05334893
3112	A	-0.513	0.03753738
3113	T	0.073	0.03819515
3114	C	0.326	0.04996084
3115	C	0.353	0.05063703
3116	A	0.234	0.04351932
3117	G	0.231	0.02993699
3118	G	0.424	0.0205437
3119	C	0.290	0.02382444
3120	T	0.108	0.02742301
3121	A	-0.466	0.0454347
3122	T	-0.096	0.0599892
3123	G	-0.048	0.06663313
3124	G	0.239	0.07900863
3125	C	0.431	0.08874384
3126	T	0.441	0.1051839
3127	C	0.346	0.1095307
3128	G	0.400	0.08703706
3129	C	0.097	0.08513589
3130	A	-0.030	0.0705728
3131	G	-0.279	0.06268082
3132	T	-0.470	0.06619811
3133	A	-0.266	0.08802025
3134	G	0.200	0.08801154
3135	G	0.410	0.0734013
3136	C	0.357	0.05218899
3137	A	0	0.03408454
 3138	G	-0.257	0.03354642
3139	A	-0.235	0.03144666
3140	G	0.389	0.03486556
3141	C	0.436	0.04142956
3142	T	0.304	0.05082072
3143	C	0.418	0.05603713
3144	A	-0.122	0.062769
3145	G	0.215	0.06730704
3146	G	0.229	0.06530752
3147	C	0.414	0.04849969
3148	T	0.370	0.04389295
3149	G	-0.478	0.04367066
3150	A	-0.417	0.04549942
3151	G	-0.521	0.04938063
3152	A	-0.482	0.06208806
3153	A	-0.282	0.07989049
3154	G	0.403	0.08584505
3155	C	0.072	0.08578571
3156	A	-0.287	0.08418262
3157	A	-0.537	0.08455914
3158	A	-0.525	0.09026726
3159	G	0.208	0.10597
3160	C	0.336	0.1219448
3161	C	0.434	0.1164571
3162	C	0.384	0.1085589
3163	A	-0.072	0.09881455
3164	G	0.122	0.09581876
3165	G	0.233	0.1028366
3166	C	0.430	0.1068738
3167	T	0.347	0.1119878
3168	G	-0.264	0.1065971
3169	G	0.153	0.1042596
3170	C	0.391	0.1256012
3171	T	0.174	0.1464277
3172	T	0.132	0.168366
3173	C	0.253	0.1910799
3174	C	0.277	0.209476
3175	A	-0.016	0.205363
3176	G	0.198	0.2101829
3177	C	0.343	0.2202148
3178	C	0.373	0.23774
3179	A	0.239	0.2607946
3180	G	0.402	0.262783
3181	G	0.435	0.2578541
3182	T	0.159	0.243299
3183	G	0.105	0.2438379
3184	A	-0.105	0.2387801
3185	C	0.292	0.2305041
3186	C	0.171	0.2351115
3187	C	0.385	0.2322122
3188	T	0.444	0.2261987
3189	G	0.188	0.2313005
3190	T	0.272	0.2347962
3191	C	0.417	0.2169692
3192	A	0.457	0.2080545
3193	C	0.399	0.1977926
3194	T	0.471	0.1923416
3195	C	0.490	0.1943997
3196	A	0.230	0.2043238
3197	T	0.275	0.2066513
3198	T	0.134	0.2104438
3199	C	0.198	0.1921728
3200	C	0.442	0.1816333
3201	T	0.292	0.1800348
3202	C	0.129	0.1778268
3203	T	-0.177	0.1782276
3204	A	0.407	0.1793403
3205	G	-0.284	0.1803425
3206	G	-0.224	0.1842558
3207	T	0.427	0.1843403
3208	T	0.308	0.1779275
3209	T	0.095	0.1646195
3210	G	-0.050	0.1495257
3211	G	0.300	0.1309203
3212	A	-0.357	0.1093396
3213	T	-0.199	0.0994219
3214	T	-0.298	0.08674838
3215	T	0.024	0.06665536
3216	C	0.363	0.05302563
3217	C	0.400	0.05444923
3218	C	0.295	0.05808346
3219	C	0.502	0.06335718
3220	A	-0.394	0.05834201
3221	T	-0.202	0.05816148
3222	A	0.335	0.04726184
3223	T	0.342	0.03872184
3224	G	0.176	0.03236891
3225	T	0.151	0.02586772
3226	G	-0.063	0.04202348
3227	C	0.457	0.05788155
3228	C	0.175	0.05707836
3229	A	0.115	0.05970201
3230	A	-0.114	0.04616864
3231	T	-0.445	0.05690059
3232	A	-0.508	-
3233	A	-0.488	-
3234	A	0.041	-
3235	G	-0.132	-
3236	G	-0.372	-
3237	A	-0.081	-
3238	T	0.290	-
3239	C	0.427	-
3240	T	0.355	-
3241	G	-0.012	-
3242	C	0.434	-
3243	A	-0.165	-
3244	A	-0.228	-
3245	A	-0.443	-
3246	C	0.134	-
3247	C	0.393	-
3248	C	0.441	-
3249	C	0.393	-
3250	T	0.418	-
3251	G	-0.473	-
3252	T	0.400	-
