1	G	-0.202	-
2	T	0.395	-
3	A	-0.162	-
4	G	-0.244	-
5	A	-0.168	-
6	G	0.444	-
7	G	-0.160	-
8	A	0.114	-0.02687525
9	G	-0.074	-0.005708047
10	G	0.320	-0.01881578
11	T	0.166	-0.009163827
12	G	-0.247	-0.009313693
13	G	0	-0.02550989
 14	A	-0.356	-0.06126229
15	A	-0.227	-0.05165701
16	T	0.114	-0.02901688
17	C	0.198	0.0030737
18	G	-0.017	0.0005342333
19	G	-0.246	0.002019367
20	A	-0.411	0.01728356
21	A	-0.091	0.03712169
22	G	-0.016	0.05089109
23	C	0.454	0.08409223
24	C	0.406	0.09118429
25	A	0.282	0.09417449
26	G	0.189	0.1183817
27	G	-0.018	0.1436991
28	A	0.297	0.1568237
29	G	-0.149	0.1375232
30	G	0.270	0.1422221
31	C	0.221	0.1363646
32	A	0.243	0.1281812
33	C	0.345	0.1366316
34	T	0.133	0.145444
35	G	-0.214	0.1674857
36	A	-0.381	0.1633609
37	A	0.053	0.1978163
38	T	0.366	0.1633898
39	C	0.283	0.1617413
40	C	0.409	0.1292906
41	T	0.321	0.1305918
42	G	0.311	0.1454627
43	C	0.235	0.139881
44	C	0.366	0.1440053
45	T	-0.246	0.105761
46	G	0.196	0.08323315
47	G	-0.243	0.07548935
48	T	0.364	0.07598821
49	G	0.356	0.04859017
50	G	-0.298	0.008607507
51	A	-0.319	-0.03572796
52	G	-0.519	-0.08752983
53	A	0.028	-0.1050684
54	C	0.167	-0.1168544
55	A	0.416	-0.09573561
56	G	-0.089	-0.1358124
57	T	-0.288	-0.1318693
58	G	-0.429	-0.08881534
59	A	-0.410	-0.04452027
60	A	-0.509	-0.01347447
61	A	0.019	-0.03782495
62	T	0.073	-0.07909269
63	G	-0.236	-0.1339932
64	T	0.415	-0.1506516
65	T	0.347	-0.1303677
66	C	0.345	-0.1115159
67	A	-0.054	-0.1131699
68	G	-0.336	-0.08231202
69	A	-0.451	-0.05490453
70	A	-0.406	-0.04400044
71	A	-0.339	-0.01803371
72	A	0.016	-0.07737304
73	C	-0.146	-0.09513604
74	G	-0.434	-0.08989257
75	A	-0.046	-0.05763184
76	C	0.430	-0.008726373
77	A	0.237	0.03310576
78	G	0.153	0.04192129
79	G	-0.474	0.04363136
80	A	0.080	0.006818167
81	T	0.423	-0.01910083
82	C	0.429	-0.02479043
83	C	0.397	-0.003106067
84	T	0.176	-0.004973067
85	G	-0.274	0.0064984
86	A	-0.313	0.02606347
87	G	-0.536	0.08647487
88	A	-0.535	0.0923396
89	A	-0.520	0.0327516
90	G	0.278	-0.01263807
91	C	0.402	-0.0678786
92	C	0.409	-0.1124645
93	C	0.446	-0.1145122
94	G	0.431	-0.0638628
95	T	0.168	0.0006116667
96	G	-0.469	0.04203361
97	G	-0.251	0.06472288
98	A	-0.431	0.04330219
99	A	-0.492	5.092e-05
100	A	-0.305	-0.03362627
101	G	0.445	-0.03781781
102	C	0.431	-0.04743634
103	T	0.085	-0.06920881
104	G	-0.179	-0.00959494
105	A	-0.042	0.03745206
106	G	-0.245	0.06461532
107	A	-0.096	0.1176553
108	G	0.383	0.1403748
109	T	0.287	0.1456351
110	G	-0.157	0.1333162
111	G	0.424	0.09585861
112	C	0.454	0.07310941
113	G	-0.024	0.04748277
114	T	0.303	0.0338737
115	T	0.035	0.01560109
116	C	0.524	-0.03394811
117	A	0.246	-0.02708137
118	T	-0.475	0.007496693
119	T	-0.521	-0.004443173
120	A	-0.426	-0.01925237
121	G	-0.449	-0.0002888333
122	T	-0.370	-0.002136033
123	A	-0.359	-0.024208
124	G	0.390	-0.07807733
125	C	0.360	-0.1272193
126	C	0.245	-0.07275973
127	A	0.232	-0.02654547
128	G	0.260	0.0295614
129	C	0.275	0.06470567
130	A	-0.295	0.08363666
131	G	-0.283	0.1231338
132	A	-0.490	0.1098863
133	G	0.341	0.09181545
134	G	0.172	0.06488799
135	T	0.414	0.06395725
136	C	0.077	0.04735387
137	A	-0.086	0.0080616
138	G	0.233	0.01823627
139	G	0.191	0.009756533
140	G	0.089	0.03358293
141	A	-0.158	-0.01447307
142	G	0.218	-0.02594627
143	C	0.011	-0.02188587
144	A	-0.314	-0.01282894
145	A	-0.142	0.00104734
146	A	-0.410	-0.00162466
147	G	-0.133	0.004953873
148	A	-0.379	-0.03039919
149	T	0	-0.05538039
 150	G	0.475	-0.05763905
151	C	0.213	-0.04065067
152	A	0.122	0.009143
153	T	0.192	0.03166307
154	C	0.290	0.02494613
155	A	-0.440	0.004735
156	A	-0.533	0.0565966
157	G	0.184	0.06918613
158	G	0.266	0.0648684
159	T	0.432	0.07223987
160	G	0.195	0.06891613
161	G	-0.511	0.04193053
162	A	-0.436	0.03056433
163	G	0.398	0.04831026
164	C	0.188	0.05511706
165	C	0.410	0.02366326
166	C	0.323	0.03513206
167	T	0.072	0.01136409
168	G	-0.211	0.02695202
169	A	0.119	0.04373309
170	T	-0.174	0.08448769
171	G	-0.431	0.03704995
172	G	-0.287	0.008719753
173	T	0.438	-0.05045638
174	T	0.076	-0.1069186
175	T	0.428	-0.1468024
176	G	-0.259	-0.1519961
177	G	0.174	-0.1463135
178	A	-0.313	-0.1346976
179	G	-0.236	-0.07708157
180	A	-0.476	-0.04602944
181	A	-0.523	-0.04746877
182	A	-0.526	-0.03091913
183	A	-0.289	-0.03331653
184	G	0.205	0.0111374
185	T	0	0.0212558
 186	C	0.432	0.01392367
187	T	0.178	0.006084333
188	G	0.416	0.0089642
189	G	0.324	0.05051155
190	C	0.392	0.09977455
191	C	0.407	0.148629
192	T	0.326	0.1349614
193	T	-0.423	0.1483225
194	G	-0.353	0.1265749
195	A	-0.433	0.1351263
196	A	0.099	0.1282857
197	T	0.212	0.1164211
198	C	0.443	0.1009229
199	T	0	0.09419561
 200	G	0.200	0.08923755
201	C	0.106	0.1291727
202	T	0.306	0.13643
203	C	0.313	0.1379044
204	T	0.146	0.1427627
205	G	0.160	0.1125565
206	C	0.306	0.0690328
207	T	0.252	0.06464989
208	G	0.175	0.03545869
209	G	-0.244	0.01911503
210	A	-0.411	0.02021096
211	G	0.172	0.02834976
212	A	-0.240	0.04832683
213	G	-0.209	0.04230927
214	A	-0.065	0.0007168733
215	T	-0.237	-0.02883566
216	C	-0.138	-0.07539993
217	T	0.323	-0.08699566
218	C	0.435	-0.08372133
219	C	0.446	-0.1078585
220	T	0.070	-0.1233129
221	G	-0.317	-0.07894639
222	T	-0.191	-0.05038329
223	A	-0.522	-0.02935829
224	A	-0.418	-0.023715
225	A	-0.362	-0.04163949
226	G	-0.189	-0.04562195
227	A	-0.472	-0.04901982
228	C	0.455	-0.03057333
229	C	0.362	0.002941333
230	A	0.077	0.03161913
231	T	-0.053	0.07964453
232	G	0.054	0.1022025
233	G	0.376	0.1353762
234	G	0.395	0.1423184
235	G	0.346	0.1600649
236	A	0.185	0.09466344
237	G	0.239	0.03763371
238	T	0.197	0.01926878
239	C	-0.080	-0.0008901133
240	A	0.135	0.001104067
241	G	-0.085	-0.0553562
242	T	-0.205	-0.06201893
243	G	-0.525	-0.0561182
244	A	-0.492	-0.0421732
245	G	-0.197	-0.05038513
246	A	-0.356	-0.0754342
247	G	0.084	-0.09812724
248	A	-0.470	-0.128075
249	T	0.295	-0.1463498
250	G	0.435	-0.1605491
251	C	0.394	-0.1238379
252	T	0.115	-0.09846461
253	G	-0.178	-0.1028232
254	A	-0.420	-0.06290547
255	G	-0.313	-0.05838543
256	A	-0.359	-0.005703367
257	T	-0.418	0.0002056333
258	A	0.025	0.0071649
259	C	-0.112	-0.02091555
260	T	-0.262	-0.05410268
261	G	0.242	-0.05773395
262	T	0.152	-0.0349392
263	C	0.319	-0.001529
264	C	0.384	0.0491008
265	C	0.539	0.1029219
266	G	-0.026	0.1147594
267	A	-0.381	0.1332849
268	T	-0.232	0.1644514
269	T	-0.078	0.1773095
270	G	0.187	0.194249
271	C	0.400	0.2017587
272	C	0.388	0.2053045
273	T	0.202	0.1633151
274	G	0.165	0.1792474
275	G	0.204	0.227242
276	C	0.435	0.2686659
277	C	0.406	0.2796535
278	C	0.432	0.2962649
279	T	0.437	0.25491
280	G	-0.089	0.1949638
281	G	0.212	0.151781
282	T	0.337	0.1725667
283	C	0.388	0.168832
284	T	0.085	0.1508011
285	G	0.436	0.121105
286	T	-0.220	0.0580535
287	A	-0.510	-0.003787167
288	A	-0.444	-0.03186886
289	T	0.477	-0.02843806
290	G	0.148	-0.05184979
291	T	0.164	-0.05160619
292	C	-0.039	-0.04245049
293	A	-0.513	-0.07665977
294	A	-0.490	-0.07303737
295	A	-0.511	-0.03981964
296	G	0.263	0.00136256
297	G	-0.013	-0.005851173
298	G	0.392	0.01326496
299	A	0.223	0.02558389
300	G	-0.076	0.03566678
301	G	-0.165	0.06194938
302	A	-0.012	0.09927363
303	T	0.172	0.1360902
304	C	0.369	0.1494119
305	C	0.435	0.1787704
306	C	0.349	0.176413
307	A	0.112	0.1458638
308	G	-0.119	0.1398333
309	G	0.069	0.1654443
310	A	0.041	0.1828077
311	C	0.463	0.1932192
312	C	0.427	0.1685979
313	A	0.356	0.1329269
314	T	-0.234	0.1314977
315	T	-0.167	0.1180579
316	T	0.218	0.1236803
317	C	0.247	0.1212583
318	T	0.329	0.08742008
319	C	0	0.06775301
 320	G	-0.099	0.06767401
321	T	0.328	0.05450248
322	G	-0.089	0.09514161
323	T	-0.034	0.1034612
324	G	0.033	0.1061901
325	A	-0.466	0.07491805
326	T	0.168	0.01724665
327	C	0.425	0.01791388
328	A	0.159	0.05185055
329	C	0.374	0.03172763
330	C	-0.042	0.05294101
331	A	0.259	0.08636265
332	T	-0.221	0.08919921
333	C	-0.535	0.1321101
334	T	0.010	0.1158073
335	C	0.409	0.08617883
336	G	0.026	0.09906516
337	G	0.228	0.09429429
338	G	0.466	0.1253855
339	G	0.075	0.1369913
340	A	0.177	0.1619645
341	G	-0.076	0.2068838
342	G	-0.018	0.2206672
343	T	0.352	0.2137184
344	C	0.303	0.2155671
345	C	0.423	0.1824943
346	C	0.433	0.1225634
347	C	0.153	0.08438808
348	A	0.137	0.04200675
349	G	0.216	0.02262479
350	C	0.305	0.01780623
351	T	0.054	0.02313029
352	G	-0.267	0.03070389
353	A	-0.432	0.03467629
354	G	-0.496	0.02921029
355	A	-0.458	0.02598469
356	T	-0.366	-0.01133124
357	G	-0.090	-0.05756371
358	C	0.432	-0.1145282
359	C	0.416	-0.1327258
360	C	0.483	-0.1075955
361	C	0.351	-0.05280497
362	A	0.105	0.0094837
363	C	-0.421	0.06718023
364	A	-0.476	0.11285
365	T	-0.549	0.1267305
366	A	-0.218	0.1091756
367	G	0.109	0.07911818
368	G	0.389	0.02455891
369	C	0.437	-0.01797869
370	C	0.406	-0.02498602
371	C	0.318	0.03122651
372	C	0.117	0.05380371
373	A	0.169	0.08664779
374	C	-0.034	0.1312123
375	A	-0.334	0.1573063
376	A	-0.286	0.1560477
377	C	0	0.1583246
 378	T	0.421	0.1358754
379	G	-0.138	0.1110479
380	G	-0.056	0.08640493
381	T	0.449	0.05710573
382	C	0.500	0.05565911
383	G	0.370	0.08088222
384	T	0.471	0.1031872
385	T	0.070	0.07107104
386	G	-0.054	0.03449051
387	T	-0.252	0.06495637
388	G	-0.270	0.08852196
389	T	-0.055	0.04526669
390	T	0.043	0.01926309
391	T	0.047	-0.03003764
392	G	-0.481	-0.07989344
393	A	-0.127	-0.09167349
394	G	0.318	-0.07744964
395	C	0.296	-0.07441104
396	C	-0.199	-0.04267324
397	A	0.110	-0.02538787
398	A	-0.369	-0.01260118
399	C	-0.276	0.0094206
400	A	-0.106	0.07489267
401	C	0.159	0.097739
402	G	-0.206	0.09744247
403	T	0.205	0.0951768
404	C	0.203	0.1360792
405	T	0.235	0.1453489
406	G	0.378	0.1826427
407	G	0.500	0.226916
408	G	0.215	0.2497165
409	A	0.314	0.2711775
410	C	0.262	0.2867545
411	T	0.414	0.2730357
412	T	0.249	0.2389345
413	G	0.190	0.2042173
414	T	0.387	0.1590796
415	G	0.235	0.135984
416	T	0.481	0.1407659
417	C	0.027	0.1422549
418	T	0	0.1419014
 419	T	-0.308	0.1367088
420	A	-0.285	0.13528
421	T	-0.298	0.1174826
422	G	0.153	0.06673529
423	C	0.286	0.02571556
424	A	0.336	-0.03833031
425	G	0.257	-0.07035696
426	C	0.336	-0.09673716
427	C	0.228	-0.106851
428	A	-0.076	-0.0922344
429	T	-0.373	-0.09072707
430	A	-0.379	-0.1351743
431	G	-0.479	-0.1883992
432	A	-0.453	-0.2437559
433	A	-0.395	-0.2712811
434	A	-0.459	-0.2659217
435	C	-0.066	-0.2563438
436	T	-0.276	-0.2501585
437	A	-0.512	-0.2592325
438	A	-0.511	-0.2616927
439	A	-0.493	-0.2568649
440	G	-0.155	-0.2571976
441	C	0.416	-0.2334073
442	G	0.372	-0.1876071
443	T	0.016	-0.1980486
444	T	-0.509	-0.1987482
445	T	-0.416	-0.1553632
446	T	-0.407	-0.1052058
447	G	-0.458	-0.0458961
448	T	-0.038	-0.0491789
449	T	0.227	-0.06305223
450	T	-0.222	-0.05948277
451	G	-0.286	-0.03372676
452	C	0.137	0.02514751
453	C	0.240	0.08664791
454	T	0.396	0.1068845
455	T	-0.204	0.1014163
456	G	0.208	0.09439827
457	C	0.425	0.066109
458	C	0.402	0.1110437
459	C	0.373	0.1504375
460	C	0.505	0.1661085
461	A	-0.103	0.1794465
462	A	-0.540	0.1513852
463	A	-0.144	0.1927906
464	C	-0.197	0.2062712
465	T	0.451	0.2059245
466	T	0.304	0.2062675
467	C	0.373	0.1913263
468	C	0.441	0.1685723
469	A	-0.024	0.1677364
470	G	0.416	0.2003459
471	C	0.410	0.1938057
472	C	0.420	0.2367248
473	A	0.407	0.2268389
474	C	0.149	0.2278472
475	G	0.164	0.2310927
476	G	-0.116	0.2306268
477	A	-0.051	0.2237057
478	G	-0.242	0.2117469
479	T	0.446	0.1805652
480	C	0.302	0.1622719
481	C	0.319	0.1342648
482	C	0.421	0.1482437
483	C	0.434	0.1610311
484	T	-0.128	0.1967395
485	A	0.237	0.226312
486	C	-0.056	0.2698495
487	C	0.146	0.2543329
488	A	-0.012	0.229571
489	C	0.359	0.1947183
490	C	0.356	0.1787586
491	C	0.419	0.1667325
492	C	0.392	0.1895732
493	T	0.410	0.1965468
494	G	0.213	0.2321293
495	C	-0.068	0.2456015
496	A	-0.203	0.2249134
497	A	0.182	0.1986946
498	C	0.253	0.2004276
499	C	0.213	0.1997543
500	G	0.341	0.1747766
501	C	0.476	0.1696676
502	T	0.348	0.1706863
503	T	-0.322	0.2026318
504	C	-0.034	0.2113117
505	T	0.382	0.2141635
506	C	0.409	0.1652899
507	T	0.017	0.1782814
508	G	0.334	0.1512085
509	C	0.229	0.09729197
510	T	0.410	0.1034946
511	G	-0.073	0.1525726
512	T	0.225	0.1691678
513	A	-0.479	0.1593415
514	T	0.408	0.1129334
515	T	-0.064	0.08122662
516	T	-0.331	0.03040975
517	T	0.441	0.01824796
518	C	0.413	-0.00279228
519	T	0.214	0.01662622
520	T	0.234	0.01665762
521	T	-0.286	0.06069875
522	G	-0.457	0.02863165
523	T	-0.428	0.02298987
524	A	0.046	0.05023298
525	A	0.095	0.04839505
526	G	0.218	0.01305605
527	C	0.225	0.006412513
528	A	0.181	0.01536525
529	T	-0.072	0.00630658
530	T	-0.149	0.03861825
531	T	0.076	0.09624439
532	C	0.413	0.1296873
533	T	-0.116	0.1353541
534	C	0.115	0.1157473
535	A	0.369	0.09672387
536	T	-0.422	0.05840207
537	A	0.026	0.05753803
538	C	0.436	0.07230533
539	T	0.548	0.03948562
540	G	0.180	0.04530322
541	A	-0.076	0.05485361
542	C	-0.059	0.02495567
543	A	-0.393	-0.01214473
544	A	-0.085	0.02472394
545	C	0.072	0.0463828
546	A	-0.415	-0.01129433
547	C	0.500	-0.05473133
548	T	0.026	-0.04898927
549	A	-0.333	-0.02059951
550	T	-0.187	0.01006735
551	A	0.130	0.04973982
552	C	0.351	0.08425496
553	A	-0.428	0.1098703
554	G	-0.103	0.167901
555	T	0.266	0.1367437
556	C	0.349	0.1234544
557	C	0.400	0.1318975
558	A	0.201	0.1743708
559	G	0.432	0.1624592
560	G	0.456	0.1465196
561	T	0.455	0.2012689
562	T	0.033	0.2245296
563	C	-0.172	0.2067861
564	A	-0.206	0.1820954
565	T	0.449	0.1370039
566	T	-0.048	0.1443104
567	G	0.112	0.1329572
568	C	0.392	0.1309522
569	T	0.245	0.1310694
570	G	0	0.1574221
 571	A	-0.020	0.1944486
572	G	-0.276	0.2375251
573	T	0.311	0.2384944
574	C	0.262	0.2679187
575	C	0.426	0.2412687
576	C	0.456	0.1873612
577	C	0.428	0.1514261
578	A	0.382	0.1624129
579	C	0.439	0.1963232
580	T	0.464	0.1921521
581	G	0.393	0.1531455
582	T	-0.287	0.1209824
583	A	-0.416	0.09591264
584	T	-0.293	0.09790957
585	A	0.164	0.06757009
586	C	0.488	0.05127122
587	A	-0.338	-0.008771113
588	T	-0.274	-0.06216285
589	T	-0.220	-0.09093869
590	G	0.050	-0.09820455
591	T	0.486	-0.05824229
592	T	-0.026	-0.04185209
593	T	0.138	-0.06810729
594	T	-0.461	-0.1222
595	G	-0.336	-0.117017
596	A	-0.038	-0.1173666
597	A	-0.396	-0.09569309
598	C	0.183	-0.1103459
599	A	-0.047	-0.1311719
600	G	-0.229	-0.09536477
601	A	-0.323	-0.1258684
602	A	-0.260	-0.08680244
603	T	-0.279	-0.07395891
604	T	0.104	-0.0926104
605	T	-0.169	-0.06460149
606	G	0.174	-0.07681803
607	T	0.510	-0.06261856
608	T	-0.319	-0.08235696
609	A	0.124	-0.08764983
610	A	-0.143	-0.1019152
611	C	-0.318	-0.1014842
612	T	0.023	-0.1378687
613	A	0	-0.1505045
 614	C	0.165	-0.1873834
615	A	-0.525	-0.2530169
616	A	-0.402	-0.2586694
617	G	-0.474	-0.2621686
618	A	-0.272	-0.28509
619	A	-0.440	-0.2828923
620	G	-0.358	-0.2665486
621	A	-0.378	-0.2359745
622	A	-0.473	-0.2176537
623	T	-0.404	-0.1548617
624	C	0.072	-0.1627806
625	A	-0.487	-0.1364042
626	A	-0.285	-0.1356319
627	C	0.269	-0.09416413
628	C	0.458	-0.0596058
629	C	0.440	-0.005613067
630	T	0.416	0.0396628
631	A	-0.521	0.07887287
632	A	-0.079	0.08325715
633	G	-0.261	0.1432626
634	G	0.181	0.1914953
635	T	0.159	0.1901924
636	C	0.431	0.1892706
637	T	0.205	0.1697621
638	G	0.183	0.1720754
639	G	0.138	0.2365055
640	T	0.412	0.2269332
641	C	0.438	0.2084613
642	C	0.249	0.1659837
643	G	0.444	0.1439887
644	T	0.147	0.1171559
645	G	0.451	0.1294499
646	G	0.444	0.1393101
647	T	-0.222	0.1446819
648	T	-0.538	0.1200494
649	A	-0.455	0.06584677
650	G	-0.170	0.05695437
651	A	0.028	0.01700357
652	G	0.389	0.0179999
653	C	0.331	-0.01209857
654	G	0.218	-0.04834453
655	A	0.042	-0.06846379
656	G	-0.374	-0.06654139
657	G	0.116	-0.05785819
658	A	-0.154	-0.01996186
659	C	0.162	-0.04781161
660	A	0	-0.05242561
 661	C	-0.098	-0.05452334
662	A	-0.524	-0.04044407
663	A	-0.509	-0.07874016
664	A	-0.325	-0.02822756
665	G	0.398	-0.02331336
666	C	-0.389	0.02077964
667	A	0.320	0.02819124
668	T	0.300	0.01326244
669	C	0.429	0.02297185
670	A	-0.531	0.05346555
671	T	0.382	0.06383949
672	G	0.189	0.05438595
673	G	0.506	0.01274875
674	G	0.273	0.01030822
675	A	-0.223	-0.009100627
676	T	0.046	-0.03203733
677	T	-0.067	-0.0364144
678	T	-0.353	0.02979273
679	A	-0.467	0.03398653
680	A	-0.226	0.007480267
681	T	-0.425	-0.01319787
682	T	0.029	-0.0208972
683	T	-0.043	0.02543813
684	C	0.364	0.01547429
685	C	0.461	0.02996998
686	T	0.445	0.06684465
687	G	-0.207	0.1202764
688	T	0.196	0.1660147
689	G	0.158	0.211337
690	C	0.471	0.2320528
691	A	-0.102	0.2480635
692	T	0.150	0.2452352
693	C	0.199	0.2462339
694	T	0.333	0.2443771
695	C	0.459	0.2270253
696	C	0.254	0.203029
697	T	0.340	0.2211401
698	T	0.196	0.2100311
699	C	0.321	0.2313929
700	C	0.476	0.2426003
701	T	0.417	0.2566912
702	T	-0.467	0.2475113
703	A	-0.163	0.2443227
704	C	0.430	0.2468049
705	T	0.304	0.2544945
706	C	0.217	0.2616875
707	C	0.318	0.2572947
708	G	0.410	0.2462089
709	T	0.196	0.2334204
710	C	0.411	0.2771329
711	C	0.291	0.3105875
712	T	0.455	0.3082439
713	T	0.304	0.3114071
714	C	0.255	0.30658
715	C	0.310	0.2681387
716	C	0.225	0.2381398
717	T	0.187	0.2371696
718	C	0.338	0.2418817
719	C	0.394	0.211429
720	C	0.351	0.1700768
721	T	0.145	0.1594609
722	T	-0.258	0.1745906
723	T	-0.039	0.133035
724	C	0.181	0.1342892
725	T	0.482	0.1041696
726	G	-0.165	0.08068875
727	T	-0.164	0.05760995
728	G	0.145	0.04085615
729	C	0.482	0.05260695
730	T	-0.313	0.04477535
731	A	0.244	0.03060084
732	A	-0.264	0.04229964
733	G	-0.013	0.008330313
734	C	0.048	-
735	A	0.100	-
736	T	0.321	-
737	G	-0.375	-
738	T	-0.252	-
739	A	0.357	-
740	C	-0.027	-
