1	A	0.415	-
2	G	-0.087	-
3	C	-0.050	-
4	A	0.197	-
5	C	0.132	-
6	A	-0.081	-
7	G	0.160	-
8	C	0.230	-
9	A	-0.033	-
10	G	0.210	-
11	C	0.207	-
12	T	0.450	-
13	T	0.089	-
14	G	0.106	-
15	T	-0.438	-
16	G	0.086	0.05143118
17	A	-0.473	0.04904354
18	T	0.027	0.05582974
19	G	-0.101	0.0636816
20	G	0.248	0.07123618
21	G	0.413	0.07682395
22	C	0.361	0.09377342
23	G	-0.099	0.1016917
24	A	-0.458	0.1083552
25	T	-0.310	0.1230875
26	T	-0.492	0.1288141
27	A	-0.153	0.1362792
28	C	0.370	0.1166136
29	C	0.195	0.1244311
30	A	0.280	0.1175433
31	T	0.191	0.1186749
32	C	0.341	0.1016086
33	A	0.122	0.1052564
34	T	0.192	0.1060079
35	C	0.431	0.1201889
36	C	0.306	0.1135998
37	T	0.444	0.102394
38	T	0.405	0.08129843
39	C	0.436	0.06864881
40	C	0.422	0.08756549
41	C	0.388	0.1067005
42	C	0.439	0.1285951
43	A	-0.159	0.1352595
44	C	0.331	0.1258245
45	A	-0.106	0.1330304
46	C	-0.403	0.138347
47	A	-0.442	0.1413
48	A	-0.360	0.1441559
49	T	0.050	0.1482156
50	G	0.337	0.1446246
51	G	0.043	0.1269227
52	G	0.066	0.1066648
53	A	-0.292	0.07722923
54	C	-0.491	0.04648572
55	A	0.128	0.03992004
56	C	0.282	0.03306985
57	C	0.186	0.02713078
58	A	0.053	0.02606136
59	G	0.077	0.02762214
60	C	0.418	0.006051877
61	C	0.445	0.001690103
62	T	0.282	0.0009899742
63	G	0.429	0.01902091
64	C	0.248	0.02258165
65	T	0.081	0.02731773
66	G	-0.117	0.01258193
67	A	-0.321	0.01436912
68	A	-0.468	0.0143518
69	A	-0.547	0.03777741
70	T	0.233	0.06444376
71	C	0.210	0.07510135
72	C	0.204	0.06946799
73	C	0.405	0.06700641
74	A	-0.111	0.07849178
75	T	-0.337	0.09077633
76	T	-0.241	0.09009214
77	T	-0.424	0.07490501
78	C	0.116	0.07509372
79	A	-0.250	0.07673095
80	C	0.197	0.06714785
81	A	-0.118	0.06186451
82	G	0.099	0.0700777
83	A	0.065	0.08046341
84	G	0.433	0.1089466
85	G	0.335	0.1406753
86	C	0.458	0.1428588
87	A	0.107	0.1266463
88	C	0.109	0.1063682
89	A	0.409	0.08084983
90	C	0.458	0.085766
91	C	0.397	0.08327313
92	A	-0.025	0.09482113
93	C	0.288	0.1153102
94	T	0.480	0.09887952
95	G	-0.048	0.09200639
96	A	-0.082	0.08925558
97	G	0.137	0.1003388
98	G	0	0.1045145
 99	C	0.414	0.1143667
100	T	0.436	0.1093983
101	G	0.301	0.1042908
102	G	-0.292	0.09167387
103	A	-0.424	0.09516397
104	A	-0.385	0.1036956
105	G	0.041	0.1046086
106	G	-0.414	0.1036117
107	A	0.116	0.1046563
108	C	0.210	0.1042873
109	A	-0.393	0.1078309
110	A	-0.463	0.1060876
111	G	0.112	0.120494
112	T	0.224	0.1386247
113	C	0.228	0.1455008
114	A	0.371	0.1508525
115	C	0.279	0.1228362
116	C	0.176	0.09665196
117	A	0.067	0.07242283
118	G	0.216	0.06818551
119	C	0.374	0.08832103
120	C	0.437	0.1051286
121	T	0.427	0.101495
122	G	0.429	0.1182059
123	G	-0.036	0.1284497
124	G	0.398	0.133472
125	C	0.426	0.1598349
126	T	0.398	0.180963
127	T	0.479	0.1824713
128	C	0.350	0.1846294
129	T	0.165	0.1860712
130	C	-0.453	0.1870316
131	A	-0.375	0.1908716
132	A	-0.450	0.1964329
133	A	-0.423	0.2076846
134	C	0.199	0.1950047
135	T	0.135	0.1731119
136	G	-0.071	0.1496946
137	A	0.103	0.1296414
138	G	0.433	0.1273034
139	C	0.365	0.1322381
140	C	0.424	0.1262932
141	C	0.191	0.1040155
142	T	0.159	0.09266229
143	T	0.291	0.07841699
144	C	0.273	0.07304573
145	A	0.401	0.06676632
146	C	0.398	0.06641616
147	C	0.349	0.06087848
148	C	0.416	0.06651584
149	A	-0.176	0.07755359
150	A	-0.304	0.06662904
151	C	-0.288	0.0697524
152	A	-0.193	0.08380491
153	G	0.357	0.07164285
154	T	0.116	0.04142091
155	G	0.214	0.02070049
156	G	-0.264	-0.007725603
157	A	0.046	-0.02883718
158	C	0.038	-0.05042776
159	T	0.183	-0.07038641
160	T	-0.028	-0.08616744
161	C	-0.464	-0.1128355
162	A	-0.546	-0.1111392
163	A	-0.275	-0.1089784
164	G	-0.081	-0.1154349
165	G	-0.138	-0.1023399
166	C	0.232	-0.08520005
167	T	0.364	-0.07879224
168	G	-0.273	-0.08545736
169	A	-0.503	-0.1060898
170	A	-0.276	-0.1207784
171	G	-0.456	-0.1409352
172	A	-0.463	-0.1405989
173	A	-0.510	-0.1561982
174	A	-0.327	-0.1562481
175	G	-0.215	-0.1490663
176	A	-0.425	-0.1565301
177	G	0.451	-0.1443807
178	C	0.416	-0.140973
179	A	0.216	-0.1320917
180	G	0.228	-0.1207865
181	C	0.226	-0.1084506
182	A	-0.089	-0.1080177
183	G	-0.400	-0.110193
184	A	-0.282	-0.09502227
185	A	-0.338	-0.07264178
186	T	-0.410	-0.06423943
187	G	-0.253	-0.05918526
188	A	-0.437	-0.04547061
189	G	0.036	-0.02943479
190	G	0.406	-0.007984916
191	T	-0.260	0.01266883
192	G	-0.088	0.03694321
193	A	-0.441	0.03921195
194	G	0	0.01682573
 195	G	0.269	0.01374557
196	G	0.243	0.01913495
197	G	0.246	0.02482254
198	T	0.296	0.03107962
199	C	0.197	0.05879059
200	C	0.190	0.07361317
201	G	-0.015	0.0889441
202	G	-0.300	0.1036577
203	A	-0.037	0.1069343
204	A	-0.013	0.1264472
205	C	0.337	0.1227618
206	A	0.424	0.1126549
207	C	0.326	0.1222744
208	T	0.521	0.1182693
209	T	-0.277	0.1229121
210	A	0.120	0.125888
211	C	0.396	0.1234776
212	C	0.403	0.1084636
213	C	0.104	0.103138
214	A	0.458	0.08459342
215	G	0.176	0.07158451
216	G	0.136	0.06543238
217	T	0.045	0.05997435
218	A	-0.152	0.06647837
219	G	0.167	0.07851001
220	G	-0.077	0.09089279
221	A	0.093	0.08626502
222	C	0.038	0.08538041
223	A	-0.212	0.07902266
224	G	-0.297	0.07294286
225	A	0.092	0.09018395
226	T	0.194	0.1028631
227	G	-0.221	0.07971418
228	G	0.081	0.04908647
229	A	-0.278	0.03319595
230	T	-0.206	0.02325273
231	T	0	0.01670541
 232	T	-0.185	0.02238799
233	G	-0.098	0.02689226
234	C	0.335	0.03699185
235	T	0.370	0.02114155
236	C	0.194	0.0262666
237	T	0.397	0.02326236
238	G	0.129	0.0071228
239	G	0.333	0.008807832
240	T	0.256	0.01579058
241	G	0.513	0.02887982
242	T	-0.321	0.03706105
243	A	-0.546	0.0515766
244	A	-0.388	0.05496272
245	C	0.150	0.04889469
246	A	-0.025	0.05723725
247	T	0.312	0.06457541
248	G	0.185	0.08415057
249	A	0.160	0.09507006
250	G	-0.323	0.09590732
251	G	0.081	0.09794645
252	A	0	0.1055702
 253	T	-0.462	0.1030097
254	A	-0.160	0.103315
255	C	-0.080	0.0922022
256	T	0.498	0.09193859
257	C	0.448	0.0674872
258	T	0.228	0.08396559
259	T	0.185	0.1127165
260	G	-0.466	0.1382644
261	G	0.052	0.1475845
262	G	0.227	0.1530215
263	C	0.421	0.1416993
264	T	0.239	0.1497119
265	C	0.361	0.1465084
266	C	0.433	0.1527072
267	C	0.430	0.1361322
268	T	0.317	0.1250783
269	G	0.139	0.122356
270	G	-0.011	0.1239206
271	A	0.248	0.1252435
272	C	-0.244	0.120813
273	T	0.189	0.1185737
274	C	0.344	0.1203833
275	C	0.403	0.121705
276	C	0.439	0.1272553
277	G	0.142	0.1266618
278	G	-0.038	0.1287124
279	G	0.433	0.1300631
280	G	0.061	0.1259679
281	A	-0.131	0.1075913
282	G	-0.432	0.09556878
283	A	-0.342	0.09496936
284	A	-0.546	0.09048556
285	A	-0.111	0.07051743
286	G	-0.039	0.05467513
287	G	0.360	0.03203052
288	C	0.378	0.02346758
289	A	0.284	0.003952003
290	G	0.226	-0.01701613
291	G	-0.294	-0.03790771
292	A	0.033	-0.05806242
293	G	0.291	-0.06342747
294	C	0.463	-0.05183411
295	A	0.112	-0.05520069
296	T	-0.208	-0.04343259
297	G	0.061	-0.03918791
298	C	0.412	-0.01539159
299	A	0.178	0.01006341
300	G	-0.479	0.04220499
301	A	-0.502	0.05584464
302	A	-0.453	0.06448657
303	G	-0.509	0.04329518
304	A	-0.415	0.01949228
305	A	-0.305	-0.002653558
306	G	-0.244	-0.02386111
307	A	-0.185	-0.03206511
308	G	-0.023	-0.02477913
309	C	0.320	-0.03699614
310	C	0.329	-0.04284007
311	A	0.426	-0.03304536
312	G	0	-0.02022323
 313	C	0.305	-0.01401055
314	C	0.446	-0.02005474
315	T	0.449	-0.01942309
316	C	0.311	-0.01697887
317	C	0.228	-0.0178289
318	A	-0.296	-0.007719061
319	A	-0.359	-0.003493835
320	G	-0.402	0.02246691
321	A	-0.430	0.03102291
322	A	-0.548	0.02540946
323	A	0.259	0.03328987
324	G	-0.087	0.03099623
325	G	0.282	0.03228458
326	G	0.416	0.008508874
327	G	0.188	-0.02162874
328	C	0.253	-0.03604616
329	T	0.224	-0.05858396
330	C	0.198	-0.0632848
331	A	-0.404	-0.06831835
332	T	-0.528	-0.06640151
333	G	-0.139	-0.08393642
334	G	-0.378	-0.08202196
335	T	0.389	-0.0652468
336	A	-0.039	-0.041559
337	G	-0.418	-0.03912932
338	G	0.058	-0.007252577
339	A	-0.094	-0.01942306
340	A	0.360	-0.01159302
341	G	-0.407	-0.0346578
342	A	-0.508	-0.0544977
343	A	-0.446	-0.06863083
344	A	-0.393	-0.06594357
345	G	0.300	-0.0604467
346	G	0.293	-0.05371305
347	G	0.370	-0.04378132
348	G	-0.315	-0.02803646
349	A	-0.236	-0.0255413
350	T	0.160	-0.01332888
351	G	0.332	-0.01218795
352	G	-0.355	-0.01747914
353	T	0.439	-0.01668992
354	G	-0.117	-0.02149341
355	G	0.155	-0.02847707
356	G	-0.432	-0.04495316
357	A	-0.198	-0.01764042
358	A	-0.249	0.006429965
359	G	0.337	0.01718122
360	C	0.395	0.03470722
361	C	0.407	0.03581958
362	G	-0.096	0.02634519
363	A	-0.040	0.01612139
364	G	-0.062	0.01943317
365	T	0	0.0229442
 366	G	0.424	0.01298046
367	G	-0.203	-0.006592606
368	A	-0.393	0.01265991
369	A	-0.090	0.007441394
370	T	-0.311	-0.002190284
371	G	-0.149	-0.01939454
372	C	0.438	-0.01984386
373	A	0.238	-0.01344003
374	G	-0.113	-0.01215451
375	G	0.149	-0.01084219
376	G	0.335	-0.009384768
377	A	0	-0.0107048
 378	T	0.053	-0.002772313
379	G	-0.212	-0.002115577
380	T	-0.128	0.003719452
381	G	-0.148	0.006505632
382	A	-0.274	-0.004048342
383	T	0.241	0.002183997
384	C	0.277	0.02117377
385	A	-0.416	0.02967246
386	A	-0.378	0.05376379
387	A	-0.446	0.06932872
388	T	0	0.06993017
 389	T	-0.209	0.06724572
390	C	0.377	0.07028305
391	C	0.440	0.05716895
392	G	0.366	0.03761728
393	C	0.149	0.03456746
394	T	-0.020	0.0279891
395	G	0.118	0.0335308
396	G	0.086	0.02842086
397	T	0.097	0.02880312
398	G	-0.010	0.04606086
399	G	0.195	0.0313057
400	G	0.173	0.02816883
401	T	0.435	0.03135454
402	C	0.332	0.03382454
403	C	0.457	0.03140222
404	C	0.154	0.0213219
405	A	-0.019	0.01459786
406	C	-0.256	-0.009006426
407	A	-0.270	-0.03534117
408	G	-0.094	-0.04444177
409	A	-0.150	-0.03722458
410	G	-0.041	-0.03035284
411	G	-0.286	-0.02450742
412	A	-0.136	-0.03578047
413	T	0.260	-0.05262344
414	G	-0.215	-0.04253348
415	G	0.180	-0.036223
416	A	-0.317	-0.03708361
417	G	-0.301	-0.03696813
418	A	-0.521	-0.04576464
419	A	-0.312	-0.04883445
420	T	-0.417	-0.04356041
421	G	-0.353	-0.04655113
422	G	-0.375	-0.03262374
423	A	0.084	-0.02234603
424	C	0.373	-0.01754007
425	C	0.192	-0.003359232
426	G	0.299	0.01116955
427	A	-0.263	0.03136142
428	T	-0.424	0.02781336
429	G	0.302	0.01886868
430	C	0.390	0.01834281
431	C	0.146	0.01824094
432	A	0.439	0.03474365
433	G	0.059	0.0575322
434	G	0.362	0.08220836
435	C	0.318	0.09957191
436	A	-0.112	0.1272937
437	G	0.175	0.1530486
438	A	0.047	0.1748431
439	G	0.054	0.1780233
440	C	0.289	0.1687214
441	C	0.409	0.1729113
442	G	0.339	0.1726729
443	T	-0.246	0.1860399
444	G	-0.017	0.1920018
445	T	-0.232	0.1861447
446	G	0.177	0.1679611
447	T	0.194	0.1595324
448	C	0.404	0.1474299
449	C	0.243	0.1543626
450	G	0.225	0.1448179
451	T	0.441	0.135914
452	C	0.444	0.1498247
453	T	0.299	0.144936
454	G	0.182	0.1381125
455	T	0.085	0.150622
456	C	0.322	0.1503175
457	A	0.292	0.1310489
458	G	0.151	0.1259021
459	G	-0.240	0.1286354
460	A	0.120	0.1384527
461	T	-0.173	0.1377607
462	G	-0.114	0.1278251
463	T	0.063	0.1089115
464	C	0.274	0.09228142
465	T	0.066	0.08789706
466	G	0.042	0.08348121
467	T	0.319	0.0561176
468	G	0.023	0.02597647
469	G	-0.163	0.01780353
470	G	0.442	0.003657465
471	G	0.279	-0.006738974
472	G	-0.188	-0.00626691
473	A	0.179	-0.00365149
474	G	-0.161	-0.00815371
475	G	0.287	-0.002415155
476	A	-0.253	-0.02023548
477	A	-0.130	-0.03213467
478	G	-0.392	-0.04195341
479	A	-0.110	-0.04733512
480	C	0.107	-0.06388983
481	T	0.088	-0.05082278
482	G	-0.406	-0.03804581
483	A	-0.489	-0.03859235
484	A	0.046	-0.02573104
485	T	-0.255	-0.01109033
486	G	-0.237	-0.04253946
487	A	0.337	-0.05821591
488	C	0.373	-0.04619391
489	T	0.011	-0.04552494
490	G	-0.062	-0.0277182
491	A	-0.431	-0.03319452
492	A	-0.541	-0.03043462
493	A	-0.419	-0.02007391
494	C	-0.102	-0.002326974
495	G	-0.238	0.01059548
496	T	0.471	0.02238357
497	C	0.438	0.02326472
498	T	0.302	0.03523234
499	C	0.422	0.03424486
500	T	0.290	0.02877093
501	G	-0.532	0.02257228
502	A	-0.206	0.02660786
503	G	0.184	0.005729926
504	G	0.200	-0.02289062
505	G	0.390	-0.02410471
506	G	0.117	-0.02833416
507	A	-0.167	-0.02355004
508	G	0.190	0.003380481
509	T	0.158	0.03132961
510	G	0.289	0.03993442
511	G	0.472	0.05333587
512	T	0.116	0.0343209
513	G	-0.035	0.003553158
514	A	-0.520	-0.004505948
515	A	-0.123	-0.03415843
516	G	-0.448	-0.05101014
517	G	-0.112	-0.04611934
518	A	-0.309	-0.05377353
519	G	-0.514	-0.07019869
520	A	-0.025	-0.08135792
521	T	-0.193	-0.1094722
522	G	-0.283	-0.1234926
523	C	0.292	-0.1165052
524	T	0.447	-0.1353389
525	G	0.163	-0.1518843
526	G	0.177	-0.1643556
527	T	-0.117	-0.1751856
528	G	-0.515	-0.1836707
529	A	0.052	-0.1815554
530	G	-0.496	-0.1512895
531	A	-0.232	-0.1513502
532	G	-0.381	-0.1290555
533	A	-0.443	-0.1114897
534	A	-0.324	-0.1021102
535	T	-0.145	-0.07489385
536	A	-0.481	-0.08090451
537	A	-0.317	-0.07973322
538	T	0.048	-0.07005771
539	T	-0.393	-0.06569829
540	A	-0.354	-0.06668187
541	A	-0.096	-0.06021674
542	T	0.137	-0.05250342
543	G	-0.146	-0.03556503
544	A	0.029	-0.01823785
545	G	0.417	-0.007197781
546	G	-0.125	0.02218167
547	T	0.243	0.0349729
548	T	0.432	0.05881157
549	T	-0.019	0.0796199
550	C	0.329	0.1053451
551	T	-0.212	0.1074486
552	G	-0.156	0.1360012
553	A	0.016	0.1588393
554	G	0.428	0.1694347
555	C	0.416	0.1858302
556	C	0.364	0.2117211
557	T	0.416	0.2096836
558	C	0.407	0.2104958
559	G	0.021	0.2323707
560	C	0.394	0.237456
561	T	0.413	0.2239804
562	G	0.164	0.2144958
563	C	0.357	0.2081614
564	T	0.201	0.1896463
565	C	0.472	0.1776676
566	A	-0.080	0.157396
567	G	0.404	0.1511885
568	C	0.390	0.1502342
569	A	0.377	0.1404361
570	C	0.115	0.1237892
571	T	0.447	0.1184363
572	T	-0.159	0.113432
573	T	0.162	0.1121999
574	G	0.531	0.1100875
575	C	0.187	0.1221359
576	A	0	0.1061556
 577	T	-0.419	0.1027049
578	A	0.046	0.1049917
579	G	-0.141	0.1052269
580	A	-0.390	0.1060183
581	T	-0.298	0.1042384
582	T	-0.404	0.1109232
583	A	-0.186	0.08451851
584	A	-0.287	0.05833896
585	T	-0.087	0.06089938
586	G	0.250	0.05243661
587	G	0.209	0.03476187
588	C	0.378	0.05398758
589	A	0.341	0.05470774
590	G	0.395	0.02786838
591	G	-0.100	0.02182255
592	A	0.306	0.02869064
593	G	0.235	0.05926232
594	G	0.365	0.05712778
595	C	0.226	0.05284539
596	C	0.417	0.05164855
597	T	0.127	0.04772375
598	C	-0.414	0.04671755
599	A	-0.420	0.04905849
600	C	0.456	0.05358014
601	A	-0.147	0.05768721
602	G	-0.100	0.04254134
603	C	0.436	0.03206714
604	A	0.184	0.0304434
605	T	-0.300	0.0311705
606	T	0	0.03020188
 607	C	0.212	0.0473354
608	C	0.528	0.03743798
609	T	-0.019	0.02985579
610	A	-0.274	0.03122498
611	T	-0.427	0.03527175
612	G	-0.420	0.01806795
613	A	-0.435	0.02079537
614	G	-0.114	0.0330861
615	G	-0.147	0.03991826
616	T	0.039	0.04096952
617	G	-0.218	0.05255436
618	G	-0.115	0.06824694
619	T	0.327	0.06649381
620	G	0.364	0.06879562
621	G	0.365	0.07760563
622	C	0.430	0.06427076
623	G	0	0.05740266
 624	A	0	0.04748995
 625	C	0.407	0.06302642
626	A	0.351	0.0776028
627	G	-0.115	0.075046
628	A	0.211	0.1020483
629	C	-0.033	0.1188915
630	A	-0.208	0.1386184
631	T	0.489	0.1314109
632	C	0.211	0.1171549
633	A	0.386	0.1135135
634	C	0.381	0.101128
635	C	0.255	0.07692175
636	A	-0.027	0.05187262
637	A	-0.413	0.03866312
638	C	0	0.01017718
 639	C	0.221	-0.002925365
640	C	0.462	-0.0199212
641	A	0.177	-0.0457312
642	G	-0.506	-0.04393701
643	T	0.416	-0.03332369
644	C	0.086	-0.03649369
645	A	0.497	-0.04217539
646	C	-0.370	-0.04715855
647	A	-0.402	-0.04938861
648	T	-0.331	-0.06691226
649	A	-0.499	-0.0676691
650	T	-0.422	-0.0721371
651	A	-0.412	-0.06556729
652	G	-0.044	-0.07102682
653	G	-0.452	-0.04782708
654	A	-0.406	-0.04413502
655	A	-0.526	-0.03825402
656	A	-0.392	-0.05779324
657	C	0.407	-0.06561593
658	T	0.213	-0.03559867
659	G	0.113	-0.03785022
660	A	-0.209	-0.02599544
661	G	-0.363	-0.03402321
662	C	0.419	-0.02702257
663	A	-0.331	-0.01168657
664	A	0.362	-0.002784245
665	C	0.243	0.01978137
666	C	0.459	0.03534219
667	G	-0.196	0.03119765
668	A	0.305	0.02825359
669	G	0.114	0.04964366
670	T	0.403	0.07587685
671	G	-0.143	0.1056284
672	A	-0.064	0.118288
673	C	0.423	0.1017355
674	T	0.346	0.09369225
675	C	0.453	0.09463806
676	A	0.248	0.1022073
677	G	-0.153	0.1288297
678	T	0.072	0.1221977
679	G	-0.055	0.1188806
680	G	0.199	0.09920511
681	C	0.059	0.08485305
682	A	-0.540	0.06425743
683	A	-0.135	0.06791976
684	G	0.210	0.06332386
685	G	0.407	0.07244625
686	C	0.395	0.06209545
687	T	0	0.07204316
 688	A	-0.105	0.07780213
689	G	-0.035	0.06350141
690	G	0.142	0.03925921
691	A	0.025	0.02735649
692	T	0.461	0.02494136
693	G	0.214	0.02728665
694	A	-0.434	0.008834461
695	G	-0.247	-0.003535506
696	A	-0.201	-0.02603215
697	T	-0.178	-0.02312214
698	G	-0.083	-0.0012553
699	C	0.163	0.01041622
700	A	0.397	0.008307216
701	G	0.082	0.009768926
702	C	0.164	0.005165926
703	T	0.113	0.008930184
704	G	-0.019	0.02143457
705	A	-0.404	0.02259217
706	G	0.084	0.02529695
707	T	0.173	0.03610428
708	T	-0.080	0.03058628
709	T	-0.499	0.03516112
710	G	-0.439	0.05338109
711	A	-0.497	0.05954814
712	A	0.149	0.07281165
713	C	0.137	0.09234491
714	C	0.226	0.108212
715	C	0.144	0.1103887
716	T	0.452	0.1101048
717	T	0.252	0.101216
718	C	0.116	0.08803215
719	C	0.281	0.08205594
720	G	0	0.0954764
 721	G	0.226	0.1214465
722	C	0.360	0.1316691
723	C	0.290	0.1336714
724	C	0.356	0.1314462
725	A	0.130	0.1489489
726	G	-0.055	0.1652261
727	G	0.209	0.1647495
728	C	0.426	0.1735021
729	T	0.408	0.1609752
730	C	0.230	0.1672413
731	C	0.388	0.1676261
732	T	-0.193	0.1672141
733	G	-0.243	0.1675648
734	A	-0.071	0.1644813
735	T	0.396	0.1454071
736	C	0.400	0.1362532
737	C	0.401	0.1332363
738	T	0.235	0.1101369
739	G	-0.149	0.10789
740	G	0.043	0.09451127
741	G	0.065	0.1015812
742	A	-0.512	0.1098752
743	G	0.421	0.1099939
744	G	-0.251	0.09942035
745	G	0.420	0.09491157
746	G	0.156	0.09349015
747	G	0.439	0.08614767
748	C	0.263	0.09045324
749	T	0.021	0.1071851
750	A	-0.309	0.1209726
751	G	-0.283	0.118201
752	G	0.133	0.09547846
753	A	-0.356	0.0919841
754	G	0.221	0.09065243
755	G	-0.058	0.09598221
756	C	0.349	0.1071421
757	T	0.201	0.1110631
758	G	0.213	0.1421685
759	G	0.098	0.1331988
760	G	0.268	0.1482772
761	G	0.186	0.1280392
762	G	0.160	0.1177914
763	G	-0.059	0.0881507
764	C	0.274	0.09015373
765	G	0.355	0.07800885
766	G	0.310	0.09087605
767	G	-0.303	0.1071606
768	G	0.293	0.1129024
769	A	0.194	0.1376024
770	T	0.015	0.1342353
771	G	0.389	0.1374653
772	C	0.187	0.1405752
773	C	0.452	0.143412
774	T	0.143	0.1506648
775	T	0.216	0.1622582
776	T	-0.206	0.1703135
777	G	-0.160	0.1580722
778	A	-0.479	0.1411838
779	C	0.325	0.1431041
780	A	-0.355	0.1378247
781	A	0.089	0.1413289
782	C	0.221	0.1444425
783	G	0.311	0.1665135
784	C	0.409	0.1722437
785	C	0.116	0.1826995
786	A	0.041	0.1854856
787	T	0.446	0.1856466
788	C	0.289	0.1836124
789	C	0.437	0.1825703
790	C	0.458	0.193479
791	C	0.518	0.1956458
792	A	-0.192	0.2164322
793	A	-0.362	0.2277483
794	C	0	0.2461016
 795	A	0.111	0.2188131
796	T	0.464	0.2150762
797	C	0.407	0.2167815
798	T	0.380	0.2256686
799	C	0.470	0.2115717
800	T	0.518	0.2004145
801	G	0.101	0.2078475
802	T	0.394	0.2156615
803	C	0.124	0.1995056
804	T	0.419	0.1757865
805	T	0.481	0.1558018
806	C	0.283	0.1420058
807	T	0.437	0.1360452
808	C	0.189	0.1519768
809	T	0.089	0.1770308
810	T	-0.520	0.1906424
811	A	-0.471	0.1825661
812	G	0.142	0.1770861
813	C	0.496	0.1770048
814	G	-0.125	0.1654486
815	A	0.063	0.1425727
816	C	0.347	0.1425
817	C	0.283	0.146372
818	T	-0.054	0.1182077
819	A	-0.446	0.09836313
820	T	-0.181	0.07271904
821	T	0.030	0.05440959
822	C	0.333	0.04753822
823	T	0.301	0.04161625
824	C	0.413	0.03966755
825	C	0.421	0.05191353
826	A	-0.139	0.07634659
827	G	0.294	0.09541956
828	A	0.404	0.09573059
829	T	0.021	0.09229243
830	T	-0.238	0.0972593
831	C	0.516	0.09270624
832	T	0.221	0.08150507
833	T	-0.478	0.07465448
834	A	-0.491	0.09045182
835	G	-0.375	0.1188992
836	C	-0.086	0.1355382
837	A	0.070	0.1407329
838	T	0.254	0.1337897
839	C	0.129	0.1344717
840	C	0.469	0.1282274
841	C	0.237	0.1286627
842	A	0.120	0.1475492
843	C	0.151	0.1449868
844	T	0.389	0.1424701
845	G	0.028	0.1482544
846	T	-0.077	0.1575471
847	A	0	0.1297506
 848	C	0.071	0.1120224
849	C	0.435	0.1132525
850	C	0.435	0.1195798
851	T	0.334	0.1414804
852	C	0.191	0.1548502
853	A	0.118	0.1646349
854	G	0.322	0.1706762
855	C	0.220	0.1802852
856	C	0.435	0.1690549
857	T	0.446	0.1730695
858	C	0.215	0.1743816
859	T	0.326	0.1570247
860	C	0.201	0.1405836
861	T	0.049	0.1444698
862	A	-0.345	0.1398435
863	A	-0.327	0.1358933
864	T	-0.440	0.148083
865	T	-0.294	0.1481892
866	C	0.303	0.1341311
867	A	0.328	0.1228437
868	T	0.373	0.1107805
869	C	0.441	0.1105659
870	C	0.427	0.08613665
871	T	0.121	0.07963922
872	C	0.361	0.07056873
873	A	0.160	0.06078999
874	G	-0.386	0.06848464
875	A	-0.119	0.07160038
876	T	0.148	0.07725389
877	T	-0.220	0.08377615
878	T	-0.122	0.09323828
879	C	0.449	0.1099357
880	C	0.438	0.1309666
881	A	0	0.1389868
 882	C	-0.015	0.1397884
883	T	-0.182	0.141472
884	T	0.111	0.1186917
885	A	-0.435	0.08933095
886	T	0.018	0.06387434
887	T	0.154	0.04359663
888	C	0.143	0.03871595
889	C	0.453	0.0447775
890	T	0.423	0.07030502
891	C	0.376	0.08817308
892	C	0.252	0.0939366
893	G	-0.051	0.09768002
894	G	0.189	0.09098463
895	A	0.211	0.06979602
896	C	-0.046	0.0662915
897	C	0.328	0.08330454
898	C	0.380	0.09453547
899	G	-0.332	0.09472083
900	A	-0.468	0.09676689
901	T	-0.361	0.1237904
902	A	-0.507	0.1366409
903	A	0.210	0.145497
904	C	0.348	0.1553514
905	T	0.405	0.1430708
906	C	0.434	0.1240782
907	C	0.327	0.1106021
908	A	-0.104	0.1060906
909	A	-0.330	0.1030123
910	C	-0.207	0.0958312
911	T	0.329	0.101546
912	C	0.527	0.1186828
913	T	0.332	0.1240847
914	A	-0.176	0.1147744
915	C	0.175	0.1158726
916	T	0.402	0.1178576
917	C	0.417	0.1191566
918	C	0.428	0.1415844
919	C	0.448	0.1489253
920	A	0.072	0.1501985
921	G	-0.165	0.1422524
922	A	-0.041	0.1282458
923	T	0.112	0.1300982
924	T	-0.147	0.1465331
925	T	-0.032	0.1689767
926	C	0.388	0.1736133
927	T	0.484	0.1610572
928	C	0.496	0.1575504
929	A	0.091	0.1608905
930	T	-0.298	0.1710393
931	T	-0.407	0.1549771
932	A	-0.321	0.1318704
933	G	0.187	0.1111977
934	C	0.437	0.1081846
935	T	0.388	0.1056151
936	C	0.158	0.1000315
937	C	0	0.09895687
 938	A	0.384	0.1047317
939	C	0.404	0.1149367
940	C	0.365	0.1311571
941	T	-0.063	0.1263815
942	G	-0.059	0.128178
943	C	0.418	0.1134107
944	C	0.436	0.09030772
945	T	0.138	0.1021297
946	G	-0.322	0.1122761
947	G	-0.313	0.1138034
948	A	-0.223	0.1281219
949	G	0.335	0.1206709
950	C	0.368	0.1185406
951	G	-0.100	0.1137607
952	G	-0.198	0.1223724
953	C	0.137	0.136479
954	T	0.428	0.1381093
955	T	0.355	0.1388738
956	C	-0.180	0.141151
957	T	0.444	0.1584188
958	T	0.027	0.1665997
959	C	-0.220	0.1364835
960	T	0.458	0.1066248
961	C	0.016	0.1017001
962	A	-0.359	0.1032692
963	T	0.122	0.1198543
964	T	-0.043	0.1368703
965	C	0.371	0.1362266
966	C	0.239	0.1361051
967	C	0.425	0.1334007
968	C	0.437	0.1457264
969	T	0.435	0.1416384
970	C	0.428	0.137177
971	C	0.436	0.1386892
972	C	0.471	0.1472499
973	C	0.194	0.1434284
974	A	-0.514	0.1571822
975	A	-0.489	0.1710989
976	C	-0.014	0.1648305
977	A	-0.274	0.1708218
978	T	0.200	0.1764653
979	C	0.303	0.1673953
980	C	0.315	0.1642368
981	C	0.365	0.1571519
982	A	-0.183	0.1636283
983	T	0.183	0.1603658
984	C	0.011	0.160689
985	T	0.290	0.1616143
986	T	0.402	0.1575978
987	G	0.084	0.1524322
988	C	0.325	0.1430009
989	C	0.453	0.1486212
990	T	0.211	0.1785824
991	T	0.263	0.204537
992	C	0.201	0.2056686
993	A	-0.185	0.227395
994	G	-0.158	0.2339159
995	A	-0.141	0.2376107
996	T	0.152	0.2286225
997	C	0.440	0.2306349
998	T	0.324	0.2499862
999	C	0.447	0.2519281
1000	T	0.463	0.2642421
1001	C	0.303	0.2706853
1002	T	0.276	0.2689116
1003	C	0.179	0.275081
1004	C	0.368	0.2750667
1005	T	0.413	0.2744955
1006	C	0.314	0.2713407
1007	C	0.020	0.2764433
1008	C	0.399	0.2744338
1009	C	0.402	0.2772712
1010	G	0.418	0.2924631
1011	G	0.036	0.3077305
1012	G	0.427	0.3096233
1013	C	0.415	0.3029017
1014	T	0.243	0.2918333
1015	C	0.392	0.2910796
1016	C	0.490	0.2886163
1017	A	0.347	0.2857209
1018	T	0.275	0.2899142
1019	C	0.325	0.2975705
1020	C	0.435	0.301095
1021	T	0.113	0.2971055
1022	C	0.422	0.2996051
1023	A	0.139	0.2974186
1024	T	-0.097	0.2938008
1025	C	0.312	0.2767796
1026	C	0.332	0.2706908
1027	C	0.210	0.2817289
1028	A	0.232	0.2816225
1029	G	-0.018	0.2776113
1030	C	0.423	0.2717791
1031	T	0.387	0.2491946
1032	G	0.214	0.2321862
1033	C	0.406	0.2144705
1034	C	0.416	0.2133226
1035	T	0.477	0.2141898
1036	C	0.290	0.2067869
1037	T	0.392	0.2144639
1038	C	-0.047	0.2139121
1039	C	0.287	0.1976323
1040	A	-0.124	0.193066
1041	G	0.229	0.1754316
1042	C	0.378	0.1619256
1043	C	0.424	0.169268
1044	C	0.291	0.175785
1045	T	0.062	0.1794985
1046	G	-0.307	0.1549614
1047	A	-0.037	0.1370204
1048	A	-0.201	0.137058
1049	C	0.240	0.1363987
1050	C	0.352	0.1302835
1051	T	0.206	0.1285491
1052	G	0.351	0.1339658
1053	C	0.405	0.1244938
1054	A	-0.365	0.1308545
1055	T	-0.238	0.133595
1056	T	-0.234	0.1370704
1057	G	-0.086	0.1368398
1058	C	0.438	0.128886
1059	C	0.434	0.1267213
1060	T	0.096	0.1291456
1061	G	-0.336	0.1365055
1062	A	-0.168	0.1513754
1063	A	0.215	0.1551192
1064	C	0.385	0.1531488
1065	C	0.226	0.1393653
1066	C	0.423	0.1387056
1067	C	0.458	0.1457857
1068	G	0.098	0.1452799
1069	G	0.149	0.1439781
1070	T	0.372	0.1651048
1071	T	-0.017	0.1659379
1072	T	0.222	0.1795582
1073	C	0.132	0.1884324
1074	T	0.357	0.1883158
1075	C	0.366	0.1835168
1076	C	0.290	0.1914046
1077	T	0.153	0.2152391
1078	C	0.078	0.2312847
1079	A	-0.262	0.2330751
1080	G	-0.187	0.2148023
1081	C	0.331	0.204455
1082	T	0.425	0.1965952
1083	C	0.335	0.1861262
1084	C	0.364	0.1957934
1085	C	0.289	0.1940758
1086	A	-0.212	0.1935876
1087	G	0.187	0.1860959
1088	G	0.188	0.1830037
1089	C	0.434	0.1701795
1090	C	0.285	0.1464054
1091	A	0.341	0.1219678
1092	G	0.402	0.1185934
1093	C	0.328	0.111031
1094	T	0.270	0.1167807
1095	G	-0.180	0.1391039
1096	A	-0.093	0.1471731
1097	G	0.180	0.1480087
1098	G	0.133	0.1420356
1099	T	0.398	0.1422328
1100	T	0.096	0.1368941
1101	C	0.357	0.1389802
1102	T	-0.249	0.1598244
1103	G	0.126	0.1674463
1104	A	-0.265	0.1567341
1105	A	-0.379	0.1494581
1106	G	-0.390	0.1553773
1107	T	0.186	0.1577761
1108	T	-0.080	0.1563109
1109	C	0.257	0.1467074
1110	G	0.429	0.136377
1111	G	0.063	0.1465623
1112	T	0.357	0.1385908
1113	C	0.240	0.1453872
1114	C	0.341	0.154264
1115	A	0.199	0.1542768
1116	C	0.354	0.1621862
1117	C	0.433	0.1438555
1118	T	0.424	0.146209
1119	G	-0.143	0.1311338
1120	C	0.209	0.1455318
1121	C	0.469	0.1688623
1122	C	0.415	0.1891308
1123	T	0.356	0.1895046
1124	C	0.031	0.2013234
1125	G	-0.049	0.2042517
1126	G	0.135	0.1946349
1127	G	-0.340	0.2048379
1128	A	0.390	0.1993342
1129	C	0.408	0.2023596
1130	C	0.398	0.2001702
1131	T	0.341	0.1995656
1132	G	-0.211	0.1946493
1133	G	-0.176	0.1907228
1134	A	-0.340	0.1919425
1135	C	0.181	0.1996207
1136	A	0.343	0.1819223
1137	G	0.237	0.1509666
1138	G	0.197	0.1277549
1139	T	0.285	0.101797
1140	G	0.347	0.08895976
1141	C	0.131	0.09573645
1142	C	0.379	0.09398609
1143	T	0.186	0.1129238
1144	C	0.334	0.1154324
1145	G	0.274	0.1150733
1146	G	0.180	0.1118091
1147	G	0.201	0.1145231
1148	T	0.311	0.1343118
1149	C	0.461	0.151853
1150	T	0.094	0.1723022
1151	G	-0.339	0.1758803
1152	A	-0.490	0.1603318
1153	A	-0.303	0.1350729
1154	A	-0.447	0.1194717
1155	G	-0.366	0.1089213
1156	A	0.160	0.09548726
1157	A	0.080	0.1040178
1158	C	0.246	0.09735584
1159	C	0.468	0.08632465
1160	G	0.397	0.06174607
1161	T	0.297	0.04645094
1162	C	0.425	0.04171528
1163	C	0.402	0.04778341
1164	A	0.367	0.04894144
1165	C	0.293	0.04614025
1166	C	0.292	0.0457451
1167	G	-0.138	0.05591712
1168	A	-0.545	0.06546093
1169	A	-0.285	0.0783913
1170	G	-0.041	0.09629181
1171	G	-0.068	0.1199742
1172	T	0.395	0.1169609
1173	C	0.172	0.118007
1174	G	-0.154	0.1087386
1175	A	-0.427	0.101867
1176	G	-0.200	0.08610581
1177	A	0.033	0.07527922
1178	G	0.390	0.06663293
1179	C	0.347	0.05327703
1180	T	0.374	0.05436522
1181	G	0.082	0.05433067
1182	G	-0.023	0.05756896
1183	G	-0.194	0.07018513
1184	A	0.096	0.09413167
1185	C	0.106	0.1090978
1186	G	0.367	0.1216344
1187	T	0.067	0.1121177
1188	G	0.113	0.08242902
1189	G	-0.041	0.08964699
1190	G	0.255	0.09197046
1191	G	-0.090	0.112271
1192	T	-0.037	0.1099786
1193	G	0.157	0.09603363
1194	G	-0.011	0.06583654
1195	G	0.400	0.05714583
1196	G	0.292	0.05619447
1197	G	0.392	0.06559485
1198	G	0.252	0.07210909
1199	C	0.196	0.08425651
1200	G	0.177	0.0831928
1201	C	0.347	0.09008564
1202	A	-0.363	0.08839858
1203	A	-0.524	0.09340572
1204	T	0.396	0.1035605
1205	C	-0.082	0.1092613
1206	G	0.201	0.1113462
1207	G	-0.271	0.1279098
1208	G	-0.398	0.1320931
1209	A	-0.546	0.1205362
1210	A	0.078	0.134259
1211	G	0.345	0.134485
1212	G	0.373	0.140489
1213	G	0.177	0.1355771
1214	G	0.181	0.1335951
1215	A	0.063	0.1123359
1216	C	0.320	0.1065941
1217	G	0.314	0.1019879
1218	C	0.222	0.1235761
1219	C	0.428	0.1510666
1220	G	0.135	0.150257
1221	G	0.320	0.1659855
1222	C	0.422	0.1688605
1223	T	0.091	0.1910207
1224	C	-0.200	0.2124044
1225	A	0.413	0.2419603
1226	C	0.408	0.2531649
1227	C	0.478	0.24753
1228	C	0.240	0.2433558
1229	T	0.191	0.2510815
1230	C	-0.462	0.2590119
1231	A	0	0.2708083
 1232	G	0.204	0.2730615
1233	G	0.305	0.2772031
1234	G	0.327	0.2815403
1235	G	0.371	0.272967
1236	C	0.404	0.2511201
1237	G	0.290	0.2234786
1238	C	0.415	0.213665
1239	G	0.264	0.2251398
1240	C	0.370	0.2199412
1241	C	0.425	0.2166607
1242	A	0.170	0.2178932
1243	G	0.244	0.2137459
1244	C	0.417	0.2196261
1245	C	0.427	0.2252916
1246	G	0.429	0.2474799
1247	C	0.390	0.2569319
1248	C	0.443	0.2607965
1249	C	0.356	0.2554962
1250	T	0.162	0.2600482
1251	C	-0.541	0.2604049
1252	A	-0.536	0.2419715
1253	C	0.118	0.2403438
1254	G	0.447	0.2363936
1255	G	-0.361	0.221034
1256	T	0.312	0.2045359
1257	C	0.446	0.1896654
1258	C	0.349	0.1798852
1259	T	0.422	0.1706225
1260	C	0.366	0.1705886
1261	T	0.225	0.1653052
1262	C	0.293	0.1599481
1263	G	0.324	0.1560819
1264	G	0.141	0.1527282
1265	C	0.468	0.1412131
1266	C	0.382	0.1265838
1267	A	-0.166	0.1444942
1268	C	0.240	0.1612871
1269	C	0.293	0.1740551
1270	G	-0.211	0.1479406
1271	A	-0.141	0.1576413
1272	T	-0.035	0.1485655
1273	G	-0.132	0.1445945
1274	C	-0.042	0.1174596
1275	G	0.416	0.1045046
1276	C	0.263	0.09449907
1277	T	0.263	0.09860072
1278	G	0.270	0.1025996
1279	C	0.339	0.07770181
1280	A	0	0.08410507
 1281	G	-0.291	0.07583797
1282	T	0.013	0.06972275
1283	A	-0.016	0.08438265
1284	T	0.514	0.07309188
1285	T	-0.362	0.06999865
1286	T	-0.060	0.07742075
1287	A	0.030	0.09649558
1288	T	0.323	0.09764116
1289	G	-0.491	0.1163581
1290	A	0.020	0.1113156
1291	G	0.056	0.1063031
1292	C	0.352	0.10846
1293	T	0.416	0.1134447
1294	T	-0.447	0.1173246
1295	G	0.339	0.1191971
1296	C	0.212	0.1332408
1297	A	0.193	0.1566877
1298	G	0.287	0.1688736
1299	G	-0.109	0.1811483
1300	G	0.197	0.1774733
1301	A	0.018	0.2013409
1302	C	0.450	0.2150957
1303	A	0	0.2307616
 1304	C	0.447	0.218244
1305	A	-0.199	0.2303314
1306	G	0.261	0.2135641
1307	G	0.330	0.2123939
1308	C	0.418	0.2025223
1309	T	0.390	0.1846292
1310	C	0.397	0.2096691
1311	C	0.435	0.2048942
1312	C	0.435	0.2075922
1313	G	0.391	0.2097488
1314	C	0.364	0.2085093
1315	C	0.400	0.217221
1316	G	0.377	0.1997444
1317	C	0.365	0.2114857
1318	C	0.516	0.2101614
1319	C	-0.064	0.2181685
1320	A	-0.116	0.2153449
1321	C	-0.498	0.2367902
1322	A	0.020	0.2251175
1323	G	0.046	0.1983005
1324	G	-0.137	0.1795585
1325	T	0.328	0.1550367
1326	G	0.191	0.1366433
1327	T	0.295	0.1292711
1328	C	0.259	0.1204461
1329	C	0.249	0.1161233
1330	C	0.160	0.1187589
1331	A	-0.344	0.1187764
1332	G	0.382	0.1183902
1333	C	0.409	0.1185055
1334	C	0.248	0.1136309
1335	C	0.360	0.1121572
1336	C	0.465	0.1264326
1337	G	-0.100	0.1425246
1338	G	-0.500	0.1434981
1339	A	-0.162	0.1254965
1340	A	-0.369	0.1208715
1341	G	-0.172	0.1164262
1342	A	0.206	0.113267
1343	G	0.162	0.1099046
1344	C	0.257	0.09907048
1345	C	0.446	0.09103074
1346	G	0.400	0.09239261
1347	G	0.365	0.1109514
1348	C	0.369	0.1006374
1349	T	0.365	0.09384319
1350	G	-0.110	0.09992532
1351	C	0.325	0.09904648
1352	T	0	0.09687603
 1353	T	0.050	0.1134569
1354	C	-0.511	0.1437551
1355	A	-0.281	0.1528774
1356	G	0.190	0.1623493
1357	G	0.093	0.1588731
1358	T	0.191	0.1440923
1359	G	-0.075	0.1374174
1360	A	0	0.1428365
 1361	C	0.202	0.136206
1362	G	0.230	0.1365339
1363	G	0.062	0.1387606
1364	G	0.198	0.1345769
1365	C	0.436	0.1183281
1366	T	0.333	0.1218965
1367	C	0.398	0.1166543
1368	C	0.413	0.1304935
1369	C	0.438	0.1424343
1370	C	0.119	0.1659277
1371	A	-0.075	0.1899066
1372	G	-0.280	0.186056
1373	A	-0.251	0.1830289
1374	C	-0.044	0.1834842
1375	A	0.425	0.1969047
1376	G	0.240	0.2102587
1377	C	0.410	0.2178591
1378	C	0.434	0.2250378
1379	C	0.239	0.2337061
1380	G	-0.138	0.211134
1381	A	0	0.1908589
 1382	G	0.163	0.1703823
1383	C	0.429	0.1536455
1384	C	0.420	0.1535401
1385	C	0.216	0.1531783
1386	C	0.462	0.1616014
1387	G	0.071	0.1777967
1388	T	0	0.195779
 1389	G	0.205	0.2163795
1390	T	0.340	0.2274547
1391	C	0.413	0.2187843
1392	C	0.438	0.2177234
1393	C	0.453	0.2155836
1394	A	0.331	0.2088813
1395	C	-0.501	0.2155007
1396	A	-0.191	0.233132
1397	G	-0.301	0.2419131
1398	G	-0.120	0.2452048
1399	T	0.409	0.2430972
1400	C	0.427	0.242597
1401	C	0.380	0.2483989
1402	G	0.426	0.2466797
1403	G	0.276	0.2581336
1404	C	0.387	0.2740703
1405	C	0.298	0.2774212
1406	G	0.156	0.2788578
1407	G	0.207	0.2767313
1408	T	0.344	0.274574
1409	C	0.227	0.2719657
1410	C	0.444	0.2733284
1411	C	0.408	0.3032845
1412	T	0.272	0.3139449
1413	G	0.265	0.3356919
1414	G	0.363	0.3537016
1415	C	0.405	0.3532715
1416	G	0.396	0.3546934
1417	C	0.408	0.3539695
1418	C	0.426	0.3370295
1419	C	0.494	0.3361607
1420	C	0.309	0.3355561
1421	A	0.384	0.3395481
1422	C	0.348	0.3474923
1423	G	0.371	0.3548211
1424	C	0.372	0.3566428
1425	C	0.373	0.3647016
1426	C	0.427	0.3600597
1427	A	0.138	0.3500688
1428	C	0.372	0.324483
1429	C	0.437	0.3078013
1430	C	0.396	0.289302
1431	T	0.471	0.2864442
1432	C	0.358	0.269547
1433	A	-0.098	0.2604701
1434	C	0.249	0.2574665
1435	G	0.368	0.2339543
1436	C	0.422	0.2307484
1437	C	0.402	0.2322055
1438	C	0.434	0.2306668
1439	C	0.401	0.2262493
1440	C	0.476	0.2201351
1441	C	0.300	0.2065593
1442	T	0.098	0.1789323
1443	C	-0.520	0.1586092
1444	A	-0.251	0.1291411
1445	G	-0.209	0.09878531
1446	G	0.316	0.08317294
1447	G	-0.126	0.06502089
1448	T	0.127	0.06491289
1449	G	0.333	0.0721925
1450	G	-0.234	0.07086447
1451	G	0.210	0.06335163
1452	G	0.429	0.05145347
1453	C	0.300	0.04604151
1454	G	0.234	0.0414568
1455	C	0.183	0.04328896
1456	A	-0.047	0.02711308
1457	G	-0.429	0.003860306
1458	A	-0.491	-0.01374724
1459	A	-0.541	-0.0137046
1460	A	-0.503	-0.02181756
1461	G	-0.087	-0.03042811
1462	A	-0.091	-0.04848034
1463	G	0.355	-0.04332615
1464	G	0.126	-0.04425255
1465	G	0.208	-0.04460197
1466	G	0.135	-0.02486649
1467	A	0.053	-0.02805594
1468	C	0.234	-0.04416013
1469	C	0.292	-0.05058632
1470	C	0.457	-0.05295942
1471	A	-0.024	-0.05235948
1472	G	-0.420	-0.04066214
1473	A	-0.447	-0.01367317
1474	A	-0.519	0.01564957
1475	A	-0.503	0.04713434
1476	A	-0.476	0.06981721
1477	G	-0.243	0.08234726
1478	C	0.032	0.09410508
1479	A	0.098	0.09597092
1480	T	0.322	0.07756124
1481	G	0.376	0.08211263
1482	G	0.111	0.09064824
1483	G	-0.069	0.08781925
1484	A	0.101	0.06563602
1485	C	0.160	0.05898585
1486	G	0.201	0.05739595
1487	C	0.315	0.07132173
1488	C	0.407	0.08523493
1489	G	0.417	0.08466651
1490	C	0.434	0.08773003
1491	C	0.199	0.1044955
1492	A	0.301	0.1205622
1493	C	0.273	0.1358155
1494	C	0.412	0.1451617
1495	T	-0.443	0.147129
1496	C	0.349	0.1461477
1497	C	0.400	0.1258483
1498	G	-0.034	0.1090111
1499	A	-0.452	0.1101103
1500	G	0.086	0.1083553
1501	C	0.408	0.1095894
1502	C	0.407	0.1166796
1503	A	0.011	0.1198533
1504	G	-0.465	0.1200039
1505	A	-0.424	0.1204781
1506	C	0.016	0.1198972
1507	A	0.021	0.1057258
1508	G	0.229	0.1026972
1509	C	0.322	0.1050782
1510	A	0.159	0.09536196
1511	G	0.292	0.1156793
1512	G	-0.252	0.1095271
1513	T	-0.410	0.1111079
1514	T	-0.035	0.1104064
1515	A	0.046	0.1128234
1516	G	0.199	0.1194222
1517	C	0.421	0.09814175
1518	G	0.413	0.07999936
1519	C	0.412	0.07616055
1520	C	0.432	0.09714423
1521	G	0.416	0.1232784
1522	G	-0.239	0.1366126
1523	G	0.207	0.142139
1524	A	0.347	0.1523253
1525	C	0.111	0.1287867
1526	A	0.186	0.1131386
1527	G	0.159	0.08594792
1528	T	0.449	0.08894363
1529	G	-0.056	0.1014682
1530	T	-0.377	0.1124566
1531	T	0.291	0.127777
1532	G	-0.251	0.1241061
1533	G	-0.155	0.1105087
1534	G	-0.107	0.09488183
1535	A	0.185	0.09600438
1536	G	0.385	0.09281364
1537	C	0.429	0.09416586
1538	C	0.192	0.09225261
1539	A	0.545	0.08949148
1540	T	-0.407	0.06791612
1541	T	-0.325	0.05953574
1542	A	-0.550	0.06656354
1543	A	-0.159	0.07540261
1544	G	-0.022	0.07239338
1545	G	0.305	0.07345741
1546	C	0.521	0.07970989
1547	A	0.085	0.06486028
1548	A	0	0.07858525
 1549	C	-0.070	0.0970786
1550	G	0.447	0.1103988
1551	C	0.333	0.1183114
1552	T	0.458	0.1223747
1553	A	-0.298	0.09738683
1554	T	0.121	0.07746822
1555	T	-0.321	0.04267276
1556	G	-0.148	0.03983164
1557	T	0.403	0.06078751
1558	C	0.433	0.08057254
1559	C	0.355	0.09196944
1560	T	-0.023	0.1039462
1561	G	-0.183	0.1073914
1562	A	-0.169	0.09904019
1563	T	0.174	0.1002197
1564	C	0.418	0.1090093
1565	T	0.305	0.1230085
1566	C	0.430	0.1175488
1567	T	0.511	0.1208296
1568	G	-0.344	0.1197375
1569	A	-0.424	0.1430378
1570	A	-0.533	0.1526942
1571	T	-0.495	0.1605416
1572	T	0.324	0.152032
1573	G	0.062	0.1239344
1574	G	0.193	0.09551397
1575	G	0.348	0.06999003
1576	C	0.412	0.05805502
1577	C	0.262	0.05460876
1578	T	0.121	0.04506889
1579	C	0.272	0.02664689
1580	T	0.363	-0.001595948
1581	C	0.277	-0.02574201
1582	C	0.435	-0.03657977
1583	C	0.425	-0.0615371
1584	C	0.423	-0.036415
1585	C	0.420	-0.01361574
1586	C	-0.078	0.01227277
1587	A	-0.411	0.03948265
1588	A	-0.467	0.02487374
1589	G	-0.447	0.008796584
1590	A	-0.435	-0.0135409
1591	A	-0.393	-0.04059809
1592	G	-0.290	-0.06624106
1593	A	-0.464	-0.06489516
1594	A	-0.396	-0.05815096
1595	A	-0.457	-0.05694629
1596	A	-0.443	-0.05616477
1597	G	0.094	-0.05152464
1598	A	-0.262	-0.05104951
1599	G	0.434	-0.06028796
1600	G	0.281	-0.0677738
1601	G	0.269	-0.06967384
1602	T	0.348	-0.05272925
1603	C	-0.128	-0.02639786
1604	A	-0.435	-0.00891409
1605	A	-0.498	0.01882878
1606	A	-0.489	0.04041814
1607	A	-0.382	0.06804365
1608	G	0.304	0.09108707
1609	C	0.331	0.1156835
1610	G	0.309	0.1428827
1611	G	0.387	0.1699107
1612	G	0.421	0.2004237
1613	C	0.449	0.2113361
1614	C	0.138	0.2315667
1615	A	0.191	0.2242713
1616	C	0.361	0.2216008
1617	C	0.446	0.2049503
1618	G	0.404	0.1806407
1619	G	0.074	0.1781574
1620	A	0.412	0.1752733
1621	C	0.233	0.1789044
1622	G	0.463	0.1873047
1623	C	0.423	0.1943895
1624	A	0.297	0.1845666
1625	C	0.446	0.1829279
1626	C	0.380	0.1685921
1627	G	0.502	0.1684243
1628	C	0.432	0.1687832
1629	T	0.364	0.1508728
1630	C	0.207	0.1577065
1631	A	0.199	0.1584421
1632	G	-0.246	0.143308
1633	A	-0.405	0.120563
1634	G	-0.205	0.1018205
1635	A	-0.525	0.09147977
1636	A	-0.386	0.07441435
1637	A	-0.229	0.06499743
1638	G	-0.163	0.05678636
1639	T	0	0.05268553
 1640	C	0.280	0.06024104
1641	A	-0.134	0.03857898
1642	G	0.382	0.02630672
1643	C	0.432	0.02518149
1644	G	-0.105	0.02376317
1645	C	0.350	0.02696017
1646	C	0.214	0.03037791
1647	G	-0.107	0.02284916
1648	G	-0.258	0.01792978
1649	A	-0.176	0.01572639
1650	T	-0.245	0.01628033
1651	G	-0.116	0.02090291
1652	T	-0.057	0.03460077
1653	C	0.208	0.05529128
1654	C	0.296	0.07196438
1655	T	0.531	0.08131906
1656	G	-0.225	0.08207345
1657	A	0	0.07076709
 1658	C	0.467	0.04650157
1659	C	0.389	0.02256477
1660	T	0.464	0.02596141
1661	C	0.313	0.02339554
1662	A	-0.034	0.03002864
1663	A	-0.399	0.04081535
1664	G	-0.473	0.06318706
1665	A	-0.188	0.08403486
1666	T	-0.381	0.07920535
1667	A	0.038	0.07632383
1668	C	0.411	0.06814547
1669	C	0.353	0.07344934
1670	C	0.289	0.07855505
1671	T	0.303	0.07333347
1672	G	-0.485	0.09509476
1673	A	-0.370	0.09089173
1674	T	-0.309	0.07542979
1675	A	0	0.0663326
 1676	C	0.270	0.05854321
1677	C	0.420	0.05322273
1678	G	0.227	0.0555687
1679	C	0.435	0.07892586
1680	C	0.469	0.1073674
1681	A	-0.395	0.1278544
1682	A	-0.206	0.152247
1683	G	-0.311	0.162187
1684	T	0.373	0.1447
1685	T	0.454	0.1223776
1686	C	0.369	0.09684384
1687	T	0.449	0.07370361
1688	T	-0.130	0.1008965
1689	G	-0.011	0.118059
1690	C	0.107	0.1404901
1691	T	0.222	0.1558481
1692	T	0.148	0.1517842
1693	C	0.038	0.1284642
1694	C	0.324	0.1109538
1695	C	0.408	0.08648442
1696	C	0.446	0.05856645
1697	G	0.374	0.05679148
1698	T	0.346	0.06716951
1699	G	-0.130	0.07721861
1700	T	-0.338	0.06201389
1701	A	-0.501	0.03722122
1702	A	-0.413	0.03254883
1703	C	0.357	0.01999392
1704	T	0.161	0.01163124
1705	G	0.386	2.243226e-05
1706	C	0.476	-0.02120108
1707	C	0.144	-0.02196805
1708	T	-0.302	-0.01849834
1709	A	-0.315	-0.0054045
1710	A	-0.323	-0.02820192
1711	G	-0.395	-0.0479726
1712	A	-0.450	-0.0742016
1713	A	0.115	-0.1012198
1714	T	0	-0.09908047
 1715	G	-0.098	-0.08115079
1716	T	-0.313	-0.05661731
1717	G	0.225	-0.03089202
1718	C	0.060	-0.009272306
1719	A	-0.389	-0.006911758
1720	A	-0.371	-0.00205921
1721	T	-0.550	-0.0006414355
1722	T	0.198	-0.002541855
1723	C	0.256	0.001736952
1724	T	0.444	0.02064744
1725	A	-0.381	0.03858137
1726	T	-0.204	0.06568776
1727	T	-0.366	0.06839218
1728	G	-0.463	0.07001824
1729	C	0.413	0.0512255
1730	C	0.425	0.03844824
1731	C	0.422	0.03209683
1732	C	0.295	0.02894838
1733	C	0.256	0.01815438
1734	C	0.431	0.009256032
1735	T	0.312	0.02258764
1736	C	0.430	0.04804361
1737	C	0.417	0.06437105
1738	C	0.277	0.06723882
1739	A	0.283	0.07319827
1740	C	0.240	0.07351415
1741	T	0.517	0.0930835
1742	G	-0.311	0.0955286
1743	A	-0.399	0.1029485
1744	T	-0.467	0.1053228
1745	A	-0.396	0.07586453
1746	A	-0.295	0.07591208
1747	A	-0.411	0.06818231
1748	T	-0.109	0.07367766
1749	A	-0.215	0.06679336
1750	C	0.023	0.04365155
1751	T	0.417	0.02740394
1752	T	-0.044	-0.001726223
1753	C	0.287	-0.01456676
1754	A	0.441	-0.03395063
1755	C	0.454	-0.04791912
1756	C	0.224	-0.04152631
1757	T	-0.129	-0.04445334
1758	T	-0.136	-0.0282296
1759	T	-0.389	-0.01051602
1760	T	-0.500	-0.0109317
1761	G	0.427	0.008037045
1762	C	0.182	0.02406075
1763	T	0.466	0.04522279
1764	T	0.043	0.06325459
1765	G	-0.286	0.08011785
1766	T	-0.191	0.09214579
1767	A	-0.473	0.09319602
1768	T	0.019	0.1078649
1769	T	-0.323	0.1129467
1770	G	-0.149	0.1128438
1771	C	0.438	0.1151522
1772	C	0.426	0.09478093
1773	C	0.191	0.08709222
1774	C	0.149	0.08618222
1775	A	-0.479	0.08214822
1776	T	0.191	0.08175003
1777	C	0.201	0.05476316
1778	C	0.244	0.03509235
1779	C	0.449	0.02041218
1780	T	0.307	0.02692042
1781	C	0.396	0.04904384
1782	C	0.450	0.06512129
1783	C	0.409	0.09178694
1784	G	0.445	0.09649186
1785	C	0.438	0.09314445
1786	T	0.525	0.10057
1787	G	-0.406	0.09711107
1788	A	-0.367	0.09287797
1789	T	-0.164	0.09567778
1790	A	-0.514	0.1009292
1791	A	-0.512	0.1312096
1792	G	-0.409	0.1314239
1793	T	-0.427	0.1145705
1794	A	0.011	0.1122389
1795	T	0.244	0.08715178
1796	C	0.399	0.08144997
1797	T	0.307	0.08319175
1798	G	0.353	0.07142965
1799	T	0.164	0.07304171
1800	A	-0.427	0.06352442
1801	C	0.080	0.06293936
1802	T	0.331	0.03890562
1803	T	0.295	0.06048781
1804	C	0.277	0.08910968
1805	C	0.311	0.08038758
1806	C	0.458	0.08230971
1807	T	0.198	0.08739223
1808	G	-0.320	0.08636745
1809	T	0.172	0.08914316
1810	T	-0.328	0.08922878
1811	T	0.130	0.06426213
1812	C	0.450	0.05543365
1813	C	0.085	0.05091378
1814	T	0.459	0.05106104
1815	T	0.150	0.05906865
1816	G	0.419	0.08650136
1817	T	-0.219	0.09170993
1818	G	0.262	0.09083515
1819	C	0.519	0.06919103
1820	A	-0.434	0.05084538
1821	A	-0.455	0.04471125
1822	T	-0.354	0.0364608
1823	T	-0.441	0.04462412
1824	C	-0.341	0.05944683
1825	T	0.013	0.06486525
1826	A	-0.529	0.09050445
1827	C	0.125	0.09477774
1828	T	0.166	0.08577648
1829	G	0.358	0.09345164
1830	C	0.413	0.08164898
1831	C	0.423	0.06295001
1832	C	0.241	0.03303259
1833	C	0.304	0.02222324
1834	A	-0.375	0.002993303
1835	T	-0.290	-0.007864858
1836	C	0.121	0.01897524
1837	C	0.202	0.04668869
1838	T	0.451	0.06053828
1839	T	0.138	0.06903615
1840	C	0.340	0.08004377
1841	C	0.466	0.08580506
1842	T	0.262	0.1095688
1843	G	0.171	0.1146437
1844	C	0.323	0.1234456
1845	T	0.094	0.1151349
1846	G	-0.429	0.1073882
1847	A	-0.507	0.07658652
1848	A	-0.554	0.05694345
1849	A	-0.333	0.0307699
1850	G	0.183	0.04503655
1851	G	0.397	0.05927248
1852	C	0.403	0.06989951
1853	A	0.074	0.04828709
1854	C	-0.177	0.04043277
1855	T	0	0.0443459
 1856	T	0.192	0.04977074
1857	C	0.207	0.04934238
1858	C	0.283	0.04911842
1859	C	0.439	0.0389689
1860	C	0.100	0.01287009
1861	T	0.173	-0.0007590226
1862	T	-0.531	0.0006017194
1863	T	-0.366	0.01364811
1864	T	-0.507	0.0398332
1865	G	0.066	0.06280633
1866	C	0.150	0.07061595
1867	T	0.451	0.07032888
1868	T	-0.466	0.06872053
1869	G	0.208	0.06331157
1870	T	0.259	0.0672146
1871	G	0.508	0.07815853
1872	T	0.453	0.08587156
1873	A	0.255	0.09314582
1874	T	-0.143	0.09606031
1875	T	-0.485	0.09545863
1876	T	-0.328	0.1056032
1877	A	-0.387	0.1150303
1878	A	-0.103	0.12698
1879	A	0.257	0.1297301
1880	C	0.378	0.1338968
1881	C	0.425	0.1288742
1882	T	0.388	0.1191689
1883	T	0.354	0.09574333
1884	G	-0.093	0.09716239
1885	G	-0.056	0.08601365
1886	G	0.339	0.060882
1887	C	0.431	0.02730413
1888	C	0.433	0.006354777
1889	T	0.373	0.01052784
1890	G	0.421	0.02905975
1891	G	0.415	0.05166223
1892	C	0.465	0.07193704
1893	T	-0.161	0.09436549
1894	A	-0.281	0.1104017
1895	A	-0.378	0.1086206
1896	T	-0.089	0.084974
1897	A	-0.150	0.06305384
1898	C	-0.274	0.03817307
1899	A	-0.423	0.02263404
1900	T	-0.137	0.02872853
1901	T	-0.519	0.02546121
1902	T	-0.532	-0.001465181
1903	T	-0.196	-0.01376398
1904	G	0.385	-0.02848096
1905	G	0.431	-0.02714371
1906	G	0.215	-0.02742029
1907	G	0.300	-0.03208071
1908	T	0.307	-0.04321793
1909	C	0.394	-0.05082261
1910	T	0.202	-0.03701584
1911	T	-0.354	-0.02482142
1912	G	-0.254	-0.007836142
1913	A	-0.383	-0.005690194
1914	T	-0.127	-0.002985387
1915	A	0.095	0.02048777
1916	C	-0.158	0.03857126
1917	A	-0.495	0.03977323
1918	A	0.050	0.05914235
1919	C	-0.023	0.06837919
1920	T	0.414	0.0612799
1921	T	0.412	0.05438596
1922	C	0.270	0.04211232
1923	A	0.120	0.04691509
1924	G	-0.396	0.04322064
1925	A	0.146	0.04195458
1926	A	0	0.03219661
 1927	C	0.437	0.03580529
1928	G	-0.083	0.04666713
1929	G	-0.191	0.05048123
1930	T	0.304	0.05539539
1931	T	0.423	0.06851836
1932	T	-0.481	0.06316336
1933	C	0.067	0.06902136
1934	C	0.090	0.06871618
1935	G	0.165	0.07143688
1936	T	0.217	0.05301143
1937	G	-0.165	0.03032791
1938	T	0.448	0.01146672
1939	C	0.193	-0.002398797
1940	G	0.354	0.02392107
1941	T	-0.100	0.03393075
1942	T	-0.242	0.04652053
1943	A	0.082	0.0462552
1944	T	-0.264	0.0606689
1945	T	0.024	0.07772622
1946	C	0.502	0.08160477
1947	G	-0.324	0.07472513
1948	T	-0.313	0.1040823
1949	A	0.040	0.1164397
1950	C	0.061	0.1283129
1951	A	-0.156	0.1305673
1952	A	-0.290	0.1298741
1953	G	-0.314	0.1422049
1954	A	-0.309	0.1235651
1955	C	0.419	0.1135971
1956	C	0.456	0.1124795
1957	C	0.390	0.1292027
1958	T	0.429	0.1479242
1959	C	0.362	0.1534328
1960	G	0.337	0.1765866
1961	T	0.424	0.168441
1962	C	0.209	0.1402601
1963	T	0.428	0.1337638
1964	C	0.450	0.1273909
1965	T	0.458	0.1260736
1966	C	0.235	0.1264758
1967	T	0.196	0.1421643
1968	C	0.216	0.1672309
1969	T	-0.128	0.1748533
1970	A	-0.115	0.1731208
1971	C	0.320	0.1533848
1972	C	0.418	0.1210787
1973	C	0.337	0.09142264
1974	C	0.253	0.07112838
1975	C	0.452	0.04311232
1976	C	-0.227	0.04146425
1977	A	-0.371	0.04026945
1978	T	-0.525	0.02449806
1979	T	-0.511	-0.005202358
1980	T	0	-0.01744504
 1981	G	0.073	-0.02915156
1982	G	0.330	-0.02504815
1983	T	0.486	-0.0200524
1984	T	-0.077	-0.01488108
1985	A	-0.363	0.003856629
1986	T	-0.192	0.02036979
1987	T	-0.544	0.01666295
1988	A	-0.529	0.01803015
1989	G	-0.200	0.0007534677
1990	G	-0.505	-0.01501937
1991	A	0.286	-0.03439756
1992	G	0.387	-0.04180744
1993	G	-0.279	-0.02268311
1994	A	-0.492	-0.000511371
1995	G	0.071	0.02969437
1996	G	0.095	0.04221911
1997	T	0.362	0.05315444
1998	C	0.351	0.03811092
1999	C	0.377	0.02360261
2000	C	0.452	0.01541509
2001	C	0.396	0.01350916
2002	T	0.205	0.008826094
2003	C	0.460	0.02101487
2004	G	-0.198	0.05108367
2005	A	-0.235	0.06763055
2006	G	-0.147	0.08031006
2007	A	-0.457	0.06782222
2008	T	0.221	0.06368338
2009	C	0.161	0.08114132
2010	C	0.424	0.1069188
2011	T	0.388	0.1113792
2012	C	0.412	0.1138678
2013	G	-0.136	0.1142915
2014	A	0.036	0.1070407
2015	A	-0.331	0.08596801
2016	T	-0.422	0.07815053
2017	A	-0.337	0.05688478
2018	A	-0.167	0.06417446
2019	C	0.403	0.06376233
2020	T	0.312	0.08343985
2021	G	-0.112	0.09970524
2022	G	-0.100	0.1167418
2023	A	0.259	0.1457775
2024	C	0.262	0.1499682
2025	C	0.306	0.160994
2026	T	0.209	0.16232
2027	G	0.172	0.1424492
2028	C	0.375	0.1137861
2029	T	0.126	0.1246889
2030	G	-0.276	0.1130273
2031	G	0.209	0.1132948
2032	A	-0.262	0.1273263
2033	C	0.431	0.1485783
2034	G	0.447	0.1657802
2035	G	0.411	0.1662491
2036	G	0.268	0.1612123
2037	T	0.380	0.1608911
2038	C	0.442	0.175754
2039	A	0.351	0.1673813
2040	C	0.503	0.163071
2041	T	0.466	0.1673304
2042	T	-0.227	0.1716654
2043	T	-0.475	0.1758612
2044	A	0.201	0.1622466
2045	G	-0.324	0.1496948
2046	G	-0.323	0.1651986
2047	A	0.012	0.161185
2048	T	0.320	0.1806546
2049	G	0.366	0.1786474
2050	G	0.417	0.1661806
2051	G	0.156	0.1675286
2052	G	-0.122	0.1487957
2053	T	0.360	0.1299578
2054	T	0	0.1169353
 2055	T	0.128	0.1070916
2056	C	0.438	0.09449585
2057	C	0.344	0.08771433
2058	T	0.302	0.1047353
2059	G	-0.046	0.1355517
2060	T	-0.262	0.1368507
2061	A	0.204	0.1603529
2062	G	0.085	0.1663573
2063	C	0.340	0.1708985
2064	C	0.368	0.1522979
2065	C	0.061	0.1444907
2066	A	0.453	0.1206086
2067	T	-0.312	0.1172699
2068	G	-0.203	0.1207181
2069	A	0.038	0.1086532
2070	T	0.046	0.1029952
2071	G	0.113	0.09310424
2072	G	0.255	0.08485027
2073	C	0.299	0.08347924
2074	C	0.479	0.08090043
2075	T	0.242	0.06740114
2076	T	0.403	0.06017469
2077	C	-0.137	0.04301401
2078	A	0.153	0.03337412
2079	G	-0.255	0.01344303
2080	T	0.124	0.002785106
2081	T	-0.322	-0.01692164
2082	A	0.053	-0.03103624
2083	C	-0.015	-0.0141716
2084	A	-0.013	-0.002499726
2085	G	-0.175	0.002659677
2086	A	-0.178	0.01731758
2087	G	0.182	0.004589226
2088	C	0.301	-0.01142932
2089	T	0.222	-0.02804484
2090	A	-0.465	-0.03420923
2091	G	-0.486	-0.04042935
2092	A	-0.327	-0.05914255
2093	G	-0.213	-0.05090861
2094	C	-0.277	-0.04843406
2095	A	0.038	-0.0239949
2096	A	-0.549	-0.0186159
2097	T	0.016	-0.00459461
2098	G	0.210	0.005272913
2099	G	0.158	0.01899848
2100	A	0.198	0.03174403
2101	T	0.500	0.05218506
2102	G	-0.281	0.07217861
2103	A	-0.240	0.07568145
2104	A	-0.215	0.07784064
2105	C	0.288	0.08349784
2106	T	0.049	0.08166777
2107	T	-0.176	0.1078666
2108	A	0.118	0.116675
2109	G	0.229	0.1153503
2110	C	0.501	0.1199941
2111	T	0.290	0.1137828
2112	T	0.111	0.1415907
2113	C	0.359	0.1537011
2114	T	0.409	0.1565454
2115	G	0.381	0.1584729
2116	C	0.458	0.146904
2117	C	0.441	0.1295677
2118	A	0.291	0.1299361
2119	C	0.368	0.1217604
2120	C	0.398	0.1215679
2121	A	-0.521	0.1144591
2122	A	0.325	0.121323
2123	G	-0.054	0.1385358
2124	G	-0.254	0.1376555
2125	T	-0.133	0.1448203
2126	A	-0.153	0.1183749
2127	C	0.312	0.09562727
2128	T	0.391	0.0784363
2129	G	0.298	0.06394872
2130	G	0.217	0.03843565
2131	G	-0.159	0.03828827
2132	T	-0.036	0.03747998
2133	T	-0.269	0.02033666
2134	T	-0.494	0.01287702
2135	G	-0.221	-0.01627114
2136	C	0.067	-0.03457291
2137	A	0.261	-0.00786901
2138	G	0.357	-0.006642171
2139	C	0.090	0.007111323
2140	T	0.452	0.02384339
2141	T	-0.317	0.03402265
2142	T	-0.414	0.04670629
2143	A	-0.420	0.04598274
2144	T	-0.090	0.04728142
2145	A	-0.380	0.04833919
2146	C	0.376	0.02956303
2147	C	0.433	0.04762639
2148	G	-0.089	0.03376543
2149	A	0.060	0.03924314
2150	G	-0.535	0.03895424
2151	A	-0.169	0.03716343
2152	G	0.306	0.04596472
2153	G	0.363	0.03153059
2154	G	0.371	0.02318497
2155	C	0.264	0.01870939
2156	A	0.182	0.004128519
2157	G	0.239	0.01281294
2158	C	0.289	0.03185745
2159	C	0.431	0.03976494
2160	T	0.331	0.054833
2161	C	-0.364	0.06386871
2162	T	0.400	0.06346968
2163	C	-0.466	0.06078326
2164	A	-0.100	0.07726705
2165	G	-0.503	0.08810428
2166	G	-0.276	0.09637289
2167	A	0.340	0.09969575
2168	G	-0.185	0.09206722
2169	G	0.098	0.06694787
2170	T	-0.048	0.04935264
2171	G	0	0.02799213
 2172	A	-0.048	0.02059858
2173	G	0.176	-0.002603584
2174	C	-0.175	-0.006919294
2175	T	0.377	-0.01905721
2176	G	-0.100	-0.01774566
2177	T	0.364	-0.01542883
2178	C	0.349	-0.03799237
2179	C	0.421	-0.02861912
2180	A	0.396	-0.02168176
2181	G	-0.278	0.002064626
2182	T	-0.066	0.01688775
2183	T	0.069	0.003550829
2184	T	-0.415	0.02357541
2185	G	-0.173	0.03104151
2186	A	-0.398	0.03821719
2187	G	-0.046	0.0366468
2188	A	-0.480	0.04122396
2189	G	0.156	0.03919005
2190	G	0.055	0.05595409
2191	T	0.372	0.05381767
2192	T	-0.292	0.07141641
2193	G	-0.299	0.07574454
2194	A	-0.175	0.06769757
2195	C	0.114	0.03968328
2196	A	0.233	0.01231264
2197	C	0.182	0.008146313
2198	A	-0.072	-0.007414574
2199	C	0.435	-0.01254907
2200	T	0.329	-0.002834035
2201	C	0.174	-0.0001390129
2202	A	-0.048	0.01050829
2203	T	0.093	0.02640306
2204	C	0.113	0.0538039
2205	C	0.343	0.03362084
2206	T	0.310	0.0288185
2207	C	0.444	0.0229475
2208	C	0.498	0.03767153
2209	T	0.100	0.04142095
2210	T	-0.447	0.04276556
2211	T	-0.452	0.02988011
2212	A	-0.407	0.03436953
2213	A	-0.548	0.04203324
2214	A	-0.089	0.05739952
2215	C	-0.114	0.05434765
2216	G	-0.089	0.04638394
2217	C	-0.068	0.025123
2218	A	0.445	0.01099468
2219	T	0.369	-0.002331403
2220	C	-0.469	-0.0157236
2221	T	-0.093	-0.03408737
2222	G	0.190	-0.0350246
2223	A	0.164	-0.04740721
2224	G	-0.183	-0.07632244
2225	A	-0.134	-0.07860611
2226	G	-0.284	-0.07136336
2227	T	0.372	-0.06183717
2228	C	0.420	-0.05351017
2229	T	0.403	-0.03178656
2230	C	0.340	-0.04040506
2231	A	0.083	-0.03187419
2232	A	-0.484	-0.03926792
2233	T	-0.486	-0.02999525
2234	A	-0.319	-0.0310289
2235	G	-0.302	-0.04852261
2236	T	-0.225	-0.02968935
2237	A	0.281	-0.04146674
2238	T	0.060	-0.0513337
2239	T	-0.397	-0.04367915
2240	T	0.029	-0.02629838
2241	A	-0.222	-0.008230606
2242	T	-0.157	0.007151781
2243	T	-0.149	-0.01851367
2244	G	0.124	-0.04149109
2245	A	-0.356	-0.07127928
2246	C	0.150	-0.09911448
2247	A	-0.319	-0.1066173
2248	G	0.219	-
2249	C	0.413	-
2250	G	-0.172	-
2251	G	0.114	-
2252	A	-0.458	-
2253	T	-0.115	-
2254	G	0.401	-
2255	G	0.355	-
2256	C	0.426	-
2257	T	0.192	-
2258	T	-0.423	-
2259	A	-0.291	-
2260	A	-0.519	-
2261	G	-0.522	-
2262	G	-0.149	-
