1	A	-0.299	-
2	G	-0.170	-
3	A	-0.393	-
4	T	0.067	-
5	G	0.172	-
6	G	0.102	-
7	C	0.272	-
8	A	0.078	-0.0366487
9	G	0.427	-0.04795039
10	T	0	-0.05248364
 11	G	0.168	-0.0526942
12	T	0.375	-0.07141081
13	T	-0.065	-0.09898737
14	G	-0.428	-0.1192932
15	A	-0.432	-0.1502203
16	A	-0.459	-0.151752
17	A	-0.480	-0.1665916
18	T	-0.243	-0.1381477
19	A	-0.396	-0.1425607
20	A	-0.232	-0.186835
21	A	-0.269	-0.1865666
22	T	-0.222	-0.1748873
23	A	-0.222	-0.1744886
24	T	0.054	-0.1696341
25	T	0.189	-0.1691224
26	T	0.455	-0.1830405
27	T	0.098	-0.1842471
28	G	-0.332	-0.1892981
29	G	-0.061	-0.192182
30	A	-0.241	-0.1965009
31	A	-0.426	-0.1963084
32	A	-0.381	-0.1724774
33	A	-0.472	-0.1669181
34	T	-0.465	-0.1684327
35	A	-0.415	-0.1531057
36	A	-0.313	-0.1258852
37	A	-0.315	-0.1109187
38	T	-0.291	-0.1078269
39	A	-0.219	-0.1126184
40	C	0.435	-0.099681
41	C	0.278	-0.06591688
42	G	0.430	-0.02863737
43	C	0.343	-0.027296
44	G	0.102	-0.01973125
45	T	0.178	0.02766775
46	T	-0.192	0.05479131
47	A	-0.503	0.05816762
48	A	-0.174	0.03422397
49	C	0.067	0.003089656
50	T	0.130	-0.04832409
51	A	-0.394	-0.1003995
52	A	-0.192	-0.08719941
53	T	0.443	-0.08363453
54	G	0.142	-0.09561053
55	G	-0.165	-0.09150072
56	A	0.052	-0.1063293
57	A	-0.219	-0.1344167
58	G	-0.391	-0.1669168
59	A	-0.489	-0.1388933
60	A	0.313	-0.1087878
61	C	0.235	-0.1095314
62	A	-0.383	-0.09569272
63	A	-0.437	-0.06249109
64	G	-0.411	-0.05067944
65	A	-0.381	-0.0441185
66	A	-0.389	0.01236525
67	G	0.053	0.05546831
68	C	0.289	0.02857694
69	T	0.431	-0.0009061875
70	C	0.363	-0.007661
71	C	0.365	0.013232
72	T	0.241	0.06996469
73	G	-0.114	0.1151089
74	G	0.511	0.1477566
75	G	0.199	0.155672
76	A	-0.116	0.1367246
77	T	-0.236	0.1067013
78	T	-0.491	0.1009757
79	T	-0.103	0.1073277
80	C	0.496	0.09223303
81	T	0.340	0.0783129
82	T	0.132	0.03809946
83	C	0.180	0.02283916
84	A	-0.013	0.04553679
85	G	-0.049	0.08547204
86	T	0.271	0.1399519
87	C	0.467	0.1359097
88	A	0	0.1363643
 89	A	-0.337	0.1163533
90	G	-0.131	0.09925823
91	T	-0.044	0.05484736
92	C	0.246	0.03552741
93	C	0.402	0.02913996
94	T	0.379	0.003204394
95	G	-0.167	-0.01836979
96	T	0.503	-0.002262294
97	T	0.020	0.006914019
98	A	-0.140	0.04044489
99	T	-0.530	0.06857069
100	T	-0.322	0.04928621
101	G	-0.151	0.005376838
102	A	-0.143	-0.0410496
103	C	0.122	-0.04331466
104	A	0.257	-0.08066961
105	G	-0.190	-0.1014364
106	C	0.405	-0.08949519
107	C	0.405	-0.08286451
108	T	-0.061	-0.07954019
109	G	-0.300	-0.09925432
110	A	-0.363	-0.1150585
111	T	-0.203	-0.1388333
112	A	-0.094	-0.1624543
113	A	-0.311	-0.1240803
114	T	0.050	-0.1281048
115	T	-0.423	-0.1349523
116	A	-0.269	-0.1036132
117	A	-0.466	-0.08015173
118	T	-0.395	-0.08334585
119	A	-0.258	-0.1027081
120	A	-0.120	-0.1212443
121	C	0.423	-0.1223617
122	T	0.340	-0.1512964
123	G	0.296	-0.152994
124	G	0.439	-0.1109178
125	T	0.075	-0.08328763
126	G	-0.414	-0.07930194
127	A	-0.513	-0.08978738
128	A	-0.390	-0.1069695
129	A	-0.329	-0.1429369
130	G	-0.412	-0.1918994
131	A	-0.451	-0.1830905
132	A	0.403	-0.1850897
133	C	-0.024	-0.1661795
134	A	-0.332	-0.1562167
135	T	-0.426	-0.1161848
136	A	-0.395	-0.08241849
137	T	-0.151	-0.06019235
138	A	-0.442	-0.05938604
139	T	0.437	-0.05121329
140	C	0.407	-0.09660729
141	T	0.377	-0.1074043
142	G	-0.254	-0.08102348
143	A	0.126	-0.02308848
144	T	0.149	-0.001263306
145	C	0.025	0.008235694
146	A	-0.399	0.02059026
147	A	-0.320	-0.01621243
148	G	-0.322	-0.07020231
149	A	-0.197	-0.09649471
150	T	0.089	-0.05470671
151	T	0.500	-0.05693483
152	G	-0.045	-0.08238177
153	T	0	-0.1122162
 154	A	-0.245	-0.07233135
155	T	-0.151	-0.06630698
156	T	-0.456	-0.03018104
157	A	-0.042	-0.03497979
158	C	0.413	-0.02899385
159	T	0.091	-0.04160991
160	T	-0.257	-0.02158559
161	T	-0.451	-0.01185409
162	G	0.238	0.02043141
163	G	-0.223	0.003888913
164	A	0.255	0.02004354
165	G	-0.274	0.004249938
166	G	0.185	-0.04001819
167	C	0.298	-0.03249856
168	T	0.274	0.008742937
169	C	0.155	0.05998969
170	C	0.271	0.07100406
171	A	-0.416	0.1138179
172	T	-0.197	0.09963983
173	A	-0.295	0.08775195
174	T	-0.294	0.06819195
175	T	0.211	0.07152751
176	C	0.402	0.08198514
177	C	0.368	0.07953089
178	C	0.414	0.07686876
179	C	0.461	0.1246664
180	G	0.028	0.1616918
181	A	-0.464	0.2046786
182	G	-0.127	0.2333885
183	C	0.352	0.2223017
184	T	0.441	0.1805366
185	T	0.116	0.1334142
186	G	0.228	0.07633773
187	G	0.348	0.02365754
188	G	0.394	0.01405278
189	C	0.392	0.02997078
190	T	0.164	0.06365916
191	G	0.034	0.06570128
192	C	-0.266	0.02425403
193	A	-0.385	0.01697678
194	A	-0.498	0.02791166
195	A	-0.381	0.03433428
196	C	-0.125	0.04411397
197	A	-0.209	0.01876193
198	T	0.411	-0.02371795
199	C	0.385	-0.05941598
200	A	-0.221	-0.05795436
201	A	0	-0.02258617
 202	C	0.403	-0.004526356
203	T	0.451	0.04713502
204	C	0.551	0.08394971
205	T	-0.013	0.1264156
206	A	-0.514	0.1112225
207	A	-0.537	0.08027571
208	A	-0.242	0.06401502
209	G	0.180	0.03156683
210	A	-0.209	-0.01348698
211	C	0.444	-0.03608811
212	T	0.463	-0.0846518
213	C	0.469	-0.05902976
214	T	0.168	0.0003023687
215	T	-0.110	0.01867412
216	T	-0.481	0.01127974
217	A	-0.519	0.003906369
218	A	-0.316	-0.008727069
219	G	0.089	-0.06021101
220	A	-0.225	-0.1213999
221	T	0.396	-0.1583799
222	T	0.434	-0.1405018
223	T	-0.243	-0.1180535
224	G	-0.361	-0.07717351
225	T	0.062	-0.01539488
226	A	-0.411	0.03900018
227	A	-0.378	0.02123919
228	G	-0.515	0.04880844
229	A	-0.121	0.03499631
230	C	0.454	0.005534394
231	T	0.249	0.005295831
232	G	0.172	0.01689221
233	C	0.469	0.005008394
234	A	0.553	0.01430733
235	T	-0.194	0.05610121
236	T	0.215	0.06961739
237	C	0.175	0.09133858
238	A	-0.036	0.07747877
239	G	-0.246	0.08893583
240	A	-0.175	0.05681764
241	T	-0.127	0.01279264
242	T	-0.262	-0.01912417
243	T	0.289	-0.01297778
244	G	-0.298	-0.02306306
245	T	0.225	-0.02878267
246	T	0.232	-0.01422707
247	T	0.432	0.03177874
248	T	-0.341	0.06800799
249	A	-0.235	0.1052269
250	T	0.042	0.1442473
251	C	-0.096	0.1544069
252	A	0.053	0.190669
253	T	0.083	0.1566533
254	C	0.196	0.1167448
255	C	0.489	0.09291392
256	A	0.404	0.07989367
257	T	0.467	0.09609339
258	C	0.361	0.1106783
259	T	0.452	0.1153689
260	G	0.281	0.08484845
261	T	-0.318	0.04906075
262	G	-0.405	0.01107562
263	A	0.051	-0.04497281
264	A	-0.549	-0.09399162
265	A	0.024	-0.1482372
266	C	0.276	-0.1634946
267	T	-0.021	-0.1819887
268	G	-0.434	-0.2078712
269	A	-0.488	-0.1630156
270	A	-0.411	-0.1109268
271	A	-0.407	-0.09515536
272	A	-0.380	-0.03290917
273	T	-0.400	-0.05229421
274	T	0.117	-0.09790114
275	T	0.156	-0.1002718
276	G	-0.132	-0.1019517
277	C	0.399	-0.09381906
278	C	0.427	-0.05828325
279	C	0.303	-0.05710538
280	T	0.446	-0.04207513
281	C	-0.286	-0.03472294
282	T	-0.453	-0.06717819
283	A	-0.059	-0.1000643
284	T	-0.461	-0.1183209
285	G	-0.358	-0.1718249
286	G	0.156	-0.2239227
287	A	-0.388	-0.2656072
288	A	-0.139	-0.3244799
289	G	-0.282	-0.2978602
290	G	-0.401	-0.2442879
291	A	-0.369	-0.2176114
292	A	-0.425	-0.1598521
293	T	-0.457	-0.1113891
294	A	-0.405	-0.1328344
295	A	-0.363	-0.1256609
296	A	-0.495	-0.09101256
297	C	0.139	-0.05448206
298	T	0.403	-0.02471527
299	G	0.367	0.008956794
300	C	0.462	0.06160567
301	T	0.416	0.1199939
302	T	-0.186	0.1754442
303	G	-0.274	0.2204563
304	C	0.414	0.2343804
305	C	0.301	0.202438
306	A	0.074	0.1997804
307	T	0.168	0.1850388
308	C	0.417	0.1693459
309	T	0.477	0.1622034
310	C	0.481	0.1823841
311	T	0.356	0.212829
312	T	-0.272	0.212997
313	T	-0.371	0.2238002
314	C	0.360	0.2383189
315	A	0.131	0.2565243
316	C	0.211	0.2402942
317	A	0.302	0.2309792
318	C	0.136	0.2211947
319	T	0.213	0.1941889
320	C	0.417	0.1954658
321	T	0.474	0.214041
322	C	0.306	0.1624491
323	T	0.460	0.1680041
324	T	0.157	0.1795398
325	C	0.328	0.17723
326	C	0.324	0.2000176
327	G	-0.075	0.1686709
328	G	-0.252	0.1286349
329	A	-0.074	0.0898302
330	T	-0.464	0.09732207
331	G	0.220	0.09304826
332	C	0.396	0.06501214
333	C	0.265	0.02721707
334	T	0.501	0.00691245
335	G	-0.288	0.003225306
336	T	-0.223	0.02949468
337	A	-0.146	0.05307019
338	C	0.426	0.08377756
339	C	0.391	0.082701
340	A	-0.290	0.04624769
341	G	-0.276	0.02274725
342	A	0	-0.02377663
 343	C	-0.134	-0.02119413
344	A	0.167	-0.01163065
345	C	0.303	0.003604631
346	A	0.026	-0.01463337
347	G	0.203	-0.03522218
348	C	-0.186	-0.004798238
349	A	-0.110	0.01150374
350	G	-0.243	0.007173138
351	A	-0.247	0.0323327
352	T	-0.070	0.02319927
353	G	0.097	0.01158914
354	G	0.134	0.02771446
355	A	0.062	0.04256921
356	C	0.195	0.06466446
357	T	-0.015	0.05026102
358	G	-0.069	0.07106142
359	A	0.268	0.07593998
360	T	0.021	0.07734038
361	A	0.117	0.06963005
362	C	0.284	0.0771373
363	T	0.441	0.08974573
364	T	0.166	0.1041229
365	T	-0.340	0.1325948
366	T	0.089	0.16
367	T	-0.169	0.1696632
368	C	-0.047	0.1924054
369	T	-0.025	0.1832443
370	G	0.254	0.131549
371	C	0.264	0.0903199
372	C	0.425	0.1074801
373	T	0.439	0.1408447
374	C	0.369	0.1682706
375	C	0.422	0.1519894
376	C	0.385	0.1297491
377	C	-0.029	0.1011299
378	A	-0.542	0.05227192
379	A	-0.218	0.002060612
380	C	0.441	-0.04005014
381	C	0.192	-0.08808682
382	T	0.528	-0.09655014
383	G	-0.429	-0.114434
384	A	-0.403	-0.1152223
385	A	-0.483	-0.1000216
386	A	-0.526	-0.05162375
387	A	-0.539	-0.009810125
388	G	-0.247	-0.05631194
389	C	-0.328	-0.09569644
390	A	0.233	-0.1342806
391	A	0.136	-0.08061483
392	C	0.372	-0.03135583
393	T	0.214	0.02658867
394	C	0.232	0.08260374
395	T	0.450	0.1280373
396	G	-0.302	0.1688851
397	A	-0.437	0.2137177
398	A	-0.088	0.2164058
399	T	0.429	0.2183572
400	C	0.384	0.1807774
401	C	0.443	0.1816784
402	T	0.369	0.1772429
403	G	0.187	0.1686687
404	C	0.405	0.199216
405	A	0.388	0.2366589
406	C	0.276	0.2215966
407	C	0.167	0.1870478
408	A	-0.228	0.1476911
409	C	0.228	0.1069382
410	T	0.161	0.09546612
411	T	0.313	0.08286224
412	C	0.185	0.06373264
413	C	0.161	0.03269352
414	A	-0.329	-0.008939794
415	T	-0.123	-0.007916919
416	T	-0.245	0.01159472
417	G	-0.208	-0.01196159
418	C	0.185	-0.03960646
419	A	-0.013	-0.08552671
420	A	0.099	-0.1103575
421	C	-0.108	-0.1431685
422	A	-0.389	-0.1239509
423	G	0.184	-0.09749144
424	A	0.083	-0.05628632
425	G	-0.148	-0.05187769
426	G	-0.281	-0.04265388
427	A	-0.421	-0.01396725
428	A	-0.211	0.005763475
429	G	-0.363	0.0357166
430	A	-0.022	0.0882441
431	C	0.299	0.08101617
432	T	0.414	0.04677728
433	T	-0.137	0.02695215
434	G	0.333	0.01328934
435	C	0.445	0.02107527
436	C	0.415	0.03709091
437	C	0.371	0.04541634
438	C	0.451	0.03209432
439	A	0.068	0.01847494
440	T	-0.463	-0.02045031
441	A	-0.465	-0.006973119
442	G	-0.499	-0.01894031
443	T	-0.296	-0.02841437
444	A	0.044	-0.04416006
445	G	-0.229	-0.06470982
446	T	-0.235	-0.09679538
447	T	0.081	-0.09948915
448	A	-0.208	-0.04862384
449	T	0.077	-0.01437216
450	G	0.141	0.0442439
451	G	0.293	0.06021536
452	G	0.163	0.0686866
453	A	0.042	0.10277
454	G	-0.062	0.1404167
455	A	0.025	0.1652384
456	C	0.349	0.1798471
457	A	0.082	0.1973313
458	C	0.438	0.1854084
459	G	-0.041	0.1657306
460	T	0.180	0.1694262
461	C	0.315	0.1774098
462	T	0.366	0.2050428
463	C	0.478	0.2295993
464	C	0.025	0.2144007
465	A	0.357	0.2085997
466	T	-0.048	0.1704707
467	G	-0.021	0.1406615
468	T	0.222	0.09514546
469	C	0.170	0.05454058
470	T	0.379	0.04695789
471	G	0.418	0.01334209
472	G	0.106	0.02591471
473	T	-0.010	0.02168971
474	T	-0.172	0.04795058
475	T	-0.518	0.07724677
476	A	-0.547	0.09061727
477	A	-0.334	0.1029622
478	G	0.245	0.06674014
479	G	-0.058	0.03376158
480	C	0.226	0.04030058
481	A	0.289	0.05236432
482	C	0.371	0.08180151
483	T	0.447	0.1256324
484	C	0.436	0.1454889
485	T	0.367	0.1698187
486	G	-0.199	0.153396
487	T	-0.109	0.1551131
488	G	0.211	0.1715877
489	G	0.182	0.1747221
490	G	0.298	0.1508815
491	T	0.183	0.1242872
492	G	-0.230	0.1095287
493	G	0.055	0.10047
494	T	-0.017	0.1420149
495	G	-0.031	0.1695988
496	C	0.489	0.1572974
497	T	0.339	0.1387803
498	T	-0.010	0.1090201
499	C	0.021	0.09881141
500	A	0.200	0.1061825
501	C	0.222	0.1218395
502	T	0.465	0.1253866
503	C	0.332	0.1515047
504	T	0.014	0.1268715
505	G	-0.113	0.07644656
506	A	-0.177	0.06694309
507	G	0.019	0.06402037
508	A	-0.112	0.06509343
509	T	0.305	0.07743993
510	T	0.039	0.06080906
511	C	0.386	0.05820631
512	C	0.095	0.0419341
513	A	-0.466	0.05389207
514	A	-0.162	0.07981182
515	G	-0.024	0.07094949
516	T	0.217	0.07796699
517	C	0.420	0.08514743
518	T	0.198	0.1135144
519	C	0.290	0.1208048
520	A	-0.245	0.09412186
521	G	0.077	0.09241173
522	G	0.237	0.07971954
523	G	-0.122	0.04888728
524	A	0	0.01401453
 525	C	0.420	0.01345141
526	C	0.493	-0.01164616
527	T	0.503	-0.01979391
528	T	-0.331	0.006548969
529	T	-0.494	0.01139869
530	A	-0.365	0.02109363
531	T	-0.518	0.05000969
532	G	-0.340	0.07631769
533	T	0.411	0.07685969
534	G	-0.202	0.07187875
535	A	0.160	0.047736
536	C	0.175	0.04167206
537	T	0.155	0.08180744
538	C	0.392	0.0837725
539	T	0.340	0.09235906
540	C	0.420	0.1054944
541	C	0.429	0.06646156
542	C	0.413	0.07408386
543	T	0.116	0.07661699
544	G	-0.428	0.08957405
545	G	0.147	0.1014578
546	A	-0.333	0.09712649
547	A	-0.380	0.08887536
548	T	-0.130	0.0914328
549	G	-0.213	0.09131249
550	T	-0.080	0.09054936
551	A	0.200	0.0984128
552	T	0.382	0.1163702
553	C	0.345	0.07674705
554	T	0.323	0.06663174
555	T	0.208	0.0716483
556	C	0.461	0.0602553
557	T	0.427	0.0706129
558	C	0.401	0.0799365
559	C	0.242	0.06429088
560	A	-0.140	0.06031188
561	T	-0.485	0.05391769
562	A	-0.495	0.06158382
563	G	-0.300	0.07752969
564	C	-0.312	0.07530676
565	A	-0.047	0.06952313
566	A	0.068	0.0468608
567	C	-0.049	0.03961267
568	T	0.319	0.05612642
569	G	0.243	0.07013242
570	T	0.445	0.08430593
571	C	0.463	0.07670217
572	C	0.426	0.1223492
573	A	0.334	0.1373622
574	C	0.038	0.1430548
575	A	0.126	0.1483187
576	G	0.123	0.1424584
577	A	-0.261	0.09768701
578	G	-0.268	0.07511575
579	A	-0.422	0.03881881
580	G	0.417	0.03025838
581	T	0.192	0.03680119
582	G	0.159	0.06171233
583	T	0.034	0.07385371
584	G	0.225	0.09091208
585	T	-0.473	0.1284008
586	C	0.084	0.1653649
587	A	-0.117	0.2183272
588	G	0.289	0.2154998
589	C	0.439	0.2312332
590	C	0.437	0.2299145
591	T	0.320	0.235288
592	G	0.396	0.2175819
593	G	0.337	0.22084
594	G	0.322	0.1919649
595	C	0.425	0.1802164
596	C	0.372	0.1506214
597	T	0.444	0.1464399
598	T	0.138	0.1364749
599	C	0.120	0.1424657
600	T	-0.057	0.1368018
601	G	-0.421	0.1313466
602	A	-0.377	0.1370084
603	A	-0.305	0.1351944
604	T	-0.184	0.1246617
605	C	0.372	0.08630923
606	C	0.277	0.1008483
607	C	0.416	0.1149791
608	A	0.305	0.1368141
609	G	0.250	0.1376586
610	C	0.413	0.1309878
611	C	0.396	0.1680277
612	T	0.204	0.2059687
613	T	-0.169	0.2055965
614	C	0.371	0.1882246
615	C	0.346	0.1531666
616	T	0.291	0.1043397
617	T	-0.407	0.05509681
618	G	-0.483	0.05319925
619	G	0.287	0.02024975
620	G	0.422	-0.01406294
621	T	0.366	-0.006672081
622	C	0	-0.01520408
 623	A	-0.144	-0.01597089
624	A	-0.475	-0.02131202
625	A	-0.537	0.006297419
626	T	0.382	0.0389918
627	G	-0.131	0.01577706
628	A	-0.344	-0.02801219
629	G	-0.051	-0.03939919
630	A	0.234	-0.01231307
631	C	0.334	-0.02137451
632	T	0.206	-0.003219444
633	T	0.034	0.03707981
634	C	0.039	0.01677554
635	A	-0.083	0.04400598
636	A	-0.277	0.08399616
637	C	0.184	0.09419931
638	C	0.433	0.1094397
639	A	-0.289	0.08610112
640	G	-0.185	0.05354887
641	T	0.107	0.01939981
642	G	0.057	-0.01573601
643	C	0.304	-0.03270621
644	T	0.294	-0.03964046
645	G	0.112	-0.05400979
646	C	0.478	-0.06604923
647	T	-0.039	-0.06935311
648	A	-0.314	-0.04317904
649	A	-0.512	-0.07849867
650	G	-0.522	-0.08486348
651	G	-0.355	-0.0934541
652	A	-0.388	-0.08054479
653	A	-0.045	-0.06051804
654	C	0.240	-0.07269147
655	A	-0.342	-0.07336458
656	G	0.233	-0.03252252
657	A	-0.457	0.01082411
658	G	-0.043	0.05244529
659	G	0.167	0.08094973
660	C	0.501	0.08917761
661	T	0.432	0.07365013
662	A	0.283	0.08167176
663	C	-0.049	0.1057718
664	T	0.338	0.1128253
665	T	0.181	0.1357165
666	C	0.142	0.1204031
667	T	0.100	0.08354586
668	G	-0.257	0.04143979
669	A	-0.294	0.02035902
670	T	0.369	0.03023402
671	T	0.043	0.05355769
672	C	0.346	0.03676603
673	C	-0.091	0.002037094
674	G	-0.288	0.01002034
675	A	-0.422	-0.02170766
676	T	-0.172	-0.02200559
677	T	0.095	-0.02466341
678	C	0.441	-0.01778259
679	C	0.323	-0.03014505
680	A	0.070	-0.05019265
681	G	-0.374	-0.03344909
682	A	0.270	-0.008819531
683	T	-0.406	0.03365966
684	A	-0.261	0.05739153
685	T	-0.336	0.02435562
686	C	0.479	0.001126637
687	A	-0.154	-0.03511868
688	T	0.025	-0.07050996
689	G	0.176	-0.06022302
690	G	0.105	-0.05710039
691	T	0.257	-0.01863389
692	G	0.207	-0.0005664625
693	A	-0.433	0.01540949
694	A	0.070	-0.03876363
695	T	-0.256	-0.006310381
696	G	-0.496	0.01220016
697	A	-0.209	0.01706303
698	G	0.320	0.01748622
699	C	0.208	-0.002015506
700	A	0.027	-0.01217412
701	G	-0.080	-0.008329056
702	A	-0.387	-0.009852219
703	G	0.364	0.03421072
704	C	0.321	0.09366597
705	T	0.254	0.1035466
706	G	0.111	0.1126529
707	C	-0.054	0.1263412
708	T	0.044	0.1539785
709	A	-0.371	0.1645656
710	G	0.045	0.1854788
711	C	0.448	0.1779507
712	T	0.455	0.1542327
713	G	-0.051	0.1398012
714	T	0.466	0.1039789
715	C	0.427	0.1213739
716	T	0.469	0.1467249
717	C	0.088	0.2003285
718	T	-0.052	0.1843218
719	T	0.244	0.1322134
720	C	-0.057	0.1005119
721	T	0.023	0.1261146
722	A	-0.461	0.07946821
723	G	0.223	0.02429771
724	C	0.450	-0.02279991
725	T	0.485	-0.02325936
726	G	-0.210	-0.04483562
727	A	-0.385	-0.08108849
728	A	-0.052	-0.08033843
729	C	0.357	-0.1093509
730	T	-0.279	-0.07761697
731	G	-0.455	-0.09928303
732	T	-0.284	-0.1170688
733	A	0.081	-0.1349728
734	G	-0.398	-0.09910634
735	A	-0.335	-0.06120559
736	G	-0.045	-0.07686503
737	A	-0.440	-0.1175082
738	T	0.046	-0.1247573
739	G	-0.123	-0.1212571
740	C	0.165	-0.1294456
741	C	0.199	-0.1500581
742	A	0.363	-0.1346865
743	T	0.220	-0.1028099
744	G	-0.302	-0.1187245
745	G	-0.292	-0.1133405
746	A	-0.395	-0.1453578
747	A	-0.399	-0.1657914
748	A	-0.415	-0.2095358
749	T	-0.248	-0.2539073
750	G	-0.152	-0.2881772
751	A	0.174	-0.2898427
752	G	-0.300	-0.2473009
753	A	-0.354	-0.2101311
754	G	-0.465	-0.1602133
755	A	-0.450	-0.116803
756	A	-0.533	-0.09466506
757	A	-0.510	-0.05082599
758	A	-0.184	-0.009556619
759	G	0.194	-0.001374619
760	C	0.378	-0.003463494
761	T	0.302	0.01869638
762	C	0.402	0.02525238
763	T	0.295	0.02495707
764	G	-0.060	0.04274888
765	G	0.452	0.06132844
766	G	0.508	0.04857707
767	A	0.305	0.01814713
768	T	-0.333	-0.01169414
769	T	0	-0.001072638
 770	T	-0.360	-0.04334957
771	G	-0.454	-0.09135295
772	A	-0.249	-0.1071573
773	A	-0.213	-0.154326
774	G	-0.388	-0.1949407
775	T	-0.292	-0.2117009
776	A	-0.099	-0.1888619
777	C	0.472	-0.2155026
778	T	-0.273	-0.2222476
779	A	-0.472	-0.2220382
780	A	-0.313	-0.2255145
781	T	-0.301	-0.2083229
782	G	-0.141	-0.1830166
783	C	0.037	-0.1579499
784	A	0.031	-0.1344554
785	A	-0.426	-0.1738115
786	A	-0.468	-0.1706319
787	A	-0.451	-0.1231474
788	T	-0.304	-0.1122537
789	T	0.061	-0.09886299
790	C	0.015	-0.08232668
791	A	0.108	-0.05340143
792	T	0.276	-0.02398476
793	G	-0.157	0.00896805
794	A	-0.222	0.01505161
795	G	0.287	0.02924205
796	A	-0.139	0.05203453
797	A	-0.087	0.0240625
798	A	0.122	0.04631884
799	C	0.500	0.04623359
800	T	0.502	0.04477052
801	T	0.100	0.06531859
802	T	-0.371	0.0519819
803	T	-0.224	0.04175371
804	G	0.059	0.05383924
805	A	-0.385	0.05288544
806	G	0.372	0.0305235
807	G	0.107	-0.03307156
808	G	0.253	-0.08841831
809	G	0.171	-0.07719931
810	A	-0.436	-0.04912344
811	T	0.123	-0.04668637
812	G	0.053	-0.05402042
813	C	-0.102	-0.04056454
814	A	-0.234	-0.05081154
815	A	-0.517	-0.06116359
816	A	-0.383	-0.08397234
817	G	0.280	-0.1242467
818	T	0.077	-0.1076588
819	G	-0.185	-0.09526246
820	A	-0.057	-0.07700811
821	G	-0.170	-0.05254699
822	T	0.208	-0.0132883
823	A	-0.058	0.04519776
824	T	-0.111	0.09450476
825	G	-0.473	-
826	A	-0.170	-
827	C	0.321	-
828	C	0.345	-
829	T	0.288	-
830	G	0.393	-
831	G	0.418	-
832	C	0.405	-
