1	A	0.035	-
2	G	0.452	-
3	C	0.436	-
4	T	0.427	-
5	G	0.095	-
6	T	0.080	-
7	G	-0.181	0.02587017
8	T	-0.014	0.05068809
9	G	-0.013	0.03010878
10	G	0	0.02143325
 11	A	-0.403	-0.01651482
12	A	-0.502	-0.008829138
13	A	-0.075	-0.04901745
14	C	0.357	-0.003469369
15	A	0.184	0.03140346
16	C	0.323	0.06488448
17	A	-0.066	0.09559094
18	G	0.195	0.1470772
19	A	-0.442	0.168562
20	G	0.410	0.1523372
21	C	0.439	0.08327355
22	C	0.421	0.04817194
23	C	0.399	-0.001294369
24	A	0.266	0.02575408
25	C	-0.223	0.04420215
26	A	-0.286	0.1114449
27	A	-0.540	0.1079243
28	C	-0.271	0.08154148
29	A	-0.319	0.05747995
30	G	0.285	0.02843357
31	G	0.435	0.02164472
32	C	0.432	0.01888411
33	T	0.364	0.01570726
34	T	0.096	0.03453518
35	C	0.109	0.03496334
36	A	0.021	0.0223098
37	T	0.178	-0.03875605
38	T	-0.259	-0.04050889
39	T	-0.327	-0.04245951
40	G	-0.295	-0.06037851
41	A	-0.265	-0.04228384
42	A	-0.483	-0.03010545
43	A	-0.508	-0.05622292
44	T	0.412	-0.06991585
45	C	0.406	-0.03607915
46	T	0.131	-0.004617569
47	C	0.331	0.01253843
48	A	0.267	-0.0037028
49	C	-0.317	0.01674089
50	A	0	0.02990074
 51	G	0.180	-0.03356218
52	T	0.081	-0.03453403
53	T	-0.072	-0.05437849
54	G	-0.477	-0.04828142
55	A	-0.218	-0.04726042
56	A	-0.337	-0.03108295
57	A	-0.412	-0.0209608
58	T	0.394	-0.04932918
59	A	-0.126	-0.07441377
60	T	0.410	-0.09396292
61	G	0.280	-0.07714762
62	T	-0.107	-0.05296755
63	G	0.131	-0.02701762
64	A	-0.188	-0.01710116
65	T	-0.244	-0.06959285
66	A	-0.326	-0.09247485
67	T	-0.258	-0.1477325
68	A	0.096	-0.1729434
69	T	0	-0.1898303
 70	G	-0.283	-0.1930353
71	A	-0.288	-0.1472156
72	A	-0.423	-0.0989421
73	A	-0.307	-0.05077387
74	G	-0.047	0.001954208
75	T	-0.327	0.02494214
76	T	0.089	0.01334291
77	C	0.407	0.03000111
78	A	0.382	0.08279672
79	C	0.299	0.1335797
80	C	0.427	0.1572446
81	T	0.394	0.1509625
82	T	-0.150	0.1800022
83	G	-0.067	0.190005
84	C	0.397	0.1803
85	A	0.236	0.1841354
86	G	0	0.1739102
 87	G	-0.128	0.1747898
88	T	0.050	0.179662
89	G	0.219	0.2293637
90	T	0.281	0.2453466
91	G	0.432	0.2354337
92	G	0.166	0.2289135
93	G	0.438	0.2011659
94	C	0.458	0.1850294
95	A	0.495	0.1448953
96	T	0.140	0.1400438
97	T	0.269	0.1384378
98	C	0.151	0.1170198
99	A	-0.360	0.136692
100	G	-0.338	0.08933838
101	A	-0.471	0.03267138
102	T	0.156	-0.03841046
103	C	0.260	-0.05591811
104	A	0.154	-0.08528403
105	C	0.422	-0.07238142
106	C	-0.177	-0.02286165
107	A	-0.278	0.02922774
108	A	-0.428	0.07956528
109	C	-0.086	0.04589089
110	G	-0.112	0.03296868
111	C	0.319	0.05316298
112	T	0.283	0.03551598
113	G	0.338	0.07152622
114	T	0.182	0.1196563
115	G	-0.280	0.1631169
116	A	0.092	0.1959313
117	C	0.416	0.2385523
118	C	0.193	0.1945649
119	T	0.291	0.1957399
120	C	0.347	0.2032673
121	G	0.136	0.1723099
122	C	0.339	0.1630696
123	T	0.441	0.1148157
124	G	-0.252	0.08032253
125	T	0.298	0.05306076
126	G	0.436	0.05430499
127	T	-0.219	0.01605276
128	G	-0.400	0.03663545
129	A	-0.534	0.02068207
130	A	-0.031	0.01873822
131	T	-0.161	0.06098753
132	G	0.307	0.06213276
133	G	-0.149	0.03291505
134	G	0.403	0.05506043
135	A	0.132	0.09381574
136	G	0.416	0.09789151
137	C	0.296	0.1022986
138	T	0.313	0.09998723
139	G	0.056	0.09143477
140	C	0.068	0.09521323
141	T	0.102	0.036631
142	A	-0.481	0.01536969
143	C	0.025	-0.04276723
144	A	-0.191	-0.05849908
145	G	0.196	-0.1158372
146	G	-0.100	-0.1201971
147	A	-0.357	-0.09284598
148	A	-0.144	-0.07201667
149	G	-0.339	0.004478485
150	G	0.092	-0.03429977
151	A	-0.432	-0.03234308
152	A	0	-0.0446742
 153	G	0.423	-0.06748474
154	C	0.373	-0.08020866
155	T	0.512	-0.07011968
156	T	-0.478	-0.07973852
157	A	-0.165	-0.1160078
158	C	0.035	-0.1176366
159	A	-0.397	-0.1280838
160	A	-0.523	-0.1405948
161	A	-0.013	-0.1539114
162	T	-0.464	-0.1836166
163	G	-0.379	-0.1140661
164	A	-0.453	-0.09922115
165	A	-0.135	-0.09434276
166	C	0.261	-0.08833099
167	T	0.200	-0.06890061
168	G	0.126	-0.07649852
169	C	0.425	-0.006527131
170	A	0.027	0.05020048
171	T	0.099	0.1214907
172	G	-0.319	0.1529695
173	G	-0.270	0.1645076
174	A	-0.111	0.1464052
175	T	0.444	0.1675624
176	C	0.358	0.1190843
177	C	0.473	0.09894724
178	C	0.273	0.1031018
179	A	0.411	0.1413244
180	C	-0.034	0.1548818
181	A	0.401	0.1936017
182	T	-0.204	0.1629483
183	T	-0.234	0.1019596
184	T	0.153	0.04543002
185	T	0.177	-0.009522054
186	G	-0.094	-0.08014459
187	C	0.391	-0.06043325
188	T	0.046	-0.1036222
189	A	-0.434	-0.1180191
190	A	-0.261	-0.1253769
191	A	-0.440	-0.1736368
192	A	-0.506	-0.2266563
193	T	0.221	-0.2133127
194	C	-0.160	-0.2454879
195	A	-0.391	-0.2547879
196	A	-0.330	-0.1899606
197	A	-0.474	-0.1358708
198	T	-0.511	-0.07702175
199	A	0.079	-0.006538446
200	G	-0.026	-0.02673445
201	G	-0.074	0.0007298538
202	A	0.408	0.06464978
203	C	0.441	0.1124777
204	C	0.324	0.1563899
205	T	0.409	0.206304
206	T	-0.041	0.2116833
207	T	0.196	0.2272954
208	C	0.439	0.2142318
209	T	0.291	0.1837316
210	C	0.096	0.1326347
211	T	0.137	0.07839642
212	T	0.149	0.08051481
213	C	0.176	0.07248782
214	T	-0.244	0.02715282
215	T	0.011	-0.03856803
216	T	-0.222	-0.05735429
217	G	-0.381	-0.07710318
218	T	0.437	-0.1000497
219	T	-0.145	-0.07902542
220	G	-0.392	-0.06989688
221	A	-0.415	-0.03217449
222	A	0.047	-0.05167772
223	T	-0.160	-0.05628472
224	G	-0.160	-0.06035572
225	C	0.422	-0.08077511
226	C	0.294	-0.08577126
227	G	0.246	-0.03215026
228	T	-0.241	0.01458774
229	A	-0.282	0.03855269
230	A	-0.433	0.03295123
231	T	0.171	0.01050323
232	G	-0.210	-0.05890885
233	C	0.304	-0.1131079
234	A	0.192	-0.1638965
235	C	0.358	-0.178903
236	A	-0.232	-0.1971082
237	A	-0.452	-0.2004955
238	G	-0.479	-0.2444278
239	A	-0.409	-0.2129796
240	A	-0.414	-0.2278313
241	A	-0.436	-0.2211849
242	T	-0.519	-0.2261118
243	A	-0.477	-0.1816916
244	A	-0.399	-0.1581239
245	G	0.198	-0.1394725
246	C	0.111	-0.1059479
247	C	0.278	-0.09840088
248	A	0.294	-0.07704903
249	G	0.344	-0.05568295
250	C	-0.146	-0.006387723
251	A	-0.237	0.05595182
252	G	0.026	0.0801832
253	A	-0.316	0.1037957
254	A	-0.159	0.1166458
255	T	-0.241	0.1247602
256	G	0.162	0.1144259
257	C	0.410	0.1196967
258	T	0.513	0.1733825
259	C	0.418	0.2077885
260	A	0.445	0.1939698
261	C	0.400	0.1959214
262	G	0.210	0.201282
263	T	-0.077	0.2076206
264	C	0.460	0.2033316
265	C	0.473	0.1917691
266	A	-0.495	0.1928238
267	A	-0.133	0.1902861
268	G	-0.171	0.1900499
269	G	0.245	0.2135911
270	T	0.355	0.2258036
271	C	0.363	0.213256
272	T	0.432	0.1776827
273	G	0.412	0.2180497
274	C	0.397	0.2666525
275	C	0.516	0.3107756
276	T	0.080	0.3032604
277	T	0.297	0.2876213
278	C	0.010	0.2703739
279	A	0.029	0.2613913
280	T	0.497	0.2542747
281	C	0.401	0.2585456
282	T	0.147	0.253521
283	A	0.151	0.2813251
284	C	0.138	0.2252849
285	C	0.315	0.20494
286	A	0.320	0.2241335
287	C	0.452	0.2178565
288	C	0.450	0.2069244
289	T	0.442	0.2085174
290	G	-0.431	0.2218486
291	A	-0.253	0.2230698
292	G	0.278	0.2009215
293	C	0.416	0.2031056
294	T	0.259	0.1338612
295	G	0.168	0.06710495
296	G	0.325	-0.006191746
297	C	0.154	0.01947937
298	A	0.027	0.04161691
299	T	0.348	-0.01841225
300	G	-0.447	-0.06603671
301	A	-0.416	-0.08314938
302	A	-0.510	-0.07116968
303	A	-0.097	-0.0707803
304	C	0.034	-0.08689968
305	A	-0.501	-0.09650163
306	A	-0.202	-0.1233325
307	C	0.037	-0.05848125
308	T	0.324	-0.01470955
309	T	0.330	0.02900605
310	C	-0.054	0.04000611
311	T	-0.097	0.04745072
312	G	0	0.07401542
 313	G	0.395	0.05652903
314	G	0.152	0.04340524
315	G	0.057	0.008628623
316	T	0.045	-0.007613608
317	T	0.131	0.03269508
318	C	-0.156	0.06862455
319	A	-0.430	0.09825616
320	A	-0.133	0.0898017
321	A	-0.128	0.06116685
322	T	0.119	0.02536179
323	C	0.469	-0.01439477
324	T	0.369	-0.058046
325	T	0.385	-0.06650623
326	C	0.285	-0.07408354
327	T	-0.220	-0.101502
328	A	-0.407	-0.09833503
329	A	-0.471	-0.1311596
330	A	-0.436	-0.1897559
331	C	-0.266	-0.1972478
332	G	-0.528	-0.2544645
333	A	-0.489	-0.2444636
334	T	-0.086	-0.2639953
335	G	-0.307	-0.2509639
336	A	-0.292	-0.2009581
337	T	0.272	-0.1304862
338	G	-0.358	-0.07216849
339	C	0.415	0.0003538923
340	A	-0.474	0.004960662
341	A	-0.238	-0.01681092
342	G	0.178	-0.008551615
343	T	0.479	0.04828992
344	C	0.491	0.02915738
345	T	0.414	0.03352708
346	T	-0.429	-0.03111969
347	A	-0.369	0.03009015
348	G	-0.200	0.05984654
349	C	0.446	0.08325715
350	A	0.023	0.0536791
351	A	-0.301	0.03036941
352	A	-0.424	-0.03366844
353	T	0.321	-0.03237521
354	T	0.148	-0.03394321
355	T	0.483	-0.01237852
356	C	0.095	-0.04201235
357	A	0.188	-0.06608981
358	A	-0.418	-0.05508904
359	G	-0.413	-0.04383173
360	A	-0.390	-0.09191312
361	A	0.080	-0.1295682
362	C	0.061	-0.204992
363	A	-0.289	-0.2470198
364	A	-0.158	-0.2893297
365	T	-0.278	-0.2685924
366	T	-0.303	-0.2427971
367	T	-0.340	-0.1831646
368	A	-0.497	-0.1788787
369	A	-0.451	-0.156599
370	A	-0.361	-0.1399037
371	G	-0.148	-0.1459111
372	A	-0.077	-0.1616501
373	G	0.384	-0.1700077
374	G	0.135	-0.1843687
375	G	0.350	-0.177512
376	A	-0.072	-0.1145022
377	A	-0.236	-0.1063139
378	T	-0.482	-0.08232914
379	A	-0.412	-0.05002998
380	A	-0.527	-0.04492191
381	A	-0.408	-0.08608445
382	C	0.367	-0.1517439
383	A	-0.254	-0.1091076
384	C	0.163	-0.1107852
385	C	0.342	-0.09664031
386	T	0.451	-0.03439485
387	T	-0.399	0.04382346
388	T	-0.502	0.07285665
389	T	0.481	0.01147542
390	T	-0.258	0.03918118
391	G	-0.299	0.05881511
392	T	0.397	0.04799726
393	T	0.489	0.03850026
394	T	-0.030	0.0920338
395	A	-0.43	0.1354748
396	A	0.105	0.1073951
397	C	0.418	0.1639219
398	T	0.201	0.2104505
399	T	0.327	0.179902
400	G	0.296	0.1258833
401	G	0.061	0.09583978
402	A	0.116	0.09609716
403	T	0.476	0.08897094
404	C	0.305	0.05977
405	A	0	0.05333438
 406	A	-0.213	0.03482635
407	T	-0.421	0.03345297
408	T	-0.426	0.05168142
409	A	0.012	0.08186027
410	T	0.038	0.03944385
411	C	0.117	0.02266955
412	T	0.087	0.02185388
413	C	0.278	0.01908996
414	C	0.298	0.0668435
415	T	0.509	0.1316497
416	T	-0.075	0.104587
417	T	0.087	0.07146835
418	T	-0.010	0.06598218
419	G	-0.249	0.08121022
420	G	0.199	0.07518545
421	T	0.415	0.08475483
422	A	-0.339	0.06070306
423	A	-0.391	0.04999932
424	G	0.046	0.0421773
425	T	0.285	0.0238552
426	C	0.200	0.06737751
427	T	0.423	0.07575466
428	C	0.196	0.06030497
429	T	-0.214	0.09179761
430	T	-0.013	0.1339878
431	T	-0.248	0.1304035
432	T	0.316	0.1141682
433	C	0.308	0.1343156
434	C	0.214	0.1349262
435	C	0.070	0.1359831
436	A	0.156	0.1577348
437	T	0	0.1515449
 438	C	0.074	0.1577554
439	C	0.462	0.1208047
440	T	0.431	0.08103339
441	G	0.210	0.06337164
442	T	0.068	0.06812885
443	G	-0.094	0.08173285
444	T	-0.168	0.055572
445	A	-0.163	0.05938022
446	T	-0.208	0.02101614
447	T	-0.014	0.01998237
448	T	0.132	0.02690629
449	C	0.333	0.03586472
450	T	-0.340	0.0678267
451	T	0.123	0.0993477
452	G	-0.036	0.1456849
453	T	0.417	0.1644748
454	C	0.300	0.2009095
455	T	0.184	0.1835469
456	G	0.321	0.1470373
457	C	0.241	0.1916986
458	T	0.438	0.1720717
459	C	0.035	0.182257
460	T	0.459	0.1824983
461	A	-0.093	0.1219922
462	T	-0.141	0.08568065
463	C	0.240	0.04190981
464	G	-0.131	0.02811739
465	T	0.096	-0.02910138
466	T	0.420	-0.05137384
467	T	-0.486	-0.1203696
468	G	-0.287	-0.08698447
469	A	-0.247	-0.08095641
470	A	0.062	-0.08343864
471	A	-0.305	-0.04972625
472	G	-0.254	-0.02341674
473	T	-0.437	-0.04852381
474	T	0.340	-0.04615335
475	T	-0.062	-0.04497388
476	T	0.208	-0.06421142
477	C	0.306	-0.1034547
478	T	0.438	-0.1076171
479	G	0.094	-0.1193991
480	A	-0.455	-0.04577216
481	T	-0.271	-0.04065778
482	A	-0.498	-0.03114119
483	A	-0.447	-0.07641558
484	G	-0.359	-0.1241186
485	A	-0.407	-0.1544524
486	A	0.519	-0.2006794
487	C	0.406	-0.1980547
488	A	0.060	-0.199886
489	T	-0.380	-0.1803787
490	T	-0.313	-0.1737395
491	A	0.043	-0.1546356
492	G	-0.506	-0.1316786
493	T	-0.421	-0.18146
494	A	-0.295	-0.2339527
495	G	-0.244	-0.2489605
496	A	-0.361	-0.1998052
497	A	-0.110	-0.1694701
498	A	-0.108	-0.1941907
499	C	-0.127	-0.1608225
500	T	-0.275	-0.1044382
501	A	-0.134	-0.05211872
502	T	0.258	-0.02473765
503	C	0.080	0.005456392
504	A	-0.277	0.04631293
505	A	-0.072	0.08615032
506	C	0.311	0.1277922
507	T	0.384	0.1836373
508	G	0.111	0.2216989
509	G	0.031	0.2242962
510	A	0.420	0.2105895
511	C	0.409	0.2490818
512	C	0.413	0.2566717
513	C	0.450	0.210934
514	T	0.360	0.1439376
515	G	0.292	0.1392477
516	C	-0.097	0.1695075
517	A	0.222	0.1707681
518	A	0.026	0.1727905
519	T	-0.282	0.1444326
520	G	-0.486	0.1418937
521	T	0.050	0.114155
522	T	0.424	0.1197906
523	C	0.436	0.1510773
524	T	0.435	0.1037977
525	G	0.044	0.1150612
526	G	0.417	0.1382292
527	G	0	0.2124372
 528	T	0.365	0.2130627
529	A	0.309	0.1501495
530	T	-0.391	0.1101387
531	G	0.172	0.04570016
532	G	0.018	0.02455922
533	T	0.478	0.01148292
534	T	0.058	0.04523445
535	G	-0.393	0.01315281
536	T	-0.083	0.02686388
537	A	-0.402	0.05604228
538	A	-0.230	0.02793536
539	A	0.247	-0.01469944
540	T	0.438	-0.0555209
541	G	-0.051	-0.07002832
542	C	0.487	-0.001231238
543	T	-0.012	0.01010236
544	T	-0.192	0.02900452
545	T	-0.535	0.02740959
546	A	-0.052	-0.01623933
547	C	-0.129	-0.01097725
548	A	0.500	-0.01375438
549	C	0.063	-0.08647945
550	T	-0.156	-0.09754662
551	T	-0.250	-0.09177332
552	A	-0.319	-0.07322478
553	C	0.507	-0.08839455
554	A	-0.087	-0.0532587
555	T	-0.457	-0.1068065
556	T	-0.156	-0.1420682
557	T	-0.117	-0.1704075
558	T	-0.294	-0.1668471
559	A	-0.249	-0.1151455
560	T	0.326	-0.1753398
561	C	-0.195	-0.1666947
562	T	-0.394	-0.09247233
563	A	-0.524	-0.1091119
564	A	-0.204	-0.1401331
565	T	0.352	-0.1524006
566	G	-0.275	-0.170356
567	C	0.024	-0.1637726
568	T	0.507	-0.1137396
569	T	-0.372	-0.1034352
570	T	-0.521	-0.04528872
571	A	-0.454	-0.0004195615
572	A	-0.483	-0.01306187
573	G	0.412	-0.007383408
574	C	0.455	0.02499854
575	G	-0.260	-0.05616162
576	T	0.230	-0.02963904
577	T	0.378	-0.0073985
578	G	0.187	0.05760027
579	G	-0.201	0.1119201
580	G	0.445	0.1024278
581	A	-0.547	0.09901381
582	A	-0.027	0.1092689
583	G	-0.231	0.1194682
584	G	0.390	0.1144758
585	T	0.223	0.06576188
586	G	0.289	0.08126412
587	G	0.410	0.04485204
588	G	-0.127	0.1191468
589	T	0.363	0.1281079
590	T	0.313	0.1533409
591	T	-0.445	0.1404409
592	T	0	0.1544415
 593	G	-0.027	0.1542099
594	T	0.417	0.1483538
595	T	0.088	0.1627952
596	T	0.096	0.1215925
597	C	0.222	0.09451985
598	T	0.405	0.1655072
599	C	0.286	0.2005951
600	C	0.334	0.1862432
601	A	0.060	0.1421781
602	T	-0.172	0.1049027
603	T	-0.038	0.07000544
604	C	0.477	0.03522567
605	T	0.456	0.0102918
606	A	-0.214	0.0009681077
607	T	-0.154	-0.05732274
608	G	-0.396	-0.02704198
609	A	-0.357	-0.02809821
610	A	-0.229	-0.06135595
611	T	0.080	-0.128092
612	G	0.164	-0.1504078
613	A	-0.423	-0.1587514
614	T	0.454	-0.1792112
615	T	-0.185	-0.1699211
616	G	-0.470	-0.1587
617	A	-0.390	-0.170083
618	A	0.166	-0.2164591
619	G	-0.322	-0.268034
620	A	-0.420	-0.2590998
621	G	-0.275	-0.3065457
622	A	-0.211	-0.3138408
623	T	-0.377	-0.3005741
624	A	-0.521	-0.2649768
625	A	-0.505	-0.2658747
626	A	-0.306	-0.222747
627	G	-0.162	-0.1834099
628	T	-0.280	-0.1972586
629	G	-0.297	-0.1935178
630	A	0.072	-0.1792398
631	C	0.154	-0.1304625
632	T	0.238	-0.10975
633	T	0.090	-0.06463875
634	G	-0.455	-0.07033352
635	T	-0.163	-0.01594637
636	A	-0.191	-
637	G	0.112	-
638	T	-0.236	-
639	T	0.279	-
640	T	-0.236	-
641	C	0.426	-
