1	T	0.444	-
2	C	0.429	-
3	G	0.413	-
4	C	0.039	0.08398297
5	A	0.233	0.01997717
6	T	-0.501	0.02488905
7	T	0.130	0.0381028
8	A	-0.518	0.04896933
9	G	-0.067	0.003222575
10	G	0.468	0.03271595
11	C	0.519	-0.02289518
12	T	0.126	-0.01222493
13	A	-0.132	0.01738587
14	T	-0.265	0.01539538
15	G	-0.314	-0.001829125
16	A	-0.432	0.0211585
17	G	0.169	0.07702088
18	T	0.452	0.09203713
19	C	0.381	0.1439287
20	C	0.310	0.1750344
21	A	0.314	0.1492915
22	G	-0.145	0.1124722
23	G	0.100	0.1030233
24	A	-0.184	0.1188884
25	A	-0.036	0.1028652
26	G	0.158	0.1378764
27	G	0.306	0.08254004
28	C	0.437	0.07200991
29	A	0.186	0.043692
30	G	0.134	0.08287613
31	G	-0.341	0.08844088
32	A	-0.268	0.08229613
33	A	-0.262	0.09841588
34	C	0.471	0.0988495
35	A	0.350	0.188719
36	G	0.388	0.272277
37	C	0.315	0.3557175
38	A	0.137	0.3244701
39	G	0.376	0.3087349
40	C	0.400	0.3003405
41	T	0.404	0.2183676
42	G	0.221	0.1866065
43	G	0.224	0.1147226
44	C	0.321	0.07014925
45	A	-0.340	-0.01059525
46	A	-0.116	0.0121
47	A	-0.198	-0.04948288
48	G	0.043	-0.09225657
49	A	-0.241	-0.07096395
50	T	0.403	-0.02648358
51	T	-0.267	0.0017255
52	T	-0.020	0.04995162
53	G	-0.170	0.07408144
54	C	0.239	0.06407681
55	A	0.027	0.08254381
56	G	0.429	0.1373583
57	T	-0.048	0.2138101
58	G	0.323	0.2294509
59	G	-0.120	0.2608174
60	C	0.417	0.2264064
61	C	0.441	0.2324147
62	C	0.364	0.2009382
63	T	0.278	0.2083546
64	C	0.154	0.1474566
65	T	0	0.07671483
 66	G	0.071	0.0664697
67	A	-0.060	0.0316547
68	G	-0.069	0.0356047
69	G	-0.124	0.06637082
70	A	0.282	0.06661185
71	G	0	0.1290914
 72	A	0.185	0.08104235
73	C	0.246	0.08378447
74	A	0.073	0.0092486
75	G	0.439	0.02324273
76	T	-0.453	0.0374426
77	A	-0.102	0.06331323
78	T	-0.313	0.09780525
79	G	0.111	0.04490055
80	A	0.299	0.07158455
81	C	0.453	0.1477195
82	C	0.349	0.2061889
83	T	0.015	0.1305932
84	A	-0.240	0.1103098
85	C	0.506	0.02847418
86	A	0.154	-0.04158057
87	T	-0.492	-0.09204475
88	T	0.137	-0.1019658
89	T	-0.201	-0.2321953
90	G	-0.211	-0.2110878
91	A	-0.387	-0.1494861
92	G	-0.319	-0.1537856
93	A	-0.535	-0.08257888
94	A	0.323	-0.003795125
95	C	0	0.01841
 96	C	0.102	0.0570028
97	A	0.368	0.08292105
98	C	0.419	-0.01738858
99	G	-0.210	-0.05380758
100	G	-0.011	-0.1051488
101	A	-0.328	-0.1686225
102	A	-0.479	-0.2652606
103	A	-0.291	-0.1951292
104	G	-0.308	-0.1601184
105	T	-0.139	-0.1157609
106	A	-0.353	-0.02277079
107	T	0.350	0.02771834
108	G	0.269	0.02060209
109	C	0.026	-0.007416287
110	C	0.264	-0.008688163
111	A	0.112	-0.09021091
112	A	-0.365	-0.1409599
113	A	-0.363	-0.1421829
114	A	-0.364	-0.1598174
115	T	-0.301	-0.2353291
116	G	-0.136	-0.2246578
117	C	0.016	-0.1560311
118	T	0.123	-0.1216379
119	A	-0.491	-0.0728916
120	T	-0.279	-0.0972786
121	G	0.185	-0.1279983
122	A	-0.089	-0.1386856
123	C	0.088	-0.09811839
124	A	-0.332	-0.07583489
125	G	-0.228	-0.04233326
126	A	0.038	-0.03920441
127	C	-0.166	-0.05027118
128	A	-0.101	-0.04941243
129	A	0.453	-0.00209455
130	C	-0.063	-0.02826496
131	A	0	0.06091216
 132	T	-0.325	0.09609016
133	T	0.149	0.05684604
134	A	-0.171	0.04798612
135	C	0.546	0.02490512
136	T	0.180	0.03193012
137	A	0.139	-0.01387475
138	T	-0.134	0.03880612
139	A	-0.184	-0.0381569
140	T	-0.269	-0.0468189
141	A	-0.216	-0.01500278
142	T	0.250	-0.01804102
143	T	-0.069	-0.007808775
144	G	0.110	-0.02805553
145	T	0.393	-0.02520052
146	G	-0.159	-0.1140342
147	A	-0.102	-0.05927187
148	T	-0.430	-0.0747744
149	G	-0.193	-0.08738328
150	A	-0.460	-0.05712736
151	T	0.368	-0.04596918
152	G	-0.013	-0.01719305
153	G	0.292	-0.02259167
154	T	0.082	0.03976956
155	A	-0.013	0.005709225
156	T	-0.200	0.0580835
157	G	-0.237	0.08197612
158	T	0.038	0.1161036
159	T	0.096	0.1376984
160	C	0.405	0.1549162
161	A	0.484	0.1528524
162	G	0.355	0.0969218
163	T	0.159	0.03393364
164	A	-0.063	-0.03370974
165	G	-0.253	-0.1201586
166	T	-0.409	-0.1965657
167	T	-0.407	-0.1849365
168	T	-0.135	-0.1279074
169	T	-0.207	-0.087864
170	C	-0.255	-
171	C	0.252	-
172	G	0.393	-
173	G	0.066	-
