1	G	0.117	-
2	A	-0.180	-
3	A	-0.532	-
4	G	-0.156	-
5	T	-0.301	-
6	T	-0.242	0.02344264
7	T	0.105	0.05095718
8	C	0.372	0.06037233
9	C	0.427	0.06398315
10	C	0.363	0.05473096
11	C	0.286	0.08459355
12	C	0.419	0.0984238
13	G	-0.076	0.1299613
14	C	-0.493	0.1322506
15	A	-0.258	0.1302692
16	A	0.026	0.1232494
17	G	-0.090	0.08165625
18	T	0.452	0.05412298
19	C	0.397	0.06247528
20	C	0.405	0.08646174
21	T	0.285	0.1277935
22	A	-0.171	0.1550123
23	T	0.117	0.1847818
24	C	0.015	0.1802341
25	A	-0.229	0.1761888
26	A	0.196	0.1417001
27	C	0.326	0.1570579
28	C	0.236	0.2105065
29	T	0.402	0.2100103
30	T	0.353	0.1793814
31	G	0.026	0.2002282
32	C	0.454	0.1991169
33	T	0.416	0.1558502
34	T	0.111	0.1002696
35	A	-0.321	0.04104924
36	T	0	-0.009741945
 37	T	0.184	-0.01213245
38	T	-0.149	-0.06090822
39	T	-0.374	-0.1035612
40	A	-0.249	-0.1545758
41	G	-0.205	-0.1689712
42	T	0	-0.1643699
 43	G	-0.081	-0.1722605
44	A	-0.052	-0.1884638
45	A	-0.449	-0.1857102
46	A	-0.480	-0.1973848
47	T	0.050	-0.2144104
48	T	0.097	-0.2253721
49	T	-0.328	-0.1947795
50	A	-0.344	-0.1883995
51	A	-0.377	-0.1233819
52	T	-0.392	-0.03604283
53	A	-0.120	0.002552136
54	C	0.254	0.001261736
55	G	0.017	-0.0133089
56	G	0.265	-0.02083017
57	T	0.480	-0.03051781
58	C	0.475	-0.02775045
59	T	0.083	-0.02797935
60	A	-0.488	-0.07300917
61	G	-0.427	-0.03402636
62	A	-0.484	-0.06043721
63	A	-0.362	-0.07643612
64	A	-0.123	-0.1080585
65	A	-0.240	-0.1219141
66	C	0.446	-0.104306
67	A	-0.024	-0.03212885
68	C	0.304	0.0486546
69	T	0.127	0.1196738
70	G	-0.069	0.1697961
71	A	-0.294	0.1936998
72	G	0.366	0.1155327
73	C	0.404	0.07946111
74	C	0.419	0.06058873
75	C	0.428	0.07503455
76	T	0.022	0.1176002
77	T	-0.413	0.1198205
78	T	-0.421	0.05708246
79	G	0.096	-0.002400809
80	G	0.286	-0.03288501
81	T	0.399	-0.03424928
82	T	-0.270	0.004753418
83	A	-0.323	0.08191551
84	T	-0.250	0.146548
85	T	0.083	0.09569307
86	C	0.413	0.04745407
87	T	0.451	-0.03287775
88	C	0.435	-0.03651465
89	T	0.289	0.03004635
90	G	-0.462	0.09763744
91	T	-0.244	0.1191481
92	A	-0.484	0.1076716
93	A	-0.310	0.05862945
94	C	0.408	-0.02766937
95	C	0.493	-0.1039357
96	C	0.320	-0.06656375
97	A	0.287	-0.03535208
98	C	-0.087	-0.02966099
99	A	-0.513	-0.04237163
100	A	-0.549	-0.1267329
101	A	-0.051	-0.1705847
102	G	0.098	-0.1833582
103	G	-0.422	-0.1742406
104	A	-0.450	-0.1951623
105	A	-0.519	-0.1866881
106	A	0.011	-0.1358138
107	C	0.179	-0.1061419
108	C	0.387	-0.07220725
109	G	-0.318	0.01035202
110	A	-0.420	0.08980765
111	A	0.010	0.1341399
112	C	0.274	0.122937
113	A	0.472	0.1225965
114	C	0.486	0.1202814
115	T	0.423	0.1095157
116	T	-0.031	0.114862
117	G	-0.112	0.07841217
118	A	0.176	0.005652355
119	C	0.361	-0.07116728
120	A	-0.436	-0.1074797
121	T	-0.361	-0.1534982
122	A	-0.390	-0.1267812
123	A	-0.525	-0.08090455
124	A	-0.372	-0.06493336
125	C	0.086	-0.08381536
126	G	-0.082	-0.03681332
127	T	0.262	0.02393059
128	C	0.392	0.1017873
129	T	0.351	0.1779139
130	T	0.154	0.1956475
131	C	0.080	0.1773507
132	A	0.306	0.1543895
133	C	0.465	0.09071814
134	C	0.311	0.02782559
135	A	-0.177	-0.04185423
136	G	-0.114	-0.07256441
137	A	-0.334	-0.1230855
138	G	-0.437	-0.1979455
139	T	-0.299	-0.2880307
140	A	-0.414	-0.3581821
141	A	-0.183	-0.361035
142	A	-0.475	-0.3862603
143	T	-0.516	-0.3800543
144	A	-0.525	-0.3789646
145	A	-0.459	-0.3927201
146	G	-0.209	-0.3580168
147	A	-0.392	-0.3413181
148	A	-0.266	-0.2610625
149	G	-0.425	-0.1769013
150	A	-0.450	-0.1004352
151	A	-0.032	-0.0236477
152	T	0	0.03164485
 153	C	0.407	0.1043544
154	C	0.408	0.1523845
155	C	0.315	0.2175842
156	C	0.384	0.2241645
157	T	0.399	0.1835736
158	C	0.407	0.2070871
159	C	0.261	0.1753365
160	A	0.291	0.1753906
161	T	-0.378	0.1386013
162	G	-0.479	0.1315995
163	A	0.258	0.1048468
164	C	0.058	0.05551021
165	A	0.409	-0.0164397
166	T	-0.088	-0.08910225
167	G	0.307	-0.09819125
168	C	0.104	-0.07093015
169	A	-0.134	-0.1276248
170	A	-0.529	-0.1810034
171	A	-0.507	-0.2652511
172	A	-0.478	-0.2927191
173	G	-0.179	-0.3539296
174	A	-0.364	-0.4022096
175	A	-0.528	-0.4248617
176	A	-0.517	-0.3933179
177	A	-0.391	-0.3646541
178	G	-0.365	-0.2848772
179	A	-0.426	-0.2560569
180	T	-0.384	-0.2069653
181	A	-0.182	-0.1422167
182	A	-0.192	-0.09319867
183	C	0.399	-0.06157995
184	T	0.137	-0.05040114
185	G	0.175	-0.03771432
186	G	0.183	-0.01578168
187	A	0.021	0.0361925
188	G	-0.043	0.08184595
189	A	-0.242	0.06005932
190	G	-0.286	0.07776214
191	A	-0.142	0.09152214
192	T	0.388	0.1083553
193	C	0.309	0.1333896
194	G	0.159	0.1537523
195	T	0.332	0.1867026
196	C	0.326	0.2337335
197	T	0.368	0.2789777
198	C	0.297	0.2659949
199	T	0.180	0.239084
200	G	0.120	0.1754537
201	C	0.230	0.1161806
202	T	0.354	0.1278552
203	C	0.246	0.1398523
204	T	0.013	0.1107237
205	G	-0.540	0.05231625
206	A	-0.319	0.01420425
207	G	0.454	-0.03698075
208	G	0.500	-0.109831
209	T	-0.023	-0.1554234
210	T	-0.461	-0.1170402
211	A	-0.299	-0.02782685
212	T	-0.332	0.03251979
213	T	-0.446	0.01842552
214	A	-0.255	-0.05662521
215	T	0.435	-0.05642707
216	C	0.441	0.007867018
217	C	0.344	0.04726829
218	A	0.299	0.1189068
219	G	-0.325	0.1957167
220	T	-0.021	0.2551441
221	G	0.245	0.2011461
222	G	0.134	0.17755
223	T	0.455	0.1409126
224	C	0.398	0.1126247
225	T	0.398	0.1707958
226	T	-0.158	0.1574062
227	T	0.181	0.1350953
228	G	-0.058	0.1062172
229	G	-0.011	0.03783188
230	T	0.314	0.01746643
231	T	-0.168	-0.009854818
232	T	0	0.04536364
 233	T	-0.183	0.003074636
234	G	-0.296	-0.003315945
235	G	0.174	0.01392166
236	A	0.097	0.02019894
237	G	0.449	0.05711621
238	A	-0.283	0.03602675
239	A	-0.129	0.04759882
240	T	0.178	0.02620627
241	C	0.383	-0.008004909
242	T	0.237	-0.04029675
243	C	-0.231	-0.09673957
244	A	-0.056	-0.1001048
245	A	-0.531	-0.08169375
246	G	-0.201	-0.08866675
247	A	-0.257	-0.1213098
248	G	-0.171	-0.1643961
249	C	-0.320	-0.1613165
250	A	0.073	-0.1271349
251	C	0.101	-0.06450856
252	A	0.024	-0.04147704
253	G	-0.236	0.01099051
254	G	-0.198	0.06646515
255	A	0.319	0.07061996
256	T	0.156	0.0195496
257	T	0.051	-0.01775313
258	C	0.319	-0.06827856
259	T	0.438	-0.06575384
260	G	-0.274	-0.009277291
261	T	-0.488	-0.006332473
262	T	-0.308	-0.02536109
263	T	-0.530	0.01053865
264	G	-0.208	-0.01379933
265	G	0.423	-0.07402687
266	G	0.352	-0.004818782
267	G	-0.052	0.04469017
268	T	0.446	0.09045635
269	T	0.052	0.1508171
270	G	-0.224	0.1340179
271	C	0.486	0.1141897
272	T	0.056	0.126645
273	A	0.194	0.1491922
274	T	0.133	0.1138094
275	G	-0.393	0.1158819
276	G	0.205	0.1495202
277	A	0.489	0.1505345
278	C	0.195	0.1207647
279	A	0.057	0.06646075
280	C	0.074	0.0504709
281	A	0.145	0.08373327
282	C	0.497	0.09893382
283	A	-0.271	0.02384845
284	G	-0.402	0.009281473
285	T	-0.042	-0.03516231
286	T	-0.027	-0.05514665
287	C	0.372	-0.05184974
288	T	-0.336	-0.06157665
289	T	0.035	0.004756355
290	A	-0.431	0.03424321
291	T	-0.145	0.007269155
292	T	0.182	0.02544042
293	C	0.390	-0.02005331
294	C	0.458	0.04385205
295	A	-0.078	0.07301231
296	G	-0.339	0.1122699
297	T	0.172	0.1230673
298	A	-0.128	0.1376739
299	C	0.366	0.137542
300	T	0.356	0.1115061
301	G	0	0.1164739
 302	G	-0.026	0.1864969
303	C	0.342	0.167327
304	T	0.389	0.1927263
305	T	0.171	0.1840756
306	C	-0.023	0.1327382
307	T	0.430	0.1070376
308	T	-0.038	0.07184015
309	C	0.151	0.004568155
310	T	0.271	-0.06552185
311	C	-0.208	-0.05431448
312	A	-0.282	-0.07115994
313	A	-0.413	-0.1009609
314	T	-0.397	-0.08503818
315	A	-0.381	-0.1024179
316	C	0.295	-0.1343899
317	G	-0.209	-0.1620932
318	A	0.102	-0.1848276
319	G	0.136	-0.1833265
320	G	-0.039	-0.1828749
321	T	-0.080	-0.1202683
322	A	-0.513	-0.1117122
323	A	-0.532	-0.04866418
324	A	-0.396	-0.08203145
325	G	-0.392	-0.1349645
326	A	0.306	-0.1760056
327	C	0.389	-0.1885677
328	C	0.484	-0.1419067
329	T	-0.264	-0.1019801
330	A	-0.445	-0.06589912
331	G	-0.491	-0.05668257
332	A	-0.218	-0.1287363
333	G	0	-0.1402484
 334	G	-0.093	-0.1713871
335	T	0	-0.1312115
 336	G	-0.290	-0.04866648
337	A	-0.485	0.01624779
338	G	0.262	0.07061725
339	G	0.141	0.1073452
340	G	0.177	0.1610295
341	T	0.462	0.1480068
342	C	0.222	0.1488099
343	T	0.379	0.2100324
344	C	0.404	0.2188916
345	T	0.496	0.1688205
346	G	-0.143	0.1354695
347	A	-0.281	0.07855791
348	G	0.187	0.04771345
349	C	0.360	0.003112545
350	A	-0.408	-0.003478364
351	A	-0.189	-0.07604336
352	G	-0.163	-0.026329
353	G	-0.116	0.02962391
354	T	-0.111	0.02739118
355	A	0.331	-0.0005078364
356	G	-0.301	0.04828025
357	T	0.403	0.08469753
358	C	0.333	0.1242716
359	C	0.163	0.1481943
360	C	0.053	0.1921335
361	A	0.127	0.1910553
362	T	0.211	0.2548262
363	C	0.271	0.2231504
364	C	0.146	0.2219447
365	C	0.372	0.2342414
366	A	0.319	0.2513282
367	T	0.400	0.2794724
368	C	0.055	0.2743146
369	C	0.320	0.2870334
370	T	0.298	0.3124508
371	C	0.241	0.2947035
372	T	0.437	0.2816611
373	G	0.154	0.2490539
374	C	0.411	0.2694899
375	C	0.426	0.2718087
376	C	0.176	0.2640157
377	T	0.176	0.2332543
378	C	0.041	0.2203044
379	T	0.279	0.2395194
380	C	0.345	0.1806337
381	T	0.212	0.1765648
382	G	-0.097	0.1999982
383	T	0.294	0.2330682
384	T	0.366	0.2137719
385	G	-0.235	0.2057837
386	G	0.381	0.1936197
387	C	0.434	0.1521937
388	T	0.539	0.1627306
389	G	-0.170	0.1517712
390	A	0.192	0.1355892
391	T	0.212	0.1542448
392	G	-0.243	0.1305178
393	T	0.018	0.1077039
394	T	0.174	0.07349609
395	G	0.188	0.120843
396	T	-0.030	0.1401561
397	C	0.120	0.1373425
398	C	0.183	0.1962896
399	T	0.163	0.224457
400	C	0.350	0.2500227
401	T	0.404	0.2672188
402	C	0.181	0.2905972
403	C	0.405	0.2458892
404	T	0.328	0.2038807
405	C	0.455	0.1763682
406	C	0.377	0.1291355
407	T	0.226	0.0956686
408	C	-0.371	0.09831305
409	A	-0.278	0.07808851
410	T	-0.138	0.06108233
411	C	-0.169	-0.004850127
412	A	0.036	-0.07335076
413	G	0.210	-0.1166894
414	G	0.182	-0.09979913
415	A	0.141	-0.1182568
416	G	-0.269	-0.1487549
417	A	-0.376	-0.1734786
418	A	-0.250	-0.21781
419	T	-0.185	-0.2334254
420	T	-0.481	-0.2480596
421	A	-0.474	-0.2451755
422	A	-0.441	-0.2053857
423	A	-0.451	-0.140159
424	A	0.038	-0.1456371
425	T	0.021	-0.1073374
426	C	0.173	-0.08931235
427	A	0.168	-0.09021508
428	T	0.341	-0.06715199
429	G	-0.310	0.007099464
430	T	0.235	0.03579938
431	A	-0.283	0.02893637
432	A	-0.484	0.002792555
433	A	-0.187	-0.02079916
434	G	0.365	-0.03610653
435	T	0.354	-0.02545825
436	T	-0.053	-0.02497871
437	T	-0.114	-0.0003205727
438	T	-0.091	0.0794367
439	G	0.172	0.1361569
440	G	-0.193	0.1289587
441	T	0.240	0.05871943
442	G	-0.011	0.01818578
443	G	0.392	0.0475386
444	G	0.436	0.06900423
445	G	0.286	0.05033659
446	G	-0.418	0.0416295
447	A	-0.499	0.005387773
448	A	0.208	-0.01460073
449	C	0.144	-0.04771283
450	T	-0.032	-0.08736483
451	A	-0.289	-0.1279715
452	G	-0.157	-0.05353519
453	A	-0.231	0.01048326
454	T	0.028	0.02103335
455	G	0	0.0562089
 456	G	-0.160	0.08271172
457	T	0.400	0.1293655
458	G	0.204	0.1684721
459	G	0.324	0.2167583
460	T	0.531	0.2514504
461	G	0.259	0.2799813
462	T	0.224	0.3331625
463	C	0.272	-
464	T	0.299	-
465	G	0.410	-
466	G	0.313	-
467	G	0.424	-
