1	C	0.312	-
2	T	0.076	-
3	G	-0.163	-
4	A	0.233	-
5	C	0.262	-
6	T	0.309	-
7	C	0	-
 8	G	0.052	-
9	T	0.412	0.2020975
10	G	0.079	0.1768212
11	G	0.100	0.156488
12	C	0.448	0.1637695
13	T	0.300	0.1669574
14	C	0.413	0.1672328
15	C	0.414	0.1697478
16	G	0.224	0.1896987
17	C	0.246	0.1964843
18	C	-0.086	0.1903163
19	A	-0.142	0.1955698
20	A	-0.289	0.1893967
21	G	-0.032	0.1903548
22	C	0.290	0.1639106
23	C	0.267	0.1346527
24	A	0.354	0.1052322
25	T	0.359	0.1085466
26	C	0.174	0.1170336
27	C	0.301	0.1415472
28	G	0.174	0.1715965
29	G	-0.010	0.2010283
30	C	0.465	0.1947782
31	A	-0.175	0.1819421
32	A	-0.113	0.1939822
33	G	-0.115	0.1752826
34	G	0.284	0.1770856
35	C	0.398	0.1836444
36	C	0.355	0.1548235
37	C	0.398	0.1372494
38	T	0.240	0.1398789
39	G	-0.145	0.1264527
40	G	0.059	0.1521111
41	G	0.483	0.1781825
42	A	0.017	0.2060716
43	T	0.391	0.2047293
44	C	0.292	0.1721005
45	T	-0.216	0.1393544
46	G	-0.142	0.08872255
47	A	0.037	0.06853594
48	G	0.224	0.07660299
49	G	0.286	0.08094696
50	C	0.355	0.07348679
51	C	0.386	0.09575668
52	T	0.260	0.09745341
53	G	-0.188	0.06430413
54	G	-0.234	0.04721796
55	A	-0.512	0.06942029
56	A	-0.122	0.08175461
57	G	0	0.09634617
 58	G	0.137	0.07227822
59	G	0.349	0.02731056
60	C	0.418	-0.02213011
61	C	0.422	-0.06708078
62	A	-0.303	-0.07536267
63	A	-0.524	-0.07692433
64	G	0.257	-0.06118033
65	G	0.259	-0.03749456
66	C	0.486	-0.01546944
67	G	-0.147	-0.01058633
68	A	-0.453	-0.01312439
69	A	-0.503	-0.05659867
70	A	-0.548	-0.097797
71	G	-0.337	-0.1115413
72	C	-0.262	-0.09035522
73	A	-0.229	-0.1006062
74	A	0.303	-0.1279351
75	C	0.396	-0.1633111
76	C	0.225	-0.1478648
77	G	0.304	-0.1173895
78	A	-0.363	-0.08222915
79	G	-0.319	-0.05648243
80	A	-0.551	-0.06655304
81	A	-0.143	-0.06440198
82	G	0.072	-0.04564643
83	G	-0.232	-0.07272832
84	G	-0.150	-0.1167223
85	A	0.130	-0.143533
86	C	0.095	-0.1521372
87	A	0.129	-0.1387793
88	A	-0.085	-0.1136542
89	G	-0.518	-0.08148244
90	A	-0.223	-0.06761811
91	T	0.108	-0.08342077
92	G	-0.183	-0.07048372
93	A	-0.395	-0.05189483
94	G	-0.256	-0.05710769
95	G	0.149	-0.05452038
96	T	-0.123	-0.06489904
97	G	0.132	-0.08284726
98	T	0.027	-0.06767004
99	G	0.106	-0.06501976
100	G	-0.211	-0.05990532
101	G	0	-0.05662193
 102	A	0.184	-0.04731482
103	C	0.037	-0.04422343
104	A	0.141	-0.04236676
105	T	-0.056	-0.01701048
106	G	-0.408	0.003648628
107	G	-0.245	0.01507464
108	A	-0.176	0.01198076
109	G	0.200	0.02850348
110	C	-0.124	0.04236898
111	G	-0.227	0.02948788
112	A	-0.201	0.03621258
113	G	0.182	0.05552719
114	C	0.332	0.07593618
115	C	0.504	0.1045885
116	C	0.233	0.1120421
117	A	0.050	0.1168493
118	C	0.085	0.1145122
119	A	0.249	0.1474473
120	G	-0.047	0.1601091
121	G	0.158	0.1924014
122	C	0.489	0.165388
123	C	0.310	0.1566045
124	A	0.107	0.1374275
125	C	-0.111	0.1299725
126	G	-0.089	0.128702
127	G	0.158	0.1356168
128	G	0.467	0.1302202
129	G	0	0.1177616
 130	T	0.380	0.09155134
131	T	-0.303	0.06998267
132	G	0.174	0.06449139
133	C	0.159	0.07605173
134	T	0.099	0.0847242
135	A	0.027	0.1130647
136	G	0.210	0.1278411
137	A	0.152	0.1149623
138	G	-0.271	0.1218929
139	G	-0.313	0.1234259
140	A	0.101	0.1168659
141	C	0.211	0.1277629
142	T	0.315	0.1418846
143	G	0.044	0.1471608
144	C	0.420	0.1443663
145	C	0.424	0.1249209
146	T	0.236	0.1145103
147	C	0.124	0.1075481
148	T	0.407	0.1383829
149	T	-0.421	0.154712
150	C	0.370	0.162691
151	C	0.413	0.1696884
152	T	0.194	0.1948363
153	G	-0.022	0.2004491
154	G	-0.139	0.1791049
155	A	-0.034	0.1839253
156	A	-0.396	0.1644205
157	C	0.241	0.1386449
158	C	0.394	0.1655727
159	C	0.355	0.1160978
160	C	0.441	0.06359442
161	T	0.497	0.04315009
162	C	0.521	0.03876517
163	A	0.040	0.02755311
164	T	0.322	-0.0001856222
165	T	-0.226	-0.002916844
166	C	-0.056	0.001418378
167	A	0.062	-0.003439567
168	T	-0.519	0.0001580444
169	A	-0.531	-0.001148511
170	A	-0.173	-0.0204834
171	G	-0.101	-0.05056171
172	G	-0.341	-0.07040603
173	A	-0.534	-0.113671
174	A	-0.446	-0.1144274
175	G	0.319	-0.136026
176	C	0.307	-0.1523738
177	C	0.419	-0.1456121
178	T	0.417	-0.1068907
179	G	0.149	-0.08624537
180	G	-0.019	-0.06166259
181	A	-0.316	-0.0235107
182	A	-0.455	0.01753986
183	G	-0.239	0.06322919
184	A	-0.445	0.07119602
185	G	-0.231	0.07584424
186	A	-0.397	0.05033693
187	G	0.165	0.0483416
188	C	0.198	0.03136382
189	C	0.341	0.04487986
190	G	0.345	0.05143724
191	G	0.204	0.08357941
192	C	0.376	0.1061542
193	C	0.462	0.1527332
194	T	0.391	0.1793422
195	G	-0.039	0.216405
196	C	0.382	0.2306607
197	G	-0.156	0.2320689
198	C	0.223	0.1961478
199	T	-0.198	0.1708887
200	A	0.122	0.172244
201	G	0.166	0.1730225
202	G	0.393	0.1567606
203	G	0.247	0.1592794
204	G	0.269	0.1481427
205	C	0.422	0.1411954
206	T	0.223	0.1650856
207	G	-0.305	0.1728986
208	A	-0.109	0.2082827
209	G	0.229	0.2267388
210	C	0.390	0.2458148
211	C	0.170	0.2441194
212	G	0.436	0.2401961
213	T	-0.239	0.2034146
214	G	0.256	0.1721319
215	G	0.273	0.1472882
216	G	0.364	0.1608911
217	C	0.437	0.1398708
218	C	0.454	0.1006813
219	C	0.509	0.04951603
220	T	0.362	0.01581408
221	T	0.177	-0.01104442
222	T	-0.392	0.005657872
223	G	-0.140	0.001006261
224	T	-0.223	0.008203761
225	T	-0.060	-0.03241485
226	T	-0.487	-0.07336318
227	G	-0.476	-0.09667656
228	A	-0.530	-0.1177963
229	A	-0.436	-0.1128535
230	A	-0.046	-0.09701739
231	G	0.060	-0.06095478
232	C	0.173	-0.06634173
233	C	0.403	-0.04590112
234	A	-0.366	-0.03617153
235	A	-0.299	-0.02287987
236	A	0.035	-0.01971814
237	G	0.129	-0.01081664
238	C	0.451	0.03154441
239	T	0.462	0.04624342
240	T	0.256	0.0644644
241	T	-0.237	0.07628123
242	C	0.144	0.07517334
243	C	0.114	0.1199632
244	A	-0.248	0.1317449
245	A	-0.419	0.1431843
246	A	-0.370	0.1610014
247	G	0.325	0.1591966
248	G	0.217	0.1578844
249	C	0.388	0.1660963
250	T	0.385	0.2023035
251	C	0.383	0.2027668
252	C	0.439	0.1963996
253	A	-0.087	0.1940417
254	G	0.241	0.2413372
255	C	0.450	0.2837245
256	C	0.419	0.2777597
257	T	0.438	0.2734796
258	C	0.404	0.2600347
259	C	0.413	0.2602586
260	C	0.152	0.2632759
261	A	0	0.2655799
 262	G	-0.291	0.2882221
263	C	0.431	0.2678589
264	C	0.392	0.2226411
265	T	0.218	0.1792896
266	G	0.140	0.1323204
267	G	0.146	0.09786494
268	C	0.389	0.05266933
269	C	0.437	0.02314633
270	C	0.480	0.02930483
271	T	0.320	0.06273233
272	T	-0.125	0.06098494
273	A	-0.363	0.063025
274	T	-0.361	0.07260739
275	A	-0.406	0.06400685
276	A	-0.216	0.03251752
277	T	-0.399	-0.01874604
278	T	-0.378	-0.05337787
279	A	0.110	-0.07292904
280	G	0.310	-0.1003202
281	C	0.400	-0.1059856
282	C	0.429	-0.09790104
283	C	0.391	-0.05599182
284	C	-0.014	-0.007709261
285	A	-0.419	-0.01051004
286	A	-0.532	0.01443904
287	T	-0.185	0.01525388
288	C	0.128	-0.01450462
289	A	-0.172	-0.02991929
290	G	-0.227	-0.07058146
291	A	-0.218	-0.1084016
292	G	0.393	-0.1088242
293	T	0.462	-0.09468114
294	G	-0.266	-0.05303731
295	T	0.049	-0.007130972
296	T	-0.364	0.02535097
297	T	-0.424	0.03129469
298	A	0.033	0.06432703
299	T	-0.331	0.1033058
300	G	-0.251	0.1194367
301	T	0.383	0.07090468
302	C	0.240	0.0228904
303	G	0.329	0.04090334
304	G	0.293	0.05998059
305	G	0.398	0.1013923
306	G	0.235	0.1481688
307	C	0.422	0.1317541
308	C	0.474	0.1428212
309	T	0.072	0.1477876
310	A	-0.480	0.1350691
311	G	-0.402	0.1322515
312	T	0.057	0.1315635
313	G	0.392	0.1219166
314	C	0.381	0.1077986
315	G	0.417	0.100345
316	G	-0.262	0.08801314
317	A	-0.132	0.07415742
318	A	-0.162	0.09288638
319	C	0.154	0.143469
320	T	0.189	0.1890497
321	C	0.317	0.1794928
322	A	0.119	0.1390569
323	G	0.144	0.1079783
324	G	0.101	0.074042
325	G	0.200	0.07526983
326	C	0.224	0.06753133
327	C	0.409	0.07058511
328	C	0.430	0.06264313
329	C	0.418	0.0272543
330	A	-0.114	0.007046594
331	T	-0.335	-0.02268446
332	G	-0.178	-0.01813552
333	A	-0.193	0.0005888722
334	T	-0.240	-0.03304252
335	T	-0.271	-0.07566802
336	T	-0.107	-0.1146451
337	C	0.011	-0.1576891
338	A	-0.447	-0.156881
339	T	-0.046	-0.1368465
340	T	-0.415	-0.1211348
341	C	0.226	-0.08924779
342	C	0.438	-0.05975029
343	A	-0.405	-0.02476762
344	A	-0.542	0.003452322
345	A	-0.292	0.001841156
346	C	-0.344	0.009901633
347	C	0.432	0.01889413
348	T	0.246	0.03865956
349	G	-0.052	0.03898917
350	G	0.395	0.01812478
351	G	0.337	-0.02978644
352	G	0.389	0.004385617
353	G	0.236	0.05090989
354	G	-0.136	0.09310678
355	A	0.156	0.1283401
356	G	-0.285	0.1052275
357	G	0.309	0.1074406
358	A	-0.409	0.08809642
359	G	-0.148	0.04969636
360	A	-0.423	0.009035917
361	G	0.209	-0.03508286
362	G	0.295	-0.05628064
363	G	0.467	-0.02566419
364	G	0.289	-0.00485025
365	A	0.016	0.02221481
366	G	0.286	-0.009122139
367	T	-0.400	0.02835758
368	G	-0.295	0.06030047
369	A	-0.394	0.07775975
370	G	-0.404	0.05051586
371	A	-0.145	0.04974681
372	G	0.414	0.04055019
373	G	0.531	0.02446053
374	G	0.201	0.02948356
375	A	-0.254	0.03699206
376	C	0.265	0.08691722
377	T	0.426	0.1025961
378	T	-0.109	0.1409844
379	G	-0.280	0.1585051
380	T	0.281	0.1701669
381	G	0.301	0.124262
382	T	0	0.08268236
 383	G	0.107	0.04676452
384	G	0.421	0.0346638
385	G	0.498	-0.004817311
386	G	-0.013	-0.05829353
387	A	0.296	-0.0411507
388	C	-0.089	-0.0005669222
389	A	0.064	0.008155578
390	A	-0.411	-0.03459848
391	A	-0.217	-0.035886
392	G	-0.444	-0.01977656
393	A	-0.472	-0.03909833
394	A	-0.445	-0.05490999
395	A	-0.536	-0.05838177
396	A	0.199	-0.05615572
397	C	0.449	-0.02834308
398	C	0.438	-0.02640984
399	G	-0.467	0.01796944
400	A	-0.023	0.01576516
401	G	0.397	0.01204633
402	G	0.073	0.01229999
403	G	0.213	0.03704183
404	A	-0.075	0.04135066
405	T	0.336	0.001972383
406	G	0.411	-0.03816656
407	G	0.099	-0.08489478
408	G	0.387	-0.06071227
409	T	-0.256	-0.04516536
410	A	-0.511	-0.07099846
411	A	-0.467	-0.07358683
412	C	0	-0.08545505
 413	A	-0.458	-0.09668872
414	A	-0.509	-0.1310304
415	A	-0.272	-0.1526391
416	G	-0.402	-0.1772633
417	T	-0.032	-0.2146276
418	T	0.256	-0.2266817
419	G	-0.067	-0.2055828
420	G	0.026	-0.2067302
421	T	0	-0.2021295
 422	G	-0.277	-0.1725382
423	A	-0.281	-0.1484466
424	G	0.022	-0.1468733
425	A	-0.343	-0.1097246
426	G	-0.285	-0.1116987
427	A	-0.473	-0.1015342
428	A	-0.131	-0.07540864
429	G	-0.488	-0.09578017
430	A	0.082	-0.08648689
431	G	0.073	-0.04844794
432	G	-0.076	-0.0091295
433	A	-0.244	0.01243946
434	G	0.265	0.03352538
435	G	-0.068	0.04601621
436	C	0.439	0.07968993
437	C	0.402	0.09609698
438	G	-0.339	0.1433828
439	T	0.167	0.1503542
440	C	0.406	0.1666988
441	C	0.426	0.1819126
442	T	0.410	0.1706201
443	G	0.035	0.1445849
444	G	-0.060	0.1233569
445	A	0.132	0.08804503
446	G	0.163	0.06568636
447	C	0.362	0.06062392
448	A	0.208	0.02156203
449	G	0.367	-0.005702817
450	G	0.197	-0.01342482
451	A	-0.447	-0.01832548
452	A	-0.202	0.001611367
453	G	-0.450	0.03004216
454	A	-0.195	0.04702871
455	C	0	0.04686671
 456	A	-0.430	0.04171954
457	A	-0.535	0.03449482
458	T	-0.084	0.01218856
459	C	0.287	-0.01779411
460	A	0.322	-0.01933849
461	G	0.394	-0.02218983
462	C	0.451	0.01510056
463	C	0.438	0.04650034
464	T	0.160	0.06762801
465	C	0.269	0.08819443
466	C	0.078	0.1226905
467	G	-0.033	0.136401
468	T	-0.341	0.1082844
469	T	-0.475	0.08150458
470	T	-0.254	0.08094269
471	G	0.221	0.05280644
472	G	0.369	0.02629182
473	C	0.380	0.04082837
474	C	-0.060	0.03732243
475	A	0.085	0.05828971
476	T	0.162	0.03802508
477	C	-0.219	0.04111986
478	A	-0.159	0.07977769
479	T	0.384	0.1117185
480	C	-0.054	0.1204173
481	A	-0.039	0.1049146
482	C	0.422	0.08742608
483	A	0.206	0.09369835
484	C	0.455	0.07749649
485	A	-0.398	0.07165122
486	G	-0.286	0.09856117
487	T	0.220	0.1060819
488	C	0.320	0.1088433
489	C	0.377	0.1366847
490	T	0.090	0.1597975
491	G	0.065	0.1498207
492	T	0.052	0.1312278
493	G	-0.206	0.07552712
494	A	0.057	0.07004134
495	G	0.265	0.09957528
496	G	-0.024	0.07600062
497	C	0.434	0.07933534
498	C	0.446	0.07931045
499	T	0.376	0.08876479
500	C	0.242	0.1091912
501	C	-0.127	0.1090149
502	A	-0.546	0.1434701
503	A	-0.497	0.1618154
504	G	0.245	0.14041
505	G	-0.203	0.122897
506	G	0.380	0.08060646
507	G	0.377	0.06203852
508	C	0.260	0.01918696
509	A	0.433	0.02902441
510	T	0.049	0.05569479
511	C	0.413	0.1097611
512	C	0.387	0.1541941
513	C	-0.119	0.157286
514	A	-0.339	0.1765704
515	A	-0.326	0.1736316
516	C	0.112	0.1776046
517	A	-0.394	0.1840325
518	C	0.419	0.1853945
519	C	0.352	0.2067668
520	C	0.426	0.2092626
521	T	0.302	0.1877209
522	T	0.301	0.1647324
523	C	0.143	0.1648999
524	C	0.327	0.1603443
525	T	0.448	0.1331398
526	C	0.376	0.1496613
527	C	0.457	0.1440443
528	C	0.433	0.127751
529	T	0.458	0.07859598
530	C	0	0.03589326
 531	A	-0.533	0.005689478
532	G	-0.336	0.01195998
533	C	-0.408	0.01194787
534	A	-0.377	0.008625478
535	A	-0.097	-0.02853369
536	G	0.318	-0.0561737
537	C	0.058	-0.06834581
538	G	-0.458	-0.06957248
539	A	-0.465	-0.05899831
540	A	-0.242	-0.01838498
541	G	0.256	0.02690247
542	C	0.327	0.06132263
543	T	0.388	0.1054698
544	T	-0.292	0.1221358
545	T	-0.039	0.1143748
546	C	0.214	0.1072254
547	C	0.436	0.1319352
548	A	0.190	0.1673145
549	G	0.197	0.1774187
550	C	0.478	0.1829686
551	G	0.210	0.1704624
552	T	0.416	0.1497908
553	C	0.202	0.1797104
554	T	0.178	0.1982517
555	G	-0.069	0.204078
556	G	-0.013	0.1824769
557	A	0.170	0.1817819
558	T	-0.060	0.1829924
559	C	0.356	0.180303
560	T	0.102	0.1917538
561	G	0.016	0.1892499
562	G	0.245	0.1964942
563	C	0.293	0.2061672
564	T	0.319	0.2310498
565	C	0.047	0.2399336
566	G	0.177	0.2174347
567	T	0.219	0.2188406
568	C	0.430	0.2147353
569	T	0.416	0.2014313
570	C	0.371	0.214437
571	T	0.333	0.1764509
572	C	0.352	0.1789182
573	C	0.378	0.1730257
574	A	0.146	0.1454535
575	G	-0.234	0.1601435
576	T	-0.035	0.1717378
577	T	0.282	0.1657903
578	T	-0.136	0.1506489
579	C	0.250	0.1454825
580	A	-0.438	0.1333961
581	C	0.338	0.1102398
582	T	0.213	0.07941808
583	T	-0.448	0.09152519
584	C	0.442	0.09898763
585	C	0.427	0.124059
586	C	0.323	0.1208558
587	T	0.144	0.1368031
588	G	0.278	0.1176198
589	C	0.115	0.1599598
590	A	-0.063	0.1635096
591	C	-0.176	0.1666698
592	T	0.364	0.2120964
593	T	-0.099	0.2081846
594	C	0.415	0.2065782
595	T	0.224	0.1958186
596	G	0.150	0.198357
597	G	-0.094	0.2073254
598	G	0.324	0.2199737
599	C	0.402	0.2363277
600	T	0.270	0.2696998
601	C	0.369	0.2751673
602	C	0.371	0.2886806
603	A	0.398	0.2906328
604	G	0.129	0.2987063
605	C	0.189	0.3062104
606	C	0.440	0.3353291
607	T	0.343	0.3433241
608	G	0.230	0.3452115
609	G	0.423	0.3392283
610	G	0.462	0.3425207
611	G	0.143	0.3332508
612	A	0.450	0.3279558
613	C	0.369	0.3421782
614	T	0.285	0.3548698
615	C	0.429	0.3368094
616	T	0.468	0.3328747
617	C	0.436	0.3108882
618	A	0.162	0.2701736
619	C	0.428	0.2444801
620	C	0.204	0.2639306
621	T	0.303	0.2440529
622	T	0.385	0.2142044
623	C	0.418	0.1726891
624	T	0.115	0.1452728
625	C	0.272	0.1413766
626	A	-0.165	0.1002368
627	G	-0.308	0.07952506
628	A	0	0.07939994
 629	C	0.493	0.09344433
630	C	0.093	0.09271922
631	A	-0.167	0.08275267
632	A	-0.462	0.07299911
633	A	-0.063	0.06989377
634	C	0.397	0.03459466
635	G	-0.304	0.05727894
636	T	-0.210	0.09621361
637	A	0.426	0.1150291
638	C	0.457	0.1010024
639	C	0.290	0.07816
640	A	0.206	0.07257433
641	G	0.242	0.07501639
642	T	0.059	0.06341288
643	G	-0.362	0.05748322
644	G	0.243	0.09566966
645	C	0.391	0.1186199
646	C	0.338	0.1095998
647	T	0.241	0.1011623
648	G	-0.317	0.1085597
649	A	-0.267	0.1054148
650	A	-0.418	0.1114739
651	T	-0.272	0.1290719
652	G	0.291	0.1597234
653	C	0.383	0.1326658
654	T	0.202	0.1230924
655	C	0.263	0.1235557
656	T	0.305	0.1314589
657	T	0.423	0.1474453
658	C	0.149	0.1823711
659	C	0.351	0.1884122
660	C	0.376	0.2149484
661	T	0.188	0.2197452
662	T	-0.244	0.2218692
663	C	0.219	0.2140102
664	C	0.347	0.1881286
665	T	0.383	0.1555603
666	C	-0.030	0.1302918
667	T	0.360	0.1316482
668	G	-0.309	0.09324967
669	G	0.205	0.05149383
670	T	0.377	0.02277028
671	C	0.421	0.0268625
672	T	0.061	0.0009205556
673	G	-0.202	-0.03063694
674	A	-0.280	-0.07011289
675	A	-0.031	-0.07197494
676	C	0.173	-0.06909305
677	A	-0.339	-0.02509166
678	T	-0.375	-0.02300449
679	T	-0.328	-0.04616262
680	A	-0.170	-0.07156043
681	A	-0.247	-0.09535289
682	C	-0.221	-0.07245262
683	T	-0.327	-0.03165745
684	A	-0.063	-0.007578778
685	C	0.412	-0.003150278
686	C	0.482	0.02344089
687	A	0.242	0.03174133
688	G	-0.039	0.03105917
689	T	-0.035	0.0311825
690	A	-0.366	0.04862247
691	G	0.210	0.06897403
692	C	0.453	0.08457846
693	C	0.402	0.1005069
694	T	0.253	0.09959146
695	C	0.139	0.09656741
696	A	-0.226	0.1076773
697	G	-0.340	0.131125
698	A	-0.168	0.1414323
699	A	0.066	0.1441786
700	C	0.145	0.1386033
701	T	-0.046	0.1250756
702	T	0.222	0.1270556
703	G	0.396	0.1171441
704	C	0.428	0.0987327
705	C	0.442	0.09670781
706	T	0.382	0.08932764
707	C	0.149	0.1148848
708	A	-0.317	0.1273088
709	G	0.109	0.1359527
710	G	0.210	0.1625639
711	T	0.437	0.171985
712	C	0.075	0.1725882
713	A	-0.192	0.1710787
714	A	-0.262	0.1713135
715	G	-0.473	0.1620552
716	T	0.291	0.1561329
717	G	0.290	0.1724528
718	G	0.300	0.1537101
719	C	0.432	0.160078
720	C	0.392	0.1269647
721	C	0.406	0.1016501
722	C	0.401	0.1038515
723	T	0.446	0.08902608
724	C	0.216	0.1303377
725	T	0.043	0.1275772
726	G	-0.023	0.1315222
727	C	-0.227	0.1310245
728	A	0.325	0.1191972
729	G	-0.158	0.1050687
730	T	-0.380	0.1054635
731	G	-0.152	0.1066684
732	A	-0.529	0.1052945
733	G	0.270	0.1174921
734	C	0.242	0.142272
735	C	0.361	0.1321928
736	A	0.291	0.1581646
737	C	0.219	0.1537963
738	A	0.138	0.1577213
739	C	0.414	0.1528577
740	C	0.422	0.1519765
741	C	0.422	0.1799622
742	C	0.435	0.1882337
743	T	0.489	0.1973167
744	G	-0.205	0.2025387
745	T	0.239	0.2051181
746	C	0.246	0.192909
747	C	-0.087	0.1805054
748	A	-0.467	0.146109
749	A	-0.168	0.1423481
750	C	-0.025	0.1182841
751	C	0.419	0.1135735
752	C	0.405	0.1086989
753	T	0.455	0.144507
754	C	0.338	0.1534533
755	T	0	0.1574147
 756	G	-0.085	0.1788362
757	A	-0.205	0.2111858
758	C	0.355	0.2421254
759	A	-0.011	0.2678878
760	C	0.350	0.2701356
761	C	0.401	0.2731918
762	C	0.439	0.2509018
763	T	0.400	0.2161803
764	C	0.317	0.2003432
765	T	0.298	0.2274217
766	G	0.114	0.2477198
767	T	0.388	0.2503859
768	C	0.438	0.2615289
769	C	0.459	0.2677963
770	C	0.460	0.267558
771	T	0.054	0.2178158
772	A	-0.286	0.2150938
773	G	-0.285	0.2137964
774	C	0.402	0.2010478
775	A	0.160	0.2188871
776	T	0.403	0.2205829
777	C	0.189	0.2167796
778	C	0.463	0.1933949
779	T	0.397	0.1820534
780	G	-0.455	0.1548221
781	T	0.351	0.1833919
782	T	0.294	0.2234994
783	C	0.068	0.2173255
784	T	0.435	0.2084196
785	C	0.419	0.1830173
786	A	0.369	0.1611812
787	C	0.038	0.1235714
788	T	0.256	0.1130778
789	T	-0.436	0.1384024
790	G	0.227	0.1096563
791	C	0.436	0.07943948
792	C	0.291	0.1028633
793	A	0	0.08261764
 794	G	-0.054	0.05423991
795	A	-0.203	0.02483829
796	G	-0.213	0.01732894
797	C	0.208	-0.02181512
798	A	0	0.002415161
 799	C	-0.165	0.008628939
800	A	-0.249	0.009261828
801	T	0.490	-0.01891195
802	C	0.071	-0.03115206
803	A	-0.091	-0.05448873
804	C	-0.159	-0.06589496
805	A	-0.096	-0.07869701
806	T	-0.448	-0.08301051
807	T	0	-0.09724373
 808	C	0.339	-0.08462494
809	T	0.448	-0.08319044
810	T	-0.215	-0.1197187
811	T	-0.220	-0.1439912
812	T	-0.474	-0.1570594
813	T	-0.408	-0.1454907
814	A	-0.443	-0.1183927
815	G	0.130	-0.08317012
816	T	-0.256	-0.06582757
817	T	0.061	-0.07051773
818	A	-0.223	-0.06993662
819	T	-0.167	-0.04572834
820	T	-0.365	-0.05545801
821	T	-0.326	-0.03098153
822	G	0.048	0.006806467
823	T	0.391	0.04014741
824	T	0.185	0.0231878
825	G	0.312	0.01044074
826	C	0.255	0.02267801
827	C	0.458	0.03276812
828	T	0.219	0.05847395
829	T	-0.395	0.1001
830	T	-0.033	0.1145097
831	C	0.271	0.08611089
832	T	0.156	0.03681789
833	T	-0.174	0.04973306
834	G	-0.485	0.05548911
835	A	0.281	0.06565833
836	G	-0.042	0.06555489
837	T	0.295	0.08209689
838	G	0.383	0.1148609
839	T	-0.067	0.09568969
840	G	-0.462	0.05011647
841	A	-0.495	0.0477303
842	C	0.418	0.03663091
843	C	0.415	0.06839152
844	T	0.438	0.04619213
845	C	0.456	0.02388157
846	C	0.517	-0.005963094
847	T	0.194	-0.008156094
848	T	-0.378	0.01942938
849	A	-0.548	0.07077783
850	A	0.113	0.1221528
851	G	-0.374	0.1246781
852	G	0.086	0.1298323
853	A	-0.117	0.1129771
854	A	-0.443	0.09644294
855	A	-0.241	0.06257306
856	G	0.343	0.05536354
857	T	0.428	0.07402615
858	C	0.461	0.1216158
859	T	0.428	0.1244825
860	G	0.463	0.1710708
861	T	0.508	0.1750194
862	G	0.134	0.1935323
863	T	0.159	0.2442184
864	T	-0.092	0.2842648
865	T	0.064	0.2845046
866	G	-0.042	0.2804077
867	G	0.307	0.2626667
868	T	0.165	0.2228902
869	G	0.464	0.1816939
870	T	0.157	0.1734763
871	G	0.215	0.1843875
872	T	0.468	0.1977049
873	C	0.479	0.2204225
874	T	0.348	0.2419639
875	T	0.355	0.2328757
876	T	0.142	0.2270409
877	T	-0.287	0.1992054
878	A	-0.277	0.1537836
879	T	0.360	0.1521381
880	C	0.331	0.1478826
881	T	0.398	0.127044
882	C	0.316	0.1064896
883	T	0.452	0.07091647
884	G	-0.206	0.0222598
885	T	0.202	0.007082411
886	A	-0.336	0.03391441
887	T	-0.353	0.06007291
888	A	0.127	0.05116291
889	T	0.138	0.04981274
890	C	0.093	0.0131378
891	A	0.109	0.01825797
892	G	-0.292	0.002839411
893	A	-0.520	-0.004381367
894	A	-0.130	-0.02631848
895	C	0.195	-0.03455414
896	C	0.193	-0.03373842
897	T	0.200	-0.02782203
898	A	0.306	-0.01231753
899	G	-0.261	0.006540111
900	C	0.409	0.02540156
901	A	0.174	0.05472172
902	A	-0.336	0.1064895
903	G	-0.192	0.1349083
904	A	-0.484	0.1524975
905	T	-0.338	0.1398606
906	G	0.233	0.1152237
907	C	0.417	0.08185929
908	C	0.433	0.07935646
909	T	0.448	0.02636768
910	G	0.235	0.03520329
911	G	0.411	0.06250979
912	C	0.380	0.09698796
913	G	0.512	0.1468334
914	C	-0.034	0.1754642
915	A	-0.243	0.1803437
916	T	-0.293	0.1788081
917	A	-0.306	0.1487683
918	T	-0.544	0.1170009
919	G	0.333	0.0873794
920	G	0.155	0.04654829
921	G	0.428	0.02654256
922	T	0.412	0.01958284
923	G	0.176	0.04096433
924	C	0.321	0.03626227
925	C	0.390	0.04716252
926	C	-0.107	0.05219335
927	A	-0.123	0.09886007
928	A	-0.297	0.06231057
929	G	-0.323	0.07851829
930	A	0.020	0.07828557
931	T	0.387	0.07332724
932	C	0.350	0.04692324
933	A	-0.327	0.02353368
934	T	-0.097	-0.01319293
935	A	-0.215	-0.0160696
936	G	0.295	-0.01446967
937	G	-0.324	0.02455239
938	C	0.446	0.05971189
939	T	0.424	0.07867995
940	C	0.323	0.04959784
941	A	-0.298	0.04329551
942	G	-0.099	0.05672013
943	G	-0.270	0.06971638
944	A	-0.159	0.06604111
945	G	-0.094	0.05656866
946	C	0.404	0.06292833
947	C	0.309	0.04741849
948	A	0.362	0.04363238
949	G	-0.136	0.03714994
950	T	0.237	0.05481764
951	C	-0.086	0.08226809
952	T	0.136	0.1119099
953	A	-0.281	0.1052244
954	C	0.124	0.09388061
955	C	-0.209	0.04627399
956	A	0.167	0.01430955
957	G	0.356	-0.03301728
958	G	0.207	-0.01630601
959	G	0.019	-0.009829783
960	C	0.394	0.01732715
961	T	0.262	0.03064971
962	T	-0.279	0.07156482
963	G	-0.298	0.08924893
964	A	-0.451	0.1272439
965	A	-0.266	0.1136109
966	T	-0.489	0.08948375
967	T	0.164	0.07628964
968	C	0.353	0.08350238
969	T	0.402	0.09141982
970	G	0.376	0.05942754
971	C	0.454	0.07676699
972	C	0.443	0.1106593
973	T	0.474	0.1275022
974	C	-0.077	0.166837
975	A	-0.078	0.2200627
976	A	-0.030	0.2041513
977	C	0.149	0.196741
978	C	0.537	0.2010591
979	A	-0.313	0.2072979
980	T	0.032	0.1996436
981	T	0.311	0.1761089
982	G	-0.148	0.1683971
983	C	0.441	0.161755
984	T	0.468	0.1784417
985	A	-0.121	0.202077
986	G	0.220	0.2076035
987	C	0.480	0.201876
988	T	0.488	0.2373966
989	G	0.316	0.21868
990	T	0.019	0.1910575
991	T	0.335	0.2258761
992	G	-0.197	0.2253901
993	A	0.222	0.1903741
994	C	0.394	0.1897422
995	C	0.248	0.1651518
996	T	0.434	0.1621341
997	T	0.326	0.1573106
998	G	-0.304	0.1558724
999	A	-0.185	0.1386925
1000	G	0.477	0.1067078
1001	C	0.433	0.09685339
1002	A	-0.162	0.1006597
1003	A	-0.133	0.07490494
1004	G	-0.222	0.08629316
1005	T	0.426	0.08399233
1006	T	0.401	0.09085083
1007	C	0.290	0.1328069
1008	A	-0.289	0.1638442
1009	T	-0.240	0.1610582
1010	T	-0.374	0.1654763
1011	C	0.290	0.163645
1012	A	-0.068	0.1674152
1013	C	0.453	0.1682649
1014	C	0.392	0.1445968
1015	T	0.449	0.09898478
1016	C	0.450	0.071513
1017	T	0.372	0.1116016
1018	C	0.427	0.1134296
1019	T	0.512	0.1214928
1020	G	-0.195	0.08689906
1021	T	-0.065	0.08596389
1022	A	-0.206	0.03824551
1023	T	0	-0.01248583
 1024	T	-0.419	-0.03299691
1025	A	-0.203	-0.06747474
1026	T	0.431	-0.1151577
1027	G	-0.207	-0.1415648
1028	T	-0.229	-0.1600305
1029	G	-0.332	-
1030	T	-0.085	-
1031	A	-0.405	-
1032	A	-0.520	-
1033	A	0.080	-
1034	T	-0.169	-
1035	G	-0.485	-
1036	A	-0.047	-
1037	G	0.180	-
