1	C	0.393	-
2	G	-0.330	-
3	T	0.143	-
4	T	0.352	0.2327191
5	C	0.457	0.2383636
6	C	0.339	0.3056895
7	T	0.320	0.3397539
8	C	0.186	0.2957077
9	T	0.438	0.1881785
10	G	0.207	0.1128357
11	C	0.415	0.052729
12	T	0	0.05447825
 13	T	-0.403	0.0114978
14	A	-0.263	0.0189633
15	G	-0.160	-0.04618395
16	G	0.200	-0.03194483
17	A	0.094	-0.03251895
18	C	0.267	0.05330955
19	G	-0.105	0.1088974
20	T	0.113	0.08880655
21	T	-0.407	0.1253585
22	T	0.423	0.1532569
23	T	0.284	0.1190928
24	C	0.039	0.09886135
25	A	0.386	0.09473735
26	T	0.490	-0.02440077
27	G	-0.378	-0.08593602
28	A	-0.047	-0.1430868
29	A	-0.440	-0.2100242
30	T	-0.529	-0.2600665
31	A	-0.207	-0.1819048
32	A	-0.417	-0.1340944
33	G	-0.148	-0.1397856
34	C	0.090	-0.1370469
35	C	0.246	-0.1527209
36	A	0.334	-0.1199189
37	G	-0.486	-0.1369421
38	A	-0.507	-0.1877927
39	A	-0.333	-0.2696171
40	G	-0.155	-0.3050848
41	A	-0.284	-0.2011438
42	G	-0.316	-0.08237554
43	A	-0.408	-0.02448329
44	G	0.050	0.01836596
45	T	0.345	0.1086301
46	C	0.442	0.1553506
47	A	0.130	0.2627804
48	G	0.187	0.2096675
49	C	0.437	0.1093349
50	A	0.057	-0.01158426
51	C	0.451	-0.04114239
52	A	-0.374	-0.03655564
53	G	-0.457	-0.03661739
54	A	-0.525	0.01197325
55	A	-0.106	0.0053555
56	G	0.224	0.1017613
57	C	0.436	0.2154256
58	C	0.446	0.3326331
59	T	0.398	0.3033381
60	C	0.397	0.2894586
61	C	0.451	0.2030386
62	C	0.412	0.08043088
63	T	-0.340	-0.002337125
64	A	0.113	0.00342575
65	C	-0.254	0.002142875
66	A	-0.534	-0.03318625
67	A	-0.263	0.04004913
68	C	0.443	-0.00490325
69	C	0.441	-0.03080287
70	T	0.129	-0.0063215
71	G	0.245	-0.03754512
72	G	-0.246	-0.1218127
73	A	-0.461	-0.2296721
74	A	-0.338	-0.281644
75	A	-0.513	-0.3644422
76	A	-0.230	-0.383704
77	A	-0.421	-0.3772219
78	G	-0.285	-0.3710886
79	A	-0.417	-0.3336157
80	A	-0.400	-0.3240134
81	A	-0.409	-0.2218059
82	T	-0.289	-0.129464
83	G	-0.213	-0.02899437
84	A	-0.154	-0.03426638
85	G	0.396	-0.03009112
86	C	0.452	-0.03701525
87	T	0.386	0.03578888
88	T	-0.442	0.09464425
89	T	-0.376	0.0814185
90	A	-0.345	0.08457913
91	A	0.368	0.00644175
92	C	0.316	0.06176125
93	T	0.290	0.07003138
94	T	0.478	0.06656038
95	T	-0.238	-0.0123025
96	G	0	-0.1057594
 97	A	-0.310	-0.1337024
98	A	-0.372	-0.2110941
99	T	-0.262	-0.1195919
100	A	-0.430	-0.1195919
101	T	0.067	-0.06193499
102	C	-0.141	0.04378601
103	A	0.493	0.07312265
104	C	0	0.09925802
 105	A	0.150	0.1084418
106	C	0.472	0.09592464
107	A	-0.027	0.07627689
108	G	-0.221	0.04406001
109	A	0.140	0.05476139
110	C	-0.241	-0.00647925
111	A	0.336	-0.02195414
112	T	-0.257	0.02630299
113	A	0.236	-0.05085026
114	G	-0.017	-0.007800887
115	T	-0.151	-0.08432164
116	G	0.164	-0.02832964
117	A	-0.476	-0.001749013
118	G	0.103	0.05397488
119	T	-0.275	0.098275
120	G	0.190	0.1079721
121	C	0.449	0.226089
122	T	0.428	0.1467159
123	T	0.203	0.1864147
124	C	0.241	0.1626395
125	T	0.468	0.08157204
126	T	-0.531	0.009371538
127	T	0.041	-0.03722896
128	C	0	-0.006762337
 129	A	-0.199	-0.09947484
130	A	-0.148	-0.0210893
131	A	-0.169	-0.06736259
132	C	0.485	-0.04172484
133	A	-0.273	0.01762204
134	T	0.095	0.05728316
135	T	-0.328	0.1369089
136	T	0.205	0.08975116
137	G	0.275	0.08955866
138	C	0.168	0.1291769
139	A	0.467	0.1451938
140	C	0.108	0.1628296
141	G	-0.274	0.1821346
142	T	0.412	0.2133815
143	T	-0.200	0.1911608
144	T	0.346	0.225411
145	C	0.429	0.3158806
146	T	0.418	0.2994789
147	C	0.289	0.2628605
148	C	0.382	0.2453225
149	C	0.448	0.170186
150	T	0.281	0.127808
151	G	-0.493	0.1366472
152	A	0.205	0.149498
153	G	-0.171	0.08101976
154	C	0.079	-0.006721737
155	A	0.360	0.006914137
156	C	0.485	-0.07765124
157	T	-0.098	-0.10401
158	A	-0.420	-0.1674797
159	A	-0.384	-0.1941425
160	A	-0.470	-0.237904
161	T	-0.382	-0.2203126
162	A	-0.428	-0.1990775
163	A	0.146	-0.2081346
164	C	0.135	-0.2136526
165	A	0.041	-0.2048414
166	G	-0.250	-0.1186648
167	A	-0.456	-0.1605617
168	A	-0.514	-
169	T	-0.311	-
170	C	0.261	-
171	A	-0.188	-
