1	A	-0.168	-
2	G	-0.031	-
3	C	0.393	-
4	C	0.440	-
5	C	0.403	-
6	T	0.426	-
7	C	0.029	-
8	G	0.243	-
9	C	0.015	-
10	T	-0.461	-
11	G	-0.133	-
12	G	0.146	-
13	G	-0.145	-
14	G	0.259	-
15	G	0.230	-
16	C	0.166	-
17	G	0.419	-
18	G	0.273	-
19	G	0.221	-
20	G	0.090	-
21	C	0.324	-
22	T	0.085	-
23	T	0	-
 24	G	-0.020	-
25	C	0.267	0.2119086
26	G	0.335	0.2193257
27	G	0.351	0.2222606
28	C	0.425	0.2198101
29	C	0.403	0.2109921
30	C	0.149	0.2000678
31	A	0.409	0.1964384
32	C	0.155	0.2033438
33	C	0.456	0.1934892
34	T	-0.011	0.1964743
35	G	0.189	0.2134556
36	T	0.344	0.2198902
37	C	0.281	0.2216389
38	A	-0.182	0.2331838
39	G	0.218	0.2343728
40	T	-0.093	0.2387843
41	C	0.323	0.2287903
42	C	0.409	0.2164575
43	C	0.438	0.2079016
44	G	0.459	0.1964127
45	G	0.116	0.1873209
46	T	0.388	0.1744424
47	G	0.356	0.1731463
48	C	0.333	0.1816795
49	C	0.444	0.1908531
50	A	0.412	0.1939742
51	C	0.202	0.1957999
52	T	0.115	0.1914647
53	T	0.270	0.1730217
54	G	0	0.1544953
 55	G	-0.143	0.1436031
56	T	0.244	0.12681
57	C	0.374	0.1178924
58	T	-0.249	0.1007271
59	G	0.165	0.09231283
60	T	0.387	0.09088039
61	G	0.187	0.07777895
62	T	0.233	0.06545821
63	C	0.431	0.06172635
64	C	0.318	0.06097015
65	G	0.451	0.07080108
66	G	-0.333	0.06926768
67	A	-0.196	0.06906922
68	G	-0.153	0.0636591
69	A	-0.353	0.05015816
70	G	-0.363	0.0415292
71	A	-0.319	0.02308216
72	T	0.021	0.01594728
73	G	0.426	0.004678316
74	C	0.438	0.002372476
75	C	0.423	-0.000562804
76	C	0.427	0.001653676
77	A	0.134	-0.000944392
78	G	-0.497	0.002001668
79	A	-0.523	0.007134748
80	A	-0.394	0.01338363
81	G	-0.429	0.01701383
82	A	-0.290	0.01569079
83	A	-0.402	0.02663889
84	A	-0.432	0.02921999
85	G	0.118	0.02922275
86	A	-0.310	0.02869731
87	G	-0.334	0.02402173
88	A	-0.368	0.01723955
89	C	0.180	0.01623733
90	G	0.397	0.00751035
91	G	0.247	0.02006613
92	C	0.399	0.03274489
93	T	0.167	0.04198677
94	G	-0.215	0.04298429
95	A	-0.314	0.04098003
96	A	-0.533	0.04685879
97	C	0	0.05000873
 98	A	-0.229	0.04960179
99	G	0.329	0.04801305
100	G	0.265	0.04966373
101	G	0.313	0.03788101
102	G	-0.014	0.03758629
103	A	0.418	0.05726069
104	C	0.256	0.07768463
105	T	0.169	0.08155935
106	C	0.426	0.08162195
107	C	0.308	0.07835913
108	A	0.298	0.08136035
109	G	0.294	0.08521855
110	T	0.387	0.07939007
111	G	0.161	0.09405267
112	A	0	0.1053849
 113	C	0.092	0.1231488
114	G	0.268	0.1289976
115	T	0.014	0.1202035
116	C	0.294	0.1044084
117	C	0.437	0.08639969
118	G	0.308	0.07751263
119	A	-0.303	0.07755793
120	T	-0.464	0.07719153
121	G	-0.025	0.07852535
122	G	0.178	0.07047001
123	G	0.406	0.06642999
124	C	0.359	0.05148305
125	C	0.505	0.03643557
126	G	-0.162	0.02199935
127	A	0.119	0.02018385
128	C	0.486	0.01573711
129	T	0.498	0.01305051
130	T	-0.200	0.01824327
131	T	-0.426	0.01355985
132	A	-0.453	0.01529363
133	C	-0.252	0.01801007
134	G	-0.239	0.02089745
135	A	-0.173	0.01863435
136	T	0.423	0.009748174
137	C	0.232	0.005742554
138	C	0.519	0.007168156
139	T	0.473	-0.003715404
140	T	-0.041	-0.007316708
141	T	-0.542	-0.009039588
142	A	-0.501	-0.008759108
143	G	-0.276	-0.007523988
144	A	-0.212	-0.007497828
145	G	-0.333	-0.008753068
146	T	-0.467	-0.01818747
147	A	-0.402	-0.02928725
148	A	-0.431	-0.04314207
149	A	-0.418	-0.05696559
150	A	-0.486	-0.07532375
151	A	-0.408	-0.08235147
152	T	-0.105	-0.09194697
153	G	0.195	-0.09950971
154	T	0.122	-0.1194239
155	C	0.429	-0.1241843
156	A	0.192	-0.1247419
157	T	0.395	-0.1237423
158	C	0.434	-0.1217738
159	C	0.438	-0.1201189
160	A	0.274	-0.1104052
161	G	-0.282	-0.1209092
162	G	-0.200	-0.1338321
163	A	0.163	-0.1442216
164	A	-0.275	-0.1544615
165	G	-0.165	-0.1570911
166	A	0.208	-0.1522583
167	C	0.451	-0.1478163
168	C	0.369	-0.1419106
169	T	-0.302	-0.1287608
170	A	-0.526	-0.1193538
171	A	-0.497	-0.1139377
172	A	-0.376	-0.1117652
173	G	-0.286	-0.1109889
174	A	-0.332	-0.09234296
175	T	-0.412	-0.07330942
176	A	-0.513	-0.06854578
177	A	-0.359	-0.06530757
178	C	0.108	-0.06713913
179	A	-0.497	-0.06701981
180	A	-0.438	-0.07128687
181	T	-0.454	-0.06846893
182	A	-0.403	-0.06915497
183	A	-0.153	-0.07227827
184	A	-0.156	-0.07992228
185	C	0.312	-0.08040146
186	G	-0.102	-0.06512652
187	A	-0.414	-0.05192788
188	T	0	-0.06164188
 189	T	-0.038	-0.06533056
190	A	-0.173	-0.07012038
191	T	-0.301	-0.07115098
192	A	-0.279	-0.07283498
193	G	0.018	-0.07095318
194	T	0.444	-0.06186204
195	T	0.137	-0.05341904
196	T	-0.196	-0.03963826
197	A	-0.294	-0.03859952
198	A	-0.392	-0.02792298
199	C	0.513	-0.02381176
200	T	0.464	-0.01600089
201	T	-0.170	-0.01036193
202	A	0.056	-0.002744678
203	G	0.104	0.005378982
204	G	0.128	0.005195922
205	A	0.215	0.01445754
206	C	0.333	0.01559786
207	G	0.361	0.02201739
208	G	0.278	0.02769301
209	T	0.056	0.03941373
210	A	0.250	0.04203499
211	C	0.480	0.04638355
212	T	0.459	0.06360853
213	A	-0.321	0.06993829
214	T	-0.459	0.06867636
215	A	-0.404	0.07596112
216	T	0.156	0.07315928
217	C	0.366	0.06970344
218	T	0.464	0.06206137
219	C	0.152	0.04468847
220	A	-0.104	0.03375675
221	A	0.191	0.02929187
222	C	-0.324	0.03648271
223	T	0.247	0.05372323
224	A	-0.126	0.04959469
225	G	-0.021	0.04898163
226	G	-0.231	0.06263993
227	A	0.020	0.07071228
228	C	0.514	0.06493594
229	A	-0.506	0.0571265
230	A	0.024	0.04874708
231	A	-0.397	0.05035344
232	G	-0.082	0.03706004
233	T	0.130	0.03431634
234	C	0.429	0.02846562
235	C	0.443	0.01295662
236	G	0.115	-0.000716858
237	G	0.447	-0.0122395
238	C	0.316	-0.01037736
239	A	-0.101	-0.003311778
240	C	0.191	-0.000693458
241	A	-0.441	-0.002575352
242	T	-0.451	-0.01517613
243	A	-0.363	-0.01391071
244	G	-0.423	-0.01902301
245	T	-0.409	-0.02005505
246	A	-0.419	-0.02297073
247	A	0.065	-0.02023913
248	T	0.469	-0.02931551
249	C	0.307	-0.03511325
250	G	0.434	-0.04209299
251	C	0.512	-0.04319901
252	T	0.460	-0.04915268
253	A	-0.184	-0.0496885
254	T	-0.262	-0.04244724
255	G	-0.203	-0.03363596
256	T	0.413	-0.02736279
257	T	-0.303	-0.0204111
258	T	0.140	-0.02187494
259	T	-0.236	-0.02105666
260	T	-0.525	-0.02939763
261	A	-0.202	-0.02199045
262	C	-0.116	-0.03229656
263	T	-0.228	-0.04522796
264	A	-0.106	-0.04956692
265	T	-0.273	-0.06422642
266	G	0.062	-0.0491296
267	A	-0.263	-0.03724426
268	T	0.527	-0.02182978
269	G	-0.103	-0.004898976
270	A	-0.156	0.005267968
271	T	0.046	0.01531442
272	T	-0.187	0.02291888
273	A	-0.206	0.00937726
274	T	-0.416	0.005207998
275	T	-0.370	-0.005773262
276	A	-0.286	-0.02542432
277	T	-0.276	-0.04305916
278	T	0.487	-0.0482129
279	A	-0.144	-0.05202808
280	T	0.464	-0.0567526
281	C	-0.083	-0.07546762
282	T	0.264	-0.07988374
283	T	0.056	-0.08865716
284	C	0.470	-0.08659006
285	G	0.026	-0.07926512
286	T	0.485	-0.06675302
287	C	-0.068	-0.0629252
288	T	-0.330	-0.05305238
289	A	-0.318	-0.0474278
290	A	-0.541	-0.0523045
291	C	0.313	-0.05086418
292	A	0.142	-0.04844014
293	G	0.407	-0.0526977
294	C	0.422	-0.04467192
295	A	0.098	-0.03732354
296	A	0.082	-0.03124695
297	C	0.445	-0.02091419
298	A	-0.207	-0.01005167
299	A	0.099	0.002792792
300	C	-0.114	0.01047404
301	A	-0.469	0.02257326
302	A	-0.421	0.02420978
303	A	-0.442	0.006820596
304	A	-0.452	-0.001228184
305	A	-0.439	-0.01649682
306	A	-0.522	-0.007101274
307	A	-0.524	-0.007261014
308	A	-0.297	-6.4512e-05
309	G	-0.132	-0.006044532
310	G	-0.158	-0.007860854
311	C	0.422	-0.02292391
312	C	0.074	-0.02918317
313	A	0.264	-0.03241613
314	G	0.174	-0.02160693
315	A	-0.517	-0.01138958
316	G	0.134	-0.01240644
317	G	-0.141	-0.01678264
318	C	0.314	-0.03261702
319	A	0.298	-0.04291373
320	T	0.211	-0.0435069
321	C	0.349	-0.04865447
322	T	0.328	-0.06059621
323	G	0.336	-0.05159523
324	T	0.225	-0.04683959
325	G	0.013	-0.05131369
326	C	0.318	-0.04729111
327	A	-0.194	-0.04194509
328	A	-0.381	-0.04270587
329	A	-0.547	-0.02336975
330	A	-0.298	-0.004271088
331	C	0.386	0.008326732
332	T	0.256	0.009866192
333	C	0.416	0.009543752
334	G	0.171	0.001791412
335	G	-0.064	-0.001751788
336	T	-0.267	-0.01509021
337	A	-0.381	-0.02583233
338	A	-0.491	-0.03082589
339	T	0.221	-0.02411805
340	G	-0.031	-0.01877443
341	C	0.262	-0.01282053
342	T	-0.076	-0.004667274
343	A	-0.384	-0.003005974
344	A	-0.092	-4.5174e-05
345	T	0.069	0.004618486
346	G	-0.174	0.001940286
347	G	-0.151	0.002983086
348	A	0.242	-0.006491154
349	T	0.336	-0.007267654
350	T	-0.338	-0.008230708
351	A	-0.268	-0.01578005
352	T	-0.154	-0.01714141
353	G	-0.480	-0.007440234
354	T	0.513	-0.001271894
355	T	0.515	-0.001302134
356	T	0.107	0.000912246
357	A	-0.447	-0.00533599
358	T	-0.313	-0.01093211
359	T	-0.520	-0.01186281
360	A	-0.336	-0.01391766
361	A	-0.244	0.00124834
362	G	-0.462	0.01902798
363	C	0.015	0.0388142
364	A	0.510	0.0419705
365	T	-0.250	0.03474855
366	T	0.432	0.02052975
367	C	0.265	0.01865171
368	G	0.397	0.01757937
369	C	0.446	0.01344248
370	T	0.444	0.004083848
371	G	0.215	0.002086108
372	T	0.380	0.001187168
373	G	-0.137	0.005909508
374	T	0.186	0.001177688
375	A	-0.034	0.01052843
376	T	-0.059	0.01536725
377	T	-0.262	0.02572649
378	T	0.103	0.04387147
379	G	-0.238	0.03719599
380	G	-0.300	0.02358973
381	T	0.496	0.03135383
382	T	-0.055	0.04370671
383	T	0.136	0.04998513
384	T	0.124	0.05813581
385	G	-0.166	0.07148267
386	T	0.490	0.07836801
387	G	0.507	0.08868328
388	T	0.497	0.0876689
389	T	0.379	0.07555048
390	T	-0.392	0.0726783
391	T	-0.448	0.0696641
392	A	-0.170	0.05599146
393	T	-0.437	0.04393614
394	T	-0.299	0.03464562
395	A	-0.398	0.03492632
396	T	-0.274	0.0206174
397	A	-0.196	0.002006498
398	C	0.478	-0.002081122
399	C	0.100	-0.008056422
400	T	0.128	-0.001917352
401	A	-0.026	0.007058654
402	C	0.363	0.02186813
403	C	0.426	0.03083165
404	T	0.180	0.03812745
405	T	-0.164	0.04110677
406	C	0.495	0.02468989
407	T	0.170	0.01868895
408	T	0	0.00578399
 409	T	-0.112	0.003981782
410	C	0.331	0.005777972
411	A	0.100	-0.001563148
412	T	0.053	-0.007824088
413	T	-0.035	-0.02604647
414	T	-0.095	-0.03549499
415	G	-0.394	-0.03203595
416	T	0.281	-0.01425913
417	T	-0.417	-0.001343046
418	A	-0.205	0.01228383
419	T	-0.018	0.01137751
420	C	0.458	0.02060712
421	A	-0.499	0.01945928
422	A	-0.549	0.01409488
423	G	-0.341	-0.003587644
424	G	-0.111	-0.0112002
425	T	0.272	-0.01575511
426	C	0.389	-0.01065755
427	T	0.477	-0.01366435
428	C	0.551	-0.02331384
429	T	0.126	-0.01864422
430	A	-0.151	-0.01230138
431	T	-0.324	-0.02180483
432	G	-0.355	-0.02744329
433	A	-0.508	-0.03686845
434	A	0.034	-0.03835365
435	G	-0.077	-0.04985765
436	T	0.123	-0.0534126
437	C	0.194	-0.04568353
438	A	-0.413	-0.03645791
439	G	-0.092	-0.03302912
440	A	-0.219	-0.02119066
441	G	0.440	-0.02978592
442	C	0.475	-0.02949388
443	T	0.243	-0.03283056
444	A	-0.344	-0.03470511
445	T	0.062	-0.05305065
446	T	-0.332	-0.05176709
447	A	-0.464	-0.05083249
448	G	-0.405	-0.04609167
449	T	-0.280	-0.03515481
450	A	-0.098	-0.03371091
451	T	0.228	-0.03576745
452	C	0.213	-0.03766069
453	A	-0.055	-0.04154181
454	G	0.413	-0.03608983
455	C	0.152	-0.03578265
456	A	0.020	-0.03829285
457	T	-0.111	-0.03538627
458	T	-0.471	-0.03333007
459	T	-0.187	-0.04425554
460	T	-0.243	-0.03426919
461	G	-0.077	-0.03522477
462	C	0.440	-0.04466617
463	C	0.425	-0.04223935
464	C	0.075	-0.0391526
465	A	0.197	-0.0270451
466	T	-0.148	-0.03408295
467	G	-0.403	-0.03596111
468	A	-0.372	-0.03057255
469	A	-0.111	-0.02699265
470	G	-0.459	-0.03175325
471	A	-0.435	-0.02981341
472	A	-0.502	-0.01237595
473	A	-0.104	0.004077532
474	C	0.434	0.01710043
475	C	0.344	0.02871095
476	G	0.286	0.01750887
477	C	0.382	0.009076874
478	G	0.357	0.007034202
479	G	0.398	0.007216182
480	T	-0.135	0.009364542
481	G	-0.449	0.01579913
482	T	-0.210	0.01927163
483	A	-0.405	0.02286723
484	G	-0.511	0.01815833
485	A	0.422	0.01646723
486	G	0.075	0.01238518
487	A	-0.277	0.0111179
488	G	-0.292	0.007106482
489	A	0.061	0.00502321
490	T	0.386	0.00548737
491	T	0.088	0.00844939
492	C	0.381	0.01206371
493	T	0.512	0.01123341
494	T	-0.165	0.00317827
495	T	-0.175	0.00700473
496	T	-0.235	0.01507692
497	C	0.407	0.02681596
498	C	0.417	0.02950644
499	C	0.370	0.01699694
500	G	0.481	-0.000203558
501	G	-0.331	-0.0114901
502	A	-0.208	-0.01614172
503	A	-0.157	-0.02065468
504	C	0.422	-0.02777422
505	T	0.259	-0.02264014
506	G	0.342	-0.01708828
507	G	0.061	-0.009621418
508	A	-0.291	-0.007173718
509	T	-0.422	-0.005139778
510	A	-0.328	-0.02444026
511	A	-0.281	-0.0198346
512	C	0.376	-0.01172574
513	C	0.225	-0.004053368
514	A	-0.028	-0.001338578
515	G	0.220	-0.000283958
516	C	0	0.00685115
 517	A	-0.222	0.00766001
518	A	-0.413	0.00474367
519	A	-0.514	0.01683623
520	A	-0.267	0.02947015
521	T	-0.031	0.03072653
522	G	0.084	0.01434335
523	T	0.030	0.00918023
524	G	-0.190	0.003350422
525	A	-0.515	0.001426802
526	A	-0.277	0.001684482
527	G	0.150	0.01450304
528	C	0.132	0.0143707
529	A	0.042	0.0130483
530	G	0.120	0.01641842
531	G	-0.172	0.0153062
532	G	0.162	0.01837901
533	T	-0.283	0.03167439
534	A	-0.409	0.04080172
535	A	-0.542	0.05376118
536	T	0.306	0.05512586
537	C	0.128	0.05187942
538	T	0.091	0.0473768
539	G	0.197	0.05203781
540	T	0.438	0.04314483
541	C	0.445	0.04939347
542	T	0.421	0.05674305
543	C	0.367	0.07251677
544	C	0.439	0.08481649
545	T	0.456	0.09355469
546	G	-0.172	0.09864346
547	A	-0.411	0.1058593
548	G	0.158	0.111502
549	T	0.079	0.1223885
550	C	0.385	0.1362476
551	T	-0.318	0.150417
552	G	0.432	0.1516353
553	G	-0.164	0.1544945
554	G	0.356	0.1616691
555	C	0.428	0.168648
556	T	0.286	0.164504
557	C	0.215	0.1529347
558	T	0.373	0.1546097
559	T	0.033	0.1647562
560	C	0.319	0.1705818
561	A	-0.213	0.1579104
562	G	0.214	0.1459433
563	T	0	0.1355539
 564	G	0.204	0.1230158
565	A	-0.223	0.1041507
566	C	0.312	0.09312794
567	A	0.144	0.08502327
568	C	0.375	0.07172925
569	C	0.100	0.05720301
570	A	0.169	0.04094047
571	C	0.222	0.03985333
572	T	0.444	0.04151127
573	G	0.312	0.04687679
574	T	0.353	0.05306982
575	T	0.177	0.05444674
576	T	0.430	0.0624551
577	C	0.211	0.05714618
578	C	0.274	0.05211558
579	C	0.401	0.03650214
580	C	0.469	0.02379938
581	A	-0.379	0.01464652
582	A	-0.415	0.007935122
583	A	-0.199	-0.008148198
584	T	0.097	-0.005847292
585	G	-0.251	-0.02208175
586	A	-0.327	-0.02844489
587	A	-0.470	-0.03892961
588	G	-0.428	-0.04753811
589	A	-0.429	-0.05562269
590	A	-0.504	-0.04603925
591	A	-0.105	-0.04495801
592	C	0.016	-0.03923945
593	T	-0.297	-0.03788635
594	A	-0.287	-0.03465887
595	A	-0.356	-0.02931091
596	G	-0.226	-0.02439013
597	A	-0.329	-0.03303425
598	C	0.427	-0.04891309
599	T	0.388	-0.06544159
600	C	0.454	-0.07701195
601	A	0.081	-0.09098469
602	G	0.167	-0.09520879
603	A	-0.415	-0.09950759
604	G	-0.424	-0.09764841
605	A	-0.206	-0.09717255
606	A	-0.170	-0.08074547
607	G	-0.120	-0.06975601
608	A	-0.430	-0.07175963
609	C	0.148	-0.07989337
610	A	-0.492	-0.08353789
611	A	-0.531	-0.08519439
612	A	-0.309	-0.08649429
613	G	-0.430	-0.08581829
614	G	-0.199	-0.07904371
615	A	0.255	-0.07009637
616	C	0.366	-0.06151991
617	C	0.430	-0.05333166
618	T	0.442	-0.04100428
619	G	0.261	-0.03007736
620	C	0.436	-0.03091636
621	C	0.468	-0.01732536
622	C	0.012	-0.01201437
623	A	-0.481	-0.02800473
624	A	-0.472	-0.0340212
625	A	-0.401	-0.04672994
626	G	-0.267	-0.04088051
627	A	0	-0.04236821
 628	C	0.060	-0.03732565
629	A	0.494	-0.02071337
630	C	0.493	-0.008939626
631	A	0.442	-0.005320084
632	T	0.133	-0.003409288
633	T	-0.299	0.008128032
634	G	-0.309	0.01068387
635	A	-0.433	0.009944072
636	T	-0.410	0.01296997
637	A	-0.535	0.01738371
638	A	-0.394	0.03305977
639	G	-0.091	0.04589911
640	C	-0.056	0.04546123
641	A	0.323	0.04552397
642	C	0.426	0.03956931
643	C	0.318	0.03738087
644	C	0.259	0.03335328
645	A	-0.398	0.0321651
646	T	0.452	0.02680328
647	C	-0.063	0.02701039
648	T	-0.372	0.04300457
649	G	0.088	0.05768943
650	G	-0.181	0.07269495
651	T	0.373	0.08397685
652	A	0.092	0.08376738
653	G	-0.163	0.07267692
654	T	0.406	0.05781584
655	G	0.381	0.04622111
656	G	0.010	0.02846287
657	T	-0.024	0.01661935
658	T	0.145	0.01336063
659	C	0.276	0.02054417
660	T	-0.529	0.02451239
661	A	-0.380	0.03931335
662	G	-0.089	0.05513673
663	T	0.353	0.06117785
664	C	0.442	0.05618324
665	C	0.233	0.05149504
666	A	0.369	0.04669463
667	G	0.133	0.04770537
668	T	0.333	0.03820001
669	G	0.060	0.02804351
670	T	0.377	0.0347915
671	T	0.200	0.0191636
672	G	0.023	0.01382987
673	C	0.318	0.01474863
674	A	0.261	0.003347966
675	G	0.349	0.004988182
676	C	0.296	-0.009702538
677	A	-0.010	-0.01761914
678	G	-0.494	-0.02008778
679	A	-0.248	-0.01887472
680	G	-0.086	-0.02914232
681	A	-0.445	-0.02569076
682	G	-0.458	-0.01685062
683	A	-0.462	-0.0107647
684	A	0.049	-0.01189966
685	G	-0.235	0.00076414
686	G	0.329	0.01731602
687	G	0.256	0.02742965
688	T	-0.092	0.02679685
689	A	-0.340	0.01071807
690	A	-0.291	0.01186987
691	T	0.083	0.00259105
692	C	0.476	-0.00459281
693	G	-0.156	-0.00674365
694	T	-0.248	-0.003434388
695	A	-0.061	-0.02103625
696	T	-0.328	-0.02835031
697	A	-0.330	-0.03540475
698	G	-0.326	-0.05132459
699	T	-0.481	-0.06559103
700	A	-0.099	-0.07997965
701	G	-0.360	-0.09117887
702	A	-0.302	-0.08906935
703	A	-0.287	-0.08080059
704	C	0.467	-0.06830467
705	A	-0.131	-0.05795136
706	T	0.182	-0.04067814
707	C	0.417	-0.03486858
708	T	0.450	-0.03655102
709	G	0.219	-0.03716891
710	T	0.103	-0.03394005
711	C	0.447	-0.04295797
712	C	0.416	-0.03972223
713	T	0.321	-0.02922593
714	C	-0.361	-0.01365413
715	T	0.291	-0.001785314
716	T	-0.094	-0.008719524
717	G	-0.226	-0.02414138
718	T	0.225	-0.02843804
719	G	0.225	-0.02437232
720	G	-0.502	-0.02123856
721	A	-0.165	-0.0157715
722	A	-0.329	-0.002586722
723	G	-0.477	0.01157416
724	A	-0.451	0.0259455
725	A	-0.370	0.02113654
726	G	-0.263	0.0346568
727	G	0.095	0.0476623
728	A	-0.081	0.05255744
729	G	0.376	0.0332713
730	G	0.431	0.03690681
731	G	0.417	0.03806655
732	C	-0.167	0.03727435
733	A	-0.546	0.02985111
734	A	0.019	0.02289179
735	C	-0.073	0.02451939
736	G	-0.121	0.02507263
737	T	0.417	0.02287359
738	C	0.432	0.02122109
739	C	0.437	0.02642729
740	A	0.302	0.02404577
741	G	-0.263	0.0297284
742	G	-0.294	0.04013996
743	A	-0.371	0.04044132
744	G	-0.045	0.03990862
745	T	0.095	0.05889424
746	G	-0.055	0.06700972
747	G	0.329	0.08349662
748	C	0.381	0.09629234
749	A	0.236	0.1017199
750	G	-0.339	0.09923262
751	G	0.315	0.1074305
752	C	0.347	0.10963
753	A	-0.042	0.1174616
754	T	-0.497	0.1187451
755	A	0.050	0.1042211
756	C	0.240	0.09956839
757	T	0.377	0.1083464
758	G	0.079	0.1279672
759	G	-0.128	0.1323111
760	A	0.185	0.1387042
761	A	0.475	0.1450702
762	C	0.306	0.1410014
763	T	0.239	0.1381722
764	T	-0.101	0.1361929
765	G	0.172	0.138789
766	G	0.189	0.149923
767	A	0.294	0.1574269
768	C	0.240	0.1729123
769	T	0.199	0.1735612
770	T	0.446	0.1758884
771	C	0.240	0.1733322
772	T	0.494	0.1615217
773	G	0.161	0.1630577
774	T	-0.180	0.1501878
775	A	-0.494	0.1529973
776	G	0.146	0.1515208
777	G	0.204	0.1534519
778	C	0.310	0.1437096
779	C	0.440	0.1536529
780	A	-0.294	0.1539994
781	G	0.185	0.140048
782	C	0.271	0.1404447
783	C	0.434	0.1450832
784	T	0.236	0.1560519
785	G	0.245	0.1612051
786	G	0.197	0.1508472
787	G	0.214	0.1447169
788	T	0.291	0.1487909
789	T	0.338	0.1560492
790	C	0.431	0.148598
791	C	0.293	0.1476931
792	A	0.080	0.1343783
793	C	0.402	0.1370431
794	T	-0.012	0.1369928
795	T	0.211	0.1313227
796	G	-0.182	0.1316209
797	G	-0.261	0.1297165
798	T	0.458	0.1342084
799	A	-0.406	0.1368507
800	G	-0.199	0.1428899
801	A	0.241	0.148114
802	T	0.443	0.1527298
803	G	-0.529	0.1526101
804	A	0	0.1461119
 805	G	0.067	0.1485476
806	G	-0.456	0.1537899
807	G	0.397	0.1535397
808	T	0.311	0.1515942
809	C	0.420	0.1475667
810	T	0.442	0.1387806
811	T	-0.042	0.1300111
812	G	0	0.1162002
 813	C	0.442	0.1097146
814	T	0.261	0.1029378
815	G	-0.200	0.1031306
816	T	0.144	0.1059165
817	G	-0.371	0.1118736
818	T	0.374	0.1061164
819	T	0.196	0.1107663
820	G	0.162	0.1123397
821	C	0.255	0.1223674
822	C	0.399	0.1373487
823	C	0.386	0.1274939
824	A	-0.048	0.1256302
825	G	-0.192	0.1188271
826	G	0.407	0.1073998
827	C	0.435	0.1084737
828	T	0.304	0.1167191
829	G	0.115	0.1131418
830	G	-0.172	0.1105721
831	T	0.447	0.1242168
832	C	0.258	0.125101
833	T	0.337	0.1265644
834	C	0.034	0.1271905
835	A	-0.193	0.1284318
836	A	-0.241	0.1375798
837	A	-0.476	0.1406175
838	C	-0.033	0.1378559
839	T	0	0.1423779
 840	C	0.441	0.1463878
841	C	0.432	0.1402932
842	T	0.378	0.1395015
843	G	0.115	0.137469
844	G	0.219	0.1407238
845	C	0.290	0.1465341
846	C	0.318	0.1453444
847	T	0.487	0.1455921
848	C	-0.034	0.1439171
849	A	-0.500	0.1361671
850	A	-0.539	0.1378149
851	G	-0.329	0.1363007
852	C	0.497	0.121366
853	A	-0.117	0.1078842
854	A	-0.178	0.0954147
855	T	-0.061	0.09821739
856	C	0.225	0.09742103
857	C	0.441	0.09617571
858	T	0.384	0.09617703
859	C	0.451	0.09644808
860	C	0.505	0.0946405
861	T	0.414	0.1034237
862	A	0.151	0.1235296
863	C	0.304	0.1178553
864	C	0.487	0.1207182
865	T	0	0.1039236
 866	T	-0.160	0.09199609
867	A	-0.410	0.08924601
868	G	0.272	0.09344789
869	C	0.359	0.09260475
870	C	0.453	0.08587463
871	T	0.196	0.08791845
872	C	0.411	0.07743384
873	C	0.302	0.07877821
874	A	-0.435	0.09583357
875	G	-0.110	0.1054973
876	A	0.331	0.1201533
877	G	-0.310	0.1172121
878	T	-0.369	0.1279705
879	A	-0.508	0.1347908
880	G	-0.032	0.142752
881	C	0.407	0.1396528
882	T	0.196	0.1299869
883	G	0.337	0.1250688
884	G	0.048	0.1145856
885	G	-0.283	0.1110498
886	A	0.197	0.112799
887	C	0.529	0.1177811
888	T	-0.316	0.1172564
889	A	0.143	0.106153
890	C	-0.398	0.1143995
891	A	-0.163	0.1218403
892	G	0.241	0.1391887
893	G	0.325	0.1435674
894	T	0.177	0.1357526
895	G	-0.046	0.1313087
896	C	0.420	0.1300551
897	A	-0.036	0.1316779
898	C	0.032	0.1366879
899	A	0.352	0.1477834
900	C	-0.056	0.1440095
901	C	0.402	0.1346619
902	A	0.350	0.1347579
903	C	0.420	0.1344493
904	T	0.162	0.1469451
905	G	0.336	0.1451313
906	C	0.070	0.1457934
907	A	-0.041	0.1438015
908	A	0.138	0.1299265
909	C	-0.072	0.1192318
910	T	0.328	0.1146263
911	C	0.501	0.1181733
912	C	0.400	0.1063644
913	T	0.278	0.1134414
914	C	-0.067	0.1160481
915	G	0.412	0.1303731
916	G	0.211	0.1402705
917	T	0.456	0.140388
918	G	0.491	0.1305059
919	G	-0.031	0.1216335
920	T	0.231	0.1119861
921	T	0.133	0.1078876
922	G	0.492	0.1183751
923	T	0.553	0.1169803
924	T	0.119	0.1108556
925	A	-0.298	0.1177645
926	T	-0.135	0.1178809
927	T	-0.306	0.1012586
928	T	-0.384	0.08881818
929	A	0.116	0.07696122
930	A	-0.123	0.06852755
931	C	0.440	0.07102861
932	T	0.096	0.07516121
933	G	-0.356	0.07553171
934	A	-0.486	0.06860321
935	A	-0.514	0.06986975
936	G	0.375	0.06831061
937	A	-0.061	0.06932323
938	G	0.037	0.07208549
939	G	0.273	0.07563752
940	G	0.318	0.07594946
941	T	0.331	0.08088498
942	T	0.246	0.07879412
943	T	-0.168	0.07667728
944	T	-0.266	0.07851309
945	A	-0.528	0.06562043
946	G	0.215	0.05704749
947	C	0.487	0.04927191
948	T	-0.036	0.04597795
949	T	0.046	0.05123633
950	T	0.289	0.05204693
951	C	0.408	0.05182999
952	A	-0.480	0.05840711
953	T	-0.201	0.06679881
954	G	-0.430	0.06213459
955	T	-0.084	0.06806781
956	A	0.195	0.06730135
957	T	0.165	0.07313885
958	C	0.156	0.08343673
959	A	-0.418	0.09580103
960	G	0.391	0.1034734
961	C	0.424	0.1057223
962	T	0.451	0.1045465
963	C	0.416	0.1007035
964	A	0.110	0.1003725
965	C	0.427	0.08930216
966	T	0.458	0.07584654
967	C	0.352	0.07128209
968	T	0.385	0.07300879
969	G	0.060	0.08665143
970	G	-0.413	0.1031206
971	A	-0.295	0.09543977
972	A	0.104	0.08806103
973	C	0.388	0.09087171
974	C	0.382	0.0970172
975	A	-0.258	0.0978717
976	G	-0.146	0.09333062
977	A	0.022	0.1051074
978	C	0.034	0.1179021
979	A	-0.116	0.1350859
980	G	0.173	0.143225
981	C	0.402	0.1489653
982	C	0.388	0.1519721
983	T	0.158	0.1459367
984	G	0.131	0.1511388
985	A	-0.130	0.1407414
986	C	0.487	0.1380701
987	T	-0.120	0.1307116
988	T	-0.155	0.1283187
989	T	0.256	0.1338554
990	C	-0.235	0.1349461
991	A	-0.341	0.1319282
992	T	0.018	0.1265988
993	G	-0.082	0.1169573
994	C	0.415	0.1125566
995	C	0.295	0.1172754
996	A	-0.168	0.1187919
997	G	0.118	0.1135867
998	C	0.103	0.1043886
999	T	0.353	0.09617316
1000	C	0.332	0.1096236
1001	T	0.181	0.1195113
1002	G	0.108	0.1227444
1003	C	0.438	0.1291477
1004	C	0.428	0.1409654
1005	C	0.322	0.1414964
1006	C	0.482	0.1388907
1007	T	0.315	0.1368401
1008	T	-0.144	0.1382318
1009	A	-0.158	0.1288092
1010	C	-0.128	0.1356063
1011	T	0.290	0.1223981
1012	A	0.083	0.1300875
1013	C	0.296	0.1419698
1014	C	0.386	0.1383804
1015	T	0.482	0.1446358
1016	G	0.307	0.1580724
1017	T	0.085	0.1674299
1018	G	-0.096	0.1725577
1019	T	-0.159	0.1645669
1020	G	-0.177	0.1678011
1021	A	-0.219	0.170785
1022	T	-0.156	0.1679962
1023	G	-0.071	0.1586139
1024	T	-0.028	0.1584813
1025	C	0.414	0.1498901
1026	G	0.347	0.1462551
1027	G	0.184	0.1519936
1028	G	0.354	0.1543762
1029	C	0.474	0.146024
1030	A	0.199	0.1311253
1031	A	0.272	0.1229914
1032	C	0.286	0.1112785
1033	A	0.227	0.1064809
1034	T	-0.339	0.1055333
1035	T	0.209	0.1041186
1036	A	-0.172	0.08837237
1037	C	0.264	0.0770976
1038	T	0.438	0.06159092
1039	G	0.077	0.04547294
1040	A	0.077	0.02541326
1041	G	0.330	0.01991926
1042	T	0.486	0.02358814
1043	G	0.173	0.01895281
1044	T	0.016	0.01918139
1045	C	0.456	0.01973799
1046	A	-0.019	0.01778701
1047	G	-0.020	0.01640587
1048	A	-0.365	0.009032322
1049	T	0.347	0.000494116
1050	T	-0.097	-0.0170479
1051	T	0	-0.03202944
 1052	C	0.395	-0.04573194
1053	T	0.557	-0.05732758
1054	T	0.010	-0.06021592
1055	A	-0.422	-0.06785394
1056	T	0.075	-0.07915444
1057	T	-0.270	-0.09087312
1058	T	-0.384	-0.1015246
1059	G	-0.206	-0.09324473
1060	T	-0.199	-0.1002839
1061	A	-0.496	-0.09477329
1062	A	-0.480	-0.09374015
1063	A	-0.478	-0.09440573
1064	A	-0.418	-0.09976841
1065	A	-0.520	-0.1013139
1066	A	0.033	-0.1006388
1067	C	0.269	-0.1066943
1068	A	-0.328	-0.1156723
1069	G	-0.148	-0.1226541
1070	A	-0.149	-0.1411488
1071	G	-0.316	-0.1486087
1072	A	-0.225	-0.1564871
1073	T	-0.440	-0.1585365
1074	A	-0.455	-0.1742318
1075	A	-0.463	-0.1812309
1076	A	-0.401	-0.1893857
1077	A	-0.500	-0.2047771
1078	A	-0.224	-0.2222658
1079	T	0.330	-0.228452
1080	G	-0.182	-0.2257046
1081	A	-0.293	-0.2353895
1082	G	-0.299	-0.2397219
1083	A	-0.304	-0.2357575
1084	T	0.074	-0.223972
1085	T	-0.142	-0.2109825
1086	G	0.102	-0.1915917
1087	T	0.316	-0.1761193
1088	T	0.405	-0.1624524
1089	G	-0.190	-0.1576815
1090	T	0	-0.1523532
 1091	G	0.363	-0.1559166
1092	C	0.183	-0.1636843
1093	A	-0.275	-0.1564211
1094	A	-0.332	-0.161949
1095	A	-0.468	-0.1643152
1096	T	-0.392	-0.1652553
1097	T	-0.414	-0.1545588
1098	A	-0.467	-0.1525425
1099	A	-0.437	-0.1474391
1100	A	-0.447	-0.1476939
1101	A	-0.407	-0.1333956
1102	T	-0.374	-0.1149628
1103	A	-0.316	-0.1064364
1104	A	-0.298	-0.114775
1105	A	-0.285	-0.1082131
1106	G	-0.408	-0.09409328
1107	A	-0.486	-0.07976824
1108	A	-0.186	-0.06787426
1109	T	0.383	-0.05976217
1110	C	0.450	-0.04963005
1111	C	0.472	-0.05458211
1112	A	0.293	-0.07088371
1113	T	0.204	-0.08559177
1114	G	-0.180	-0.08951813
1115	T	-0.254	-0.09427401
1116	G	-0.145	-0.1047948
1117	A	-0.119	-0.1019141
1118	A	0.034	-0.1056079
1119	A	-0.424	-0.1042114
1120	T	-0.267	-0.1001097
1121	A	-0.363	-0.090805
1122	T	0.309	-0.08283746
1123	T	-0.339	-0.06353084
1124	T	-0.200	-0.04748414
1125	A	-0.475	-0.04586152
1126	G	0.313	-0.04812978
1127	C	0.420	-0.051129
1128	A	0.201	-0.05067002
1129	C	-0.086	-0.05269528
1130	A	0.145	-0.04585555
1131	C	0.412	-0.03123855
1132	T	0.416	-0.01749485
1133	G	0.289	-0.01022395
1134	G	0.480	-0.01766875
1135	C	0.363	-0.01729577
1136	A	-0.144	-0.03241593
1137	T	-0.499	-0.04770189
1138	A	-0.329	-0.04306757
1139	C	-0.386	-0.03167489
1140	A	-0.237	-0.02522091
1141	A	-0.162	-0.01289315
1142	C	0.327	-0.001863812
1143	G	-0.459	0.001434748
1144	A	-0.262	0.003951348
1145	G	-0.262	0.000204228
1146	A	0.073	-0.001145312
1147	G	-0.016	-0.01519435
1148	C	0.497	-0.01241977
1149	T	0.364	-0.005568252
1150	T	-0.366	0.01323245
1151	A	-0.521	0.001703148
1152	A	-0.524	-0.009279472
1153	C	-0.293	-0.02245675
1154	A	-0.399	-0.01222146
1155	A	0.056	-0.01549006
1156	A	0.322	-0.02764034
1157	C	0.200	-0.03474968
1158	A	0.176	-0.04088842
1159	T	0.010	-0.05957154
1160	T	0.469	-0.07649034
1161	G	-0.283	-0.08202448
1162	T	-0.470	-0.08065088
1163	T	0.436	-0.08391136
1164	A	0.389	-0.0836265
1165	G	0.068	-0.08198884
1166	T	0.471	-0.07566628
1167	T	0.432	-0.07503242
1168	T	0.199	-0.05695194
1169	T	-0.298	-0.05063358
1170	G	-0.455	-0.03856402
1171	T	-0.431	-0.04189248
1172	A	-0.392	-0.03840113
1173	A	-0.200	-0.04397157
1174	A	0.142	-0.04519461
1175	C	0.464	-0.03446451
1176	T	-0.262	-0.01691517
1177	G	-0.128	-0.000629554
1178	A	-0.457	0.008061846
1179	G	0.424	0.01273729
1180	G	-0.017	0.001586768
1181	G	-0.194	0.001547828
1182	G	0.060	0.003666588
1183	A	-0.016	-0.008741712
1184	A	-0.453	-0.01850771
1185	A	-0.482	-0.03572139
1186	A	-0.421	-0.03980073
1187	A	-0.430	-0.03895427
1188	A	-0.492	-0.05107765
1189	T	-0.372	-0.06233809
1190	A	-0.155	-0.06034403
1191	G	0.153	-0.06783932
1192	C	0.359	-0.06844726
1193	C	0.444	-0.07544198
1194	A	0.053	-0.07715886
1195	C	0.340	-0.06707136
1196	A	-0.093	-0.06859734
1197	G	0.158	-0.07060544
1198	G	0.218	-0.06500683
1199	C	0.303	-0.06147355
1200	C	0.170	-0.06173491
1201	T	0.356	-0.05212559
1202	G	0.289	-0.04989123
1203	G	0.140	-0.03156105
1204	G	-0.165	-0.04293257
1205	A	-0.500	-0.0401362
1206	A	0.320	-0.04009346
1207	C	0.306	-0.03769737
1208	A	-0.443	-0.04022006
1209	T	-0.477	-0.02254194
1210	A	-0.391	-0.003906124
1211	A	-0.487	0.005696648
1212	A	-0.428	0.02318063
1213	T	-0.169	0.03076365
1214	G	-0.173	0.04130207
1215	C	0.168	0.04056427
1216	T	0.096	0.03264637
1217	T	0.401	0.02653518
1218	G	-0.149	0.02471438
1219	G	-0.384	0.03152123
1220	T	0.049	0.02636865
1221	A	-0.507	0.02444506
1222	A	-0.493	0.01660942
1223	G	0.079	0.01719624
1224	C	0.318	0.007478416
1225	T	0.451	-0.004809624
1226	T	0.217	-0.01155258
1227	C	-0.016	-0.02252668
1228	T	0.458	-0.0325913
1229	C	-0.143	-0.03213906
1230	A	0.122	-0.02255028
1231	G	-0.192	-0.03062574
1232	T	0.180	-0.02863566
1233	T	-0.143	-0.02477304
1234	C	0.430	-0.02069534
1235	T	0.449	-0.01469799
1236	C	0.058	-0.006571022
1237	T	0.443	-0.001680582
1238	G	-0.113	-0.000942182
1239	G	0.154	0.005508798
1240	A	-0.192	0.004856758
1241	A	-0.241	-0.004270388
1242	G	0.054	-0.01712291
1243	T	0.353	-0.01025965
1244	C	0.393	-0.006133688
1245	T	0.082	-0.01455063
1246	G	-0.189	-0.01007291
1247	A	-0.233	0.00203429
1248	C	0.248	0.008283266
1249	A	-0.182	0.01069625
1250	A	-0.444	0.003526136
1251	G	0.019	0.005931636
1252	C	-0.258	0.00432731
1253	A	-0.362	-0.00038173
1254	A	-0.143	0.00468781
1255	T	-0.021	0.00504905
1256	G	-0.083	-0.00155603
1257	C	0.405	-0.00284021
1258	G	-0.250	0.000370376
1259	T	-0.273	-0.002506384
1260	A	-0.091	-0.006170464
1261	T	-0.080	-0.007662688
1262	G	-0.183	-0.02274043
1263	T	-0.132	-0.02611323
1264	A	0.148	-0.02302923
1265	T	0.135	-0.01711207
1266	G	-0.359	-0.004682708
1267	A	-0.240	0.000447222
1268	A	0.193	-0.01020812
1269	C	-0.178	-0.0240844
1270	A	-0.371	-0.02326782
1271	A	-0.283	-0.01063926
1272	G	0.112	0.002759284
1273	G	0.391	0.006116784
1274	C	0.439	0.01198132
1275	A	0.092	0.02514344
1276	G	0.337	0.0336913
1277	G	-0.096	0.04436732
1278	A	0.223	0.04771198
1279	G	0.109	0.04243464
1280	G	0.140	0.03497786
1281	A	-0.522	0.02627468
1282	A	0.116	0.009364024
1283	G	0.017	0.008776544
1284	C	0.286	0.007611544
1285	A	0.266	-3.146e-06
1286	C	-0.015	-0.006746758
1287	G	-0.310	0.000330882
1288	A	-0.282	-0.000165838
1289	C	0.308	0.005732462
1290	G	0.103	0.01262234
1291	C	0.379	0.02575156
1292	C	0.310	0.0357552
1293	A	-0.179	0.02997599
1294	A	-0.300	0.02736881
1295	G	0.123	0.02618397
1296	C	0.441	0.02347217
1297	C	0.436	0.01500355
1298	T	0.416	0.008644832
1299	T	0.110	0.008715012
1300	C	0.213	0.004936608
1301	C	0.446	-0.007221972
1302	T	0.274	-0.01513325
1303	T	-0.195	-0.01526945
1304	T	-0.407	-0.01950121
1305	T	-0.394	-0.01538503
1306	A	-0.518	-0.003331778
1307	A	-0.439	-0.009367818
1308	C	-0.279	-0.01487436
1309	A	-0.331	-0.03103968
1310	A	-0.472	-0.03913686
1311	A	-0.418	-0.04349395
1312	T	0.170	-0.03483339
1313	A	-0.157	-0.02115199
1314	C	0.443	-0.03162183
1315	T	0.480	-0.03368297
1316	G	0.296	-0.04780689
1317	T	0.259	-0.05117157
1318	T	-0.095	-0.04048053
1319	T	-0.308	-0.02558537
1320	A	-0.431	-0.02104353
1321	A	-0.419	-0.02116655
1322	A	-0.311	-0.03269047
1323	T	0.073	-0.03438959
1324	C	0.442	-0.04409471
1325	A	-0.096	-0.05621445
1326	G	-0.270	-0.05922355
1327	A	-0.492	-0.07141035
1328	G	0.216	-0.06431567
1329	G	-0.101	-0.05196067
1330	T	0.346	-0.03596521
1331	C	0.080	-0.01728971
1332	A	-0.185	-0.005356352
1333	G	-0.257	0.006693228
1334	A	-0.521	0.02155037
1335	A	-0.138	0.03905749
1336	G	-0.233	0.05609109
1337	T	0.122	0.06093541
1338	C	0.401	0.07266787
1339	A	-0.215	0.07167157
1340	T	0	0.07045497
 1341	G	-0.326	0.06708159
1342	G	0.142	0.07085233
1343	A	0.354	0.0802493
1344	C	0.444	0.07855656
1345	T	0.350	0.08085302
1346	G	0.435	0.08924072
1347	G	-0.139	0.0986157
1348	A	0.331	0.09925686
1349	G	-0.374	0.095579
1350	A	-0.392	0.1020319
1351	T	0.296	0.1154378
1352	T	-0.334	0.133166
1353	C	0.159	0.1379107
1354	A	0.210	0.1399475
1355	C	0.405	0.1295734
1356	T	0.415	0.1224019
1357	C	0.157	0.1193164
1358	T	0.322	0.1141174
1359	C	0.411	0.1225879
1360	T	0.402	0.1296256
1361	C	0.433	0.1430393
1362	C	0.412	0.1492277
1363	C	0.429	0.1496599
1364	C	0.393	0.1576012
1365	A	0.419	0.1632674
1366	C	0.127	0.1698014
1367	T	0.447	0.1604026
1368	C	0.374	0.1457847
1369	A	-0.393	0.1335384
1370	T	-0.316	0.1339655
1371	T	0	0.1323897
 1372	T	0.157	0.1434795
1373	C	0.105	0.1459322
1374	T	0.259	0.1579809
1375	G	0.226	0.1654123
1376	C	0.400	0.1488959
1377	C	0.394	0.1645283
1378	C	0.453	0.1616532
1379	A	0	0.1593565
 1380	G	-0.172	0.1606609
1381	A	-0.278	0.1595864
1382	G	-0.339	0.1573456
1383	A	-0.517	0.1481481
1384	C	-0.098	0.1408653
1385	A	0.213	0.1321079
1386	C	0.436	0.125969
1387	C	0.432	0.1098759
1388	T	0.423	0.0948088
1389	G	0.181	0.07905848
1390	G	0.283	0.06076972
1391	T	0	0.0643195
 1392	G	-0.327	0.06517552
1393	A	-0.375	0.06460592
1394	T	-0.167	0.08094102
1395	C	0.372	0.09310088
1396	T	0.357	0.09538232
1397	G	0.414	0.09107702
1398	G	0.453	0.08368368
1399	C	0.228	0.07955644
1400	A	-0.020	0.06826764
1401	T	-0.529	0.05372258
1402	A	0.447	0.03856766
1403	C	0.015	0.03382244
1404	A	0.095	0.03895036
1405	C	0.470	0.0380178
1406	A	0.361	0.05202632
1407	G	0.045	0.06545224
1408	T	-0.137	0.08544712
1409	G	0.046	0.09057935
1410	C	-0.034	0.09284329
1411	T	0.126	0.09406479
1412	A	-0.392	0.09608535
1413	T	-0.324	0.09832571
1414	G	-0.393	0.08807757
1415	A	-0.495	0.07722353
1416	A	0.305	0.06747889
1417	C	0.490	0.07426574
1418	C	0.345	0.07388086
1419	T	0.423	0.07696558
1420	C	0.291	0.06036418
1421	A	0.114	0.05809168
1422	G	-0.057	0.05485018
1423	A	-0.263	0.0487166
1424	A	0.052	0.0469981
1425	T	-0.338	0.053361
1426	T	-0.326	0.06395518
1427	A	-0.363	0.0496852
1428	T	0.216	0.05522172
1429	T	0.256	0.04741417
1430	T	-0.219	0.03844369
1431	G	0.421	0.03504937
1432	C	0.331	0.04086025
1433	T	0.481	0.05265715
1434	A	0.158	0.06031717
1435	G	0.326	0.07134908
1436	C	0.497	0.07257706
1437	A	0.533	0.08240478
1438	T	0.535	0.08097808
1439	T	-0.330	0.08375892
1440	T	-0.259	0.09189677
1441	A	-0.487	0.07724763
1442	C	0.011	0.06054533
1443	A	-0.395	0.04837985
1444	A	-0.013	0.04329503
1445	A	-0.457	0.04486791
1446	T	0.243	0.03880923
1447	T	0.252	0.04783715
1448	G	0.147	0.05672181
1449	T	0.142	0.0545662
1450	G	0.297	0.06299082
1451	A	0	0.06795139
 1452	G	-0.266	0.07250057
1453	T	0.292	0.06156397
1454	A	-0.294	0.06141439
1455	T	0.022	0.06536414
1456	T	0.191	0.05455852
1457	C	0.335	0.03962156
1458	C	0.452	0.0250107
1459	C	0.429	0.01348124
1460	A	0.516	0.00139598
1461	C	0.188	-0.01915716
1462	A	0.098	-0.02844296
1463	T	-0.395	-0.0384306
1464	A	-0.254	-0.02293834
1465	C	-0.088	-0.008950842
1466	A	-0.427	0.007282358
1467	A	-0.344	0.01524224
1468	A	-0.262	0.0317095
1469	C	0.169	0.04169646
1470	T	0.370	0.05231888
1471	A	-0.188	0.04698095
1472	T	0.393	0.04466387
1473	G	0.180	0.03286453
1474	G	-0.055	0.02102909
1475	T	0.083	0.006635528
1476	A	-0.078	-0.003467492
1477	G	-0.136	-0.001219072
1478	A	-0.330	-0.01089797
1479	T	0.248	-0.000881912
1480	G	-0.021	0.005476784
1481	G	-0.118	0.01034274
1482	A	-0.415	0.0116063
1483	A	-0.248	0.007438504
1484	T	-0.418	0.007480544
1485	A	-0.277	-0.00400498
1486	A	-0.529	-0.00205046
1487	T	0.069	0.005191338
1488	G	0.036	0.02301244
1489	C	0.444	0.02324484
1490	C	0.439	0.01546755
1491	T	0.324	0.01841819
1492	C	0.409	0.02328857
1493	G	0.428	0.03684869
1494	C	0.485	0.04198543
1495	C	0.073	0.04056869
1496	A	-0.023	0.04662269
1497	C	0.136	0.04060758
1498	A	-0.442	0.03132476
1499	A	-0.449	0.03070384
1500	A	-0.422	0.03665504
1501	A	-0.505	0.04788597
1502	A	-0.153	0.05490871
1503	T	-0.191	0.06079513
1504	G	0.206	0.05779873
1505	T	0.340	0.05309999
1506	C	0.435	0.05627987
1507	C	0.398	0.05926087
1508	A	0.244	0.07341523
1509	C	0.431	0.08443283
1510	A	-0.057	0.08556203
1511	G	0.285	0.08636279
1512	C	0.461	0.07764205
1513	C	0.495	0.07738443
1514	T	-0.243	0.06850147
1515	A	-0.477	0.06113634
1516	A	-0.279	0.05956276
1517	T	-0.100	0.0607086
1518	C	0.415	0.05103255
1519	C	0.425	0.03271449
1520	C	0.299	0.02919798
1521	T	0.113	0.03908863
1522	G	0.092	0.03327253
1523	G	-0.283	0.04949271
1524	A	-0.086	0.06240981
1525	A	0.380	0.06971402
1526	C	0.482	0.08620454
1527	C	0.214	0.08847137
1528	T	-0.035	0.08191207
1529	A	0.099	0.08575089
1530	G	-0.256	0.07631477
1531	G	0.040	0.05941401
1532	A	-0.266	0.04353381
1533	G	0.459	0.03391251
1534	T	0.132	0.03561851
1535	A	-0.221	0.04175414
1536	T	-0.489	0.04478296
1537	G	-0.366	0.03460504
1538	T	0.023	0.02052802
1539	T	0	0.03340076
 1540	A	0.071	0.0473853
1541	C	0.245	0.06044588
1542	T	0.466	0.07160578
1543	T	-0.055	0.07244198
1544	T	-0.430	0.06462321
1545	A	-0.102	0.05585773
1546	C	0.471	0.05086933
1547	A	-0.153	0.04629932
1548	T	0.368	0.05666638
1549	G	0.196	0.05911951
1550	G	-0.056	0.04710721
1551	C	0.319	0.03617615
1552	A	-0.040	0.03671847
1553	A	-0.519	0.03534191
1554	A	0.398	0.02448805
1555	G	-0.131	0.03166259
1556	G	-0.409	0.02640992
1557	A	-0.395	0.0239572
1558	A	-0.236	0.007189082
1559	T	0.517	-0.003635338
1560	G	0.249	-0.004416178
1561	T	0.437	0.006177798
1562	T	-0.047	0.01511863
1563	G	-0.208	0.01612104
1564	T	0.400	0.02037546
1565	A	0.222	0.02486171
1566	G	0.373	0.02696143
1567	C	0.457	0.01047639
1568	T	0.457	0.010458
1569	G	0.035	0.02843272
1570	T	-0.138	0.03634514
1571	G	-0.135	0.0336768
1572	A	-0.135	0.04527256
1573	T	0.234	0.03714603
1574	T	0.036	0.03591531
1575	G	-0.219	0.02645228
1576	G	-0.063	0.01235372
1577	A	0.242	0.01598923
1578	G	-0.104	0.03347015
1579	A	-0.443	0.03242449
1580	T	0.102	0.03963677
1581	T	-0.222	0.05711143
1582	G	-0.388	0.06501643
1583	A	-0.379	0.07123626
1584	G	-0.408	0.06265101
1585	A	-0.260	0.05249567
1586	T	0.040	0.04597253
1587	A	0.080	0.04610407
1588	G	0.073	0.04511517
1589	G	0.212	0.04419181
1590	G	0.296	0.04621961
1591	A	0.350	0.04558871
1592	G	-0.357	0.04752313
1593	A	-0.056	0.04073809
1594	G	0.468	0.0352228
1595	T	0.293	0.02851208
1596	G	0.337	0.0249246
1597	T	0.425	0.02080484
1598	A	-0.038	0.01694536
1599	T	0.134	0.007972824
1600	T	-0.529	0.003798944
1601	A	-0.385	-0.003811244
1602	G	0.141	-0.01651658
1603	T	0.354	-0.02515334
1604	C	0.345	-0.01787299
1605	C	0.228	-0.01094307
1606	T	0.463	0.002253514
1607	T	0	0.01649879
 1608	G	0.074	0.02594395
1609	T	0.088	0.03493383
1610	C	-0.258	0.04243281
1611	A	0.111	0.04318934
1612	T	-0.041	0.05032599
1613	G	-0.257	0.0566969
1614	C	0.354	0.06075302
1615	A	0.323	0.06262204
1616	G	0.342	0.0614092
1617	C	0.553	0.07468722
1618	T	0.117	0.07115426
1619	A	-0.240	0.05233308
1620	T	-0.474	0.04880348
1621	G	-0.314	0.03711078
1622	A	-0.341	0.01962558
1623	A	0.041	0.01485155
1624	G	-0.412	0.00936407
1625	A	-0.428	0.01195815
1626	A	-0.444	0.01017627
1627	A	-0.393	-0.00061557
1628	T	-0.536	-0.01542589
1629	A	-0.079	-0.03049935
1630	C	0.448	-0.04517529
1631	C	0.437	-0.06303221
1632	T	0.323	-0.06696397
1633	G	0.092	-0.07218202
1634	A	0.040	-0.07394209
1635	G	0.114	-0.06322825
1636	A	0.077	-0.05710247
1637	C	0.436	-0.05577044
1638	T	0.391	-0.0516591
1639	G	0.415	-0.06608222
1640	G	0.389	-0.07682058
1641	G	0.290	-0.08747264
1642	T	0.306	-0.09303654
1643	A	-0.233	-0.08623184
1644	A	-0.472	-0.08360996
1645	T	0.116	-0.07946754
1646	T	-0.246	-0.07266281
1647	T	-0.448	-0.06920435
1648	A	-0.276	-0.07969485
1649	C	-0.139	-0.08074859
1650	A	-0.400	-0.08000281
1651	A	-0.474	-0.07311589
1652	A	-0.398	-0.06991599
1653	G	-0.385	-0.05018125
1654	A	-0.407	-0.05020586
1655	A	-0.504	-0.0516285
1656	A	-0.429	-0.05191146
1657	A	-0.196	-0.05282726
1658	G	-0.186	-0.05640563
1659	A	0	-0.06321543
 1660	G	0.277	-0.06629058
1661	G	0.417	-0.06974625
1662	T	0.025	-0.07424063
1663	T	-0.052	-0.07498249
1664	T	-0.366	-0.07881921
1665	A	-0.213	-0.09004263
1666	A	-0.190	-0.1004921
1667	T	0.275	-0.1094245
1668	T	0.458	-0.09674339
1669	T	-0.109	-0.08376733
1670	G	-0.267	-0.08148819
1671	T	0.025	-0.08069567
1672	A	-0.168	-0.06629223
1673	A	-0.482	-0.05229669
1674	A	-0.464	-0.04137101
1675	T	-0.391	-0.02694773
1676	T	-0.100	-0.01277983
1677	A	-0.233	-0.00369476
1678	C	0.450	0.00783024
1679	A	-0.080	0.02411102
1680	G	0.377	0.04006486
1681	C	0.423	0.0486469
1682	T	0.277	0.05849498
1683	C	-0.085	0.0598292
1684	A	-0.299	0.06498194
1685	C	-0.038	0.06128236
1686	A	-0.094	0.06114242
1687	G	0.212	0.06881275
1688	C	0.354	0.07901857
1689	T	0.223	0.09476351
1690	G	-0.171	0.1012851
1691	A	-0.232	0.1031235
1692	G	-0.140	0.09896591
1693	C	0.400	0.08329491
1694	A	0.176	0.08385599
1695	C	0.230	0.08293249
1696	G	-0.207	0.07512427
1697	G	0.271	0.08075221
1698	C	0.422	0.08257591
1699	A	0.406	0.08349043
1700	G	0.320	0.09681763
1701	G	0.233	0.09732568
1702	T	0.055	0.09319184
1703	T	0.190	0.07645894
1704	G	0.406	0.07535483
1705	G	0.292	0.07706383
1706	G	0	0.07057122
 1707	G	0.295	0.06264894
1708	A	-0.119	0.06661964
1709	C	0.257	0.06828684
1710	A	0.092	0.07800771
1711	C	0.410	0.08476627
1712	C	0.408	0.08523137
1713	C	0.458	0.07538359
1714	T	0.420	0.07922633
1715	C	0.112	0.08765393
1716	A	-0.098	0.09099707
1717	G	0.067	0.09736365
1718	G	-0.325	0.09467897
1719	A	-0.081	0.1000868
1720	A	-0.313	0.1037839
1721	A	-0.365	0.1139329
1722	T	0.112	0.1187651
1723	T	-0.391	0.1148325
1724	T	-0.419	0.09788909
1725	A	0.275	0.08079347
1726	C	-0.074	0.06849665
1727	A	-0.439	0.07055554
1728	A	-0.386	0.05874136
1729	T	-0.136	0.05371632
1730	C	0.462	0.04655372
1731	A	0.099	0.05012398
1732	T	-0.118	0.05200056
1733	G	0.112	0.06244862
1734	G	-0.216	0.05729588
1735	C	0.447	0.06048112
1736	A	0.243	0.05609128
1737	G	0.235	0.0528057
1738	G	-0.137	0.04037592
1739	A	0.415	0.03847928
1740	G	0.249	0.02717864
1741	G	-0.065	0.03519181
1742	G	0.178	0.03833527
1743	A	0.266	0.03954073
1744	C	0.446	0.03342035
1745	C	0.415	0.03086499
1746	T	0.300	0.03180569
1747	C	0.513	0.01969527
1748	T	0.226	0.01717741
1749	T	-0.440	0.01481387
1750	C	-0.533	0.00341451
1751	A	-0.381	-0.002183
1752	C	0.158	0.01516804
1753	A	-0.400	0.02983306
1754	G	0.154	0.04132838
1755	G	-0.065	0.03856146
1756	G	0.178	0.04458278
1757	T	0.389	0.04606971
1758	G	0.402	0.04678125
1759	G	0	0.04465093
 1760	C	0.251	0.02487337
1761	A	0.190	0.01176999
1762	G	0.244	0.01150205
1763	G	-0.163	0.02286797
1764	A	0.325	0.02356507
1765	G	-0.452	0.02732679
1766	A	0.301	0.03011401
1767	G	0.224	0.01770177
1768	A	-0.265	0.001731568
1769	G	-0.387	-0.01328729
1770	A	-0.441	-0.01897219
1771	A	-0.318	-0.01694517
1772	T	-0.492	-0.01994173
1773	A	-0.517	-0.01493313
1774	A	-0.537	-0.006121852
1775	G	-0.294	-0.000875772
1776	A	-0.354	-0.002572132
1777	G	0.427	-0.01491423
1778	C	0.346	-0.01789045
1779	C	0.438	-0.02989087
1780	C	0.324	-0.03116963
1781	A	0.400	-0.04124959
1782	G	-0.043	-0.05327461
1783	C	0.148	-0.06864157
1784	G	-0.322	-0.06631375
1785	A	-0.541	-0.06650929
1786	A	-0.412	-0.06243145
1787	G	0.222	-0.07175783
1788	G	0.430	-0.07640265
1789	G	0.450	-0.08268736
1790	G	0.437	-0.06598186
1791	G	0.074	-0.06465066
1792	A	-0.442	-0.06463474
1793	A	-0.531	-0.05026334
1794	A	-0.304	-0.04418937
1795	C	0.131	-0.03920463
1796	C	0.401	-0.03828131
1797	C	0.363	-0.03665439
1798	C	0.476	-0.03419473
1799	T	0	-0.02727323
 1800	T	-0.271	-0.02508969
1801	A	-0.465	-0.00944281
1802	T	-0.458	-0.01820535
1803	A	-0.549	-0.01715151
1804	A	-0.445	-0.01656477
1805	A	-0.129	-0.01397085
1806	A	-0.325	-0.02884057
1807	C	-0.211	-0.03255975
1808	T	-0.365	-0.03576409
1809	A	0.116	-0.02179969
1810	T	0.241	-0.01045445
1811	C	0.394	0.00679457
1812	A	-0.221	-0.00242427
1813	G	-0.395	-0.02053593
1814	A	0.011	-0.03730539
1815	T	0.382	-0.05016173
1816	C	0.368	-0.04954163
1817	T	0.225	-0.04500575
1818	C	0.453	-0.03929821
1819	A	-0.083	-0.03687073
1820	T	-0.191	-0.04080696
1821	G	-0.271	-0.05831318
1822	A	-0.411	-0.06292962
1823	T	-0.394	-0.07154647
1824	A	-0.191	-0.06445973
1825	A	-0.185	-0.05261929
1826	C	0.427	-0.03588999
1827	T	-0.010	-0.02642019
1828	C	0.399	-0.00931325
1829	A	0.468	-0.00882935
1830	C	0.454	-0.01020469
1831	T	-0.343	-0.00847013
1832	A	-0.229	-0.002678644
1833	T	-0.012	0.007909176
1834	C	0.375	0.01139716
1835	A	0.025	0.0149932
1836	T	0.450	0.01581946
1837	G	-0.238	0.02971182
1838	A	-0.474	0.04431372
1839	G	-0.387	0.0469982
1840	A	-0.205	0.03767355
1841	A	0.105	0.02341921
1842	C	-0.215	0.01691331
1843	A	-0.246	0.01195163
1844	A	-0.182	0.01663418
1845	C	-0.065	0.02519038
1846	A	-0.473	0.02882239
1847	T	0.132	0.03930097
1848	G	0.045	0.04171357
1849	G	0.354	0.04815291
1850	G	0.320	0.06104817
1851	G	0.370	0.05858387
1852	G	0.015	0.06761845
1853	A	0.306	0.06375015
1854	A	-0.420	0.06275333
1855	A	-0.197	0.05410511
1856	C	-0.238	0.06309105
1857	T	0.077	0.07403881
1858	G	0.163	0.08020883
1859	C	0.290	0.07910397
1860	C	0.421	0.08337627
1861	C	0.436	0.08072345
1862	C	0.472	0.09348069
1863	C	0.334	0.1112032
1864	A	0.145	0.1249072
1865	T	-0.083	0.1357613
1866	G	-0.344	0.1429611
1867	A	-0.099	0.1557026
1868	T	0.205	0.1642142
1869	C	0.150	0.1730226
1870	C	0.236	0.1828202
1871	A	-0.090	0.1969546
1872	T	0.112	0.2022469
1873	C	-0.273	0.1995202
1874	A	0.130	0.1887541
1875	C	0.459	0.1785166
1876	C	0.304	0.1667448
1877	T	0.441	0.1611054
1878	C	0.206	0.1491233
1879	C	0.418	0.1552287
1880	A	0.021	0.1543796
1881	C	0.105	0.1485299
1882	C	0.317	0.1498001
1883	T	0.296	0.1452112
1884	G	0.320	0.1447912
1885	G	0.239	0.1416762
1886	T	0.317	0.1245965
1887	C	0.399	0.1070645
1888	C	0.411	0.1031606
1889	C	0.297	0.09712727
1890	G	0.337	0.08944457
1891	C	0.465	0.09361393
1892	C	0.421	0.0856957
1893	T	0.179	0.07711956
1894	T	0.257	0.08029424
1895	G	0.424	0.0674418
1896	G	0.232	0.06581971
1897	T	0.397	0.06023035
1898	T	-0.090	0.06485181
1899	A	-0.183	0.07149181
1900	C	-0.191	0.06104883
1901	A	-0.218	0.04743381
1902	A	-0.266	0.03533309
1903	T	-0.292	0.03222775
1904	T	-0.115	0.03286813
1905	C	-0.240	0.02780199
1906	A	-0.531	0.01924231
1907	A	0.141	0.00355755
1908	G	-0.065	-0.003634568
1909	G	0.269	-0.004638688
1910	G	0.265	-0.004457128
1911	G	-0.417	-0.009440166
1912	A	-0.403	-0.01838823
1913	T	0.139	-0.02335995
1914	T	-0.155	-0.02514633
1915	G	-0.467	-0.02583731
1916	T	-0.135	-0.02762463
1917	A	-0.495	-0.03120383
1918	A	-0.223	-0.02728721
1919	C	0.308	-0.03243657
1920	A	-0.406	-0.04274372
1921	A	-0.171	-0.04589496
1922	T	-0.166	-0.05150704
1923	T	-0.042	-0.04557866
1924	C	0.462	-0.04974284
1925	A	-0.063	-0.05367124
1926	A	-0.376	-0.05011786
1927	G	-0.163	-0.03672792
1928	A	0.050	-0.0247705
1929	T	0.450	-0.01432804
1930	G	-0.231	-0.01316768
1931	A	-0.322	-0.0122635
1932	G	-0.466	-0.01571452
1933	A	-0.063	-0.007374778
1934	T	0.270	-0.01163357
1935	C	0.248	-0.01843209
1936	T	0.068	-0.01756271
1937	G	-0.048	-0.01255375
1938	G	0.162	-0.01919765
1939	G	0.208	-0.00765565
1940	T	0.303	-0.00602021
1941	G	0.375	0.00065549
1942	G	0.242	0.01716775
1943	G	0.374	0.02555013
1944	G	0	0.01754128
 1945	A	-0.091	0.0206547
1946	C	0.075	0.02477964
1947	A	0.116	0.0306124
1948	C	0.205	0.03845778
1949	A	-0.392	0.0327707
1950	G	-0.387	0.04134582
1951	A	-0.040	0.0579955
1952	G	0.402	0.06758006
1953	C	0.304	0.06935022
1954	C	0.406	0.06519008
1955	A	-0.182	0.07166626
1956	A	-0.486	0.0783336
1957	A	-0.031	0.09078996
1958	C	0.351	0.08817932
1959	C	0.056	0.08582272
1960	A	-0.074	0.08752404
1961	T	-0.374	0.08986828
1962	A	-0.153	0.08129109
1963	T	-0.192	0.07721269
1964	C	0.421	0.07638579
1965	A	-0.385	0.07032333
1966	G	0.198	0.0646537
1967	A	0.330	0.06003962
1968	G	0.195	0.06151366
1969	A	-0.091	0.06400338
1970	G	-0.250	0.07304143
1971	T	0.034	0.07717117
1972	C	0.124	0.07725373
1973	T	0.349	0.07430125
1974	T	0.178	0.09010625
1975	C	0.365	0.1040977
1976	C	0.456	0.1073464
1977	T	0.315	0.09929001
1978	G	0.139	0.09941687
1979	C	0.242	0.08848953
1980	A	0.092	0.08963427
1981	C	0.011	0.09268063
1982	T	0.156	0.08941051
1983	G	-0.193	0.08343917
1984	T	0.152	0.07863006
1985	C	0.333	0.07882473
1986	C	0.185	0.08867799
1987	G	-0.477	0.1011938
1988	G	-0.041	0.11505
1989	G	0.166	0.1080271
1990	T	0	0.1073488
 1991	G	0.092	0.09372244
1992	G	0.011	0.09063638
1993	G	0.448	0.0780403
1994	T	0.124	0.08416048
1995	G	0.360	0.07899538
1996	C	0.281	0.08088681
1997	A	0.120	0.08381913
1998	G	0.058	0.08330045
1999	C	0.398	0.07692655
2000	G	0.311	0.06020955
2001	T	0.122	0.04747857
2002	G	0	0.0391871
 2003	T	0.311	0.04650366
2004	T	-0.139	0.03744002
2005	C	-0.125	0.03052601
2006	A	-0.333	0.0273588
2007	T	-0.194	0.01809984
2008	A	0.052	0.02288393
2009	G	-0.183	0.02771427
2010	G	-0.064	0.01882329
2011	G	0.118	0.005927908
2012	T	0.472	0.009324128
2013	C	0.499	0.01286241
2014	T	0.070	0.01399301
2015	T	-0.419	0.01399301
2016	A	-0.483	0.005489238
2017	G	0.175	0.005623866
2018	A	-0.434	0.000189306
2019	G	0.214	-0.001182242
2020	G	-0.509	-0.01674758
2021	A	0.129	-0.03071212
2022	G	0.271	-0.04402484
2023	G	0.323	-0.0537605
2024	G	-0.140	-0.06621928
2025	A	-0.470	-0.06418912
2026	A	-0.180	-0.05810386
2027	G	-0.099	-0.04994302
2028	C	0.505	-0.05486941
2029	A	-0.210	-0.05297067
2030	A	-0.253	-0.05448223
2031	G	-0.147	-0.03917489
2032	A	-0.306	-0.03257125
2033	G	0.045	-0.03269396
2034	G	0.393	-0.0206378
2035	T	-0.111	-0.01067067
2036	G	-0.459	-0.01526271
2037	A	-0.307	-0.01748589
2038	G	0.135	-0.01727477
2039	A	0.223	-0.01332632
2040	G	0	-0.008107602
 2041	G	-0.332	-0.007468882
2042	A	0.018	-0.0218737
2043	C	0.176	-0.0217388
2044	A	0.055	-0.0212084
2045	G	-0.417	-0.006817482
2046	A	-0.416	-0.006577862
2047	A	-0.544	-0.01133359
2048	A	-0.428	-0.01840478
2049	T	-0.224	-0.02385524
2050	G	0.413	-0.01378926
2051	C	0.426	-0.01184297
2052	C	0.408	-0.00451974
2053	A	0.064	-0.00932694
2054	C	-0.044	-0.00653019
2055	A	-0.200	-0.01136599
2056	C	0.431	-0.01925475
2057	T	0.135	-0.02051283
2058	G	0.046	-0.02586817
2059	C	0.419	-0.03069683
2060	T	0.433	-0.03064745
2061	G	-0.111	-0.01904451
2062	G	0.361	-0.007644974
2063	C	0.510	-0.003058174
2064	T	0.267	0.001117286
2065	T	-0.158	0.008547186
2066	T	-0.451	0.01318761
2067	G	-0.544	0.01863763
2068	A	-0.427	0.01401367
2069	G	0.241	0.02168177
2070	G	0.210	0.02652883
2071	G	0.141	0.04087111
2072	T	0.033	0.05596309
2073	G	-0.029	0.06565189
2074	G	-0.412	0.06225637
2075	A	0.033	0.05138355
2076	G	-0.082	0.04479131
2077	C	0.267	0.04121645
2078	C	0.264	0.0438684
2079	A	-0.071	0.05027496
2080	G	-0.495	0.04744294
2081	A	-0.541	0.04192848
2082	G	-0.369	0.04359552
2083	G	-0.222	0.04898786
2084	A	0.152	0.04455992
2085	G	-0.108	0.0274428
2086	G	0.121	0.02502978
2087	G	0.262	0.009344116
2088	G	0.364	-0.01020422
2089	C	0.432	-0.01646789
2090	C	0.371	-0.01755441
2091	T	-0.100	-0.01585689
2092	G	0.291	-0.01130937
2093	C	-0.054	-0.00911485
2094	A	0.439	-0.02471217
2095	G	-0.175	-0.03502579
2096	G	0.300	-0.04679477
2097	C	0.209	-0.05502166
2098	A	0.055	-0.05985954
2099	G	-0.394	-0.06214732
2100	A	-0.130	-0.06208892
2101	G	0.096	-0.05312863
2102	G	0.229	-0.05753757
2103	T	0.197	-0.06448733
2104	G	0.275	-0.05998648
2105	G	-0.342	-0.04205506
2106	A	0.155	-0.02228418
2107	G	0.218	-0.006588284
2108	C	0.315	0.007163976
2109	T	0.197	0.01372322
2110	G	-0.422	0.01463222
2111	G	-0.232	0.00285296
2112	A	-0.422	-0.01302406
2113	A	-0.466	-0.03094728
2114	A	-0.045	-0.03807942
2115	T	-0.212	-0.04062054
2116	G	-0.366	-0.0349115
2117	G	-0.317	-0.03414174
2118	A	-0.317	-0.02353279
2119	A	-0.538	-0.02593797
2120	A	-0.305	-0.01294125
2121	G	-0.447	-0.02837021
2122	G	-0.377	-0.04177595
2123	A	-0.271	-0.05199609
2124	A	-0.527	-0.04643577
2125	A	0.036	-0.04898197
2126	C	0.365	-0.06130077
2127	A	0.046	-0.07132655
2128	G	-0.082	-0.07866297
2129	T	0.153	-0.08494701
2130	C	0.401	-0.07406127
2131	T	0.447	-0.07008461
2132	C	0.414	-0.06785621
2133	C	0.465	-0.06728081
2134	C	0.480	-0.06284493
2135	T	-0.063	-0.04596983
2136	T	-0.467	-0.03132975
2137	A	-0.531	-0.022222
2138	G	-0.531	-0.01825568
2139	A	0.075	-0.01589723
2140	G	0.244	-0.01769801
2141	T	0.184	-0.01125864
2142	C	0.329	-0.005512502
2143	T	0.476	0.009419618
2144	C	0.319	0.0285019
2145	T	0.474	0.04318692
2146	A	-0.470	0.0591403
2147	G	-0.460	0.07152768
2148	A	-0.455	0.07173366
2149	A	-0.116	0.07448888
2150	G	-0.257	0.07082275
2151	A	-0.519	0.05720885
2152	A	-0.271	0.05066151
2153	G	-0.169	0.05669605
2154	T	-0.038	0.06328123
2155	G	0.201	0.06123975
2156	C	0.354	0.05281529
2157	A	0.330	0.04876739
2158	G	0.344	0.03111091
2159	C	0.419	0.01630061
2160	C	0.421	0.02059353
2161	C	0.499	0.03800715
2162	T	0.032	0.05754927
2163	A	-0.268	0.07710411
2164	C	0.072	0.08297389
2165	A	-0.302	0.08742255
2166	G	-0.044	0.08373105
2167	A	-0.029	0.06877747
2168	C	0.428	0.05572131
2169	C	0.415	0.04374369
2170	C	0.428	0.03662559
2171	G	0.350	0.04504492
2172	T	0.241	0.045563
2173	G	-0.261	0.04879646
2174	T	-0.389	0.04212956
2175	T	-0.147	0.03847974
2176	A	-0.315	0.03967536
2177	G	-0.280	0.03846548
2178	G	0.219	0.033831
2179	C	0.483	0.02629518
2180	T	0.299	0.01261508
2181	T	0.025	0.01443834
2182	C	0.212	-0.001195618
2183	A	-0.417	-0.01593846
2184	G	-0.260	-0.03205536
2185	A	0.151	-0.04736586
2186	C	0.402	-0.05451394
2187	C	0.445	-0.04656403
2188	T	0.446	-0.03563939
2189	C	0.368	-0.03969831
2190	C	0.466	-0.02552513
2191	A	0	-0.03259967
 2192	G	-0.418	-0.03931306
2193	A	-0.176	-0.05349426
2194	A	-0.279	-0.06319555
2195	T	0.118	-0.08046931
2196	T	-0.049	-0.09590089
2197	G	-0.434	-0.1096227
2198	T	-0.293	-0.1152193
2199	A	-0.449	-0.1159019
2200	A	-0.440	-0.1057514
2201	A	-0.459	-0.09239971
2202	A	-0.332	-0.07989717
2203	T	-0.400	-0.07792825
2204	A	-0.415	-0.08603808
2205	A	-0.482	-0.08363998
2206	T	0.445	-0.08201934
2207	A	-0.451	-0.08429591
2208	A	-0.392	-0.07299247
2209	A	-0.386	-0.06274571
2210	A	-0.343	-0.06173351
2211	T	0.142	-0.06106545
2212	T	0.429	-0.06323539
2213	G	0.277	-0.06558909
2214	C	-0.130	-0.0740648
2215	A	0.405	-0.07889558
2216	T	-0.398	-0.0750466
2217	T	-0.365	-0.05798786
2218	A	-0.280	-0.0458232
2219	T	-0.069	-0.03133328
2220	T	-0.434	-0.02788072
2221	T	-0.420	-0.01841111
2222	T	-0.444	-0.01039978
2223	A	-0.541	-0.0111584
2224	A	-0.423	-0.01147758
2225	G	0.360	-0.01104336
2226	C	0.351	-0.001613406
2227	C	0.344	5.474e-06
2228	A	0.317	0.001287514
2229	C	0.077	0.000923734
2230	T	0.419	0.004843934
2231	C	0.106	-0.009376886
2232	G	0.098	-0.01072625
2233	A	0.147	-0.009067926
2234	G	0.252	-0.01126257
2235	G	0.201	-0.01209455
2236	C	0.436	-0.01270947
2237	C	0.337	-0.02130833
2238	C	0.328	-0.02469105
2239	G	-0.054	-0.02341637
2240	T	0.225	-0.02742313
2241	G	0.192	-0.01129901
2242	T	0.434	-0.00865869
2243	C	0.431	0.00632451
2244	C	0.444	0.01173224
2245	T	0.291	0.02621294
2246	C	0.423	0.03908666
2247	A	-0.033	0.05776088
2248	A	-0.331	0.07243442
2249	C	-0.465	0.08427508
2250	A	-0.418	0.08003078
2251	T	0.012	0.0698081
2252	A	-0.251	0.06089606
2253	G	-0.336	0.06244886
2254	A	-0.433	0.06038664
2255	G	-0.286	0.05937734
2256	A	-0.265	0.0618343
2257	A	-0.518	0.06556333
2258	A	-0.309	0.06911849
2259	G	-0.495	0.06548662
2260	A	-0.385	0.05597416
2261	C	0.111	0.04201186
2262	A	0	0.03526544
 2263	G	0.108	0.0296803
2264	T	-0.067	0.03686556
2265	G	0.205	0.0397118
2266	G	0.408	0.04277824
2267	G	-0.233	0.03452311
2268	G	0.469	0.0254258
2269	T	0.200	0.02490406
2270	G	0.289	0.01633018
2271	C	0.222	0.002847778
2272	T	0.489	0.01026255
2273	G	0.192	0.02391237
2274	T	0.168	0.04041655
2275	C	0.148	0.05692107
2276	A	-0.159	0.05232974
2277	G	-0.101	0.05954684
2278	T	0.395	0.0685224
2279	C	-0.025	0.07966144
2280	A	0.368	0.08301038
2281	G	0.229	0.09334422
2282	G	0.285	0.1088001
2283	G	0.325	0.1225027
2284	T	0.070	0.1412306
2285	A	-0.273	0.1520314
2286	G	-0.261	0.1579875
2287	G	0	0.1618169
 2288	T	0.049	0.1638255
2289	A	0.304	0.1737834
2290	C	0.367	0.1756297
2291	C	0.345	0.174086
2292	T	0.022	0.1805088
2293	G	-0.023	0.1751528
2294	C	0.418	0.1785209
2295	T	-0.137	0.1736516
2296	T	-0.250	0.1734721
2297	G	0.336	0.1699714
2298	G	0.351	0.1696544
2299	T	0.359	0.1745129
2300	G	0.406	0.1692956
2301	G	-0.217	0.1805975
2302	T	0.109	0.1751822
2303	C	0.111	0.1666067
2304	T	0.123	0.1727321
2305	A	-0.118	0.1567994
2306	G	0.251	0.1439896
2307	G	0.254	0.1361251
2308	T	0.375	0.1308474
2309	C	0.440	0.1373364
2310	C	0.154	0.1475548
2311	T	0.409	0.1502414
2312	T	0.191	0.1594317
2313	T	0.208	0.152217
2314	C	0.430	0.1413035
2315	C	0.297	0.1381757
2316	C	0.330	0.139994
2317	A	0.087	0.146183
2318	C	0.201	0.151632
2319	T	0.369	0.1516864
2320	G	0.045	0.1638589
2321	C	0.213	0.1682309
2322	A	0.314	0.1581875
2323	T	0.176	0.1511635
2324	C	0.411	0.1528436
2325	C	-0.112	0.1530738
2326	A	0.405	0.1556733
2327	T	-0.372	0.1515719
2328	T	-0.033	0.1589412
2329	C	0.280	0.163769
2330	A	-0.427	0.1580704
2331	G	-0.410	0.1613544
2332	T	-0.108	0.1641879
2333	T	0.061	0.1618641
2334	C	0.394	0.1615015
2335	C	0.237	0.1673289
2336	G	-0.127	0.1527822
2337	T	0.459	0.1390003
2338	T	-0.311	0.13415
2339	A	-0.241	0.1202214
2340	C	0.211	0.1220192
2341	C	0.436	0.1168132
2342	T	0.331	0.1094829
2343	G	0.249	0.1112232
2344	C	0.421	0.1129564
2345	C	0.471	0.1171142
2346	C	-0.031	0.1179584
2347	A	-0.165	0.1184221
2348	T	0	0.1211091
 2349	C	0.443	0.1199276
2350	T	0.418	0.1215276
2351	G	-0.087	0.114935
2352	C	-0.095	0.1317317
2353	T	0.480	0.1374619
2354	G	0.364	0.1403466
2355	A	-0.403	0.147551
2356	G	0.415	0.1470366
2357	G	0.395	0.1406799
2358	C	0.259	0.1454377
2359	C	0.422	0.1383312
2360	T	0.445	0.1269619
2361	T	-0.317	0.1217867
2362	G	-0.497	0.1029781
2363	A	-0.033	0.1110974
2364	G	-0.265	0.1194984
2365	T	0.387	0.1222234
2366	T	0.070	0.1208665
2367	T	-0.278	0.1225802
2368	G	0.288	0.1203894
2369	G	0.455	0.1109916
2370	G	0.253	0.1094672
2371	A	0.255	0.1101045
2372	C	0.337	0.1138924
2373	C	0.310	0.1035773
2374	T	0.352	0.08425218
2375	C	-0.032	0.07730993
2376	A	0.076	0.08671471
2377	G	0.467	0.09230117
2378	G	0.252	0.08887453
2379	T	0.425	0.07970786
2380	T	-0.067	0.07769774
2381	T	-0.436	0.07225294
2382	A	-0.425	0.07484052
2383	T	0.299	0.06486438
2384	A	0.039	0.04935554
2385	T	-0.331	0.04203043
2386	G	-0.386	0.05455485
2387	A	-0.480	0.06238163
2388	T	0.094	0.05719712
2389	T	0.178	0.07169464
2390	C	0.347	0.06331853
2391	C	0.368	0.06860625
2392	T	0.417	0.08298813
2393	T	0.139	0.08082453
2394	G	-0.048	0.06931195
2395	C	0.395	0.06021103
2396	A	0	0.04818861
 2397	C	0.024	0.03651743
2398	A	-0.515	0.03698233
2399	A	-0.522	0.03470541
2400	G	0.071	0.02513746
2401	C	0.382	0.0218094
2402	A	0.183	0.02115936
2403	T	0.309	0.00968378
2404	G	-0.093	-0.00185056
2405	A	-0.504	-0.00873874
2406	T	0.143	0.000213284
2407	C	0.525	0.01310904
2408	G	-0.239	0.007120584
2409	A	-0.353	0.00023585
2410	T	0.079	-0.00138447
2411	T	0.308	-0.00156273
2412	G	-0.106	-0.00198751
2413	A	-0.292	-0.01145293
2414	T	0.459	-0.01131153
2415	T	-0.031	-0.01599787
2416	C	0.334	-0.01695495
2417	C	0.440	-0.02888753
2418	G	0.180	-0.03510233
2419	G	-0.119	-0.03087538
2420	A	-0.201	-0.04128896
2421	G	-0.345	-0.03683808
2422	A	-0.246	-0.030637
2423	G	0.334	-0.01388924
2424	T	0.238	-0.004360128
2425	G	-0.511	0.00232673
2426	A	-0.090	-0.006240116
2427	C	0.435	-0.01306402
2428	A	-0.320	-0.02856688
2429	G	-0.151	-0.03653167
2430	A	-0.412	-0.01735315
2431	G	0.011	-0.01186815
2432	C	0.218	-0.01562269
2433	A	0	-0.001742334
 2434	G	-0.304	0.01325605
2435	A	-0.412	0.01819154
2436	A	-0.395	0.005394496
2437	T	-0.502	0.01043302
2438	A	-0.378	0.02558458
2439	C	0.185	0.02617772
2440	C	0.113	0.03058837
2441	G	0.320	0.02084323
2442	A	-0.179	0.00264461
2443	T	-0.171	-0.00420271
2444	A	0.162	-0.00814839
2445	C	-0.125	-0.00888391
2446	G	0.222	-0.01125525
2447	C	0.334	-0.01115495
2448	A	0.321	-0.01877899
2449	G	-0.046	-0.02718923
2450	G	0.405	-0.01277787
2451	G	-0.045	-0.002915572
2452	G	-0.157	-0.01033879
2453	A	-0.466	-0.006732034
2454	A	-0.492	-0.008403794
2455	T	0.454	-0.005677374
2456	C	0.417	-0.0065639
2457	T	0.337	-0.01515686
2458	C	0.454	-0.01647483
2459	C	0.396	-0.00129403
2460	T	0.326	0.00695119
2461	A	-0.331	0.02299479
2462	G	0.145	0.04154099
2463	T	0.464	0.05157565
2464	G	0.488	0.04293053
2465	T	0.189	0.04066681
2466	G	-0.152	0.04248181
2467	A	-0.469	0.05440965
2468	A	-0.162	0.06635635
2469	T	-0.317	0.07378441
2470	T	-0.238	0.08371449
2471	G	-0.463	0.07406159
2472	T	-0.241	0.07090657
2473	A	-0.047	0.06781335
2474	G	-0.182	0.06415854
2475	T	0.209	0.06197394
2476	C	0.402	0.07230862
2477	T	0.064	0.08411632
2478	A	-0.140	0.09474824
2479	G	-0.235	0.09519156
2480	A	-0.275	0.09539124
2481	T	-0.033	0.08330922
2482	A	-0.210	0.08479176
2483	C	-0.065	0.08502584
2484	T	0.454	0.084569
2485	T	0	0.0780398
 2486	C	0.406	0.07805426
2487	C	0.425	0.07967464
2488	T	0.123	0.07894868
2489	G	-0.246	0.06537488
2490	T	0	0.06219973
 2491	T	0.411	0.06031941
2492	C	0.417	0.07196997
2493	C	0.426	0.06968227
2494	C	0.534	0.07049305
2495	T	0.370	0.06972179
2496	A	-0.260	0.07346319
2497	C	0.176	0.07275459
2498	A	0.166	0.06662851
2499	G	-0.229	0.06620217
2500	T	0.296	0.05538791
2501	C	0.471	0.03858389
2502	T	0.432	0.03063607
2503	T	0.065	0.02374341
2504	T	-0.469	0.02000385
2505	T	0.464	0.03096817
2506	T	-0.186	0.03163351
2507	G	0.411	0.03720981
2508	T	0.466	0.04158662
2509	T	0.373	0.02862072
2510	T	0	0.01946308
 2511	G	-0.330	0.00542042
2512	T	0.226	-0.004993072
2513	T	0.428	-0.003043872
2514	T	-0.189	0.001073286
2515	T	0.030	0.003539926
2516	T	-0.246	-0.009576574
2517	T	0.112	-0.01304763
2518	T	-0.276	-0.01706199
2519	T	-0.276	-0.01921175
2520	T	-0.276	-0.01817281
2521	T	-0.276	-0.01124966
2522	T	-0.276	-0.01997462
2523	T	-0.353	-0.01414774
2524	T	-0.203	-0.005473918
2525	T	-0.331	-0.007224458
2526	T	-0.437	-0.01238456
2527	T	-0.333	-0.01305068
2528	T	-0.485	-0.00663092
2529	G	-0.422	0.001802508
2530	A	0.272	-0.005986034
2531	G	0	0.005137446
 2532	A	0.068	0.004779106
2533	C	0.152	0.000374826
2534	G	-0.193	-0.006170276
2535	A	-0.457	-0.01054006
2536	A	-0.295	-0.0142832
2537	G	-0.095	-0.01648776
2538	T	0.220	-0.0190432
2539	T	-0.040	-0.01038064
2540	T	0.123	-0.008214358
2541	T	-0.244	0.003632282
2542	G	0.243	0.001071554
2543	C	0.225	0.005926418
2544	T	0.426	0.002906318
2545	C	0.422	0.004833818
2546	T	0.086	0.018699
2547	G	-0.259	0.03253472
2548	T	0.458	0.03307902
2549	T	0.204	0.02836788
2550	G	0.208	0.02462242
2551	C	0.213	0.02987416
2552	C	0.399	0.03609677
2553	C	0.386	0.05118137
2554	A	-0.048	0.06210159
2555	G	0.075	0.05468613
2556	G	0.369	0.06299169
2557	C	0.393	0.07027399
2558	T	0.246	0.07686149
2559	G	0.046	0.07950106
2560	G	-0.218	0.09690522
2561	A	-0.517	0.1030542
2562	G	0.116	0.1055103
2563	T	0.300	0.109239
2564	G	0.243	0.1110648
2565	C	0.138	0.1018125
2566	A	0.345	0.1021328
2567	G	-0.015	0.1002903
2568	T	-0.033	0.1040783
2569	G	-0.427	0.1028963
2570	G	-0.180	0.1025008
2571	T	0.416	0.1090036
2572	G	0.415	0.1193438
2573	T	-0.326	0.1175925
2574	G	-0.438	0.1221847
2575	A	-0.518	0.1236443
2576	T	-0.174	0.1198872
2577	C	-0.022	0.120101
2578	T	0.269	0.1191936
2579	C	0.123	0.1183677
2580	G	-0.098	0.1168589
2581	G	0.415	0.1177883
2582	C	0.432	0.1093554
2583	T	0.482	0.1101413
2584	C	-0.061	0.110915
2585	A	0.412	0.1087739
2586	C	0.012	0.1111354
2587	T	0.027	0.1091261
2588	G	0.407	0.1005814
2589	C	0.050	0.1029494
2590	A	-0.339	0.09138293
2591	A	-0.228	0.07805137
2592	C	0.151	0.07835461
2593	C	0.414	0.07213647
2594	T	0.367	0.08657471
2595	C	0.403	0.08742503
2596	T	0.411	0.08815017
2597	G	0.257	0.08862237
2598	C	0.370	0.09967793
2599	C	0.434	0.1141267
2600	T	0.281	0.1304013
2601	C	0.025	0.1409299
2602	C	0.410	0.1496771
2603	T	0.341	0.1531889
2604	G	-0.089	0.1585562
2605	G	0	0.1677101
 2606	G	0.416	0.1681174
2607	T	-0.028	0.1680496
2608	T	0.285	0.1522124
2609	C	0.085	0.1531189
2610	A	-0.325	0.1354422
2611	A	-0.399	0.1300946
2612	G	0.015	0.1287501
2613	C	-0.126	0.1198324
2614	A	0.361	0.127393
2615	A	-0.439	0.1387511
2616	T	-0.320	0.1512899
2617	T	0	0.1515274
 2618	T	-0.344	0.1475712
2619	T	0.294	0.1340592
2620	G	-0.137	0.133939
2621	C	0.452	0.1252457
2622	C	0.438	0.1225162
2623	T	0.226	0.1167428
2624	C	0.283	0.1085599
2625	A	0.295	0.1070741
2626	G	0.351	0.1100027
2627	C	0.415	0.1103076
2628	C	0.444	0.1075284
2629	T	0.392	0.117488
2630	C	0.359	0.1253933
2631	C	0.435	0.1202332
2632	C	0.428	0.1272534
2633	G	-0.309	0.1258138
2634	A	-0.016	0.1260558
2635	G	-0.471	0.1386331
2636	T	-0.255	0.1485582
2637	A	-0.039	0.152755
2638	G	-0.038	0.1516065
2639	C	0.428	0.1523169
2640	T	0.228	0.1691408
2641	G	0.398	0.1842669
2642	G	0.163	0.1931603
2643	G	0.217	0.2075694
2644	A	-0.308	0.2103549
2645	T	0.397	0.2200158
2646	C	-0.023	0.2189154
2647	A	0.120	0.2107463
2648	C	0.082	0.2062162
2649	A	0.024	0.1973141
2650	G	0.207	0.2002731
2651	G	0.171	0.2016233
2652	C	0.425	0.1901926
2653	A	0.202	0.1847671
2654	C	0.408	0.1733013
2655	G	0.395	0.1677557
2656	T	0.158	0.169116
2657	T	0.322	0.1669694
2658	C	0.213	0.1689545
2659	C	0.097	0.1676526
2660	A	0.303	0.1734491
2661	C	0.096	0.170379
2662	C	0.225	0.1620626
2663	A	-0.183	0.1557278
2664	C	0.397	0.1374391
2665	G	0.401	0.1284949
2666	C	0.435	0.1173062
2667	C	0.444	0.1060486
2668	C	0.375	0.09430166
2669	A	0.433	0.09136564
2670	G	0.345	0.07686684
2671	C	0.397	0.0783098
2672	T	0.030	0.07306512
2673	A	0	0.07872598
 2674	A	-0.161	0.0851779
2675	T	0.443	0.0794485
2676	T	0.419	0.08010358
2677	T	-0.156	0.07035266
2678	T	0.173	0.06750588
2679	T	-0.181	0.04985794
2680	G	0.082	0.03728688
2681	T	0.503	0.04131692
2682	A	0.321	0.03705366
2683	T	-0.210	0.04277686
2684	T	-0.081	0.039166
2685	T	-0.181	0.02651366
2686	T	-0.408	0.03109867
2687	T	-0.455	0.03224007
2688	A	-0.355	0.03859699
2689	G	-0.485	0.03138737
2690	T	-0.218	0.03082599
2691	A	-0.160	0.02835761
2692	G	-0.399	0.02110224
2693	A	-0.370	0.01479049
2694	G	-0.454	0.01397265
2695	A	-0.327	0.01238509
2696	T	0.048	0.007100312
2697	G	-0.141	-0.001705962
2698	G	0.365	-0.001485482
2699	G	0.347	0.006616718
2700	G	-0.079	0.003584678
2701	T	0.204	0.004319158
2702	T	-0.062	0.01542052
2703	T	0.059	0.003313178
2704	T	-0.473	-0.003860542
2705	G	-0.233	-0.007233836
2706	C	0.359	-0.01586302
2707	C	0.109	-0.01710988
2708	A	0.499	-0.005312404
2709	T	-0.083	0.0005872
2710	G	-0.329	0.0077998
2711	T	0.325	0.01515374
2712	T	0.282	0.02210846
2713	G	0.133	0.0318401
2714	G	0.036	0.04307715
2715	C	0.373	0.05695677
2716	C	0.312	0.06731263
2717	A	0.081	0.075631
2718	G	0.060	0.08667136
2719	G	0.392	0.09506984
2720	C	0.265	0.09590294
2721	T	0.133	0.09469728
2722	G	-0.410	0.1009969
2723	A	0.011	0.0994996
2724	T	0.243	0.09769836
2725	C	0.291	0.1076324
2726	C	0.456	0.1117506
2727	C	0.398	0.1215076
2728	A	-0.431	0.1290102
2729	A	-0.539	0.1469463
2730	A	-0.086	0.1589774
2731	C	0.072	0.1513106
2732	T	0.259	0.1526195
2733	C	0.379	0.1456725
2734	T	0.213	0.1458296
2735	T	0.178	0.1602571
2736	G	-0.040	0.1624298
2737	A	-0.108	0.1664541
2738	C	0.131	0.1723928
2739	C	0.076	0.1796113
2740	T	0.475	0.1802848
2741	C	0.357	0.1830842
2742	A	0.016	0.1914934
2743	C	0.181	0.1803483
2744	G	-0.034	0.1619196
2745	T	-0.286	0.1507068
2746	G	-0.011	0.1420416
2747	A	0.173	0.1469165
2748	T	0.290	0.1473622
2749	C	0.257	0.1468633
2750	C	0.417	0.149243
2751	G	0.410	0.1417029
2752	C	0.425	0.1416495
2753	C	0.434	0.154537
2754	C	0.422	0.156954
2755	G	0.368	0.1542126
2756	C	-0.023	0.1419599
2757	C	0.175	0.1418809
2758	A	0.152	0.1349205
2759	C	-0.075	0.1327793
2760	A	0.392	0.1355965
2761	G	0.434	0.1263504
2762	C	0.484	0.1344014
2763	T	0.430	0.1336266
2764	T	0.397	0.1397695
2765	C	0.407	0.1259229
2766	C	0.452	0.1134904
2767	C	0.502	0.1161008
2768	A	-0.497	0.1197252
2769	A	-0.528	0.126805
2770	A	-0.294	0.1352249
2771	G	-0.299	0.1431552
2772	T	-0.166	0.1433301
2773	G	0.033	0.1460155
2774	C	0.218	0.1457931
2775	T	0.410	0.1418314
2776	G	0.079	0.1412234
2777	G	0.396	0.1396621
2778	G	0.212	0.1393328
2779	A	-0.418	0.1329134
2780	T	-0.223	0.126887
2781	T	-0.540	0.1355165
2782	A	0.255	0.1408687
2783	C	0.031	0.1437398
2784	A	0.106	0.150526
2785	G	0.319	0.1441594
2786	G	-0.503	0.1438969
2787	T	0.294	0.1313632
2788	G	0.092	0.1169915
2789	C	0.383	0.1174628
2790	G	-0.216	0.1128054
2791	A	-0.264	0.1077647
2792	A	0.146	0.08854203
2793	C	0.362	0.1009883
2794	C	0.319	0.120443
2795	A	0.134	0.130096
2796	C	0.384	0.1344809
2797	C	0.182	0.12979
2798	G	0.424	0.1224499
2799	T	0.246	0.1097938
2800	G	0.219	0.09436915
2801	C	0.379	0.08525189
2802	C	0.347	0.07845279
2803	C	0.418	0.07720393
2804	A	0.101	0.08583144
2805	G	0.066	0.09740512
2806	C	0.407	0.1078236
2807	C	0.442	0.1021646
2808	C	0.295	0.1027807
2809	T	0.264	0.1032037
2810	C	0.073	0.1053675
2811	T	0.421	0.1241453
2812	T	-0.142	0.1223421
2813	C	-0.287	0.1274068
2814	C	0.421	0.1265287
2815	C	0.174	0.1310742
2816	T	0.200	0.1450573
2817	A	-0.458	0.1374202
2818	G	0.125	0.1285102
2819	T	0.443	0.1184449
2820	C	0.187	0.12002
2821	T	-0.080	0.1096529
2822	T	-0.400	0.1077592
2823	A	-0.333	0.09465188
2824	A	-0.414	0.09168796
2825	T	-0.360	0.08607017
2826	G	-0.376	0.08310181
2827	T	0.056	0.08090715
2828	G	0.149	0.07302217
2829	T	0.012	0.06946347
2830	T	0.355	0.07051366
2831	C	-0.019	0.06853196
2832	A	-0.027	0.06408768
2833	T	0.062	0.0570891
2834	C	0.127	0.0476611
2835	T	0.427	0.04364674
2836	G	0.435	0.02415928
2837	G	0.204	0.02241866
2838	G	0.345	0.02755545
2839	C	0.339	0.02569463
2840	A	0.010	0.02937373
2841	A	0.434	0.02654103
2842	T	-0.235	0.04403993
2843	G	-0.082	0.04688389
2844	T	-0.184	0.04688175
2845	G	0.213	0.03535845
2846	T	-0.133	0.03108569
2847	G	0.087	0.03879664
2848	T	-0.230	0.04789892
2849	A	0.098	0.0600267
2850	G	-0.061	0.07078014
2851	G	0.231	0.07522624
2852	G	0.237	0.0632039
2853	G	0.024	0.05411252
2854	G	-0.075	0.06235335
2855	T	0.119	0.05714055
2856	G	0.308	0.06555917
2857	C	0.220	0.0743762
2858	G	-0.054	0.06683468
2859	G	-0.207	0.06035956
2860	A	-0.126	0.04956392
2861	T	-0.553	0.04291634
2862	A	-0.229	0.035608
2863	G	-0.030	0.02837196
2864	G	0.328	0.02581628
2865	G	0.358	0.02890718
2866	A	0.058	0.0286327
2867	G	0.416	0.03278879
2868	G	0.267	0.03199206
2869	G	0.443	0.03813276
2870	G	-0.388	0.03963454
2871	A	-0.294	0.0467469
2872	A	-0.015	0.052831
2873	C	0.121	0.0656157
2874	T	0.192	0.07273696
2875	C	0.176	0.08336437
2876	T	-0.154	0.07873411
2877	A	-0.544	0.06392543
2878	A	-0.304	0.05945751
2879	G	0.424	0.05997283
2880	G	0.094	0.05016627
2881	T	0.401	0.05093669
2882	G	0.413	0.04579734
2883	A	-0.314	0.05350907
2884	A	-0.196	0.06532591
2885	T	-0.111	0.07650647
2886	G	0.103	0.09650043
2887	T	-0.161	0.1044325
2888	G	-0.016	0.1034195
2889	C	0.211	0.0872467
2890	T	0.164	0.07164672
2891	A	0.421	0.05982476
2892	G	-0.027	0.0439201
2893	G	-0.122	0.03296046
2894	A	0.122	0.02032142
2895	T	0.288	0.01977818
2896	T	0.222	0.01716314
2897	C	0.391	0.02463927
2898	T	0.408	0.02702097
2899	G	0.454	0.01571061
2900	C	0.470	0.007989132
2901	A	0	0.01577629
 2902	T	-0.502	0.02814711
2903	T	-0.199	0.03233906
2904	T	-0.050	0.03200608
2905	G	-0.370	0.03357221
2906	T	0.347	0.03349935
2907	C	-0.036	0.02992245
2908	A	0.331	0.04215493
2909	T	0.383	0.05388213
2910	C	0.432	0.04712563
2911	C	0.446	0.04127203
2912	T	0.166	0.04104105
2913	C	-0.081	0.04614657
2914	A	-0.480	0.05014837
2915	A	-0.421	0.05556783
2916	A	-0.532	0.04913062
2917	A	-0.379	0.05882465
2918	C	-0.280	0.07119749
2919	A	-0.188	0.0668602
2920	A	-0.415	0.05738798
2921	A	-0.424	0.04711094
2922	T	0.358	0.0306908
2923	T	0.240	0.0200553
2924	T	-0.373	0.01955402
2925	A	-0.209	0.0172783
2926	T	0.234	0.0261523
2927	C	0.073	0.04430312
2928	A	-0.095	0.05783722
2929	C	0.407	0.06863566
2930	T	0.172	0.07132366
2931	G	0.397	0.05612466
2932	G	0.234	0.04609656
2933	G	0.296	0.02955918
2934	T	0.389	0.02188876
2935	A	-0.449	0.0170524
2936	A	-0.189	0.006971676
2937	T	-0.172	0.008348876
2938	T	0.239	0.0115681
2939	C	0.411	0.02014943
2940	T	0.435	0.02328663
2941	G	0.099	0.02783189
2942	C	0.457	0.03088419
2943	C	0.496	0.04433227
2944	T	-0.094	0.05489889
2945	A	-0.184	0.07350571
2946	T	-0.291	0.07385933
2947	G	-0.429	0.05715951
2948	A	-0.123	0.04152841
2949	T	0.429	0.04171609
2950	C	0.356	0.04095819
2951	C	0.443	0.02687477
2952	T	0.404	0.0263151
2953	G	0.477	0.01814726
2954	C	0.489	0.01843556
2955	A	-0.236	0.02435494
2956	T	-0.412	0.01863462
2957	A	-0.537	0.0163495
2958	A	-0.495	0.006920658
2959	T	0	0.000928388
 2960	G	0.190	0.01617643
2961	T	-0.057	0.02520451
2962	G	0.235	0.03160865
2963	C	0.079	0.02838864
2964	A	-0.051	0.0254639
2965	A	-0.264	0.01913234
2966	A	-0.305	0.02387051
2967	G	-0.226	0.02083141
2968	C	0.391	0.01852335
2969	C	0.340	0.01115104
2970	A	0.514	0.01760396
2971	G	-0.407	0.02071716
2972	T	-0.476	0.03698264
2973	A	-0.541	0.03851593
2974	A	-0.363	0.02597959
2975	G	-0.247	0.01943249
2976	A	-0.469	0.01453059
2977	T	0.045	0.01295857
2978	G	-0.503	0.000900872
2979	C	0.422	-0.01338225
2980	C	0.468	-0.001186908
2981	T	0.111	0.01340159
2982	T	0.120	0.02942049
2983	T	-0.174	0.04669505
2984	G	0.090	0.05519223
2985	C	0.312	0.05112158
2986	C	0.262	0.043563
2987	T	0.147	0.03884626
2988	C	0.078	0.03916768
2989	G	0.265	0.03894044
2990	T	0.119	0.04966106
2991	C	0.336	0.06014436
2992	C	0.305	0.07220162
2993	C	0.380	0.07151694
2994	C	-0.462	0.07103204
2995	A	0.137	0.06931638
2996	G	-0.136	0.08694574
2997	G	0.383	0.1051656
2998	G	-0.046	0.1235628
2999	A	-0.197	0.1343308
3000	G	0.028	0.1414451
3001	C	0.198	0.1486299
3002	A	0.326	0.1413868
3003	T	-0.125	0.1446345
3004	G	-0.224	0.1257511
3005	C	0.373	0.1053219
3006	C	0.316	0.1004053
3007	T	0.263	0.09685441
3008	C	0.368	0.106724
3009	C	0.424	0.1123429
3010	C	-0.013	0.1139395
3011	A	-0.435	0.1137684
3012	A	0	0.1200681
 3013	C	0.095	0.126252
3014	C	-0.062	0.1250193
3015	A	0.271	0.1287764
3016	C	0.218	0.1304304
3017	T	0.376	0.1319313
3018	T	0.357	0.1326738
3019	G	0.315	0.1491861
3020	C	0.429	0.155434
3021	C	0.474	0.1671136
3022	C	0.434	0.1635487
3023	A	0.378	0.1702851
3024	C	0.174	0.1740018
3025	A	0.108	0.1652514
3026	C	-0.110	0.1512704
3027	A	-0.316	0.1338634
3028	G	-0.341	0.1270105
3029	A	-0.521	0.1243497
3030	A	-0.552	0.1108396
3031	A	-0.134	0.1052683
3032	G	-0.057	0.1041235
3033	G	0.318	0.1007625
3034	C	0.371	0.1008576
3035	A	0.392	0.1083407
3036	G	0.253	0.1170477
3037	C	0.462	0.1158885
3038	C	0.387	0.1146553
3039	A	0.203	0.1250512
3040	C	0.307	0.1304325
3041	C	0.418	0.1258406
3042	T	0.380	0.1155128
3043	C	0.417	0.1047005
3044	C	0.362	0.1062986
3045	C	0.450	0.102919
3046	T	0.447	0.100303
3047	G	0.205	0.1006799
3048	C	0.290	0.09565232
3049	T	-0.011	0.09800146
3050	G	-0.408	0.09816142
3051	A	-0.500	0.1057074
3052	A	-0.543	0.1169532
3053	A	-0.468	0.1256364
3054	G	-0.357	0.1432664
3055	G	-0.302	0.1590718
3056	A	0.038	0.1585116
3057	T	0.205	0.162419
3058	C	0.200	0.1569836
3059	C	0.429	0.1413491
3060	C	0.360	0.1238802
3061	A	0	0.1152841
 3062	T	-0.057	0.09522614
3063	G	0.033	0.09099454
3064	C	0.457	0.0940462
3065	C	0.540	0.09471856
3066	T	-0.010	0.09456356
3067	A	-0.139	0.09344798
3068	T	-0.183	0.09452502
3069	C	0.395	0.08379644
3070	T	0.260	0.0667463
3071	C	0.343	0.05324504
3072	C	0.453	0.0382018
3073	T	0.127	0.02675856
3074	G	0.291	0.02352045
3075	T	0.116	0.03615853
3076	T	0.267	0.05486091
3077	T	0.245	0.07455629
3078	C	0.093	0.09168453
3079	C	0.359	0.09940999
3080	A	0.237	0.111716
3081	C	-0.162	0.1203262
3082	A	0.137	0.1232726
3083	C	0.047	0.1227692
3084	A	-0.410	0.1182731
3085	A	-0.480	0.1204535
3086	T	-0.176	0.1287617
3087	T	-0.540	0.1286714
3088	A	0.175	0.1229304
3089	C	0.356	0.105706
3090	C	0.340	0.09606031
3091	C	0.411	0.0986142
3092	C	0.324	0.1022815
3093	G	0.471	0.1091899
3094	G	-0.173	0.09825859
3095	G	-0.402	0.08722203
3096	A	-0.227	0.07883238
3097	A	-0.546	0.07269594
3098	A	-0.282	0.0778286
3099	T	-0.173	0.07832776
3100	G	0.223	0.08058872
3101	C	0.434	0.08189522
3102	C	0.440	0.07338844
3103	T	0.388	0.07271913
3104	G	0.028	0.07054967
3105	G	0.313	0.07507363
3106	C	0.468	0.07475113
3107	T	0.353	0.07231333
3108	T	0.175	0.07062799
3109	C	0.204	0.08166711
3110	C	0.469	0.09818361
3111	C	0.415	0.09405457
3112	A	-0.062	0.1073544
3113	T	-0.253	0.09838113
3114	T	-0.404	0.09125205
3115	T	0.058	0.08922013
3116	C	0.117	0.08937819
3117	C	0.043	0.09023737
3118	A	0.162	0.08630711
3119	G	-0.150	0.09517699
3120	T	-0.291	0.111149
3121	T	-0.075	0.1188245
3122	G	0.146	0.1381407
3123	C	0.384	0.152419
3124	A	0.316	0.1600442
3125	G	0.229	0.1633232
3126	C	0.332	0.1639728
3127	C	-0.179	0.1635032
3128	A	0.059	0.1606465
3129	T	0.251	0.1655189
3130	C	0.463	0.1648355
3131	G	-0.178	0.1594609
3132	T	0.015	0.1607137
3133	G	-0.037	0.1672557
3134	A	0.141	0.1713162
3135	C	0.345	0.1692105
3136	A	-0.382	0.1640469
3137	G	0.124	0.1709563
3138	T	-0.272	0.1786599
3139	T	0	0.1958723
 3140	T	0.239	0.203988
3141	C	0.418	0.2083545
3142	A	0.367	0.2053053
3143	G	0.275	0.2038764
3144	C	0.270	0.2107872
3145	C	0.396	0.2169723
3146	T	0.156	0.2225254
3147	C	0.419	0.217064
3148	T	0.431	0.2075448
3149	C	0.207	0.1950335
3150	C	0.387	0.1896044
3151	C	0.467	0.1749986
3152	C	0.417	0.1743071
3153	T	0.245	0.1686889
3154	C	0.272	0.172567
3155	A	0.278	0.1691831
3156	G	0.200	0.1654624
3157	C	0.415	0.1609531
3158	C	0.502	0.1561733
3159	C	0.407	0.1537859
3160	A	0.364	0.1453989
3161	C	0.157	0.1486567
3162	G	0.283	0.139278
3163	T	0.131	0.1390471
3164	C	0.456	0.1312696
3165	C	0.463	0.1190232
3166	T	0.335	0.114044
3167	T	-0.109	0.1064216
3168	C	0.090	0.09497551
3169	G	0.194	0.09281145
3170	C	0.017	0.08907863
3171	T	0.201	0.08988481
3172	T	-0.126	0.08339079
3173	G	-0.091	0.07975619
3174	A	-0.308	0.08141399
3175	G	-0.041	0.08237165
3176	C	-0.397	0.08175091
3177	A	-0.214	0.08006819
3178	G	-0.221	0.08291737
3179	C	0.445	0.06932811
3180	G	0.294	0.06663035
3181	A	-0.364	0.05392683
3182	G	-0.209	0.03898863
3183	A	-0.276	0.02150725
3184	T	0.022	0.01304209
3185	G	-0.074	0.01136799
3186	T	-0.219	0.01036415
3187	G	-0.344	0.007691832
3188	A	-0.284	0.01274037
3189	A	-0.388	0.004816622
3190	G	-0.373	0.004565382
3191	A	0.169	-0.00104466
3192	T	-0.013	-0.0017458
3193	G	-0.297	-0.007102668
3194	G	0.161	-0.002672808
3195	A	0.209	0.005665082
3196	C	0.196	0.006519002
3197	A	0.094	0.01800966
3198	G	0.250	0.02771814
3199	C	0.290	0.04322226
3200	C	0.435	0.04480932
3201	G	0.436	0.04439368
3202	C	0.333	0.03976686
3203	T	0.388	0.03987574
3204	T	-0.407	0.03004317
3205	G	0.144	0.03458867
3206	A	-0.435	0.042126
3207	G	-0.331	0.040633
3208	A	-0.371	0.03559938
3209	A	-0.015	0.03338223
3210	C	0.280	0.0408204
3211	T	0.107	0.05158486
3212	G	0.149	0.06168566
3213	C	0.384	0.06702373
3214	A	0.060	0.06531507
3215	C	0.451	0.06392987
3216	A	0.054	0.05155207
3217	G	-0.144	0.04142199
3218	A	-0.177	0.03649543
3219	C	0.416	0.03426664
3220	T	0.434	0.03148336
3221	G	0.244	0.03024656
3222	T	0.447	0.03716804
3223	C	0.393	0.03597006
3224	C	0.466	0.02051202
3225	T	0.037	0.001784504
3226	T	-0.418	-0.003488136
3227	A	-0.445	-0.01507966
3228	A	-0.215	-0.02284036
3229	T	-0.046	-0.01113322
3230	C	0.521	-0.005744016
3231	T	0.012	0.01043298
3232	A	-0.284	0.02003718
3233	A	-0.527	0.0356633
3234	G	-0.088	0.03690026
3235	C	0.297	0.0247903
3236	C	0.318	0.01320218
3237	A	0.160	0.002043522
3238	T	-0.017	-0.0139035
3239	T	-0.474	-0.01701014
3240	T	-0.442	-0.02431678
3241	A	-0.448	-0.01865788
3242	A	-0.519	-0.00664656
3243	A	-0.543	-0.004102804
3244	A	0.050	-0.01666502
3245	G	0.070	-0.0228652
3246	G	0.135	-0.02003138
3247	C	0.440	-0.02558578
3248	A	0.190	-0.0246896
3249	T	-0.482	-0.02385704
3250	T	-0.501	-0.02534116
3251	T	0.172	-0.0246783
3252	G	-0.246	-0.02206934
3253	T	0	-0.01508576
 3254	G	0.178	-0.01022272
3255	T	0.413	-0.01755608
3256	T	0.373	-0.01050042
3257	C	0.149	-0.009086618
3258	C	0.409	0.003290102
3259	A	0.046	0.00680373
3260	T	-0.324	0.00931991
3261	A	-0.472	0.01151159
3262	A	-0.408	0.01511927
3263	A	-0.413	0.02598318
3264	A	-0.094	0.03364168
3265	C	0.085	0.03956556
3266	C	0.337	0.05011101
3267	C	0.456	0.06731873
3268	G	-0.049	0.08082705
3269	T	-0.211	0.09027643
3270	T	0.124	0.09579372
3271	T	0.386	0.08913476
3272	C	0.170	0.0706855
3273	C	0.438	0.05698648
3274	G	0.508	0.06456142
3275	T	-0.036	0.06953992
3276	A	-0.385	0.06068136
3277	A	-0.315	0.07423472
3278	T	0.133	0.06679926
3279	T	0.196	0.0719876
3280	C	0.155	0.07236998
3281	T	0.365	0.0588352
3282	G	-0.213	0.05120678
3283	T	0.091	0.03451576
3284	G	0.086	0.03063212
3285	C	0.423	0.04525976
3286	C	0.427	0.05998982
3287	C	0.341	0.07811084
3288	C	0.525	0.09467178
3289	T	-0.091	0.08768374
3290	A	-0.146	0.09016577
3291	C	0.078	0.09086491
3292	T	0.340	0.08943621
3293	T	0.132	0.09092008
3294	C	0.522	0.09341194
3295	T	0.346	0.08892387
3296	T	-0.197	0.07582019
3297	T	-0.481	0.07020437
3298	G	-0.494	0.05757877
3299	A	-0.103	0.03947377
3300	A	-0.252	0.03359175
3301	A	-0.270	0.03254625
3302	C	0.431	0.03249005
3303	A	-0.371	0.02191749
3304	T	0.437	0.007625706
3305	G	0.432	-0.003458994
3306	G	-0.302	-0.01326527
3307	T	-0.232	-0.004487094
3308	A	-0.425	-0.006567854
3309	A	-0.147	-0.003012814
3310	C	0.406	-0.01214263
3311	C	0.264	-0.01581879
3312	C	0.497	-0.02071625
3313	T	0.415	-0.02294765
3314	A	-0.444	-0.01637364
3315	G	0.210	-0.0104058
3316	G	0.372	-0.01169091
3317	G	0.385	-0.02390817
3318	A	0.024	-0.03550759
3319	G	-0.087	-0.05641153
3320	G	-0.099	-0.05625145
3321	A	-0.269	-0.05458799
3322	G	-0.110	-0.03601879
3323	A	-0.192	-0.02377593
3324	A	-0.397	-0.01727681
3325	G	-0.330	-0.01658699
3326	A	-0.437	-0.01467513
3327	A	-0.317	-0.03118159
3328	A	-0.395	-0.01448739
3329	T	-0.518	-0.03161137
3330	T	-0.399	-0.03715235
3331	A	-0.124	-0.02954557
3332	G	0.225	-0.0253769
3333	C	-0.012	-0.01687576
3334	C	0.264	-0.01575863
3335	A	-0.033	-0.02792437
3336	G	0.244	-0.03148486
3337	G	0.096	-0.04795214
3338	G	0.414	-0.04859654
3339	G	0.237	-0.04742896
3340	G	0.152	-0.05721736
3341	G	0.014	-0.07322698
3342	A	-0.270	-0.08922654
3343	G	-0.447	-0.09793162
3344	A	-0.522	-0.09128462
3345	A	0.354	-0.08099795
3346	G	-0.114	-0.07842111
3347	T	0.446	-0.06726147
3348	T	0.117	-0.05655965
3349	C	0.221	-0.03912027
3350	A	-0.217	-0.02613979
3351	G	-0.174	-0.02291563
3352	A	-0.394	-0.01743478
3353	T	0.462	0.0005951
3354	G	-0.418	0.01891638
3355	T	0.155	0.02397036
3356	G	0.077	0.03302704
3357	C	-0.023	0.02647368
3358	T	0	0.0230216
 3359	A	-0.091	0.0277091
3360	A	-0.201	0.03033375
3361	T	0.086	0.02495426
3362	A	-0.325	0.03367014
3363	T	0.382	0.01983508
3364	T	-0.386	0.0211146
3365	T	-0.279	0.01624842
3366	T	-0.427	0.01596654
3367	A	-0.414	0.02137414
3368	A	-0.410	0.03148958
3369	T	0.245	0.05081738
3370	C	0.414	0.05206498
3371	G	-0.140	0.06381236
3372	C	0.447	0.05631792
3373	T	0.342	0.05801184
3374	C	0.474	0.05737298
3375	A	0.318	0.07213748
3376	T	-0.276	0.07731008
3377	T	-0.043	0.09398004
3378	C	0.506	0.07418874
3379	T	0.398	0.07677374
3380	T	-0.146	0.06717006
3381	T	0.327	0.05975103
3382	C	-0.102	0.05063458
3383	A	-0.185	0.05002254
3384	T	0.499	0.0564588
3385	C	0.098	0.0540112
3386	A	-0.024	0.04250444
3387	C	0.532	0.05915866
3388	G	-0.277	0.04425808
3389	T	0.301	0.04484158
3390	T	-0.091	0.0408975
3391	A	0	0.04216276
 3392	G	0	0.04501892
 3393	T	0.057	0.0606347
3394	C	0.444	0.064913
3395	A	0.416	0.06091832
3396	C	0.472	0.07081448
3397	A	0.071	0.06756264
3398	T	0.202	0.07023652
3399	T	0.189	0.06620514
3400	C	0.520	0.05560814
3401	A	0.083	0.06547058
3402	T	0.439	0.06549698
3403	T	-0.526	0.06339382
3404	A	-0.289	0.05430399
3405	A	-0.324	0.04954507
3406	G	-0.293	0.03501469
3407	T	-0.479	0.02888795
3408	A	-0.030	0.02647549
3409	T	0.229	0.006398468
3410	G	-0.323	0.01287898
3411	A	-0.489	0.02233291
3412	T	0.506	0.01394713
3413	T	-0.362	0.02523199
3414	A	-0.356	0.008252948
3415	A	-0.476	0.01177003
3416	T	-0.364	0.01587391
3417	T	-0.272	0.006953194
3418	T	0.369	0.008566094
3419	C	0.459	-0.009875586
3420	A	0.214	-0.01089583
3421	G	0.354	-0.02079813
3422	G	0.284	-0.01618988
3423	C	0.475	-0.0126781
3424	T	0.273	-0.01022622
3425	T	-0.211	-0.02735584
3426	T	0.216	-0.03504429
3427	G	-0.042	-0.04425983
3428	T	0.401	-0.03310793
3429	T	-0.056	-0.02532517
3430	G	-0.384	-0.01195125
3431	A	-0.398	0.003479946
3432	A	-0.408	0.02185269
3433	A	-0.306	0.03243093
3434	A	-0.504	0.02478443
3435	C	0.422	0.03915037
3436	C	0.447	0.05049323
3437	C	0.112	0.04658203
3438	T	0.286	0.05708533
3439	A	-0.547	0.07298033
3440	T	0.084	0.08615635
3441	C	0.205	0.08724323
3442	A	-0.446	0.1026102
3443	G	0.138	0.09263337
3444	T	-0.478	0.08783493
3445	T	0.365	0.08822873
3446	T	-0.022	0.08694015
3447	C	0.302	0.07804683
3448	C	0.377	0.07296743
3449	C	0.311	0.07016233
3450	T	-0.336	0.07761813
3451	A	-0.300	0.06589401
3452	T	-0.021	0.06053529
3453	C	0.030	0.05678719
3454	A	0.099	0.06270452
3455	G	0.344	0.07802476
3456	C	0.477	0.09417902
3457	C	0.439	0.1109705
3458	A	0.498	0.1250271
3459	C	-0.152	0.1439665
3460	A	0.394	0.1391343
3461	C	0.077	0.1374844
3462	A	0.311	0.1420697
3463	T	0.162	0.1299955
3464	C	0.437	0.1462137
3465	C	0.182	0.139206
3466	A	-0.310	0.1267986
3467	T	0.496	0.1258154
3468	C	-0.128	0.1164624
3469	T	0.219	0.1311802
3470	C	0.234	0.1259125
3471	T	0.290	0.1322022
3472	T	-0.159	0.1286307
3473	G	0.221	0.1308547
3474	C	0.133	0.1150821
3475	C	0.161	0.1113753
3476	A	-0.369	0.107143
3477	A	-0.310	0.09756547
3478	G	0.213	0.0994007
3479	C	0.239	0.1063081
3480	A	0.381	0.1073875
3481	G	0.409	0.1057055
3482	G	0.430	0.1054221
3483	C	0.396	0.1029755
3484	T	0.442	0.1110114
3485	G	0.180	0.1018964
3486	C	0.365	0.1041515
3487	T	0.342	0.09131024
3488	G	-0.317	0.08040202
3489	C	0.263	0.08098996
3490	A	-0.265	0.08344754
3491	G	-0.415	0.09811294
3492	T	-0.495	0.0791908
3493	A	-0.329	0.07552608
3494	G	0.257	0.06210444
3495	C	0.102	0.0484705
3496	A	0.292	0.05031248
3497	C	0.123	0.05501747
3498	C	0.488	0.05932225
3499	A	-0.476	0.06531095
3500	A	-0.521	0.06702391
3501	A	-0.512	0.07948421
3502	A	-0.500	0.09268047
3503	G	0.122	0.08503707
3504	T	0.445	0.08559839
3505	C	0.398	0.08441607
3506	C	0.393	0.07698296
3507	C	0.424	0.06807494
3508	C	0.375	0.06452708
3509	C	0.249	0.06141452
3510	A	-0.061	0.05009604
3511	A	0.190	0.04354854
3512	T	-0.330	0.03379092
3513	G	-0.382	0.03374172
3514	T	0.467	0.0293799
3515	T	0.305	0.04140854
3516	T	0.423	0.05624668
3517	T	-0.449	0.07462862
3518	T	-0.312	0.08960622
3519	T	-0.451	0.09206482
3520	A	-0.447	0.0994695
3521	C	0.382	0.095628
3522	A	0.075	0.08454772
3523	C	0.437	0.06878174
3524	C	0.432	0.07063294
3525	T	0.246	0.07604072
3526	G	0.253	0.08223406
3527	G	0.349	0.08988042
3528	A	-0.168	0.08688998
3529	T	0.267	0.08585782
3530	T	0.322	0.07511776
3531	G	0.037	0.07366628
3532	T	-0.014	0.07467936
3533	A	0.219	0.0675594
3534	T	0.286	0.059176
3535	T	-0.385	0.05232396
3536	A	0.037	0.05026273
3537	T	-0.145	0.06523125
3538	G	-0.319	0.08239437
3539	T	0.045	0.06985723
3540	G	0.335	0.06225832
3541	C	0.326	0.05379542
3542	C	0.423	0.05469532
3543	C	0.419	0.05837528
3544	C	0.380	0.06681544
3545	C	0.472	0.07940712
3546	T	0.100	0.0755795
3547	G	-0.430	0.083129
3548	A	-0.299	0.08447074
3549	A	-0.384	0.07225418
3550	A	-0.251	0.0635868
3551	A	-0.202	0.053299
3552	T	-0.117	0.04664578
3553	T	-0.026	0.05291606
3554	T	0.393	0.05154002
3555	G	-0.138	0.04705871
3556	T	0.321	0.05351327
3557	G	0.475	0.04529953
3558	G	0.019	0.03622407
3559	A	-0.169	0.02471275
3560	A	-0.403	0.02453265
3561	T	0.087	0.01979781
3562	T	0.417	0.03074757
3563	C	0.475	0.04351425
3564	A	-0.159	0.03549004
3565	T	-0.074	0.03187738
3566	T	0	0.02694427
 3567	G	-0.404	0.02285425
3568	A	-0.128	0.01083347
3569	A	-0.029	-2.1786e-05
3570	C	0.182	-0.01518955
3571	T	0.190	-0.01298599
3572	C	0.452	4.8634e-05
3573	A	0.504	0.01263683
3574	T	-0.178	0.02901515
3575	T	-0.186	0.04206857
3576	T	-0.260	0.05239481
3577	G	0.016	0.06234359
3578	T	0.145	0.07171781
3579	T	0.198	0.07097101
3580	T	0.098	0.08229251
3581	C	0.360	0.08343383
3582	A	-0.425	0.07993231
3583	A	-0.234	0.07739134
3584	A	-0.288	0.0756469
3585	T	-0.394	0.07705622
3586	A	-0.198	0.08202085
3587	C	0.401	0.08316145
3588	T	0.318	0.08230951
3589	T	-0.356	0.08047365
3590	T	0.155	0.08783108
3591	G	0.080	0.08761735
3592	C	0.219	0.1031284
3593	A	-0.181	0.1115493
3594	A	-0.161	0.1205981
3595	G	-0.285	0.1257074
3596	A	0.210	0.132103
3597	G	0.221	0.1129188
3598	C	0.330	0.09274235
3599	C	0.434	0.09241449
3600	T	0.401	0.09884473
3601	G	0.313	0.1026291
3602	G	0.379	0.1113959
3603	G	0.441	0.1047673
3604	C	0.356	0.09813174
3605	T	0.427	0.09374461
3606	C	0.378	0.09093895
3607	T	0.300	0.1033782
3608	T	-0.107	0.1134694
3609	G	-0.257	0.1238272
3610	A	-0.333	0.1275302
3611	G	0.335	0.1246987
3612	T	0.474	0.1054134
3613	C	0.433	0.1060184
3614	A	-0.251	0.1218168
3615	G	0.293	0.1273778
3616	G	-0.010	0.1331323
3617	C	0.370	0.1323367
3618	A	0.292	0.1447199
3619	G	0.422	0.1408314
3620	C	0.437	0.1400593
3621	C	0.510	0.1277287
3622	T	-0.506	0.1262631
3623	A	-0.504	0.1180766
3624	A	-0.194	0.1181968
3625	G	0.135	0.1187992
3626	T	-0.071	0.120844
3627	G	0.455	0.1139646
3628	T	-0.186	0.1137086
3629	G	-0.133	0.1145637
3630	A	-0.120	0.1122857
3631	T	0.219	0.1130597
3632	C	0.196	0.1049454
3633	C	0.270	0.1097515
3634	C	0.228	0.118392
3635	A	-0.209	0.1334165
3636	A	-0.340	0.1326081
3637	G	-0.562	0.1223428
3638	T	0.348	0.1205104
3639	C	0.433	0.1312336
3640	C	0.433	0.1268557
3641	T	0.367	0.1166341
3642	C	0.179	0.111298
3643	C	0.437	0.1121506
3644	A	-0.356	0.09940076
3645	A	-0.324	0.09238383
3646	T	-0.406	0.08656857
3647	T	0.148	0.09951043
3648	G	-0.079	0.1108174
3649	C	0.440	0.1122517
3650	T	0.431	0.1110258
3651	G	0.415	0.1060034
3652	G	0.035	0.1047176
3653	A	0.429	0.1161765
3654	G	0.399	0.1275033
3655	T	0.313	0.1343712
3656	C	0.417	0.1320924
3657	A	-0.105	0.1327992
3658	C	0.133	0.1188706
3659	T	0.175	0.1111805
3660	T	0.417	0.1228328
3661	G	0.295	0.1375076
3662	G	-0.038	0.1560545
3663	G	0.341	0.1558366
3664	C	0.284	0.155962
3665	A	0.074	0.1530912
3666	A	-0.521	0.1442897
3667	G	0.103	0.1507362
3668	T	0.335	0.1462627
3669	G	-0.215	0.1553591
3670	A	0.086	0.1709149
3671	C	0.219	0.1839711
3672	T	0.140	0.1849128
3673	G	0.060	0.1913927
3674	A	-0.123	0.1853091
3675	T	0.073	0.1742125
3676	G	-0.322	0.1677539
3677	C	0.390	0.1750368
3678	C	0.386	0.1671591
3679	C	0.433	0.1639406
3680	T	0.222	0.1649212
3681	C	0.105	0.1595231
3682	T	0.232	0.1533302
3683	G	-0.426	0.1551308
3684	A	-0.155	0.1497773
3685	G	0.373	0.1384061
3686	C	0.393	0.1356406
3687	C	0.364	0.142418
3688	C	0.338	0.1327739
3689	T	0.440	0.1233954
3690	G	0.289	0.1196716
3691	G	-0.072	0.1258748
3692	T	0.501	0.1157826
3693	G	0.214	0.1008991
3694	T	0.098	0.09687414
3695	C	0.453	0.0858158
3696	C	0.246	0.08081742
3697	T	0.195	0.08536604
3698	C	0.244	0.09338296
3699	G	0.136	0.1059145
3700	T	-0.123	0.09879439
3701	C	0.093	0.1145787
3702	T	0.399	0.1126663
3703	G	0.035	0.1049355
3704	A	0.238	0.09014015
3705	G	0.362	0.08398158
3706	G	0.147	0.07109544
3707	A	-0.414	0.06090254
3708	T	0.223	0.07044454
3709	G	-0.092	0.0805741
3710	G	-0.150	0.0750156
3711	A	0.157	0.07622992
3712	G	0.300	0.0731904
3713	G	-0.140	0.06115036
3714	T	-0.184	0.06103224
3715	A	-0.112	0.04974862
3716	A	-0.211	0.05017977
3717	G	-0.400	0.03349775
3718	A	-0.408	0.01970435
3719	A	-0.416	0.008270946
3720	T	-0.466	-0.008615574
3721	A	-0.030	-0.01696061
3722	C	0.368	-0.02758173
3723	C	0.461	-0.03011437
3724	T	0.503	-0.03882701
3725	A	-0.282	-0.04353755
3726	T	0.466	-0.05550928
3727	C	0.295	-0.06566898
3728	T	0	-0.07052903
 3729	C	-0.306	-0.08129777
3730	A	-0.085	-0.08777961
3731	A	-0.538	-0.09528751
3732	A	-0.277	-0.07965635
3733	G	0.050	-0.07513417
3734	G	0.350	-0.06475945
3735	T	0.095	-0.05942693
3736	T	0.454	-0.06124937
3737	G	0.212	-0.07065573
3738	G	-0.263	-0.07576099
3739	T	0.434	-0.07929859
3740	T	-0.274	-0.08521955
3741	G	-0.050	-0.08735775
3742	T	-0.332	-0.07934199
3743	G	-0.475	-0.07501389
3744	A	-0.473	-0.06254961
3745	A	-0.391	-0.04780787
3746	G	-0.170	-0.05667555
3747	A	-0.335	-0.07261031
3748	T	0.118	-0.08357946
3749	G	-0.299	-0.09167077
3750	A	-0.358	-0.09469615
3751	A	-0.505	-0.1105261
3752	A	-0.108	-0.1181028
3753	G	-0.207	-0.1101287
3754	A	-0.300	-0.09715344
3755	A	0.038	-0.09544557
3756	G	-0.228	-0.08787071
3757	G	0.366	-0.07443391
3758	C	0.449	-0.07212965
3759	T	0.426	-0.07152833
3760	T	0.115	-0.06343995
3761	T	0.066	-0.07099899
3762	C	-0.170	-0.07761257
3763	A	-0.395	-0.06435015
3764	A	-0.360	-0.07830329
3765	A	-0.408	-0.07962195
3766	T	-0.318	-0.07665726
3767	T	0	-0.07886722
 3768	G	-0.192	-0.07848548
3769	C	0.206	-0.07701932
3770	T	0.271	-0.0729139
3771	A	-0.473	-0.0794132
3772	A	-0.428	-0.07934386
3773	G	-0.086	-0.07943912
3774	T	0.098	-0.07380194
3775	T	-0.433	-0.06714353
3776	A	-0.325	-0.05116109
3777	G	-0.083	-0.04281423
3778	T	0.398	-0.02971359
3779	T	0.342	-0.01796261
3780	G	0	-0.02448976
 3781	G	-0.159	-0.0249235
3782	T	0.394	-0.02745524
3783	T	0.165	-0.04468832
3784	G	0.380	-0.05202043
3785	T	0.499	-0.05922559
3786	G	0.076	-0.05892902
3787	A	-0.117	-0.06106062
3788	T	0.399	-0.05248225
3789	T	-0.263	-0.04088189
3790	G	-0.340	-0.02300337
3791	T	0.097	-0.006982414
3792	A	-0.442	-0.01460667
3793	A	-0.456	-0.009904114
3794	T	-0.399	-0.01180235
3795	T	-0.185	-0.02009087
3796	A	-0.495	-0.01286787
3797	A	-0.332	0.003668546
3798	G	0.113	0.01357685
3799	G	-0.017	0.0196935
3800	G	-0.025	0.02891965
3801	C	0.293	0.03338945
3802	C	0.309	0.04362757
3803	C	0.447	0.03889127
3804	T	0.287	0.03107953
3805	T	-0.288	0.02699471
3806	G	-0.249	0.02081897
3807	G	0.240	0.007506172
3808	A	-0.412	-0.004722828
3809	G	0.059	-0.01209192
3810	A	-0.244	-0.0254038
3811	T	0.080	-0.02125346
3812	G	-0.276	-0.01928114
3813	G	0.032	-0.0256402
3814	A	0.219	-0.02104341
3815	T	0.485	-0.02252371
3816	C	0.482	-0.02227435
3817	A	-0.381	-0.01935409
3818	T	0.042	-0.01338721
3819	T	0.112	0.000503586
3820	C	-0.143	0.009182226
3821	A	-0.112	0.01940658
3822	T	0.398	0.02080582
3823	C	0.408	0.02743608
3824	C	0.404	0.02823697
3825	A	0.027	0.03829012
3826	G	-0.101	0.02906158
3827	T	0.428	0.01842342
3828	C	0.161	0.006771142
3829	A	-0.048	-0.009523098
3830	G	-0.204	-0.007249398
3831	A	-0.468	0.004418822
3832	A	-0.271	-0.001868262
3833	G	-0.445	0.005569332
3834	A	0.012	0.01022826
3835	T	-0.165	0.01860434
3836	T	0.283	0.02558918
3837	T	-0.019	0.02901954
3838	G	0.081	0.02592991
3839	T	-0.033	0.02388883
3840	G	-0.414	0.01301992
3841	T	0.109	-0.002265764
3842	A	-0.296	0.01047798
3843	C	-0.158	0.01834314
3844	A	0.294	0.02513392
3845	G	0.248	0.02800242
3846	T	0.015	0.0392764
3847	G	-0.262	0.03807338
3848	A	0.444	0.02656056
3849	C	0.022	0.01165304
3850	T	0.476	0.01219
3851	A	-0.167	0.02420074
3852	T	-0.222	0.01115602
3853	A	-0.135	0.002140882
3854	T	-0.527	0.004981026
3855	G	-0.174	0.002774186
3856	C	0.333	0.007478426
3857	A	-0.074	0.003765386
3858	A	-0.040	0.009874986
3859	C	0.292	0.001606278
3860	G	0.174	0.002671698
3861	C	0.430	-0.009643042
3862	T	-0.105	-0.01965688
3863	G	-0.121	-0.02638813
3864	T	0.116	-0.02638867
3865	G	-0.057	-0.01865681
3866	T	-0.281	-0.01282429
3867	G	0.255	0.000343408
3868	T	0.436	0.007670088
3869	C	0.451	-
3870	C	0	-
 3871	A	0.451	-
3872	C	0.338	-
3873	T	-0.167	-
3874	A	-0.340	-
3875	C	0.054	-
3876	T	0.498	-
3877	G	-0.224	-
3878	A	-0.288	-
3879	T	0.093	-
3880	G	-0.314	-
3881	A	-0.233	-
3882	A	-0.456	-
3883	A	-0.140	-
3884	G	-0.400	-
3885	A	-0.112	-
3886	G	-0.332	-
3887	A	-0.519	-
3888	T	-0.255	-
3889	A	-0.033	-
3890	G	-0.027	-
3891	C	0.401	-
3892	C	0.361	-
3893	G	0.208	-
