1	A	-0.127	-
2	G	0.372	-
3	C	0.417	-
4	C	0.411	-
5	A	0.513	-
6	G	-0.387	-
7	A	-0.357	-
8	A	-0.268	-
9	T	-0.072	0.04661782
10	G	0.060	0.05867997
11	T	0.443	0.05568185
12	C	0.174	0.05580632
13	A	-0.464	0.04882574
14	G	0.264	0.04038415
15	A	0.173	0.09102732
16	A	-0.082	0.1368421
17	T	-0.276	0.1558729
18	C	0.077	0.1466638
19	T	0.321	0.1431009
20	T	0.419	0.1120007
21	G	0.292	0.1306572
22	G	0.369	0.173943
23	G	0.473	0.1803645
24	C	0.421	0.1642751
25	A	0.055	0.1791182
26	T	-0.229	0.1681251
27	T	0	0.1491453
 28	G	-0.085	0.1174615
29	T	0.491	0.06397404
30	C	0.271	0.06559745
31	T	0.373	0.05952634
32	A	-0.100	0.04231704
33	T	0.169	0.04423622
34	G	-0.463	0.0514562
35	A	-0.245	0.05326702
36	G	-0.217	0.06640302
37	A	-0.489	0.09132971
38	T	0.320	0.07630318
39	T	0.266	0.08176876
40	G	0.181	0.06260172
41	C	0.453	0.04337784
42	T	0.177	0.01938436
43	A	-0.198	0.04866437
44	G	0.223	0.09037119
45	C	0.338	0.1214809
46	C	0.236	0.1268725
47	A	0.363	0.09364549
48	C	0.047	0.07795649
49	A	-0.427	0.05816061
50	A	-0.238	0.03445869
51	G	0.033	-0.005344959
52	C	0.463	-0.006051371
53	T	0.311	-0.02441856
54	T	-0.398	-0.03391809
55	T	-0.244	-0.03360568
56	T	0	-0.03764592
 57	C	-0.155	-0.04046199
58	T	0.051	0.009211188
59	T	-0.498	0.03825584
60	G	-0.210	0.03530618
61	T	-0.088	0.02140283
62	G	0.176	0.004749853
63	G	0.241	0.04318415
64	G	0.295	0.0459615
65	G	0	0.06886191
 66	G	0.417	0.1029546
67	C	0.255	0.09762896
68	G	-0.016	0.1370473
69	G	0.227	0.1430458
70	C	0.028	0.169256
71	A	0.255	0.1588575
72	A	-0.197	0.121633
73	C	0.389	0.09107257
74	T	0.424	0.1114929
75	T	-0.039	0.1019412
76	C	0.171	0.07265022
77	A	-0.108	0.09089286
78	C	0.356	0.08896569
79	A	0	0.09403249
 80	G	-0.391	0.09889396
81	G	-0.224	0.1312333
82	A	0.347	0.1323173
83	G	0.254	0.07656108
84	C	-0.242	0.08442657
85	T	0.293	0.08574769
86	G	0.194	0.1084303
87	G	0.114	0.1013871
88	G	0.337	0.09114628
89	G	0.352	0.107626
90	G	0.407	0.1044696
91	G	-0.523	0.07307416
92	T	0.094	0.03512604
93	C	0.193	0.07343934
94	C	0.276	0.05997326
95	A	0.236	0.03188302
96	G	-0.174	0.02956161
97	G	-0.110	-0.003296924
98	A	-0.277	-0.01269669
99	G	-0.186	-0.05437981
100	A	-0.390	-0.04785257
101	C	0.408	-0.08052126
102	A	0.064	-0.0851592
103	T	-0.282	-0.1048442
104	G	0.075	-0.1093395
105	A	-0.220	-0.07420931
106	T	0.192	-0.04530878
107	T	-0.300	-0.006015718
108	G	-0.412	-0.004969482
109	A	-0.461	0.0006610471
110	A	0.114	-0.02338672
111	C	-0.057	-0.03193612
112	T	0.160	-0.001900476
113	C	0.423	0.009437294
114	C	0.380	0.05037953
115	T	0.390	0.03903453
116	A	-0.168	0.06368412
117	C	-0.294	0.06856341
118	C	0	0.06987941
 119	A	-0.080	0.04091088
120	T	0.227	0.05088764
121	C	0.267	0.04946605
122	C	0.475	0.04903105
123	C	0	0.05409622
 124	A	0.118	0.03197106
125	T	-0.329	0.03690289
126	G	-0.438	0.02996478
127	T	-0.377	0.0009048353
128	A	0.111	-0.0094618
129	G	0.136	-0.03947162
130	G	0.415	-0.07964462
131	T	0.466	-0.1075963
132	G	0.013	-0.09351109
133	G	-0.084	-0.08116115
134	A	-0.412	-0.06513353
135	A	-0.494	-0.01545112
136	A	-0.256	0.03688653
137	T	-0.282	0.05713176
138	T	-0.415	0.03105441
139	A	0	-0.01815894
 140	C	0.239	-0.06644435
141	C	0.328	-0.09682731
142	A	-0.057	-0.1055108
143	C	0.405	-0.06464014
144	C	0.512	-0.009132906
145	C	0.455	0.02316686
146	A	-0.306	0.0672308
147	T	-0.420	0.1106737
148	A	-0.354	0.1081203
149	G	-0.502	0.06337075
150	A	-0.232	0.04406992
151	G	0.282	0.05973806
152	T	0.449	0.04198018
153	C	0.292	0.02792183
154	C	0.466	0.02620401
155	C	0.323	0.05867524
156	A	-0.043	0.1019831
157	C	-0.521	0.1388558
158	A	0	0.1512545
 159	G	0.209	0.1536392
160	G	0.103	0.1246015
161	G	0.273	0.1252401
162	C	0.426	0.1199135
163	T	0.245	0.1143651
164	C	0.315	0.09474636
165	C	0.272	0.1131251
166	A	-0.291	0.1552622
167	G	-0.192	0.1799071
168	A	-0.211	0.1841605
169	C	0.460	0.1980549
170	C	0.201	0.1532009
171	T	0.372	0.1280982
172	C	-0.010	0.1165184
173	A	0.269	0.08890196
174	G	0.195	0.05956072
175	C	0.418	0.04975802
176	T	0.281	0.03519837
177	C	0.340	0.03077755
178	G	-0.489	-0.02124592
179	A	0	-0.01136328
 180	C	0.048	-0.01061369
181	T	-0.154	0.01309842
182	A	-0.226	0.01488825
183	G	-0.458	-0.01863558
184	A	-0.439	-0.01814793
185	G	-0.286	-0.004553694
186	A	-0.423	-0.03440881
187	C	0.369	0.003797776
188	C	0.385	0.03106684
189	A	0.392	0.04798571
190	G	0.299	0.07136018
191	A	-0.374	0.1136171
192	C	0.427	0.1140448
193	T	0.512	0.1231484
194	G	-0.167	0.1090853
195	T	0.160	0.1549591
196	C	0.463	0.1496921
197	T	0.335	0.1476015
198	G	0.243	0.1490642
199	T	0.491	0.1578176
200	G	-0.451	0.2025121
201	T	-0.284	0.1901168
202	A	-0.525	0.1632441
203	T	0.355	0.1879759
204	C	0.280	0.1996972
205	G	0.349	0.1975632
206	C	0.417	0.2029438
207	C	0.448	0.2027327
208	C	0.384	0.195102
209	A	0.216	0.2279133
210	C	0.055	0.2472688
211	T	0.253	0.2999559
212	G	0.359	0.3051429
213	C	0.427	0.3010317
214	C	0.427	0.2892721
215	C	0.239	0.2431306
216	C	0.362	0.2101703
217	A	0.106	0.1804734
218	C	0.044	0.1592389
219	A	0.370	0.1757064
220	C	0.444	0.1825726
221	C	0.210	0.1882496
222	T	0.149	0.1930103
223	G	-0.366	0.1726768
224	A	-0.112	0.1555655
225	A	-0.119	0.128843
226	C	-0.144	0.1293068
227	T	0.335	0.1528102
228	C	0.369	0.1526654
229	C	0.456	0.154056
230	T	0.508	0.1580441
231	G	0.081	0.1571134
232	A	-0.051	0.202294
233	T	-0.092	0.1936995
234	G	0.114	0.1774922
235	T	0.443	0.2040645
236	C	0.367	0.19245
237	T	0.467	0.1975278
238	G	0.278	0.1842349
239	T	0.133	0.1644636
240	T	0.401	0.1712226
241	T	-0.258	0.1958432
242	T	-0.395	0.1829843
243	T	0.307	0.1971336
244	C	0.138	0.1856446
245	T	0.456	0.1812738
246	T	0.230	0.1587897
247	C	0.172	0.1254303
248	T	0.196	0.1012843
249	G	0.367	0.1050093
250	G	-0.310	0.1454153
251	A	0.355	0.1901003
252	T	0.248	0.155918
253	C	0.293	0.1254703
254	A	0.085	0.1288203
255	A	-0.288	0.1276692
256	G	-0.276	0.1219016
257	T	0.464	0.1317016
258	C	0.428	0.09198406
259	A	0.364	0.120935
260	G	-0.273	0.08280048
261	G	-0.379	0.05863936
262	A	0.513	0.04605533
263	C	0.210	0.06674448
264	A	0.074	0.1019029
265	C	0.363	0.09236948
266	A	-0.307	0.07557736
267	G	0.181	0.04401142
268	A	-0.293	0.007810124
269	C	-0.162	0.0093653
270	A	0.079	0.03860206
271	T	0.437	0.002631312
272	C	0.308	-0.03504322
273	A	-0.438	-0.06396525
274	G	0.179	-0.1153758
275	A	-0.107	-0.09545078
276	G	-0.251	-0.1009505
277	A	-0.247	-0.1079096
278	C	0.117	-0.1216765
279	T	-0.098	-0.109097
280	A	-0.429	-0.1027844
281	A	-0.417	-0.1241334
282	T	-0.510	-0.09717342
283	A	0.030	-0.09992654
284	C	0.088	-0.1130205
285	A	-0.411	-0.1229322
286	A	-0.396	-0.1156287
287	T	0.293	-0.1097551
288	C	0.544	-0.09119973
289	A	-0.054	-0.05898808
290	T	0.019	-0.03304205
291	T	0.132	-0.02663452
292	G	-0.330	-0.003263053
293	A	-0.419	0.01797404
294	A	-0.123	0.05251998
295	T	0.217	0.08457968
296	C	0.216	0.06732945
297	A	0.117	0.03128356
298	T	0.023	0.05137935
299	G	-0.401	0.06727826
300	G	0.428	0.08307568
301	T	0.449	0.1304153
302	T	0.175	0.1581036
303	C	0.148	0.1391148
304	T	0	0.1115855
 305	G	-0.068	0.1272
306	T	0.287	0.1453999
307	T	0.289	0.1328503
308	C	0.401	0.1324292
309	C	0.474	0.08050563
310	A	0.050	0.02700975
311	A	-0.446	-0.01356025
312	A	-0.250	-0.04675914
313	T	0.482	-0.07243525
314	T	0.427	-0.08843555
315	T	-0.189	-0.1354216
316	T	-0.409	-0.1699243
317	T	-0.454	-0.2101615
318	A	-0.460	-0.253156
319	A	-0.513	-0.2301895
320	A	-0.415	-0.1877446
321	A	-0.436	-0.1834088
322	G	-0.340	-0.2290029
323	A	-0.511	-0.2798183
324	A	-0.296	-0.2937398
325	A	-0.282	-0.2793435
326	G	-0.256	-0.2551404
327	T	0.441	-0.2130696
328	T	0.275	-0.1573732
329	T	-0.176	-0.1094998
330	T	-0.292	-0.05786428
331	T	-0.436	-0.02604764
332	A	-0.426	0.02492984
333	C	-0.164	0.03622842
334	A	-0.043	0.04509236
335	T	0.254	0.08955878
336	C	0.432	0.07365748
337	C	0.398	0.0465086
338	C	0.441	0.04028413
339	A	0.200	0.03404766
340	C	0.355	0.0359196
341	A	-0.104	0.04973766
342	G	-0.132	0.0719016
343	T	0.499	0.05863565
344	C	0.171	0.06589747
345	A	-0.186	0.06429853
346	A	-0.282	0.05243859
347	G	-0.398	0.01099406
348	A	-0.405	0.02255712
349	A	-0.191	0.01024659
350	C	0.212	0.02013859
351	A	-0.268	0.02045948
352	C	0.378	-0.0244697
353	T	0.405	-0.05663041
354	G	0.196	-0.06798876
355	A	-0.263	-0.07992546
356	C	0.397	-0.07879182
357	T	0.146	-0.06783358
358	C	0.063	-0.03128223
359	A	-0.126	-0.01958129
360	T	-0.264	0.007277182
361	A	-0.375	0.01074871
362	A	-0.379	0.01281224
363	T	-0.485	0.01331648
364	A	-0.379	0.05472001
365	G	-0.218	0.01799406
366	T	0.429	-0.01780058
367	T	0.411	-0.049904
368	C	0.187	-0.05728753
369	C	0.437	-0.06399188
370	T	0.440	-0.02835988
371	G	0.205	-0.03051547
372	T	0.440	-0.02958124
373	G	-0.227	-0.009633294
374	T	-0.462	0.02078171
375	G	-0.482	-0.02073435
376	A	-0.252	-0.04631474
377	A	-0.378	-0.04017632
378	A	0.230	-0.04941179
379	G	-0.415	-0.06293232
380	A	-0.469	-0.07208892
381	A	-0.040	-0.09703518
382	T	0.298	-0.07400729
383	T	-0.276	-0.04248506
384	G	-0.023	-0.04146548
385	C	0.292	-0.04813154
386	A	0.280	-0.05035724
387	T	0.210	-0.08817183
388	G	0.049	-0.06446959
389	G	0.016	-0.04680859
390	A	0.164	-0.04803457
391	C	0.073	-0.06852102
392	A	-0.464	-0.0489956
393	A	-0.365	-0.06260957
394	A	-0.416	-0.1054993
395	A	-0.412	-0.1535173
396	A	-0.012	-0.1971013
397	T	-0.169	-0.2279907
398	G	-0.061	-0.2168792
399	G	-0.049	-0.2060045
400	A	0.055	-0.1878267
401	G	-0.254	-0.1381997
402	A	-0.436	-0.09228242
403	A	-0.535	-0.0530033
404	A	-0.529	-0.003921829
405	A	-0.475	0.0005197647
406	G	0.205	-0.01339747
407	C	0.349	-0.02799226
408	C	0.382	-0.05417945
409	C	0.378	-0.04975235
410	G	0.414	-0.03924092
411	G	0.251	-0.03320851
412	G	0.421	-0.02561362
413	G	0.062	-0.02599498
414	T	-0.405	-0.004268565
415	A	-0.309	0.004960788
416	A	-0.495	-0.006511741
417	G	0.131	-0.02302368
418	G	-0.076	-0.05292874
419	A	-0.334	-0.09693409
420	G	-0.406	-0.1083441
421	A	-0.536	-0.1515455
422	T	-0.106	-0.137674
423	C	0.362	-0.09247721
424	C	0.154	-0.06599086
425	A	0.101	-0.02255645
426	G	-0.129	-0.006475682
427	T	-0.333	0.01284289
428	G	0.057	0.04755871
429	A	-0.312	0.0622483
430	C	0.298	0.06744542
431	A	0.362	0.04427418
432	G	0.140	-0.006294818
433	G	0.243	-0.02053885
434	C	0.404	-0.01319044
435	C	0.252	0.01306885
436	C	0.255	0.01378003
437	A	-0.157	0.004707147
438	A	-0.448	0.02717358
439	A	-0.500	0.005865988
440	T	-0.497	-0.01314982
441	T	-0.087	-0.03029688
442	G	0.226	-0.03039794
443	G	0.316	-0.03579535
444	G	-0.321	-0.02867188
445	A	-0.096	-0.03064724
446	T	0.069	-0.0221484
447	T	-0.063	-0.01352111
448	C	0.039	-0.01616228
449	A	-0.150	-0.002575988
450	G	0.241	-0.01514225
451	C	0.312	-0.02535566
452	T	0.373	-0.05093066
453	C	0.222	-0.01820801
454	A	-0.012	0.001715394
455	T	-0.301	0.01824614
456	G	-0.545	0.04237555
457	A	-0.266	0.05918419
458	G	-0.301	0.05650384
459	G	0.053	0.009820835
460	A	-0.117	-0.03736728
461	G	0.235	-0.04817028
462	G	0.241	-0.04150111
463	C	0.350	-0.01433435
464	C	0.346	0.01378141
465	C	0.324	0.02945965
466	C	-0.196	0.01630735
467	A	-0.552	0.01236982
468	A	-0.489	0.02283441
469	G	0.189	0.008643765
470	G	0.335	-0.002748735
471	C	0.449	-0.02572515
472	C	0.176	-0.07128244
473	T	-0.278	-0.09945115
474	A	-0.489	-0.1386531
475	A	-0.368	-0.1490349
476	C	0.231	-0.09897632
477	A	-0.359	-0.04241291
478	C	0.041	-0.0806395
479	T	-0.148	-0.1188423
480	A	-0.424	-0.1350079
481	T	-0.132	-0.1551649
482	T	-0.341	-0.1150854
483	A	-0.372	-0.0641265
484	C	0.298	-0.03954901
485	C	0.472	-0.05519726
486	A	-0.460	-0.04318714
487	A	-0.313	-0.03352935
488	A	0.174	0.0005130647
489	G	-0.166	0.03319071
490	C	0.402	0.05333836
491	T	0.376	0.0669173
492	A	0.049	0.110042
493	T	-0.034	0.1126002
494	G	-0.154	0.09863259
495	G	0.205	0.1456893
496	T	0.430	0.1658779
497	G	0.131	0.1299499
498	T	0.210	0.1116118
499	G	-0.110	0.05566198
500	C	0.360	0.007761512
501	T	0.342	0.01771614
502	C	0.234	0.03566162
503	A	0.339	0.0447778
504	C	0.029	0.03876074
505	A	-0.436	0.03651592
506	A	-0.477	0.04304709
507	A	-0.548	0.02912571
508	A	-0.437	0.008092647
509	G	0.218	-0.01311571
510	G	0.270	-0.04209529
511	G	0	-0.05259964
 512	G	0.103	-0.06660929
513	A	0.391	-0.08016821
514	C	0.242	-0.059858
515	T	-0.026	-0.02210859
516	A	-0.468	0.01194058
517	T	0	0.05046681
 518	C	-0.150	0.04659575
519	A	0.056	0.05453493
520	T	0.101	0.08016534
521	G	-0.201	0.08967658
522	A	-0.091	0.08326858
523	C	0.163	0.08033922
524	T	0.030	0.09344467
525	G	0.216	0.09549726
526	T	0.152	0.06523638
527	C	0.405	0.04341502
528	C	0.435	0.04011266
529	T	0.265	0.009428429
530	C	0.282	0.02823314
531	C	0.192	0.05861211
532	G	0.196	0.0743354
533	A	-0.433	0.08447206
534	A	-0.514	0.05980847
535	A	-0.521	0.03660729
536	C	0	-0.01808988
 537	A	-0.420	-0.04891582
538	A	0.118	-0.0435997
539	C	0.425	-0.03976505
540	C	0.431	-0.03546029
541	A	0.202	-0.0707687
542	A	-0.202	-0.04697137
543	C	-0.241	-0.03447002
544	A	-0.524	-0.02331743
545	A	-0.088	-0.04637908
546	G	0.355	-0.03423155
547	C	0.348	-0.03474819
548	A	0.265	-0.07982731
549	A	-0.403	-0.1143185
550	T	-0.028	-0.1006503
551	T	-0.301	-0.06787837
552	G	-0.331	-0.02831049
553	A	-0.392	0.02296798
554	A	-0.213	0.002581212
555	A	0.109	-0.02546955
556	G	-0.341	-0.06188091
557	A	-0.155	-0.07394103
558	G	0.435	-0.04273309
559	T	0.354	-0.04553178
560	C	0.430	-0.01251908
561	A	0.346	-0.01228631
562	G	-0.434	-0.0001842529
563	A	-0.121	0.01836816
564	C	-0.270	0.01348923
565	A	0.060	0.01481841
566	C	0.126	-0.007793771
567	A	-0.076	-0.0521033
568	G	0.259	-0.06614824
569	A	-0.327	-0.09083881
570	G	-0.186	-0.09003269
571	A	0.101	-0.04397081
572	T	0.026	-0.01116892
573	T	-0.318	-0.02210034
574	T	-0.539	-0.0227265
575	A	-0.318	-0.02555815
576	C	0.116	0.01124286
577	A	0.011	0.008183276
578	C	0.360	0.01297375
579	C	0.348	0.0398821
580	C	0.436	0.01647116
581	A	-0.456	0.02646685
582	A	0.049	0.05323985
583	C	0.078	0.111714
584	C	0.549	0.1090429
585	A	0.207	0.09126068
586	T	-0.246	0.06030495
587	T	0.271	0.03517372
588	G	-0.296	0.02214978
589	G	0.196	0.01554266
590	A	0.136	0.06463295
591	C	0.454	0.07287406
592	A	-0.363	0.09367189
593	G	-0.186	0.05094489
594	A	-0.515	0.01918106
595	A	-0.066	0.03183244
596	G	0.126	0.02837679
597	C	0.324	0.06938191
598	T	0.377	0.08115521
599	G	0.190	0.1007106
600	C	0.431	0.06822184
601	T	-0.177	0.09082906
602	A	-0.332	0.1247277
603	A	-0.031	0.1764236
604	C	0.212	0.1979218
605	C	0.400	0.2043522
606	C	0.396	0.1903998
607	C	0.469	0.1490017
608	T	-0.097	0.1122377
609	G	0.020	0.1026676
610	T	0.390	0.1141713
611	G	0.363	0.1196166
612	G	0.298	0.1398903
613	T	0.236	0.1359987
614	T	0.086	0.1022454
615	G	-0.325	0.05682691
616	A	-0.434	0.009467788
617	A	0.269	-0.01584919
618	T	0.018	-0.04701425
619	T	-0.240	-0.07141512
620	A	0.313	-0.07028982
621	G	0.146	-0.06362224
622	G	-0.172	-0.06142165
623	G	-0.375	-0.06774822
624	A	-0.335	-0.05954416
625	A	-0.528	-0.04808352
626	A	-0.508	-0.0884304
627	A	-0.024	-0.1071612
628	G	0.382	-0.1162295
629	C	0.412	-0.1565038
630	T	0.273	-0.1796534
631	G	-0.020	-0.1464585
632	G	-0.186	-0.09787799
633	A	-0.240	-0.06712828
634	A	-0.416	-0.03373628
635	G	-0.300	-0.01483693
636	A	-0.394	-0.01653961
637	A	-0.371	-0.05841091
638	G	-0.247	-0.09637808
639	C	0.391	-0.1350781
640	T	0.450	-0.1496583
641	G	0.186	-0.1105461
642	A	0.039	-0.08738185
643	G	-0.187	-0.05399844
644	G	-0.053	-0.05165132
645	A	-0.328	-0.04079955
646	A	-0.233	-0.03362244
647	G	-0.384	0.005434859
648	A	-0.268	0.01060021
649	T	0.478	0.0097268
650	C	0.153	0.005813388
651	A	0.150	-0.02564008
652	T	-0.260	-0.04400867
653	G	-0.209	-0.061116
654	A	-0.249	-0.06192188
655	C	0.416	-0.05975665
656	T	0.479	-0.06041247
657	C	0.435	-0.07026576
658	T	0.120	-0.1181731
659	A	-0.495	-0.1487712
660	T	-0.499	-0.1330015
661	A	-0.344	-0.09288394
662	G	-0.342	-0.08231948
663	G	-0.196	-0.0537783
664	A	-0.395	-0.05319218
665	A	-0.436	-0.07545959
666	G	-0.335	-0.0891463
667	A	-0.366	-0.07348418
668	C	0.418	-0.01856748
669	C	0.421	0.03870152
670	A	-0.030	0.07588752
671	G	0.236	0.08286688
672	C	0.426	0.08825511
673	A	0.100	0.1123904
674	G	0.203	0.1253446
675	T	0.386	0.1190016
676	C	0.438	0.1193861
677	T	0.473	0.1095061
678	C	0.287	0.1092181
679	A	-0.223	0.1343221
680	A	-0.104	0.1416037
681	C	0.014	0.126918
682	T	-0.215	0.1344965
683	A	-0.443	0.1107764
684	A	-0.359	0.0945833
685	T	0.251	0.0742709
686	C	0.416	0.07046925
687	T	0.396	0.07833596
688	G	0.359	0.08403866
689	G	0.176	0.09290196
690	A	0.229	0.08120413
691	C	-0.200	0.08693866
692	T	0.111	0.08944254
693	T	0.092	0.1385122
694	C	0.408	0.1408951
695	C	0.421	0.1458417
696	A	-0.127	0.1456055
697	G	0.045	0.1517447
698	A	-0.184	0.1650315
699	G	-0.118	0.1446604
700	A	-0.401	0.1376967
701	T	0.474	0.1227181
702	C	0.291	0.1163247
703	T	0.501	0.08473398
704	C	0.392	0.07151686
705	T	0.464	0.0890211
706	C	0.402	0.06007486
707	A	-0.116	0.03862704
708	G	-0.318	0.06939992
709	A	-0.143	0.1194383
710	C	-0.015	0.1124671
711	A	-0.128	0.1127652
712	C	0.196	0.1044449
713	T	0.170	0.08195481
714	G	-0.446	0.03097904
715	A	-0.548	-0.02354649
716	G	0.404	-0.04000578
717	C	0.449	-0.03679908
718	C	0.355	-0.02644703
719	A	0.296	-0.008660718
720	C	0.359	0.01500846
721	C	0.010	0.02332146
722	A	-0.402	0.02416316
723	A	-0.524	0.06398652
724	A	-0.396	0.0933384
725	C	-0.263	0.06193452
726	A	0.032	0.02181928
727	G	0.286	-0.02799513
728	G	0.274	-0.03240701
729	C	0.337	-0.04951337
730	A	0.184	-0.0269639
731	G	0.230	0.01705104
732	C	-0.049	0.06771986
733	A	-0.129	0.117219
734	T	-0.232	0.1366256
735	A	-0.491	0.117538
736	C	0.221	0.07186091
737	A	0.068	0.02924491
738	C	0.393	-0.002263735
739	C	0.345	-0.01313862
740	A	0.337	-0.02798192
741	G	0.444	-0.02946563
742	C	0.066	-0.0331411
743	T	-0.291	-0.0009105118
744	A	-0.489	0.04720055
745	A	-0.450	0.05566149
746	T	-0.197	0.07836555
747	G	0	0.06881332
 748	T	-0.021	0.05678879
749	G	-0.074	0.02105402
750	A	-0.191	-0.01183898
751	G	0.315	-0.03181936
752	G	0.326	-0.009286182
753	C	0.365	0.01679129
754	C	0.454	0.07173911
755	T	0.231	0.08268966
756	T	0.141	0.06724925
757	C	-0.270	0.04539573
758	A	-0.114	0.03438803
759	A	-0.273	0.03820979
760	C	0.091	0.04688297
761	A	-0.046	0.02838819
762	C	0.483	0.02675454
763	A	-0.011	0.003108982
764	T	-0.262	-0.002359312
765	A	-0.393	-0.04164696
766	T	-0.262	-0.05543061
767	A	-0.126	-0.05055454
768	C	0.462	-0.06414742
769	A	0.012	-0.06320031
770	G	0.337	-0.03846154
771	C	0.052	-0.04707019
772	A	0.138	-0.03916933
773	G	-0.526	-0.001316153
774	A	-0.504	0.04731744
775	G	-0.031	0.08010496
776	G	-0.504	0.09822355
777	A	0.107	0.08340167
778	C	0.374	0.1047787
779	T	0.337	0.09456334
780	G	0.122	0.1209296
781	C	0.381	0.09936025
782	T	0.433	0.1277794
783	G	0.295	0.159728
784	G	0.181	0.186249
785	G	0.210	0.2371983
786	T	0.375	0.2557544
787	C	0.164	0.215229
788	T	0.501	0.1802558
789	G	-0.228	0.1916014
790	T	-0.043	0.1665199
791	A	0.038	0.1250716
792	C	0.419	0.1138904
793	T	0.361	0.07504912
794	C	0.422	0.03196076
795	A	-0.314	-0.005320941
796	A	-0.256	-0.03311559
797	T	0.315	-0.06992176
798	C	-0.045	-0.06570135
799	A	-0.270	-0.03543981
800	G	0.105	-0.03117076
801	A	-0.478	-0.06614918
802	A	-0.521	-0.09959512
803	A	-0.258	-0.09606553
804	A	-0.308	-0.06837229
805	G	-0.124	-0.07322588
806	A	-0.156	-0.1173201
807	C	0.471	-0.1400882
808	T	0.111	-0.1030415
809	A	-0.175	-0.08343471
810	A	-0.207	-0.02807788
811	C	0.482	0.02162594
812	C	0.155	0.05237094
813	A	-0.339	0.04253406
814	A	-0.433	0.03703271
815	A	-0.432	0.02370206
816	T	0.358	-0.02573876
817	T	0.438	-0.05358794
818	C	0.462	-0.06685624
819	T	0.323	-0.04940565
820	C	0.264	-0.07347006
821	A	-0.475	-0.06677636
822	A	-0.218	-0.0417597
823	G	-0.383	0.004886359
824	A	-0.369	0.02098536
825	G	-0.362	0.02711559
826	A	-0.400	0.02788036
827	T	0.089	0.02677654
828	T	0.073	-0.01742076
829	G	0.269	-0.01707052
830	G	0.085	0.03584889
831	A	0.359	0.06523736
832	G	-0.158	0.09911812
833	T	0.463	0.11856
834	C	0.451	0.1456271
835	T	0.443	0.1374089
836	T	-0.428	0.1383219
837	G	0.270	0.1457062
838	C	0.423	0.126948
839	A	0.281	0.125682
840	G	0.192	0.1102762
841	G	-0.038	0.09630529
842	G	0.097	0.07301959
843	A	-0.540	0.05713494
844	A	0.105	0.04328465
845	T	0.199	0.08417947
846	G	-0.049	0.08354447
847	G	0.064	0.081106
848	G	0.097	0.07746159
849	A	-0.396	0.074524
850	A	0.067	0.09857911
851	G	0.181	0.09841542
852	G	0.207	0.1211954
853	T	0.267	0.09865901
854	C	0.259	0.08694584
855	T	0.382	0.07813114
856	G	0.219	0.07856453
857	G	0.142	0.08743241
858	G	0.370	0.1356841
859	T	0.095	0.1172739
860	G	-0.153	0.1316478
861	T	-0.278	0.1085156
862	A	0	0.1085108
 863	G	-0.199	0.1170117
864	G	0.071	0.1073046
865	G	0.247	0.1179095
866	G	0.424	0.1021812
867	T	-0.245	0.09997299
868	G	0.425	0.1013158
869	G	-0.185	0.12307
870	T	0.267	0.1690957
871	G	0.404	0.1401049
872	T	0.217	0.1209888
873	G	0.399	0.09602106
874	G	-0.124	0.07220159
875	A	0.332	0.05415918
876	C	0.117	0.06412294
877	T	0.216	0.04417835
878	T	0.504	0.03887471
879	T	-0.492	0.03643676
880	A	-0.524	0.03158818
881	G	-0.352	0.04489676
882	G	-0.157	0.04085712
883	G	0.117	0.06046076
884	A	-0.076	0.01669006
885	C	0.086	0.001938176
886	A	-0.275	0.008139294
887	G	0.225	-0.04771
888	C	0.321	-0.02289001
889	C	0.443	-0.001543771
890	T	0.331	-0.001852712
891	C	0.208	-0.01552677
892	A	-0.411	-0.04817595
893	T	-0.132	-0.03215759
894	G	0.322	-0.01839424
895	G	-0.445	0.01087711
896	A	-0.070	-0.01675224
897	G	-0.161	-0.02164783
898	A	-0.358	-0.03592889
899	T	-0.389	-0.03013959
900	A	-0.437	-0.01578048
901	G	0.195	0.01879576
902	T	0.320	0.03008255
903	G	0.222	-0.01746669
904	T	-0.244	-0.007062453
905	G	0.238	-0.02719745
906	G	0.200	-0.04220045
907	G	0.429	-0.04550321
908	G	0.452	-0.04616015
909	G	0.176	-0.03404251
910	G	0.059	-0.0606418
911	A	-0.486	-0.08029303
912	A	-0.268	-0.08906826
913	G	-0.413	-0.09815056
914	A	-0.416	-0.1193073
915	T	-0.414	-0.1288371
916	A	-0.400	-0.167926
917	G	-0.231	-0.1784244
918	G	-0.256	-0.1751099
919	A	-0.013	-0.2029321
920	G	0.072	-0.1480617
921	G	-0.398	-0.1178687
922	T	-0.120	-0.07443676
923	A	0.038	-0.02395382
924	T	-0.235	-0.009436171
925	G	0.274	-0.0087187
926	G	0.232	0.009125541
927	G	-0.413	0.007102188
928	A	0.446	0.009210959
929	T	0.245	9.484706e-05
930	G	0.325	0.02993826
931	T	0.442	0.04897255
932	T	-0.167	0.07303879
933	G	-0.388	0.07061132
934	A	0.071	0.04672785
935	A	-0.290	0.0205742
936	C	0.022	0.06412426
937	A	-0.082	0.03166767
938	G	0.108	0.03026338
939	T	0.202	0.02486338
940	C	0.448	-0.004047906
941	A	-0.276	-0.02515279
942	G	-0.131	0.006534271
943	A	-0.212	0.007983318
944	G	0.326	0.05082338
945	G	-0.105	0.05974954
946	G	0.221	0.04885142
947	T	0.233	0.03259336
948	G	-0.049	-0.003240818
949	G	-0.526	-
950	A	0.150	-
951	G	0.096	-
952	C	0.437	-
953	A	0.174	-
954	G	-0.267	-
955	G	-0.167	-
956	A	-0.406	-
