1	C	0.403	-
2	T	0.440	-
3	C	0.432	-
4	T	0.422	-
5	C	0.207	-
6	T	0.276	0.3484527
7	C	0.368	0.3425477
8	C	0.188	0.3314399
9	T	0.315	0.3154692
10	C	0.378	0.3107532
11	C	0.398	0.3298642
12	C	0.338	0.3171355
13	T	0.318	0.3197355
14	G	0.257	0.3218545
15	G	0.371	0.329854
16	C	0.417	0.316717
17	A	0.136	0.2511144
18	G	0.397	0.1821325
19	C	0.211	0.1369025
20	C	0.403	0.070802
21	T	0.234	0.03461667
22	C	-0.323	0.02989849
23	A	-0.420	0.03183313
24	G	-0.179	0.01443222
25	A	-0.469	0.02294185
26	T	-0.026	-0.05992833
27	G	0.365	-0.1029001
28	G	0.157	-0.1131991
29	C	0.205	-0.04590224
30	T	0.305	0.004691491
31	A	-0.508	0.05429651
32	G	-0.238	0.04693965
33	A	-0.436	-0.0139058
34	G	0.319	-0.02523498
35	C	0.377	-0.09002362
36	T	0.075	-0.1552419
37	G	-0.107	-0.1395732
38	A	-0.303	-0.1128822
39	T	0.032	-0.04217746
40	G	-0.506	-0.03895965
41	A	-0.411	-0.06067646
42	G	-0.335	-0.04966675
43	A	0.055	-0.01062575
44	C	0.340	0.05082261
45	A	0.355	0.08359406
46	G	0.138	0.1681202
47	G	0.196	0.2486802
48	C	0.321	0.3262187
49	C	0.372	0.3578601
50	A	0.393	0.2804985
51	C	0.423	0.221134
52	C	0.474	0.2017169
53	C	0.517	0.2234451
54	T	0.403	0.2320356
55	T	-0.510	0.1962883
56	T	-0.297	0.1731713
57	G	-0.075	0.1727901
58	C	0.435	0.1679387
59	T	0.416	0.147388
60	G	-0.020	0.1388154
61	G	0.139	0.2237381
62	C	0.418	0.2116629
63	C	0.420	0.1745226
64	T	0.290	0.1022428
65	C	0.308	0.08849212
66	A	0.424	0.1065386
67	T	-0.430	0.1159336
68	T	-0.483	0.1108037
69	A	-0.359	0.1121575
70	C	0.264	0.1161406
71	C	0.177	0.1316337
72	A	0.242	0.07806209
73	G	0.362	0.1358852
74	C	0.435	0.1788031
75	T	0.334	0.2520243
76	C	0.479	0.2461746
77	T	-0.165	0.2603449
78	T	0.205	0.2579496
79	C	-0.011	0.1898046
80	C	0.446	0.107043
81	A	0.200	0.03198228
82	C	0.333	0.002608645
83	C	0.216	0.02543348
84	G	-0.387	0.0008080727
85	A	-0.474	0.0206087
86	A	-0.490	-0.03796357
87	G	0.156	-0.03064721
88	T	0.085	-0.02153785
89	G	-0.065	-0.006391209
90	T	0.206	0.009554791
91	G	-0.198	0.03432706
92	C	0.280	0.1009321
93	C	0.433	0.1064262
94	G	0.382	0.06384223
95	A	-0.211	0.03364064
96	G	-0.202	0.04140482
97	C	0.241	0.06729748
98	A	0.216	0.07703221
99	C	-0.382	0.06902439
100	A	-0.397	0.06965621
101	G	0.291	0.06159748
102	G	0.086	0.05872339
103	G	0.388	0.06101121
104	G	0.345	0.07601257
105	G	0.389	0.1360757
106	A	-0.300	0.1660886
107	A	-0.233	0.1204681
108	G	0.266	0.1169004
109	C	0.381	0.1103768
110	T	0.278	0.09867483
111	G	-0.067	0.08585046
112	A	-0.210	0.1522473
113	G	0.047	0.2104254
114	C	0.316	0.1637326
115	C	0.216	0.1514856
116	A	0.248	0.1631019
117	C	0.429	0.1706448
118	C	0.406	0.1654247
119	A	-0.246	0.1229153
120	G	0.246	0.05439572
121	C	0.405	0.01070026
122	A	0.015	-0.0415701
123	A	-0.267	-0.06638837
124	G	-0.420	-0.1033225
125	A	-0.437	-0.04419092
126	A	-0.263	-0.04312183
127	T	-0.326	-0.05953183
128	T	0.156	-0.07841618
129	G	0	-0.02447218
 130	C	0.403	0.04023345
131	C	0.258	0.1174152
132	T	0.225	0.1602014
133	G	-0.192	0.1898778
134	G	0.325	0.1528503
135	T	0.291	0.1373427
136	C	0.411	0.1291352
137	C	0.206	0.1472828
138	T	0	0.1754785
 139	A	-0.250	0.1900285
140	T	-0.170	0.1320557
141	G	0.313	0.07750902
142	C	0.458	0.0235482
143	C	0.535	-0.02003162
144	T	-0.032	-0.03300398
145	A	-0.311	0.01140775
146	A	-0.308	0.05008347
147	G	-0.182	0.05737338
148	G	-0.272	-0.007255891
149	A	-0.142	-0.07724962
150	C	0.238	-0.103587
151	T	0.254	-0.07103265
152	C	0.393	-0.03932021
153	A	-0.252	-0.01597119
154	G	-0.234	0.03612908
155	G	-0.321	0.08224435
156	A	0.046	0.09654581
157	C	0.040	0.1039239
158	T	0.074	0.1095584
159	T	0.300	0.1746547
160	C	0.364	0.2045293
161	T	0.395	0.1947121
162	C	0.336	0.1758851
163	C	0.455	0.1722048
164	C	0.463	0.2057783
165	T	0.094	0.2142373
166	T	-0.429	0.2178361
167	A	-0.160	0.220072
168	G	0	0.2174543
 169	C	0.444	0.1511064
170	C	0.393	0.06567275
171	C	0.404	0.07315282
172	C	0.420	0.1313376
173	T	0.307	0.1272975
174	G	-0.274	0.1469957
175	A	-0.476	0.1437924
176	C	0.176	0.1466691
177	C	0.210	0.1255774
178	A	-0.205	0.07992599
179	G	0.216	0.04689865
180	C	0.408	0.1005217
181	T	0.425	0.1667754
182	G	0.172	0.1887895
183	G	-0.082	0.2093436
184	A	-0.056	0.2682794
185	C	0.315	0.2160442
186	T	0.252	0.2190043
187	C	0.418	0.2017397
188	C	0.436	0.1934393
189	T	0.442	0.1891861
190	G	-0.357	0.2222113
191	T	0.441	0.2370307
192	C	0.235	0.2542738
193	T	0.080	0.2531375
194	G	-0.128	0.2516126
195	C	0.307	0.2266993
196	T	0.478	0.2945717
197	C	0.442	0.2471939
198	T	0.406	0.2500255
199	C	0.419	0.2300867
200	A	0.168	0.2141861
201	C	0.388	0.1422875
202	C	-0.079	0.07463032
203	T	0.266	0.03025296
204	T	-0.138	0.02741042
205	G	-0.303	0.02231742
206	A	-0.483	0.03879724
207	G	-0.265	0.04532251
208	G	-0.046	0.07888374
209	A	0.374	0.0856341
210	C	0.363	0.1335896
211	C	0.350	0.1833793
212	C	0.460	0.2645626
213	C	0.289	0.3174933
214	A	0.340	0.3694645
215	C	0.389	0.3085668
216	C	0.243	0.2806803
217	C	0.409	0.2308158
218	C	0.316	0.1979157
219	G	0.525	0.1220528
220	G	-0.294	0.04538036
221	A	0.056	0.003861264
222	T	-0.198	0.008047355
223	C	0.098	-0.01165346
224	A	-0.545	-0.003847645
225	A	-0.502	-0.07301092
226	G	-0.067	-0.03342992
227	G	0.290	-0.007516173
228	T	0.192	0.04987765
229	C	0.402	0.07012917
230	A	-0.235	0.08053908
231	T	0.140	0.1035299
232	C	0.341	0.07457218
233	C	0.432	0.006365727
234	C	0.321	-0.05778409
235	T	-0.430	-0.1187955
236	T	-0.249	-0.1098893
237	C	-0.386	-0.09976418
238	A	-0.460	-0.1215076
239	A	-0.513	-0.1150143
240	T	-0.268	-0.1442265
241	G	-0.137	-0.1425425
242	G	0.251	-0.1692581
243	C	0.102	-0.1831099
244	A	0.504	-0.1335963
245	G	0	-0.07342622
 246	A	-0.411	-0.02221449
247	A	-0.543	0.006799327
248	A	-0.538	0.01113242
249	T	0.084	0.02627033
250	G	0.148	0.02182178
251	G	0.294	0.0205074
252	C	0.181	0.03470095
253	A	0.299	0.07126849
254	C	0.269	0.1051083
255	C	0.455	0.1022325
256	A	-0.014	0.1042503
257	T	-0.255	0.1067587
258	G	-0.141	0.09152659
259	A	-0.166	0.03833041
260	C	0.052	-0.02677659
261	T	0.171	-0.08194405
262	T	0.322	-0.09098039
263	C	0.014	-0.0359553
264	A	-0.285	0.01902015
265	A	-0.447	0.06819506
266	G	-0.151	0.09411495
267	A	-0.113	0.1108993
268	C	0.349	0.1188899
269	C	0.463	0.1268159
270	T	0.374	0.1082571
271	G	0.337	0.1240385
272	C	0.355	0.1582427
273	G	0.410	0.2070241
274	G	0.101	0.1415407
275	A	-0.489	0.05009782
276	A	-0.273	-0.009190273
277	G	0.224	-0.05759573
278	C	0.422	-0.1134095
279	T	-0.370	-0.1166796
280	A	-0.542	-0.084906
281	A	-0.277	-0.004979818
282	T	-0.194	0.055911
283	G	-0.258	0.01708164
284	C	0.374	-0.06239036
285	T	0.451	0.001750818
286	C	0.389	0.07196673
287	T	0.396	0.1166245
288	T	-0.202	0.1471875
289	G	-0.451	0.1535357
290	A	0.334	0.1039097
291	G	0.230	0.09291945
292	A	0.213	0.09885309
293	G	0.141	0.08423718
294	T	-0.188	0.06052645
295	G	-0.171	0.112251
296	T	0.330	0.09800909
297	C	0.454	0.09415591
298	T	0.235	0.1019777
299	A	-0.463	0.1066375
300	G	0.117	0.1632037
301	T	0.178	0.2190967
302	C	0.187	0.197373
303	A	0.299	0.1278757
304	G	0.192	0.09375329
305	C	0.433	0.1384726
306	C	0.443	0.1218678
307	C	0.091	0.1148886
308	A	-0.309	0.08852261
309	A	-0.139	0.0478407
310	C	0.028	-0.002996118
311	A	-0.065	-0.07547157
312	C	0.101	-0.1553542
313	A	-0.102	-0.1321215
314	T	-0.147	-0.07755868
315	A	-0.366	-0.05695925
316	A	-0.363	-0.02504027
317	G	-0.435	0.002861064
318	T	0.346	0.03079988
319	T	0.290	0.07998979
320	T	0.086	0.1144492
321	C	0.379	0.1837619
322	T	0.241	0.2440528
323	C	0.408	0.3260642
324	T	0.438	0.335716
325	G	0.231	0.340921
326	T	0.396	0.3781449
327	G	0.299	0.3207297
328	T	0.466	0.2534733
329	C	0.452	0.1749513
330	T	0.347	0.1350709
331	T	0.496	0.1386091
332	T	-0.251	0.1336515
333	T	-0.498	0.120311
334	A	-0.455	0.07374202
335	G	0	0.01461347
 336	C	0.270	-0.04282653
337	T	0.341	-0.09321498
338	G	0.152	-0.103054
339	C	-0.045	-0.04537216
340	A	-0.197	0.03780456
341	T	-0.284	0.01908611
342	G	-0.057	-0.02027389
343	A	-0.359	-0.09767507
344	G	0.136	-0.09954498
345	G	0.459	-0.05204164
346	G	-0.205	0.004210455
347	T	-0.162	0.04703936
348	A	-0.509	0.02562427
349	A	0.132	0.06940455
350	C	0.476	0.02771609
351	T	0.421	-0.02637536
352	T	0.186	0.001127245
353	T	-0.293	-0.003469027
354	A	0.121	0.02944297
355	G	-0.322	0.006728973
356	T	-0.135	0.009809518
357	A	0.096	-0.04704039
358	T	-0.213	-0.1078863
359	G	-0.147	-0.1034761
360	A	-0.117	-0.07247039
361	C	0.510	0.001243973
362	T	-0.203	-0.01124485
363	T	-0.482	-0.05296064
364	A	-0.245	-0.08105455
365	C	0.462	-0.107432
366	A	0.488	-0.1027383
367	T	-0.272	-0.1470143
368	T	-0.362	-0.1703191
369	T	-0.522	-0.08433665
370	A	-0.437	-0.02882828
371	A	-0.065	-0.04665483
372	G	0.023	-0.05740137
373	A	-0.460	-0.03016178
374	C	0.463	0.02078158
375	T	0.365	0.07512579
376	C	0.266	0.08071988
377	T	0.370	0.06957886
378	A	0.027	0.07048815
379	C	0.198	0.1564774
380	A	0.075	0.1513135
381	A	-0.376	0.1085971
382	A	-0.188	0.07830587
383	C	0.033	0.01393051
384	T	0.485	0.02391774
385	C	0.406	-0.03189535
386	A	-0.104	-0.02486547
387	T	-0.066	0.0142878
388	C	-0.337	0.05457689
389	A	0.136	0.09217
390	A	-0.415	0.08431773
391	C	0.152	0.08905509
392	C	0.054	0.1398502
393	A	0.254	0.1907525
394	T	0.447	0.2519986
395	C	0.399	0.2254435
396	C	0.458	0.2303415
397	C	0.454	0.2121351
398	T	0.493	0.2524252
399	C	0.336	0.2744613
400	A	-0.155	0.2085066
401	A	-0.361	0.1632958
402	G	-0.047	0.157699
403	C	0.497	0.1551471
404	A	0.497	0.1516017
405	T	-0.278	0.1630515
406	A	-0.098	0.171487
407	T	0.397	0.2059304
408	C	0.426	0.2300779
409	T	0.454	0.1848563
410	C	0.462	0.1582029
411	T	-0.062	0.2113596
412	G	0.016	0.2347586
413	T	0.218	0.2060024
414	C	0	0.186115
 415	A	0.204	0.1513879
416	C	0.306	0.1349876
417	T	0.159	0.1171638
418	G	0.080	0.15366
419	G	0.207	-
420	T	0.072	-
421	A	0.281	-
422	C	-0.258	-
423	T	0.418	-
