1	G	-0.058	-
2	A	0.396	-
3	T	0.042	-
4	G	0.287	-
5	C	0.206	-
6	T	0.383	-
7	T	0.092	-
8	C	0.432	-
9	G	0.300	-
10	G	0.487	-
11	T	0.068	-
12	T	0.293	-
13	A	-0.552	-
14	G	0	-
 15	C	0.501	-
16	T	0.429	-
17	T	-0.057	-
18	T	0.290	-
19	C	0.399	-
20	T	0.502	-
21	G	-0.455	0.1142175
22	T	-0.134	0.1097979
23	T	0.104	0.1052203
24	C	0.079	0.1056266
25	T	-0.401	0.09415989
26	A	-0.492	0.0787628
27	A	-0.100	0.06352975
28	T	-0.075	0.06554303
29	G	-0.210	0.06689212
30	A	-0.331	0.06424362
31	G	0.049	0.061954
32	T	0.360	0.07146843
33	G	0.174	0.07278157
34	A	-0.015	0.08981681
35	T	0.238	0.09637298
36	T	0.343	0.09499798
37	C	0.305	0.0906264
38	T	0.405	0.1025164
39	T	0.384	0.1056926
40	G	-0.019	0.1031255
41	T	-0.146	0.1017477
42	A	0.286	0.1078371
43	C	-0.243	0.103871
44	T	0.204	0.1063816
45	C	0.059	0.1116378
46	A	-0.194	0.1143163
47	A	-0.440	0.1162186
48	A	-0.255	0.1240308
49	C	0.177	0.1198765
50	T	0.489	0.1216355
51	G	0.189	0.1196915
52	T	0.391	0.1103348
53	C	0.468	0.08990135
54	T	0.349	0.08093088
55	G	0.163	0.08431328
56	T	0.275	0.08953521
57	C	0.444	0.07688619
58	G	0.246	0.06450628
59	T	0.442	0.05674357
60	C	0.424	0.04809961
61	T	0.291	0.05731343
62	C	0.445	0.06811
63	T	-0.199	0.06955119
64	G	-0.300	0.07277388
65	A	0.209	0.06848663
66	G	0.300	0.07144403
67	G	-0.288	0.07079972
68	A	-0.412	0.08128698
69	T	0.227	0.07562055
70	G	-0.250	0.06181894
71	G	-0.136	0.04854707
72	A	-0.412	0.05511036
73	A	-0.343	0.05073686
74	T	-0.497	0.0441865
75	A	-0.202	0.03955403
76	C	0.126	0.02986872
77	G	0.457	0.02495942
78	T	-0.188	0.01024557
79	G	-0.214	0.007085876
80	T	0.079	0.004023376
81	A	0.021	-0.001936029
82	C	0.367	-0.00252379
83	A	0.307	-0.003063933
84	C	0.346	0.002337471
85	T	-0.108	0.0009081619
86	T	0.024	-0.000902719
87	G	0.183	-0.015136
88	C	-0.221	-0.01741496
89	G	0	-0.009468645
 90	A	-0.493	-0.006337598
91	A	-0.402	0.009643879
92	G	-0.068	0.01001388
93	C	0.464	0.01770294
94	A	0.207	0.03609041
95	T	0.193	0.05013073
96	G	0.154	0.06514785
97	A	-0.243	0.06312495
98	C	0.069	0.06132209
99	T	-0.173	0.07623009
100	A	0.113	0.08807
101	C	0.313	0.09250652
102	T	0.173	0.09651229
103	C	0.267	0.08947797
104	C	0.422	0.08323022
105	A	0.027	0.07547515
106	C	-0.360	0.07759236
107	T	0.133	0.06568401
108	T	-0.297	0.04826337
109	G	-0.384	0.05689787
110	A	-0.078	0.0607471
111	G	0.359	0.0768846
112	C	0.420	0.09790053
113	G	-0.121	0.08786392
114	A	-0.089	0.06914092
115	G	0.428	0.05178797
116	C	0.092	0.0471888
117	T	0.428	0.05260623
118	T	0.041	0.06558187
119	C	0.381	0.05453305
120	C	0.437	0.0486834
121	T	0.282	0.03500205
122	G	0.265	0.01566295
123	G	0.190	0.001308736
124	C	0.071	-0.01734007
125	A	0.044	-0.01808988
126	T	0.020	-0.008413026
127	G	-0.019	0.003605402
128	A	-0.475	-0.005412002
129	G	-0.548	0.006852021
130	A	0.141	0.01107869
131	G	0.161	0.008711281
132	G	0.183	-0.005240719
133	G	0.480	-0.006820052
134	A	-0.489	-0.000500219
135	A	-0.321	0.003473136
136	A	-0.521	-0.01085603
137	A	0	-0.0147507
 138	C	0.382	-0.01695235
139	T	0.301	-0.008244133
140	G	-0.394	-0.008923586
141	A	-0.419	-0.01644413
142	A	-0.461	-0.03280797
143	A	-0.498	-0.0515957
144	A	-0.429	-0.06915537
145	A	-0.516	-0.07502279
146	C	0.390	-0.08268501
147	G	0.433	-0.09037725
148	T	0.143	-0.08899608
149	G	-0.244	-0.07276172
150	C	0.217	-0.05170272
151	A	-0.207	-0.04425453
152	A	-0.178	-0.03782515
153	A	-0.226	-0.03364548
154	C	0.354	-0.05095486
155	C	0.144	-0.04183996
156	A	0.076	-0.02326758
157	G	-0.172	-0.00189284
158	A	-0.071	0.001260564
159	G	0.335	-0.002276698
160	C	0.407	0.00213916
161	A	0.353	0.02361252
162	T	0.122	0.03415161
163	G	-0.404	0.04751045
164	A	-0.523	0.05708688
165	A	-0.547	0.0706121
166	A	-0.174	0.07767293
167	G	-0.277	0.05963557
168	G	-0.302	0.042187
169	A	0.038	0.02724791
170	T	0.205	0.03363776
171	C	0.336	0.03277807
172	C	0.453	0.04448388
173	C	0.431	0.05885905
174	A	0.359	0.07457829
175	T	-0.246	0.07118417
176	G	-0.107	0.05957486
177	T	0.458	0.063531
178	T	0.376	0.07636626
179	T	0.132	0.08693761
180	C	0.233	0.08876785
181	T	0.487	0.07882634
182	C	0.506	0.07041145
183	T	0.023	0.06816018
184	T	0.099	0.08436837
185	T	-0.096	0.09683428
186	G	0.138	0.1199438
187	A	-0.219	0.1354972
188	G	-0.366	0.148693
189	A	-0.299	0.165096
190	A	-0.483	0.161019
191	A	0.023	0.1597982
192	G	0.181	0.1460377
193	G	0.284	0.1380897
194	C	0.425	0.1217858
195	T	0.433	0.1029078
196	G	0.211	0.09827344
197	A	-0.343	0.09219561
198	C	0.243	0.07848082
199	G	0.366	0.0653963
200	T	0.372	0.06224289
201	C	0.412	0.05565868
202	A	-0.010	0.04718328
203	T	0	0.04532297
 204	G	0.027	0.05537983
205	T	0.275	0.06217985
206	G	0	0.06342435
 207	C	0.423	0.06159955
208	C	0.478	0.07608795
209	C	0.277	0.09108602
210	A	0.386	0.09438619
211	T	-0.132	0.09456776
212	T	0.154	0.08416764
213	G	-0.241	0.067559
214	C	0.120	0.0581304
215	A	-0.253	0.05734355
216	A	-0.433	0.03817
217	A	-0.441	0.04368233
218	A	-0.362	0.06260547
219	T	-0.117	0.06898869
220	C	-0.173	0.06910633
221	A	0	0.05482719
 222	A	-0.043	0.04690112
223	C	0.131	0.05149699
224	A	0.428	0.04475466
225	C	0.445	0.04136417
226	C	0.385	0.03654708
227	A	-0.044	0.02834825
228	T	0.062	0.005881936
229	G	0.388	-0.009938636
230	G	0.263	-0.01522599
231	T	-0.160	-0.03131585
232	T	-0.475	-0.02136256
233	A	-0.413	-0.01832918
234	A	-0.515	-0.01171531
235	A	-0.111	-0.006504169
236	C	0.392	0.0001864119
237	A	-0.371	0.004276102
238	C	0.443	0.01860475
239	T	0.451	0.02890839
240	C	0.511	0.03170817
241	T	0.371	0.03702752
242	T	-0.227	0.03118374
243	C	0.079	0.01973002
244	A	0.182	0.004277019
245	G	-0.283	-0.003466148
246	G	-0.114	-0.005681386
247	A	0.073	-0.004793671
248	T	-0.344	0.006906674
249	G	-0.520	0.01056079
250	A	-0.185	0.01098741
251	C	0.055	0.01454205
252	A	-0.289	0.02537224
253	G	0.285	0.04031338
254	T	0.282	0.04105126
255	G	0.036	0.04078615
256	C	0.338	0.03230557
257	A	0.027	0.01609943
258	G	-0.261	0.03065638
259	A	0.160	0.02681043
260	G	0.070	0.02074369
261	C	0	-0.001599593
 262	A	0.050	-0.02252378
263	G	-0.245	-0.0150991
264	A	-0.524	-0.006968395
265	A	-0.517	-0.002646586
266	G	0.103	0.0127741
267	C	0.352	0.02412875
268	C	0.422	0.01843177
269	T	0.447	0.01881598
270	G	0.215	0.02475517
271	G	0.406	0.02987092
272	C	0.412	0.03090068
273	C	0.294	0.03129511
274	C	0.151	0.03376123
275	A	-0.382	0.03734106
276	A	-0.526	0.04146981
277	A	-0.467	0.03382896
278	C	-0.288	0.03196938
279	C	0.239	0.02765759
280	A	0.281	0.01150042
281	C	0.196	0.000213281
282	A	-0.427	0.005734733
283	A	-0.507	0.00372226
284	G	0.084	0.0006101405
285	C	0.421	0.00594845
286	C	0.364	0.01681831
287	C	0.364	0.0153679
288	T	0.361	0.008632017
289	G	-0.165	0.006919683
290	G	-0.328	0.009306112
291	A	-0.270	0.007939421
292	A	0.029	-0.007441531
293	C	0.098	-0.01288863
294	A	-0.272	-0.01373525
295	G	0.388	-0.01115989
296	G	0.432	-0.008757388
297	T	0.209	-0.00705065
298	T	0.018	-0.004824769
299	C	-0.050	-0.00934284
300	A	-0.442	-0.009605079
301	A	-0.518	-0.01473242
302	A	-0.403	-0.01677438
303	C	0.231	0.00286229
304	C	-0.034	0.02552753
305	A	-0.376	0.03395516
306	A	-0.299	0.03448204
307	A	-0.061	0.03482823
308	C	0.042	0.03675087
309	A	0.069	0.0380418
310	C	0.350	0.0509552
311	A	0.547	0.05764842
312	G	0.158	0.0546039
313	A	-0.239	0.04946539
314	C	0.183	0.04957249
315	A	0.258	0.05040256
316	G	0.259	0.03969379
317	G	-0.281	0.03268857
318	A	-0.455	0.01759712
319	A	-0.374	0.0229555
320	A	-0.478	0.02192141
321	C	0.228	0.04367894
322	C	0.066	0.06419479
323	A	0.111	0.0715617
324	C	0.397	0.05445746
325	C	0.444	0.04733792
326	C	0.438	0.05629383
327	A	0.443	0.06993342
328	C	0.378	0.08082403
329	C	0.445	0.08406225
330	C	0.416	0.09147002
331	A	0.376	0.08683862
332	G	-0.047	0.0744945
333	G	-0.398	0.06709238
334	A	-0.186	0.06039793
335	A	0.102	0.0495006
336	C	-0.237	0.03209993
337	A	-0.061	0.03145579
338	G	0.138	0.03459679
339	A	-0.424	0.04002902
340	G	0.243	0.05340214
341	A	-0.093	0.05364383
342	C	0.471	0.05172226
343	T	0.343	0.0515631
344	T	-0.094	0.05162976
345	T	-0.486	0.05074452
346	A	-0.333	0.04119462
347	G	0	0.03376929
 348	G	0.272	0.01883403
349	T	0.396	0.001389479
350	G	0.178	-0.01132018
351	C	0.380	-0.03389789
352	T	0.156	-0.05041627
353	T	0.028	-0.0390118
354	C	-0.152	-0.01993806
355	A	-0.520	-0.02833968
356	A	-0.273	-0.03278633
357	G	-0.472	-0.03294567
358	C	0.232	-0.02637449
359	A	-0.149	-0.02895768
360	A	-0.226	-0.01423471
361	G	0.187	-0.009585493
362	A	-0.467	-0.002383148
363	G	0.147	-0.003301386
364	G	0.059	-0.001164124
365	G	0.113	0.007131374
366	G	0.360	0.01654337
367	A	0.043	0.03384908
368	G	0.126	0.03535954
369	T	-0.183	0.0366484
370	G	-0.353	0.03124811
371	T	-0.088	0.03602876
372	A	-0.532	0.03050611
373	A	-0.317	0.0321623
374	C	0.431	0.04229052
375	C	0.402	0.05672645
376	A	-0.539	0.08123835
377	A	-0.083	0.0941834
378	G	-0.244	0.1036949
379	G	0.214	0.09166798
380	A	0.029	0.088397
381	C	0.194	0.08223157
382	T	0.438	0.07048931
383	G	0.208	0.07117253
384	C	0.432	0.06846222
385	C	0.433	0.07547573
386	A	0.254	0.07734028
387	C	-0.091	0.05634057
388	T	0.393	0.05018485
389	T	0.063	0.05102973
390	C	0.327	0.06550611
391	A	0.169	0.08586604
392	C	0.379	0.08019494
393	T	0.148	0.08502029
394	C	0.225	0.0991757
395	T	0.454	0.09810663
396	C	0.453	0.09976775
397	C	0.509	0.11468
398	T	0.269	0.111462
399	T	-0.072	0.1204404
400	C	-0.272	0.109783
401	A	-0.286	0.1012946
402	T	-0.485	0.08443675
403	A	-0.305	0.07519596
404	T	-0.439	0.06501127
405	G	0.033	0.04759594
406	C	0.354	0.02870494
407	T	0.192	0.01644399
408	T	-0.521	0.02849442
409	A	-0.215	0.02338401
410	G	0.162	0.02878736
411	C	0.424	0.03087579
412	C	0.501	0.03104853
413	G	-0.326	0.01792903
414	A	-0.329	0.01318474
415	A	0.277	0.01143148
416	C	0.386	-0.008622119
417	T	0.472	-0.01386214
418	T	0.086	-0.0347404
419	A	-0.219	-0.04480588
420	G	0.132	-0.05112084
421	G	-0.232	-0.0575583
422	A	-0.326	-0.05728115
423	A	-0.513	-0.05285141
424	A	0.050	-0.05399627
425	G	-0.218	-0.05000322
426	G	-0.298	-0.0561963
427	A	-0.360	-0.06522017
428	A	-0.260	-0.07159856
429	C	0.414	-0.05071385
430	T	0.178	-0.04595661
431	G	0.290	-0.05238911
432	C	0.414	-0.05702469
433	A	0.176	-0.06085278
434	G	-0.171	-0.0440744
435	G	-0.050	-0.03222533
436	G	0.152	-0.03921632
437	A	-0.387	-0.05834899
438	T	0.233	-0.07109064
439	G	-0.367	-0.08420756
440	G	-0.152	-0.08845644
441	A	-0.337	-0.1012234
442	A	-0.542	-0.1003224
443	A	-0.275	-0.09817227
444	T	-0.299	-0.08713419
445	G	-0.353	-0.09615086
446	A	-0.271	-0.09445879
447	A	-0.226	-0.0803956
448	G	-0.024	-0.06813645
449	A	-0.075	-0.05286853
450	G	0.355	-0.05278581
451	G	-0.015	-0.04872845
452	A	-0.107	-0.06350526
453	G	0.229	-0.06821038
454	C	0.340	-0.0798825
455	C	0.377	-0.07899662
456	T	0.168	-0.07583438
457	G	-0.016	-0.07731921
458	A	-0.416	-0.06323402
459	G	-0.063	-0.06397107
460	G	-0.464	-0.049572
461	A	-0.397	-0.03596895
462	A	-0.403	-0.01973257
463	A	-0.194	0.005104976
464	T	-0.236	0.006991857
465	G	-0.050	0.001921857
466	A	-0.328	0.001189286
467	A	-0.147	-0.004646143
468	G	0.291	-0.001519843
469	G	0.154	0.001734219
470	T	0.380	-0.002284629
471	C	0.418	-0.01801799
472	C	0.349	-0.02688208
473	A	-0.330	-0.02005989
474	A	0.217	-0.01954974
475	G	-0.313	-0.01837255
476	G	-0.134	-0.02198565
477	A	0.082	-0.02968489
478	C	0.089	-0.01922194
479	A	0.203	-0.0010072
480	G	0.202	-0.003292336
481	G	0.237	-0.00532174
482	C	0.418	-0.002013669
483	C	0.343	0.01280921
484	C	0.500	0.0228165
485	A	-0.196	0.03639347
486	A	-0.512	0.04502339
487	A	-0.384	0.04997887
488	G	-0.516	0.06262525
489	T	-0.094	0.06285237
490	A	0.112	0.06695149
491	G	-0.244	0.06614344
492	G	-0.305	0.06391522
493	A	-0.387	0.05093306
494	T	0.178	0.04565132
495	C	0.250	0.02891113
496	C	0.390	0.02905558
497	A	0.226	0.0366511
498	G	-0.155	0.04506697
499	C	0.423	0.05328273
500	T	0.348	0.05429875
501	C	-0.159	0.04947161
502	A	-0.549	0.03998504
503	A	-0.258	0.03814511
504	G	0.219	0.03073064
505	G	0.225	0.02117678
506	G	0.333	0.02062614
507	G	0.312	0.02303833
508	A	-0.120	0.02637016
509	G	0.383	0.03262745
510	G	0.301	0.0310626
511	C	0.326	0.03620245
512	C	0.346	0.04886391
513	C	0.324	0.06104353
514	C	-0.196	0.06783431
515	A	-0.552	0.06863731
516	A	-0.485	0.07210869
517	G	-0.307	0.07541224
518	G	0.184	0.078997
519	C	0.435	0.06936624
520	C	0.435	0.05354312
521	T	0.246	0.03785422
522	G	0	0.03985614
 523	A	-0.161	0.05505857
524	C	0.341	0.07059464
525	A	0.032	0.06124714
526	C	0.099	0.06860747
527	T	-0.219	0.06750831
528	A	-0.411	0.06763028
529	T	-0.244	0.0792154
530	T	-0.253	0.07110602
531	A	-0.160	0.05715478
532	C	0.328	0.03952988
533	T	0.287	0.02057311
534	G	0.206	0.001053686
535	A	-0.102	-0.006991981
536	G	0.212	0.0043656
537	G	0.396	0.01830769
538	C	0.528	0.02042774
539	T	0.376	0.009253145
540	A	-0.559	0.004867764
541	T	-0.241	0.003611788
542	G	-0.310	0.007885645
543	G	-0.074	0.01873517
544	A	0.089	0.02766384
545	G	0.393	0.01845719
546	C	-0.173	0.0186162
547	G	0.534	0.02403087
548	T	0.287	0.01838977
549	T	0.317	0.0281877
550	C	0.366	0.04145737
551	A	0.042	0.05436191
552	C	-0.284	0.06798963
553	A	-0.413	0.06921108
554	A	-0.449	0.06619913
555	A	-0.494	0.06128737
556	A	-0.534	0.06335877
557	A	-0.075	0.06527841
558	G	0.099	0.06649365
559	G	-0.218	0.06121327
560	G	-0.284	0.06250827
561	A	0.251	0.06820946
562	C	0.382	0.06304008
563	C	0.425	0.0636782
564	C	0.455	0.05904911
565	T	0.213	0.05177642
566	G	-0.045	0.04307538
567	T	0.039	0.05672079
568	C	0.326	0.05349172
569	A	-0.456	0.05828795
570	T	0	0.04420445
 571	G	0.312	0.02333272
572	G	0.288	0.02077292
573	C	0.411	0.01561402
574	C	0.379	0.02009068
575	A	0.160	0.02333487
576	C	0	0.02866197
 577	A	-0.015	0.04429954
578	C	0.293	0.0560256
579	T	0.447	0.05858951
580	C	0.307	0.06790434
581	C	0.431	0.06449244
582	A	-0.320	0.0476622
583	G	-0.458	0.02551168
584	A	-0.283	0.006688248
585	A	-0.269	-0.007056133
586	G	-0.216	-0.01386058
587	A	0.028	-0.01876898
588	C	0.399	-0.0252643
589	C	0.398	-0.0225769
590	C	0.489	-0.006198067
591	A	-0.274	-0.003909424
592	A	-0.510	-0.00989496
593	C	-0.064	-0.00669015
594	A	-0.501	-0.0128936
595	A	-0.225	-0.01025913
596	G	-0.313	-0.01231272
597	A	-0.271	-0.008757317
598	A	0.122	0.00315866
599	G	0.417	0.003700374
600	C	0.207	-0.01881217
601	T	0.172	-0.02889627
602	G	-0.427	-0.04387584
603	A	-0.455	-0.04319584
604	A	-0.548	-0.03448925
605	A	-0.364	-0.02176545
606	G	-0.121	-0.005951255
607	A	-0.072	0.006907817
608	G	-0.251	0.01562707
609	A	-0.233	0.01006085
610	C	0.439	-0.005344386
611	T	0.231	-0.02450553
612	G	0.096	-0.009096671
613	G	0.061	0.009715829
614	G	0.422	0.02136791
615	C	0.151	0.03929184
616	A	0.489	0.05256896
617	T	0.074	0.07138932
618	T	0.149	0.0862646
619	C	0.484	0.08953475
620	T	0.315	0.07790543
621	A	-0.497	0.07325166
622	T	-0.116	0.06258695
623	T	-0.198	0.08019261
624	G	-0.291	0.09898109
625	G	-0.092	0.1158722
626	G	0.250	0.1175872
627	C	0.394	0.1162583
628	T	0.323	0.1109703
629	C	0.394	0.1072909
630	A	0.165	0.1025905
631	G	-0.248	0.08415239
632	T	-0.315	0.08910304
633	G	0.372	0.09547315
634	T	0.279	0.1039807
635	C	0.424	0.1032803
636	T	0.251	0.1002195
637	C	0.332	0.08072747
638	C	0.477	0.08404193
639	A	0.353	0.0907879
640	T	0.260	0.07800936
641	C	-0.070	0.08257822
642	T	0.011	0.1014882
643	T	-0.275	0.09907667
644	C	0.311	0.09649545
645	T	0.333	0.0957536
646	G	0.161	0.09700777
647	A	-0.292	0.09074101
648	T	-0.177	0.0932762
649	G	-0.294	0.09018046
650	A	-0.406	0.06885137
651	A	-0.430	0.05603599
652	A	-0.334	0.06194223
653	C	0.439	0.0599237
654	C	0.363	0.04171577
655	A	0.418	0.03757306
656	G	0.393	0.02122904
657	G	0.022	0.01987699
658	A	-0.328	0.01113664
659	T	0.213	-0.007597148
660	C	0.432	-0.02419665
661	A	-0.051	-0.04020115
662	C	0.507	-0.04448171
663	A	0.296	-0.04003442
664	T	-0.217	-0.04362209
665	T	-0.306	-0.04178468
666	A	-0.322	-0.04253542
667	T	-0.040	-0.03934116
668	T	-0.012	-0.02946337
669	C	0.501	-0.02279011
670	T	0.193	-0.02823773
671	T	-0.501	-0.01389023
672	A	-0.372	0.007671224
673	A	0	0.02791222
 674	G	-0.400	0.006504867
675	A	-0.391	-0.01383992
676	A	0.105	-0.02887863
677	T	-0.261	-0.03116499
678	A	0.194	-0.02241385
679	T	-0.034	-0.01283795
680	G	-0.309	-0.01591489
681	A	-0.343	-0.03420784
682	T	-0.412	-0.03990097
683	A	-0.250	-0.04797949
684	G	0.198	-0.0526887
685	A	-0.426	-0.0555139
686	G	0.388	-0.05170844
687	G	0.302	-0.04433893
688	G	0.295	-0.03608973
689	C	0.122	-0.04617116
690	A	0.102	-0.05647945
691	A	-0.523	-0.0705074
692	G	0.196	-0.06331742
693	C	0.474	-0.0534899
694	T	0.515	-0.05252508
695	T	-0.459	-0.04177188
696	A	-0.490	-0.02896052
697	A	-0.213	-0.03147816
698	G	0.297	-0.03506164
699	C	0.390	-0.045313
700	G	0.073	-0.0553106
701	G	0.084	-0.05968219
702	A	-0.335	-0.05437741
703	A	-0.290	-0.03600931
704	T	0.168	-0.02035531
705	C	0.098	-0.01619098
706	A	-0.336	0.001634331
707	G	-0.146	0.002601426
708	A	-0.013	0.005343879
709	C	0.306	0.007387498
710	A	-0.435	0.01216076
711	A	0.068	0.01982681
712	G	-0.395	0.03837588
713	T	-0.199	0.04373093
714	A	0.040	0.039868
715	C	0.040	0.03373885
716	A	0.051	0.05333728
717	T	0.146	0.07197371
718	T	0	0.08245497
 719	T	-0.412	0.07694751
720	T	-0.235	0.05712616
721	A	-0.454	0.04378245
722	G	-0.493	0.03036235
723	A	-0.120	0.02907232
724	T	0.359	0.03856663
725	C	0.406	0.0418063
726	C	0.373	0.05025442
727	C	0.322	0.0492887
728	C	0.429	0.05582632
729	A	0.417	0.05276183
730	C	0.381	0.03262757
731	C	0.322	0.0440493
732	C	0.424	0.05220793
733	C	0.255	0.07300996
734	C	0.421	0.08258922
735	A	0.312	0.0893382
736	C	0.257	0.09833925
737	C	0.363	0.0933497
738	C	0.291	0.09304198
739	C	0.227	0.0895596
740	T	0.066	0.0973942
741	T	-0.442	0.1144216
742	A	-0.486	0.1344351
743	T	-0.479	0.1432536
744	T	-0.389	0.1374515
745	G	0.107	0.1312623
746	T	0.304	0.1098527
747	G	0.453	0.104345
748	A	-0.376	0.09476805
749	T	0.127	0.08638003
750	T	-0.141	0.08331927
751	T	-0.539	0.0749277
752	G	0.043	0.0764482
753	C	0.410	0.05460734
754	T	0.478	0.03577575
755	T	0.203	0.01849918
756	C	0.323	0.0002816286
757	C	0.418	0.005869248
758	G	-0.158	0.008434438
759	G	0.133	-0.005461586
760	A	-0.146	-0.02132682
761	A	-0.083	-0.03359303
762	C	0.479	-0.03273498
763	C	0.385	-0.03138163
764	A	-0.123	-0.0236767
765	A	-0.364	-0.004988436
766	G	0.099	-0.009219388
767	A	-0.492	-0.01646803
768	T	0.142	-0.03022398
769	G	-0.079	-0.02249036
770	G	0.077	-0.03525284
771	T	0.288	-0.04036024
772	A	0.028	-0.03985081
773	C	0.386	-0.05398452
774	A	-0.492	-0.06828783
775	A	-0.534	-0.08427142
776	A	-0.304	-0.07958337
777	G	-0.452	-0.07996925
778	T	0.492	-0.07948318
779	C	0.471	-0.0684218
780	A	-0.291	-0.06469997
781	A	-0.439	-0.05294466
782	G	-0.449	-0.04878962
783	A	-0.406	-0.06775471
784	A	-0.430	-0.08136062
785	A	-0.155	-0.08652926
786	C	0.395	-0.08016431
787	A	-0.069	-0.07190235
788	G	0	-0.04965433
 789	A	-0.124	-0.04721964
790	T	-0.052	-0.0348079
791	G	-0.408	-0.02758514
792	T	-0.356	-0.03008202
793	A	-0.517	-0.03349291
794	A	-0.549	-0.05267643
795	A	-0.189	-0.04748386
796	G	-0.193	-0.04102131
797	G	0.400	-0.043679
798	C	0.307	-0.03381931
799	T	0.438	-0.03451757
800	G	0.306	-0.04201364
801	C	0.289	-0.02636452
802	C	0.347	-0.01986724
803	C	0.091	-0.004537498
804	A	-0.317	0.01456384
805	A	-0.185	0.03655657
806	G	-0.340	0.04212284
807	A	-0.097	0.03974177
808	G	0.446	0.03867722
809	T	0.441	0.02884374
810	G	0.244	0.03575743
811	T	0.441	0.03877334
812	C	0.380	0.05573117
813	C	0.184	0.06593903
814	T	-0.114	0.06636115
815	A	-0.419	0.06696713
816	A	-0.274	0.06008541
817	A	-0.263	0.05489032
818	C	-0.416	0.03676163
819	A	-0.038	0.02582413
820	C	0.463	0.004556293
821	A	0.156	-0.01008218
822	T	0.365	-0.007299564
823	G	-0.166	-0.006824469
824	A	0.194	0.002669562
825	G	0.395	0.001358205
826	C	0.493	-0.00641151
827	A	0.078	-0.004513986
828	T	0.295	-0.009658317
829	T	-0.114	-0.03094751
830	T	-0.413	-0.05134353
831	G	0.166	-0.06489332
832	G	0.074	-0.0864401
833	T	0.304	-0.1044274
834	T	0.072	-0.1137403
835	A	-0.500	-0.1180608
836	T	-0.524	-0.1089398
837	A	-0.478	-0.1073259
838	G	-0.411	-0.1116971
839	A	-0.361	-0.1109895
840	A	-0.151	-0.1220967
841	A	-0.454	-0.1318965
842	T	-0.308	-0.1284491
843	G	0.406	-0.1415814
844	C	0.367	-0.1405026
845	T	0.490	-0.155725
846	G	-0.372	-0.1749432
847	A	-0.511	-0.1884018
848	A	-0.260	-0.1885161
849	T	-0.313	-0.1923927
850	G	-0.447	-0.2006269
851	A	-0.414	-0.1925617
852	G	-0.324	-0.2056052
853	A	-0.463	-0.2195839
854	A	-0.375	-0.23291
855	A	-0.207	-0.241913
856	A	-0.295	-0.2261592
857	T	-0.036	-0.2032055
858	G	-0.206	-0.1816875
859	A	-0.447	-0.1675492
860	G	-0.386	-0.1565738
861	A	-0.505	-0.1461092
862	A	0.051	-0.1343679
863	G	0.301	-0.1333383
864	G	-0.186	-0.1447999
865	G	-0.120	-0.1510602
866	A	-0.444	-0.1543722
867	A	-0.411	-0.1354512
868	A	-0.071	-0.1124915
869	C	0.073	-0.1027219
870	T	0.132	-0.1071712
871	A	-0.460	-0.1068422
872	G	-0.074	-0.1006392
873	A	-0.381	-0.09768934
874	A	-0.512	-0.0952922
875	A	-0.255	-0.09857046
876	T	-0.305	-0.1060051
877	G	0.161	-0.09038482
878	C	0.439	-0.08147906
879	T	0.424	-0.07345911
880	G	0.182	-0.05720968
881	G	0.099	-0.03817096
882	A	0.287	-0.02583844
883	G	0.038	-0.02960015
884	T	-0.265	-0.03231051
885	G	-0.074	-0.02054175
886	G	0.104	-0.00732196
887	T	0.350	0.01359092
888	C	0.422	0.02773918
889	C	0.452	0.03022483
890	T	0.149	0.03864824
891	G	-0.500	0.04599288
892	A	-0.433	0.06280088
893	G	-0.154	0.06833753
894	G	-0.200	0.06793136
895	A	-0.362	0.0681007
896	G	-0.512	0.06236405
897	A	-0.519	0.0605996
898	C	0.360	0.05044843
899	A	0.337	0.02869986
900	G	0.130	0.006007719
901	G	0.235	0.009293029
902	C	0.413	0.005115552
903	A	0.012	0.006596957
904	A	-0.106	0.006323993
905	G	0.187	0.01420215
906	C	0.308	0.008572802
907	C	0.434	-0.003808674
908	T	0.433	-0.01937177
909	G	0.182	-0.01972315
910	G	0.032	-0.02177698
911	C	0.427	-0.01791039
912	T	0.440	0.005433255
913	C	0.245	0.005287993
914	C	0.158	-0.00101546
915	A	-0.398	-0.009066579
916	A	-0.505	0.003800326
917	T	-0.496	0.01781724
918	A	-0.379	0.02145108
919	G	-0.264	0.008906743
920	A	-0.473	0.01028446
921	A	-0.528	0.01804255
922	A	0.320	0.01300984
923	G	-0.075	-0.0006559667
924	G	0.349	-0.01244173
925	G	0.027	-0.005579681
926	A	0.065	-0.01421499
927	G	-0.311	-0.01139892
928	A	-0.415	-0.01284323
929	G	-0.302	-0.02832044
930	A	0.407	-0.02304718
931	G	0.366	-0.0135382
932	G	0.312	-0.01336167
933	G	0.480	-0.01704946
934	A	-0.439	-0.02409412
935	A	-0.418	-0.03027936
936	A	-0.538	-0.01388664
937	A	0.177	0.0004646333
938	C	0.075	0.01321921
939	T	-0.366	0.01180836
940	A	-0.166	0.01957239
941	G	0.395	0.03148089
942	C	0.456	0.05295567
943	T	0.024	0.05550839
944	G	-0.160	0.0650548
945	A	-0.482	0.04984245
946	G	0.181	0.05233204
947	A	-0.175	0.0389971
948	G	0.426	0.04145241
949	C	0.373	0.06301765
950	A	-0.216	0.06244462
951	T	0.404	0.06024743
952	C	0.432	0.05860148
953	C	0.434	0.05598946
954	T	0.285	0.04044774
955	G	-0.050	0.04435405
956	G	-0.101	0.05723267
957	G	0.289	0.06191796
958	A	0.097	0.0451396
959	G	0.039	0.03763499
960	A	-0.439	0.03677287
961	T	0.061	0.03449602
962	T	0.026	0.03080771
963	C	0.373	0.02585723
964	T	0.427	0.0354607
965	G	0.325	0.03865995
966	C	-0.288	0.04355131
967	A	0.131	0.04380981
968	A	-0.494	0.04311069
969	T	-0.208	0.04188331
970	C	0.490	0.04426547
971	A	-0.326	0.04805336
972	A	0.315	0.0260822
973	C	0.297	0.003011981
974	T	0.202	-0.005233598
975	G	-0.172	-0.01280396
976	C	-0.275	-0.00166416
977	A	0.121	0.006586793
978	A	-0.342	0.004996388
979	T	-0.526	-0.0004633881
980	T	-0.239	-0.009879898
981	G	-0.402	-0.004879493
982	A	-0.262	-0.00681706
983	A	0.240	-0.007445557
984	C	0.248	-0.006376605
985	T	0.427	-0.0114848
986	G	-0.026	-0.02337308
987	T	-0.276	-0.02815449
988	G	0.192	-0.02601758
989	A	-0.204	-0.00385639
990	T	0.375	0.01144182
991	C	0.473	0.01067597
992	T	-0.057	0.01587137
993	A	-0.518	0.006546002
994	A	-0.536	-0.0005260929
995	A	0.088	-0.0171359
996	G	-0.032	-0.01711659
997	C	0.417	-0.0146584
998	T	0.245	-0.02327007
999	G	0.222	-0.0178985
1000	C	-0.132	6.974048e-05
1001	A	-0.356	0.01679948
1002	A	-0.229	0.03901579
1003	T	-0.020	0.04230603
1004	G	0	0.03082555
 1005	C	0.418	0.01393312
1006	C	0.213	-0.007714664
1007	A	-0.174	-0.01836658
1008	A	-0.489	-0.008155745
1009	G	0.221	-0.01330057
1010	C	0.436	0.004022836
1011	C	0.434	-0.01411145
1012	C	0.458	-0.03289176
1013	A	-0.108	-0.0344682
1014	G	-0.076	-0.02827622
1015	C	0	-0.02233891
 1016	A	-0.495	-0.01703721
1017	A	-0.171	-0.005566655
1018	G	-0.172	-0.01073877
1019	G	-0.239	-0.007484845
1020	A	-0.116	-0.02188651
1021	G	0.227	-0.02876646
1022	T	0.463	-0.01036208
1023	C	0.530	0.002638798
1024	T	-0.124	0.01333766
1025	T	-0.241	0.02029845
1026	C	-0.461	0.01292262
1027	A	-0.481	0.009946081
1028	A	-0.473	0.02364956
1029	G	0.152	0.03215191
1030	C	-0.023	0.03838772
1031	C	0.523	0.03179294
1032	A	-0.386	0.00993689
1033	A	-0.315	0.005231986
1034	A	-0.123	0.008884619
1035	G	-0.258	0.01221505
1036	G	-0.287	0.00256924
1037	A	0.310	0.00543505
1038	C	0.449	0.01368891
1039	C	0.200	0.01875076
1040	T	0.381	0.03307688
1041	A	-0.381	0.04841445
1042	T	-0.421	0.05270583
1043	G	0.416	0.0455659
1044	T	0.316	0.02715714
1045	C	0.429	0.03078353
1046	A	0.292	0.04301086
1047	C	0.108	0.05894176
1048	T	0.088	0.0736946
1049	T	0.401	0.09452031
1050	C	-0.132	0.09089934
1051	T	0.483	0.09404452
1052	T	0.159	0.07722171
1053	G	-0.483	0.08950368
1054	T	0.260	0.09856007
1055	T	0.044	0.1017577
1056	G	0.063	0.1113559
1057	G	-0.405	0.1287827
1058	A	-0.374	0.1297657
1059	G	0.175	0.1196536
1060	A	0.039	0.1068037
1061	T	0.361	0.1049299
1062	C	0.527	0.1060439
1063	A	0.408	0.1171863
1064	T	0.163	0.09943527
1065	T	-0.242	0.08956742
1066	G	0.028	0.06632561
1067	G	0.272	0.04713913
1068	C	0.207	0.03908082
1069	T	0.137	0.02596834
1070	G	0.401	0.01542588
1071	A	0	0.02173674
 1072	G	0.108	0.02216279
1073	A	-0.183	0.02510379
1074	T	0.129	0.02599507
1075	T	0.065	0.02906688
1076	T	0.010	0.03182589
1077	G	0.144	0.04246635
1078	C	0.444	0.062395
1079	T	0.352	0.07574961
1080	T	0.024	0.08230245
1081	G	-0.339	0.07573124
1082	T	0.302	0.06639754
1083	T	-0.335	0.04802954
1084	C	0.046	0.02679738
1085	A	-0.328	0.0242336
1086	T	-0.097	0.02088777
1087	A	-0.546	0.01529991
1088	G	-0.513	0.00230855
1089	G	-0.229	-0.001124681
1090	A	-0.462	-0.007467729
1091	A	-0.041	-0.0116949
1092	G	0.132	-0.00465899
1093	C	0.501	0.003726724
1094	A	0.282	0.01979796
1095	T	-0.446	0.0080852
1096	T	0.389	0.001779524
1097	G	0.160	-0.001242421
1098	T	0.510	-0.00355424
1099	C	0.431	-0.02055305
1100	T	0.186	-0.03544669
1101	C	0.450	-0.04122828
1102	A	-0.236	-0.02507735
1103	G	-0.030	-0.03770911
1104	A	-0.243	-0.03613228
1105	A	-0.483	-0.04375711
1106	T	0.055	-0.04616123
1107	A	-0.383	-0.0495575
1108	G	-0.206	-0.04195326
1109	A	-0.273	-0.03612912
1110	T	0.063	-0.037172
1111	G	-0.128	-0.03638916
1112	C	0.223	-0.04112359
1113	A	0.295	-0.04943733
1114	C	0.460	-0.05003014
1115	C	0.491	-0.06104326
1116	A	-0.362	-0.05423007
1117	A	-0.199	-0.06790702
1118	T	-0.116	-0.07685147
1119	T	0.047	-0.09666773
1120	A	-0.269	-0.1016882
1121	A	-0.273	-0.1019808
1122	T	-0.217	-0.1115566
1123	T	0.338	-0.09652661
1124	T	-0.227	-0.08821028
1125	A	-0.268	-0.07546066
1126	A	-0.273	-0.06896244
1127	T	-0.429	-0.07797086
1128	T	-0.240	-0.0715721
1129	T	-0.227	-0.07249662
1130	A	-0.268	-0.05798448
1131	A	-0.273	-0.05367668
1132	T	-0.429	-0.04157256
1133	T	-0.240	-0.04179341
1134	T	-0.216	-0.0481633
1135	A	0.476	-0.06576553
1136	A	-0.179	-0.08046908
1137	T	-0.160	-0.08080644
1138	T	-0.184	-0.08759349
1139	T	-0.214	-0.09424968
1140	T	-0.321	-0.09344852
1141	T	0.221	-0.08439448
1142	T	0.173	-0.08503317
1143	G	0.048	-0.07468164
1144	G	0.395	-0.07948686
1145	G	0.319	-0.07801462
1146	T	0.291	-0.05860683
1147	T	-0.210	-0.0506507
1148	T	-0.322	-0.04683173
1149	T	-0.114	-0.04221111
1150	T	-0.245	-0.03168444
1151	C	0.336	-0.03021754
1152	C	0.244	-0.02740401
1153	C	0.379	-0.02700004
1154	C	0.214	-0.02462656
1155	A	0.027	-0.02355108
1156	T	-0.278	-0.04647108
1157	T	-0.125	-0.04769532
1158	T	-0.376	-0.05275339
1159	T	-0.484	-0.05329651
1160	T	-0.395	-0.04403435
1161	T	0.081	-0.02478432
1162	A	0.110	-0.0203522
1163	T	-0.300	-0.01862554
1164	T	0.216	-0.01939869
1165	G	0.137	-0.03418983
1166	G	-0.165	-0.04021564
1167	A	0.546	-0.05066212
1168	T	0.060	-0.04510264
1169	A	-0.269	-0.04261345
1170	T	-0.046	-0.04746295
1171	T	0.214	-0.04643226
1172	T	-0.207	-0.06467874
1173	T	-0.155	-0.0778251
1174	T	-0.412	-0.09300331
1175	T	-0.140	-0.09873764
1176	A	-0.171	-0.09343081
1177	A	-0.486	-0.07654921
1178	T	-0.231	-0.06475528
1179	T	-0.372	-0.04637193
1180	T	-0.207	-0.0263834
1181	A	0.174	-0.02147457
1182	C	0.486	-0.02129294
1183	A	0.407	-0.01828101
1184	T	0.246	-0.002218533
1185	T	0.015	-0.01155996
1186	T	-0.226	-0.02324756
1187	C	0.066	-0.02681903
1188	A	-0.147	-0.03851345
1189	A	0.022	-0.03703834
1190	A	-0.217	-0.03397294
1191	T	-0.318	-0.02682863
1192	A	-0.201	-0.02690027
1193	T	-0.430	-0.01193572
1194	T	-0.307	-0.001249462
1195	A	-0.257	0.0189399
1196	T	-0.026	0.03248794
1197	C	0.250	0.04550863
1198	C	0.430	0.06183106
1199	C	0.369	0.0743113
1200	C	0.395	0.07706506
1201	T	0.354	0.08527578
1202	C	-0.189	0.08408444
1203	T	0.089	0.08076787
1204	C	0.237	0.08165749
1205	C	0.374	0.08726387
1206	T	-0.175	0.08421738
1207	A	-0.353	0.08359247
1208	G	-0.315	0.07604857
1209	T	0.055	0.07086364
1210	T	0.122	0.07374903
1211	T	-0.140	0.08746743
1212	C	0.253	0.09910429
1213	C	0.211	0.1107988
1214	C	0.421	0.130567
1215	C	0.293	0.1439796
1216	T	0.435	0.1605232
1217	C	0.428	0.1703396
1218	C	0.375	0.1725514
1219	C	0.199	0.1659894
1220	C	0.292	0.1535611
1221	A	-0.256	0.1515775
1222	A	0.137	0.1392362
1223	C	0.123	0.1493349
1224	C	0.347	0.1570154
1225	C	0.444	0.1574563
1226	C	0.481	0.1590292
1227	T	-0.112	0.1713426
1228	T	-0.252	0.1903336
1229	A	-0.250	0.2082236
1230	T	-0.364	0.2108415
1231	C	0.143	0.2142153
1232	C	0.358	0.2232788
1233	C	0.170	0.2214617
1234	T	0.289	0.226503
1235	T	0.400	0.2229215
1236	C	0.255	0.2264658
1237	C	0.437	0.2287513
1238	C	0.385	0.220102
1239	C	0.343	0.198228
1240	C	0.154	0.1928158
1241	T	-0.152	0.1900185
1242	A	0.311	0.2026523
1243	C	-0.163	0.2025736
1244	C	0.234	0.206206
1245	C	0.411	0.201932
1246	C	0.255	0.2014529
1247	T	0.440	0.2002873
1248	G	0.341	0.2132302
1249	C	0.443	0.2264405
1250	T	0.435	0.2431548
1251	C	0.165	0.2619832
1252	A	0.264	0.2461209
1253	C	0.240	0.244238
1254	C	0.177	0.243813
1255	A	0.423	0.2394926
1256	G	0.270	0.2389045
1257	C	0.442	0.2370612
1258	C	0.531	0.2359483
1259	T	0.065	0.2374249
1260	A	-0.543	0.2371354
1261	T	-0.027	0.2390236
1262	C	0.175	0.2300803
1263	C	0.273	0.2230013
1264	A	0.133	0.2274972
1265	C	0.276	0.2202033
1266	T	0.167	0.2022586
1267	C	0.424	0.1838319
1268	C	0.432	0.1604482
1269	C	0.431	0.1403597
1270	G	0.302	0.1382751
1271	C	0.451	0.1201795
1272	T	0.425	0.1250286
1273	T	-0.522	0.1248753
1274	C	0.279	0.1289176
1275	C	0.152	0.1351872
1276	T	0.107	0.1231968
1277	G	0.375	0.1270455
1278	G	0.178	0.126094
1279	C	0.390	0.1222743
1280	C	0.447	0.1277679
1281	C	0.331	0.1501713
1282	T	0.234	0.1622889
1283	A	-0.528	0.1618654
1284	G	0.014	0.1471396
1285	C	0.025	0.1401269
1286	A	-0.071	0.1276285
1287	T	-0.342	0.1179843
1288	T	-0.518	0.1057007
1289	A	-0.541	0.08815292
1290	A	-0.502	0.07281118
1291	G	0.356	0.06269249
1292	G	-0.324	0.05793644
1293	G	0.368	0.05885097
1294	C	0.258	0.06261211
1295	C	0.409	0.04650713
1296	T	0.440	0.03820532
1297	C	-0.080	0.04456849
1298	T	0.432	0.03060011
1299	C	0.402	0.02794003
1300	C	0.370	0.02740739
1301	T	0.295	0.02199844
1302	C	0.397	0.02432663
1303	C	0.481	0.02638227
1304	C	0.157	0.0464876
1305	A	-0.344	0.05672172
1306	T	-0.160	0.06676542
1307	T	-0.248	0.07912677
1308	G	-0.237	0.09290482
1309	A	-0.091	0.1152657
1310	A	-0.304	0.1367625
1311	G	-0.213	0.1613461
1312	A	-0.122	0.1623669
1313	C	0.251	0.176023
1314	C	0.464	0.155698
1315	A	-0.364	0.1396903
1316	A	-0.397	0.1189657
1317	C	-0.196	0.1115157
1318	T	0.375	0.1119111
1319	A	-0.211	0.1063885
1320	T	0.066	0.1070097
1321	G	0.367	0.106936
1322	C	0.220	0.1067741
1323	C	0.429	0.09672908
1324	A	0.320	0.08696429
1325	C	0.316	0.07359893
1326	C	0.444	0.08612867
1327	C	0.447	0.08684367
1328	T	0.447	0.09713626
1329	C	0.236	0.1112408
1330	T	0.421	0.12152
1331	G	0.361	0.1396
1332	C	0.530	0.1392957
1333	T	0.399	0.1373421
1334	A	0.249	0.1250398
1335	C	-0.484	0.1206691
1336	A	-0.414	0.1393375
1337	T	-0.460	0.1573917
1338	A	0.127	0.1698657
1339	T	-0.063	0.1659619
1340	G	0.200	0.1603821
1341	C	0.428	0.1703636
1342	A	0.367	0.1723181
1343	G	0.289	0.1670678
1344	C	-0.024	0.15241
1345	T	0.071	0.1323895
1346	A	-0.403	0.1365705
1347	G	0.181	0.1360665
1348	A	-0.130	0.1268203
1349	G	0.183	0.1126378
1350	C	0.355	0.1002792
1351	C	0.340	0.08999362
1352	A	0.455	0.08139128
1353	T	-0.225	0.08006435
1354	G	-0.204	0.06618907
1355	A	-0.265	0.06298988
1356	G	0.280	0.07518835
1357	T	0.419	0.0837271
1358	C	0.360	0.09518679
1359	C	0.327	0.09864352
1360	C	0.211	0.1081582
1361	A	-0.445	0.104801
1362	C	0.485	0.1059104
1363	C	0.450	0.108034
1364	A	0	0.09080204
 1365	T	-0.186	0.09491923
1366	G	-0.520	0.0963496
1367	T	0.491	0.0932162
1368	G	0.423	0.07702598
1369	T	0.058	0.0763671
1370	T	-0.148	0.0805045
1371	T	-0.282	0.0823991
1372	T	-0.010	0.08396981
1373	C	0	0.0836355
 1374	T	0.474	0.09662946
1375	T	-0.183	0.1022896
1376	T	0.114	0.1086026
1377	G	0.027	0.1098851
1378	G	-0.055	0.09215753
1379	T	0.020	0.08855877
1380	T	0.273	0.09057012
1381	G	0.335	0.09332112
1382	G	0.059	0.1123246
1383	T	0.475	0.1113706
1384	G	0.456	0.1095522
1385	G	-0.434	0.1053024
1386	T	0.148	0.114099
1387	T	0.131	0.1350939
1388	T	-0.535	0.1130466
1389	A	-0.498	0.09079736
1390	G	-0.158	0.07695116
1391	T	0.357	0.09010605
1392	C	0.434	0.1084684
1393	C	0.406	0.1126871
1394	C	0.441	0.1221535
1395	A	0.319	0.121732
1396	G	0.033	0.1228423
1397	G	0	0.1086769
 1398	T	0.334	0.1004101
1399	A	-0.324	0.1024403
1400	G	0.209	0.1133361
1401	C	0.412	0.1170548
1402	T	0.326	0.1042017
1403	C	0.352	0.1142256
1404	T	0.445	0.09028991
1405	G	0.373	0.07798837
1406	G	-0.178	0.09514659
1407	A	0.183	0.08036787
1408	G	0.361	0.08867478
1409	A	-0.434	0.1000041
1410	T	-0.511	0.1049632
1411	A	-0.522	0.1098158
1412	C	0.404	0.09684358
1413	T	0.488	0.09662846
1414	G	0.166	0.09730484
1415	G	0.397	0.09407927
1416	T	0.457	0.09361882
1417	T	-0.137	0.1035076
1418	A	-0.480	0.114983
1419	G	-0.319	0.1028408
1420	T	0.029	0.09856698
1421	T	0.478	0.08661417
1422	C	0.429	0.07979215
1423	A	-0.203	0.07964429
1424	T	0.480	0.07968158
1425	A	-0.530	0.06263453
1426	T	-0.059	0.04729046
1427	T	0.286	0.0408807
1428	G	-0.472	0.02669427
1429	T	0.479	0.01404863
1430	T	-0.059	0.02249961
1431	G	-0.290	0.03808806
1432	T	0.045	0.05958437
1433	T	-0.187	0.05491585
1434	C	0.425	0.05397451
1435	C	0.434	0.05462218
1436	T	0.305	0.03814406
1437	C	0.300	0.01971918
1438	C	0.448	0.01079001
1439	C	0.481	0.02622485
1440	A	-0.175	0.03762496
1441	T	-0.504	0.04464327
1442	T	-0.292	0.03325465
1443	C	0.125	0.03070755
1444	A	0.320	0.04060622
1445	T	0.353	0.03313172
1446	T	-0.270	0.05540662
1447	T	-0.270	0.0622545
1448	T	-0.447	0.05279021
1449	A	-0.412	0.0640329
1450	A	-0.169	0.05349876
1451	A	-0.079	0.05460524
1452	C	0.143	0.06799329
1453	T	0.380	0.06502594
1454	G	0.208	0.07573518
1455	C	0.449	0.06910528
1456	A	0.193	0.05716565
1457	G	-0.294	0.05315512
1458	T	-0.316	0.056423
1459	A	-0.512	0.05547457
1460	A	0.168	0.05440426
1461	C	0.158	0.06094258
1462	C	0.324	0.06345796
1463	A	0	0.07041458
 1464	G	0.322	0.07085051
1465	G	0.211	0.06374056
1466	G	0.166	0.05531209
1467	C	0.405	0.05908835
1468	C	0.227	0.06329076
1469	A	-0.111	0.06843871
1470	G	0	0.0804595
 1471	A	0.037	0.09502224
1472	G	-0.013	0.09393245
1473	G	0.272	0.08006702
1474	T	-0.079	0.06212142
1475	T	0.262	0.05016404
1476	T	0.147	0.03132878
1477	G	-0.066	0.03586907
1478	T	0.137	0.05486204
1479	G	0.437	0.05437097
1480	G	0.408	0.06656259
1481	T	0.437	0.0662315
1482	A	0.099	0.06675547
1483	G	-0.398	0.06460664
1484	A	0	0.07690071
 1485	T	0.143	0.0805855
1486	T	0.021	0.06983523
1487	A	0	0.06037154
 1488	T	-0.111	0.04871788
1489	G	-0.094	0.05317619
1490	T	-0.231	0.05859271
1491	T	0.092	0.06069419
1492	T	0.442	0.06391732
1493	C	-0.124	0.07145698
1494	A	-0.438	0.06806955
1495	A	-0.373	0.07989058
1496	G	-0.293	0.07824699
1497	G	-0.341	0.0653797
1498	A	0.384	0.0621319
1499	C	0.503	0.05521578
1500	A	-0.337	0.04617825
1501	T	0	0.03146078
 1502	T	0.154	0.02225835
1503	G	0.180	0.01926892
1504	G	0.234	0.02769234
1505	C	0.516	0.0160331
1506	T	0.477	0.01102728
1507	A	-0.239	0.00886106
1508	T	-0.230	-0.002713083
1509	T	-0.083	-0.004732488
1510	C	0.415	0.008054455
1511	A	0.116	0.01843819
1512	T	0.088	0.02244153
1513	G	0.172	0.01325947
1514	G	0.303	0.01317285
1515	G	0.129	0.01097862
1516	T	0.417	0.009519402
1517	T	0.193	0.02354631
1518	G	-0.393	0.02537809
1519	G	-0.203	0.021166
1520	A	-0.153	0.00728754
1521	T	0.058	0.02590568
1522	T	-0.209	0.03360925
1523	C	0.050	0.02340823
1524	T	-0.026	0.01721637
1525	C	-0.044	0.01458718
1526	A	-0.489	0.007491683
1527	A	-0.066	0.001873255
1528	G	-0.069	0.0126424
1529	G	-0.486	0.02026832
1530	A	-0.196	0.02626853
1531	T	0.442	0.008852293
1532	G	0.204	0.01527351
1533	C	0.260	0.02098646
1534	C	0.056	0.006821679
1535	A	-0.128	-0.0110783
1536	T	-0.531	-0.02607851
1537	A	-0.434	-0.04890661
1538	C	0.295	-0.0663288
1539	A	-0.264	-0.06233513
1540	G	0.207	-0.06048996
1541	G	-0.079	-0.05901884
1542	T	0.444	-0.05238166
1543	T	0.323	-0.05545247
1544	C	-0.274	-0.06021573
1545	A	-0.079	-0.05694612
1546	G	0.123	-0.04513419
1547	G	0.218	-0.02658678
1548	T	0.241	-0.02291382
1549	C	0.212	-0.01194484
1550	A	0.089	0.008717283
1551	G	0.168	0.02447102
1552	A	-0.316	0.02198143
1553	C	0.385	0.01864074
1554	T	0.328	0.001896862
1555	G	-0.421	-0.009477562
1556	T	-0.448	-0.0187124
1557	A	-0.500	-0.01547285
1558	A	-0.541	0.002207748
1559	A	-0.538	-0.003029093
1560	G	-0.225	-0.005822736
1561	G	-0.125	-0.01404819
1562	T	-0.091	-0.02236664
1563	A	0.336	-0.04165616
1564	G	-0.338	-0.05888514
1565	G	-0.149	-0.06231766
1566	T	0.111	-0.06859961
1567	C	0.451	-0.06840842
1568	T	0.289	-0.08179699
1569	G	0.087	-0.0920084
1570	C	0.391	-0.1081814
1571	C	0.381	-0.1093502
1572	T	0.465	-0.1184741
1573	C	0.338	-0.1166085
1574	T	0.064	-0.1187663
1575	A	-0.442	-0.1289436
1576	T	-0.421	-0.1088085
1577	A	-0.516	-0.09629499
1578	A	-0.394	-0.08045618
1579	T	0.307	-0.07833373
1580	G	0.075	-0.07475313
1581	A	-0.382	-0.0816178
1582	G	-0.138	-0.08391747
1583	A	-0.429	-0.07375521
1584	G	-0.365	-0.0743035
1585	A	-0.400	-0.05522895
1586	A	-0.418	-0.05071585
1587	A	-0.342	-0.05522804
1588	C	0.131	-0.0771034
1589	A	-0.343	-0.09369542
1590	G	-0.187	-0.09688137
1591	A	-0.466	-0.1077695
1592	A	0.040	-0.1110798
1593	G	-0.215	-0.1209506
1594	G	-0.238	-0.1388344
1595	T	0.295	-0.1306081
1596	A	-0.099	-0.1151332
1597	C	0.423	-0.09511523
1598	A	0.077	-0.07586071
1599	G	0.165	-0.07329473
1600	G	-0.452	-0.07093835
1601	A	-0.387	-0.0738935
1602	A	-0.513	-0.05348921
1603	A	-0.222	-0.05226567
1604	G	0.335	-0.03879476
1605	G	0.313	-0.0198491
1606	G	0.462	-0.0006984071
1607	C	0.040	0.01205957
1608	A	-0.078	0.02414762
1609	A	-0.467	0.02934316
1610	A	-0.407	0.02588026
1611	C	-0.045	0.02253855
1612	A	-0.065	0.02212826
1613	T	0.242	0.01603946
1614	T	0.050	0.03301125
1615	G	-0.412	0.0498841
1616	T	0.409	0.04285827
1617	G	0.207	0.04294999
1618	A	0.419	0.03050052
1619	C	0.292	0.03183861
1620	A	-0.287	0.01881061
1621	T	0.406	0.01767932
1622	T	-0.048	0.01492428
1623	C	0.474	0.01744109
1624	A	-0.086	0.01500318
1625	G	0.136	-0.005261486
1626	T	0.430	-0.02184539
1627	G	0.404	-0.02939115
1628	C	0.117	-0.03682288
1629	A	0.164	-0.03104021
1630	T	0.349	-0.01841375
1631	T	-0.489	-0.01520685
1632	A	-0.328	-0.02353219
1633	A	-0.483	-0.03346364
1634	G	-0.215	-0.04924235
1635	T	0.497	-0.06325785
1636	C	0.470	-0.05990555
1637	T	0	-0.06440283
 1638	A	-0.095	-0.06883463
1639	G	-0.099	-0.06782494
1640	G	0.133	-0.07478215
1641	A	-0.382	-0.07443234
1642	G	-0.499	-0.0880387
1643	A	-0.503	-0.07619126
1644	A	-0.408	-0.08513722
1645	G	-0.324	-0.07854295
1646	A	-0.515	-0.09125878
1647	A	-0.382	-0.09114038
1648	A	0.145	-0.0903505
1649	G	-0.272	-0.08584897
1650	G	0.164	-0.0889359
1651	A	0.062	-0.1047101
1652	A	-0.272	-0.1026744
1653	G	-0.395	-0.1068227
1654	A	-0.482	-0.1060995
1655	A	-0.420	-0.09686569
1656	A	-0.538	-0.1133536
1657	A	-0.272	-0.1347611
1658	C	0.220	-0.1436087
1659	A	0.020	-0.1502751
1660	C	0.461	-0.1598138
1661	A	0	-0.1626818
 1662	G	-0.272	-0.1466175
1663	A	-0.164	-0.1288232
1664	G	0.448	-0.1119659
1665	T	0.099	-0.09112963
1666	G	0.190	-0.07898286
1667	A	-0.397	-0.06177905
1668	G	0.435	-0.0499272
1669	G	0.437	-0.0602952
1670	C	0.306	-0.05421808
1671	A	0.035	-0.06494701
1672	A	-0.312	-0.06426313
1673	G	-0.403	-0.06488249
1674	A	-0.502	-0.06005187
1675	A	-0.453	-0.04137618
1676	A	0.172	-0.0334585
1677	G	-0.194	-0.01367874
1678	A	-0.428	-0.004503243
1679	G	-0.371	-0.01096924
1680	A	-0.375	-0.01489151
1681	A	-0.499	-0.0207168
1682	T	0.013	-0.01671911
1683	C	0.292	3.722619e-05
1684	A	0.247	0.01293018
1685	G	0.204	-0.0004049643
1686	C	0.467	-0.0134512
1687	C	0.185	-0.02140075
1688	A	0.206	-0.02160501
1689	A	0.115	-0.03954885
1690	G	-0.289	-0.04830703
1691	G	-0.016	-0.06501495
1692	A	-0.286	-0.06003926
1693	A	0.091	-0.05225035
1694	G	-0.298	-0.04323745
1695	A	-0.192	-0.02046675
1696	G	0.301	-0.001518469
1697	T	-0.087	-0.004995726
1698	G	0.292	-0.004137821
1699	G	0.113	0.01452577
1700	A	-0.050	0.02755646
1701	T	-0.143	0.02959523
1702	G	0.217	0.04037014
1703	G	0.167	0.0335494
1704	C	0.431	0.03064999
1705	C	0.376	0.0287879
1706	A	-0.111	0.01825468
1707	A	-0.448	0.01379697
1708	A	-0.143	0.01975125
1709	G	-0.405	0.0218368
1710	T	-0.318	0.02370023
1711	A	0.069	0.02680597
1712	G	-0.395	0.03415083
1713	T	0.244	0.04894526
1714	T	0.014	0.0577163
1715	G	-0.025	0.0717297
1716	C	0.454	0.08111335
1717	C	0.342	0.07879859
1718	A	0.026	0.07244827
1719	T	-0.158	0.07595234
1720	T	0.355	0.06613101
1721	G	0.175	0.05759508
1722	T	-0.289	0.06215077
1723	G	-0.047	0.06530255
1724	A	-0.273	0.06706603
1725	C	0.170	0.0654036
1726	A	0.169	0.06549803
1727	G	-0.237	0.06205351
1728	C	0.279	0.06574348
1729	C	0.435	0.06382382
1730	T	0.294	0.08173891
1731	G	0.193	0.08379467
1732	G	-0.159	0.09214945
1733	T	0.291	0.1129239
1734	G	0.335	0.1169274
1735	C	0.459	0.1195288
1736	T	0.289	0.1085156
1737	T	0.201	0.08534735
1738	C	0.204	0.06765923
1739	A	-0.354	0.05836996
1740	T	0.439	0.05014427
1741	T	-0.299	0.03427044
1742	T	-0.409	0.0404807
1743	A	0.047	0.05516072
1744	C	0.349	0.04970626
1745	T	0.241	0.04895422
1746	C	0.361	0.03572584
1747	C	0.380	0.02128529
1748	A	-0.255	0.02410491
1749	A	-0.293	0.007007883
1750	A	-0.224	-0.006352545
1751	T	0.346	-0.02097731
1752	G	-0.232	-0.0176734
1753	C	0.420	-0.02239012
1754	T	0.477	-0.02653333
1755	C	0.412	-0.0266404
1756	T	0.123	-0.04180557
1757	A	-0.487	-0.050622
1758	G	-0.518	-0.04675533
1759	A	-0.400	-0.05533655
1760	A	-0.363	-0.04810472
1761	G	-0.504	-0.04752457
1762	A	-0.311	-0.03546412
1763	C	0.436	-0.03788115
1764	C	0.326	-0.05211215
1765	A	-0.276	-0.06682289
1766	T	-0.304	-0.06982967
1767	T	-0.384	-0.07512231
1768	A	-0.437	-0.07842405
1769	T	-0.119	-0.06786589
1770	A	-0.438	-0.05715598
1771	G	-0.125	-0.05993217
1772	A	-0.319	-0.06246591
1773	G	0.332	-0.04995003
1774	G	-0.357	-0.05334612
1775	A	0.117	-0.07044039
1776	A	0.330	-0.09180879
1777	C	-0.177	-0.09553127
1778	A	-0.080	-0.0733147
1779	C	0.363	-0.05563677
1780	A	-0.156	-0.04113115
1781	G	-0.050	-0.02260948
1782	C	0.464	-0.006195362
1783	C	0.207	0.01122702
1784	A	-0.510	0.007839043
1785	A	-0.550	0.005432567
1786	A	-0.268	0.01482576
1787	G	0.115	0.02362247
1788	G	0.139	0.02947733
1789	G	0.242	0.05016421
1790	C	0.187	0.06024699
1791	A	0.155	0.06693842
1792	A	-0.341	0.07821071
1793	G	0.240	0.09707247
1794	G	0.293	0.0939293
1795	T	0.277	0.09690918
1796	T	-0.240	0.08498178
1797	G	-0.485	0.08409266
1798	A	-0.032	0.09032884
1799	C	0.445	0.09937362
1800	A	0.223	0.0866675
1801	G	0.208	0.09151356
1802	C	0.414	0.09861687
1803	A	0.185	0.09623142
1804	G	0.420	0.1019691
1805	G	0.294	0.1158818
1806	G	0.225	0.1336599
1807	T	0.118	0.1335822
1808	T	0.064	0.126341
1809	C	-0.138	0.1317864
1810	T	0.431	0.1316548
1811	C	0.304	0.1358409
1812	T	-0.157	0.1426635
1813	G	0.347	0.1562818
1814	C	0.472	0.1488412
1815	T	0.200	0.1450908
1816	T	-0.232	0.1316931
1817	T	-0.383	0.1293035
1818	C	0.293	0.1387767
1819	A	0.084	0.1467548
1820	C	0.299	0.1287904
1821	A	-0.169	0.1161771
1822	T	0.047	0.1064383
1823	G	0.247	0.09111424
1824	G	0.364	0.07498062
1825	C	0.448	0.0619749
1826	A	0.073	0.0598825
1827	C	0.196	0.0452521
1828	A	-0.271	0.04075074
1829	G	-0.188	0.04389346
1830	C	0.367	0.05761158
1831	T	0.236	0.05730293
1832	C	0.363	0.05754253
1833	C	0.442	0.07380834
1834	C	0.230	0.06190098
1835	A	-0.072	0.05746934
1836	G	0.135	0.05856355
1837	T	-0.284	0.07638958
1838	G	-0.340	0.08142265
1839	T	-0.087	0.06679146
1840	T	0.302	0.05847097
1841	T	-0.309	0.04230095
1842	G	-0.306	0.04926473
1843	G	-0.200	0.05839058
1844	A	-0.229	0.06127539
1845	A	-0.492	0.05658713
1846	A	-0.125	0.05123089
1847	C	0.206	0.05988518
1848	A	-0.388	0.06019954
1849	G	-0.070	0.07019602
1850	A	0.196	0.07966387
1851	G	0.437	0.06092349
1852	C	0.418	0.05753109
1853	C	0.314	0.06026785
1854	T	0.525	0.0381579
1855	T	-0.152	0.04186212
1856	T	0.286	0.05205793
1857	C	0.246	0.04661362
1858	C	0.516	0.05658969
1859	T	-0.171	0.07465815
1860	A	-0.321	0.08638879
1861	T	-0.264	0.0830945
1862	T	-0.379	0.09548658
1863	C	0.122	0.1131095
1864	C	0.430	0.1287609
1865	A	0.369	0.1377056
1866	G	0.167	0.1592566
1867	G	0.223	0.1592694
1868	C	0.437	0.1590056
1869	C	0.209	0.1567568
1870	A	0.148	0.1469966
1871	G	0.209	0.1299136
1872	G	-0.419	0.1122745
1873	A	0.094	0.09839815
1874	T	0.478	0.08330234
1875	C	-0.486	0.07949676
1876	T	0.386	0.0833891
1877	C	0.355	0.08128493
1878	G	-0.092	0.08288181
1879	T	0.134	0.07197555
1880	C	0.417	0.08635164
1881	T	0.405	0.08520345
1882	G	0.164	0.08168017
1883	G	0.211	0.0841425
1884	C	0.433	0.08307241
1885	C	0.456	0.08204393
1886	T	0.146	0.08413181
1887	G	0.412	0.08461188
1888	C	-0.125	0.08945579
1889	A	0.195	0.08863419
1890	G	-0.483	0.09585969
1891	T	-0.480	0.1027631
1892	T	-0.520	0.09314119
1893	A	-0.303	0.1065333
1894	G	-0.164	0.1013047
1895	A	-0.319	0.098828
1896	G	0.366	0.1167306
1897	G	0.011	0.1170593
1898	C	0.197	0.1139829
1899	A	0.313	0.1092747
1900	T	0.058	0.1160588
1901	C	0.431	0.1170549
1902	A	-0.369	0.1130814
1903	T	-0.412	0.1199888
1904	A	-0.276	0.1120633
1905	C	0.077	0.1121335
1906	T	0.387	0.1035871
1907	C	0.456	0.1091999
1908	A	0.187	0.1015785
1909	G	0.426	0.1058274
1910	C	0.402	0.1056472
1911	T	0.513	0.1171516
1912	C	0.438	0.1165041
1913	A	-0.194	0.1169174
1914	C	0.143	0.1348773
1915	A	-0.125	0.1492273
1916	C	0.374	0.1648335
1917	C	0.265	0.1534553
1918	C	0.400	0.1426435
1919	T	0.226	0.1277413
1920	C	-0.290	0.1090647
1921	C	0.419	0.09786293
1922	G	0.459	0.07979884
1923	G	0.238	0.08833567
1924	T	0.454	0.1049156
1925	G	-0.121	0.09940841
1926	T	0.436	0.09706695
1927	G	0.098	0.08507516
1928	T	0.381	0.074201
1929	C	0.092	0.08057383
1930	A	0.053	0.07092477
1931	A	0.187	0.05598003
1932	T	0	0.0366687
 1933	G	-0.508	0.01839389
1934	A	-0.503	0.01036303
1935	C	0.450	0.008044117
1936	C	0.438	0.02355426
1937	T	0.335	0.0109485
1938	T	-0.111	-0.0008923357
1939	G	-0.442	-0.02270181
1940	A	-0.427	-0.03873765
1941	A	-0.471	-0.02757324
1942	A	-0.411	-0.04447855
1943	T	-0.326	-0.0545987
1944	A	-0.010	-0.06391651
1945	C	0.283	-0.08154472
1946	A	-0.507	-0.07461672
1947	A	-0.020	-0.07699775
1948	T	-0.116	-0.06891409
1949	G	0	-0.06751404
 1950	C	0.454	-0.06283198
1951	A	0.021	-0.06200636
1952	G	-0.225	-0.0754266
1953	A	-0.297	-0.08080826
1954	G	-0.329	-0.06722817
1955	A	-0.532	-0.04790019
1956	A	0.045	-0.05251424
1957	C	0.525	-0.05942743
1958	G	-0.155	-0.07296162
1959	T	-0.231	-0.07703784
1960	A	-0.515	-0.07737172
1961	A	-0.446	-0.06083272
1962	G	0.178	-0.04271286
1963	A	-0.290	-0.03351262
1964	G	0.034	-0.01660128
1965	A	-0.152	-0.01125024
1966	T	-0.286	-0.008179879
1967	T	0.169	0.009045764
1968	C	0.336	0.02130753
1969	T	0.437	0.0169152
1970	T	0.440	0.01005898
1971	C	0.289	0.008690817
1972	T	0.087	0.01885966
1973	T	-0.375	0.03397785
1974	G	-0.226	0.04254906
1975	A	0.062	0.03964775
1976	C	0.308	0.04013601
1977	A	0.257	0.02933333
1978	G	0.148	0.0104984
1979	T	-0.232	0.01449538
1980	G	-0.282	0.0240928
1981	A	-0.456	0.03663
1982	C	0.266	0.04075265
1983	C	0.289	0.02742236
1984	A	-0.025	0.03898641
1985	T	0.383	0.04720677
1986	C	0.213	0.06153296
1987	C	0.412	0.06834325
1988	T	0.215	0.07317913
1989	C	0.494	0.06413475
1990	G	-0.300	0.04422417
1991	A	-0.287	0.02655382
1992	T	0.397	0.009049031
1993	C	0.448	-0.005653331
1994	C	0.409	0.007631979
1995	A	0.062	0.02072636
1996	G	-0.451	0.02331991
1997	A	-0.511	0.01092765
1998	A	-0.407	-0.005943998
1999	A	-0.265	-0.01208674
2000	G	0.012	-0.006541902
2001	C	0.171	0.01009526
2002	A	0.010	0.03082895
2003	T	-0.273	0.03442786
2004	A	-0.381	0.03815876
2005	C	0.194	0.04393243
2006	T	0.379	0.04310857
2007	T	0.448	0.04245416
2008	G	0	0.03531235
 2009	G	0.372	0.02034421
2010	A	-0.043	0.01395945
2011	G	-0.398	0.0205837
2012	A	-0.301	0.02958491
2013	A	-0.445	0.0169607
2014	T	-0.529	0.009282367
2015	A	0.182	0.006337819
2016	C	0.323	-0.00520484
2017	C	0.171	-0.0009093643
2018	A	-0.212	0.01437771
2019	A	-0.451	0.03118823
2020	G	-0.109	0.04622773
2021	T	0	0.03924421
 2022	C	0.415	0.03241
2023	C	0.413	0.02749346
2024	G	0.417	0.04191934
2025	G	0.446	0.06026158
2026	G	0.216	0.05663315
2027	T	0.348	0.03812949
2028	C	0.186	0.0336597
2029	T	0.112	0.04309153
2030	T	-0.412	0.03907315
2031	T	0.226	0.04180181
2032	T	-0.022	0.04511238
2033	C	0.090	0.04103821
2034	A	-0.132	0.044244
2035	T	0.126	0.0531999
2036	C	0.286	0.05648271
2037	A	-0.422	0.06015855
2038	A	-0.270	0.06668643
2039	C	0.130	0.06666083
2040	T	0.298	0.06791097
2041	C	0.366	0.06695452
2042	G	-0.280	0.06659018
2043	A	-0.115	0.04671892
2044	G	-0.195	0.0352189
2045	G	0.332	0.03519023
2046	T	0.388	0.02255813
2047	C	0.042	0.0261172
2048	A	-0.397	0.0251596
2049	A	0.261	0.02340789
2050	C	0.396	0.03216622
2051	T	0.203	0.0491213
2052	C	0.071	0.05042537
2053	A	-0.259	0.05822871
2054	A	-0.472	0.06014902
2055	T	-0.311	0.05782219
2056	T	-0.153	0.04212212
2057	T	0.319	0.04040247
2058	C	0.478	0.05287219
2059	C	0.445	0.06399097
2060	A	-0.213	0.06023776
2061	T	-0.399	0.04407816
2062	A	-0.150	0.03311884
2063	T	-0.015	0.05019891
2064	C	-0.418	0.06363134
2065	A	-0.069	0.07873246
2066	T	0.416	0.07954715
2067	C	-0.084	0.07143505
2068	T	0.366	0.06995528
2069	G	0.308	0.08320885
2070	G	0.112	0.07998314
2071	T	0.480	0.0699137
2072	G	0.299	0.07013851
2073	T	0.281	0.07773888
2074	C	0.305	0.09503453
2075	T	0.170	0.1044847
2076	T	-0.230	0.1128618
2077	A	-0.533	0.1196652
2078	G	0.214	0.1044185
2079	G	0.101	0.1017555
2080	G	0.196	0.08838593
2081	T	-0.027	0.09662757
2082	A	-0.380	0.1108367
2083	T	-0.093	0.120576
2084	C	0.436	0.1205519
2085	C	0.448	0.1251337
2086	A	0.438	0.1278766
2087	G	0.366	0.1274686
2088	G	0.048	0.1377307
2089	A	-0.019	0.1337811
2090	C	0.159	0.1271396
2091	T	0.125	0.1351787
2092	T	-0.026	0.1317528
2093	G	0.213	0.1312366
2094	G	0.390	0.1324494
2095	T	0.466	0.1251809
2096	G	-0.075	0.1150586
2097	T	0.040	0.1274399
2098	T	0.132	0.1314548
2099	G	-0.320	0.1267196
2100	T	0.366	0.119797
2101	G	-0.116	0.1161868
2102	G	0.132	0.1172831
2103	G	0.197	0.1372327
2104	A	0.259	0.1466036
2105	C	-0.016	0.1268469
2106	A	-0.226	0.1067708
2107	A	0.046	0.08464118
2108	C	0.399	0.06893013
2109	T	0.346	0.05550456
2110	G	0.200	0.0516351
2111	G	0.029	0.05813602
2112	G	0.450	0.0649826
2113	T	0.336	0.0741527
2114	T	0.277	0.07283303
2115	C	0.331	0.062078
2116	T	0	0.05996269
 2117	G	-0.254	0.07051026
2118	A	0.289	0.07664405
2119	T	-0.364	0.07745707
2120	G	0.015	0.08289599
2121	A	-0.189	0.08608853
2122	T	0.044	0.08638189
2123	G	0.018	0.08440608
2124	C	0.457	0.08156856
2125	C	0.299	0.07212132
2126	A	-0.393	0.06943529
2127	A	-0.394	0.07953238
2128	A	-0.490	0.08866195
2129	T	-0.293	0.08173835
2130	A	-0.515	0.07259779
2131	G	-0.182	0.07719758
2132	C	0.432	0.0706758
2133	C	0.413	0.05000032
2134	T	0.358	0.04424715
2135	T	0.157	0.02639576
2136	G	-0.060	0.005957883
2137	G	0.377	0.004176774
2138	C	0.367	0.01599158
2139	T	0.298	0.01236704
2140	T	0.166	0.02000575
2141	C	-0.092	0.01173439
2142	T	0.500	0.005626862
2143	G	-0.103	-0.006071693
2144	T	0.049	-0.01883732
2145	T	0.078	-0.0337787
2146	G	-0.137	-0.04496737
2147	A	-0.129	-0.0410998
2148	T	0.197	-0.04239553
2149	G	0.429	-0.04022191
2150	G	0.108	-0.03750872
2151	T	-0.036	-0.0206926
2152	A	0.393	-0.007033486
2153	T	-0.244	-0.01388591
2154	T	-0.417	-0.01315777
2155	G	0.095	-0.03021827
2156	G	-0.472	-0.0334286
2157	A	-0.526	-0.04403779
2158	A	-0.074	-0.05754124
2159	G	0.241	-0.06850115
2160	T	0.137	-0.07724038
2161	G	-0.043	-0.07808574
2162	G	-0.332	-0.06395168
2163	A	-0.446	-0.08731411
2164	A	-0.446	-0.09043632
2165	A	-0.517	-0.092939
2166	A	-0.170	-0.09875065
2167	G	-0.170	-0.1021595
2168	A	-0.230	-0.08832891
2169	A	-0.448	-0.0824366
2170	G	-0.399	-0.08763867
2171	A	-0.179	-0.09119948
2172	T	0.190	-0.09488632
2173	C	0.391	-0.1030492
2174	T	0.144	-0.0871526
2175	C	0.443	-0.06807186
2176	A	-0.358	-0.0600644
2177	T	0.022	-0.03977664
2178	G	-0.506	-0.02335685
2179	T	-0.189	-0.03190422
2180	A	-0.092	-0.04916955
2181	G	-0.068	-0.05855041
2182	C	0.130	-0.06469653
2183	A	0.501	-0.06599443
2184	G	-0.480	-0.06797493
2185	T	-0.234	-0.06275565
2186	A	-0.055	-0.0482613
2187	G	-0.165	-0.04295989
2188	T	-0.280	-0.02677612
2189	T	0.451	-0.03330927
2190	C	0.445	-0.03500165
2191	T	0.211	-0.03521931
2192	T	-0.040	-0.03663365
2193	G	-0.191	-0.04419722
2194	G	0.050	-0.04586658
2195	C	0.423	-0.0504846
2196	T	0.383	-0.05841955
2197	C	0.431	-0.05254369
2198	C	0.379	-0.05925226
2199	C	0.163	-0.05642105
2200	A	-0.433	-0.0616889
2201	G	-0.483	-0.07038306
2202	G	-0.256	-0.07677536
2203	A	-0.301	-0.0790398
2204	A	-0.386	-0.1033152
2205	A	-0.529	-0.0974323
2206	A	-0.227	-0.1003588
2207	C	0.091	-0.09394302
2208	A	0.052	-0.08351904
2209	C	0.509	-0.06772745
2210	A	-0.505	-0.06836185
2211	A	-0.520	-0.08684004
2212	T	-0.408	-0.08701425
2213	G	-0.238	-0.07683552
2214	A	-0.127	-0.06846159
2215	C	0.321	-0.05634527
2216	A	-0.049	-0.07073817
2217	G	0.110	-0.08767777
2218	G	-0.111	-0.09663539
2219	A	-0.259	-0.1107047
2220	A	-0.387	-0.1063383
2221	A	-0.410	-0.09282034
2222	G	-0.458	-0.07134332
2223	A	-0.337	-0.05430153
2224	C	0.035	-0.0546997
2225	A	-0.517	-0.03534406
2226	A	-0.233	-0.01432791
2227	A	-0.357	-0.009874667
2228	G	0.214	-0.02408339
2229	G	0.272	-0.035229
2230	C	0.382	-0.05202817
2231	T	0.425	-0.04904648
2232	G	-0.330	-0.02747693
2233	T	0.203	-0.007588381
2234	C	0.386	0.008776095
2235	A	0.159	0.02041836
2236	C	0.559	0.02346355
2237	T	-0.181	0.0237223
2238	A	-0.327	0.01813625
2239	C	0.055	0.03038161
2240	A	-0.211	0.0481804
2241	T	0.346	0.06314161
2242	C	0.133	0.08123642
2243	T	0.418	0.09922956
2244	G	0.459	0.1103281
2245	T	-0.318	0.1110326
2246	G	0.426	0.1226673
2247	C	0.353	0.1337866
2248	T	-0.040	0.1514305
2249	A	-0.505	0.1572899
2250	T	-0.415	0.1575512
2251	T	-0.196	0.1390748
2252	A	-0.379	0.117471
2253	C	0.385	0.1247266
2254	T	0.426	0.1244685
2255	C	0.448	0.1242944
2256	C	0.361	0.1305556
2257	T	0.449	0.121442
2258	A	-0.038	0.1329079
2259	C	-0.124	0.1427468
2260	A	0.402	0.1401218
2261	T	0.488	0.1502456
2262	C	0.240	0.1530667
2263	T	0.349	0.1609107
2264	C	0.297	0.1580233
2265	A	0.128	0.1440906
2266	C	0.065	0.1487315
2267	A	-0.029	0.1311706
2268	G	0.233	0.1100448
2269	C	0.383	0.1110097
2270	T	0.460	0.124167
2271	C	0.283	0.1344657
2272	A	-0.393	0.1446869
2273	G	-0.482	0.1654249
2274	T	-0.026	0.1671741
2275	T	0.192	0.1606946
2276	C	0.379	0.1513411
2277	C	0.422	0.1485743
2278	C	0.176	0.1362085
2279	C	0.300	0.1407371
2280	T	0.085	0.1412222
2281	G	-0.055	0.1396768
2282	T	0.214	0.124852
2283	C	0.465	0.1152505
2284	C	0.463	0.09712993
2285	T	0.297	0.08385905
2286	T	-0.126	0.07228857
2287	T	-0.123	0.0752002
2288	T	-0.311	0.07684436
2289	A	-0.533	0.06716983
2290	A	0	0.04926993
 2291	C	0.047	0.03936306
2292	T	0.016	0.02391468
2293	T	0.233	0.03940563
2294	C	0.491	0.05531725
2295	T	0.459	0.06678371
2296	G	0.154	0.07229876
2297	T	0.055	0.0682394
2298	T	0.245	0.06525671
2299	T	-0.070	0.05902736
2300	T	0.151	0.04731334
2301	T	-0.103	0.03817081
2302	C	0.338	0.03224914
2303	A	-0.134	0.01646221
2304	T	-0.162	0.002088376
2305	A	-0.411	-0.01514662
2306	A	-0.259	-0.03084046
2307	A	-0.357	-0.0199525
2308	T	0.187	-0.01700562
2309	T	0.039	-0.01178064
2310	G	-0.172	0.0128849
2311	T	-0.368	0.02488967
2312	G	0.044	0.02410911
2313	A	-0.365	0.03386965
2314	C	0.256	0.02275462
2315	A	0.186	0.014233
2316	C	0.455	-0.003819757
2317	C	0.424	-0.01029321
2318	T	0.208	-0.0100257
2319	C	0.297	-0.007978633
2320	T	-0.084	-0.004433862
2321	G	-0.191	-0.009263305
2322	A	-0.298	0.005398029
2323	A	-0.303	0.0004789333
2324	G	-0.448	0.002537564
2325	T	-0.138	0.005292767
2326	A	-0.260	0.006570267
2327	A	-0.361	0.009361838
2328	T	0.331	0.01382217
2329	G	0	0.00472141
 2330	G	-0.091	0.01640545
2331	T	0.501	0.01347126
2332	C	0.504	0.03041945
2333	A	0.014	0.03390349
2334	T	0.426	0.04739665
2335	T	-0.233	0.04127908
2336	T	0.133	0.03611309
2337	G	-0.298	0.0298039
2338	G	-0.117	0.03008323
2339	A	0.066	0.03663875
2340	T	0.331	0.03938811
2341	T	0.078	0.04685567
2342	G	-0.051	0.06271227
2343	T	0.512	0.05914203
2344	T	0.131	0.06234181
2345	T	-0.047	0.08369553
2346	T	-0.046	0.09600048
2347	A	-0.357	0.1087058
2348	T	-0.142	0.1182789
2349	T	-0.169	0.1159388
2350	T	-0.194	0.1057193
2351	C	0.530	0.1000585
2352	A	-0.296	0.09987231
2353	T	0.343	0.08185014
2354	C	0.190	0.07358215
2355	A	0.201	0.06642348
2356	C	0	0.07884605
 2357	T	-0.030	0.06478953
2358	A	0.190	0.06859303
2359	T	0.436	0.05893443
2360	C	0.484	0.04580149
2361	C	0.413	0.03877809
2362	A	0.228	0.0472134
2363	C	0.474	0.05952453
2364	A	-0.448	0.05797246
2365	A	-0.169	0.06585455
2366	T	0.447	0.07655464
2367	C	0.378	0.09014139
2368	T	0.273	0.09336894
2369	G	0.040	0.08936884
2370	T	0.232	0.08881248
2371	A	-0.429	0.1006524
2372	A	-0.329	0.0871034
2373	T	0.494	0.09109226
2374	C	-0.252	0.0749124
2375	T	-0.332	0.07553411
2376	A	0.126	0.06180147
2377	C	0.288	0.05414176
2378	A	-0.457	0.05262903
2379	A	-0.139	0.04449958
2380	A	-0.523	0.03052722
2381	A	-0.484	0.01435844
2382	G	0.036	0.01532382
2383	T	0.432	0.02033263
2384	C	0.466	0.01479082
2385	T	0.446	0.02771993
2386	T	0.462	0.03409427
2387	C	0.401	0.01904956
2388	A	0.523	0.01157364
2389	T	-0.222	0.01825352
2390	T	-0.310	0.02738412
2391	A	-0.193	0.02104524
2392	T	0.302	0.04111479
2393	T	-0.038	0.05968922
2394	G	-0.128	0.06080977
2395	A	-0.336	0.07960148
2396	C	0.216	0.09093798
2397	A	-0.375	0.0839825
2398	A	-0.321	0.07712089
2399	G	-0.094	0.0837905
2400	T	-0.150	0.0757692
2401	G	-0.150	0.08157448
2402	A	-0.194	0.08266831
2403	C	0.453	0.07064569
2404	C	0.439	0.04920957
2405	T	0.241	0.0273751
2406	T	0.094	0.006549571
2407	T	0.098	-0.009580429
2408	G	-0.183	-0.01373586
2409	T	0.064	-0.01915079
2410	T	0.553	-0.01739874
2411	T	0.423	0.000211619
2412	A	-0.033	0.00707979
2413	T	0.413	-0.005623067
2414	C	0.450	-0.01203044
2415	T	0.541	-0.003106269
2416	T	0.536	-0.002766269
2417	T	0.143	-0.01570644
2418	A	-0.165	-0.00768169
2419	T	0	-0.01139888
 2420	G	-0.176	-0.01170459
2421	A	-0.476	-0.01445997
2422	A	-0.279	-0.003609564
2423	T	-0.438	0.009945317
2424	T	-0.468	0.006685174
2425	A	-0.467	0.007939602
2426	A	-0.451	0.00437356
2427	A	-0.427	0.01277879
2428	A	-0.215	0.01809899
2429	T	0.227	0.02699446
2430	C	0.296	0.0226095
2431	T	-0.148	-0.001361119
2432	A	0.429	-0.01894369
2433	C	0.095	-0.02336832
2434	A	-0.230	-0.02982215
2435	A	-0.307	-0.03081503
2436	A	0.246	-0.03167396
2437	C	-0.322	-0.03810925
2438	A	-0.326	-0.05050136
2439	A	-0.038	-0.04704849
2440	A	-0.477	-0.03949632
2441	G	-0.107	-0.02642137
2442	G	-0.266	-0.01508706
2443	A	0.305	-0.007375386
2444	G	0.374	0.004882121
2445	C	0.316	0.016727
2446	T	0.492	0.02571769
2447	G	0.091	0.03224055
2448	T	0.447	0.03102809
2449	C	0.321	0.03129195
2450	C	0.189	0.01637145
2451	A	-0.119	-0.002606145
2452	G	-0.453	-0.01025826
2453	A	-0.314	-0.03224588
2454	A	-0.219	-0.04443967
2455	C	0.142	-0.04803227
2456	C	0.408	-0.05060677
2457	C	0.505	-0.04983013
2458	A	0.266	-0.04319113
2459	T	-0.377	-0.02425528
2460	A	-0.020	-0.0210748
2461	G	0.317	0.0009923429
2462	T	0.372	0.006569843
2463	T	0	0.003834533
 2464	A	0.044	-0.01320075
2465	C	0.075	-0.03458254
2466	A	0.029	-0.05285628
2467	T	-0.089	-0.07198011
2468	T	-0.177	-0.08265121
2469	A	-0.478	-0.09792376
2470	G	-0.203	-0.1107341
2471	A	-0.399	-0.1100619
2472	A	-0.500	-0.1045913
2473	A	-0.470	-0.1026514
2474	A	-0.494	-0.102804
2475	A	-0.416	-0.1067799
2476	A	-0.381	-0.1177369
2477	A	-0.415	-0.1274689
2478	C	0.278	-0.1438886
2479	A	-0.043	-0.1601946
2480	C	0.468	-0.1500687
2481	A	0.094	-0.1435365
2482	C	0.448	-0.1502852
2483	A	0.126	-0.1543987
2484	C	-0.381	-0.1553782
2485	A	-0.410	-0.1608134
2486	A	-0.523	-0.1694358
2487	A	-0.450	-0.1627644
2488	A	-0.311	-0.1697163
2489	G	-0.356	-0.1627853
2490	A	-0.194	-0.1639234
2491	A	-0.216	-0.1582159
2492	T	0.217	-0.1537109
2493	G	0.109	-0.1378967
2494	G	-0.371	-0.1213935
2495	A	-0.321	-0.1059948
2496	A	-0.386	-0.08841677
2497	T	-0.317	-0.0723811
2498	T	0	-0.05362841
 2499	C	-0.184	-0.06405805
2500	A	-0.418	-0.06086819
2501	A	0.048	-0.07711311
2502	C	0.253	-0.07117757
2503	T	0.033	-0.07171769
2504	C	0.199	-0.06599541
2505	A	-0.041	-0.04915126
2506	G	-0.183	-0.03711643
2507	A	-0.286	-0.01930821
2508	G	0.309	-0.00241626
2509	G	-0.381	0.01326638
2510	G	0.114	0.03344412
2511	A	-0.526	0.04996548
2512	A	0.035	0.0593246
2513	T	-0.210	0.05384913
2514	G	0.163	0.04117542
2515	G	0.223	0.04049109
2516	T	0.152	0.03874587
2517	G	0.321	0.04156992
2518	G	0.291	0.03840142
2519	C	0.371	0.03432511
2520	T	-0.159	0.02802904
2521	T	0.090	0.02988594
2522	C	-0.213	0.02262371
2523	A	0.344	0.01658968
2524	C	0.426	0.01240731
2525	C	0.367	0.0007751881
2526	C	0.325	0.007512581
2527	A	0.095	0.02142263
2528	G	0.224	0.03539144
2529	T	0.258	0.04037196
2530	C	0.347	0.05935151
2531	T	0.491	0.05999365
2532	C	0.499	0.07305011
2533	T	0.176	0.06706967
2534	T	-0.012	0.07132539
2535	T	-0.422	0.0579451
2536	T	-0.400	0.04000705
2537	A	-0.394	0.02398331
2538	A	-0.267	0.02368872
2539	T	-0.450	0.01258715
2540	G	-0.171	0.005921995
2541	A	-0.448	0.0183688
2542	A	-0.340	0.02399454
2543	A	-0.256	0.03613168
2544	C	0	0.03288366
 2545	T	-0.141	0.01933156
2546	A	-0.289	0.02061375
2547	C	0.241	0.0234444
2548	T	0.400	0.02789023
2549	C	0.300	0.01749282
2550	C	0.518	-0.0007716071
2551	T	0.415	-0.02037965
2552	T	0.140	-0.02626058
2553	C	0.021	-0.04690944
2554	G	-0.215	-0.0492625
2555	G	-0.031	-0.04296735
2556	A	-0.398	-0.03581968
2557	A	-0.530	-0.02294535
2558	A	-0.520	-0.0117224
2559	T	0.308	0.001260129
2560	G	-0.174	0.01575149
2561	T	0.091	0.02553894
2562	G	0.363	0.03804549
2563	C	0.327	0.05517442
2564	T	0.295	0.07110545
2565	T	0.207	0.08174575
2566	G	-0.142	0.08913171
2567	C	0.421	0.1023498
2568	C	0.444	0.0920903
2569	C	0.281	0.07274464
2570	T	-0.212	0.05772442
2571	A	-0.508	0.03615354
2572	A	-0.476	0.03197392
2573	C	0.244	0.03042528
2574	A	-0.367	0.02622554
2575	C	0.077	0.03564815
2576	A	0.252	0.04052344
2577	G	-0.122	0.05998622
2578	C	0.140	0.08238849
2579	A	0.077	0.0980388
2580	C	0.277	0.0990991
2581	T	0.158	0.1094556
2582	T	0.239	0.1005616
2583	G	0.076	0.09397009
2584	G	0.378	0.08154178
2585	C	0.412	0.06792759
2586	C	0.446	0.05744978
2587	T	0.168	0.06085176
2588	G	0.266	0.04221519
2589	C	-0.189	0.02056804
2590	A	-0.411	0.02447678
2591	A	-0.330	0.02161192
2592	A	-0.387	0.04041054
2593	C	0.239	0.0421264
2594	A	0.075	0.03370833
2595	G	-0.154	0.03485954
2596	T	0.180	0.02969127
2597	G	0.173	0.02612203
2598	G	0.419	0.03742296
2599	C	0.410	0.04404334
2600	A	0.136	0.04609915
2601	C	0.353	0.04047675
2602	T	0.260	0.04683785
2603	A	-0.281	0.04763735
2604	T	0.086	0.04720871
2605	T	-0.194	0.0452264
2606	A	-0.275	0.0225293
2607	A	-0.232	0.02320025
2608	T	0	0.01958836
 2609	G	-0.361	0.01900874
2610	T	-0.464	0.02739808
2611	A	0.445	0.04231612
2612	A	-0.332	0.04387567
2613	A	0.281	0.04939689
2614	T	-0.403	0.036144
2615	T	-0.109	0.02285819
2616	A	-0.319	0.02362174
2617	T	-0.139	0.01024334
2618	T	0.102	-0.004407307
2619	C	0.352	-0.02552152
2620	C	0.418	-0.04245593
2621	A	0.163	-0.04902731
2622	G	0.041	-0.06822626
2623	T	0.425	-0.0794475
2624	C	0.273	-0.07788914
2625	T	0.058	-0.08481626
2626	T	0.295	-0.08408612
2627	G	-0.541	-0.0807979
2628	T	0.475	-0.07446086
2629	G	0.016	-0.07389769
2630	G	0.241	-0.05370652
2631	T	0.163	-0.038022
2632	T	0.214	-0.0447899
2633	T	-0.264	-0.04153055
2634	G	-0.155	-0.04289081
2635	A	-0.316	-0.04605648
2636	T	-0.482	-0.05265176
2637	A	-0.122	-0.03864988
2638	G	-0.381	-0.02558407
2639	A	-0.442	-0.01636969
2640	A	-0.467	-0.02763021
2641	A	-0.300	-0.04671936
2642	G	-0.139	-0.06354831
2643	A	-0.452	-0.07456048
2644	T	-0.210	-0.09570912
2645	T	-0.216	-0.1107354
2646	A	-0.204	-0.1177143
2647	A	-0.164	-0.1342937
2648	T	-0.137	-0.1337343
2649	G	0.033	-0.1456833
2650	G	0.023	-0.1487311
2651	T	0.486	-0.1580843
2652	C	0.194	-0.1522862
2653	T	0.161	-0.1489137
2654	C	-0.195	-0.1446957
2655	G	0.223	-0.144004
2656	A	-0.536	-0.1291813
2657	A	-0.386	-0.1094569
2658	G	0.269	-0.09664662
2659	C	0.409	-0.08321721
2660	T	0.489	-0.06914593
2661	C	-0.120	-0.04956647
2662	A	-0.383	-0.04240583
2663	A	-0.543	-0.04911283
2664	A	-0.420	-0.05052619
2665	G	-0.463	-0.05633931
2666	A	-0.357	-0.06053543
2667	T	-0.234	-0.05401627
2668	A	-0.400	-0.05802161
2669	A	-0.517	-0.04407173
2670	A	-0.026	-0.04012093
2671	T	-0.111	-0.02963265
2672	G	-0.151	-0.02936613
2673	C	0.406	-0.04080103
2674	T	0.356	-0.05617291
2675	G	-0.087	-0.0589797
2676	T	-0.126	-0.07480701
2677	G	0.305	-0.06631232
2678	C	0.346	-0.0451657
2679	T	0.415	-0.04405622
2680	T	0.182	-0.04409796
2681	G	0.148	-0.04378156
2682	T	0.354	-0.0302961
2683	G	0	-0.02963375
 2684	T	-0.420	-0.02990346
2685	A	-0.512	-0.02730584
2686	A	-0.455	-0.01731404
2687	T	-0.392	-0.003619417
2688	G	0.069	0.007740131
2689	A	-0.332	0.02718227
2690	G	0.448	0.0459842
2691	G	0.199	0.05268833
2692	T	0.464	0.05212885
2693	C	0.497	0.05572833
2694	A	-0.285	0.04382278
2695	A	-0.483	0.03655117
2696	C	-0.313	0.0355543
2697	A	-0.440	0.0398047
2698	A	-0.180	0.04267937
2699	T	0.501	0.04318891
2700	C	0.315	0.03670206
2701	A	0.407	0.0415611
2702	C	0.502	0.02882851
2703	C	0.445	0.009450224
2704	A	-0.355	-0.002580157
2705	A	-0.554	0.01169496
2706	A	-0.311	0.02049491
2707	G	-0.043	0.03226983
2708	G	0.217	0.04529742
2709	C	0.242	0.04924575
2710	C	0.415	0.0484816
2711	A	0.272	0.02648058
2712	C	0.254	0.01177472
2713	T	-0.134	-0.01200075
2714	G	0	-0.02673849
 2715	G	-0.093	-0.01137097
2716	A	0.050	0.01077527
2717	G	-0.129	0.02668594
2718	G	0.052	0.03975929
2719	C	0.426	0.0548501
2720	C	0.367	0.04995051
2721	T	0.143	0.04013962
2722	C	0.386	0.02797465
2723	T	-0.385	0.009530979
2724	G	-0.459	-0.01156319
2725	A	-0.505	-0.0120785
2726	C	0.178	0.0001900952
2727	A	-0.142	0.005544829
2728	G	0.039	0.01378816
2729	G	0.154	0.01926495
2730	G	0.235	0.01734935
2731	A	-0.364	0.014172
2732	A	-0.475	0.006687107
2733	A	-0.417	-0.006183345
2734	A	-0.534	0.003187202
2735	A	-0.121	-0.00446844
2736	C	0.359	0.00279144
2737	C	0.446	-0.009068088
2738	A	0.354	-0.01115209
2739	G	0.108	-0.008042443
2740	T	0.453	-0.03017137
2741	G	0.295	-0.04652463
2742	G	-0.096	-0.05158758
2743	T	-0.102	-0.05032908
2744	T	-0.271	-0.02967362
2745	A	-0.440	-0.02476139
2746	A	-0.377	-0.01630091
2747	G	-0.039	-0.02685329
2748	A	-0.086	-0.02245714
2749	T	0.302	-0.01559353
2750	C	0.447	-0.01000857
2751	T	0.161	-0.01532694
2752	G	0.282	0.002806033
2753	T	-0.042	0.0157327
2754	A	-0.285	0.03630131
2755	T	0.258	0.03663308
2756	G	-0.321	0.02730958
2757	T	0.211	0.006416052
2758	T	-0.447	-0.006897424
2759	G	-0.217	-0.02614928
2760	T	0.182	-0.02464007
2761	T	-0.502	-0.03074309
2762	A	-0.319	-0.0285679
2763	G	-0.069	-0.01589006
2764	C	0.439	-0.003329348
2765	T	0.481	0.01028041
2766	C	-0.252	0.02497291
2767	A	-0.149	0.03612853
2768	T	-0.264	0.04117403
2769	C	0.042	0.04739656
2770	T	0.327	0.04482685
2771	G	0.389	0.03344519
2772	G	0.012	0.0275859
2773	G	0.397	0.01781209
2774	T	0.066	0.02832024
2775	G	0.446	0.03327266
2776	A	-0.520	0.03817985
2777	T	-0.512	0.04854985
2778	G	-0.518	0.03159078
2779	T	-0.112	0.03085438
2780	G	-0.453	0.02498523
2781	A	0.171	0.008260019
2782	C	0.197	0.007968614
2783	C	0.387	0.0129663
2784	C	0.436	0.004111843
2785	T	0.424	-0.01408566
2786	G	0.299	-0.02282578
2787	G	0.176	-0.01169223
2788	A	0.091	-0.00698989
2789	C	0.172	0.00412161
2790	T	0.174	0.01013931
2791	C	0.194	0.01312686
2792	T	-0.030	0.01397598
2793	G	-0.084	0.01806371
2794	A	-0.128	0.01929221
2795	T	0.399	0.02929821
2796	G	-0.077	0.02926757
2797	C	0.464	0.04355953
2798	T	0.114	0.0581518
2799	T	-0.500	0.07006387
2800	A	-0.478	0.07208356
2801	G	-0.463	0.07676935
2802	A	-0.519	0.07335913
2803	A	-0.515	0.07966665
2804	A	-0.109	0.08075251
2805	G	-0.441	0.07742365
2806	C	-0.324	0.0643623
2807	T	0.114	0.06322844
2808	A	0.214	0.0546433
2809	G	0.047	0.04343518
2810	C	0.202	0.03149847
2811	A	0.294	0.01607061
2812	C	0.453	0.001743133
2813	C	0.424	0.001342769
2814	A	0.183	-0.001676057
2815	G	0.448	0.008711752
2816	C	0.487	0.01075513
2817	T	0.444	0.0239318
2818	A	0.079	0.009241924
2819	C	0.099	-0.0005561
2820	T	-0.017	0.007825186
2821	G	-0.028	0.03003095
2822	A	-0.257	0.0473544
2823	A	0.028	0.06899688
2824	T	0.462	0.0815083
2825	C	0.432	0.09448078
2826	T	0.296	0.1093913
2827	G	-0.124	0.1221948
2828	C	0.252	0.1296273
2829	T	-0.183	0.1306113
2830	A	-0.379	0.1388356
2831	A	-0.328	0.1243355
2832	T	-0.473	0.1256419
2833	T	-0.406	0.1207663
2834	A	-0.047	0.1116981
2835	A	-0.210	0.1163239
2836	C	0.308	0.1157856
2837	T	0.484	0.1112143
2838	C	0.475	0.1030808
2839	T	-0.152	0.1004587
2840	A	-0.297	0.106937
2841	G	-0.148	0.1115234
2842	C	0.454	0.1243265
2843	A	0.263	0.1286114
2844	G	0.389	0.1312625
2845	C	0.010	0.1148435
2846	T	0.435	0.1076804
2847	T	0.184	0.09245327
2848	C	0.212	0.09011155
2849	C	0.426	0.07217753
2850	A	0.255	0.08462474
2851	G	0.392	0.1063129
2852	G	-0.406	0.1152869
2853	T	0.349	0.1365424
2854	T	0.248	0.1500676
2855	C	0.044	0.1569432
2856	T	0.378	0.167482
2857	C	0.426	0.1649236
2858	T	0.295	0.1629417
2859	T	0.103	0.1621842
2860	G	-0.030	0.1753122
2861	G	0.372	0.1936393
2862	G	0.174	0.205424
2863	A	0.509	0.1998789
2864	C	-0.077	0.1828968
2865	A	0.139	0.1622927
2866	T	-0.227	0.1553147
2867	C	0.132	0.1402
2868	G	-0.343	0.1257593
2869	T	-0.222	0.1140829
2870	A	-0.501	0.09426595
2871	T	0.339	0.0886887
2872	C	0.531	0.07076215
2873	A	0.048	0.06955694
2874	T	0.419	0.04989977
2875	C	0.161	0.03461375
2876	T	0.241	0.02365573
2877	G	0.231	0.008222945
2878	T	0.200	0.005654731
2879	C	0.401	0.00065485
2880	C	0.443	-0.01112941
2881	C	0.399	-0.01722005
2882	T	0.472	-0.0223572
2883	C	0.346	-0.02572014
2884	T	0.221	-0.03473676
2885	T	-0.449	-0.02887863
2886	A	-0.476	-0.03608818
2887	A	-0.282	-0.02241604
2888	A	-0.199	-0.02330288
2889	A	-0.421	-0.007326733
2890	A	-0.277	0.0073391
2891	A	-0.405	0.01586615
2892	T	0.021	0.01169053
2893	T	-0.359	-0.007196067
2894	A	-0.457	-0.0148517
2895	A	-0.475	-0.03553663
2896	A	-0.393	-0.04299746
2897	A	-0.416	-0.0430813
2898	A	-0.270	-0.04607987
2899	C	0.318	-0.05766625
2900	T	0.085	-0.07607627
2901	G	-0.391	-0.0982881
2902	A	-0.286	-0.1206323
2903	A	0.156	-0.1301672
2904	C	0.033	-0.1418289
2905	C	0.130	-0.1561695
2906	A	0.168	-0.1531303
2907	C	-0.162	-0.1528189
2908	A	0.346	-0.1571316
2909	T	0.094	-0.1636421
2910	C	0.327	-0.1638771
2911	A	0.393	-0.165713
2912	G	-0.143	-0.1507476
2913	T	0.163	-0.1404916
2914	A	-0.261	-0.1250103
2915	G	-0.273	-0.1045831
2916	A	-0.449	-0.088161
2917	A	-0.152	-0.06780467
2918	C	0.237	-0.04581605
2919	T	0.105	-0.0343215
2920	C	-0.285	-0.04189636
2921	A	-0.371	-0.04733771
2922	A	-0.489	-0.04738383
2923	A	-0.539	-0.04576574
2924	A	0.071	-0.0594659
2925	G	-0.143	-0.07134034
2926	A	-0.380	-0.08403625
2927	G	-0.321	-0.1000387
2928	A	-0.463	-0.1003063
2929	T	-0.463	-0.1043664
2930	A	-0.472	-0.09586672
2931	A	-0.431	-0.09378872
2932	G	-0.354	-0.09119417
2933	A	0.223	-0.09446641
2934	T	0.452	-0.1089013
2935	C	0.290	-0.1116835
2936	T	0.400	-0.1148096
2937	A	0.213	-0.1088216
2938	C	0.461	-0.1104062
2939	C	0.507	-0.1046605
2940	T	0.212	-0.1102506
2941	T	0	-0.1084467
 2942	T	-0.143	-0.09844581
2943	A	-0.393	-0.09633235
2944	A	-0.218	-0.09634269
2945	T	-0.419	-0.1070662
2946	A	-0.465	-0.1009568
2947	A	-0.402	-0.08817802
2948	T	-0.503	-0.07274433
2949	A	-0.174	-0.05169485
2950	C	0.176	-0.0326213
2951	T	0.451	-0.01182104
2952	C	0.414	0.00600515
2953	C	0.502	0.02313003
2954	A	-0.280	0.02026246
2955	T	-0.442	0.01324848
2956	T	-0.378	0.0178821
2957	A	-0.404	0.01364927
2958	A	-0.198	0.01511963
2959	A	-0.218	0.006209602
2960	C	0.479	0.002707698
2961	T	-0.129	-0.007225493
2962	A	-0.210	-0.007225493
2963	T	0.048	0.001725579
2964	A	-0.400	0.01390944
2965	T	-0.539	0.01529172
2966	A	-0.378	0.02139389
2967	C	0.113	0.02401391
2968	T	0.156	0.04450065
2969	C	0.326	0.05175734
2970	C	0.421	0.05064517
2971	T	0.337	0.04191891
2972	C	0.401	0.02744258
2973	C	0.317	0.01463677
2974	T	0.364	-0.0005480643
2975	G	0.102	0.00461315
2976	C	0.157	0.008438007
2977	T	0.484	0.02882048
2978	C	0.222	0.04820084
2979	T	0.275	0.05449226
2980	T	0.087	0.06010241
2981	T	0.360	0.04614322
2982	G	-0.204	0.03976774
2983	T	0	0.0435007
 2984	T	0.232	0.05297
2985	C	0.118	0.06795453
2986	T	-0.160	0.08156758
2987	A	-0.162	0.09212152
2988	A	-0.354	0.1021816
2989	T	0.458	0.08902962
2990	A	-0.198	0.07111093
2991	T	-0.220	0.05165431
2992	A	-0.190	0.04175061
2993	T	-0.156	0.03118581
2994	A	-0.122	0.02363576
2995	T	-0.135	0.01787915
2996	G	-0.063	0.01177443
2997	A	-0.281	0.003211955
2998	C	0.477	-0.001440212
2999	A	0.409	-0.002117402
3000	G	0.066	-0.0004911405
3001	T	0.016	0.008211383
3002	A	-0.107	0.00490105
3003	T	-0.396	0.01851995
3004	G	-0.053	0.007551145
3005	C	0.446	-0.004616521
3006	C	0.229	-0.013753
3007	A	0.032	-0.006243188
3008	C	0.064	-0.003654583
3009	T	0.535	0.008919274
3010	A	-0.396	-0.00174414
3011	A	-0.426	-0.0007727119
3012	A	-0.396	0.011457
3013	T	-0.078	0.02552572
3014	T	-0.042	0.03772124
3015	C	0	0.03955411
 3016	A	0.122	0.03568152
3017	T	-0.153	0.04814235
3018	G	-0.201	0.05759114
3019	A	0.289	0.05605035
3020	G	0.194	0.0489858
3021	T	0.343	0.05765788
3022	C	0.452	0.06172133
3023	C	0.221	0.05405976
3024	T	0.367	0.05099393
3025	A	-0.460	0.05341872
3026	T	-0.278	0.04179761
3027	G	-0.265	0.02889545
3028	T	0.155	0.02026718
3029	T	-0.054	0.02400619
3030	T	0.173	0.0100158
3031	T	0.010	0.03033982
3032	G	-0.157	0.0320477
3033	C	0.292	0.03103656
3034	T	0.400	0.02436031
3035	C	0.356	0.01813265
3036	A	-0.045	0.02900001
3037	G	-0.297	0.02681185
3038	T	0.459	0.03047399
3039	T	0.114	0.03128537
3040	T	0.412	0.0348868
3041	C	0.112	0.03426537
3042	T	0.430	0.03212551
3043	A	0.187	0.03242344
3044	T	-0.428	0.02674622
3045	T	-0.525	0.02230713
3046	A	0.048	0.03381508
3047	T	-0.041	0.0473472
3048	G	-0.312	0.04479284
3049	A	-0.330	0.0317752
3050	A	0.221	0.04276619
3051	C	-0.051	0.04912333
3052	T	0.457	0.04963397
3053	A	-0.354	0.04402788
3054	T	-0.438	0.04348455
3055	A	-0.359	0.03028874
3056	A	-0.304	0.02376754
3057	C	0.456	0.019325
3058	T	0.030	0.03879607
3059	T	0	0.02309126
 3060	T	-0.167	0.01509428
3061	T	0.440	-0.005299955
3062	G	0.168	0.003131736
3063	C	0.253	0.002138236
3064	T	0.465	-0.009235621
3065	T	-0.017	-0.01116695
3066	G	0.180	-0.002237169
3067	A	0.022	-0.005979131
3068	T	0.289	0.005472614
3069	G	-0.372	0.02316952
3070	A	-0.391	0.04163347
3071	T	0.407	0.04853242
3072	C	0.440	0.06133124
3073	A	0.031	0.04577607
3074	A	-0.393	0.06612815
3075	T	0.269	0.07109495
3076	T	-0.153	0.07388531
3077	T	0.082	0.08112919
3078	A	-0.232	0.08299486
3079	T	0.519	0.09361536
3080	T	-0.199	0.09829267
3081	A	-0.220	0.09924488
3082	T	-0.443	0.08817924
3083	T	0.466	0.08024538
3084	T	0.388	0.07663212
3085	G	-0.290	0.05518836
3086	T	-0.509	0.04819565
3087	A	-0.150	0.05054003
3088	C	-0.108	0.05185776
3089	T	0.439	0.04864103
3090	C	0.430	0.06252836
3091	C	0.445	0.07211094
3092	C	0.511	0.06340623
3093	T	0.485	0.05599142
3094	A	-0.196	0.06720288
3095	T	0.500	0.07580583
3096	A	-0.229	0.06565819
3097	T	-0.241	0.07344014
3098	A	0	0.06717241
 3099	T	0.534	0.0635967
3100	T	0.477	0.0632461
3101	A	0.196	0.05696703
3102	T	-0.127	0.07430089
3103	T	-0.023	0.08167317
3104	G	-0.165	0.06675686
3105	T	0.102	0.06053022
3106	A	-0.435	0.05893932
3107	T	-0.310	0.06127105
3108	T	0.279	0.05963698
3109	G	0.077	0.05747282
3110	T	0.154	0.05626427
3111	C	0.210	0.04849227
3112	T	0.011	0.04791294
3113	A	0.041	0.04059217
3114	A	0.128	0.0346362
3115	T	0.502	0.04918605
3116	T	-0.031	0.03039303
3117	T	-0.156	0.0253731
3118	T	0.173	0.03113301
3119	T	-0.181	0.04122601
3120	G	-0.382	0.02117394
3121	T	0.505	0.02207994
3122	A	-0.463	0.01512595
3123	T	0.507	0.02066873
3124	T	-0.134	0.02459373
3125	T	-0.159	0.02852649
3126	A	0.127	0.01356344
3127	T	-0.356	0.01592354
3128	T	-0.411	0.03154782
3129	A	-0.219	0.0197623
3130	A	-0.199	0.007450381
3131	C	0.388	-0.006813
3132	A	0.104	-0.02044481
3133	C	0.420	-0.02709646
3134	T	0.203	-0.03089563
3135	C	0.235	-0.02601761
3136	A	0.415	-0.04421175
3137	T	-0.288	-0.03703897
3138	A	-0.440	-0.02365906
3139	C	0	-0.01888894
 3140	T	0.423	-0.0088548
3141	G	-0.307	-0.004894586
3142	T	0.515	-0.02193228
3143	G	-0.095	-0.01599799
3144	A	0.105	-0.0393448
3145	C	0.140	-0.04492416
3146	T	0	-0.04740751
 3147	A	-0.526	-0.05201545
3148	A	-0.336	-0.03708836
3149	C	0.345	-0.0147115
3150	A	-0.215	-0.003696383
3151	G	-0.439	-0.01035531
3152	A	-0.444	-0.02828831
3153	A	-0.362	-0.04009169
3154	A	-0.268	-0.05754576
3155	T	-0.117	-0.07035186
3156	C	0.333	-0.08095455
3157	T	-0.261	-0.0999895
3158	A	0.269	-0.1040111
3159	T	0.405	-0.1056909
3160	C	0.373	-0.1089465
3161	C	0.240	-0.1223918
3162	C	-0.216	-0.1253721
3163	A	-0.210	-0.1275431
3164	A	-0.214	-0.1340538
3165	A	-0.473	-0.1266251
3166	A	-0.368	-0.1197552
3167	T	-0.264	-0.1090058
3168	A	-0.066	-0.08462537
3169	T	0.269	-0.0806377
3170	C	0.527	-0.08497401
3171	T	0.243	-0.07555661
3172	T	-0.479	-0.07240818
3173	A	-0.364	-0.05185682
3174	A	-0.391	-0.03809039
3175	G	-0.312	-0.03327891
3176	A	-0.333	-0.01916348
3177	A	-0.209	-0.01606748
3178	T	-0.384	-0.01413557
3179	A	-0.457	-0.02223024
3180	A	-0.511	-0.0377891
3181	A	-0.136	-
3182	A	-0.140	-
3183	G	-0.432	-
3184	A	0.423	-
3185	G	-0.369	-
3186	T	0.417	-
3187	T	0.429	-
3188	C	0.451	-
3189	T	0.497	-
3190	T	-0.168	-
3191	T	0.163	-
3192	G	0.179	-
3193	A	-0.306	-
3194	C	0.418	-
3195	T	0.215	-
3196	T	-0.066	-
3197	C	0.475	-
3198	C	0.463	-
3199	A	-0.180	-
3200	T	-0.070	-
3201	G	-0.247	-
