1	C	0.386	-
2	T	-0.091	-
3	T	0.387	-
4	T	0.166	-
5	G	0	-
 6	T	-0.335	-
7	A	-0.307	0.07833788
8	G	-0.546	0.08930281
9	T	0.444	0.07474615
10	C	0.149	0.01691762
11	C	0.378	-0.009998846
12	A	0.207	-0.034562
13	C	0.178	-0.04212446
14	C	0.529	-0.03680808
15	A	-0.280	0.03122746
16	T	-0.364	0.02977092
17	T	-0.183	0.05051092
18	A	-0.319	0.05210931
19	G	-0.433	0.06833546
20	A	-0.238	0.06745292
21	G	0.337	0.01594108
22	C	0.425	0.03374558
23	C	0.419	0.06693652
24	C	0.398	0.05661221
25	C	0.418	0.07107705
26	A	0.166	0.06612252
27	G	-0.140	0.1002971
28	C	-0.049	0.04345044
29	T	0.067	0.01893444
30	A	-0.317	-0.009150146
31	T	-0.131	-0.007240146
32	A	-0.497	-0.06774245
33	G	0.206	-0.1049903
34	C	-0.401	-0.1205971
35	A	0.106	-0.1473707
36	A	0.054	-0.1672969
37	C	0.423	-0.1601209
38	A	-0.368	-0.1600877
39	A	-0.317	-0.10983
40	G	-0.343	-0.145648
41	A	-0.397	-0.1313392
42	A	-0.191	-0.1216973
43	G	-0.224	-0.1087149
44	G	-0.130	-0.108402
45	T	0.155	-0.05431531
46	T	-0.259	0.01002138
47	G	-0.215	-0.002162538
48	T	0.232	0.007177
49	G	0.223	0.05122623
50	C	0.427	0.1000038
51	C	0.334	0.1448841
52	C	0.518	0.1646763
53	A	-0.501	0.2047648
54	A	-0.275	0.2464821
55	C	0.381	0.2098384
56	C	0.409	0.2066594
57	G	0.452	0.1450432
58	C	0.412	0.09733408
59	T	0.261	0.03874877
60	C	0.327	0.08640585
61	A	-0.244	0.09889085
62	G	0.181	0.093052
63	T	-0.373	0.09392923
64	G	-0.285	0.08862723
65	A	-0.242	0.07294062
66	G	0.117	0.05030991
67	G	-0.113	0.04103537
68	T	0.305	0.08976475
69	C	0.421	0.08521652
70	T	0.383	0.1383674
71	C	0.209	0.1594183
72	G	-0.032	0.1477827
73	G	0.206	0.1103183
74	G	0.389	0.1443533
75	G	0.122	0.1580944
76	A	0.317	0.1390908
77	T	-0.011	0.1346722
78	G	-0.394	0.09215899
79	A	-0.369	0.06343885
80	C	0.329	0.01273008
81	C	0.483	-0.04985468
82	C	0.174	-0.04004415
83	A	0.326	-0.0544443
84	C	-0.343	-0.03951062
85	A	-0.406	-0.009188462
86	G	-0.452	0.043772
87	A	-0.424	0.05678169
88	T	0.250	0.006865462
89	G	0.130	0.01526608
90	G	0.182	0.02643238
91	G	0	0.08494123
 92	T	0.319	0.131213
93	C	0.498	0.1716201
94	A	-0.165	0.1792365
95	T	0.283	0.1581638
96	C	0.471	0.1453995
97	C	0.416	0.1269814
98	A	0.195	0.1414363
99	T	0.072	0.1313293
100	G	-0.325	0.05907182
101	C	-0.023	0.06574286
102	G	-0.035	0.01769132
103	A	-0.056	-0.04467291
104	G	0.187	-0.06530568
105	T	0.187	-0.08942345
106	G	-0.441	-0.1290603
107	A	-0.078	-0.1152029
108	A	-0.341	-0.106872
109	G	-0.339	-0.085917
110	G	0.148	-0.04953105
111	A	-0.118	-0.0311862
112	G	-0.442	-0.02062458
113	A	-0.145	0.04192026
114	G	0.084	0.05990161
115	G	0.236	0.08208401
116	C	0.416	0.1101952
117	T	0.426	0.1058663
118	C	0.325	0.09995676
119	C	0.371	0.1055141
120	T	0.155	0.1181278
121	G	-0.052	0.1245504
122	G	0.026	0.100083
123	G	0.092	0.07955896
124	A	-0.194	0.04510866
125	C	-0.370	0.03183266
126	A	0.018	0.02811551
127	C	0.168	0.05215051
128	G	-0.081	0.08343234
129	A	0.149	0.1141177
130	G	-0.021	0.09749605
131	G	0.152	0.09150497
132	C	0.323	0.09766635
133	A	0.467	0.1011252
134	C	0.353	0.1170302
135	T	0.425	0.1405813
136	A	-0.123	0.1683493
137	T	-0.272	0.1876992
138	G	-0.290	0.1885179
139	T	0.063	0.1762483
140	A	0.374	0.1580917
141	G	0.225	0.1613759
142	G	0.510	0.1014907
143	G	0.230	0.1214252
144	T	0.163	0.1459331
145	C	0.164	0.1810434
146	A	0.231	0.1853431
147	G	0.396	0.1371641
148	T	-0.353	0.1228661
149	G	0.135	0.04105668
150	G	0.045	-0.01503994
151	C	0.166	-0.03355705
152	A	0.119	-0.0605412
153	G	-0.251	-0.07035889
154	T	0.039	-0.06876489
155	A	-0.553	-0.01298928
156	A	-0.499	-0.03236682
157	G	-0.077	-0.07235249
158	G	-0.186	-0.117082
159	G	0.104	-0.1616737
160	A	0.417	-0.1710994
161	C	0.371	-0.1686819
162	A	-0.116	-0.1515546
163	A	-0.473	-0.08979062
164	T	-0.415	-0.05856698
165	A	-0.460	-0.05881082
166	A	-0.374	-0.1012424
167	C	0.070	-0.1576221
168	A	-0.330	-0.2135385
169	G	0.303	-0.2325699
170	T	0.328	-0.1875079
171	G	-0.189	-0.1696927
172	T	-0.447	-0.1188214
173	T	-0.315	-0.06639459
174	G	-0.355	-0.05979362
175	A	-0.363	-0.04264738
176	G	0.111	-0.08606223
177	G	-0.183	-0.09129223
178	G	0.201	-0.05443638
179	C	0.307	-0.008384615
180	T	0.156	0.01210184
181	G	-0.107	0.04052999
182	A	-0.260	0.1021754
183	G	0.260	0.08341545
184	C	0.289	0.1198786
185	T	0.151	0.1390052
186	A	-0.049	0.1385981
187	G	0.014	0.1410443
188	G	0.437	0.1804223
189	T	-0.132	0.2335332
190	G	0.290	0.2146783
191	T	0.449	0.1800056
192	C	0.302	0.131011
193	A	0.188	0.09529781
194	C	0.404	0.1111757
195	T	0.429	0.1075105
196	C	0.015	0.1439657
197	A	-0.161	0.1527171
198	G	-0.485	0.1196444
199	A	-0.513	0.1144735
200	G	0.220	0.1160654
201	G	0.389	0.1022872
202	T	0.341	0.04759261
203	G	0.404	0.04129272
204	G	0.019	0.04022964
205	A	0.234	0.1016509
206	C	0.208	0.1054723
207	T	0.225	0.1066746
208	T	-0.281	0.09893348
209	G	-0.066	0.06021195
210	A	-0.175	0.01837918
211	T	0.312	0.0186087
212	G	-0.463	-0.008716608
213	T	0.236	-0.06364876
214	T	0.289	-0.09566561
215	G	-0.161	-0.06317653
216	G	-0.139	-0.03219406
217	A	0.022	0.01335163
218	G	-0.120	-0.007676115
219	A	-0.505	0.03702942
220	T	-0.191	0.02071588
221	G	0.141	0.03254772
222	T	0.336	0.05984757
223	C	0.416	0.05168557
224	A	0.039	0.08097732
225	G	0.117	0.1007098
226	G	0.024	0.1605084
227	C	0.443	0.1572612
228	T	0.193	0.1283569
229	T	-0.245	0.1198461
230	G	0.403	0.1100723
231	C	0.136	0.1195432
232	T	0.272	0.1327052
233	T	-0.233	0.1488334
234	G	-0.234	0.1441487
235	A	0.225	0.1565662
236	C	0.289	0.2108789
237	A	0.162	0.2056608
238	C	0.288	0.1990849
239	T	0.233	0.1661148
240	G	0.382	0.1466449
241	G	0.354	0.1434138
242	C	0.460	0.1479759
243	C	0.335	0.1431128
244	T	0.050	0.1584186
245	T	-0.156	0.136234
246	G	-0.486	0.147067
247	T	-0.276	0.1513413
248	G	0.284	0.1293152
249	G	0.226	0.0831165
250	G	0.361	0.08044058
251	G	0	0.09320372
 252	G	0.374	0.1033532
253	T	0.437	0.1493141
254	G	0.068	0.1941567
255	G	-0.140	0.2009583
256	C	0.301	0.1957433
257	A	0.216	0.1665944
258	T	-0.024	0.1610554
259	T	0.111	0.1144828
260	C	0.306	0.09329445
261	T	0.373	0.1124843
262	G	0.158	0.1397487
263	G	-0.017	0.1466147
264	G	-0.072	0.1643839
265	A	-0.230	0.1713524
266	C	0.162	0.1236453
267	A	0.317	0.08612021
268	G	0.214	0.04309921
269	G	0.390	0.02751981
270	C	0.447	0.02059167
271	A	0.066	-0.005245431
272	A	-0.509	-0.02313366
273	A	-0.181	-0.03275845
274	G	-0.186	-0.06653337
275	C	-0.043	-0.0549326
276	A	-0.107	-0.06688252
277	A	-0.407	-0.08356106
278	A	-0.463	-0.06813649
279	G	0.037	-0.0001561077
280	A	-0.121	0.03300474
281	G	0.364	0.08169335
282	G	0.234	0.09589052
283	C	0.230	0.1227944
284	A	0.266	0.1757993
285	T	0.374	0.1938523
286	C	0.249	0.156027
287	T	0.446	0.1488116
288	T	0.140	0.08785815
289	C	0.242	0.05730362
290	A	0.281	0.02927631
291	G	-0.228	-0.02579454
292	T	-0.454	-0.05210432
293	A	-0.214	-0.08259062
294	G	-0.427	-0.08949855
295	T	-0.162	-0.08664816
296	G	-0.133	-0.08904178
297	A	-0.449	-0.09270278
298	G	0.032	-0.06127339
299	G	-0.146	-0.05351655
300	A	0.357	-0.03815405
301	G	0.177	0.0229641
302	C	0.211	0.06966379
303	C	0.233	0.09470648
304	G	0.179	0.1364435
305	A	-0.353	0.1677174
306	G	-0.015	0.1973079
307	C	0.366	0.1923256
308	C	0.444	0.1845914
309	A	0.192	0.1607676
310	G	0.093	0.1551587
311	C	0.439	0.1713979
312	C	0.237	0.1777372
313	C	0.292	0.1434815
314	A	0.077	0.08653867
315	G	-0.098	0.0638189
316	G	0.160	0.03938782
317	G	0.391	0.03936835
318	A	-0.271	-0.02521818
319	G	-0.460	-0.03804512
320	A	-0.373	-0.03602258
321	G	0.149	-0.01473092
322	C	-0.125	0.005215346
323	A	0.093	-0.02145158
324	A	-0.400	-0.06804881
325	G	0.071	-0.01499573
326	C	0.318	0.02585679
327	A	0.354	0.08834648
328	G	0.160	0.1024467
329	G	-0.186	0.1407313
330	A	-0.214	0.1311324
331	G	0.418	0.1619389
332	T	0.070	0.1564615
333	C	0.439	0.09342463
334	G	0.332	0.06227656
335	G	0.372	0.07144879
336	T	-0.031	0.1191389
337	G	0	0.1494398
 338	G	0	0.1475648
 339	A	-0.500	0.1421375
340	G	-0.050	0.1037036
341	C	0.279	0.06970082
342	C	0.433	0.05044882
343	A	0.179	0.06787717
344	G	0.394	0.03293071
345	T	0	0.03691357
 346	G	-0.060	0.09971872
347	G	-0.109	0.07435748
348	T	0.121	0.06900341
349	T	0.194	0.04549587
350	G	-0.454	0.04785572
351	A	0.051	0.03251125
352	C	0.315	0.06639925
353	A	-0.380	0.06567935
354	G	0.210	0.08433812
355	T	0.128	0.109163
356	G	0.209	0.1085177
357	T	0.194	0.1501618
358	G	0.440	0.1667969
359	G	-0.069	0.174722
360	A	0.133	0.1741382
361	C	0.444	0.1528949
362	T	0.186	0.1078549
363	G	0.087	0.09323882
364	C	0.268	0.09728652
365	G	0.418	0.06092714
366	G	-0.388	0.03982634
367	T	-0.065	0.0477648
368	A	-0.457	0.02958457
369	G	0.019	-0.008267508
370	C	0.247	-0.003995015
371	G	-0.032	0.003818138
372	G	-0.344	0.003063908
373	A	0.236	0.04533129
374	C	0.208	0.06167512
375	A	-0.305	0.1227834
376	G	0.142	0.1148189
377	C	0.369	0.08649466
378	T	0.408	0.04816558
379	G	0.161	0.03277435
380	G	0.146	-0.01923358
381	G	0.337	-0.05317035
382	T	-0.083	-0.04538704
383	T	-0.121	-0.02689212
384	T	-0.530	-0.02149035
385	A	-0.544	-0.02202558
386	A	-0.439	-0.001948346
387	G	-0.232	0.01573858
388	A	-0.204	0.01935619
389	C	0.383	0.03990938
390	C	0.439	0.08047554
391	T	0.401	0.1145601
392	G	0.422	0.1492674
393	G	0.376	0.1600607
394	G	0.384	0.1443867
395	C	0.183	0.1587032
396	A	0.406	0.1421832
397	C	-0.087	0.1198967
398	A	-0.093	0.1063388
399	A	-0.299	0.07212423
400	T	-0.436	0.06686354
401	G	-0.018	0.007786077
402	G	0.168	0.002270846
403	A	0.150	0.0001835385
404	G	0.225	0.02827506
405	G	-0.022	0.06486164
406	A	0.308	0.07511402
407	T	-0.383	0.1113346
408	T	0.111	0.1442796
409	C	0.379	0.1227105
410	T	0.277	0.1216564
411	C	0.382	0.1348003
412	T	-0.165	0.1717602
413	T	0.034	0.1806287
414	C	0.409	0.2190567
415	A	-0.112	0.2377097
416	T	0.136	0.2378991
417	C	0.396	0.1997717
418	T	0.458	0.1847547
419	T	0.423	0.2211661
420	C	0.115	0.2311884
421	C	0.354	0.2333655
422	T	0.381	0.2458692
423	G	-0.217	0.2372212
424	T	0.187	0.2397248
425	G	0.307	0.2404133
426	C	0.164	0.1974282
427	C	0.438	0.2199094
428	T	0.050	0.2073353
429	G	0.023	0.1640476
430	T	0.429	0.2143894
431	T	0.466	0.2271178
432	T	-0.135	0.1670081
433	C	0.408	0.1133669
434	T	0.190	0.0410434
435	T	-0.181	0.02604629
436	C	0.436	0.005209923
437	A	0.352	-0.001636615
438	C	-0.474	-0.04909246
439	A	-0.532	-0.02716615
440	A	-0.501	-0.09328546
441	G	-0.144	-0.09393985
442	A	-0.246	-0.09448323
443	G	0.340	-0.116867
444	G	-0.149	-0.1789672
445	G	0.149	-0.1179968
446	A	-0.451	-0.04077108
447	A	0.182	0.03180146
448	G	-0.188	0.02861546
449	T	0.145	0.05448869
450	G	-0.454	0.05894338
451	A	0.318	0.1031515
452	C	0.471	0.08104362
453	T	0.441	0.1315297
454	A	-0.185	0.1163618
455	C	0.089	0.1308345
456	C	0.397	0.09531511
457	T	0.424	0.1065092
458	T	-0.137	0.07174088
459	C	0.204	0.04339026
460	T	-0.014	-0.02557743
461	G	0	-0.03694189
 462	A	-0.316	-0.0257882
463	G	-0.309	-0.04061597
464	G	-0.133	-0.03988351
465	A	0.102	0.0057398
466	G	-0.455	0.02780249
467	A	-0.333	0.06189531
468	G	0.234	0.05215931
469	C	0.205	0.1086156
470	A	0.434	0.1283375
471	C	0.455	0.1750071
472	C	0.491	0.1818019
473	T	0.428	0.2180386
474	T	-0.126	0.2095094
475	T	0.417	0.1529276
476	G	-0.052	0.1005208
477	T	0.473	0.02958621
478	C	0.190	0.02192859
479	T	0.015	0.01810298
480	T	-0.444	0.007535438
481	A	-0.501	0.0003909769
482	A	-0.476	-0.03995402
483	A	-0.487	-0.03867084
484	G	0.355	-0.09294653
485	C	0.441	-0.1109027
486	C	0.291	-0.07890631
487	A	-0.219	-0.03329938
488	A	-0.106	-0.016
489	G	-0.035	-0.001988231
490	G	-0.232	0.04554923
491	A	-0.042	0.04569346
492	C	0.431	0.04119085
493	G	0.148	0.04797885
494	T	-0.276	0.09896162
495	G	-0.293	0.1192222
496	A	0.130	0.1404724
497	T	0.357	0.169172
498	C	0.383	0.1933994
499	C	0.379	0.1680719
500	C	0.443	0.1859106
501	A	0.156	0.2148426
502	C	0.240	0.2438245
503	C	0.140	0.2406518
504	A	0.272	0.2216419
505	T	0.102	0.2169257
506	C	0.380	0.1540382
507	C	0.099	0.08819592
508	A	0.082	0.06807438
509	T	0.088	0.07208746
510	G	0.110	0.07296454
511	T	0.322	0.07140246
512	C	-0.438	0.08153869
513	A	-0.412	0.0501233
514	A	-0.104	0.06877109
515	G	0.292	0.09721998
516	G	0.152	0.1234715
517	A	0.252	0.1504163
518	C	0.234	0.1581821
519	A	-0.028	0.2236974
520	C	0.342	0.2725792
521	T	0.452	0.3048906
522	C	0.430	0.2676806
523	T	0.460	0.2789545
524	C	0.423	0.2760742
525	T	0.413	0.2806554
526	C	0.222	0.3069518
527	T	0.315	0.2965858
528	G	-0.191	0.2525941
529	C	0.298	0.2354748
530	T	0.214	0.2340992
531	C	0.293	0.2321583
532	C	0.313	0.2290519
533	A	0.207	0.1873493
534	G	-0.119	0.1317163
535	G	0.207	0.1053616
536	C	0.442	0.07510155
537	A	0.397	0.02605693
538	G	0.373	-0.002207085
539	G	-0.319	-0.05708908
540	A	-0.407	-0.07942733
541	A	-0.533	-0.06302788
542	G	-0.094	-0.03937373
543	C	-0.422	-0.0734495
544	A	-0.073	-0.1117643
545	A	-0.399	-0.1598886
546	A	-0.082	-0.1471256
547	C	0.093	-0.1006666
548	C	0.515	-0.09558088
549	T	0	-0.1113174
 550	A	-0.100	-0.09964174
551	T	-0.252	-0.105903
552	T	-0.153	-0.08579426
553	T	0.195	-0.04567248
554	A	-0.467	-0.02088162
555	T	-0.299	-0.06194881
556	A	-0.271	-0.07889788
557	G	-0.154	-0.07707439
558	A	-0.138	-0.02629555
559	C	0.438	0.01174107
560	T	0.416	-0.0129937
561	A	-0.018	0.01708861
562	A	-0.220	0.006632454
563	G	-0.076	0.0166963
564	C	0.407	0.04710599
565	T	0.341	0.09132384
566	A	-0.125	0.08711192
567	T	-0.076	0.06047291
568	G	-0.435	0.06835088
569	T	-0.140	0.08184639
570	G	0.240	0.12313
571	C	0.436	0.0677649
572	T	0.383	0.0584829
573	G	0.069	0.06541866
574	G	0.083	0.08791758
575	T	-0.044	0.1598933
576	C	0.460	0.1899412
577	T	-0.312	0.1742408
578	A	0.220	0.1777073
579	G	-0.035	0.1315202
580	G	0.215	0.1141624
581	T	0.500	0.1049585
582	C	0.250	0.07411072
583	A	0.036	0.008821954
584	T	0.481	0.005618877
585	C	-0.216	-0.04783735
586	A	-0.155	-0.03313358
587	A	-0.036	-0.05749265
588	T	-0.445	-0.08425119
589	A	-0.388	-0.07116196
590	A	-0.353	-0.04395303
591	A	-0.474	-0.04704534
592	T	0.155	-0.003306108
593	T	-0.100	0.03425851
594	G	0.152	0.05652454
595	C	0.420	0.08331925
596	T	0.390	0.08049655
597	G	0.441	0.0898014
598	C	0.352	-
599	C	0.332	-
600	A	0.253	-
601	T	-0.097	-
602	T	-0.425	-
603	A	-0.232	-
