1	A	-0.429	-
2	A	-0.474	-
3	A	-0.512	-
4	C	0.344	-
5	T	-0.312	-
6	G	-0.176	-
7	A	0.365	-0.0001228462
8	C	0.412	0.005581769
9	C	0.303	0.06453877
10	T	0.361	0.1055215
11	G	-0.302	0.0790075
12	A	0.325	0.1089161
13	A	0.093	0.1281384
14	G	-0.355	0.110812
15	T	0.292	0.1155005
16	T	0.019	0.09307393
17	T	0	0.07591962
 18	A	0.076	0.1382102
19	G	0.073	0.130708
20	T	0.140	0.1467863
21	G	0.473	0.1953645
22	C	0.012	0.1849865
23	A	0.138	0.1525589
24	T	0.506	0.1177297
25	C	0.228	0.08134522
26	T	0.302	0.05123333
27	C	0.275	0.07228795
28	A	0.157	0.07259041
29	G	-0.401	0.1013768
30	A	-0.452	0.1151522
31	A	-0.396	0.1116316
32	T	-0.318	0.1267051
33	C	0.414	0.09371315
34	A	0.477	0.07047414
35	C	0.386	0.03676675
36	A	0.317	0.03584698
37	C	0.461	0.07666352
38	T	0.424	0.0798126
39	T	-0.126	0.07320037
40	A	-0.026	0.01854068
41	C	-0.280	-0.05233671
42	A	-0.413	-0.0593214
43	T	0.077	-0.09487878
44	A	-0.355	-0.1303565
45	A	-0.404	-0.1965899
46	A	-0.296	-0.2089149
47	A	-0.443	-0.2193338
48	T	0.295	-0.2238524
49	T	-0.144	-0.2018511
50	T	0	-0.2453012
 51	T	-0.436	-0.2312667
52	T	-0.286	-0.1855584
53	A	-0.161	-0.1255762
54	A	-0.339	-0.06897454
55	T	-0.127	-0.05594785
56	G	-0.487	-0.06632285
57	T	-0.173	-0.09093392
58	G	0.189	-0.08500954
59	C	0.483	-0.06998898
60	T	0.291	-0.07028875
61	T	0.465	-0.05637406
62	C	-0.279	-0.03828829
63	A	-0.319	0.03336509
64	A	-0.359	0.08039455
65	T	-0.091	0.09945478
66	C	-0.165	0.08865248
67	A	-0.158	0.04498325
68	A	0.107	-0.03113052
69	C	0.444	-0.04736083
70	C	0.438	-0.04072391
71	C	0.437	-0.04109198
72	A	0.342	-0.05524254
73	C	-0.275	-0.03286408
74	A	-0.524	-0.01665513
75	A	-0.490	0.008967177
76	A	-0.233	0.01329318
77	G	-0.364	-0.02778693
78	A	-0.275	-0.0906327
79	T	0.125	-0.1527964
80	T	0.052	-0.172579
81	T	0.440	-0.1704255
82	C	0.500	-0.1705495
83	T	-0.096	-0.1619508
84	T	-0.379	-0.1134385
85	A	-0.465	-0.05704278
86	A	-0.532	-0.09226901
87	A	-0.496	-0.0632418
88	A	-0.492	-0.1083075
89	G	-0.121	-0.1358967
90	C	0.265	-0.1386554
91	T	0.457	-0.07019062
92	A	-0.332	-0.03560901
93	C	0.429	-0.02990124
94	T	-0.145	-0.01431047
95	T	0.142	0.004199915
96	G	-0.131	0.006391585
97	G	0.510	0.01515543
98	T	-0.015	0.0170132
99	A	-0.458	0.06364935
100	T	-0.293	0.02975505
101	T	-0.251	0.006370592
102	T	-0.093	-0.04397148
103	C	0.379	-0.06868364
104	C	0.481	-0.1313577
105	C	0.273	-0.1467343
106	A	-0.011	-0.1030977
107	T	-0.449	-0.1061752
108	T	-0.512	-0.1233406
109	G	-0.453	-0.1482468
110	A	-0.304	-0.2184339
111	G	-0.215	-0.2906528
112	T	0.108	-0.2827033
113	T	-0.333	-0.3137742
114	T	-0.474	-0.2641238
115	A	-0.417	-0.1893741
116	A	-0.532	-0.1199991
117	A	-0.456	-0.06874146
118	C	0.377	-0.03399331
119	A	-0.415	-0.04233846
120	A	0.196	0.01841254
121	C	0.459	0.035967
122	C	0.448	0.03138715
123	T	0.362	0.04233654
124	G	0.236	0.07545679
125	A	0	0.01597925
 126	G	0.456	0.01512079
127	T	-0.246	-0.02257044
128	G	-0.476	-0.09080267
129	A	-0.390	-0.16665
130	A	-0.026	-0.2005171
131	A	-0.396	-0.191837
132	G	-0.426	-0.2263585
133	A	-0.293	-0.2889212
134	A	-0.427	-0.3056514
135	A	-0.537	-0.3018183
136	A	-0.078	-0.2539279
137	G	0.348	-0.2260597
138	A	-0.448	-0.1791031
139	G	-0.357	-0.1647207
140	A	-0.463	-0.1651661
141	A	-0.426	-0.132269
142	G	0.232	-0.09644508
143	T	0.335	-0.1074581
144	G	0.214	-0.1569126
145	T	-0.239	-0.1405924
146	A	-0.299	-0.1429744
147	T	0	-0.08770832
 148	T	-0.071	-0.05370885
149	G	-0.221	-0.07568787
150	G	-0.294	-0.09577295
151	G	-0.236	-0.1435613
152	A	-0.388	-0.145748
153	T	0.254	-0.1611858
154	G	0.015	-0.1611858
155	G	-0.053	-0.1328166
156	G	0.074	-0.1255032
157	A	-0.406	-0.07900362
158	A	-0.267	-0.09803524
159	A	-0.500	-0.07263406
160	T	0	-0.1234899
 161	G	0.297	-0.120728
162	G	-0.126	-0.121819
163	A	0.310	-0.1318352
164	G	-0.484	-0.1328965
165	A	-0.057	-0.150257
166	G	-0.406	-0.1515
167	A	0.051	-0.1844973
168	G	-0.067	-0.208615
169	A	-0.055	-0.225202
170	G	-0.420	-0.215211
171	A	-0.493	-0.1950541
172	A	-0.516	-0.184521
173	A	-0.428	-0.1532476
174	G	-0.016	-0.1438879
175	A	-0.341	-0.1503748
176	G	0.440	-0.129028
177	G	-0.221	-0.07392288
178	A	0.078	-0.03932578
179	G	0	-0.02304839
 180	G	0.172	-0.0008578538
181	G	-0.151	-0.02809037
182	A	0.222	-0.02147498
183	T	0.295	-0.04658329
184	G	-0.043	-0.0508206
185	G	-0.304	-0.05423096
186	A	-0.140	-0.07515688
187	G	-0.370	-0.108369
188	A	-0.255	-0.07900196
189	T	0.113	-0.06521065
190	G	-0.277	-0.05762781
191	G	0.034	-0.02147375
192	A	-0.272	0.0256074
193	A	-0.259	0.04631948
194	G	0.229	0.06086248
195	C	0.401	0.05661702
196	T	0.394	0.01737417
197	G	0.426	0.03749224
198	G	0.307	0.01007776
199	G	0.128	0.05039622
200	G	-0.181	0.07231269
201	A	-0.310	0.043751
202	A	-0.396	0.041333
203	G	-0.015	0.01878731
204	A	-0.321	0.0002803077
205	G	0.252	0.002985077
206	G	0.025	-0.006920231
207	G	-0.141	0.001816754
208	T	0.369	0.04535606
209	C	0.101	0.05724852
210	A	0.185	0.04836353
211	G	0.342	0.08378107
212	G	0	0.05025022
 213	T	-0.067	0.01077768
214	G	0.255	0.0372076
215	G	-0.241	0.03909198
216	T	-0.131	0.06531498
217	G	0.138	0.05946375
218	T	-0.183	0.06610475
219	A	-0.487	0.1043977
220	G	0.202	0.1469518
221	C	0.394	0.131645
222	C	0.442	0.1168273
223	T	0.109	0.104292
224	G	0.428	0.09984887
225	C	0.497	0.1422305
226	G	0.485	0.2110185
227	T	0.056	0.2286473
228	T	-0.434	0.2094125
229	A	-0.294	0.1425019
230	C	0.080	0.09174233
231	A	0.367	0.0205151
232	C	0.406	-0.02345942
233	C	0.431	-0.04331627
234	C	0.144	-0.0188727
235	A	-0.427	0.04875484
236	A	-0.550	0.07833155
237	A	-0.497	0.07587495
238	G	-0.073	0.02603156
239	G	0.227	-0.04718052
240	C	0.373	-0.09102721
241	C	0.444	-0.08109544
242	T	0.090	-0.01898613
243	G	0.048	0.02727171
244	T	-0.280	0.06455377
245	A	-0.544	0.05217929
246	A	-0.138	0.01482791
247	G	0.273	-0.05433386
248	G	0.379	-0.1310026
249	A	0.051	-0.1443762
250	T	-0.012	-0.1308199
251	G	-0.234	-0.09170294
252	G	-0.258	-0.02844363
253	A	-0.525	-0.003140477
254	A	-0.551	-0.0077674
255	A	-0.083	-0.02719148
256	G	0.225	-0.01940662
257	G	0.227	-0.02092164
258	C	0.277	-0.01990879
259	A	0.190	-0.0234871
260	T	0.213	-0.0007611769
261	G	0.127	0.07314405
262	G	0.152	0.1133142
263	A	-0.032	0.1321124
264	C	-0.221	0.1190493
265	A	-0.304	0.07228342
266	A	-0.229	0.01859134
267	C	0.408	-0.03208582
268	C	0.438	-0.07781382
269	T	0.469	-0.09914874
270	G	0.057	-0.1294421
271	G	-0.330	-0.08005317
272	A	-0.507	-0.03465878
273	A	-0.445	0.0197926
274	A	-0.467	0.01365568
275	G	-0.124	-0.01493442
276	A	-0.425	-0.04811048
277	G	0.420	-0.02170023
278	C	0.285	-0.02784162
279	C	0.478	-0.01952031
280	T	0.329	-0.005214462
281	T	0.067	0.01754438
282	T	0.038	0.01565077
283	C	0.401	0.05423451
284	A	-0.410	-0.01106203
285	G	-0.399	-0.02798613
286	A	-0.259	-0.02872128
287	A	-0.171	-0.03960736
288	T	-0.149	-0.04854447
289	G	0.075	-0.01490456
290	A	-0.428	-0.06164025
291	G	0.065	-0.01781141
292	T	0.468	0.007102062
293	G	0.187	0.06545645
294	T	-0.049	0.05231729
295	C	0.475	0.03222483
296	A	-0.206	0.02968035
297	T	0.159	0.07448988
298	A	-0.075	0.0654261
299	T	0.499	0.05948548
300	T	-0.342	0.04918665
301	T	-0.410	0.02989593
302	T	0.042	0.002923777
303	G	0.154	0.02724262
304	G	-0.052	0.01496955
305	T	0.391	0.003723308
306	G	0.053	-0.01591869
307	G	-0.299	0.01913715
308	A	0.124	0.06718338
309	T	0.109	0.07259575
310	C	0	0.09383059
 311	A	-0.221	0.1288963
312	C	0.243	0.1360385
313	A	0.113	0.1617118
314	G	0.213	0.2178352
315	C	0.112	0.2136723
316	A	0.430	0.1934384
317	C	0.403	0.1732627
318	T	0.484	0.2015927
319	C	0.387	0.1995873
320	T	0.429	0.1875926
321	C	0.070	0.1696194
322	T	-0.153	0.1979433
323	G	-0.262	0.1934483
324	A	0.146	0.1366078
325	C	0.217	0.08274345
326	A	-0.042	0.02043061
327	G	-0.019	-0.03379539
328	C	0.481	-0.07510075
329	A	0.371	-0.08865198
330	T	-0.335	-0.1012801
331	A	-0.216	-0.1340953
332	A	-0.422	-0.1806951
333	T	-0.275	-0.1884601
334	G	-0.466	-0.1988002
335	A	-0.329	-0.2427889
336	A	-0.426	-0.3065249
337	A	-0.280	-0.2725204
338	A	-0.388	-0.28583
339	T	-0.143	-0.2298028
340	G	-0.154	-0.1844992
341	T	-0.090	-0.1129838
342	G	-0.456	-0.05525108
343	T	0.106	0.01289269
344	T	-0.389	0.04031861
345	A	0.305	0.1045879
346	C	0.313	0.1327156
347	T	0.463	0.1658245
348	C	0.421	0.1608472
349	T	0.459	0.1716635
350	T	0.076	0.1350656
351	T	0.447	0.1581474
352	T	0.222	0.105105
353	C	0.276	0.04397151
354	T	-0.155	-0.01230726
355	G	-0.316	-0.07211657
356	A	-0.369	-0.1302751
357	A	-0.089	-0.1668464
358	A	-0.383	-0.1903183
359	A	-0.480	-0.216556
360	A	-0.268	-0.2518349
361	T	-0.356	-0.2076539
362	T	-0.296	-0.1605344
363	A	-0.399	-0.1283439
364	T	0.142	-0.156509
365	A	-0.118	-0.1377301
366	T	-0.182	-0.06046798
367	G	0.418	-0.06176368
368	C	0.296	-0.03617908
369	T	0.049	-0.004469162
370	A	-0.455	0.02957961
371	T	-0.139	0.002171838
372	T	0.523	-0.009951085
373	T	-0.284	0.005456362
374	T	-0.023	-0.0542021
375	T	0.115	-0.1088331
376	C	0.043	-0.1020681
377	A	-0.214	-0.03924812
378	T	-0.276	-0.01074681
379	A	0.017	-0.02760312
380	T	-0.356	0.02758596
381	G	-0.413	0.03622745
382	A	0.137	0.02733606
383	T	0.361	0.03621137
384	C	0.230	0.08492383
385	C	0.304	0.1299447
386	T	0.432	0.1110253
387	G	0.088	0.1690848
388	G	0	0.2062933
 389	A	0.158	0.2109569
390	A	0.419	0.1771303
391	C	0.308	0.173565
392	A	-0.228	0.1618533
393	C	0.398	0.1572547
394	T	0.069	0.1735652
395	G	0.197	0.1394508
396	T	-0.078	0.09133
397	G	0.184	0.02173431
398	A	0.152	-0.03496308
399	C	0.372	-0.05400038
400	T	0.300	-0.1069072
401	T	-0.443	-0.09131025
402	A	-0.466	-0.07304625
403	A	-0.485	-0.03885823
404	A	-0.428	-0.04186846
405	A	-0.475	-0.03575023
406	A	-0.289	-0.08242692
407	T	0.272	-0.09742946
408	C	0.435	-0.08455831
409	C	0.366	-0.086338
410	A	0.145	-0.05677585
411	G	0.231	-0.05735838
412	G	-0.234	-0.04686154
413	T	0.105	-0.05894031
414	A	-0.276	-0.1139208
415	G	-0.489	-0.1815241
416	T	-0.101	-0.2490656
417	A	-0.435	-0.2237525
418	A	-0.339	-0.2068566
419	A	-0.446	-0.1769449
420	T	-0.442	-0.1441978
421	A	-0.443	-0.1157075
422	A	-0.511	-0.1081638
423	C	0.474	-0.1278729
424	T	0.451	-0.1204275
425	T	0.154	-0.06513808
426	C	0.531	-0.02797902
427	T	0.094	-0.007517092
428	T	-0.391	0.01763552
429	A	-0.357	0.08220422
430	A	-0.339	0.07274383
431	C	0.379	0.07236622
432	A	0.036	0.09501406
433	G	-0.176	0.02699314
434	A	-0.116	0.04231715
435	G	0.327	0.1107678
436	T	0.351	0.1422617
437	C	0.446	0.1391651
438	T	0.449	0.1099653
439	T	-0.353	0.1020053
440	G	0.293	0.1082457
441	C	0.498	0.1277699
442	T	0.051	0.09099778
443	T	-0.379	0.06928653
444	T	0	0.05821768
 445	C	-0.067	-0.0001528538
446	A	-0.094	-0.0004463923
447	G	0.137	-0.06095262
448	G	-0.150	-0.1286274
449	A	0.069	-0.1464308
450	T	0.302	-0.1239946
451	G	-0.309	-0.1422451
452	A	-0.356	-0.1053898
453	A	-0.493	-0.07427742
454	A	-0.381	-0.0668908
455	T	-0.179	-0.06945765
456	A	-0.087	-0.06077378
457	T	-0.237	-0.06435525
458	T	0.411	-0.06425702
459	T	0.309	-0.01943609
460	C	0.233	0.01251881
461	T	-0.183	0.05798819
462	G	0.182	0.09442435
463	A	0.255	0.09154721
464	G	-0.308	0.08585444
465	C	0.225	0.0149929
466	A	-0.077	-0.04883118
467	G	0.209	-0.08646925
468	T	0.294	-0.07231995
469	C	-0.125	-0.08427848
470	A	-0.311	-0.1099784
471	T	-0.509	-0.1183555
472	A	-0.520	-0.1763816
473	A	-0.256	-0.2017856
474	G	0	-0.186343
 475	T	0.026	-0.2041856
476	G	-0.078	-0.2234534
477	A	-0.417	-0.1863536
478	A	-0.528	-0.1521763
479	A	-0.407	-0.08244663
480	C	0.410	-0.03114648
481	A	0.062	-0.006138477
482	A	-0.375	-0.0270344
483	G	0.171	-0.01234823
484	A	-0.064	0.027798
485	C	0.386	0.05323508
486	T	0.410	0.05188769
487	T	0.325	-0.001396462
488	A	-0.244	-0.04219837
489	T	0.112	-0.04408991
490	G	0.104	-0.09370837
491	T	-0.197	-0.1238975
492	A	-0.425	-0.1845312
493	A	-0.282	-0.2508502
494	A	-0.468	-0.2713153
495	T	-0.400	-0.2694005
496	A	-0.474	-0.2897032
497	A	-0.457	-0.2939253
498	A	-0.401	-0.2632909
499	A	-0.451	-0.2334443
500	A	0.059	-0.1976321
501	T	-0.220	-0.1948915
502	G	-0.151	-0.1731816
503	T	0.049	-0.1612065
504	G	0.200	-0.1077844
505	T	-0.037	-0.07482658
506	G	0.183	-0.02412535
507	A	-0.432	-0.003320392
508	T	-0.117	0.03180668
509	A	-0.318	0.02863922
510	C	0.237	0.03760174
511	A	0.026	-0.009314877
512	T	0.207	0.02584335
513	C	0.329	0.0422972
514	T	0.236	0.08728443
515	A	-0.192	0.1278343
516	T	0.166	0.14455
517	A	-0.409	0.09140312
518	C	0.419	0.05109623
519	C	0.397	0.01810285
520	A	0.152	-0.02082392
521	T	0.409	-0.05652523
522	C	-0.101	-0.07005115
523	T	-0.453	-0.06648992
524	A	-0.497	-0.03977492
525	A	-0.221	-0.05030484
526	G	-0.176	-0.05392938
527	G	-0.227	-0.03959799
528	A	-0.368	-0.08995838
529	T	0.212	-0.1112186
530	T	-0.062	-0.1091926
531	C	0.282	-0.1057589
532	C	0.349	-0.1249706
533	T	0.338	-0.1522409
534	A	-0.245	-0.1517318
535	T	-0.377	-0.1178391
536	T	-0.427	-0.1088532
537	T	-0.452	-0.08685706
538	A	-0.470	-0.08435337
539	A	-0.531	-0.1233191
540	A	-0.220	-0.1389259
541	G	0.072	-0.09715029
542	C	0.329	-0.04886514
543	C	0.223	-0.0433016
544	A	0.315	0.02196555
545	G	-0.156	0.0728794
546	G	0.135	0.1397816
547	T	0.297	0.1567732
548	G	0.250	0.1847595
549	T	-0.355	0.1844711
550	G	0.395	0.1831064
551	G	0.191	0.1749891
552	T	0.338	0.1955111
553	G	0	0.2204061
 554	G	0.436	0.2142298
555	C	0.325	0.2254996
556	T	0.206	0.2823435
557	C	0.209	0.2426794
558	G	0.110	0.1913352
559	T	0.459	0.1308158
560	G	0.217	0.08918715
561	T	0.396	0.01304785
562	C	0.383	0.02122515
563	T	-0.120	0.02336838
564	A	-0.476	0.03536762
565	T	-0.448	0.04514192
566	A	-0.541	0.03261908
567	A	-0.553	0.04247492
568	C	0.431	0.03357838
569	C	0.233	0.02845031
570	C	0.365	0.07135223
571	A	0.237	0.1341492
572	G	0.296	0.1981775
573	C	0.345	0.2398062
574	A	0.281	0.2431362
575	C	0.317	0.1743515
576	T	0.437	0.1721635
577	C	0.339	0.1761196
578	T	0.384	0.1850955
579	G	0	0.1993004
 580	G	-0.510	0.1512686
581	A	-0.462	0.09863077
582	A	0.205	0.03699508
583	G	0.417	-0.02788362
584	C	0.353	-0.07392338
585	T	0.481	-0.1414297
586	G	-0.278	-0.1369172
587	A	-0.403	-0.1155607
588	A	-0.484	-0.112406
589	T	-0.405	-0.08616193
590	A	-0.258	-0.1537549
591	A	-0.493	-0.1942029
592	T	0.058	-0.2368192
593	G	-0.232	-0.1809031
594	A	-0.421	-0.1262597
595	A	0.546	-0.07454241
596	G	-0.461	-0.01782179
597	A	-0.171	0.0001351
598	T	-0.072	0.007369485
599	T	0.447	-0.03106828
600	G	0.307	-0.01816917
601	C	0.188	0.04968345
602	T	0.331	0.02447429
603	T	-0.025	0.08885229
604	G	-0.399	0.0931836
605	A	-0.441	0.06376423
606	A	-0.064	-0.006711538
607	T	0.460	-
608	C	0.218	-
609	C	0.375	-
610	T	-0.115	-
611	A	-0.455	-
612	A	-0.468	-
