1	C	0.437	-
2	T	0.251	-
3	G	0.049	-
4	G	0.092	-
5	T	0.431	-
6	C	0.396	-
7	T	0.206	0.2190658
8	G	0.139	0.1898886
9	G	-0.046	0.1857351
10	G	-0.034	0.1986129
11	C	0.372	0.2245622
12	T	0.195	0.2217341
13	G	0.282	0.2235638
14	C	0.291	0.2389474
15	C	0.029	0.2468964
16	A	0.193	0.2785048
17	C	0.230	0.3158165
18	C	0.455	0.2777231
19	A	0.391	0.2780386
20	C	0.422	0.2904144
21	C	0.422	0.3029865
22	T	0.251	0.2897994
23	G	0.395	0.2923557
24	G	0.487	0.254066
25	G	-0.161	0.1984161
26	A	0.200	0.1521066
27	C	0.455	0.1052246
28	C	0.467	0.05898157
29	A	-0.155	0.03249243
30	T	0.228	0.0116075
31	G	-0.306	0.001326357
32	T	-0.323	0.04479936
33	T	-0.256	0.05081979
34	G	-0.233	-0.003472571
35	A	-0.225	-0.03020636
36	T	-0.119	-0.00723315
37	G	0.103	-0.009676293
38	C	0.343	0.03967799
39	C	0.447	0.09005085
40	C	0.284	0.1395616
41	A	-0.304	0.1342229
42	A	0.093	0.1159717
43	G	0.166	0.09454892
44	G	0.194	0.1108573
45	G	0.384	0.09071942
46	C	0.381	0.05159806
47	T	0.436	0.04367849
48	G	-0.308	0.08616171
49	T	-0.480	0.1084208
50	A	-0.419	0.1133943
51	C	0.331	0.1215071
52	A	0.061	0.1107071
53	G	-0.100	0.1047328
54	A	0.173	0.1011356
55	G	0.290	0.1295269
56	C	0.404	0.1875398
57	T	0.236	0.2301445
58	G	0.308	0.2100048
59	G	0.233	0.2164947
60	C	0.298	0.2561007
61	C	0.386	0.2733005
62	C	0.088	0.2715293
63	C	0.331	0.2564444
64	A	0.176	0.216483
65	C	0.049	0.2146948
66	A	0.152	0.213814
67	C	0.454	0.2123906
68	C	0.414	0.1975776
69	T	0.265	0.2196518
70	C	0.193	0.2138712
71	A	-0.323	0.2234655
72	C	0.283	0.2502309
73	T	0.221	0.2719883
74	G	0.278	0.2671679
75	G	0.178	0.2375656
76	C	0.398	0.2454947
77	T	0.250	0.2661676
78	T	0.311	0.3045443
79	C	0.424	0.3163048
80	C	0.457	0.3182488
81	T	0.386	0.3088611
82	G	0	0.2968224
 83	C	0.376	0.2569354
84	A	0.483	0.2218332
85	C	0.213	0.1810257
86	T	0.447	0.1588543
87	C	0.248	0.1351682
88	A	0.146	0.0797447
89	G	0.010	0.07576399
90	G	-0.160	0.06635277
91	A	-0.241	0.06012663
92	G	-0.260	0.06573891
93	A	0.114	0.06741213
94	G	0.125	0.08126663
95	T	-0.389	0.08402999
96	G	-0.055	0.08753159
97	G	0.244	0.09180638
98	G	0.395	0.09082181
99	C	0.292	0.1322792
100	C	0.471	0.1241274
101	C	0.442	0.1457317
102	A	0.185	0.1855217
103	C	0.059	0.212055
104	A	-0.100	0.2225441
105	C	-0.254	0.207953
106	A	0.320	0.2182667
107	C	0	0.2150734
 108	C	0.427	0.2128623
109	T	0.167	0.2118892
110	G	0.315	0.2116268
111	G	0.391	0.236461
112	G	0.191	0.2780764
113	C	0.436	0.2417586
114	A	0.426	0.2251082
115	G	0.411	0.1601396
116	C	0.172	0.1208957
117	A	0.055	0.08073944
118	C	0.247	0.07088694
119	A	0.327	0.08283215
120	G	-0.188	0.07194615
121	T	-0.233	0.04614189
122	A	-0.481	0.02070399
123	G	-0.381	0.03832342
124	A	-0.246	0.06295841
125	G	0.253	0.07086334
126	C	0.358	0.0511884
127	T	0.284	0.08483726
128	G	0.065	0.1157346
129	G	0.055	0.1490577
130	C	0.418	0.1886545
131	C	0.400	0.2210584
132	C	0.357	0.222667
133	T	0.052	0.2031353
134	G	0.282	0.1868041
135	G	0.199	0.1784496
136	T	-0.015	0.1980288
137	G	0.172	0.1971743
138	G	0.207	0.1879701
139	C	0.276	0.191134
140	A	0.085	0.20714
141	G	0.055	0.1579427
142	G	-0.051	0.1090396
143	G	0.329	0.1001711
144	G	0.406	0.1150077
145	C	0.271	0.07788446
146	C	0.402	0.03519417
147	A	0.276	-0.009053007
148	A	-0.405	0.0076247
149	G	-0.485	0.03230886
150	A	-0.139	0.03991236
151	G	0.380	0.03179971
152	T	-0.312	0.04203071
153	G	-0.321	0.04274679
154	A	-0.534	0.04798986
155	G	0.289	0.1048373
156	C	0.294	0.1245504
157	T	0.436	0.1170564
158	G	0.293	0.07011257
159	G	0.415	0.05437579
160	G	0.412	0.0426525
161	C	0.349	0.0925775
162	C	0.390	0.09669564
163	T	-0.209	0.0846525
164	G	-0.244	0.0664975
165	A	-0.276	0.01532707
166	G	-0.532	-0.0300315
167	A	-0.485	-0.08554229
168	G	0.164	-0.1385743
169	G	0.346	-0.1700293
170	G	0.125	-0.1233103
171	T	0.181	-0.09818384
172	A	-0.423	-0.0738562
173	A	-0.220	-0.04451541
174	A	-0.365	0.003173443
175	C	-0.392	0.001374371
176	A	-0.050	-0.0179865
177	C	0.444	-0.001726714
178	A	0.107	0.008843143
179	G	0.063	0.05611786
180	G	-0.122	0.06332964
181	A	0.182	0.07691914
182	C	0.139	0.083265
183	A	0.075	0.1160378
184	G	0.353	0.1066575
185	C	0.329	0.1215211
186	T	0.238	0.1387311
187	G	-0.119	0.1653776
188	A	-0.174	0.1671406
189	A	-0.303	0.1721923
190	C	0.408	0.1908989
191	C	0.313	0.1988904
192	T	0.315	0.1859377
193	G	0.304	0.1847806
194	C	0.250	0.2123894
195	C	0.206	0.250487
196	A	0.210	0.2525138
197	C	0.337	0.2169889
198	C	0.464	0.1574399
199	T	0.148	0.1396338
200	G	0.222	0.1464049
201	C	0.267	0.1529408
202	G	0.358	0.1690415
203	G	-0.275	0.1751965
204	T	-0.088	0.1480419
205	A	-0.520	0.09213801
206	G	0.066	0.08534482
207	G	0.399	0.08617711
208	G	0.342	0.09871275
209	G	0.432	0.1061528
210	C	0.296	0.1413304
211	A	-0.042	0.1740421
212	A	-0.317	0.2007081
213	T	0.053	0.1754213
214	C	0.234	0.1323742
215	C	0.442	0.1188356
216	T	0.462	0.1044088
217	G	0.217	0.09889399
218	C	0.369	0.0650056
219	A	-0.146	0.04959289
220	G	-0.287	0.0365795
221	A	-0.203	0.03516664
222	T	0.152	0.01842293
223	C	0.230	0.006452071
224	C	0.219	0.008780071
225	A	-0.516	-0.04996293
226	A	-0.533	-0.06030807
227	A	-0.128	-0.06163393
228	G	0.214	-0.04596476
229	C	0.208	-0.09123161
230	T	0.295	-0.08942961
231	G	0.249	-0.08873054
232	T	-0.453	-0.0226469
233	A	-0.291	0.04746246
234	G	-0.306	0.07106389
235	G	0.016	0.06828217
236	A	-0.480	0.02442324
237	T	0.255	-0.02870504
238	C	0.229	-0.07244654
239	G	0.408	-0.0733604
240	C	0.448	-0.05426343
241	C	0.201	-0.0009377857
242	A	0.175	-0.03376367
243	T	-0.405	0.02024469
244	G	-0.448	0.03127733
245	A	-0.362	0.0352209
246	C	-0.466	0.01265917
247	A	-0.024	-0.01639143
248	C	0.440	-0.05059264
249	A	-0.443	-0.09050357
250	G	0.275	-0.09948429
251	G	0.409	-0.09115257
252	G	0.284	-0.08180721
253	C	0.092	-0.08109429
254	A	0.041	-0.09399319
255	A	-0.277	-0.1499703
256	C	-0.383	-0.1405823
257	A	-0.531	-0.1720363
258	A	-0.331	-0.2118382
259	C	-0.231	-0.2034137
260	A	-0.456	-0.1822108
261	A	-0.204	-0.1523924
262	G	-0.343	-0.1270897
263	A	-0.311	-0.1352173
264	T	-0.165	-0.09727576
265	G	-0.147	-0.08196526
266	T	0.402	-0.09103426
267	C	0.389	-0.08703348
268	C	0.458	-0.05565326
269	G	0.077	-0.02542114
270	A	-0.497	0.02236572
271	G	0	0.06267122
 272	A	-0.117	0.09349729
273	G	-0.358	0.09344858
274	G	-0.400	0.09215129
275	A	0.234	0.06942979
276	G	0.080	0.05634034
277	T	0.357	0.0822047
278	C	0.399	0.0666182
279	C	0.284	0.04825784
280	T	0.401	0.0413667
281	G	0.371	0.05433456
282	G	0.140	0.05375999
283	T	-0.106	0.07916429
284	G	-0.135	0.08485643
285	A	-0.218	0.08091814
286	G	-0.374	0.05978076
287	G	-0.455	0.0262947
288	A	-0.218	-0.01766816
289	T	0.226	-0.0636648
290	C	0.435	-0.05038688
291	C	0.436	-0.01518659
292	A	0.344	-0.01196588
293	G	-0.011	-0.007251379
294	T	-0.067	0.003725479
295	A	-0.244	-0.009837664
296	T	-0.503	-0.05230738
297	T	0.079	-0.116452
298	G	0.357	-0.1675882
299	A	-0.173	-0.2096247
300	G	-0.308	-0.1881144
301	A	-0.301	-0.1521924
302	G	-0.408	-0.1362209
303	A	-0.368	-0.1120168
304	A	-0.462	-0.1551209
305	T	-0.278	-0.2088672
306	A	-0.244	-0.2093813
307	G	0.289	-0.1556771
308	C	0.435	-0.1150015
309	A	-0.020	-0.05310891
310	G	-0.164	-0.02153064
311	A	-0.523	-0.009894857
312	A	-0.394	0.02264707
313	G	-0.180	0.05193957
314	C	0.443	0.06449264
315	C	0.267	0.05372157
316	A	0.458	0.06839055
317	G	0.073	0.1000028
318	A	-0.299	0.1398358
319	G	0.176	0.157438
320	G	0.165	0.1471079
321	C	0.465	0.1209985
322	C	0.284	0.1154042
323	T	0.184	0.07331001
324	C	0.278	0.07231466
325	G	0.033	0.08052623
326	A	-0.148	0.1008017
327	A	-0.324	0.09641666
328	C	0.077	0.04169459
329	C	0.189	0.003153943
330	A	-0.131	0.002395014
331	G	0.059	-0.02195871
332	A	-0.184	-0.04697065
333	C	0.460	-0.02893508
334	C	0.104	0.02298678
335	A	-0.300	0.04956332
336	A	-0.254	0.03603011
337	T	0.174	0.07843939
338	G	-0.062	0.06384691
339	A	-0.316	0.06917606
340	C	0.104	0.04872813
341	T	0.401	0.043629
342	C	0.449	0.07789471
343	A	0	0.08116964
 344	C	0.462	0.04083571
345	T	-0.144	0.0083403
346	G	-0.109	0.002358657
347	C	0.174	-0.01892699
348	A	0.032	-0.05837984
349	A	0.178	-0.1219763
350	T	-0.208	-0.1397897
351	G	-0.390	-0.1620953
352	A	-0.517	-0.1735206
353	A	-0.399	-0.1760192
354	C	-0.193	-0.1815984
355	A	-0.150	-0.1779922
356	A	-0.440	-0.1907583
357	G	-0.249	-0.1617562
358	A	0.150	-0.1042524
359	T	-0.304	-0.04366787
360	G	-0.144	0.01280677
361	T	0.096	0.03719706
362	G	0.083	0.0323917
363	T	0	0.06067628
 364	G	0.197	0.1079031
365	G	0.414	0.1134244
366	C	0.330	0.1098037
367	C	0.390	0.144037
368	A	0.147	0.1547817
369	A	-0.217	0.1702273
370	G	-0.044	0.1910491
371	A	0.411	0.2025741
372	G	0.227	0.1646212
373	C	-0.354	0.1464577
374	A	0.334	0.09763279
375	T	0.246	0.06251257
376	T	0.299	0.08215763
377	C	0.291	0.05640591
378	T	0.358	0.05551991
379	G	-0.116	0.05684869
380	T	0.076	0.09431076
381	G	-0.292	0.08667834
382	A	-0.344	0.09930441
383	G	0.057	0.07922668
384	A	-0.405	0.07512604
385	C	0.399	0.07451261
386	C	0.246	0.08660557
387	C	0.169	0.07032579
388	A	0.227	0.1028067
389	C	0.423	0.1536056
390	T	0.018	0.1659407
391	G	0.234	0.2241193
392	T	0.350	0.1911068
393	G	0.052	0.1591297
394	A	-0.151	0.130524
395	C	0.161	0.1111247
396	C	0.367	0.06508516
397	C	0.230	0.0875831
398	A	0.409	0.08612867
399	C	-0.062	0.05413692
400	T	-0.201	0.0161936
401	A	-0.230	0.03682939
402	C	-0.044	0.03766081
403	A	-0.221	0.009248864
404	A	0.333	-0.02744721
405	C	0.213	-0.07534221
406	T	-0.097	-0.07939148
407	T	-0.478	-0.03747655
408	T	0.137	-0.05729141
409	G	0.173	-0.06427263
410	A	-0.030	-0.01960827
411	T	-0.283	-0.0245472
412	G	-0.261	-0.03416047
413	T	-0.119	-0.00645865
414	C	0.385	0.05438178
415	A	-0.508	0.06273764
416	A	-0.141	0.04869684
417	G	0.404	0.0735985
418	G	0.264	0.1230048
419	T	0.079	0.154392
420	A	0.29	0.1977276
421	C	0.372	0.1852814
422	T	0.254	0.2596729
423	T	-0.023	0.2379049
424	C	0.318	0.1771304
425	A	0.408	0.1362131
426	C	0.178	0.09507777
427	T	0.487	0.03578649
428	C	0.211	0.001165557
429	T	0.533	-0.03316209
430	T	-0.446	-0.04787821
431	A	-0.446	-0.1002549
432	T	-0.308	-0.1514304
433	A	-0.496	-0.1933562
434	A	-0.540	-0.2252878
435	G	-0.111	-0.2780179
436	G	-0.226	-0.3534091
437	A	-0.229	-0.3451098
438	A	-0.415	-0.2895773
439	A	-0.308	-0.236527
440	A	-0.408	-0.1874662
441	C	0.040	-0.1503698
442	A	-0.527	-0.1313528
443	A	-0.522	-0.1246546
444	A	-0.330	-0.1232065
445	G	0.330	-0.12834
446	C	0.434	-0.1361379
447	T	0.190	-0.1347423
448	G	-0.020	-0.116892
449	G	0.154	-0.05731814
450	A	-0.132	-0.0458425
451	A	-0.208	0.003688071
452	G	-0.487	-0.01280116
453	A	-0.417	-0.06946159
454	A	-0.389	-0.1168907
455	A	0.290	-0.1303994
456	C	0.306	-0.1682486
457	A	-0.361	-0.1761687
458	A	0.363	-0.1884326
459	T	0.099	-0.163491
460	T	-0.359	-0.1648239
461	T	-0.473	-0.1678624
462	T	-0.209	-0.2221752
463	A	-0.375	-0.2779837
464	A	-0.243	-0.2863049
465	A	-0.380	-0.3449365
466	T	-0.137	-0.383009
467	T	-0.436	-0.3868222
468	A	-0.431	-0.3844849
469	A	-0.470	-0.4020151
470	A	-0.474	-0.3819931
471	A	-0.478	-0.3950243
472	A	-0.457	-0.3990786
473	A	-0.433	-0.399057
474	A	-0.412	-0.3618938
475	A	-0.441	-0.2960117
476	A	-0.455	-0.2955453
477	A	-0.095	-0.2941967
478	G	-0.425	-0.2573364
479	A	-0.437	-0.2112618
480	A	-0.137	-0.1550435
481	T	0.084	-0.09717969
482	C	0.490	-0.04228454
483	T	-0.463	-0.03644497
484	A	-0.455	-0.06785772
485	A	0.037	-0.06512308
486	G	0.187	-0.07190236
487	G	0.353	-0.08163886
488	C	0.397	-0.1049643
489	T	0.327	-0.1539087
490	G	-0.373	-0.09367327
491	A	-0.534	-0.02492277
492	A	-0.387	-0.06088029
493	G	-0.532	-0.1063523
494	A	-0.273	-0.1671671
495	G	-0.242	-0.2323459
496	A	-0.194	-0.2770654
497	C	0.379	-0.2448026
498	T	0.506	-0.2276764
499	G	-0.465	-0.2351007
500	T	-0.449	-0.1791266
501	A	-0.497	-0.1300696
502	A	-0.514	-0.08203102
503	A	-0.298	-0.06813009
504	G	0.078	-0.09523902
505	G	-0.295	-0.1314464
506	A	-0.491	-0.1013597
507	G	0.251	-0.04840884
508	C	0.412	0.01730581
509	C	0.429	0.08207916
510	T	0	0.1281619
 511	G	0	0.1384107
 512	A	0	0.184956
 513	G	-0.044	0.2544615
514	G	0.291	0.2493451
515	C	0.422	0.220948
516	C	0.392	0.2210082
517	T	0.346	0.252933
518	G	0.221	0.2788227
519	G	0.356	0.2932302
520	C	0.481	0.32749
521	T	0.179	0.3201447
522	T	0.015	0.2928699
523	C	0.430	0.2678299
524	T	0.446	0.2282198
525	T	0.362	0.2136472
526	G	0.201	0.2036821
527	C	0.435	0.1998757
528	T	0.189	0.2178069
529	C	0.040	0.2449379
530	T	0.041	0.2412359
531	A	-0.208	0.2268151
532	C	0.017	0.2173419
533	C	0.217	0.2186701
534	C	0.428	0.2036525
535	C	0.430	0.2209775
536	T	0.395	0.2460219
537	G	0.379	0.2572199
538	C	0.245	0.2980213
539	A	0.229	0.3166434
540	G	0.220	0.3096387
541	C	0.225	0.2691398
542	A	0.431	0.2204362
543	C	0.391	0.1663011
544	T	0.198	0.1304626
545	C	0.363	0.128863
546	A	0.278	0.1401451
547	G	0.118	0.1450334
548	C	-0.138	0.1490839
549	A	-0.250	0.1474349
550	G	-0.362	0.1249295
551	A	-0.122	0.1439905
552	C	0.222	0.1491716
553	A	0.387	0.1484412
554	G	0.288	0.1622282
555	C	0.281	0.2090495
556	C	0.408	0.2353821
557	A	0.076	0.2328128
558	C	0.465	0.2192153
559	C	0.435	0.1670544
560	T	0.268	0.1401696
561	C	0.311	0.1311549
562	C	0.516	0.1219503
563	C	0.117	0.106237
564	A	-0.398	0.1090423
565	T	-0.313	0.06037211
566	A	-0.507	0.04151411
567	G	0.011	0.03919369
568	G	0.162	0.04145676
569	G	0.152	0.001289371
570	C	0.188	-0.02208313
571	A	0.115	0.0238038
572	A	-0.216	0.0658628
573	G	0.171	0.1347889
574	G	0.235	0.1076031
575	C	0.343	0.07612047
576	A	-0.045	0.0416129
577	A	-0.209	0.02953256
578	G	0.243	0.02129134
579	G	0.275	0.03435674
580	G	0.457	0.05066367
581	A	-0.369	0.05739096
582	G	-0.278	0.06742596
583	A	-0.330	0.07747253
584	A	0.019	0.06403003
585	C	0	0.01674853
 586	A	-0.033	-0.03833797
587	G	0.399	-0.09926454
588	G	0.329	-0.10587
589	G	0.484	-0.1140638
590	T	0.094	-0.07519054
591	G	-0.397	-0.05659799
592	A	-0.418	-0.02544106
593	A	-0.495	0.007969186
594	G	-0.395	-0.01434079
595	A	-0.461	-0.05458929
596	A	-0.392	-0.1076779
597	C	0.213	-0.1443288
598	T	0.279	-0.1247576
599	C	0.436	-0.1081607
600	C	0.434	-0.05103647
601	G	0.087	-0.003613686
602	G	-0.233	0.03061346
603	G	-0.259	0.0440796
604	A	-0.418	0.0506856
605	G	-0.123	0.06237724
606	A	-0.185	0.0461396
607	G	0.304	0.01965314
608	G	0.268	-0.02598146
609	G	0.017	-0.03825332
610	G	-0.204	-0.05390389
611	A	0.306	-0.05676532
612	C	0.443	-0.06713454
613	C	0.208	-0.03860539
614	A	0.063	-0.03380925
615	G	-0.551	-0.02185032
616	A	-0.405	0.005906964
617	G	-0.478	0.04885482
618	G	-0.458	0.03155057
619	A	-0.268	0.01143993
620	G	0.213	-0.008810936
621	G	0.371	0.01450003
622	G	0.435	0.03719867
623	G	0.406	0.08707724
624	G	0.396	0.0916301
625	C	0.064	0.1293154
626	A	0.161	0.1580504
627	A	-0.074	0.1569537
628	C	0.389	0.1304247
629	A	-0.233	0.09518487
630	T	0.292	0.05681109
631	T	-0.414	-0.003431414
632	T	0.069	-0.04404188
633	G	0.133	-0.08593266
634	G	0.198	-0.1119502
635	G	0	-0.1681339
 636	A	-0.057	-0.1806322
637	T	-0.131	-0.199132
638	A	-0.446	-0.1974483
639	T	-0.504	-0.2296131
640	A	-0.424	-0.2749124
641	A	-0.438	-0.3165941
642	A	-0.396	-0.3356838
643	T	-0.408	-0.3493386
644	A	0.033	-0.3576988
645	T	-0.390	-0.3298213
646	A	-0.380	-0.2919391
647	A	-0.500	-0.291674
648	T	-0.385	-0.2938161
649	T	-0.267	-0.3003482
650	A	-0.248	-0.2576394
651	A	-0.248	-0.2861337
652	T	-0.056	-0.2916704
653	T	0.026	-0.2878071
654	T	-0.420	-0.2837375
655	T	-0.468	-0.283688
656	A	-0.488	-0.2963385
657	A	0.189	-0.3018123
658	A	-0.365	-0.314289
659	A	-0.468	-0.3338941
660	A	-0.326	-0.3689001
661	T	-0.443	-0.3716579
662	T	-0.384	-0.3703375
663	A	-0.444	-0.3640475
664	A	-0.325	-0.3912861
665	T	-0.422	-0.4020506
666	A	-0.330	-0.4056854
667	A	-0.464	-0.3718403
668	T	-0.459	-0.3562997
669	A	-0.450	-0.3325457
670	A	-0.400	-0.3211045
671	A	-0.191	-0.3248655
672	A	-0.515	-
673	A	-0.519	-
674	A	0.147	-
675	G	-0.226	-
676	G	-0.052	-
677	T	-0.284	-
678	A	-0.378	-
