1	A	-0.386	-
2	G	-0.309	-
3	A	-0.391	-
4	T	-0.381	-
5	A	-0.209	-
6	G	0.141	-
7	C	-0.011	-
8	G	0.423	-
9	G	0.017	-
10	G	0.377	-
11	G	-0.236	0.05361655
12	A	0.097	0.09151432
13	G	-0.111	0.1072112
14	T	0.039	0.1339606
15	C	0.420	0.1453767
16	C	0.504	0.1679966
17	T	0.451	0.1697945
18	T	0.218	0.1795352
19	C	0.220	0.1459965
20	A	-0.324	0.1306549
21	G	0.259	0.09372154
22	C	0.370	0.08214072
23	T	0.447	0.06032747
24	G	0.035	0.04704715
25	G	0.197	0.03017606
26	A	-0.130	0.009198968
27	C	0.288	-0.02438858
28	A	0.181	-0.04122942
29	C	0.202	-0.05820605
30	A	-0.314	-0.07929892
31	G	-0.320	-0.05991537
32	A	-0.435	-0.06273333
33	A	-0.491	-0.07539294
34	A	-0.382	-0.07781121
35	G	-0.403	-0.0728934
36	A	-0.332	-0.07705936
37	A	-0.041	-0.06675541
38	C	-0.234	-0.09014423
39	A	0.080	-0.0884445
40	G	-0.154	-0.08123896
41	A	-0.243	-0.06205178
42	C	0.102	-0.03217891
43	A	0.197	0.007602995
44	T	0.091	0.042453
45	G	0.394	0.07970636
46	G	0.144	0.1040044
47	G	0.105	0.1249308
48	A	0.095	0.132123
49	G	-0.225	0.1470072
50	G	0.218	0.1498745
51	C	0.361	0.1371552
52	A	0.107	0.1283148
53	G	0.336	0.1355294
54	C	0.440	0.1379689
55	T	0.275	0.1528436
56	G	0.437	0.1308592
57	T	0.131	0.1088691
58	G	0.128	0.09242374
59	T	0.117	0.09757275
60	G	0.093	0.1278367
61	T	0.143	0.1202639
62	G	-0.434	0.09188595
63	A	-0.438	0.09461372
64	C	0.260	0.0836368
65	C	0.250	0.03931608
66	C	0.419	0.0268088
67	A	-0.089	0.02008876
68	G	-0.339	0.03072285
69	A	-0.256	0.03958208
70	A	0.209	0.04585999
71	C	0.439	0.05280832
72	T	0.051	0.0648665
73	T	-0.263	0.1026003
74	G	0.167	0.1225106
75	G	0.095	0.09658936
76	A	-0.535	0.07961336
77	G	0	0.04722086
 78	G	0.289	0.06024665
79	C	0.365	0.09424805
80	C	0.323	0.1173466
81	A	0.255	0.1148701
82	G	0.246	0.1154266
83	C	0.409	0.1095484
84	C	0.395	0.1019581
85	C	0	0.09927173
 86	A	-0.309	0.1008302
87	A	-0.122	0.1460791
88	C	-0.293	0.1652456
89	C	0.197	0.1617764
90	C	0.408	0.1591317
91	G	0.252	0.1294323
92	G	0.154	0.09890256
93	C	0.452	0.0752532
94	T	-0.077	0.0731207
95	A	-0.430	0.07442138
96	A	0.108	0.09231683
97	C	0.129	0.1258386
98	C	0.460	0.150096
99	C	0.421	0.1617669
100	A	0.213	0.1711061
101	C	0.306	0.1638997
102	A	-0.330	0.1656123
103	G	-0.416	0.140824
104	A	-0.274	0.129244
105	C	0.362	0.1509002
106	C	0.424	0.1896004
107	C	0.393	0.1655277
108	C	0.428	0.1702984
109	G	0.411	0.1423679
110	G	-0.036	0.1284272
111	G	0.402	0.1151513
112	C	0.249	0.0883069
113	G	0.289	0.08385144
114	A	-0.390	0.08813676
115	C	0.197	0.1180401
116	C	0.399	0.09809587
117	A	0.421	0.09216723
118	C	-0.420	0.08412187
119	T	0.234	0.05645878
120	T	-0.154	0.01964187
121	G	0.114	0.0126369
122	A	-0.079	-0.001407136
123	G	-0.283	-0.03042395
124	G	-0.428	-0.06294818
125	A	-0.322	-0.06396668
126	A	0.383	-0.08740295
127	C	-0.076	-0.09050173
128	A	0.293	-0.09286514
129	T	0.216	-0.0701639
130	G	-0.180	-0.06294417
131	A	-0.398	-0.04246131
132	A	-0.190	-0.04851523
133	G	0.093	-0.02820515
134	A	-0.388	-0.01376237
135	T	-0.425	0.01158677
136	A	-0.413	0.01669781
137	A	-0.318	0.003178418
138	G	0.330	0.02584272
139	C	0.369	0.009324259
140	G	0.078	0.01167171
141	T	0.393	0.03892871
142	A	0.296	0.07649303
143	T	-0.018	0.09660862
144	C	0.367	0.1024633
145	T	0.034	0.1094418
146	G	0.129	0.1366895
147	A	-0.209	0.145032
148	G	0.086	0.1608728
149	C	0.421	0.1242017
150	A	-0.069	0.1171382
151	G	0.268	0.1178095
152	C	0.419	0.08087015
153	C	0.427	0.0598581
154	T	0.251	0.04329284
155	T	0.222	0.01731066
156	G	-0.235	0.03163865
157	G	0.173	0.0349717
158	A	-0.229	0.03240142
159	G	0.030	0.006042909
160	A	-0.475	-0.02813805
161	A	0.213	-0.03718922
162	T	0.093	-0.06137227
163	G	-0.419	-0.05876063
164	G	-0.165	-0.0686514
165	A	-0.382	-0.06251445
166	T	-0.203	-0.05353872
167	A	0.349	-0.02370568
168	C	0.202	-0.01003954
169	G	-0.266	0.01933255
170	A	-0.493	0.02772723
171	A	-0.329	0.0551261
172	G	-0.268	0.05934964
173	T	-0.263	0.07616905
174	G	0.476	0.09361503
175	G	0.210	0.08218016
176	T	0.386	0.1087014
177	C	0.419	0.1148152
178	A	0.421	0.08406222
179	C	0.474	0.06507222
180	C	0.416	0.08818022
181	T	0.214	0.1002913
182	C	0.126	0.1238118
183	A	0.306	0.1417154
184	G	0.463	0.1713637
185	T	-0.035	0.1605547
186	G	-0.417	0.1577624
187	T	0.200	0.1363108
188	T	-0.069	0.100753
189	T	-0.327	0.06059396
190	T	-0.214	0.0197506
191	C	0.242	-0.01158204
192	G	-0.227	-0.0256774
193	G	0.187	-0.0376699
194	A	0.125	-0.03848904
195	G	0.388	-0.0398684
196	C	0.238	-0.01952202
197	A	0.148	0.0016664
198	G	-0.085	0.002028127
199	A	-0.362	-0.001623155
200	G	-0.462	0.03151121
201	A	-0.424	0.05375385
202	A	-0.272	0.04596639
203	G	-0.095	0.06573407
204	A	-0.136	0.07613743
205	G	0.288	0.06568334
206	C	0.432	0.0303962
207	T	0.412	0.02285842
208	G	0.048	0.0275656
209	G	0.208	0.05249613
210	A	-0.149	0.0842629
211	T	0.401	0.1145598
212	C	0.274	0.1350304
213	T	0.070	0.161169
214	T	0.207	0.1646617
215	C	0.416	0.1685993
216	T	-0.104	0.1785212
217	A	-0.387	0.1658736
218	G	0.072	0.1534227
219	T	0.252	0.1699175
220	C	0.463	0.1765435
221	T	0.336	0.193512
222	G	0.204	0.1948056
223	C	0.026	0.205006
224	A	0.302	0.1920587
225	G	-0.018	0.1953664
226	G	-0.050	0.1670578
227	C	0.506	0.1832222
228	G	0.154	0.1909506
229	T	0.138	0.1986141
230	C	0.411	0.2104062
231	G	0.354	0.1910004
232	G	0.223	0.1982242
233	C	0.430	0.2016371
234	C	0.498	0.2167707
235	T	-0.214	0.2244675
236	T	0.280	0.2376948
237	C	-0.206	0.243489
238	T	0.250	0.2106534
239	G	-0.217	0.1889804
240	G	0.241	0.200934
241	G	0.511	0.1847978
242	A	0.036	0.1600002
243	T	0.495	0.1303466
244	C	0.279	0.101049
245	A	0.359	0.0564306
246	C	0.471	0.07552124
247	C	0.272	0.05794742
248	T	0.077	0.08344192
249	A	-0.215	0.08604129
250	G	-0.322	0.1144965
251	G	0.401	0.1246218
252	A	0.056	0.1239614
253	T	-0.191	0.1010842
254	A	-0.428	0.0590194
255	G	-0.214	0.04295261
256	A	-0.482	0.01406752
257	T	0.205	0.001446159
258	G	-0.106	0.00396875
259	G	0.354	0.01870816
260	G	0.308	0.04067639
261	G	0.408	0.06958348
262	T	0.464	0.07283948
263	C	0.497	0.07768504
264	T	-0.466	0.09956326
265	A	-0.430	0.123215
266	C	-0.074	0.1402612
267	A	-0.276	0.1786917
268	G	0.194	0.1888384
269	C	0.328	0.2109437
270	C	0.401	0.2147426
271	A	0.267	0.2156836
272	T	0.313	0.2030141
273	C	0.473	0.1914966
274	T	0.163	0.1811558
275	T	0.290	0.2097512
276	T	0.091	0.2443172
277	G	0.160	0.2320561
278	T	0.362	0.2281524
279	C	0.429	0.2304072
280	C	0.380	0.2322069
281	C	0.438	0.232812
282	T	0.328	0.2401225
283	G	0.129	0.2426504
284	G	0.210	0.2260609
285	C	0.269	0.2370176
286	A	0.162	0.2350723
287	T	0.330	0.2422064
288	G	-0.343	0.2484909
289	A	-0.362	0.2530216
290	C	0.243	0.2545776
291	C	0.367	0.2383504
292	T	0.414	0.2225065
293	C	0.428	0.1959805
294	C	0.369	0.1782954
295	T	0.108	0.1603303
296	C	0.404	0.1528479
297	A	0.247	0.1590533
298	T	0.248	0.1249277
299	C	0.298	0.1424621
300	C	0.462	0.143381
301	C	0.463	0.1451814
302	A	0.023	0.115189
303	G	0.089	0.09355518
304	T	-0.254	0.09283191
305	G	-0.259	0.06376132
306	A	-0.184	0.0588505
307	T	0.104	0.03790874
308	G	0.298	0.04568892
309	G	-0.420	0.05007442
310	A	0.041	0.0428241
311	T	-0.342	0.03767765
312	G	0.283	-0.001791441
313	G	-0.292	-0.02118081
314	A	-0.061	-0.04852969
315	T	0.412	-0.0196935
316	T	-0.270	-0.00161555
317	G	0	0.02601468
 318	G	-0.056	0.03406918
319	G	0.418	0.01757478
320	C	0.345	0.05818419
321	T	0.139	0.07472855
322	G	0.349	0.08078341
323	T	-0.404	0.05438855
324	G	-0.403	0.05242473
325	A	-0.512	0.03497889
326	T	0.379	-0.004857745
327	C	0.138	0.01821844
328	T	0.423	0.03660571
329	T	0.282	0.05171815
330	G	-0.064	0.0485317
331	G	0.472	0.03976529
332	T	0.405	0.02391756
333	A	-0.208	0.005594077
334	T	-0.297	0.03798985
335	T	-0.335	0.06966517
336	T	-0.445	0.1097276
337	G	-0.463	0.1105469
338	A	0.237	0.1246289
339	C	0.404	0.1187297
340	C	0.276	0.1014781
341	C	0.348	0.09405891
342	A	0.152	0.05371795
343	C	-0.209	0.01110727
344	A	-0.054	0.005550591
345	T	0.307	0.03806386
346	C	0.293	0.06645327
347	T	0.369	0.09721
348	C	0.397	0.1270168
349	C	0.448	0.1287503
350	C	0.293	0.1147624
351	T	-0.097	0.07861546
352	T	-0.227	0.05871075
353	T	-0.414	0.06668298
354	A	-0.531	0.05848443
355	A	-0.331	0.04927391
356	C	0.417	0.03454677
357	C	0.289	0.01742107
358	T	0.231	-0.004092064
359	G	0.192	-0.0052647
360	T	0.275	-0.006656064
361	G	0.096	-0.007448882
362	A	-0.519	0.01633655
363	T	-0.089	0.04530609
364	G	0.327	0.07307245
365	G	-0.389	0.09430113
366	A	-0.256	0.1296091
367	T	-0.016	0.1165723
368	G	-0.083	0.1129305
369	G	-0.104	0.08676695
370	C	0.371	0.08959418
371	C	0.417	0.09003995
372	A	0.276	0.08938768
373	C	0.425	0.1109666
374	T	0.409	0.0997691
375	G	0.196	0.06471428
376	G	-0.064	0.06193383
377	C	0.445	0.08424701
378	T	0.131	0.1040338
379	G	0.209	0.1278607
380	T	-0.344	0.1540648
381	G	0.254	0.1544331
382	C	0.285	0.1409849
383	A	0.082	0.1259765
384	C	-0.044	0.08315882
385	A	-0.335	0.04559223
386	T	-0.443	0.01274414
387	A	-0.450	0.005357141
388	T	0.234	0.005491777
389	C	0.419	0.005153959
390	T	0.440	-0.009184268
391	C	0.472	0.00128505
392	C	0.379	-0.01242433
393	T	0.121	-0.003851468
394	C	-0.053	0.008056427
395	A	-0.516	0.008360923
396	A	-0.416	0.0201655
397	A	-0.526	0.0383663
398	G	-0.227	0.03688066
399	C	0.448	0.03127907
400	A	0.123	0.01588049
401	G	-0.106	-0.004164645
402	A	-0.113	-0.03282955
403	G	-0.047	-0.0531883
404	G	0.474	-0.04610807
405	C	0.344	-0.02221885
406	A	-0.037	0.01556278
407	A	-0.075	0.04467765
408	C	-0.043	0.08320405
409	A	-0.483	0.09622348
410	A	0.111	0.07583239
411	C	0.080	0.09256039
412	C	0	0.07531916
 413	A	-0.158	0.0612777
414	A	-0.067	0.04346077
415	C	0.277	-0.0006489136
416	C	0.471	-0.03024214
417	T	0.315	-0.0459712
418	G	0.223	-0.03270488
419	T	0.321	-0.02898166
420	C	0.059	-6.061818e-05
421	A	0	-0.0064509
 422	T	0.491	-0.002578732
423	C	-0.485	-0.008293777
424	T	-0.422	-0.008566823
425	A	-0.439	-0.002197618
426	A	-0.496	-0.03162003
427	A	-0.306	-0.06267921
428	A	-0.383	-0.08325616
429	G	0.215	-0.07612321
430	G	0.038	-0.08101166
431	G	0.152	-0.06315931
432	G	-0.029	-0.04262086
433	A	0.165	-0.04874213
434	G	-0.125	-0.01380554
435	A	-0.164	0.007636691
436	T	0.072	0.006589418
437	T	-0.369	0.01432133
438	T	-0.211	0.03864742
439	G	-0.137	0.07348519
440	T	0.380	0.08322192
441	G	0.213	0.07890759
442	A	0.452	0.0707417
443	C	0.451	0.0479068
444	T	0.357	0.0265599
445	G	0.283	0.01514249
446	T	0.049	0.001087714
447	T	-0.462	-0.006020664
448	A	-0.326	-0.0111568
449	G	0.228	0.0190772
450	C	0.382	0.007120473
451	T	0.430	0.008521245
452	A	-0.056	0.0109367
453	C	-0.026	-0.02162357
454	A	-0.531	-0.05477103
455	A	-0.304	-0.08599257
456	G	-0.376	-0.1208526
457	A	-0.473	-0.1277852
458	A	-0.084	-0.1264221
459	G	-0.482	-0.1218874
460	T	0.453	-0.142271
461	G	-0.400	-0.1539581
462	T	0.411	-0.1717288
463	T	0.266	-0.1715229
464	T	-0.264	-0.1911483
465	T	-0.277	-0.1846182
466	T	-0.329	-0.1911564
467	A	-0.483	-0.1912685
468	C	-0.103	-0.1830624
469	A	-0.432	-0.1875585
470	G	-0.226	-0.1649966
471	A	-0.219	-0.2005383
472	G	0.125	-0.1621358
473	G	0.039	-0.1781938
474	G	-0.051	-0.1836253
475	A	-0.458	-0.1568716
476	T	-0.388	-0.1253309
477	A	-0.448	-0.1259614
478	A	-0.379	-0.09191338
479	T	-0.292	-0.06887643
480	T	-0.183	-0.03347006
481	G	0.013	-0.0323177
482	G	-0.328	-0.03194388
483	T	0.444	-0.05659375
484	T	0.058	-0.06298679
485	G	0.147	-0.05617614
486	C	0.324	-0.02540277
487	T	0.416	0.006394364
488	G	-0.343	0.04032995
489	G	0.265	0.067995
490	G	0.403	0.06846377
491	G	0.346	0.09587836
492	T	-0.201	0.1112672
493	G	-0.211	0.1138383
494	A	-0.416	0.1007528
495	C	-0.101	0.094884
496	A	0.098	0.08180104
497	G	0.218	0.06812819
498	C	0.311	0.05907287
499	C	0.298	0.09309714
500	A	0.229	0.06612646
501	C	-0.282	0.04356966
502	A	0.419	0.0353183
503	C	0.351	0.06240511
504	C	-0.271	0.05261984
505	A	0.156	0.06738194
506	C	-0.070	0.06145312
507	A	-0.140	0.06363741
508	G	0.023	0.06745569
509	C	0.217	0.07209373
510	T	0.404	0.07403187
511	G	-0.328	0.0665312
512	G	-0.092	0.06590183
513	T	0.165	0.03715015
514	G	0.394	0.03109783
515	A	-0.426	0.0618716
516	G	-0.091	0.0747417
517	A	-0.231	0.095838
518	T	0.146	0.09918614
519	G	0.302	0.1056201
520	C	0.413	0.0881824
521	T	0.341	0.0510245
522	C	0.064	0.06222176
523	A	-0.296	0.05160315
524	A	-0.212	0.03838979
525	G	0.218	0.02844015
526	C	0.405	0.03333229
527	T	0.439	0.01896237
528	G	0.393	0.03501924
529	G	-0.066	0.0276175
530	T	0.165	0.02910023
531	G	-0.166	0.0305945
532	A	-0.412	0.02124291
533	G	-0.081	0.0195656
534	A	-0.326	0.05154719
535	T	-0.125	0.07819005
536	G	0.175	0.08476169
537	G	-0.319	0.08580137
538	A	-0.407	0.08530796
539	T	0.121	0.08141823
540	G	-0.016	0.09518373
541	C	0.334	0.1093963
542	C	0.446	0.137226
543	T	0.135	0.1519091
544	G	0.027	0.1733785
545	C	0.407	0.207629
546	T	0.373	0.209609
547	C	0.363	0.2011097
548	C	0.428	0.1926455
549	C	0.428	0.200727
550	T	0.307	0.1929511
551	C	0.236	0.193707
552	C	0.477	0.193434
553	T	0.445	0.1929926
554	T	-0.089	0.1806386
555	C	0.390	0.168495
556	C	0.427	0.1555731
557	T	-0.082	0.1357814
558	T	-0.011	0.1294444
559	C	-0.505	0.1063011
560	A	-0.230	0.08147913
561	T	-0.049	0.0750749
562	G	0	0.07459085
 563	G	0.328	0.06527322
564	T	0.436	0.05463922
565	G	-0.136	0.06979117
566	T	-0.239	0.06532999
567	T	0.122	0.02454949
568	C	-0.061	0.03696826
569	A	0.223	0.05491456
570	T	-0.081	0.08732552
571	G	-0.117	0.1198138
572	G	0.166	0.1032888
573	T	0.225	0.09139921
574	G	0.272	0.09064662
575	G	0.211	0.08646067
576	G	0.243	0.1090904
577	G	0.292	0.132098
578	G	-0.470	0.1452157
579	A	0.191	0.1386245
580	G	0.383	0.1112968
581	C	0.207	0.1029663
582	T	0.484	0.1163397
583	G	-0.413	0.1021763
584	A	-0.261	0.09725559
585	G	0.312	0.08403303
586	G	0.344	0.06253935
587	T	0.361	0.0282043
588	C	0.266	-0.001589377
589	C	0.411	0.0145563
590	A	-0.206	0.01042662
591	T	-0.377	0.0111773
592	A	-0.264	0.02100767
593	G	0.176	0.01263662
594	A	-0.144	0.04042785
595	C	0.117	0.0731994
596	A	-0.018	0.07925826
597	G	-0.260	0.04913635
598	A	-0.511	0.01424803
599	A	-0.363	-0.01944279
600	G	-0.114	-0.05910533
601	T	0.100	-0.0497042
602	C	0.400	-0.03433372
603	G	0.423	-0.00898445
604	G	0.300	0.00092155
605	G	0.198	0.009043677
606	G	0.459	0.02252845
607	C	0.445	0.03656092
608	A	-0.318	0.03892587
609	A	-0.406	0.05830439
610	A	-0.474	0.05585375
611	T	-0.461	0.04079848
612	G	0	0.02486075
 613	G	-0.039	0.01402971
614	C	0.293	0.009426482
615	A	0.394	0.01478153
616	A	0.034	0.02512207
617	C	0.413	-0.002201109
618	T	0.290	-0.009154336
619	G	-0.208	-0.005814564
620	T	-0.085	0.01474118
621	T	-0.417	0.0178025
622	A	-0.446	0.01970518
623	A	-0.250	0.007430091
624	C	0.162	0.01781148
625	C	0.322	0.002749914
626	T	0.418	-0.005280814
627	G	0.425	-0.0002381227
628	G	-0.141	-0.009349668
629	A	0.292	-0.002890577
630	G	-0.244	0.02716915
631	G	0.046	0.05149545
632	A	-0.407	0.0648765
633	T	-0.419	0.08584084
634	A	-0.270	0.1209667
635	C	0.189	0.1200525
636	A	-0.037	0.1194445
637	T	0.217	0.08388747
638	G	0.144	0.04901288
639	G	0.213	0.05450347
640	T	0.432	0.04661715
641	C	0.452	0.07161974
642	T	0.449	0.09134568
643	T	-0.122	0.1175213
644	T	0.015	0.1531934
645	C	0.522	0.1805615
646	T	0.141	0.1528701
647	T	0.309	0.1414502
648	T	-0.364	0.1497492
649	G	-0.341	0.1484802
650	A	-0.020	0.1556427
651	A	0.119	0.1484187
652	T	0.305	0.1444809
653	C	0.480	0.1310938
654	T	0.168	0.1139435
655	G	0.365	0.1261822
656	T	0.332	0.09585936
657	T	-0.419	0.1130984
658	T	-0.289	0.0884145
659	T	0.400	0.0909349
660	G	0.117	0.09104686
661	T	0.370	0.07444005
662	G	0.273	0.05456118
663	C	0.365	0.05257523
664	A	0.155	0.04509695
665	T	-0.499	0.05623923
666	T	0.284	0.05900814
667	C	-0.144	0.03820468
668	T	0.521	0.05958469
669	T	-0.233	0.08612414
670	T	-0.308	0.07264178
671	T	-0.339	0.05649687
672	G	-0.386	0.01560341
673	A	-0.318	0.001488955
674	G	0.261	-0.02727923
675	C	0.315	-0.01436914
676	T	0.413	0.01552445
677	G	0.426	-0.006703
678	G	-0.125	-0.02197991
679	A	0.050	-0.0436892
680	C	0.294	-0.03857292
681	G	0.103	-0.004329695
682	T	-0.238	0.02662921
683	T	-0.528	0.06678758
684	A	-0.036	0.09652349
685	G	-0.267	0.06444703
686	C	0.439	0.03165494
687	A	0.157	0.03681694
688	C	-0.204	0.02629762
689	A	-0.480	0.04621176
690	A	0.043	0.05648407
691	C	-0.121	0.03008835
692	A	0.444	0.03894898
693	T	0.341	0.04801675
694	C	0.497	0.09064115
695	T	0.336	0.09130764
696	A	-0.444	0.1222308
697	A	-0.405	0.113426
698	C	0.527	0.1146731
699	G	0.194	0.1304004
700	T	0.312	0.1473103
701	C	0.276	0.1556647
702	A	-0.286	0.1767317
703	A	0.298	0.1640495
704	T	-0.038	0.1637736
705	G	0.408	0.1437789
706	G	-0.022	0.134523
707	T	0.413	0.1731303
708	C	0.245	0.1994953
709	T	0.185	0.167382
710	C	0.141	0.1788391
711	A	-0.108	0.1829197
712	G	0.227	0.1799715
713	C	0.342	0.2019028
714	T	0.165	0.209562
715	G	0.335	0.2113186
716	T	0.057	0.1691619
717	G	0.132	0.1536382
718	T	0.405	0.1185536
719	T	0.174	0.1059136
720	G	-0.179	0.1038955
721	T	0.447	0.1053159
722	T	0.402	0.1045806
723	T	0.211	0.1035043
724	C	0.196	0.07808712
725	T	0.467	0.07947985
726	T	0	0.07122089
 727	T	-0.518	0.08300883
728	A	-0.363	0.07424434
729	G	-0.358	0.03799111
730	A	-0.032	0.006729927
731	T	0.140	0.008197291
732	C	0.172	0.0057267
733	A	-0.124	0.004115291
734	T	0.203	-0.01428003
735	G	-0.217	-0.03886075
736	T	0.196	-0.08000335
737	C	0.154	-0.09493194
738	A	0.316	-0.08981057
739	G	-0.060	-0.09315716
740	A	-0.392	-0.09913853
741	A	-0.513	-0.1098707
742	A	-0.147	-0.1329241
743	G	0.392	-0.1341332
744	T	0.366	-0.1197271
745	G	-0.193	-0.1089186
746	A	-0.344	-0.0816864
747	A	-0.437	-0.07039177
748	G	-0.328	-0.0660285
749	A	-0.405	-0.06066518
750	A	-0.437	-0.04010282
751	A	-0.490	-0.01148095
752	T	-0.268	0.03259955
753	A	-0.366	0.03566632
754	G	0.146	0.02284469
755	T	0.192	0.01457887
756	C	0.441	0.02792146
757	T	0.382	0.02275128
758	C	0.444	0.06282119
759	T	0.250	0.0922316
760	C	0.434	0.1268968
761	T	0.391	0.1531611
762	C	0.237	0.1921544
763	T	0.456	0.2292701
764	T	-0.079	0.2615035
765	T	0.110	0.2548669
766	C	0.184	0.2285557
767	T	0.100	0.1853046
768	G	-0.458	0.1894502
769	T	0.443	0.1867355
770	C	0.318	0.1841296
771	T	0.356	0.1643721
772	C	0.140	0.1677602
773	T	0.367	0.1729025
774	C	0.547	0.1722576
775	T	0.342	0.1939515
776	A	0	0.2044885
 777	T	-0.386	0.1979333
778	G	-0.510	0.2016082
779	T	0.473	0.20282
780	T	0.385	0.2068036
781	T	0.192	0.1923218
782	C	0	0.1773572
 783	T	0.466	0.1738487
784	C	0.350	0.157139
785	T	0.442	0.1124977
786	C	0.397	0.1171186
787	T	0.342	0.1371288
788	G	0.040	0.1639563
789	T	0.181	0.2073361
790	G	-0.431	0.1950567
791	T	0.531	0.1811283
792	T	0	0.1894977
 793	T	0.027	0.1922864
794	C	0.063	0.1905234
795	T	0	0.1925302
 796	G	-0.434	0.1879365
797	T	0.444	0.1509741
798	C	0.440	0.1211556
799	T	0.203	0.1335132
800	C	0.444	0.1385847
801	T	0.203	0.1645223
802	C	0.078	0.1604715
803	A	0.376	0.1806441
804	C	0.061	0.2013784
805	T	0.427	0.2228156
806	C	0.394	0.2345131
807	T	0.341	0.2422021
808	G	-0.415	0.2206562
809	T	-0.313	0.2067006
810	G	0.312	0.1901568
811	T	0.292	0.1806657
812	G	0.139	0.184101
813	T	0.442	0.1879297
814	C	0.443	0.1909682
815	T	0.483	0.200825
816	G	0.535	0.1987134
817	T	0.257	0.1999984
818	A	-0.264	0.2041566
819	T	-0.029	0.244289
820	T	0.133	0.2660724
821	T	-0.160	0.2469548
822	C	0.235	0.23454
823	T	0.278	0.2408694
824	G	0.162	0.2247485
825	T	0.443	0.2082374
826	C	0.278	0.2077345
827	T	0.381	0.1903731
828	C	0.422	0.198777
829	T	0.432	0.2309976
830	C	0.467	0.2513697
831	T	0.165	0.2592657
832	G	-0.107	0.2857942
833	T	0.019	0.2844167
834	G	0.278	0.292072
835	T	0.087	0.3019504
836	G	0.080	0.2928577
837	T	0.472	0.3009142
838	G	0.153	0.2906664
839	T	0.442	0.2923757
840	C	0.443	0.2862415
841	T	0.418	0.2819241
842	G	0.306	0.275862
843	T	0.423	0.2774901
844	G	0.205	0.3007797
845	T	0.447	0.2939148
846	C	0.380	0.2985618
847	T	0.243	0.3121202
848	C	0.455	0.2993992
849	T	0.155	0.2699232
850	G	0.460	0.2607333
851	T	0.297	0.2498989
852	T	0.372	0.2511978
853	T	0.032	0.2480416
854	C	-0.072	0.2484025
855	T	0.532	0.2587346
856	T	0.127	0.2592156
857	T	0.189	0.2476227
858	C	0.378	0.2596562
859	T	0.192	0.2541776
860	G	-0.495	0.2657311
861	T	0.240	0.2651553
862	G	0.205	0.2651223
863	T	0.447	0.2606745
864	C	0.237	0.2761911
865	T	0.431	0.3001613
866	C	0.432	0.2941694
867	T	0.457	0.2942986
868	G	0.125	0.3026509
869	T	0.508	0.3061211
870	G	0.334	0.3155489
871	T	0.409	0.3439863
872	C	0.447	0.3500579
873	T	0.296	0.3612488
874	G	0.274	0.345025
875	T	0.373	0.3257058
876	C	0.455	0.3272336
877	T	0.400	0.326944
878	G	0.130	0.3271282
879	T	0.373	0.3369168
880	C	0.455	0.3361919
881	T	0.400	0.3390732
882	G	0.130	0.3238984
883	T	0.373	0.2834934
884	C	0.451	0.253905
885	T	0.090	0.2356121
886	G	-0.187	0.2062854
887	T	0.464	0.2011433
888	C	0.426	0.1726473
889	T	0.461	0.1535251
890	C	0.340	0.1403303
891	T	0.492	0.1298135
892	C	0.398	0.1172416
893	T	0.076	0.1277523
894	T	-0.441	0.1187471
895	A	-0.354	0.1145738
896	G	-0.127	0.1068195
897	A	-0.271	0.1040273
898	C	0.342	0.08290682
899	A	-0.226	0.08378241
900	A	-0.290	0.05367659
901	G	0.083	0.02944373
902	G	0.223	0.01206191
903	T	0.123	0.01190832
904	C	0.361	0.02226515
905	T	0.175	0.05258234
906	C	0.359	0.07891729
907	A	-0.080	0.09935375
908	T	-0.248	0.1316383
909	G	0	0.1316993
 910	C	0.445	0.131691
911	A	-0.200	0.1509396
912	G	-0.192	0.1597495
913	T	0.110	0.1649789
914	C	0.394	0.1695358
915	C	0.303	0.1699901
916	A	0.225	0.1759108
917	G	0.225	0.1682143
918	G	0.321	0.1915321
919	C	0.438	0.2203463
920	T	0.343	0.2402863
921	G	-0.226	0.237583
922	G	0.133	0.2526478
923	C	0.277	0.2565432
924	C	0.338	0.2333133
925	T	0.223	0.1909327
926	C	0.371	0.1641343
927	T	0.305	0.1589682
928	G	0.190	0.1415846
929	C	0.432	0.1462973
930	C	0.384	0.1283098
931	C	0.438	0.1037041
932	C	0.385	0.09480369
933	C	0.130	0.06476942
934	C	-0.106	0.03219001
935	A	-0.400	0.01845947
936	A	-0.537	-0.005174577
937	A	-0.285	-0.007761123
938	T	0.112	-0.004867259
939	G	-0.157	-0.006507941
940	C	0.425	-0.02393731
941	T	0.042	-0.03078272
942	A	-0.197	-0.04826583
943	G	-0.422	-0.05543374
944	A	-0.527	-0.06433756
945	A	-0.439	-0.05605722
946	T	0.036	-0.03508126
947	G	-0.296	-0.0006933091
948	C	0.314	0.03063778
949	C	0.369	0.02553669
950	A	0.154	0.03577967
951	G	0.049	0.02816576
952	G	0.234	0.03686766
953	A	0.054	0.04586435
954	G	0.228	0.07381989
955	T	-0.065	0.1156477
956	G	0.075	0.1459014
957	T	0.060	0.1642453
958	T	0.219	0.1986077
959	C	0.403	0.2058024
960	C	0	0.1745484
 961	A	0.068	0.1653624
962	C	0.257	0.1442326
963	C	0.234	0.1405216
964	A	0	0.1160314
 965	G	0.192	0.09320845
966	G	0.392	0.1079345
967	C	0.225	0.1203131
968	C	0.440	0.1193046
969	T	0.459	0.1166167
970	G	0.472	0.08826556
971	A	-0.318	0.07125438
972	T	-0.047	0.05079903
973	T	-0.415	0.02476271
974	T	0.152	0.02360471
975	A	-0.484	0.0259442
976	T	-0.273	0.009851018
977	G	0.258	-0.003295209
978	C	0.347	-0.006714118
979	A	0.038	-0.01974762
980	A	0.159	-0.05480853
981	T	-0.220	-0.09606812
982	G	-0.374	-0.1022198
983	A	-0.381	-0.09474116
984	G	-0.314	-0.05698939
985	T	0.208	-0.05794211
986	G	0.051	-0.01933757
987	G	-0.161	0.0118852
988	A	0.103	0.0162163
989	C	0.150	-0.0009586864
990	T	0.153	0.01478096
991	A	-0.311	0.0230495
992	G	-0.434	0.04420696
993	A	-0.453	0.07732023
994	A	0.116	0.09855746
995	C	0.414	0.09911978
996	C	0.131	0.06502464
997	C	0.364	0.05071947
998	A	0.413	0.07603256
999	G	0.354	0.08896429
1000	G	-0.030	0.09690002
1001	G	0.384	0.09245299
1002	C	0.341	0.1250269
1003	C	0.245	0.1618821
1004	T	0.354	0.1892536
1005	C	0.085	0.1664469
1006	A	-0.302	0.1325843
1007	A	-0.541	0.1049369
1008	G	-0.263	0.06979662
1009	C	0.395	0.06695412
1010	A	0.387	0.03868485
1011	C	0.325	0.03104533
1012	A	0.055	0.01915038
1013	C	0.405	0.01795324
1014	C	0.375	0.01139833
1015	A	0.148	0.001233559
1016	G	-0.384	0.004676286
1017	A	-0.330	0.03395733
1018	A	-0.476	0.0741361
1019	A	-0.408	0.0699732
1020	T	0.350	0.04905254
1021	A	-0.267	0.0307458
1022	T	-0.198	0.02935925
1023	T	0.122	0.03162888
1024	A	0.315	0.02143833
1025	G	0.101	0.02147083
1026	T	0.130	0.01471251
1027	C	0.161	0.03534837
1028	A	0.341	0.06237787
1029	C	0.342	0.07261505
1030	A	-0.354	0.07948219
1031	T	-0.065	0.06773213
1032	T	-0.014	0.06806168
1033	T	0.294	0.08179736
1034	C	0.105	0.05899781
1035	T	0.181	0.032031
1036	T	0.376	0.005102632
1037	C	0	-0.02133564
 1038	T	0.069	-0.0465141
1039	T	0.264	-0.05827624
1040	G	-0.251	-0.05369488
1041	T	-0.257	-0.0176052
1042	G	0.091	0.0008292773
1043	A	-0.260	-0.01351271
1044	C	0.103	-0.04628335
1045	A	-0.378	-0.05403128
1046	A	-0.277	-0.08504755
1047	A	-0.491	-0.1111024
1048	A	-0.451	-0.1278319
1049	T	-0.392	-0.1426376
1050	A	0.082	-0.1748245
1051	C	0.443	-0.1443303
1052	C	0.439	-0.1161595
1053	C	0.340	-0.102166
1054	A	-0.330	-0.06893253
1055	A	-0.426	-0.0556533
1056	C	-0.064	-0.03844194
1057	A	-0.501	-0.04318271
1058	A	-0.196	-0.004517759
1059	G	-0.368	0.02374556
1060	A	-0.256	0.05176224
1061	A	-0.443	0.06144702
1062	G	0.419	0.04667975
1063	C	0.362	0.01773766
1064	A	0.399	-0.01654189
1065	C	0.470	-0.02250475
1066	C	0.396	-0.02684634
1067	T	0	-0.0325325
 1068	T	-0.382	-0.003701455
1069	C	0.359	-0.0004233182
1070	G	0.170	0.005557409
1071	G	0.223	0.03723464
1072	G	0.295	0.06453523
1073	G	0.118	0.05519564
1074	A	-0.197	0.05481723
1075	G	-0.413	0.0330766
1076	A	-0.461	-0.00773695
1077	A	-0.521	-0.01791986
1078	A	-0.189	-0.0004945864
1079	G	0.132	0.01413974
1080	T	-0.124	0.0152166
1081	G	-0.236	0.02787788
1082	G	0.440	0.03707933
1083	T	0.156	0.0421806
1084	T	0.214	0.05018942
1085	T	0.353	0.06709179
1086	T	-0.078	0.06763483
1087	T	-0.427	0.06745988
1088	C	0.172	0.1081023
1089	T	0.383	0.1216289
1090	G	-0.060	0.1364463
1091	A	0.383	0.1445281
1092	C	0.449	0.167813
1093	T	0.425	0.1631954
1094	C	0.408	0.1741657
1095	A	0.294	0.1868324
1096	C	0.174	0.1728515
1097	A	-0.401	0.1825038
1098	G	-0.465	0.1864278
1099	T	0.372	0.1833682
1100	T	0.107	0.1423389
1101	C	0.458	0.1216469
1102	T	0.053	0.1086025
1103	G	0.275	0.08613821
1104	T	0.338	0.05595444
1105	C	0.398	0.0566514
1106	C	0.492	0.03272612
1107	G	0.046	0.02195705
1108	T	0.133	0.03487505
1109	C	-0.340	0.04583078
1110	A	0.104	0.01339415
1111	A	-0.519	0.01386619
1112	A	-0.515	0.01117087
1113	G	0.096	0.01293945
1114	T	-0.044	0.01936209
1115	G	-0.238	0.006729273
1116	A	0.423	0.003279864
1117	G	-0.231	-0.004436318
1118	G	-0.062	0.0113254
1119	A	-0.117	0.01786263
1120	A	-0.224	0.04944254
1121	G	-0.341	0.04584996
1122	A	0.118	0.06119096
1123	C	0.399	0.09091383
1124	T	0.092	0.09553958
1125	T	0.417	0.1144926
1126	G	0.060	0.1386348
1127	G	0.322	0.1288776
1128	C	0.323	0.1363684
1129	T	0.393	0.1392161
1130	T	0.277	0.1438467
1131	C	0.353	0.1552186
1132	A	0.025	0.1695827
1133	G	-0.181	0.1829348
1134	G	0.138	0.1744586
1135	C	0.197	0.1901057
1136	C	0.372	0.1719508
1137	T	0.293	0.1555572
1138	G	0.208	0.1331221
1139	G	-0.066	0.1080756
1140	G	0	0.1048879
 1141	A	-0.015	0.1020395
1142	G	0.025	0.1051389
1143	G	-0.025	0.1188543
1144	C	0.411	0.141483
1145	G	0.213	0.1564348
1146	T	0.436	0.1671463
1147	G	0.017	0.1480282
1148	G	-0.299	0.1500733
1149	T	-0.171	0.1475723
1150	A	-0.227	0.1485634
1151	G	0.323	0.1554359
1152	G	0.215	0.1715865
1153	G	0.422	0.1841959
1154	C	0.327	0.1748985
1155	C	0.316	0.1680079
1156	G	0.467	0.1677443
1157	T	0.433	0.1550895
1158	G	-0.048	0.1575244
1159	T	0.338	0.1682309
1160	G	0.153	0.1970564
1161	G	-0.044	0.210095
1162	T	0.151	0.1718476
1163	T	0.339	0.1482549
1164	T	0.303	0.1191206
1165	G	-0.229	0.1173918
1166	C	0.260	0.1159503
1167	A	0.207	0.0877748
1168	T	0.158	0.08768558
1169	T	0.071	0.1064426
1170	G	-0.064	0.108496
1171	C	0.463	0.1047729
1172	T	0.058	0.0982532
1173	T	-0.518	0.09544765
1174	A	-0.304	0.06500297
1175	G	-0.218	0.03593933
1176	G	0.289	0.0480012
1177	T	0.284	0.03038306
1178	G	-0.152	0.02758956
1179	T	0.431	-0.002556573
1180	C	0.364	-0.01873067
1181	C	0.383	-0.03905359
1182	T	0.071	-0.0433245
1183	G	-0.188	-0.0692144
1184	G	0.089	-0.05546626
1185	A	-0.330	-0.05147962
1186	A	-0.336	-0.05404971
1187	G	0.035	-0.07714326
1188	G	-0.127	-0.0951159
1189	A	0.145	-0.07431871
1190	G	-0.505	-0.08852326
1191	A	-0.284	-0.115623
1192	G	-0.511	-0.1242892
1193	A	0.369	-0.1264659
1194	G	-0.510	-0.1179067
1195	A	-0.215	-0.1371172
1196	G	-0.216	-0.1330769
1197	A	-0.275	-0.1351254
1198	G	-0.218	-0.1567555
1199	A	-0.111	-0.1647638
1200	C	0.305	-0.1567787
1201	A	0.119	-0.1559852
1202	G	-0.232	-0.1284323
1203	A	0.192	-0.1273531
1204	C	0.023	-0.1295109
1205	A	0	-0.128461
 1206	G	-0.333	-0.1040276
1207	A	-0.241	-0.1163605
1208	G	-0.381	-0.08922163
1209	A	-0.440	-0.1014471
1210	G	-0.303	-0.08178109
1211	A	0.321	-0.1178189
1212	G	-0.487	-0.1086152
1213	A	0.321	-0.1202315
1214	G	-0.487	-0.1143679
1215	A	0.321	-0.1376215
1216	G	-0.487	-0.1230039
1217	A	0.321	-0.1300251
1218	G	-0.487	-0.1044435
1219	A	0.321	-0.1092727
1220	G	-0.487	-0.07465005
1221	A	0.321	-0.0830195
1222	G	-0.487	-0.0830195
1223	A	0.321	-0.0830195
1224	G	-0.487	-0.0830195
1225	A	0.321	-0.0830195
1226	G	-0.487	-0.0830195
1227	A	0.321	-0.0830195
1228	G	-0.487	-0.0830195
1229	A	0.321	-0.0830195
1230	G	-0.487	-0.0830195
1231	A	0.321	-0.0830195
1232	G	-0.487	-0.0830195
1233	A	0.321	-0.08406941
1234	G	-0.487	-0.1085028
1235	A	0.321	-0.09616982
1236	G	-0.487	-0.1233087
1237	A	0.321	-0.1123131
1238	G	-0.487	-0.1188051
1239	A	0.321	-0.08797091
1240	G	-0.487	-0.08963477
1241	A	0.321	-0.0852715
1242	G	-0.487	-0.1108531
1243	A	0.321	-0.1060239
1244	G	-0.510	-0.1406466
1245	A	-0.215	-0.1322771
1246	G	-0.216	-0.1322771
1247	A	-0.275	-0.1322771
1248	G	-0.245	-0.1322771
1249	A	0.178	-0.1322771
1250	C	0.190	-0.1322771
1251	A	0.284	-0.1322771
1252	G	-0.391	-0.1322771
1253	A	-0.241	-0.133327
1254	G	-0.381	-0.1577604
1255	A	-0.440	-0.1443775
1256	G	-0.303	-0.1470831
1257	A	0.321	-0.1484204
1258	G	-0.487	-0.1277735
1259	A	0.321	-0.107935
1260	G	-0.487	-0.1031068
1261	A	0.321	-0.1295777
1262	G	-0.487	-0.1534955
1263	A	0.321	-0.1530295
1264	G	-0.510	-0.1620706
1265	A	-0.215	-0.1585304
1266	G	-0.216	-0.1239077
1267	A	-0.275	-0.133327
1268	G	-0.245	-0.1577604
1269	A	0.178	-0.1454275
1270	C	0.190	-0.1725664
1271	A	0.284	-0.1615707
1272	G	-0.391	-0.1680628
1273	A	-0.241	-0.1372285
1274	G	-0.381	-0.1388924
1275	A	-0.440	-0.1334792
1276	G	-0.303	-0.1346275
1277	A	0.321	-0.1421312
1278	G	-0.510	-0.149615
1279	A	-0.215	-0.1522412
1280	G	-0.216	-0.1457491
1281	A	-0.275	-0.1765834
1282	G	-0.245	-0.1749195
1283	A	0.178	-0.1792828
1284	C	0.190	-0.180793
1285	A	0.284	-0.1866003
1286	G	-0.391	-0.184252
1287	A	-0.241	-0.1773298
1288	G	-0.381	-0.203567
1289	A	-0.440	-0.1681106
1290	G	-0.303	-0.1419705
1291	A	0.321	-0.115872
1292	G	-0.487	-0.105105
1293	A	0.321	-0.1151569
1294	G	-0.487	-0.1459964
1295	A	-0.274	-0.1690182
1296	G	-0.509	-0.1862087
1297	A	-0.388	-0.1880703
1298	G	-0.151	-0.1887258
1299	A	-0.255	-0.1591486
1300	G	0.269	-0.1228192
1301	G	0.359	-0.08959156
1302	C	0.357	-0.1036898
1303	A	-0.038	-0.08844816
1304	G	-0.466	-0.1141482
1305	A	-0.499	-0.1083877
1306	G	-0.315	-0.09887408
1307	A	-0.093	-0.08022962
1308	G	-0.432	-0.04961907
1309	A	-0.255	-0.06054748
1310	G	0.269	-0.05989194
1311	G	0.359	-0.08946916
1312	C	0.427	-0.1257986
1313	A	0.011	-0.1558606
1314	G	-0.152	-0.1394887
1315	A	-0.243	-0.1404325
1316	G	-0.360	-0.1031009
1317	A	-0.065	-0.1109133
1318	C	-0.098	-0.09205897
1319	A	0.284	-0.09456065
1320	G	-0.391	-0.06832347
1321	A	-0.241	-0.1037798
1322	G	-0.381	-0.1299199
1323	A	-0.440	-0.1591841
1324	G	-0.303	-0.1722247
1325	A	0.321	-0.1764707
1326	G	-0.487	-0.1572628
1327	A	0.321	-0.139725
1328	G	-0.487	-0.147794
1329	A	0.321	-0.1573875
1330	G	-0.487	-0.1765364
1331	A	0.321	-0.1573847
1332	G	-0.510	-0.1530802
1333	A	-0.215	-0.1239667
1334	G	-0.216	-0.09854775
1335	A	-0.275	-0.09116534
1336	G	-0.245	-0.1017251
1337	A	0.178	-0.07169495
1338	C	0.024	-0.08177788
1339	A	-0.242	-0.0710177
1340	G	-0.310	-0.07688138
1341	A	-0.136	-0.050906
1342	G	0.029	-0.06638992
1343	A	-0.146	-0.05328438
1344	C	0.259	-0.04966379
1345	A	0.119	-0.03848179
1346	G	-0.141	-0.03261997
1347	A	0.089	-0.009672882
1348	C	0.173	-0.01238456
1349	A	0.099	-0.02406655
1350	G	-0.250	-0.004282955
1351	A	0.192	0.01361961
1352	C	0.083	0.01894845
1353	A	-0.019	0.007489141
1354	G	-0.222	0.007953459
1355	A	-0.136	-0.002474318
1356	G	0.029	-0.01454768
1357	A	-0.146	0.003643182
1358	C	0.259	0.00499925
1359	A	0.119	-0.01341461
1360	G	-0.232	-0.009195373
1361	A	0.192	0.003298041
1362	C	0.083	-0.005455868
1363	A	-0.019	-0.02440998
1364	G	-0.222	-0.03450769
1365	A	-0.136	-0.0417341
1366	G	0.029	-0.055544
1367	A	-0.146	-0.07064268
1368	C	0.259	-0.07379895
1369	A	0.119	-0.09540873
1370	G	-0.232	-0.1133439
1371	A	0.192	-0.1139646
1372	C	0.023	-0.114593
1373	A	0	-0.1097341
 1374	G	-0.333	-0.09591405
1375	A	-0.241	-0.1009658
1376	G	-0.381	-0.1092387
1377	A	-0.440	-0.128277
1378	G	-0.302	-0.1397988
1379	A	-0.215	-0.1655425
1380	G	-0.216	-0.1628308
1381	A	-0.275	-0.1511488
1382	G	-0.245	-0.1709324
1383	A	0.178	-0.1861132
1384	C	0.190	-0.1923084
1385	A	0.284	-0.185975
1386	G	-0.333	-0.1834978
1387	A	-0.318	-0.1661622
1388	G	-0.389	-0.1571868
1389	A	-0.399	-0.1575303
1390	G	-0.307	-0.1539097
1391	A	0.178	-0.1427277
1392	C	0.024	-0.1368659
1393	A	-0.242	-0.1139188
1394	G	-0.310	-0.1166305
1395	A	-0.136	-0.1317128
1396	G	-0.193	-0.1406088
1397	A	-0.186	-0.1175825
1398	C	0	-0.0985797
 1399	A	-0.242	-0.0922962
1400	G	-0.310	-0.06536097
1401	A	-0.136	-0.04758463
1402	G	0.029	-0.05657651
1403	A	-0.146	-0.06781918
1404	C	0.259	-0.06298468
1405	A	0.119	-0.04754255
1406	G	-0.141	-0.04800686
1407	A	0.089	-0.02741882
1408	C	0.173	-0.01351805
1409	A	0.099	-0.02406655
1410	G	-0.250	-0.004282955
1411	A	0.192	0.01089782
1412	C	0.083	0.017093
1413	A	-0.019	0.0005993273
1414	G	-0.222	-0.003705218
1415	A	-0.136	-0.03281872
1416	G	0.029	-0.05823767
1417	A	-0.146	-0.06557326
1418	C	0.259	-0.07944683
1419	A	0.119	-0.09714406
1420	G	-0.232	-0.1142
1421	A	0.192	-0.1126554
1422	C	0.023	-0.1244821
1423	A	0	-0.1154241
 1424	G	-0.333	-0.1193485
1425	A	-0.241	-0.1210767
1426	G	-0.381	-0.137733
1427	A	-0.440	-
1428	G	-0.302	-
1429	A	-0.215	-
1430	G	-0.216	-
1431	A	-0.275	-
1432	G	-0.216	-
1433	A	-0.067	-
1434	C	0.283	-
1435	A	-0.105	-
1436	G	-0.260	-
1437	A	-0.502	-
