1	C	0.394	-
2	C	0.282	-
3	G	0.190	-
4	A	-0.284	-
5	C	-0.196	-
6	A	-0.052	0.1717362
7	C	0.231	0.1424495
8	C	0.535	0.1259088
9	G	0.321	0.07312154
10	A	-0.078	0.12404
11	C	0.443	0.154536
12	C	0.273	0.1817873
13	G	0.042	0.1507538
14	G	0.084	0.1010213
15	A	-0.443	0.1059964
16	G	0.326	0.1505591
17	G	0.169	0.1247513
18	G	0.274	0.08754472
19	G	-0.140	0.1110448
20	A	-0.061	0.1389704
21	C	0.380	0.2116775
22	T	0.456	0.2057069
23	G	0.133	0.1827451
24	T	-0.173	0.181951
25	G	0.324	0.218061
26	C	0.419	0.196333
27	C	0.429	0.1668107
28	T	0.255	0.1573623
29	T	-0.106	0.1812628
30	C	0.264	0.2280052
31	C	0.292	0.1996838
32	A	-0.321	0.1515043
33	G	0.026	0.1602798
34	C	0.343	0.1756782
35	C	0.420	0.1845293
36	C	0.387	0.1435966
37	T	-0.015	0.1468878
38	G	-0.158	0.1927895
39	C	0.534	0.2146657
40	G	0.440	0.2186518
41	T	0	0.2133612
 42	C	-0.226	0.1685976
43	A	0.332	0.1916477
44	T	0.229	0.2220159
45	C	0.289	0.2070385
46	C	0.391	0.1253487
47	G	0.356	0.1029538
48	A	-0.149	0.1353905
49	G	0.261	0.1076984
50	G	0.205	0.1243263
51	C	0.355	0.1369739
52	A	-0.540	0.1388807
53	A	-0.268	0.1374671
54	G	0.162	0.1615247
55	G	0	0.1746764
 56	C	0.428	0.1941984
57	C	0.440	0.1792969
58	C	0.414	0.2469347
59	G	0.339	0.2918407
60	C	0.139	0.3127706
61	G	0.419	0.3480754
62	C	0.439	0.3268418
63	C	0.176	0.3165122
64	T	0.271	0.2558465
65	G	0.270	0.2459692
66	C	0.413	0.2502608
67	T	0.423	0.1964867
68	G	0.173	0.1849228
69	C	0.316	0.2077401
70	C	-0.313	0.2034942
71	T	0.221	0.1598567
72	T	0.190	0.1103407
73	G	-0.225	0.100117
74	G	0.300	0.07290292
75	C	0.450	0.0161405
76	T	0.220	0.01692325
77	T	-0.253	0.01741325
78	G	-0.180	0.0384455
79	C	0.300	0.08241675
80	A	-0.152	0.03347317
81	A	-0.364	-0.01303633
82	C	-0.304	-0.04485633
83	T	0.227	-0.06425267
84	C	0.443	-0.03642658
85	G	0.301	-0.07684817
86	G	-0.286	-0.05408733
87	G	-0.108	-0.01377867
88	A	-0.161	0.043966
89	A	-0.486	0.0514545
90	A	0.153	0.03344617
91	G	-0.184	0.01550855
92	T	0.120	0.04070987
93	T	0.119	0.07947203
94	C	0.388	0.1199196
95	T	0.316	0.1979535
96	C	0.226	0.2098102
97	A	0.086	0.2521152
98	G	0.016	0.2635764
99	G	0.357	0.2780643
100	C	0.324	0.2616035
101	T	0.450	0.2001577
102	T	0.295	0.1952245
103	C	0.323	0.2224047
104	C	0.257	0.2532684
105	C	0.293	0.2336821
106	C	0.190	0.2122169
107	A	-0.420	0.1941865
108	G	0.167	0.18528
109	C	0.412	0.1484054
110	T	0.386	0.1300351
111	T	0.122	0.1218939
112	G	0.066	0.1291285
113	C	0.233	0.1865391
114	A	0.189	0.1996143
115	C	-0.118	0.2008682
116	T	0.037	0.2066445
117	G	0.195	0.2340429
118	G	0.277	0.2566066
119	C	0.268	0.267338
120	A	0.324	0.258734
121	C	0.427	0.2966887
122	C	0.455	0.3079768
123	C	0.450	0.2997508
124	T	0.337	0.2401733
125	C	0.362	0.2309479
126	A	0.085	0.2239836
127	C	0.336	0.2175752
128	C	0.172	0.1841188
129	T	0.096	0.1806513
130	T	-0.437	0.1851545
131	T	0.157	0.1910208
132	C	0.241	0.2012296
133	C	0.350	0.1590303
134	T	0.054	0.1284652
135	G	0.409	0.09606147
136	C	0.391	0.1308702
137	C	0.432	0.07981311
138	T	0.208	0.01701677
139	G	-0.169	-0.02130322
140	G	-0.193	0.01109839
141	A	-0.291	0.01486956
142	C	-0.019	0.006649308
143	A	-0.454	0.001887892
144	A	-0.512	0.02418773
145	G	-0.109	0.03180777
146	C	0.443	0.06209377
147	T	0.454	0.1163761
148	G	0.292	0.15493
149	G	0.375	0.226325
150	C	0.475	0.3028751
151	G	-0.078	0.3426965
152	A	0.169	0.3428677
153	C	0.359	0.3441543
154	C	0.443	0.3072354
155	T	0.401	0.3105152
156	C	0.406	0.3087357
157	C	0.368	0.3323984
158	C	0.445	0.3508767
159	G	0.469	0.3573643
160	G	-0.150	0.3620443
161	T	0.415	0.3233692
162	C	0.454	0.2489403
163	C	0.205	0.192112
164	T	0.391	0.1488663
165	C	0.437	0.08861339
166	C	0.499	0.06576473
167	T	-0.062	-0.009538442
168	T	-0.486	-0.04540585
169	T	-0.313	-0.05567494
170	C	-0.073	-0.05586627
171	A	-0.253	-0.05549669
172	A	-0.424	-0.08480152
173	A	-0.488	-0.04666039
174	T	0.024	0.02439211
175	T	0.082	0.04458067
176	C	0.388	0.04058972
177	T	0.441	0.07849214
178	G	0.147	0.1496456
179	C	0.395	0.208011
180	T	0.365	0.220288
181	G	-0.070	0.1804248
182	G	-0.121	0.1139321
183	T	0.201	0.05588847
184	C	0.429	0.0459124
185	T	0.211	0.04356957
186	C	0.171	0.03335098
187	G	-0.396	0.06993226
188	A	-0.408	0.09542318
189	A	-0.254	0.1068544
190	A	0.027	0.07964884
191	T	0.367	0.05787327
192	C	0.243	0.06343593
193	T	0.368	0.1134675
194	G	0.184	0.1807466
195	C	0.338	0.2365524
196	T	0.102	0.2628678
197	G	-0.049	0.2582736
198	T	0.238	0.2429917
199	G	0.204	0.1879296
200	G	0.398	0.1496275
201	G	0.414	0.0938548
202	C	0.343	0.04993688
203	A	0.312	0.01718704
204	T	0.059	0.01443929
205	G	-0.292	0.02855896
206	G	-0.275	0.03185746
207	A	-0.330	0.03173221
208	A	-0.424	0.01760296
209	C	-0.442	0.004255125
210	G	0.205	0.01603608
211	C	0.373	0.06809483
212	C	0.438	0.1275121
213	T	0.413	0.1924323
214	C	0.174	0.2222874
215	A	0.152	0.2369288
216	G	0.201	0.2133428
217	C	0.332	0.1970733
218	T	0.437	0.1618639
219	C	0.448	0.1041328
220	T	-0.065	0.09080154
221	A	-0.266	0.1102524
222	G	-0.077	0.1164485
223	C	0.178	0.1250795
224	T	0.015	0.122717
225	A	-0.279	0.1254467
226	G	0.014	0.1505371
227	C	0.385	0.1456266
228	C	0.275	0.1192989
229	C	0.435	0.09490177
230	T	0.409	0.1046007
231	G	0.481	0.1705956
232	G	0.235	0.1517858
233	T	-0.325	0.1413978
234	A	-0.393	0.1531672
235	A	-0.114	0.1526046
236	C	0.131	0.1581
237	C	0.512	0.1531485
238	G	-0.211	0.1582527
239	A	0.260	0.2204905
240	C	0.416	0.288397
241	C	0.428	0.3357693
242	T	0.475	0.3455357
243	C	0.421	0.338975
244	A	0.296	0.3915364
245	C	0.421	0.390787
246	T	0.421	0.3888858
247	C	0.454	0.3724152
248	A	0.249	0.2914828
249	C	0.433	0.2586959
250	T	0.419	0.2322506
251	C	0.251	0.198656
252	C	0.393	0.1931202
253	T	0.231	0.1914381
254	C	-0.496	0.1730252
255	A	0.028	0.1019521
256	G	-0.020	0.06982637
257	G	0.018	0.07967412
258	G	0.354	0.08572445
259	C	0.434	0.0517512
260	T	0.028	0.120515
261	A	-0.419	0.1603615
262	A	0.033	0.1422046
263	C	0.369	0.1641106
264	T	0.466	0.1685562
265	G	-0.176	0.1733461
266	T	0.329	0.1479557
267	G	0.506	0.186774
268	G	-0.238	0.1673467
269	A	0.280	0.1790861
270	T	0.408	0.1420561
271	C	0.491	0.1217865
272	A	-0.276	0.08777243
273	T	0.046	0.02668035
274	T	-0.199	0.03106385
275	C	0.510	0.005301558
276	A	0.022	-0.04102803
277	T	-0.419	-0.06600877
278	T	-0.079	-0.02951052
279	T	-0.226	-0.03340471
280	C	-0.186	-0.04967396
281	A	-0.028	-0.105685
282	T	-0.147	-0.08931491
283	C	0.191	-0.02177433
284	G	0.161	-0.01034949
285	C	0	0.008520925
 286	A	-0.394	0.008239675
287	A	-0.161	0.01557074
288	G	0.218	0.01381707
289	C	0.390	-0.04567951
290	G	0.058	-0.04494601
291	A	0	-0.02182609
 292	G	-0.189	0.03864366
293	G	0.059	0.08125607
294	T	-0.168	0.09826316
295	A	-0.522	0.08601674
296	A	0.170	0.06072402
297	C	0.277	0.05042977
298	C	0.330	0.05909073
299	T	0.350	0.09079454
300	G	0.422	0.1162461
301	T	0.243	0.1722948
302	G	-0.245	0.1546876
303	C	-0.123	0.1620601
304	A	-0.085	0.1431491
305	C	0.440	0.1027558
306	T	0.136	0.08161331
307	G	0.150	0.07051214
308	A	-0.041	0.125035
309	G	0.365	0.1635125
310	C	0.104	0.1879339
311	A	-0.134	0.1561973
312	G	0.168	0.1874636
313	T	0.110	0.1804278
314	C	0.408	0.1756845
315	A	0.338	0.1822047
316	G	0.207	0.1888716
317	T	0.059	0.2186
318	C	0.511	0.2440162
319	G	0.065	0.1986717
320	A	-0.097	0.1634762
321	T	0.444	0.1456293
322	G	0.184	0.1235837
323	G	0.222	0.1238835
324	T	0.473	0.1040669
325	G	-0.433	0.1268702
326	G	-0.013	0.1685612
327	T	0.124	0.1372201
328	T	-0.057	0.1534227
329	C	0.062	0.1182471
330	T	0.273	0.04409907
331	C	0.339	0.06282207
332	G	0.402	0.04331588
333	G	0.068	0.03297955
334	G	0.378	0.07837407
335	G	-0.200	0.07122449
336	A	-0.415	0.04198068
337	A	-0.208	0.03693635
338	A	-0.247	0.005178583
339	C	0	-0.04148232
 340	C	0.487	-0.1138084
341	A	-0.022	-0.08399382
342	A	-0.076	-0.03350782
343	G	0.279	-0.05037107
344	C	0.021	-0.05396257
345	G	-0.491	-0.0761119
346	A	-0.489	-0.102955
347	A	0.157	-0.1050598
348	G	0.189	-0.06620213
349	G	-0.411	-0.05550471
350	A	-0.290	-0.02097961
351	A	-0.265	0.05255939
352	C	0.165	0.1289958
353	G	-0.048	0.1368321
354	C	0.389	0.155837
355	T	0.407	0.2053039
356	C	0.435	0.2567276
357	C	0.390	0.314461
358	C	0.427	0.3234769
359	C	0.251	0.3587047
360	C	0.417	0.3588012
361	A	0.182	0.3373392
362	C	0.326	0.3181517
363	C	0.427	0.2826539
364	C	0.273	0.2215158
365	A	0.374	0.2195165
366	C	0.390	0.1793402
367	C	0.149	0.1937216
368	T	0.205	0.1848321
369	T	-0.035	0.1779167
370	G	-0.305	0.1726505
371	T	0.227	0.1712642
372	C	-0.064	0.1578882
373	C	0.354	0.1801051
374	C	0.219	0.2033996
375	G	0.344	0.2033589
376	G	0.210	0.1964221
377	T	0.358	0.1726048
378	G	0.229	0.1591278
379	G	0.416	0.1627889
380	C	0.484	0.1819305
381	T	-0.035	0.1577658
382	A	-0.389	0.1322111
383	A	-0.058	0.08769031
384	A	-0.225	0.05902272
385	C	0.398	0.04537597
386	G	0.449	0.03998039
387	C	0.054	0.06816239
388	A	-0.096	0.1186005
389	G	-0.176	0.1351817
390	A	-0.114	0.1789623
391	C	0.252	0.1778814
392	G	0.420	0.1712645
393	T	0.302	0.2009606
394	G	0.216	0.2445867
395	G	0.140	0.2960383
396	A	0.299	0.3286938
397	C	0.385	0.3110455
398	T	0.370	0.2673115
399	C	0.410	0.274282
400	C	0.427	0.2866249
401	C	0.441	0.3086324
402	C	0.277	0.3137398
403	A	0.040	0.315066
404	C	-0.104	0.3182611
405	C	0.385	0.3168184
406	C	0.364	0.3216841
407	G	0.405	0.3167361
408	G	0.360	0.2935865
409	C	0.401	0.3105148
410	C	0.408	0.3506586
411	C	0.393	0.331867
412	C	0.485	0.3391012
413	C	0.381	0.3453529
414	T	0	0.3374817
 415	C	0.244	0.3039955
416	C	0.376	0.2350672
417	G	0.160	0.1945241
418	G	0.451	0.1911612
419	C	0.480	0.188945
420	T	0.266	0.1997395
421	A	0	0.2169547
 422	C	-0.418	0.2160477
423	A	-0.093	0.2210518
424	C	0.445	0.1937664
425	C	0.355	0.1885899
426	T	0.129	0.1570423
427	C	0.450	0.1627971
428	A	0.366	0.2089642
429	G	0.220	0.2563921
430	C	0.123	0.2042745
431	C	0.417	0.1534955
432	A	-0.112	0.1059414
433	A	0.069	0.05425162
434	G	0.135	0.03888103
435	C	0.475	0.05409995
436	G	-0.180	0.06340845
437	T	-0.254	0.06392703
438	A	-0.441	0.06450137
439	A	-0.169	0.02349942
440	G	0.181	0.01547707
441	C	0.403	-0.02516451
442	T	0.235	0.005226408
443	C	0.424	0.02526029
444	G	-0.105	0.02002229
445	A	-0.422	0.001669375
446	G	0.038	-0.01559779
447	G	-0.011	-0.04531257
448	G	0.184	-0.05827022
449	A	-0.013	-0.0561048
450	A	-0.503	-0.0150588
451	G	-0.389	0.05166437
452	A	-0.025	0.08312188
453	A	0.046	0.1208905
454	C	0.079	0.1241311
455	T	0.450	0.1615899
456	C	0.387	0.1763122
457	T	0.377	0.182659
458	T	0.416	0.2005028
459	C	0.441	0.2338138
460	T	0.223	0.2628589
461	C	0.435	0.2363057
462	T	-0.327	0.2107554
463	G	-0.313	0.1961589
464	G	0.188	0.166465
465	A	0.446	0.1444291
466	G	0.428	0.1414359
467	G	0.131	0.1021565
468	C	0.080	0.1213406
469	G	0.202	0.1861046
470	T	0.060	0.1944727
471	T	0.176	0.1803004
472	C	0.187	0.1764518
473	A	-0.035	0.1925434
474	C	-0.097	0.1820997
475	C	0.463	0.1695575
476	T	0.288	0.1471523
477	T	0.276	0.1279876
478	G	0.382	0.09927776
479	C	0.324	0.07353396
480	C	-0.044	0.09919443
481	A	0.052	0.08787377
482	A	-0.208	0.09232027
483	C	-0.053	0.1056711
484	A	-0.156	0.06944701
485	G	-0.344	0.04630297
486	G	0.210	0.05884074
487	T	0.327	0.07847901
488	G	0.342	0.1227657
489	T	0.436	0.1627131
490	G	-0.052	0.2158005
491	G	0.046	0.223349
492	C	0.105	0.165441
493	A	0.287	0.1197802
494	C	0.322	0.05589796
495	C	0.426	0.008036375
496	C	0.480	-0.005357367
497	G	-0.253	-0.04346233
498	A	-0.484	-0.09582125
499	A	-0.220	-0.1285532
500	A	-0.424	-0.16964
501	G	-0.137	-0.1765064
502	A	-0.213	-0.2125034
503	A	-0.410	-0.2042818
504	G	-0.522	-0.147661
505	A	-0.105	-0.1010538
506	G	-0.170	-0.0961399
507	C	0.343	-0.08105002
508	C	0.048	-0.08511161
509	A	-0.155	-0.01661786
510	T	0.195	0.06256122
511	C	0.338	0.1074638
512	A	-0.365	0.1622999
513	C	0.043	0.1618124
514	A	-0.261	0.186197
515	T	0.411	0.1927624
516	C	0.427	0.1594706
517	C	0.433	0.1362757
518	C	0.487	-
519	C	0.337	-
520	A	0.340	-
521	C	-0.076	-
522	G	-0.204	-
523	A	0.060	-
