1	A	-0.434	-
2	G	-0.190	-
3	A	-0.503	-
4	G	-0.171	-
5	T	-0.485	-
6	A	-0.272	-
7	C	-0.165	-0.121386
8	A	-0.490	-0.1017774
9	A	0.203	-0.116903
10	C	0.182	-0.1050594
11	C	0.382	-0.115109
12	C	0.341	-0.04924958
13	A	0.010	-0.01069972
14	T	-0.109	0.02976371
15	A	-0.159	0.09592399
16	T	-0.401	0.1095583
17	G	-0.337	0.134772
18	A	-0.311	0.08767571
19	C	0.437	0.06822384
20	T	0.266	0.09920142
21	C	0.401	0.1389086
22	C	0.435	0.1519575
23	G	0.394	0.2053499
24	T	0.535	0.2110956
25	G	-0.276	0.245036
26	A	0.069	0.2218625
27	C	0.444	0.1873295
28	C	0.446	0.1692617
29	T	0.022	0.1243081
30	G	0.345	0.1057014
31	A	-0.256	0.08042724
32	T	0.163	0.122693
33	G	0.112	0.1317283
34	G	-0.216	0.1182732
35	T	0.148	0.1024165
36	A	-0.193	0.1185323
37	A	0.133	0.1003886
38	C	0.182	0.1397508
39	T	0.315	0.109303
40	T	0.196	0.07435805
41	G	0.255	0.05522641
42	T	0.224	0.01332576
43	G	0.248	-0.005555521
44	G	0.091	-0.03573266
45	G	0.294	-0.02775688
46	A	-0.262	-0.04811114
47	G	-0.376	-0.06118582
48	A	-0.484	-0.09451904
49	A	-0.438	-0.1344442
50	A	-0.457	-0.1841108
51	A	-0.288	-0.227348
52	C	0.293	-0.2536795
53	C	0.030	-0.2339614
54	A	0.013	-0.2393317
55	T	-0.210	-0.2370894
56	A	-0.334	-0.2413589
57	G	-0.446	-0.2383972
58	A	-0.513	-0.2499797
59	A	-0.074	-0.2990334
60	C	0.013	-0.3225708
61	T	-0.451	-0.3569905
62	A	-0.453	-0.3645422
63	A	-0.497	-0.3268155
64	A	-0.416	-0.2669899
65	A	-0.450	-0.223656
66	A	-0.393	-0.2262164
67	T	-0.299	-0.2425557
68	A	-0.468	-0.2184594
69	A	-0.316	-0.1598809
70	G	0.193	-0.1143527
71	T	0.390	-0.06269265
72	C	0.092	-0.01200679
73	A	-0.110	0.01606835
74	G	-0.215	0.01317978
75	A	-0.114	0.007351564
76	G	0.366	0.002327421
77	C	0.139	0.00316285
78	G	0.306	-0.02800646
79	C	0.258	-0.00271295
80	T	0	0.01412041
 81	G	-0.339	0.01693898
82	A	-0.550	0.02674914
83	A	-0.386	-0.02710679
84	G	0.205	-0.07206179
85	G	-0.045	-0.1213819
86	G	0.447	-0.1756684
87	G	0.125	-0.1949242
88	G	-0.176	-0.1595222
89	T	0.022	-0.1303414
90	A	-0.387	-0.1356057
91	G	-0.489	-0.1861322
92	A	-0.383	-0.2208755
93	A	-0.501	-0.2732445
94	A	-0.269	-0.3074613
95	C	0.155	-0.3091691
96	A	-0.141	-0.2914151
97	A	-0.460	-0.2449389
98	A	-0.501	-0.2451224
99	A	-0.532	-0.2353347
100	A	-0.286	-0.2365369
101	G	-0.353	-0.2563722
102	A	-0.200	-0.3027809
103	C	0.271	-0.2671074
104	T	0.263	-0.239437
105	G	-0.492	-0.2063998
106	C	-0.246	-0.1634694
107	A	-0.517	-0.1635406
108	A	-0.547	-0.122672
109	A	-0.493	-0.071592
110	G	0.357	-0.05819564
111	G	-0.073	-0.07122393
112	C	-0.039	-0.04500686
113	A	0.068	-0.03162991
114	A	-0.287	0.03297273
115	G	0.218	0.09288673
116	C	0.515	0.1585632
117	T	0.458	0.1502929
118	T	0.081	0.1588302
119	C	-0.125	0.1685998
120	T	-0.059	0.1394974
121	G	0.386	0.1529961
122	G	0.291	0.1553466
123	T	0.425	0.1376144
124	G	0.241	0.1269476
125	C	0.046	0.1321082
126	T	0.097	0.1547205
127	T	-0.338	0.1763537
128	T	-0.098	0.1801675
129	C	0.251	0.1887675
130	C	0.266	0.151132
131	T	0.309	0.1553605
132	G	0.153	0.1758869
133	G	0.191	0.2055367
134	A	0.243	0.212555
135	C	0.439	0.1888999
136	C	0.411	0.1408649
137	A	-0.101	0.105428
138	T	0.301	0.098829
139	C	0.333	0.1169778
140	C	0.512	0.1331047
141	A	-0.240	0.1244819
142	A	-0.429	0.07538221
143	T	-0.420	0.02752043
144	A	-0.229	0.02933375
145	G	0.217	0.004655536
146	C	0.407	-0.02052009
147	C	0.416	-0.03011316
148	A	0.122	-0.02618159
149	G	-0.247	-0.01138509
150	A	-0.258	0.02222786
151	C	-0.075	0.02345872
152	G	-0.044	0.02891258
153	A	-0.018	0.02805422
154	C	0.378	0.02400944
155	A	-0.185	0.001107436
156	C	-0.222	-0.003015636
157	G	0.049	-0.01227149
158	A	-0.212	-0.02420096
159	T	0.293	-0.0471636
160	T	0.395	-0.01348619
161	C	0.360	-0.01498526
162	A	-0.197	0.0199771
163	G	-0.305	0.06889224
164	A	-0.387	0.05454686
165	A	-0.242	0.03560479
166	A	-0.365	-0.01674243
167	C	0.452	-0.08183514
168	T	0.357	-0.1396206
169	G	0.304	-0.0945995
170	C	0.462	-0.04865993
171	G	-0.151	0.0004335714
172	A	-0.477	0.01925095
173	A	-0.439	0.05034334
174	A	-0.515	-0.01625916
175	A	-0.448	-0.05606195
176	C	0.432	-0.06236674
177	C	0.337	-0.06539738
178	C	0.299	-0.03910024
179	A	0.020	0.01709048
180	C	0.069	0.07798162
181	A	-0.479	0.1050184
182	A	-0.199	0.1593718
183	G	0.215	0.1577827
184	C	0.420	0.1679926
185	T	0.216	0.181648
186	C	0.309	0.1666223
187	T	0.413	0.1294026
188	T	-0.137	0.1677581
189	C	0.312	0.1478062
190	C	0.410	0.09712769
191	T	0.480	0.03619048
192	T	0.490	0.04437662
193	G	-0.189	0.05563884
194	T	-0.451	0.05660526
195	T	0.057	0.09180184
196	A	-0.479	0.06280991
197	A	-0.493	-0.001190729
198	A	-0.432	-0.02750066
199	G	0.331	-0.06937474
200	C	0.467	-0.04836302
201	C	0.426	0.01335634
202	T	0.355	0.03239043
203	C	-0.093	0.06180332
204	A	-0.485	0.09705361
205	C	0.112	0.123958
206	A	-0.095	0.1244417
207	G	0.104	0.1073375
208	C	0.412	0.1062935
209	T	0.323	0.1151007
210	A	-0.067	0.1511035
211	T	0	0.2057691
 212	G	-0.056	0.2186819
213	G	0.338	0.2240976
214	G	0.227	0.2146477
215	C	0.412	0.1967885
216	T	0.478	0.2044443
217	C	0.410	0.2283877
218	A	0.279	0.2582432
219	C	0.293	0.2941196
220	T	-0.019	0.3008956
221	G	-0.027	0.3198429
222	A	0.162	0.2862474
223	T	0.431	0.244508
224	G	0.267	0.232655
225	T	0.417	0.2442816
226	C	0.445	0.2482334
227	T	0.433	0.2438712
228	C	0.492	0.26784
229	T	-0.058	0.2525346
230	A	-0.105	0.2105751
231	G	0.244	0.1632175
232	C	0.442	0.1038222
233	G	0.348	0.0590302
234	G	-0.080	0.05905513
235	C	0.307	0.04992991
236	A	-0.051	0.06927118
237	G	-0.156	0.09306475
238	A	-0.395	0.1057011
239	G	-0.413	0.08817168
240	A	-0.181	0.06951643
241	C	0.433	0.08267278
242	C	0.365	0.09005221
243	A	0.212	0.1182107
244	G	0.227	0.1493314
245	C	0.421	0.2115314
246	A	0.196	0.2483291
247	G	0.087	0.2653403
248	G	0.103	0.2617903
249	T	0.410	0.2605394
250	C	0.342	0.2364666
251	C	0.279	0.2212031
252	C	0.475	0.2025187
253	A	0.101	0.2107425
254	G	0.057	0.2284644
255	C	0.383	0.2479294
256	A	0.347	0.2204537
257	G	-0.124	0.2171314
258	G	0.013	0.2040835
259	A	0.159	0.1949405
260	C	0.312	0.1787936
261	C	0.335	0.1757117
262	C	0.375	0.159712
263	A	0.026	0.1571719
264	G	0.295	0.1900277
265	C	0.096	0.2158885
266	A	0.347	0.2063449
267	G	-0.124	0.2051806
268	G	0.013	0.1881151
269	A	0.159	0.1860893
270	C	0.312	0.1753271
271	C	0.335	0.1551965
272	C	0.375	0.159712
273	A	0.026	0.1571719
274	G	0.295	0.1900277
275	C	0.096	0.2158885
276	A	0.347	0.2063449
277	G	-0.124	0.2051806
278	G	0.013	0.1881151
279	A	0.159	0.1860893
280	C	0.312	0.1753271
281	C	0.335	0.1551965
282	C	0.375	0.159712
283	A	0.026	0.1571719
284	G	0.295	0.1900277
285	C	0.096	0.2158885
286	A	0.347	0.2063449
287	G	-0.124	0.2051806
288	G	0.013	0.1881151
289	A	0.159	0.1860893
290	C	0.312	0.1753271
291	C	0.335	0.1551965
292	C	0.375	0.159712
293	A	0.026	0.1571719
294	G	0.295	0.1900277
295	C	0.096	0.2158885
296	A	0.347	0.2063449
297	G	-0.124	0.2051806
298	G	0.013	0.1881151
299	A	0.159	0.1860893
300	C	0.312	0.1753271
301	C	0.335	0.1551965
302	C	0.375	0.159712
303	A	0.026	0.1571719
304	G	0.295	0.1900277
305	C	0.096	0.2158885
306	A	0.347	0.2063449
307	G	-0.124	0.2051806
308	G	0.013	0.1881151
309	A	0.159	0.1860893
310	C	0.312	0.1753271
311	C	0.335	0.1551965
312	C	0.375	0.159712
313	A	0.026	0.1571719
314	G	0.295	0.1900277
315	C	0.096	0.2158885
316	A	0.347	0.2063449
317	G	-0.124	0.2051806
318	G	0.013	0.1881151
319	A	0.159	0.1860893
320	C	0.312	0.1753271
321	C	0.335	0.1551965
322	C	0.375	0.159712
323	A	0.026	0.1571719
324	G	0.295	0.1900277
325	C	0.096	0.2158885
326	A	0.347	0.2063449
327	G	-0.124	0.2051806
328	G	0.013	0.1881151
329	A	0.159	0.1860893
330	C	0.312	0.1753271
331	C	0.335	0.1551965
332	C	0.375	0.159712
333	A	0.026	0.1613893
334	G	0.295	0.196615
335	C	0.096	0.2233699
336	A	0.347	0.2364237
337	G	-0.124	0.2178709
338	G	0.013	0.217496
339	A	0.159	0.2270108
340	C	0.371	0.2338575
341	C	0.368	0.2386362
342	C	0.388	0.2345961
343	A	0.342	0.1786656
344	G	0.052	0.1829457
345	C	0.330	0.2128254
346	G	0.509	0.1955318
347	C	0.122	0.17658
348	T	0.362	0.158551
349	C	0.040	0.1657396
350	A	-0.435	0.1263988
351	G	-0.064	0.140343
352	G	0.432	0.128071
353	G	-0.082	0.09696603
354	T	0.105	0.0664446
355	A	0.116	0.04408058
356	C	0.489	0.06346818
357	A	-0.208	0.1108072
358	T	0.247	0.1364447
359	C	0.158	0.1231962
360	A	0.073	0.1607919
361	T	-0.305	0.15598
362	G	0.049	0.141488
363	C	0.311	0.07350632
364	A	0.227	0.06432239
365	T	0.294	0.007555679
366	C	0.246	-0.04251796
367	C	0.444	-0.05538195
368	T	0.038	-0.02804703
369	T	-0.086	-0.04354708
370	A	-0.462	-0.03667765
371	T	-0.336	-0.03299894
372	A	-0.547	-0.02758644
373	A	-0.542	-0.01251329
374	A	-0.106	-0.02583294
375	C	0.077	-0.01367522
376	A	-0.167	0.01822014
377	C	0.407	0.06198714
378	C	0.278	0.1165766
379	C	0.370	0.1813641
380	T	0.457	0.193235
381	T	0.257	0.2357928
382	C	0.208	0.2670331
383	C	0.359	0.3100545
384	C	0.150	0.289829
385	G	0.427	0.3021751
386	A	0.359	0.3143421
387	G	-0.376	0.3119569
388	T	0.489	0.3079416
389	C	0.514	0.3201531
390	T	0.434	0.2741044
391	T	0.124	0.2387344
392	C	0.451	0.2297495
393	C	0.540	0.2308671
394	T	0.424	0.2914173
395	T	0.201	0.2649844
396	C	0.379	0.2481604
397	A	-0.284	0.2504766
398	G	-0.345	0.2692335
399	A	0.301	0.2291547
400	C	0.375	0.2213789
401	T	0.471	0.2088402
402	C	0.119	0.2124672
403	G	0.279	0.1743851
404	C	0.467	0.2296147
405	T	0.387	0.2859937
406	T	-0.109	0.2954331
407	T	0.431	0.285782
408	C	0.248	0.2768794
409	T	0.252	0.3046655
410	T	-0.153	0.2865205
411	T	0.488	0.2449405
412	C	0.444	0.2336101
413	A	0.433	0.2280078
414	T	0.240	0.217052
415	C	0.346	0.2338952
416	T	0.508	0.224269
417	T	0.025	0.2446958
418	T	-0.114	0.2214089
419	T	0.228	0.1617252
420	G	-0.187	0.1133169
421	A	0.278	0.0791351
422	C	0.484	0.02814253
423	C	0.117	0.003210171
424	A	0.132	0.01352243
425	T	0.162	0.05191657
426	G	-0.391	0.05208271
427	G	-0.243	0.0908385
428	A	-0.238	0.0954135
429	A	-0.367	0.09248514
430	C	0.159	0.08599637
431	A	0.169	0.1018148
432	G	0.422	0.1170347
433	C	0.230	0.1805007
434	T	0.354	0.2191182
435	C	0.342	0.2081872
436	C	0.443	0.1986884
437	T	0.026	0.1609525
438	A	0.353	0.1272003
439	G	0.375	0.1295407
440	C	0.497	0.1449941
441	T	0.296	0.1448326
442	A	-0.391	0.108625
443	A	-0.500	0.1079144
444	A	-0.368	0.06826979
445	T	-0.302	0.02580421
446	T	0.455	0.02195464
447	C	0.447	-0.03097771
448	A	0.352	-0.06978179
449	G	-0.164	-0.063623
450	C	0.433	-0.05570493
451	A	-0.528	-0.06366886
452	A	-0.240	-0.0185705
453	T	0.321	-0.08045921
454	G	-0.243	-0.08944043
455	G	-0.246	-0.09532514
456	A	-0.305	-0.04842486
457	A	-0.389	-0.06637507
458	A	-0.480	0.003525929
459	T	0.328	0.0488785
460	G	-0.411	0.003049643
461	T	0.321	0.01879709
462	T	0.270	0.02978689
463	C	0.492	0.08248432
464	G	0.182	0.1295182
465	T	0.450	0.1533489
466	A	0.394	0.1602633
467	T	-0.319	0.2073184
468	G	-0.023	0.2169478
469	C	-0.092	0.1976569
470	T	0.432	0.1450308
471	T	0.269	0.1094007
472	G	-0.146	0.04032225
473	C	0.425	-0.02114068
474	C	0.247	-0.009414464
475	C	0.456	-0.02297769
476	C	0	-0.01404039
 477	A	-0.244	-0.04781739
478	T	-0.316	-0.03648674
479	A	-0.516	-0.02071311
480	A	-0.466	-0.02516569
481	G	-0.155	-0.01045954
482	C	-0.213	-0.05302419
483	A	0.032	-0.08926461
484	A	-0.040	-0.09914204
485	G	0.427	-0.1011887
486	C	0.073	-0.08552104
487	C	0.362	-0.03696433
488	A	0.453	-0.01752876
489	C	-0.139	-0.01811654
490	A	-0.507	-0.04887451
491	A	-0.383	-0.03802909
492	G	-0.345	-0.08505051
493	A	-0.297	-0.1130886
494	T	0.213	-0.1735594
495	T	0.116	-0.2005993
496	C	-0.221	-0.2149865
497	A	-0.398	-0.1618737
498	C	0.111	-0.1137645
499	A	-0.230	-0.07118182
500	G	-0.318	-0.06022689
501	G	-0.483	-0.04515725
502	A	0.075	-0.07354096
503	A	-0.341	-0.06381612
504	G	0.236	-0.04983484
505	C	0.290	-0.09538584
506	T	0.251	-0.1094968
507	G	-0.144	-0.07565462
508	T	0.424	-0.02259776
509	G	-0.281	-0.0004093714
510	T	-0.085	0.05631784
511	T	-0.202	0.05134013
512	T	-0.526	0.02317841
513	A	-0.428	0.004484557
514	C	0.155	0.03323713
515	C	0.259	-0.02495723
516	C	0.385	-0.009029371
517	T	0.453	0.007941
518	G	0.166	-0.004919786
519	G	-0.103	0.004510786
520	A	-0.010	0.03677405
521	A	0.258	0.02860161
522	C	-0.390	0.02232376
523	A	-0.058	-0.0001693143
524	T	0.152	-0.03714426
525	A	-0.382	-0.06148576
526	G	-0.393	-0.07979504
527	A	0.023	-0.1136642
528	A	0.040	-0.1292285
529	C	0.171	-0.1159626
530	A	0.070	-0.139902
531	T	-0.064	-0.1688246
532	G	-0.174	-0.1601725
533	G	-0.360	-0.1212288
534	A	-0.484	-0.1082397
535	A	0.040	-0.1174956
536	G	-0.204	-0.1123348
537	G	-0.393	-0.08608497
538	A	-0.252	-0.09507517
539	A	-0.261	-0.07419139
540	C	0.151	-0.02139603
541	A	0.205	-0.001496314
542	T	-0.088	-0.0178878
543	G	0.243	-0.02527501
544	G	0.438	0.03395563
545	G	-0.190	0.08453206
546	G	0.118	0.100138
547	A	0.379	0.07383066
548	A	-0.206	0.03378159
549	G	-0.189	0.05556824
550	A	-0.307	0.05062646
551	G	0.436	0.02047296
552	C	0.455	0.04598846
553	A	-0.042	0.06863289
554	G	-0.217	0.03684856
555	T	-0.355	0.07795035
556	A	0.216	0.1060711
557	C	0.174	0.1453102
558	C	0.016	0.1498779
559	A	0.166	0.1270238
560	T	0.435	0.1096033
561	T	-0.065	0.1059471
562	G	0.369	0.1102476
563	G	0.204	0.08152811
564	C	0.241	0.09977746
565	C	0.499	0.107598
566	A	0.135	0.10697
567	A	-0.286	0.08786289
568	T	-0.268	0.08236336
569	T	-0.295	0.04784921
570	T	-0.185	0.04044071
571	C	0.429	0.05254921
572	A	0.125	0.05334143
573	C	0.157	0.025686
574	T	0.167	0.04794969
575	T	-0.142	0.08179334
576	G	-0.113	0.1278539
577	A	0.100	0.117059
578	C	0.411	0.06009541
579	C	0.511	0.02295198
580	T	-0.251	-0.001952879
581	A	0.025	0.007231836
582	C	0.205	0.03175919
583	C	0.349	0.07147034
584	A	-0.336	0.09655041
585	A	-0.367	0.05254362
586	G	-0.394	0.007179979
587	A	-0.190	-0.004439307
588	T	0.296	-0.008454779
589	C	0.200	0.003695436
590	A	0.441	0.007313864
591	C	0.451	0.05634365
592	A	-0.205	0.1121685
593	C	-0.124	0.1658766
594	A	-0.414	0.2172011
595	A	-0.031	0.1998796
596	G	0.375	0.1465237
597	C	0.400	0.112561
598	T	0.349	0.1027628
599	G	0.413	0.1415099
600	C	0.357	0.1131328
601	A	0.527	0.1322175
602	T	0.053	0.1654355
603	T	-0.546	0.1684115
604	T	-0.033	0.1652614
605	C	0.314	0.1753385
606	A	0.337	0.108681
607	A	-0.521	0.05210854
608	A	-0.147	-0.005698464
609	C	0.433	-0.0382129
610	T	0.417	0.02477653
611	C	0.356	0.0094015
612	T	0.490	-0.04295143
613	G	-0.519	-0.09597421
614	A	-0.434	-0.08020343
615	A	-0.281	-0.04331471
616	G	-0.401	-0.0638585
617	T	0.335	-0.07645543
618	A	-0.248	-0.08198814
619	T	-0.418	-0.1159635
620	A	-0.404	-0.04797175
621	G	-0.300	-0.03478246
622	T	0.369	-0.04568654
623	T	0.146	-0.04384425
624	C	0.240	-0.09524439
625	T	0.278	-0.1063053
626	A	0.014	-0.1115089
627	C	0.432	-0.07338332
628	T	-0.249	-0.02936268
629	T	-0.434	-0.04249825
630	A	-0.375	-0.04048439
631	A	-0.384	-0.04181704
632	A	-0.403	-0.03129211
633	G	-0.490	-0.02125536
634	T	0.128	-0.0324175
635	G	0.315	-0.04074271
636	T	0.185	-0.017431
637	C	0.174	0.01769
638	A	0.222	0.03452636
639	C	0.426	0.05515093
640	C	0.155	0.05964821
641	T	0.276	0.05044764
642	T	-0.366	-0.0004713571
643	G	-0.107	-0.04971986
644	G	0.116	-0.08620943
645	A	-0.148	-0.1279815
646	G	-0.114	-0.1876145
647	A	-0.428	-0.1856961
648	T	0	-0.1902891
 649	A	-0.397	-0.1333454
650	A	-0.504	-0.09471007
651	A	-0.336	-0.08331571
652	T	-0.362	-0.05615921
653	T	-0.408	-0.02700743
654	A	0.182	-0.0258525
655	T	0.211	-
656	C	0.430	-
657	C	0.433	-
658	T	0.275	-
659	C	0.231	-
660	T	0.293	-
661	G	-0.411	-
