1	A	-0.180	-
2	G	-0.314	-
3	G	-0.267	-
4	A	-0.465	-
5	A	-0.024	-
6	A	-0.375	-
7	G	-0.289	-0.1615713
8	A	-0.490	-0.1383169
9	A	-0.552	-0.1336196
10	A	-0.186	-0.148163
11	G	0.409	-0.1452371
12	G	0.240	-0.1632056
13	G	0.398	-0.1499731
14	T	0.121	-0.1176213
15	G	-0.253	-0.04375008
16	A	-0.456	0.03537008
17	A	-0.427	0.039088
18	T	-0.257	-0.02208738
19	A	-0.203	-0.05571138
20	T	0.130	-0.09604285
21	C	0.469	-0.1371908
22	A	0.475	-0.1384002
23	G	-0.138	-0.09861182
24	T	-0.385	-0.06950249
25	T	-0.196	-0.04534041
26	T	-0.126	-0.05263756
27	C	-0.413	-0.09782972
28	A	-0.269	-0.1690144
29	A	0.060	-0.2365462
30	C	-0.049	-0.2592606
31	T	0.056	-0.1938589
32	G	-0.298	-0.1787163
33	A	-0.456	-0.1607277
34	A	-0.455	-0.117571
35	A	-0.402	-0.06102541
36	A	-0.433	-0.03311821
37	C	0.464	-0.0004983769
38	T	0	-0.02216315
 39	G	0.107	-0.02193262
40	T	0.147	-0.008097077
41	G	0.465	0.03741838
42	C	0.423	0.08616023
43	T	0.374	0.153147
44	C	-0.225	0.1558487
45	A	-0.295	0.1926441
46	A	-0.276	0.1945826
47	C	0.135	0.2246118
48	C	0.231	0.16248
49	T	0.437	0.1113312
50	G	0.499	0.04519469
51	C	0.478	0.04541231
52	A	0.132	0.03951838
53	T	0.537	0.04031846
54	T	-0.342	0.03553063
55	T	-0.241	0.0515894
56	A	-0.485	0.05145425
57	C	-0.222	0.04415448
58	A	-0.372	0.01425453
59	A	-0.266	0.02092038
60	C	0.073	0.008444762
61	T	0.440	0.06821607
62	C	0.435	0.1102808
63	C	0.404	0.1718188
64	A	0.089	0.2097841
65	G	0.219	0.2797448
66	G	0.375	0.3275096
67	C	0.434	0.3149889
68	T	0.305	0.2549859
69	G	0.314	0.184061
70	C	0.271	0.1320994
71	C	0.537	0.1285639
72	T	0.354	0.1268939
73	A	-0.089	0.09889594
74	T	-0.339	0.04668017
75	A	-0.486	0.02888745
76	T	-0.270	-0.01630171
77	T	0.043	-0.0492324
78	G	0.197	-0.1214646
79	G	0.011	-0.1603473
80	G	-0.243	-0.1571564
81	T	0.073	-0.1210291
82	A	-0.272	-0.07210983
83	T	-0.156	-0.03981868
84	T	-0.401	-0.05026437
85	T	-0.150	-0.09164929
86	A	-0.047	-0.05995607
87	G	0.129	-0.008877915
88	C	0.149	0.01190696
89	A	0.149	0.06754388
90	G	-0.092	0.09764696
91	T	-0.340	0.1192073
92	T	0.423	0.1661513
93	C	0.420	0.1753116
94	A	0.344	0.170967
95	C	0.450	0.1978912
96	T	0.234	0.2170226
97	G	-0.121	0.2084406
98	C	0.459	0.2503828
99	A	0.071	0.2012644
100	G	0.073	0.1553921
101	T	0.499	0.1226483
102	C	0.397	0.1201229
103	A	-0.203	0.1362381
104	C	0.205	0.1793198
105	A	-0.214	0.1481122
106	T	-0.176	0.1437219
107	A	-0.081	0.154929
108	C	0.417	0.1511122
109	C	0.443	0.1562785
110	C	0.438	0.2065186
111	A	0.053	0.1728825
112	G	0.014	0.2189784
113	G	0.219	0.203649
114	T	0.449	0.1843848
115	C	0.465	0.1373136
116	T	0.449	0.08038768
117	G	-0.232	0.0136303
118	T	0.384	-0.02274222
119	A	-0.375	-0.054533
120	G	-0.331	-0.1122059
121	A	-0.194	-0.1748201
122	G	-0.296	-0.2055579
123	A	-0.429	-0.2782798
124	A	-0.419	-0.230148
125	A	-0.398	-0.2706278
126	T	-0.530	-0.2090102
127	A	-0.364	-0.1488451
128	C	0.065	-0.09973852
129	A	-0.495	-0.04537222
130	A	0.393	2.855385e-05
131	C	-0.141	0.01922609
132	T	0.425	0.03484225
133	T	0.450	0.04724786
134	C	0.444	0.04510955
135	T	0.410	0.01273215
136	G	0.160	0.0473965
137	G	-0.169	0.01068762
138	A	-0.195	-0.006277231
139	A	-0.369	-0.02344892
140	A	-0.391	-0.09025854
141	A	-0.355	-0.09514946
142	A	-0.045	-0.1043516
143	C	-0.083	-0.1008014
144	A	-0.362	-0.05242792
145	G	0.202	-0.04014407
146	A	-0.418	-0.04411199
147	G	0.380	-0.04577938
148	C	0.291	-0.05786299
149	A	0.207	-0.04166072
150	C	0.459	-0.02495938
151	C	-0.036	-0.003131946
152	T	-0.420	-0.04217002
153	A	-0.413	-0.04142041
154	A	-0.512	-0.1023925
155	A	0.165	-0.1499046
156	T	0.133	-0.1976999
157	G	-0.078	-0.2732783
158	T	-0.305	-0.2509356
159	A	-0.408	-0.2084924
160	G	-0.411	-0.1997865
161	A	-0.326	-0.2001573
162	A	-0.414	-0.2514108
163	A	-0.523	-0.278431
164	A	0.254	-0.2559002
165	C	0.130	-0.1970772
166	G	-0.300	-0.150942
167	A	-0.517	-0.08059862
168	A	-0.500	-0.067897
169	A	-0.217	-0.05130746
170	G	0.214	-0.001431462
171	T	0.459	-0.04286208
172	C	0.191	-0.01885615
173	T	0.502	0.03427392
174	T	-0.161	0.1109336
175	T	-0.198	0.1619155
176	T	0.125	0.1536305
177	G	-0.284	0.09658069
178	T	0.442	0.04117323
179	G	0.390	0.06794169
180	T	0.479	0.06214415
181	T	0.161	0.08276731
182	T	-0.325	0.1334468
183	T	-0.527	0.1583352
184	T	-0.260	0.2201092
185	C	0.539	0.1742082
186	T	0.427	0.1035806
187	A	0.106	0.03166062
188	C	0.460	0.003413462
189	C	0.448	-0.009771385
190	T	0.518	0.05916038
191	A	-0.153	0.04473354
192	T	-0.527	0.007123569
193	A	-0.455	-0.002021969
194	G	-0.205	0.005265262
195	A	-0.496	0.001286415
196	A	0.368	-0.01041189
197	G	-0.448	-0.04729925
198	A	0.050	-0.05173433
199	T	0.308	-0.0008156385
200	C	0.201	0.06813252
201	A	0.408	0.1151463
202	C	0.296	0.1690061
203	T	0.039	0.1592581
204	G	-0.211	0.1845678
205	T	0.134	0.2086853
206	T	0.440	0.2189877
207	T	0.405	0.2386616
208	C	0.203	0.1982799
209	T	0.242	0.1999053
210	G	-0.119	0.2335767
211	C	0.363	0.2687098
212	A	0.442	0.238101
213	T	0.457	0.1917149
214	C	-0.116	0.1944752
215	T	0.317	0.2062641
216	C	0.476	0.1953398
217	T	0.245	0.1736334
218	T	-0.263	0.1515356
219	C	-0.162	0.1125209
220	T	0.441	0.06965637
221	C	0.356	0.1002968
222	T	0.100	0.08834368
223	G	-0.401	0.01867829
224	G	0.076	0.006383754
225	G	-0.064	0.06241275
226	A	-0.100	0.1074504
227	C	0.281	0.07929916
228	G	0.162	0.03388716
229	A	-0.428	-0.004185762
230	G	0.085	0.01517155
231	T	0.464	0.01016139
232	C	0.423	0.03056727
233	A	0.075	0.06425919
234	T	-0.233	0.05004555
235	A	-0.394	0.06471232
236	G	-0.149	0.09034514
237	T	0.011	0.1020498
238	G	0.200	0.0887066
239	T	0.337	0.07845591
240	G	0.097	0.06359173
241	T	0.353	0.08382707
242	G	-0.095	0.1366695
243	G	0.237	0.1604316
244	T	0.291	0.1677941
245	C	0.289	0.1204618
246	A	-0.117	0.07184852
247	G	0.029	0.03674924
248	T	0.292	0.03249939
249	T	0.159	0.04132886
250	T	0.107	0.05310432
251	T	-0.414	0.06703578
252	G	-0.294	0.05124
253	A	-0.359	0.09507054
254	T	0.297	0.128074
255	T	0.019	0.1345181
256	C	0.390	0.1255052
257	C	0.472	0.1458328
258	T	0.084	0.1847279
259	G	0.452	0.196831
260	C	0.458	0.2431988
261	T	0.375	0.2400332
262	T	0.041	0.2508906
263	T	0.371	0.2606264
264	C	0.090	0.2251966
265	T	-0.136	0.2304264
266	A	0.243	0.2011896
267	C	0.256	0.196525
268	T	0.160	0.1704761
269	C	0.517	0.1672479
270	T	0.011	0.1668353
271	T	0.152	0.1295725
272	C	0.072	0.1008037
273	A	0.397	0.04899616
274	G	0.037	0.04352008
275	T	0	0.03440009
 276	T	0.365	-0.03675675
277	T	-0.393	-0.06086582
278	T	-0.510	-0.1030551
279	A	-0.429	-0.1067857
280	C	0.185	-0.1185407
281	A	0.041	-0.1028437
282	A	-0.407	-0.07506335
283	G	-0.301	-0.07749112
284	G	-0.395	-0.06006651
285	A	0.023	0.0004986462
286	T	0.244	0.04448988
287	C	0.241	0.01124442
288	A	0.361	0.03669448
289	G	0.334	0.08423879
290	G	-0.167	0.1120436
291	G	0.276	0.1675491
292	A	0.141	0.1894824
293	G	-0.246	0.1715848
294	G	0.372	0.1757924
295	A	0.210	0.180392
296	T	0.059	0.1865004
297	C	0.325	0.233314
298	T	0.308	0.2413945
299	G	0.012	0.2526572
300	C	0.295	0.2639396
301	T	0.420	0.2416258
302	C	0.413	0.2016142
303	C	0.441	0.1614791
304	A	0.381	0.1064858
305	T	0.288	0.07578938
306	G	-0.100	0.03550583
307	T	0.082	0.04135483
308	A	-0.309	0.009778592
309	A	-0.462	-0.02205479
310	A	-0.389	-0.06916279
311	T	-0.090	-0.08305902
312	A	-0.511	-0.1093185
313	C	0.372	-0.133178
314	A	0.010	-0.1762037
315	G	0	-0.1323371
 316	A	-0.171	-0.07453427
317	T	0.200	-0.03648165
318	T	-0.053	0.003347262
319	G	-0.410	0.06508711
320	A	-0.476	0.03253662
321	C	0.260	0.01121485
322	T	0.289	0.01121485
323	T	0.105	0.01646893
324	C	0.427	-0.01085738
325	T	0.291	-0.01446072
326	G	-0.051	0.007841892
327	G	-0.266	0.01436512
328	A	0	-0.03890849
 329	A	-0.102	-0.08428357
330	T	-0.154	-0.1196406
331	G	-0.099	-0.1596413
332	T	-0.120	-0.1644041
333	A	-0.391	-0.1298069
334	G	-0.432	-0.07459187
335	A	-0.300	-0.1049369
336	A	-0.354	-0.1196547
337	G	-0.092	-0.09168795
338	G	0.229	-0.1104717
339	C	0.398	-0.1420729
340	C	0.451	-0.1010251
341	A	-0.394	-0.08340756
342	A	-0.294	-0.06243564
343	T	0.209	-0.01356441
344	T	-0.344	0.007785077
345	T	-0.531	-0.005709385
346	T	0.141	-0.03442598
347	G	-0.203	-0.09947067
348	G	-0.027	-0.1064048
349	T	0.281	-0.1174241
350	G	0.185	-0.1441632
351	T	0.053	-0.1071266
352	G	0.025	-0.04667398
353	A	-0.394	-0.03500759
354	T	-0.484	-0.009212977
355	A	-0.437	0.01861402
356	T	-0.138	-0.03688582
357	T	0.137	-0.0496562
358	C	0.254	-0.05714306
359	C	0.293	-0.09653447
360	C	0.132	-0.0892527
361	T	0.333	-0.03882493
362	T	-0.440	-0.01678555
363	C	0.019	-0.03055539
364	T	-0.043	-0.06589755
365	G	-0.486	-0.09128194
366	A	-0.299	-0.1542583
367	A	0.170	-0.2063883
368	G	-0.150	-0.2547494
369	G	-0.317	-0.2507117
370	A	-0.322	-0.2728597
371	G	-0.075	-0.2970772
372	A	-0.525	-0.2789982
373	A	-0.545	-0.2872064
374	A	-0.294	-0.2925345
375	G	-0.387	-0.2966597
376	G	-0.268	-0.2647305
377	A	-0.358	-0.2254371
378	A	-0.251	-0.196868
379	A	-0.406	-0.1373172
380	G	0.101	-0.06586382
381	A	-0.204	-0.02622775
382	T	0.097	0.007322877
383	G	0.188	0.006985954
384	G	0.296	0.002816262
385	C	0.248	0.007108108
386	T	0.383	0.05030742
387	T	0.220	0.06138295
388	C	0.048	0.0852198
389	A	-0.273	0.09732985
390	T	-0.412	0.06065647
391	G	-0.195	0.06119062
392	T	0.155	0.06943078
393	C	0.245	0.07702601
394	A	0.105	0.09888239
395	G	0.255	0.05385477
396	G	-0.287	0.09041931
397	T	0.303	0.1197789
398	T	0.355	0.1494354
399	C	0.482	0.1161926
400	T	0.504	0.1284436
401	A	-0.537	0.1261275
402	T	0.202	0.1383361
403	T	-0.030	0.1675045
404	G	0.189	0.1773092
405	A	-0.277	0.1722009
406	C	0.404	0.1321839
407	C	0.075	0.09085727
408	T	0.413	0.09258327
409	T	0.091	0.08136329
410	C	0.430	0.06289163
411	A	0.289	0.07385732
412	T	-0.038	0.1161582
413	G	-0.032	0.1061182
414	G	-0.514	0.1278829
415	A	0.056	0.09135874
416	T	-0.271	0.1231462
417	G	0.332	0.102829
418	T	0.272	0.04253886
419	G	0.274	0.008846208
420	G	0.358	-0.01422943
421	C	-0.060	0.0253648
422	T	0.504	0.01843033
423	T	0.166	0.04479628
424	T	-0.494	0.05405844
425	A	-0.476	0.0421849
426	G	-0.332	0.03953559
427	A	0	0.04329775
 428	G	-0.033	0.0270752
429	T	0.071	-0.05192511
430	T	0.452	-0.105848
431	C	0.118	-0.08388442
432	T	0.239	-0.06051995
433	C	0.407	-0.006700031
434	T	-0.271	-0.03832365
435	A	-0.522	-0.07374505
436	A	-0.534	-0.08631976
437	G	-0.208	-0.09971622
438	G	-0.172	-0.08076145
439	A	0.367	-0.07292722
440	G	-0.411	-0.1042492
441	G	-0.494	-0.04668684
442	A	-0.091	-0.03883038
443	G	0.278	0.0066053
444	T	0.364	0.05642992
445	G	0.341	0.06508629
446	G	0	0.07011998
 447	G	0.476	0.1269115
448	A	-0.420	0.1975897
449	A	0.056	0.2058278
450	T	0.438	0.1646795
451	G	-0.059	0.174196
452	T	0.432	0.1509251
453	C	0.327	0.1823579
454	T	0.424	0.1609897
455	G	0.015	0.1901864
456	G	-0.256	0.2013004
457	A	0.488	0.1998246
458	T	0.039	0.2301863
459	T	0.408	0.1910203
460	C	0.198	0.1265002
461	T	-0.040	0.06467422
462	G	0.200	0.02541087
463	C	0.419	0.06239679
464	T	0.334	0.03564364
465	C	-0.076	0.06109468
466	A	-0.511	0.05115129
467	G	-0.379	0.06318514
468	A	-0.495	0.09937569
469	G	0.224	0.1241354
470	G	0.140	0.07681277
471	G	0.370	0.03689269
472	C	0.279	0.02344808
473	T	0.355	0.09688654
474	C	0.429	0.1306497
475	T	0.522	0.1996177
476	G	-0.195	0.1567392
477	T	-0.184	0.1764287
478	A	-0.251	0.1138703
479	C	0.443	0.08218011
480	A	0.059	0.05755528
481	G	0.401	0.04684074
482	A	-0.333	0.03924882
483	G	0.396	0.03825605
484	A	-0.443	0.07875782
485	T	-0.132	0.05957366
486	G	0.035	0.03985682
487	T	0.290	0.06361225
488	C	0.423	0.01123463
489	A	-0.208	0.04341483
490	T	0.342	0.01289737
491	G	-0.500	0.01917752
492	T	0.186	-0.006994015
493	T	0.368	-0.02044688
494	G	-0.279	-0.07364688
495	G	0.085	-0.1480211
496	A	0	-0.1478872
 497	G	-0.361	-0.1962912
498	A	-0.472	-0.1983627
499	A	-0.139	-0.2337445
500	T	-0.401	-0.2757516
501	T	-0.543	-0.2791723
502	A	-0.206	-0.3006305
503	C	-0.286	-0.2777029
504	A	-0.527	-0.2236986
505	A	-0.273	-0.1523575
506	C	-0.177	-0.108632
507	A	-0.323	-0.05026654
508	A	-0.193	0.02698585
509	C	0.298	0.006268077
510	C	0.340	0.05313308
511	T	0.454	0.1108773
512	G	0.428	0.1493925
513	G	0.357	0.147067
514	T	0.461	0.1901766
515	T	-0.475	0.2050803
516	T	0.322	0.1857818
517	C	0.222	0.1964604
518	T	0.227	0.1941949
519	A	-0.207	0.1823568
520	T	0.236	0.1873017
521	G	0	0.1619796
 522	G	0.047	0.2112086
523	G	0.479	0.2129583
524	T	0.425	0.2048896
525	G	0.274	0.172175
526	T	0.421	0.1989403
527	T	0.131	0.1838182
528	G	0.164	0.1732705
529	C	0.345	0.1454495
530	T	0.117	0.08267298
531	G	-0.197	0.01810113
532	T	0.140	-0.04199679
533	T	0.039	-0.100938
534	T	-0.137	-0.07547479
535	C	-0.314	-0.05372025
536	A	-0.336	-0.07757569
537	A	-0.414	-0.1009244
538	A	-0.506	-0.09709631
539	A	-0.344	-0.1145749
540	C	0.463	-0.110533
541	C	0.446	-0.07750289
542	A	0.035	-0.07899397
543	G	-0.185	-0.08180982
544	A	-0.147	-0.02057543
545	G	-0.087	-0.01597951
546	G	0.092	0.003746692
547	T	0.292	-0.009394308
548	A	-0.333	-0.02476185
549	A	-0.373	0.0004428231
550	T	0.381	0.0470849
551	T	-0.446	0.09269513
552	A	-0.088	0.1340634
553	C	0.292	0.1410734
554	C	0.247	0.1094025
555	T	0.362	0.1161037
556	C	0.420	0.1112777
557	C	0.444	0.05309958
558	C	0.450	0.05156128
559	T	0.183	0.02013354
560	T	-0.119	-0.03504262
561	G	-0.246	-0.09551169
562	A	-0.436	-0.1291063
563	A	-0.374	-0.1652926
564	G	-0.466	-0.240196
565	A	-0.496	-0.31424
566	A	-0.425	-0.3522692
567	A	-0.538	-0.3694881
568	A	-0.074	-0.3457691
569	C	-0.049	-0.2794832
570	A	-0.528	-0.2139628
571	A	-0.511	-0.1417768
572	A	-0.310	-0.09592847
573	G	-0.343	-0.06559252
574	A	0.061	0.003565638
575	T	0.425	0.001836215
576	C	0.477	-0.01643116
577	C	0.471	0.02813888
578	A	0.099	0.06157628
579	T	-0.030	0.09778189
580	G	0.360	0.1466319
581	G	-0.096	0.1565822
582	A	-0.287	0.1046078
583	T	0.050	0.02809693
584	T	-0.077	0.01066455
585	G	0.159	-0.005895523
586	T	0.291	-0.03268725
587	T	0.190	-0.08096025
588	G	-0.249	-0.1107263
589	A	-0.517	-0.08501434
590	T	0.244	-0.08229545
591	A	-0.115	-0.0538523
592	G	-0.379	-0.05094284
593	G	-0.267	-0.06841262
594	A	-0.483	-0.0872665
595	A	0.047	-0.04544712
596	T	0.085	-0.02152765
597	G	0.292	-0.07550188
598	G	0.197	-0.09490265
599	G	0.064	-0.07224925
600	A	-0.054	-0.08445278
601	C	0.293	-0.06557286
602	A	-0.206	-0.08218332
603	G	-0.456	-0.1069464
604	A	-0.368	-0.1575764
605	A	-0.084	-0.1848646
606	A	-0.426	-0.1573799
607	G	-0.238	-0.1407306
608	A	-0.168	-0.150076
609	A	-0.235	-0.09984559
610	G	-0.365	-0.05629521
611	A	-0.157	-0.02437543
612	G	0.421	-0.02949707
613	C	0.162	-
614	A	0.172	-
615	C	0.446	-
616	C	0.109	-
617	A	0.046	-
618	G	-0.151	-
