1	G	0.388	-
2	C	0	-
 3	A	-0.106	-
4	T	-0.411	-
5	A	-0.376	-
6	C	-0.036	-
7	A	-0.499	-
8	A	-0.287	-0.1138866
9	G	0.065	-0.1357096
10	T	0.186	-0.1609072
11	C	0.502	-0.1767512
12	A	0.042	-0.1452917
13	T	0.037	-0.1384301
14	T	-0.385	-0.1403602
15	T	-0.492	-0.1282319
16	A	-0.449	-0.08023496
17	C	0.039	-0.08993397
18	A	-0.403	-0.1177613
19	A	-0.359	-0.1479059
20	A	0.091	-0.1418777
21	T	-0.266	-0.1639435
22	C	-0.067	-0.1542722
23	A	-0.304	-0.1201011
24	T	0.480	-0.06395982
25	G	-0.089	-0.07572844
26	T	-0.258	-0.08145838
27	G	0.020	-0.06233672
28	G	0.138	-0.09523691
29	A	-0.315	-0.09216066
30	A	-0.230	-0.08090452
31	G	0.054	-0.03893121
32	C	0.448	-0.04906283
33	A	-0.149	-0.04516026
34	A	-0.494	-0.008099756
35	T	-0.053	-0.01373039
36	G	-0.434	-0.001471012
37	T	-0.217	0.04596017
38	G	0.112	0.0473153
39	C	0.366	0.03478869
40	T	0.318	-0.01979781
41	G	-0.027	-0.03930368
42	G	0.334	-0.03196724
43	G	-0.069	-0.00812165
44	T	0.335	0.02329788
45	G	0.443	0.04212234
46	G	-0.208	0.01420477
47	T	-0.146	-0.04182448
48	A	-0.424	-0.07333335
49	G	-0.461	-0.09646017
50	A	-0.377	-0.1424914
51	G	0.327	-0.1236195
52	G	0.067	-0.1394895
53	A	0.083	-0.1430912
54	G	-0.334	-0.1017388
55	A	-0.529	-0.08821477
56	T	-0.185	-0.04433858
57	A	-0.397	-0.005203019
58	G	-0.402	-0.002580144
59	T	0.232	-0.04223046
60	T	0.081	-0.08016518
61	C	0.385	-0.1164213
62	T	0.452	-0.1060666
63	G	0.070	-0.08734982
64	C	0.277	-0.07168782
65	T	0.164	-0.05665844
66	G	-0.335	-0.006806881
67	A	-0.306	0.004411244
68	A	-0.539	0.008147256
69	A	-0.496	0.009868506
70	G	-0.168	-0.009508119
71	A	-0.230	-0.03364244
72	G	0.064	-0.07679206
73	G	-0.156	-0.08709488
74	C	0.395	-0.03920738
75	C	0.411	0.006281625
76	C	0.140	0.05257344
77	C	0.413	0.1014282
78	T	0.142	0.1234267
79	T	-0.315	0.1420412
80	A	-0.413	0.1520797
81	G	0	0.164797
 82	C	0.430	0.1643677
83	C	0.420	0.1694969
84	T	0.201	0.1747056
85	C	0.285	0.1722541
86	C	0.183	0.1841448
87	T	0.067	0.1814315
88	G	0.225	0.1809382
89	T	0.046	0.1615078
90	G	0.388	0.1283922
91	C	0.493	0.1130617
92	G	0.224	0.1296128
93	T	0.374	0.1413868
94	C	0.333	0.1438861
95	T	-0.359	0.1511814
96	T	-0.421	0.1396349
97	A	-0.310	0.1489411
98	T	-0.099	0.1292567
99	C	0.175	0.09617729
100	C	0.466	0.06110754
101	G	0.473	0.0463046
102	T	0.223	-0.004560587
103	G	0.184	0.008910975
104	C	0.040	0.03386426
105	A	0.195	0.07291451
106	G	0.073	0.1004522
107	T	-0.035	0.1047227
108	G	-0.336	0.04337699
109	G	0.137	-0.0028412
110	A	-0.480	-0.001250138
111	T	-0.143	0.0014028
112	G	-0.022	0.02090395
113	G	0.313	0.03709239
114	C	0.341	0.06173506
115	C	0.244	0.08485772
116	A	-0.515	0.1108686
117	A	-0.265	0.1237001
118	C	0.248	0.1613955
119	T	0.226	0.1564108
120	G	0.352	0.188047
121	G	0.454	0.1510411
122	C	0.468	0.1464113
123	T	0.334	0.1563178
124	T	0.079	0.1873587
125	C	0.342	0.2172343
126	C	0.122	0.2268361
127	A	-0.223	0.2311028
128	T	0.484	0.234668
129	C	-0.278	0.2163508
130	T	0.267	0.1644253
131	C	0.402	0.1707952
132	A	-0.018	0.1405479
133	G	0.212	0.1177379
134	G	0.402	0.07601505
135	C	0.294	0.1010126
136	T	0.409	0.09276355
137	G	0.161	0.1315237
138	A	-0.362	0.135988
139	C	0.436	0.1332259
140	T	-0.404	0.1396846
141	G	-0.022	0.153804
142	A	-0.545	0.156119
143	T	0.176	0.1549212
144	G	0.352	0.1410674
145	G	0.341	0.1620907
146	G	0.338	0.19304
147	C	0.358	0.1345494
148	A	0.084	0.1287472
149	C	0.438	0.1529156
150	A	0.439	0.2097163
151	G	0.275	0.2245129
152	G	0.188	0.1785873
153	C	0.498	0.1667112
154	T	0.132	0.156077
155	T	-0.499	0.1360885
156	A	-0.497	0.1581447
157	G	0.364	0.1363397
158	C	0.363	0.1064879
159	T	0.413	0.101615
160	G	-0.382	0.07275141
161	G	0.151	0.0416226
162	A	0.168	0.03827604
163	A	0.038	0.08172404
164	G	0.437	0.1361222
165	A	0.089	0.127738
166	T	-0.038	0.1111992
167	G	0.197	0.1001557
168	T	-0.273	0.1540128
169	T	0	0.148637
 170	T	0.078	0.1300368
171	G	0.195	0.1130654
172	T	0.372	0.106308
173	G	0.230	0.09846624
174	G	0.099	0.1301185
175	C	0.236	0.1241832
176	C	0.479	0.1530448
177	T	0.065	0.1777934
178	T	-0.128	0.2014102
179	T	-0.233	0.2169005
180	C	0.329	0.2216504
181	G	-0.036	0.2019591
182	T	0.468	0.1814628
183	C	0.102	0.1408177
184	A	0.188	0.1269509
185	C	0.395	0.1488438
186	C	0.456	0.1846629
187	C	0.443	0.228027
188	T	0.448	0.1829785
189	C	-0.084	0.1556468
190	A	-0.228	0.09771315
191	A	-0.413	0.06327571
192	G	0.257	0.0176159
193	C	0.416	-0.007132725
194	T	0.444	-0.02340316
195	C	0.460	-0.0259416
196	A	-0.391	-0.02829591
197	T	-0.473	0.006425
198	A	-0.458	0.01207831
199	A	-0.448	0.02994756
200	A	-0.542	0.006504375
201	A	0	-0.01617802
 202	C	0.196	-0.0618139
203	C	0.402	-0.1172895
204	C	0.411	-0.06286571
205	C	0.470	-0.002676712
206	G	-0.138	0.02386739
207	A	-0.127	0.04114882
208	G	-0.117	0.07924099
209	G	0.053	0.07402153
210	A	-0.286	0.04983016
211	A	-0.426	0.04688734
212	G	0.479	0.04651759
213	C	0.489	0.03216197
214	T	-0.033	0.06804228
215	A	-0.171	0.102637
216	T	0.066	0.1335758
217	G	-0.083	0.1540911
218	A	-0.190	0.1887334
219	C	0.355	0.2178204
220	T	0.405	0.2184922
221	T	0.241	0.1701049
222	C	0.435	0.1722235
223	G	0.425	0.18617
224	T	0.377	0.1760135
225	C	0.381	0.1480567
226	A	0.268	0.1627392
227	C	0.038	0.1511702
228	T	0.490	0.1328116
229	T	-0.284	0.1447566
230	T	0	0.1427001
 231	A	0.051	0.140948
232	C	-0.095	0.1330207
233	G	-0.530	0.120011
234	A	0.044	0.1079579
235	C	0.170	0.1251909
236	C	0.111	0.07735156
237	T	0.432	0.07792062
238	C	0.402	0.04356743
239	G	0.397	0.04946193
240	C	0.250	0.08114723
241	T	0.173	0.1427939
242	T	0.075	0.1624066
243	C	0.314	0.1255842
244	A	-0.275	0.1242837
245	T	-0.275	0.08448916
246	T	-0.549	0.06183724
247	T	0.145	0.03699024
248	C	0.411	0.02823911
249	C	0.455	0.00345305
250	T	0.358	-0.005436575
251	G	-0.418	-0.03486583
252	T	0.090	-0.009934825
253	T	-0.204	0.000219425
254	C	0.040	0.01229155
255	T	0	0.006907062
 256	G	0.110	-0.04191431
257	A	-0.223	-0.1004884
258	G	-0.066	-0.09471081
259	G	-0.156	-0.042743
260	A	0.123	-0.02943789
261	C	-0.113	-0.004493825
262	A	-0.356	-0.03439028
263	T	0.059	-0.04136359
264	T	-0.369	-0.03207872
265	G	-0.481	-0.001827344
266	C	0.450	-0.0177298
267	T	0.413	-0.03833542
268	C	0.303	-0.06105618
269	T	0.194	-0.07324668
270	G	-0.438	-0.08161868
271	T	-0.111	-0.07627169
272	G	0.258	-0.03320681
273	C	0.260	0.02291044
274	G	-0.321	0.01157294
275	A	-0.486	-0.003073625
276	A	-0.239	-0.03733644
277	T	-0.308	-0.06967169
278	G	-0.490	-0.06922638
279	A	0.145	-0.07665731
280	C	0.319	-0.06616131
281	C	0.416	-0.05935825
282	T	0.269	-0.01447644
283	C	0.178	0.04510269
284	A	-0.244	0.07345837
285	G	-0.322	0.09838841
286	A	-0.430	0.1034155
287	A	-0.230	0.06161516
288	C	0.426	0.02137141
289	T	0.369	-0.03350884
290	G	0.396	-0.03444228
291	C	0.467	-0.02335734
292	C	0.213	0.01582891
293	T	0.090	0.006023844
294	A	-0.410	0.01293253
295	G	-0.523	0.009116969
296	A	-0.324	-0.01322329
297	A	-0.461	-0.009980231
298	G	0.254	-0.007179481
299	C	0.356	-0.02106223
300	C	0.382	-0.02453348
301	G	-0.479	-0.00456945
302	A	-0.320	0.03321642
303	G	-0.291	0.09172642
304	A	0.069	0.1401429
305	G	0.421	0.1816888
306	C	0.441	0.1788895
307	T	0.244	0.169515
308	G	0.158	0.1731356
309	T	0.410	0.2265132
310	G	0.194	0.2684027
311	T	0.412	0.3183837
312	C	0.450	0.3419063
313	G	0.202	0.2949678
314	T	0.209	0.2436571
315	C	0.206	0.229723
316	T	0.440	0.2136376
317	G	0.374	0.1926129
318	G	0.349	0.1745646
319	C	0.508	0.133427
320	T	0.445	0.09690889
321	T	-0.329	0.08660246
322	A	-0.379	0.08951489
323	C	0.021	0.1003841
324	G	-0.099	0.05833521
325	T	0.073	0.009064831
326	T	-0.094	0.01448271
327	G	-0.245	0.01272021
328	A	-0.134	-0.002331169
329	G	0.037	0.02691821
330	C	0.255	0.02794727
331	T	0.379	0.0001217563
332	G	-0.232	-0.01366111
333	T	-0.414	-0.03808174
334	G	0.436	-0.04476243
335	C	0.479	-0.005889931
336	T	0.204	0.02226432
337	T	0.138	0.04699644
338	C	-0.362	0.03099869
339	A	-0.423	0.02299719
340	A	-0.319	0.06547669
341	G	-0.316	0.1181759
342	T	-0.201	0.09818588
343	T	0.376	0.04281994
344	C	0.316	0.01292981
345	C	0.433	-0.02697331
346	A	0	-0.03142969
 347	G	0.251	-0.01151012
348	C	0.447	0.004304294
349	C	0.429	0.04418204
350	T	0.116	0.06806261
351	C	-0.405	0.05339223
352	A	-0.273	0.03245953
353	A	-0.499	0.008226956
354	A	-0.434	0.02582371
355	G	-0.104	-0.007037606
356	T	-0.066	-0.04092308
357	G	0.321	-0.04281445
358	G	0.180	-0.0245732
359	T	0.141	0.02628155
360	G	-0.018	0.06668855
361	A	0.045	0.1170199
362	C	0.281	0.154749
363	A	-0.273	0.1776323
364	C	-0.094	0.1876092
365	T	0.398	0.1866614
366	C	0.408	0.2014333
367	C	0.407	0.2224864
368	T	0.373	0.2515355
369	C	0.305	0.2518992
370	C	0.169	0.256806
371	A	0.261	0.3037002
372	G	0.093	0.3216015
373	C	0.305	0.3182658
374	C	0.417	0.3161202
375	C	0.478	0.2984242
376	C	0.446	0.2803535
377	T	0.051	0.2509147
378	T	0.360	0.252295
379	G	0.476	0.2627432
380	G	0.191	0.2857037
381	A	0.345	0.2591271
382	C	0.374	0.2141605
383	C	0.124	0.1504942
384	A	0.084	0.1089308
385	T	-0.165	0.132333
386	G	0.191	0.1372426
387	C	0.428	0.1290326
388	G	0.460	0.1345894
389	G	-0.119	0.1372402
390	A	-0.302	0.1207513
391	G	-0.540	0.1429807
392	A	-0.218	0.1504232
393	C	0.426	0.1677754
394	C	0.438	0.1826097
395	T	0.345	0.1859791
396	G	0.280	0.1679189
397	C	0.387	0.2025646
398	A	0.110	0.2513914
399	C	0.480	0.3189759
400	C	0.203	0.3287755
401	A	0.112	0.3296132
402	C	0.428	0.2968646
403	C	0.482	0.2914623
404	T	0.171	0.2966354
405	A	0.435	0.2875156
406	C	0.479	0.3048186
407	C	0.541	0.3090018
408	T	-0.062	0.3146158
409	A	0.439	0.3065042
410	C	-0.085	0.2594866
411	A	0.258	0.2071612
412	T	0.363	0.2191271
413	C	0.242	0.2181699
414	T	0.387	0.2104062
415	C	0.547	0.1918914
416	T	0.292	0.2091234
417	A	-0.017	0.2085503
418	T	-0.323	0.2390918
419	G	-0.354	0.2475921
420	T	0.362	0.2282656
421	C	0.419	0.2272131
422	T	0.354	0.2303388
423	G	0.244	0.1876381
424	G	0.213	0.1643778
425	G	0.430	0.1937402
426	C	0.403	0.2038131
427	C	0.394	0.2137485
428	A	0.053	0.1842797
429	G	0.225	0.1743763
430	C	0.437	0.1732841
431	A	-0.135	0.1839246
432	G	-0.079	0.1940833
433	T	0.452	0.1595784
434	G	-0.162	0.1602749
435	T	-0.195	0.1656973
436	T	-0.108	0.1852245
437	G	0.261	0.179903
438	C	0.337	0.1751987
439	C	0.415	0.1907266
440	T	0.376	0.1873236
441	G	-0.121	0.1590705
442	G	0.414	0.1752265
443	C	0.481	0.2114476
444	T	0.366	0.2062106
445	T	0.140	0.1631769
446	C	0.361	0.122811
447	T	0.112	0.1028837
448	T	-0.133	0.1061046
449	G	0	0.1409717
 450	G	0.096	0.1383123
451	C	0.383	0.1353717
452	A	-0.192	0.09623728
453	A	-0.427	0.07770528
454	A	-0.308	0.07627578
455	T	0.096	0.07138259
456	C	0.427	0.06732684
457	C	0.436	0.07095381
458	C	0.371	0.07941356
459	T	0.434	0.07938856
460	G	-0.259	0.08476181
461	G	-0.156	0.1000249
462	T	0.339	0.1098279
463	T	0.034	0.1167923
464	T	-0.198	0.1172843
465	G	0.058	0.1122285
466	C	0.231	0.1066147
467	T	0.383	0.07087241
468	T	-0.106	0.09786941
469	G	-0.183	0.1167078
470	G	-0.151	0.1137636
471	T	0.207	0.1137091
472	T	0.435	0.1195429
473	C	0.355	0.1099792
474	T	0.282	0.08670816
475	G	-0.137	0.03417141
476	G	0.172	0.01594209
477	G	0.144	0.04472359
478	T	0.292	0.06991891
479	A	0.033	0.07912966
480	G	-0.105	0.04320722
481	G	-0.094	0.01379091
482	T	-0.140	0.01131247
483	A	-0.457	0.04738759
484	A	-0.398	0.06035359
485	C	0.277	0.08097403
486	C	0.251	0.05524016
487	T	0.355	0.02215304
488	G	-0.139	-0.001348456
489	T	-0.115	-0.02351187
490	G	0.242	-0.04336888
491	C	0.439	-0.01955651
492	C	0.379	0.01034507
493	C	0.474	-0.003165975
494	A	-0.119	-0.0462636
495	G	-0.496	-0.07614873
496	A	-0.481	-0.05326498
497	A	-0.449	-0.01900635
498	G	-0.458	-0.01770791
499	A	-0.076	-0.03201941
500	G	0.080	-0.03812454
501	T	0.061	-0.04392647
502	G	-0.438	-0.03290744
503	A	-0.123	0.01105913
504	G	0.226	0.05378863
505	C	0.432	0.09869631
506	C	0.263	0.1201888
507	A	0.210	0.1455137
508	T	0.281	0.1346441
509	C	0.382	0.1231011
510	T	0.056	0.1729105
511	C	0.207	0.1986862
512	A	0.202	0.2075152
513	G	0.268	0.1904049
514	G	-0.114	0.199896
515	A	0.329	0.1675786
516	T	-0.093	0.1332757
517	G	-0.123	0.08166593
518	T	0.358	0.06136321
519	C	0.289	0.03385664
520	C	0.368	0.008244456
521	T	0.159	-0.01248887
522	C	0.415	-0.02848424
523	A	-0.306	-0.06042631
524	G	-0.266	-0.07904295
525	A	-0.443	-0.08762151
526	T	-0.268	-0.1264427
527	G	-0.232	-0.1593998
528	A	-0.207	-0.1800398
529	A	-0.062	-0.2165982
530	G	-0.370	-0.2646883
531	G	-0.181	-0.2356812
532	A	-0.391	-0.2340133
533	A	-0.260	-0.1932568
534	G	-0.262	-0.1726417
535	A	-0.238	-0.1324586
536	C	0.037	-0.1080075
537	G	-0.425	-0.09870826
538	A	-0.354	-0.05329951
539	C	0.157	-0.05671857
540	A	-0.240	-0.05308482
541	C	0.208	-0.06285957
542	A	0.061	-0.03325669
543	G	0.410	0.007509494
544	C	0.183	0.03208788
545	T	0.085	0.07891581
546	C	0.356	0.1049606
547	A	-0.236	0.07684889
548	T	-0.333	0.1012982
549	A	-0.417	0.09806833
550	T	0.211	0.1118559
551	C	0.414	0.09877904
552	C	0.431	0.1033631
553	T	0.323	0.1040235
554	G	0.062	0.0864998
555	G	-0.292	0.1134579
556	A	0.151	0.1401903
557	G	0.156	0.1772838
558	G	0.282	0.139377
559	G	0.201	0.08964521
560	G	0.257	0.06472662
561	A	0.096	0.02845363
562	G	0.075	0.04140154
563	C	0.194	0.08252404
564	A	0.094	0.08209736
565	G	0.176	0.06348479
566	G	-0.395	0.04735138
567	A	-0.381	0.04442162
568	A	0.032	0.05086044
569	G	-0.256	0.04212866
570	T	0.269	0.0186412
571	C	0.365	-0.001314675
572	C	0.144	-0.01419565
573	A	-0.141	-0.00608815
574	A	0.024	0.04279698
575	G	0.154	0.09409948
576	C	0.360	0.1188634
577	T	-0.043	0.1622872
578	G	-0.300	0.1764975
579	A	-0.124	0.1808822
580	A	-0.111	0.1651828
581	C	0.306	0.1438485
582	C	0.387	0.1445423
583	C	0.439	0.1349093
584	T	0.428	0.1253224
585	C	0.437	0.1513662
586	C	0.496	0.1909025
587	C	0.436	0.2245616
588	A	-0.107	0.2535842
589	C	-0.482	0.2465979
590	A	0.035	0.2504117
591	G	0	0.2289154
 592	A	0.206	0.1823996
593	G	0.373	0.1530515
594	G	0.332	0.1402649
595	T	0.413	0.102482
596	C	0.352	0.117074
597	C	0.194	0.121726
598	T	0.448	0.08901056
599	C	0.095	0.07875519
600	G	-0.315	0.05036844
601	A	-0.031	0.002348563
602	T	0.292	-0.02351021
603	T	-0.168	-0.02547596
604	G	0.126	-0.01372427
605	A	-0.408	-0.02076117
606	G	-0.488	-0.02376567
607	T	-0.164	-0.01113136
608	A	-0.247	0.03082908
609	G	-0.394	0.05589283
610	A	-0.081	0.04790683
611	G	0.382	0.06018544
612	C	0.540	0.04107106
613	T	0.081	0.08873819
614	A	0.400	0.1301476
615	C	0.297	0.1501771
616	C	0.355	0.1711036
617	C	0.369	0.2133469
618	C	0.164	0.2293296
619	A	0.028	0.2273049
620	G	-0.179	0.2132438
621	G	0.354	0.2134846
622	G	0.174	0.1834112
623	C	0.156	0.1767552
624	A	0.087	0.1764177
625	G	0.281	0.1602709
626	T	0.174	0.1661087
627	G	0.350	0.1862227
628	T	0.315	0.2177371
629	G	0.085	0.1886191
630	G	-0.081	0.1930764
631	A	0.191	0.1741081
632	C	0.350	0.1614089
633	A	0.110	0.1114425
634	G	0.257	0.1074868
635	T	0.349	0.1063422
636	G	0.324	0.09208478
637	G	-0.111	0.1098052
638	G	0.245	0.14278
639	A	-0.147	0.1363007
640	G	-0.115	0.09689529
641	A	-0.518	0.0992201
642	A	0.111	0.1123772
643	G	0.331	0.09681166
644	T	0.087	0.06881366
645	C	0.369	0.0530736
646	C	0.446	0.01806479
647	T	0.087	0.02481212
648	G	-0.280	0.04932024
649	A	0.148	0.08267887
650	G	0.468	0.1046489
651	C	0.100	0.07917109
652	T	-0.123	0.09964901
653	A	-0.363	0.09477994
654	A	-0.314	0.07874494
655	T	-0.039	0.0483438
656	G	0.276	0.08012805
657	T	0.015	0.06109917
658	G	0.462	0.00898905
659	T	-0.075	0.0275458
660	G	0.415	0.04095804
661	C	0.291	0.05026979
662	T	0.189	0.05260129
663	G	-0.398	0.06814677
664	T	0.228	0.06857053
665	G	-0.156	0.09302278
666	G	-0.365	0.07121165
667	T	0.397	0.09202081
668	C	0.091	0.09399231
669	A	-0.214	0.08191182
670	T	-0.277	0.07135156
671	G	0.209	0.1091641
672	T	0.283	0.09245674
673	C	0.406	0.0852748
674	A	0.113	0.1261237
675	G	0.257	0.1109499
676	G	0.446	0.1253627
677	G	0.097	0.1465181
678	A	0.020	0.1813712
679	C	0.206	0.1949941
680	T	-0.038	0.1992206
681	G	-0.271	0.1868961
682	C	0.288	0.1901331
683	G	0.154	0.168845
684	G	0.322	0.1302058
685	T	0.124	0.1112416
686	G	0.280	0.1356354
687	C	0.427	0.1536167
688	C	0.350	0.1566721
689	T	0.209	0.1809573
690	C	0.165	0.1478171
691	A	-0.083	0.1147185
692	G	-0.171	0.07012526
693	A	-0.205	0.03528857
694	C	0.411	0.005698631
695	C	0.493	-0.008968369
696	A	0.010	-0.02449887
697	A	0.117	-0.01305681
698	G	-0.242	-0.004898306
699	A	-0.374	-0.001497725
700	G	-0.391	-0.01053773
701	A	-0.432	-0.02582479
702	A	-0.193	-0.03125941
703	T	0.192	-0.03693516
704	G	0.102	-0.01074659
705	G	0.392	-0.03182616
706	C	0.296	-0.04763578
707	A	-0.029	-0.04853697
708	A	-0.316	0.003119719
709	A	-0.450	0.05475397
710	G	0.324	0.07820909
711	C	0.402	0.04769759
712	C	0.429	0.02194941
713	T	-0.22	-0.01182172
714	T	-0.494	-0.01476759
715	T	-0.389	-0.01102804
716	C	0.435	-0.00415835
717	C	0.393	0.01234896
718	T	0.182	0.02174921
719	G	-0.295	0.02366321
720	A	-0.309	0.01093171
721	G	-0.147	0.0118074
722	T	0.248	0.0238034
723	G	0.030	0.02944765
724	A	-0.206	-0.01359704
725	G	-0.185	-0.0121861
726	G	0.474	-0.02933709
727	C	0.433	0.01558916
728	T	0.225	0.009681538
729	C	-0.205	-0.004753337
730	A	-0.303	-0.03900721
731	G	-0.298	-0.05826355
732	A	-0.253	-0.07822924
733	G	0.415	-0.07633693
734	G	-0.092	-0.1107746
735	G	0.423	-0.1128609
736	A	-0.404	-0.09935464
737	A	-0.378	-0.07108395
738	G	-0.299	-0.05077409
739	G	-0.277	-0.006864094
740	A	-0.525	0.01919359
741	A	-0.155	-0.004656831
742	G	-0.076	0.01193278
743	C	0.400	-0.0006180938
744	C	0.441	0.04814384
745	T	0.246	0.08785147
746	C	0.021	0.1287007
747	C	0.403	0.1611498
748	T	0.163	0.1822303
749	C	0.034	0.1877061
750	T	0.173	0.2092703
751	G	0.222	0.2080876
752	T	0.376	0.187044
753	C	0.256	0.1586569
754	C	0.354	0.154631
755	T	0.241	0.09763711
756	G	-0.188	0.08189243
757	A	-0.068	0.07714031
758	C	0.268	0.08308738
759	C	0.381	0.09295037
760	T	0.104	0.07185292
761	G	-0.207	0.07052942
762	G	-0.042	0.03588267
763	A	-0.508	0.05027468
764	A	-0.088	0.06626826
765	T	-0.041	0.05083119
766	G	0.268	0.04587581
767	C	0.380	-0.004490375
768	T	0.038	-0.01678643
769	G	0.235	0.008750631
770	A	-0.199	0.02619786
771	C	0.472	0.06992254
772	A	0.067	0.06626066
773	G	-0.315	0.04793626
774	T	0.189	0.05633264
775	A	-0.424	0.009701075
776	T	-0.091	-0.004297038
777	G	0.200	-0.03950941
778	T	0.236	0.00187565
779	G	0.191	-0.02159778
780	T	-0.147	-0.006061175
781	A	-0.335	0.04355576
782	C	0.402	0.05119051
783	A	-0.365	0.08469351
784	A	-0.185	0.1152773
785	A	-0.328	0.1089318
786	C	0.462	0.09658964
787	T	0.096	0.07809901
788	G	0.316	0.1142981
789	T	0.478	0.1368697
790	C	0.311	0.1281492
791	A	0.111	0.181676
792	A	0.397	0.2183476
793	C	0.099	0.2630303
794	T	0.039	0.2606173
795	A	-0.104	0.2795866
796	C	0.431	0.278593
797	A	0.026	0.2728931
798	G	0.263	0.278273
799	C	0.490	0.2978103
800	T	0.401	0.2634961
801	T	0.386	0.2804999
802	C	0.423	0.3059071
803	C	0.400	0.320201
804	T	0.300	0.3038291
805	C	0.387	0.3289901
806	C	0.397	0.3433353
807	T	0.424	0.3015868
808	C	-0.151	0.2896495
809	C	0.371	0.2872757
810	C	0.445	0.2809166
811	T	0.124	0.2772095
812	G	0.170	0.2861811
813	G	0.428	0.2824369
814	T	0.492	0.2611712
815	G	-0.177	0.2614954
816	A	0.210	0.2982527
817	C	0.348	0.2733964
818	C	0.321	0.2384523
819	C	0.340	0.2254249
820	C	0.443	0.2004037
821	A	0.327	0.1567003
822	G	0.057	0.1509721
823	C	0.429	0.1706203
824	C	0.436	0.1628393
825	T	-0.026	0.1533267
826	G	-0.113	0.1187749
827	A	-0.084	0.1183117
828	G	-0.230	0.1100892
829	A	-0.270	0.1096785
830	C	0.401	0.1405652
831	T	0.137	0.1137408
832	G	0.085	0.06052227
833	T	0.196	0.06340649
834	G	-0.230	0.06671449
835	C	0.333	0.05058318
836	C	0.312	0.04562224
837	C	0.321	0.04324905
838	C	0.551	-0.002441262
839	T	0	0.01275899
 840	A	-0.415	0.02451828
841	C	0.019	0.03980322
842	A	-0.060	0.08413209
843	G	-0.342	0.04536741
844	A	-0.309	0.04456766
845	G	-0.308	0.02688094
846	A	-0.329	-0.01364859
847	C	0.380	-0.0007049062
848	C	0.273	0.05337959
849	C	0.441	0.05035379
850	T	0.478	0.05505584
851	G	-0.286	0.04573078
852	T	0.299	0.08331415
853	T	0.038	0.1063397
854	C	-0.096	0.1494274
855	T	0.207	0.153669
856	C	0.450	0.1596615
857	A	-0.028	0.1363109
858	G	0.014	0.07872704
859	A	-0.491	0.06773429
860	T	0.291	0.03856141
861	C	0.059	0.03847448
862	A	0.359	0.06831326
863	G	0.448	0.0669707
864	C	0.369	0.04011589
865	T	0.067	0.06809635
866	A	-0.442	0.09364668
867	A	-0.462	0.1510986
868	A	-0.167	0.154073
869	T	0.036	0.1675313
870	C	0.380	0.1715573
871	T	0.185	0.1396479
872	G	0.020	0.09037851
873	C	0.418	0.1108581
874	C	0.423	0.1585016
875	T	0.427	0.1905775
876	C	0.339	0.2174953
877	C	0.275	0.2279647
878	T	0.423	0.2316057
879	T	-0.062	0.2522827
880	G	-0.418	0.2297462
881	T	0.395	0.1697714
882	T	0.319	0.1290107
883	C	0.050	0.09529166
884	A	0.263	0.06128928
885	G	0.204	0.07350159
886	C	0.438	0.05201253
887	C	0.516	0.05117231
888	A	-0.339	0.06549468
889	A	-0.540	0.01397993
890	A	-0.228	-0.04032813
891	T	-0.111	-0.05557725
892	G	-0.204	-0.06681766
893	C	0.470	-0.05192079
894	C	0.080	-0.07218479
895	A	-0.075	-0.0788656
896	T	-0.189	-0.03088816
897	A	-0.428	0.01081896
898	A	-0.549	-7.2875e-06
899	A	-0.193	-0.01607385
900	C	0.083	0.01335446
901	T	0.442	-0.0370711
902	C	0.114	-0.01594016
903	C	0.409	-0.04349941
904	C	0.427	-0.03993091
905	T	0.126	-0.01912954
906	G	-0.401	-
907	A	-0.368	-
908	T	0.266	-
909	T	-0.336	-
910	C	0.418	-
911	A	-0.516	-
912	G	-0.132	-
913	A	-0.096	-
