1	G	0.148	-
2	A	0.325	-
3	C	0	-
 4	A	0.036	-
5	G	-0.259	-
6	A	-0.166	-
7	G	0.081	0.1433558
8	G	0.012	0.1625809
9	T	0.417	0.1725595
10	G	0.340	0.1468456
11	G	0.498	0.121468
12	T	0.302	0.128421
13	A	0.218	0.1250639
14	C	0.052	0.1132055
15	A	0.417	0.07990081
16	T	0.465	0.04192467
17	T	-0.359	0.002055743
18	T	-0.318	-0.01884097
19	G	-0.162	-0.02111026
20	A	-0.213	-0.01402097
21	T	-0.085	0.007473443
22	G	-0.454	0.009153871
23	G	-0.114	-0.003784771
24	A	-0.217	0.02192909
25	G	0.206	0.01327166
26	A	0.270	0.01247351
27	G	0.318	0.001264014
28	G	0.353	-0.01473243
29	T	0.440	-0.01308386
30	T	0.284	-0.01173917
31	T	0	0.03464519
 32	A	-0.439	0.0506624
33	C	-0.173	0.06270597
34	A	-0.370	0.07171226
35	T	-0.308	0.06840354
36	A	-0.430	0.05188997
37	A	-0.095	0.0596224
38	T	0.432	0.09154504
39	C	0.430	0.0873074
40	C	0.439	0.07887419
41	T	0.444	0.125417
42	G	0.306	0.1275843
43	G	0.209	0.1832618
44	A	0.392	0.225991
45	C	0.446	0.1763639
46	T	-0.499	0.1219332
47	A	-0.291	0.077793
48	G	0.280	0.05560871
49	G	-0.278	0.06560957
50	C	0.348	0.08126071
51	C	0.502	0.05015344
52	G	-0.262	0.03100559
53	T	-0.331	0.0489448
54	A	-0.178	0.06977501
55	T	0.133	0.04553034
56	C	0.446	0.05608049
57	C	0.428	0.01813141
58	T	-0.043	0.003832486
59	G	0.178	0.02534099
60	A	-0.247	0.02909949
61	G	0	0.07261899
 62	C	-0.058	0.09568385
63	A	-0.130	0.05868144
64	G	-0.182	0.04291972
65	T	0.302	0.03828221
66	T	0.038	0.02246177
67	G	-0.279	0.04299244
68	C	0.430	0.03178486
69	T	0.456	0.05054925
70	G	-0.071	0.06446992
71	T	0.207	0.04331035
72	G	-0.108	-0.005780721
73	G	-0.042	-0.02740966
74	T	0.039	-0.008219193
75	G	-0.156	-0.04815312
76	G	0.204	-0.07848297
77	T	0.063	-0.1002081
78	C	-0.478	-0.1461667
79	A	-0.384	-0.1618317
80	A	-0.264	-0.1352965
81	G	-0.010	-0.1381172
82	G	-0.128	-0.1328108
83	A	0.031	-0.1204368
84	G	-0.375	-0.1240308
85	G	-0.435	-0.09209921
86	A	-0.327	-0.07657292
87	G	0.328	-0.03530614
88	T	0	-0.002760386
 89	G	-0.082	0.0168164
90	G	0.377	0.03450268
91	A	0.013	0.02451575
92	G	-0.031	0.04947141
93	A	-0.167	0.06589102
94	G	0.313	0.04609988
95	C	0.445	0.07691445
96	A	0.145	0.07546064
97	T	0.279	0.05103272
98	G	-0.515	0.05134177
99	A	-0.086	0.07702434
100	G	-0.097	0.1234748
101	A	0.051	0.1123569
102	C	0.431	0.06437391
103	T	-0.102	0.03985856
104	G	0.035	0.04942177
105	A	0.017	0.1009976
106	T	0.327	0.09670732
107	C	0.482	0.1170146
108	C	0.157	0.08702807
109	A	-0.226	0.05917549
110	T	-0.197	0.07243581
111	T	0.413	0.08501273
112	G	0.207	0.06427481
113	A	-0.146	0.01282503
114	C	0.186	-0.03968697
115	A	-0.368	-0.0457761
116	G	0.041	0.001747186
117	A	0.082	0.03843083
118	C	0.211	0.03796297
119	G	-0.272	0.04246119
120	A	-0.392	0.08827154
121	G	-0.252	0.1106553
122	T	0.072	0.1306714
123	T	0.438	0.1410072
124	C	0.315	0.1187811
125	T	0.406	0.07120217
126	C	0.270	0.08777285
127	G	0.495	0.1471917
128	C	0.500	0.1641415
129	A	-0.087	0.1884999
130	T	0.186	0.1247454
131	T	-0.228	0.06978666
132	G	-0.454	0.0040198
133	A	-0.040	-0.04711184
134	T	0.439	-0.1093329
135	C	-0.015	-0.165315
136	T	0.413	-0.1506152
137	T	-0.453	-0.1711012
138	G	-0.453	-0.129805
139	A	-0.513	-0.08402307
140	A	-0.445	-0.06422446
141	A	-0.375	-0.06547954
142	G	-0.283	-0.02798571
143	G	0.117	-0.04203929
144	A	-0.100	-0.03496286
145	C	0.349	-0.03069171
146	A	0.186	-0.02428229
147	G	0.236	0.02902314
148	C	0.421	0.03237457
149	C	0.509	0.0642785
150	T	0.216	0.07899086
151	A	-0.354	0.06554421
152	T	-0.393	0.05509071
153	A	-0.424	0.07024121
154	C	0.300	0.0848135
155	A	-0.328	0.07383514
156	C	0.163	0.04336439
157	C	0.323	0.04387081
158	A	-0.288	0.09001567
159	G	0.203	0.1080617
160	C	0.398	0.1492854
161	T	0.440	0.1538347
162	G	0.267	0.2101584
163	G	0.083	0.2266242
164	T	0.223	0.2350697
165	G	0.291	0.2771528
166	A	-0.141	0.2867388
167	C	0.152	0.2912932
168	C	0.364	0.2627144
169	T	0.459	0.252176
170	C	0.393	0.2155096
171	T	0.442	0.1787066
172	C	0.300	0.1521904
173	C	0.337	0.1913756
174	C	0.462	0.1571054
175	A	0.040	0.1264979
176	G	0.120	0.06940639
177	A	-0.430	0.07017031
178	T	-0.291	0.06413539
179	G	-0.079	0.03099824
180	C	0.407	0.02986946
181	A	-0.326	0.02939946
182	G	-0.064	0.05702605
183	C	-0.339	0.07578776
184	T	0.404	0.1018001
185	T	0.357	0.09962465
186	C	-0.163	0.08893077
187	T	0.321	0.04894941
188	C	0.455	0.07229656
189	C	0.427	0.0513181
190	A	0.383	0.07715011
191	C	-0.065	0.04187339
192	G	-0.321	-0.004065329
193	A	-0.229	0.02222924
194	A	-0.152	0.03074117
195	G	0	0.02738517
 196	G	-0.358	0.01704667
197	A	0.021	-0.002914186
198	T	-0.089	0.03196686
199	G	-0.285	0.08662579
200	T	0.204	0.1329411
201	C	0.440	0.1737561
202	C	0.408	0.2040226
203	A	0.282	0.2597856
204	G	0.103	0.2907735
205	C	0.422	0.3289543
206	C	0.443	0.3755096
207	T	0.418	0.3927719
208	C	0.418	0.3612807
209	C	0.423	0.3090226
210	G	0.422	0.257497
211	G	0.455	0.2277673
212	C	0.444	0.1610417
213	A	0.366	0.1436495
214	C	0.446	0.1175693
215	C	0	0.09315662
 216	T	-0.323	0.09328862
217	A	-0.438	0.07256112
218	A	-0.312	0.07138384
219	A	-0.511	0.06460734
220	C	0.199	0.05287662
221	T	0.053	0.04502134
222	G	0.077	0.07110005
223	C	0.425	0.09825702
224	A	0.132	0.1563746
225	G	0.439	0.1888279
226	C	0.350	0.2211094
227	T	0.202	0.1711595
228	C	0.336	0.1400024
229	T	0.365	0.1471957
230	G	0.057	0.1110508
231	C	0.375	0.1202291
232	A	0.141	0.1157255
233	C	-0.059	0.1009055
234	A	-0.499	0.08017656
235	A	-0.382	0.03150592
236	G	0.177	-0.01742229
237	A	-0.080	-0.03858734
238	C	0.260	-0.04041662
239	G	0.376	-0.05923991
240	T	0.142	-0.04869366
241	T	-0.088	-0.01532497
242	T	-0.345	0.00984045
243	A	-0.319	-0.02817876
244	A	-0.239	-0.03214994
245	C	0.349	-0.06289501
246	C	-0.121	-0.06634959
247	A	0.087	-0.09426009
248	T	-0.032	-0.1086414
249	A	-0.030	-0.1150322
250	G	-0.354	-0.07246837
251	G	-0.136	-0.06965116
252	A	-0.169	-0.07741623
253	C	0.327	-0.03526809
254	A	-0.248	-0.02279146
255	A	-0.289	-0.001211936
256	A	-0.434	-0.02593186
257	T	0.276	0.01400957
258	G	-0.199	0.05373821
259	G	0.240	0.09521114
260	T	0.468	0.1025552
261	C	0.262	0.1461027
262	A	0.269	0.1695353
263	T	-0.376	0.2273987
264	G	0.204	0.2117463
265	C	0.420	0.1977098
266	C	0.411	0.1681956
267	C	0.430	0.1475886
268	A	0.361	0.1588002
269	G	0.038	0.1681835
270	C	0.375	0.2233212
271	T	0.056	0.2115659
272	G	-0.396	0.1922668
273	A	-0.172	0.1952954
274	G	0.179	0.1404265
275	C	0.419	0.1266692
276	C	0.401	0.1332063
277	T	0.395	0.1395712
278	G	0.040	0.1678975
279	G	0.149	0.2313367
280	T	0.453	0.2643188
281	T	-0.337	0.2162082
282	T	0.168	0.1593801
283	C	0.130	0.1197903
284	T	0.464	0.1102443
285	C	0.453	0.1418651
286	T	0.491	0.16438
287	C	0.289	0.1263233
288	T	-0.493	0.1308883
289	A	-0.376	0.1404911
290	A	-0.153	0.1048714
291	G	0.261	0.05716409
292	T	0.482	-0.003286193
293	T	0.465	-0.07142541
294	T	-0.079	-0.09700942
295	T	-0.273	-0.03058492
296	T	0.303	0.02499865
297	T	-0.368	0.06738322
298	A	-0.203	0.08042294
299	A	-0.392	0.02956858
300	T	-0.462	-0.01100335
301	T	-0.068	-0.03117016
302	C	0.436	-0.03187744
303	T	0.402	-0.03492616
304	T	0.440	0.008195771
305	C	0.444	0.0336977
306	A	-0.229	0.09319513
307	T	-0.102	0.1443158
308	T	-0.361	0.1183753
309	T	-0.283	0.07217643
310	T	0.260	0.02527893
311	C	0.235	0.01620257
312	G	0.153	-0.02932079
313	C	0.440	-0.04627414
314	C	0.253	-0.02642593
315	A	-0.432	-0.01190064
316	A	-0.210	-0.005108429
317	T	-0.254	-0.02973172
318	T	0.313	-0.05598565
319	G	-0.192	-0.03725244
320	G	-0.466	-0.04248679
321	T	0.175	-0.08360372
322	A	-0.158	-0.04133494
323	A	-0.188	-0.05696551
324	A	-0.084	-0.04763029
325	G	-0.132	-0.07335243
326	T	0.415	-0.08783143
327	T	0.366	-0.08341471
328	T	-0.321	-0.07981643
329	T	0.159	-0.08355321
330	T	-0.429	-0.05747493
331	T	-0.123	-0.03355271
332	T	-0.046	-0.00809785
333	T	-0.395	-0.02016292
334	T	-0.404	-0.06250871
335	T	0.225	-0.00841785
336	T	-0.210	0.009169579
337	C	0.176	0.06491079
338	C	0.250	0.09437879
339	T	0.223	0.09208369
340	C	0.246	0.1356569
341	G	-0.226	0.1753402
342	C	0.435	0.178515
343	C	0.405	0.2053481
344	G	0.350	0.220368
345	C	0.288	0.2113612
346	T	-0.078	0.2060273
347	G	0.214	0.2106204
348	T	0.151	0.2585088
349	C	0.269	0.2404201
350	G	0.165	0.234687
351	C	0.386	0.2403575
352	C	0.124	0.2390564
353	A	0.149	0.2359843
354	C	0.311	0.2206648
355	T	0.444	0.2238553
356	G	0.182	0.2079042
357	G	0.325	0.2173689
358	C	0.430	0.186854
359	T	0.270	0.1905107
360	T	-0.121	0.1614106
361	G	0	0.1690233
 362	G	0.195	0.1628309
363	A	0.046	0.1343398
364	C	0.297	0.08914701
365	T	-0.040	0.05415346
366	G	0.175	0.06996846
367	A	-0.258	0.08743946
368	C	0.417	0.05605875
369	A	0.357	0.08024189
370	T	-0.216	0.06728339
371	T	-0.307	0.03714461
372	T	-0.059	0.02425417
373	C	0.491	-0.001779686
374	A	0.122	0.02782981
375	G	-0.439	0.004415743
376	T	0.534	-0.01564207
377	T	-0.134	-0.01367471
378	T	-0.124	-0.01329329
379	A	-0.220	0.02587619
380	C	-0.188	0.01503647
381	T	0.156	0.03301783
382	A	0.090	0.09407976
383	C	0.076	0.06140221
384	A	-0.189	0.07330668
385	A	-0.301	0.07311975
386	T	0.488	0.08522903
387	C	0.340	0.09348915
388	T	0.374	0.05826929
389	T	0.415	0.03631779
390	C	0.076	0.01340361
391	T	0.031	-0.006055536
392	A	-0.126	0.01153686
393	T	-0.051	-0.001263707
394	G	-0.072	0.001970007
395	T	-0.336	0.006622364
396	G	-0.217	-0.002783136
397	A	-0.243	0.002318264
398	A	-0.461	0.004179557
399	G	-0.055	-0.01082744
400	C	0.309	-0.005664536
401	T	0.385	-0.02209594
402	G	0.439	0.03367984
403	C	0.283	0.0491972
404	T	0.148	0.04861677
405	T	0.057	0.05094906
406	T	-0.337	0.03487694
407	G	0.021	0.04653237
408	A	-0.302	0.05004444
409	C	0.444	0.01865316
410	A	0	0.03462201
 411	C	-0.252	0.03741823
412	A	-0.429	0.0227169
413	A	-0.280	0.07989983
414	T	0.472	0.096556
415	C	0.434	0.08798257
416	T	0	0.02909971
 417	A	0.507	5.057143e-05
418	C	0.187	-0.01705386
419	A	-0.147	0.02157621
420	T	0.463	0.04826101
421	T	0.254	-0.002160064
422	G	-0.422	-0.002498921
423	T	-0.380	0.004012379
424	A	-0.406	-0.0007919786
425	A	-0.491	-0.003612407
426	T	0.111	-0.01209398
427	A	0.093	-0.04930508
428	G	-0.233	-0.07468508
429	T	0.429	-0.07794279
430	G	0.091	-0.08133351
431	C	0.440	-0.08820894
432	T	0.147	-0.05838585
433	A	-0.266	-0.08724021
434	C	-0.057	-0.1197736
435	A	-0.101	-0.1357331
436	G	-0.468	-0.1300285
437	A	-0.427	-0.1749899
438	A	-0.502	-0.1801825
439	A	-0.073	-0.2239603
440	T	-0.292	-0.222594
441	G	-0.362	-0.2531878
442	A	-0.456	-0.2749226
443	A	0.509	-0.2401435
444	G	-0.538	-0.1888953
445	T	0.367	-0.1788621
446	T	-0.465	-0.2068201
447	G	-0.247	-0.2175843
448	A	-0.485	-0.2044073
449	A	-0.405	-0.1872958
450	C	0.018	-0.1993076
451	C	0.289	-0.1662996
452	A	-0.362	-0.1634629
453	A	-0.465	-0.130245
454	A	-0.442	-0.08276131
455	T	-0.177	-0.01778339
456	T	-0.217	0.03826633
457	A	0.341	0.009004543
458	C	-0.076	-0.02491067
459	C	0.407	0.01747061
460	A	0	0.07623869
 461	C	0.417	0.1194552
462	C	0.423	0.1507139
463	T	0.379	0.1876079
464	G	-0.391	0.1651486
465	A	-0.184	0.142164
466	G	0.230	0.07506331
467	T	0.357	0.04105803
468	T	0.162	0.02091589
469	G	0.259	0.006284529
470	C	0.299	0.009180529
471	T	0.027	0.06865753
472	T	-0.397	0.09766617
473	A	-0.532	0.06560439
474	A	-0.476	0.04007696
475	G	0.135	0.0232532
476	C	0.219	-0.0032898
477	T	0.419	-0.02936924
478	G	0.441	-0.01996762
479	C	0.221	0.03955988
480	T	-0.218	0.1081777
481	A	0	0.1744545
 482	C	-0.073	0.1859409
483	A	-0.111	0.1447213
484	A	-0.065	0.08573766
485	C	0.158	0.05421052
486	C	0.435	0.06215045
487	A	0.428	0.09705802
488	C	0.451	0.1181567
489	C	0.296	0.1546174
490	A	-0.358	0.1626026
491	G	-0.405	0.1352811
492	A	0	0.1078629
 493	G	0.332	0.07235856
494	C	0.270	0.02351921
495	T	0.295	0.00360785
496	C	0.437	0.008808136
497	T	0	0.04674878
 498	T	-0.448	0.06477678
499	A	-0.225	0.04386028
500	T	-0.061	0.03974221
501	T	-0.255	0.05007178
502	G	0.173	0.05693028
503	C	0.368	0.04163028
504	T	0.173	0.07034778
505	A	-0.153	0.1231765
506	G	-0.292	0.1413578
507	G	0.274	0.1691405
508	G	0.415	0.2061022
509	C	0.391	0.2210218
510	T	0.222	0.2233017
511	G	0.402	0.2213007
512	C	0.291	0.259199
513	C	0.029	0.2974701
514	A	0.327	0.2859724
515	C	0.262	0.2553789
516	C	0.381	0.2069725
517	A	0.400	0.2054146
518	C	0.145	0.2109135
519	C	0.377	0.1837362
520	A	0.242	0.1614664
521	C	0.113	0.1703927
522	C	-0.012	0.1272267
523	A	-0.286	0.1089713
524	C	0.201	0.1112327
525	C	0.479	0.1133627
526	A	-0.088	0.1152082
527	G	-0.282	0.1296408
528	T	0.452	0.1107958
529	T	-0.342	0.1087433
530	C	0.126	0.1354522
531	T	0.432	0.1238381
532	G	0.174	0.1046706
533	C	0.402	0.1321676
534	C	0.445	0.1834404
535	A	-0.150	0.1825293
536	G	-0.041	0.224539
537	A	0.087	0.2376033
538	T	0.038	0.2289166
539	T	0.210	0.2216258
540	C	0.295	0.1658185
541	T	0.435	0.139139
542	C	0.439	0.1864563
543	C	0.245	0.2073524
544	T	0.309	0.2335651
545	T	0.310	0.2545576
546	C	0.072	0.2288147
547	A	-0.378	0.221842
548	C	0.071	0.1770845
549	T	0.512	0.1650092
550	C	0.250	0.1764894
551	T	0.454	0.1656924
552	C	0.332	0.1655266
553	A	-0.149	0.1906651
554	G	0.198	0.2375333
555	A	-0.191	0.2382448
556	G	0.270	0.1871743
557	C	0.406	0.1376682
558	T	0.158	0.07160376
559	G	0.308	0.07987754
560	C	0.424	0.08841945
561	C	0.277	0.09116352
562	A	0.081	0.1360974
563	G	-0.202	0.1510774
564	A	-0.442	0.1420961
565	A	-0.470	0.1068409
566	T	0.448	0.1024915
567	C	-0.030	0.1028854
568	T	0.236	0.1149805
569	C	0.437	0.1394113
570	C	0.480	0.1703419
571	T	0.280	0.2356886
572	T	-0.335	0.2349531
573	C	0.247	0.1696484
574	G	0.430	0.1531176
575	C	0.447	0.1152951
576	T	0.423	0.1066735
577	C	0.230	0.0802785
578	C	0.472	0.08348986
579	T	-0.480	0.1237026
580	A	-0.466	0.1326746
581	G	-0.261	0.1286919
582	A	-0.292	0.1117631
583	G	0.317	0.1115623
584	G	0.110	0.1199899
585	G	0.325	0.1215899
586	G	0.227	0.1698666
587	C	0.373	0.2003987
588	G	0.374	0.2500668
589	C	0.210	0.2813243
590	T	0.420	0.2497584
591	C	0.348	0.2429358
592	T	0.494	0.2069983
593	G	0.195	0.1782732
594	T	-0.038	0.1670338
595	C	0.433	0.1592009
596	A	0.144	0.1740652
597	C	-0.124	0.1735307
598	A	0.015	0.1523318
599	A	-0.177	0.1125348
600	G	-0.174	0.09858553
601	C	0.215	0.07335639
602	A	0.264	0.02219524
603	C	0.418	0.007965179
604	C	0.413	0.04683775
605	A	0.051	0.07069229
606	G	-0.062	0.07575001
607	C	0	0.07589044
 608	A	-0.391	0.05822596
609	A	-0.282	0.03031161
610	T	-0.054	0.02511011
611	C	0.419	-0.003113343
612	C	0.349	0.00536255
613	A	-0.106	0.007032286
614	G	-0.172	0.037755
615	C	-0.031	0.09573936
616	A	-0.125	0.1195136
617	A	0.345	0.09669244
618	C	0.018	0.07367519
619	T	0.170	0.06415826
620	G	-0.038	0.08355248
621	C	0.430	0.1069574
622	G	0.419	0.07414331
623	G	0.050	0.05567852
624	A	-0.373	-0.001688407
625	T	0.097	-0.002979671
626	C	0.215	0.003870186
627	T	0.165	-0.02260601
628	C	0.154	-0.05152599
629	A	-0.490	-0.08637324
630	A	-0.384	-0.10364
631	G	-0.457	-0.07572291
632	A	0	-0.05090038
 633	C	0.266	-0.06441219
634	A	-0.409	-0.04830619
635	A	0.025	-0.03179655
636	C	-0.067	0.02414895
637	T	-0.191	0.06181216
638	A	0.016	0.07861345
639	C	0.444	0.1142884
640	A	0.026	0.08798695
641	C	0.390	0.1190761
642	A	0.386	0.1431984
643	C	0.292	0.1553936
644	A	0.142	-
645	C	-0.222	-
646	T	0.499	-
647	A	-0.102	-
648	T	0.025	-
649	C	0.362	-
650	G	0.102	-
