1	G	-0.363	-
2	G	-0.268	-
3	A	-0.326	-
4	T	0.377	-
5	G	0.086	-0.00953847
6	T	0.258	-0.00599807
7	G	0.118	0.00357923
8	G	0.219	0.05698633
9	C	0.058	0.05926203
10	A	-0.255	0.08415227
11	A	-0.328	0.02985317
12	A	-0.172	-0.02562153
13	T	0.207	-0.08786473
14	C	0.400	-0.1115504
15	C	0.335	-0.1057106
16	A	-0.284	-0.0409389
17	A	-0.435	0.0084952
18	A	-0.402	0.0110788
19	T	-0.178	-0.0168325
20	A	-0.196	-0.0024606
21	T	0.319	0.0772523
22	T	0.321	0.1641484
23	G	0.233	0.2212111
24	G	0.121	0.2695341
25	C	0.478	0.2419623
26	C	0.512	0.2252322
27	A	0.433	0.2013715
28	T	0.167	0.1313324
29	T	0.304	0.07911522
30	G	-0.472	-0.01151598
31	G	0.152	-0.04779438
32	A	0.082	-0.05587628
33	G	-0.467	-0.02842778
34	A	-0.401	-0.01680378
35	A	-0.427	0.05161442
36	G	0.149	0.03975156
37	G	0.352	0.06815404
38	C	0.442	0.1564911
39	T	0.420	0.2148093
40	G	0.211	0.2874139
41	C	0.033	0.2940366
42	T	0.366	0.2920763
43	G	0.416	0.2915913
44	G	0.182	0.2855125
45	T	0.298	0.2806989
46	G	0.216	0.3184386
47	T	0.332	0.3018191
48	C	0.437	0.2999412
49	C	0.360	0.2959696
50	T	0.163	0.2870266
51	G	0.410	0.2923191
52	C	0.200	0.2772832
53	C	0.397	0.2500127
54	T	0.142	0.2448811
55	G	0.209	0.2736844
56	C	0.269	0.2717726
57	T	0.182	0.2623128
58	G	0.164	0.2520693
59	T	0.308	0.2144339
60	C	0.451	0.2268637
61	C	0.391	0.2311174
62	A	0.105	0.2467449
63	G	0.295	0.2812011
64	G	-0.233	0.2634253
65	A	0.333	0.2455864
66	G	0.311	0.2552906
67	C	0.338	0.2585899
68	T	0.509	0.2762583
69	G	0.130	0.312214
70	A	0.273	0.244806
71	C	0.488	0.1753771
72	C	0.138	0.098917
73	A	0.471	0.005108
74	C	0.125	-0.0513848
75	A	-0.340	-0.1085644
76	A	-0.382	-0.17205
77	T	-0.425	-0.1524213
78	G	-0.428	-0.1727348
79	A	-0.433	-0.1425234
80	A	-0.298	-0.0641978
81	A	-0.146	0.0079881
82	C	0.335	0.0762115
83	C	0.268	0.1508016
84	T	0.427	0.2057402
85	T	0.442	0.1844373
86	T	0.339	0.2079354
87	C	0.256	0.1508943
88	C	0.316	0.09450669
89	T	0.115	0.08819669
90	A	-0.511	0.03096689
91	A	0.088	0.01619019
92	G	-0.235	-0.02197211
93	T	-0.295	-0.08091821
94	G	0.364	-0.1017095
95	T	-0.129	-0.0545212
96	G	0.191	-0.05540643
97	A	-0.125	-0.05641423
98	T	-0.272	-0.01469163
99	G	-0.092	-0.02329823
100	C	-0.039	0.02979427
101	A	0.080	0.04074307
102	T	-0.245	0.00821627
103	G	0.121	0.01508047
104	C	0.278	0.01987194
105	T	0.401	0.06467792
106	C	0.300	0.09397556
107	G	-0.450	0.1014018
108	A	-0.203	0.06044496
109	G	-0.044	-0.02031714
110	C	0.408	-0.03900374
111	C	0.373	-0.08058594
112	C	-0.170	-0.00051304
113	A	-0.287	0.05718756
114	A	-0.529	0.093907
115	T	0.214	0.0985155
116	G	-0.114	0.06666548
117	C	0.350	0.03107458
118	C	0.373	0.03835488
119	C	0.322	0.08234522
120	C	0.454	0.07342232
121	A	0.054	0.07815365
122	A	-0.526	0.09156235
123	G	-0.214	0.01148345
124	T	-0.089	-0.03375095
125	G	0.125	-0.1264461
126	T	-0.067	-0.1565698
127	G	0.484	-0.09972738
128	A	-0.427	-0.118784
129	A	-0.129	-0.1433036
130	A	-0.472	-0.2044054
131	T	-0.246	-0.2305081
132	T	0.041	-0.3210784
133	A	-0.405	-0.3067349
134	A	-0.334	-0.2632615
135	A	-0.485	-0.2111049
136	T	-0.328	-0.181457
137	A	-0.421	-0.1800335
138	G	-0.284	-0.119329
139	A	0.304	-0.07099031
140	G	0.049	-0.07111991
141	T	0.049	-0.08385221
142	G	0.055	-0.08750471
143	G	0.201	-0.1101534
144	T	0.148	-0.1433287
145	A	-0.487	-0.1306736
146	G	-0.456	-0.08578933
147	A	-0.457	-0.09328277
148	A	-0.510	-0.1329934
149	A	-0.026	-0.1903845
150	C	0.175	-0.1865963
151	C	0.498	-0.1918181
152	A	-0.019	-0.2004997
153	A	-0.195	-0.17262
154	G	-0.424	-0.1947818
155	A	-0.449	-0.1831507
156	A	-0.508	-0.1923235
157	A	-0.544	-0.1760865
158	A	-0.231	-0.1158381
159	G	-0.248	-0.06627023
160	G	0.291	0.00119187
161	C	0.406	0.01201077
162	A	0.143	0.05035137
163	G	0.407	0.09352537
164	G	0.070	0.1400309
165	T	0.225	0.1431203
166	T	-0.400	0.1235316
167	T	-0.161	0.109209
168	G	0.199	0.1112114
169	C	0.216	0.0657052
170	T	0.322	-0.0006144
171	G	0.211	-0.0081658
172	G	0	-0.0130905
 173	T	0.427	-0.0555742
174	G	-0.384	-0.0936416
175	A	-0.437	-0.114026
176	A	-0.475	-0.0951153
177	G	-0.210	-0.0723845
178	A	-0.224	-0.0713426
179	G	-0.164	-0.03530039
180	G	0.118	-0.0006012
181	T	0.400	0.04308051
182	G	0.227	0.02283131
183	G	0.437	0.02112331
184	T	-0.023	0.05753431
185	G	-0.090	0.05273009
186	C	-0.038	0.01659704
187	A	-0.413	-0.04061636
188	A	-0.242	-0.1359203
189	G	0.200	-0.1778884
190	C	0.070	-0.2214662
191	G	0.038	-0.2015602
192	A	-0.344	-0.1057318
193	A	-0.515	-0.03762837
194	T	-0.443	-0.01840787
195	A	-0.526	0.01654865
196	G	0.160	0.0553642
197	C	0.545	0.1407601
198	T	0.438	0.2103022
199	A	0.392	0.2939508
200	C	0.420	0.356322
201	C	0.426	0.3171413
202	T	0.509	0.2673822
203	C	0.179	0.2640267
204	A	0.392	0.2411132
205	C	0.097	0.1785905
206	G	-0.231	0.1038527
207	A	0.047	0.01277645
208	G	0.405	0.00248858
209	C	0.163	-0.07431012
210	A	-0.204	-0.04751745
211	A	-0.320	0.02550535
212	A	-0.401	-0.01457037
213	T	0.077	-0.05963725
214	A	-0.375	-0.06065495
215	C	0.364	-0.06462785
216	T	0.498	-0.08355945
217	G	-0.353	0.00264605
218	T	-0.045	0.01046022
219	A	0.152	0.06318252
220	C	-0.244	0.07205292
221	A	-0.509	0.06993552
222	T	0.460	0.05788502
223	G	0.155	0.0107015
224	T	0.152	-0.0528011
225	C	0.453	-0.0084284
226	C	0.477	0.0161643
227	A	-0.473	-0.0103305
228	A	-0.517	-0.0654282
229	A	-0.482	-0.0984007
230	G	0.199	-0.1973133
231	C	-0.263	-0.2974415
232	A	0.195	-0.2208647
233	G	-0.395	-0.1354056
234	A	-0.177	-0.0449486
235	A	-0.535	-0.0469588
236	T	-0.523	-0.03023127
237	G	0.292	-0.06013017
238	G	0.337	-0.04305647
239	G	0.422	0.02011003
240	T	0.179	0.1161634
241	G	-0.096	0.1633977
242	G	-0.103	0.1698614
243	A	-0.225	0.1850851
244	C	0.454	0.1554587
245	A	0.425	0.08609575
246	T	-0.051	0.1218491
247	G	0.356	0.1185917
248	C	0.489	0.17437
249	T	0.126	0.1435072
250	T	-0.514	0.1276851
251	A	0.261	0.1196583
252	C	-0.136	0.1281847
253	A	0.332	0.0922572
254	T	0.145	0.0312219
255	T	0.266	0.1192723
256	G	-0.131	0.1453126
257	C	0.441	0.1302933
258	A	0.130	0.0610479
259	T	-0.484	0.05250914
260	G	0.366	-0.00068926
261	C	0.521	0.00654976
262	A	-0.286	0.00639286
263	A	-0.359	0.01546776
264	T	0.060	0.03138266
265	G	-0.265	-0.00522264
266	T	-0.059	-0.09997594
267	G	0.440	-0.1262347
268	G	0.221	-0.143652
269	T	-0.324	-0.1474155
270	G	0	-0.1571639
 271	A	-0.426	-0.171246
272	A	-0.548	-0.1956741
273	A	-0.533	-0.2565665
274	C	0.022	-0.270633
275	G	-0.362	-0.3167622
276	A	-0.200	-0.3205459
277	C	0.196	-0.3118329
278	A	-0.387	-0.3009856
279	A	-0.465	-0.3524957
280	A	-0.461	-0.3575984
281	A	-0.463	-0.3853674
282	A	-0.461	-0.4445044
283	A	-0.425	-0.3847238
284	A	-0.492	-0.2964844
285	A	-0.413	-0.2022664
286	A	-0.477	-0.1066014
287	A	-0.395	-0.0367288
288	T	0.210	0.0450406
289	C	0.416	0.1073421
290	C	0.480	0.169393
291	T	0.492	0.1904589
292	T	0.236	0.2680625
293	T	0.392	0.239948
294	C	0.130	0.1835381
295	T	0.206	0.1082163
296	A	-0.267	0.04195677
297	C	0.380	0.00831051
298	A	-0.071	0.01098501
299	T	-0.147	0.04336621
300	A	-0.272	0.00244991
301	G	-0.169	0.01691421
302	A	-0.099	-0.00738259
303	C	0.419	0.04558424
304	T	0.454	0.06248153
305	T	-0.202	0.1107262
306	G	-0.122	0.1445164
307	T	0.137	0.1919469
308	C	0.458	0.09602259
309	A	0.021	0.08619859
310	G	0.210	0.1496727
311	A	0.168	0.1965407
312	G	0.374	0.2250545
313	A	-0.540	0.2157735
314	C	0.355	0.1692942
315	T	0.432	0.1283986
316	C	0.346	0.0633367
317	C	0.422	0.0026522
318	A	0.365	0.045576
319	G	-0.443	-0.031998
320	G	-0.198	-0.117546
321	A	-0.482	-0.1797633
322	A	-0.232	-0.217882
323	G	-0.111	-0.261404
324	A	-0.419	-0.2146529
325	A	-0.423	-0.2175606
326	A	-0.275	-0.2004184
327	G	0.041	-0.231697
328	T	-0.069	-0.2390424
329	G	0.024	-0.1769776
330	G	-0.227	-0.08753078
331	A	-0.311	-0.04132278
332	A	-0.544	-0.03979842
333	G	-0.184	-0.00399641
334	G	0.200	0.02505132
335	C	0.471	0.08934292
336	T	0.186	0.08362952
337	A	0.056	0.09535732
338	G	0.288	0.1156811
339	C	0.314	0.0797539
340	T	0.415	-0.0141923
341	G	-0.368	-0.0762287
342	A	-0.427	-0.1271738
343	A	0.018	-0.2084409
344	T	-0.158	-0.2903535
345	T	-0.468	-0.3600972
346	A	-0.434	-
347	A	-0.452	-
348	A	-0.524	-
349	A	-0.504	-
350	A	-0.282	-
