1	G	-0.430	-
2	A	-0.196	-
3	T	0.061	-
4	T	-0.212	-
5	T	-0.432	-
6	T	-0.464	-
7	A	-0.420	-0.2128247
8	A	-0.411	-0.1933514
9	A	-0.198	-0.1999014
10	T	-0.412	-0.2393642
11	G	0.144	-0.2524453
12	G	-0.108	-0.2534632
13	A	0.316	-0.2433515
14	G	-0.177	-0.2046752
15	G	-0.281	-0.1794402
16	T	-0.451	-0.1875517
17	A	-0.382	-0.1882964
18	A	-0.445	-0.2238114
19	A	-0.333	-0.2477237
20	C	0.081	-0.2875442
21	A	-0.083	-0.3144428
22	G	-0.303	-0.2688322
23	T	-0.422	-0.2175363
24	A	-0.317	-0.1605154
25	A	-0.419	-0.1026276
26	T	-0.200	-0.0647637
27	A	-0.527	-0.05803361
28	T	0.311	-0.04096962
29	G	0.214	0.002967462
30	G	0.358	0.05280931
31	C	0.306	0.08274089
32	A	0.158	0.1492707
33	G	0.169	0.1842994
34	A	0.137	0.2494067
35	G	0.267	0.2643936
36	T	0.225	0.2216565
37	C	0.071	0.1828234
38	G	0.445	0.1374317
39	T	0.254	0.1112651
40	C	0.319	0.09984528
41	A	0.506	0.1211353
42	A	-0.340	0.06998459
43	T	-0.145	0.05934486
44	A	-0.283	0.08795028
45	T	-0.181	0.0649232
46	T	0.020	0.07349728
47	T	0.414	0.08630451
48	G	-0.397	0.07462112
49	A	0.087	0.09082074
50	T	0.443	0.06891743
51	C	0.146	0.06494074
52	G	0.365	0.06709689
53	C	0.485	0.07877888
54	T	0.354	0.07569396
55	G	-0.130	0.140612
56	T	-0.430	0.170403
57	T	-0.335	0.1177807
58	T	-0.153	0.09172277
59	G	0.172	0.07610138
60	C	0.374	0.02638092
61	G	0.446	-0.04190431
62	G	0.474	-0.05713531
63	G	-0.240	0.0003612308
64	A	-0.192	0.03253619
65	A	0.162	0.05702542
66	T	-0.160	0.08037919
67	T	-0.533	0.08002035
68	A	-0.328	0.03460835
69	C	0.316	0.009399423
70	G	0.083	0.04425858
71	G	0.165	0.08063581
72	T	0.476	0.08341012
73	C	0.369	0.1273067
74	A	-0.144	0.1575832
75	A	0.146	0.1653955
76	C	0.212	0.1504702
77	G	0.280	0.1215338
78	A	0.198	0.09130146
79	T	0.409	0.03177185
80	G	-0.139	-0.01097515
81	T	-0.226	0.006707369
82	G	0.122	-0.02859517
83	C	-0.293	-0.04292592
84	A	-0.227	-0.05195631
85	A	-0.297	-0.045917
86	A	-0.185	-0.102457
87	T	0.085	-0.06508638
88	G	-0.311	-0.03303438
89	A	0.026	-0.02459023
90	T	0.163	-0.01972754
91	T	0.277	-0.009484546
92	G	-0.325	0.007360369
93	T	0.346	0.03410329
94	C	0.190	0.05468377
95	A	0.232	0.09351131
96	G	-0.229	0.1139993
97	G	-0.094	0.1275483
98	A	-0.078	0.1234953
99	T	0.161	0.1457324
100	G	0.353	0.09459793
101	T	0.192	0.05227716
102	G	0.292	0.01412862
103	C	0.339	-0.009931531
104	A	0.224	-0.0213716
105	C	-0.035	-0.04577582
106	T	-0.318	-0.05306535
107	A	-0.360	-0.04566404
108	C	-0.263	-0.03371696
109	A	-0.542	-0.03920927
110	A	-0.243	-0.05307212
111	C	-0.395	-0.05916704
112	A	0.067	-0.07979214
113	C	0.449	-0.07939806
114	C	0.348	-0.07444875
115	G	0.221	-0.08038906
116	C	0.159	-0.05362683
117	A	0.145	-0.04915345
118	G	-0.304	-0.03107268
119	A	-0.313	-0.007933462
120	G	-0.295	-0.01030562
121	C	-0.340	-0.004021846
122	A	-0.194	-0.03489008
123	A	-0.185	-0.08004977
124	A	-0.160	-0.1219477
125	C	0.367	-0.119463
126	T	0.418	-0.1010647
127	T	0.429	-0.09579965
128	G	-0.180	-0.0729176
129	A	-0.427	-0.0312046
130	G	-0.399	-0.03455106
131	A	-0.271	-0.01474015
132	A	-0.074	-0.0354044
133	A	-0.227	-0.05869732
134	G	-0.043	-0.1213941
135	G	0.347	-0.1246449
136	T	-0.228	-0.0901418
137	T	0.096	-0.02566634
138	T	0.099	0.01843789
139	C	0.115	0.03721324
140	A	-0.385	0.04061293
141	A	-0.222	0.0025798
142	G	0.020	-0.05759889
143	C	0.438	-0.0073312
144	T	0.301	0.01960289
145	T	0.169	-0.01309855
146	T	-0.183	-0.02694268
147	A	-0.537	-0.003719554
148	T	-0.434	0.0088609
149	G	0.424	-0.009171854
150	C	0.447	-0.002251085
151	A	-0.325	-0.02544916
152	T	-0.063	-0.03497452
153	T	-0.083	0.01189902
154	T	-0.058	0.03091979
155	T	-0.213	0.09496472
156	C	0.528	0.09295556
157	G	0	0.07877664
 158	T	0.045	0.1317373
159	A	0.426	0.1709025
160	C	-0.290	0.2016193
161	T	0.397	0.2286276
162	T	0.398	0.2221854
163	G	0.262	0.1669347
164	T	0.362	0.1334584
165	G	0.445	0.09558454
166	C	0.315	0.03259646
167	A	0.292	0.01481946
168	A	-0.297	-0.05326969
169	T	-0.189	-0.09739485
170	T	-0.435	-0.1273337
171	A	-0.446	-0.1890294
172	T	-0.392	-0.2423516
173	A	-0.521	-0.2725608
174	A	-0.487	-0.3262996
175	A	-0.175	-0.2809718
176	G	-0.126	-0.2503919
177	G	-0.439	-0.1796508
178	T	-0.248	-0.1641902
179	A	-0.076	-0.1191065
180	A	-0.406	-0.09569575
181	C	0.291	-0.04838183
182	A	0.208	-0.04820398
183	T	0.484	-0.06330798
184	T	-0.245	-0.04652675
185	A	0.193	0.004592938
186	T	-0.217	-0.01184
187	G	0.127	0.05341746
188	T	-0.172	-0.0006393077
189	G	-0.322	-0.02892008
190	A	-0.221	-0.09396569
191	T	0.416	-0.05141931
192	T	-0.290	-0.03275685
193	C	0.442	-0.002897231
194	A	-0.411	-0.03227915
195	G	-0.159	-0.04515262
196	A	-0.361	-0.05741538
197	G	0.307	-0.07218562
198	C	0.436	-0.1294473
199	T	0.171	-0.1424193
200	A	-0.254	-0.1964215
201	G	-0.340	-0.1883302
202	A	-0.482	-0.1883264
203	A	-0.413	-0.1729928
204	A	-0.327	-0.1609749
205	A	-0.459	-0.1588574
206	T	-0.259	-0.1359698
207	T	-0.305	-0.1325937
208	A	-0.159	-0.1261992
209	T	-0.161	-0.09276705
210	G	0.463	-0.1006038
211	C	0.463	-0.08989966
212	A	0.468	-0.02742966
213	T	-0.210	0.01504088
214	G	-0.257	0.06847288
215	T	-0.047	0.09146365
216	T	-0.515	0.09034234
217	A	-0.188	0.04090488
218	C	0.353	-0.01874389
219	T	0.292	-0.02313451
220	C	0.388	-0.006952738
221	C	0.139	-0.01305997
222	A	-0.176	-0.02495192
223	T	-0.178	0.01597167
224	T	-0.311	0.0426479
225	C	0.411	0.03932682
226	T	0	0.05514698
 227	G	-0.336	0.01043282
228	G	-0.202	0.03477944
229	A	0.016	0.07950536
230	G	0.158	0.1181876
231	C	0.309	0.1146674
232	G	0.497	0.07940622
233	G	-0.192	0.1145406
234	A	0.455	0.1684432
235	C	0.405	0.2207614
236	A	0.324	0.207002
237	T	-0.357	0.171416
238	T	-0.046	0.1256476
239	C	0.456	0.05695424
240	A	0.364	0.03888378
241	T	0.477	-0.03282422
242	C	-0.161	-0.09291107
243	A	-0.304	-0.09575807
244	G	-0.285	-0.03879884
245	A	-0.395	0.0001826923
246	A	-0.427	-0.03120772
247	A	-0.476	-0.06491101
248	A	-0.376	-0.07022332
249	T	0.287	-0.02325678
250	C	0.382	0.03600061
251	C	0.459	0.03041553
252	A	0.048	0.03774692
253	T	-0.073	0.04594976
254	G	0.408	0.09478915
255	C	0.448	0.1180215
256	C	0.465	0.1170846
257	T	-0.357	0.1086644
258	A	-0.299	0.103997
259	T	-0.320	0.1070829
260	C	0.158	0.07661168
261	A	-0.074	0.06159707
262	T	0.274	0.03985922
263	G	0.273	-0.004892854
264	C	0.399	0.03451792
265	C	0.088	0.0906803
266	A	-0.469	0.1419093
267	T	0.213	0.1575486
268	C	0.166	0.1948087
269	A	-0.115	0.2087045
270	T	0.154	0.2134826
271	C	0.430	0.2039301
272	T	0.345	0.2164347
273	G	0.362	0.2226538
274	C	0.410	0.1912632
275	T	0.455	0.1367626
276	G	0.335	0.1159687
277	G	0.275	0.1040713
278	T	0.251	0.05091277
279	T	-0.389	0.05835923
280	A	-0.194	0.05966638
281	A	-0.542	0.060266
282	T	-0.386	0.05848777
283	A	0	0.06318677
 284	G	-0.260	0.05509554
285	C	0.441	0.06077223
286	T	0.379	0.1257875
287	C	0.418	0.1445013
288	C	0.432	0.2044653
289	T	0.396	0.1969569
290	G	0.169	0.2077799
291	C	0.325	0.2515354
292	T	0.456	0.2404062
293	C	0.048	0.2450557
294	T	0.237	0.2309718
295	T	-0.483	0.2272418
296	C	0.140	0.2259258
297	T	0.308	0.2245576
298	G	0.297	0.160145
299	T	0.439	0.1356096
300	G	0.235	0.1336966
301	G	0.383	0.1095943
302	C	0.379	0.173048
303	T	0.152	0.1706047
304	G	-0.512	0.1779493
305	A	0.137	0.1853011
306	C	0.023	0.154852
307	A	-0.076	0.1351023
308	G	0.340	0.138276
309	T	0.108	0.08651438
310	G	0.403	0.03336154
311	G	0.392	0.06199785
312	G	0.043	0.04449034
313	A	-0.021	0.01819472
314	T	0.425	-0.01421825
315	T	-0.293	-0.06148272
316	T	-0.538	-0.0433441
317	G	-0.139	-0.07519775
318	C	-0.090	-0.1199583
319	A	-0.317	-0.135745
320	A	-0.497	-0.1213845
321	A	-0.273	-0.1761
322	C	0.344	-0.1436968
323	A	-0.010	-0.06669292
324	T	-0.189	-0.04961253
325	T	-0.161	-0.05197702
326	T	0.164	-0.03703502
327	G	-0.286	0.03706282
328	G	0.127	0.02015152
329	T	0.462	-0.04262102
330	T	0.082	-0.02222815
331	G	-0.121	0.02781378
332	C	-0.123	0.04517709
333	T	0.465	0.01173632
334	T	-0.493	0.01162763
335	T	-0.471	0.01284025
336	G	0.254	0.008104323
337	C	0.461	0.03535278
338	T	0.064	0.02782985
339	T	-0.269	0.01261885
340	T	-0.287	-0.01412953
341	T	0.143	0.04342401
342	C	0.400	0.08548155
343	C	0.436	0.08373793
344	A	-0.219	0.07510224
345	G	-0.321	0.08920369
346	A	0.117	0.1272452
347	C	0.254	0.1354308
348	A	0.075	0.09861154
349	G	0.231	0.03902385
350	C	0.349	-0.005832462
351	C	0.247	0.03765531
352	C	0.224	0.09571954
353	A	-0.181	0.1037668
354	A	-0.334	0.09789092
355	T	-0.374	0.06893569
356	A	-0.146	0.01830992
357	C	0.346	-0.05040708
358	T	0.433	-0.102382
359	C	0.222	-0.086456
360	T	0.178	-0.03877731
361	G	-0.300	-0.005723523
362	A	-0.426	0.01844165
363	A	-0.544	0.02091111
364	A	-0.428	-0.0246482
365	T	0.431	-0.09357835
366	G	0.438	-0.07547412
367	T	0.094	-0.1143277
368	G	-0.059	-0.09288088
369	T	-0.114	-0.04896927
370	A	-0.245	0.02819142
371	A	-0.462	0.08633435
372	T	0.457	0.03307104
373	T	-0.326	-0.03285788
374	T	-0.022	-0.06334752
375	G	0.144	-0.07933315
376	C	0.458	-0.04169761
377	A	0.327	-0.008535762
378	T	-0.260	0.06230239
379	G	-0.418	0.02835206
380	A	-0.301	0.02419822
381	A	-0.267	0.02145882
382	C	0.374	0.0404039
383	C	0.185	-0.003593485
384	A	0.458	-0.06294125
385	T	0.016	-0.05994672
386	G	-0.380	-0.02276038
387	A	-0.057	-0.001188223
388	A	0.390	0.05335508
389	C	-0.112	0.04810432
390	A	-0.443	0.03687088
391	A	-0.221	0.01058111
392	T	0.065	-0.01405672
393	G	-0.021	-0.009988869
394	G	0.441	-0.03713933
395	T	0.306	-0.102165
396	T	0.039	-0.1179939
397	T	0.116	-0.1098635
398	G	-0.303	-0.1099581
399	G	-0.327	-0.09878282
400	A	-0.410	-0.06064875
401	A	-0.454	-0.08350344
402	T	-0.318	-0.1001103
403	G	-0.338	-0.1174878
404	G	-0.222	-0.1524213
405	A	0.210	-0.1446965
406	T	0.474	-0.093406
407	C	0.144	-0.02797177
408	A	0.090	0.001969892
409	A	-0.186	0.03058253
410	T	-0.337	0.04270715
411	T	-0.203	0.06589116
412	A	0.339	0.01732301
413	T	0.439	-0.06048399
414	G	-0.065	-0.1097459
415	T	0.053	-0.1477694
416	G	-0.180	-0.1174824
417	T	0.078	-0.05931268
418	T	-0.421	-0.0097283
419	A	-0.536	-0.02360192
420	A	-0.496	-0.05264912
421	G	-0.403	-0.06145247
422	T	0.206	-0.09717642
423	T	0.418	-0.1132926
424	C	0.441	-0.1506419
425	C	0.158	-0.1191519
426	A	0.062	-0.06281098
427	T	-0.179	-0.05426875
428	G	-0.411	-0.04516721
429	A	-0.390	-0.0903699
430	A	-0.407	-0.09335759
431	A	-0.011	-0.1414372
432	C	0.195	-0.1208411
433	A	-0.385	-0.0964557
434	G	-0.285	-0.07185732
435	A	-0.380	0.0005344538
436	G	0.379	-0.004240315
437	G	-0.183	0.03942953
438	G	0.426	0.03423033
439	G	0.379	0.02019719
440	T	0.140	0.02445442
441	G	0.529	0.07990004
442	A	-0.452	0.08904873
443	T	0.160	0.04694142
444	T	-0.079	0.06845707
445	T	0.013	0.06288784
446	A	-0.329	0.06756115
447	T	0.435	0.07028722
448	T	-0.261	0.001863762
449	T	-0.167	0.03890583
450	A	0.095	-0.003980092
451	T	0.354	0.005231623
452	C	0.440	-0.01540132
453	T	0.175	-0.003768085
454	A	-0.359	-0.02922693
455	T	0.029	-0.04049278
456	T	-0.396	-0.03228583
457	T	0.040	-0.07258471
458	A	-0.255	-0.1350116
459	T	-0.178	-0.1889302
460	T	0.104	-0.2011599
461	T	-0.408	-0.1985584
462	A	-0.060	-0.1867887
463	A	-0.427	-0.1416605
464	T	-0.457	-0.1600078
465	A	-0.260	-0.1297033
466	C	0.016	-0.1326931
467	G	-0.325	-0.1171649
468	T	0.182	-0.05552009
469	A	0.189	-0.01491127
470	T	-0.197	0.04143781
471	C	0.138	0.04510988
472	A	-0.217	0.03038904
473	G	0.306	-0.003672615
474	C	0.393	-0.01682354
475	C	0.466	-0.03611714
476	C	0.304	-0.03488729
477	A	-0.409	0.01417055
478	A	-0.452	0.03639417
479	A	-0.426	0.08585617
480	T	-0.496	0.07561932
481	A	-0.068	0.08444163
482	C	0.205	0.04059471
483	C	0.439	-0.0152136
484	T	0.427	0.0146261
485	C	0.425	0.0414871
486	T	0.173	0.1016835
487	C	0.507	0.1417815
488	T	-0.103	0.175614
489	A	-0.420	0.1262985
490	T	-0.021	0.05968598
491	G	-0.103	-0.003398485
492	C	0.356	-0.05579487
493	A	0.024	-0.08825218
494	C	0.371	-0.1464247
495	A	-0.435	-0.1281053
496	A	-0.426	-0.1167579
497	G	-0.392	-0.1490933
498	T	-0.255	-0.1643596
499	A	-0.248	-0.222547
500	A	-0.248	-0.2635409
501	C	0.135	-0.3214121
502	A	-0.273	-0.3076925
503	G	-0.442	-0.2566563
504	A	-0.301	-0.2348098
505	A	-0.400	-0.2170793
506	G	-0.508	-0.1637391
507	A	-0.380	-0.1288886
508	A	-0.256	-0.1578496
509	G	0.237	-0.1302263
510	C	-0.108	-0.07069576
511	A	-0.025	-0.02443553
512	C	0.444	0.01569901
513	C	0.204	0.04260193
514	G	-0.241	0.03690662
515	T	0.085	0.02248485
516	G	0.331	-0.03223053
517	C	0.299	-0.05490068
518	T	0.121	-0.07421815
519	G	-0.158	-0.1433612
520	A	-0.454	-0.1647665
521	G	-0.444	-0.185035
522	A	-0.474	-0.2080261
523	A	-0.403	-0.2027578
524	A	-0.276	-0.1862033
525	A	-0.454	-0.2023677
526	C	-0.073	-0.2138864
527	A	-0.504	-0.190072
528	A	-0.213	-0.1916583
529	C	0.400	-0.120701
530	T	0.515	-0.1032115
531	G	-0.088	-0.08972671
532	A	-0.308	-0.08775509
533	T	-0.145	-0.04958995
534	T	-0.465	-0.007448938
535	C	0.448	0.007155515
536	A	-0.175	-0.02895576
537	A	-0.100	-0.1051835
538	T	-0.428	-0.0930137
539	G	0.422	-0.06230355
540	G	0.042	-0.0113647
541	T	-0.023	0.05974468
542	A	-0.069	0.0362493
543	T	-0.475	0.08423976
544	T	0.069	0.126963
545	G	0.090	0.1340985
546	T	0.516	0.0769963
547	T	0.459	0.07813948
548	T	0.142	0.08782926
549	C	0.448	0.08390123
550	T	0.454	0.1539044
551	G	-0.335	0.154536
552	T	-0.319	0.1621283
553	T	0.057	0.09680452
554	C	0.102	0.03681398
555	A	-0.120	-0.001822554
556	T	0.434	-0.05640348
557	C	0.077	-0.1248502
558	T	0.189	-0.13013
559	G	-0.332	-0.1291472
560	A	-0.320	-0.1649719
561	A	-0.359	-0.1942316
562	T	-0.261	-0.1849765
563	A	-0.435	-0.2251976
564	A	-0.404	-0.2304054
565	A	-0.307	-0.2207686
566	A	-0.407	-0.1943461
567	T	-0.277	-0.1498655
568	A	0	-0.1363693
 569	T	-0.088	-0.1495422
570	T	0.010	-0.1423925
571	T	0.314	-0.1439833
572	T	0.011	-0.1260418
573	T	0.257	-0.09985981
574	T	-0.183	-
575	C	-0.432	-
576	A	-0.342	-
577	A	-0.425	-
578	A	-0.073	-
579	A	-0.067	-
