1	A	-0.514	-
2	G	0.058	-
3	C	0.031	-
4	A	-0.229	-
5	A	-0.423	-
6	T	-0.025	-
7	T	0.026	-0.03140116
8	G	-0.355	-0.0009100846
9	T	0.450	-0.0200222
10	T	0.370	-0.02760856
11	T	0.216	0.006955131
12	T	-0.459	0.01605228
13	T	0.445	0.003857915
14	T	-0.118	0.01620807
15	G	-0.189	0.0700693
16	A	-0.066	0.04236014
17	T	0.219	-0.02221763
18	G	-0.305	-0.03968418
19	A	-0.184	0.0177119
20	G	0.187	0.008218208
21	C	0.344	0.05609444
22	T	0.090	0.07723581
23	A	-0.468	0.0843469
24	T	-0.010	0.03393067
25	T	0.286	0.02619659
26	C	0.321	0.007852977
27	C	0.504	-0.03890687
28	T	0.085	-0.09648556
29	T	0.025	-0.08079802
30	T	-0.435	-0.07125309
31	A	-0.405	-0.05752116
32	A	-0.422	-0.08723415
33	A	-0.420	-0.07471823
34	T	-0.404	-0.09828577
35	T	0.294	-0.08992014
36	T	-0.344	-0.07321892
37	G	0.168	-0.0690573
38	A	-0.099	-0.0267213
39	C	0.484	0.02819332
40	C	0.197	0.08700724
41	A	0.193	0.132098
42	T	0.242	0.1305476
43	T	-0.381	0.1614912
44	T	0.144	0.1516981
45	T	0.291	0.1378021
46	C	0.343	0.07068642
47	A	0.182	0.0289305
48	C	0.274	0.01402342
49	C	0.057	-0.02014312
50	A	0.040	0.02152773
51	T	-0.280	0.02508035
52	A	-0.388	0.01833604
53	A	-0.345	0.02570458
54	T	0	0.04984442
 55	C	-0.201	0.0002381923
56	A	0.159	-0.02454942
57	T	0.190	-0.04522046
58	C	0.203	-0.04471277
59	A	0.439	-0.03720338
60	T	0.495	-0.03587262
61	C	-0.370	-0.03587262
62	A	-0.264	-0.05017962
63	T	-0.227	-0.052871
64	T	-0.273	-0.04662315
65	A	-0.290	-0.09698046
66	T	-0.327	-0.1529242
67	G	0	-0.2290335
 68	T	-0.387	-0.1880458
69	T	0.124	-0.1339563
70	C	0.271	-0.07755146
71	A	-0.450	-0.02328654
72	T	-0.287	-0.01223469
73	A	-0.493	0.01920268
74	T	0.162	0.01059529
75	C	0.438	0.06488622
76	T	0.505	0.0899146
77	C	0.432	0.03817145
78	A	-0.146	0.06183214
79	T	0.080	0.1100913
80	G	-0.111	0.1766262
81	T	0.318	0.1858797
82	C	0.450	0.1674359
83	A	-0.400	0.1482769
84	T	-0.143	0.1297248
85	G	0.339	0.1563445
86	C	0.371	0.1124204
87	A	0.282	0.1058649
88	G	0.198	0.04738485
89	T	0.256	-0.02606015
90	C	0.190	-0.01939338
91	A	0.199	-0.039895
92	A	-0.490	-0.08635685
93	T	-0.197	-0.1509488
94	A	-0.441	-0.1472351
95	G	-0.504	-0.1433892
96	G	-0.314	-0.1543151
97	A	-0.409	-0.1845813
98	A	-0.264	-0.2239782
99	A	-0.468	-0.1878723
100	G	0.330	-0.1671415
101	C	0.248	-0.1036622
102	A	0.114	-0.03005807
103	G	-0.202	0.0296867
104	A	-0.313	0.06872043
105	T	-0.020	0.09509059
106	T	0.072	0.1650261
107	T	0.383	0.1620536
108	C	0.452	0.1135481
109	A	0.462	0.07161405
110	G	0.097	0.07766821
111	T	0.078	0.07063628
112	C	0.440	0.03401542
113	T	0.292	0.04236082
114	G	-0.381	-0.007006646
115	A	-0.430	-0.06750765
116	T	-0.123	-0.1267719
117	T	-0.404	-0.1261253
118	A	-0.496	-0.1298228
119	A	0.180	-0.2014987
120	A	-0.258	-0.2512094
121	G	-0.334	-0.2570014
122	A	-0.307	-0.2557573
123	A	0.105	-0.281152
124	T	0.030	-0.2675717
125	G	-0.490	-0.2183875
126	T	-0.353	-0.2312693
127	A	-0.456	-0.1913838
128	A	-0.414	-0.1676958
129	A	-0.454	-0.1540909
130	A	-0.227	-0.1589022
131	C	0.142	-0.1522985
132	G	0.013	-0.1278371
133	G	0.260	-0.06718158
134	T	-0.026	-0.0222795
135	T	-0.131	0.02587527
136	T	0.043	0.06249368
137	G	0.116	0.1109248
138	G	-0.172	0.1328658
139	T	0.434	0.170493
140	T	0.126	0.1586981
141	T	0.211	0.1538959
142	C	0.021	0.1267954
143	T	0.401	0.1068431
144	G	0.427	0.07417492
145	T	0.502	0.05616638
146	G	0.106	-0.01761208
147	T	-0.088	-0.01055362
148	T	-0.483	0.006684154
149	A	-0.215	0.0327672
150	T	-0.308	0.02573374
151	T	-0.407	0.01032774
152	T	-0.524	-0.01441334
153	T	0.218	0.01787882
154	C	0.435	0.03645738
155	A	0.361	0.06389323
156	G	0.310	0.05637562
157	G	0.227	0.07462521
158	T	0.180	0.09764352
159	G	0.526	0.1404206
160	T	0.152	0.1309436
161	A	-0.126	0.08662092
162	T	-0.313	0.04648654
163	T	-0.071	0.01194815
164	T	-0.107	0.006606538
165	T	0.031	0.021302
166	T	0.095	-0.03116092
167	A	-0.140	-0.04565338
168	T	-0.160	-0.03802961
169	T	-0.138	0.02442385
170	G	0.158	0.06638888
171	A	0.371	0.06682242
172	T	-0.155	0.04824958
173	T	-0.035	0.02858516
174	C	-0.027	0.001001931
175	T	0.498	0.02048552
176	C	0.474	0.02170714
177	T	-0.102	0.02940998
178	T	-0.209	0.03360268
179	T	-0.160	0.07743637
180	T	-0.499	0.1005379
181	A	0.092	0.1341379
182	C	-0.122	0.1235387
183	G	0.258	0.1003565
184	T	0.426	0.1446494
185	C	0.414	0.1499531
186	A	0.264	0.1293837
187	C	0.409	0.1300266
188	T	0.360	0.082246
189	G	0.173	0.05587062
190	C	0.473	0.01458669
191	C	-0.140	-0.05028346
192	A	-0.427	-0.122405
193	A	-0.491	-0.1827279
194	A	-0.528	-0.2530602
195	A	-0.465	-0.2540274
196	G	-0.278	-0.2435549
197	A	-0.416	-0.247622
198	A	-0.523	-0.2233337
199	A	-0.519	-0.2051598
200	A	-0.505	-0.1890894
201	G	0.347	-0.1547949
202	C	0.309	-0.1077363
203	C	0.420	-0.07160238
204	T	0.174	-0.02764515
205	T	-0.191	0.03204493
206	T	-0.282	0.06778237
207	T	-0.082	0.08642268
208	C	0.146	0.07256991
209	C	0.191	0.06494814
210	C	0.154	0.05657798
211	T	0.252	0.05409706
212	T	-0.054	0.08459222
213	G	-0.262	0.1209584
214	T	0.167	0.1320106
215	T	0.210	0.0899812
216	T	0.311	0.1046586
217	C	0.142	0.1040334
218	C	0.205	0.1174979
219	T	0.190	0.1131693
220	T	0.060	0.1566738
221	C	-0.400	0.1769067
222	G	0.382	0.1984428
223	C	0.146	0.2143563
224	T	0.427	0.1791803
225	T	-0.111	0.1583073
226	G	0.302	0.1258915
227	C	0.430	0.102498
228	C	0.490	0.1235478
229	T	0.518	0.07408541
230	T	-0.314	0.05114356
231	A	-0.066	0.0449331
232	A	-0.230	0.06207648
233	T	-0.243	0.03878333
234	T	-0.126	0.01937395
235	A	-0.260	-0.05096667
236	T	-0.151	-0.114632
237	T	0.347	-0.05695198
238	G	0.111	-0.02362862
239	C	0	-0.009444485
 240	A	0.178	-0.01949325
241	T	-0.424	-0.02934656
242	G	-0.308	-0.02621341
243	C	0.435	-0.01336676
244	C	0.366	-0.02720045
245	A	-0.046	-0.06430999
246	G	-0.373	-0.0749653
247	A	-0.254	-0.08247327
248	A	-0.220	-0.03125504
249	T	0.015	0.02085658
250	T	0.167	-0.0037765
251	G	-0.370	-0.0226735
252	A	-0.138	-0.01509267
253	G	0.080	0.01591041
254	T	0.241	0.0007681769
255	T	0.368	-0.02153321
256	T	0.114	-0.04902532
257	G	0.121	-0.1036985
258	T	0.052	-0.09790432
259	T	0.029	-0.1233621
260	T	-0.451	-0.1485577
261	G	-0.510	-0.1876766
262	A	-0.342	-0.2318474
263	A	-0.543	-0.2664634
264	A	-0.295	-0.2574633
265	C	-0.469	-0.2286225
266	A	-0.246	-0.2346701
267	C	-0.266	-0.18067
268	A	-0.205	-0.1042607
269	A	-0.335	-0.04388697
270	C	0.238	0.01730942
271	C	0.427	0.03880912
272	A	-0.049	0.06825793
273	G	0.250	0.0920157
274	C	0.483	0.1268955
275	T	0.442	0.1529931
276	T	0.251	0.1903195
277	T	-0.015	0.2093418
278	G	-0.086	0.1610241
279	G	0.062	0.1447524
280	T	0.186	0.1579898
281	T	0.133	0.09327544
282	C	0.150	0.02003121
283	T	0.485	-0.03636595
284	T	-0.201	-0.002576108
285	G	-0.260	-0.03141131
286	T	0.422	-0.005039462
287	A	-0.358	0.003397077
288	A	-0.509	0.02820523
289	G	-0.481	0.04346631
290	T	0.423	0.01531177
291	T	-0.461	0.06224577
292	A	0.405	0.09356546
293	C	0.296	0.07811377
294	C	0.456	0.1196761
295	C	0.348	0.1794148
296	A	0.119	0.1859275
297	C	0.409	0.1430822
298	T	0.146	0.1471955
299	G	0.221	0.07957085
300	T	0.182	0.04539631
301	G	0.267	0.0001425385
302	A	-0.396	-0.01800585
303	A	-0.133	-0.03837677
304	T	-0.408	-0.09148423
305	A	-0.474	-0.1335116
306	A	-0.148	-0.172935
307	T	-0.132	-0.2085628
308	T	0.112	-0.1977195
309	A	-0.145	-0.1921512
310	T	-0.281	-0.2128864
311	T	-0.400	-0.2049263
312	T	-0.290	-0.1618551
313	T	-0.280	-0.1421381
314	C	0.408	-0.1482343
315	A	-0.324	-0.1709197
316	G	-0.403	-0.1962544
317	A	-0.304	-0.1429844
318	A	0.085	-0.1061184
319	C	0.108	-0.04927643
320	A	-0.211	-0.003545431
321	G	-0.182	0.002460108
322	A	-0.474	0.02739342
323	C	0.411	0.03816488
324	A	0.079	0.04675203
325	C	0.448	0.007850615
326	T	0.313	-0.03142538
327	C	0.486	-0.03880915
328	A	0	-0.05631054
 329	T	-0.263	-0.03991185
330	A	-0.192	-0.089874
331	A	-0.419	-0.1291269
332	T	-0.402	-0.1908868
333	A	-0.307	-0.2484726
334	A	-0.409	-0.3203473
335	T	-0.261	-0.3320447
336	A	-0.238	-0.3400402
337	T	-0.431	-0.3516552
338	A	-0.354	-0.3518542
339	G	-0.435	-0.3378712
340	A	-0.448	-0.3176689
341	T	-0.152	-0.2550202
342	A	-0.367	-0.2004285
343	A	-0.343	-0.1731594
344	A	-0.422	-0.125939
345	T	-0.220	-0.07610381
346	A	-0.044	-0.01388019
347	C	0.404	0.05500635
348	C	0.448	0.0449835
349	A	0.116	0.04341273
350	C	0.182	0.03450488
351	A	0.293	0.06700412
352	G	0.373	0.07761319
353	C	0.447	0.1032842
354	G	-0.282	0.1037731
355	T	-0.387	0.09855608
356	A	-0.459	0.073929
357	A	0	0.05383735
 358	T	-0.082	0.05350374
359	C	0.289	0.005662815
360	C	0.410	0.004483662
361	T	0.380	0.04642889
362	G	-0.203	0.09424166
363	T	-0.078	0.143417
364	A	0.288	0.1688674
365	T	-0.248	0.1895328
366	C	0.431	0.1425156
367	T	0.262	0.1137826
368	G	0.234	0.1037878
369	T	0.179	0.09364545
370	T	0.330	0.08524318
371	G	0.185	0.08014295
372	A	-0.322	0.1187189
373	C	0.037	0.1122759
374	T	0.250	0.1090945
375	T	-0.335	0.09656082
376	G	-0.187	0.1052795
377	G	0.222	0.08462819
378	T	0.253	0.05776488
379	T	0.348	0.05605435
380	C	0.221	0.03518971
381	A	0.071	-0.01435822
382	C	0.292	-0.01247291
383	T	0.062	-0.01870045
384	T	-0.163	-0.06802729
385	T	-0.344	-0.09334609
386	G	-0.233	-0.08516648
387	A	-0.393	-0.0873174
388	G	-0.311	-0.07761466
389	A	-0.268	-0.1185623
390	A	-0.418	-0.1540217
391	G	-0.075	-0.173394
392	C	0.454	-0.1796755
393	G	0.193	-0.1553906
394	T	0.197	-0.1349959
395	T	-0.239	-0.1381992
396	T	-0.398	-0.1436059
397	T	-0.415	-0.1039458
398	A	-0.426	-0.09028006
399	A	0.081	-0.131174
400	T	-0.128	-0.1112322
401	G	-0.352	-0.1003205
402	A	-0.338	-0.07099575
403	T	0.096	-0.04033528
404	T	0.101	-0.04500475
405	A	-0.077	-0.01748218
406	C	0.452	0.001679577
407	T	0.339	0.04310935
408	G	0.141	0.1011322
409	T	0	0.1387122
 410	G	-0.475	0.123051
411	A	-0.068	0.1269737
412	T	0.330	0.1361555
413	C	0.410	0.1237686
414	C	0.401	0.1113015
415	C	0.149	0.1213357
416	G	-0.106	0.1561
417	A	0.152	0.2178589
418	C	0.042	0.1910176
419	T	0.291	0.1456825
420	T	0.177	0.09374348
421	C	0.272	0.02145025
422	T	0.451	0.0099411
423	C	0.327	0.06031202
424	G	-0.417	0.07489164
425	T	-0.258	0.1083022
426	T	-0.265	0.09337772
427	T	-0.538	0.08525324
428	T	0	0.06305894
 429	C	0.547	0.06594248
430	G	0.342	0.0198484
431	T	0.476	0.02993671
432	T	0.097	0.03886625
433	G	0.071	0.07048017
434	T	-0.016	0.09601663
435	G	0.489	0.1301427
436	A	-0.272	0.1196222
437	T	-0.286	0.06544909
438	A	-0.142	0.05525586
439	T	0.145	0.03551984
440	T	-0.206	0.02667687
441	T	0.443	-0.002405754
442	T	0.411	-0.03167506
443	G	-0.361	-0.04557229
444	T	0.344	-0.009693062
445	T	-0.158	0.0140074
446	C	-0.043	0.02870594
447	A	-0.394	0.07182555
448	T	0.108	0.04135022
449	A	-0.452	0.0002332923
450	G	0.180	0.05717829
451	G	0.165	0.0325334
452	T	0.336	0.05688225
453	G	0.354	0.09806708
454	G	0.047	0.1008751
455	A	-0.123	0.1245288
456	C	0.378	0.142299
457	A	0.023	0.09465562
458	C	0.157	0.07563338
459	A	0.491	0.0458802
460	G	-0.357	-0.02399772
461	T	0.416	-0.007655077
462	T	-0.221	0.03885177
463	G	-0.439	0.03545408
464	T	-0.081	0.02693399
465	A	-0.049	0.03475438
466	A	-0.554	0.03033461
467	G	0.259	0.08622738
468	C	0.481	0.01824622
469	T	0.334	0.01016561
470	T	-0.087	0.05678438
471	T	0.259	0.07489385
472	C	0.434	0.1052639
473	T	0.368	0.1798398
474	T	-0.467	0.161777
475	T	-0.326	0.1020802
476	T	0.167	0.06449986
477	G	0.153	0.06714961
478	C	0.344	0.08429376
479	C	0.415	0.06232368
480	A	0.025	0.03484162
481	A	-0.294	0.1023155
482	A	-0.154	0.09829885
483	G	-0.052	0.04999077
484	C	0.482	0.01247285
485	A	0.148	-0.02933077
486	T	0.011	-0.08540362
487	T	0.409	-0.07887907
488	T	-0.379	-0.04332322
489	T	-0.460	-0.02124938
490	T	-0.333	-0.009048146
491	A	-0.198	-0.01132507
492	A	-0.313	0.01325401
493	C	0.109	0.04830031
494	T	0.167	0.04399177
495	G	0.132	0.04344469
496	G	0.106	0.08190524
497	C	0.452	0.08388108
498	C	0.468	0.08386847
499	T	0.467	0.1051291
500	T	0.353	0.06230599
501	T	-0.386	0.03144222
502	G	0.038	-0.01064585
503	T	-0.308	0.009392762
504	A	-0.198	-0.01262601
505	A	-0.037	-0.05770393
506	G	-0.446	-0.1266469
507	A	-0.233	-0.1844562
508	T	-0.414	-0.1408369
509	A	0.366	-0.1259763
510	T	0.166	-0.0836824
511	G	-0.117	-0.06047832
512	A	-0.429	-0.02842808
513	A	-0.397	0.04685523
514	C	0.180	0.06638391
515	T	0.232	0.06350237
516	G	0.241	0.03919356
517	A	0.102	0.005415177
518	C	0.379	0.0144641
519	T	0.531	0.06685518
520	G	0.020	0.1168449
521	A	-0.451	0.1004625
522	T	0.050	0.08382654
523	T	-0.272	0.09529615
524	C	0	0.09473028
 525	A	0.251	0.09540528
526	C	0.252	0.08860921
527	G	-0.032	0.08216528
528	A	0.015	0.1470159
529	C	0.390	0.1474672
530	A	0.095	0.1490329
531	C	0.387	0.112267
532	T	0.443	0.05418993
533	T	-0.063	-0.003180762
534	G	0.391	-0.03313785
535	T	0.056	-0.06845212
536	G	-0.252	-0.1176527
537	T	-0.477	-0.1157957
538	A	-0.503	-0.1089539
539	A	-0.493	-0.164243
540	A	-0.421	-0.153707
541	A	-0.443	-0.172677
542	A	-0.248	-0.153238
543	T	0.119	-0.1014461
544	C	0.476	-0.04690542
545	A	-0.275	-0.0161845
546	T	0.073	-0.001490269
547	G	0.144	0.06584304
548	T	0.309	0.1036218
549	C	0.420	0.1461806
550	T	0.231	0.1140746
551	T	-0.103	0.09924586
552	G	-0.302	0.1461305
553	T	0.453	0.1057771
554	T	0.047	0.05995005
555	T	0.304	-0.0001101769
556	G	-0.297	-0.0680141
557	C	0.284	-0.1227944
558	A	0.334	-0.1514856
559	T	-0.451	-0.1414353
560	T	-0.451	-0.1818029
561	A	-0.471	-0.1880566
562	A	-0.461	-0.2378044
563	A	-0.481	-0.2446329
564	A	-0.476	-0.2628863
565	G	-0.171	-0.2920783
566	T	-0.071	-0.275431
567	A	-0.033	-0.2694901
568	G	-0.342	-0.2056623
569	A	-0.386	-0.1809103
570	A	0.046	-0.149173
571	C	-0.045	-0.07951356
572	A	-0.234	-0.1004394
573	A	-0.373	-0.1313186
574	T	0.358	-0.1692238
575	G	-0.139	-
576	A	-0.068	-
577	T	0.428	-
578	G	-0.444	-
579	A	-0.472	-
580	A	-0.526	-
