1	A	0.130	-
2	T	0.406	-
3	G	-0.420	-
4	T	-0.196	-
5	A	0.068	-
6	C	0.439	0.1183646
7	T	0.297	0.07274814
8	G	0.312	0.006839725
9	C	0.421	0.05447089
10	T	0.505	0.06724754
11	G	-0.067	0.07231742
12	T	-0.475	0.04534975
13	A	-0.416	-0.003082
14	A	-0.384	-0.04316142
15	A	0.150	-0.0982585
16	T	-0.043	-0.1342839
17	C	0.129	-0.1473932
18	A	0.115	-0.139377
19	A	-0.283	-0.09531812
20	G	-0.168	-0.02433037
21	A	-0.240	-0.02989899
22	C	0.073	-0.05273947
23	T	-0.224	-0.07470772
24	A	-0.379	-0.09649547
25	C	0.111	-0.08266239
26	C	0.467	-0.05641581
27	A	0.083	-0.05215881
28	G	-0.317	-0.06704803
29	T	-0.134	-0.07940662
30	T	-0.145	-0.02995445
31	T	-0.117	-0.0030117
32	G	0.146	-0.02157137
33	T	-0.189	-0.05348508
34	G	-0.105	-0.06255292
35	A	-0.372	-0.08385358
36	G	0.213	-0.07410663
37	C	0.435	-0.04857138
38	T	0.244	-0.04233104
39	G	-0.299	0.0003370417
40	A	-0.426	0.03360329
41	T	-0.389	0.09913654
42	A	-0.028	0.08585086
43	T	0.188	0.04959169
44	G	0.221	-0.001981725
45	C	0.322	0.005574692
46	A	0.293	0.01015144
47	G	0.413	0.02710603
48	T	0.054	0.01648898
49	G	0	-0.03326652
 50	G	-0.374	-0.07013785
51	A	-0.208	-0.1103907
52	A	-0.371	-0.1540874
53	A	-0.186	-0.2273376
54	T	-0.156	-0.198506
55	T	-0.408	-0.1799202
56	G	-0.221	-0.1123855
57	A	-0.160	-0.1009111
58	C	-0.230	-0.09820993
59	A	-0.465	-0.117993
60	T	0.400	-0.09836312
61	C	0.223	-0.0804497
62	C	0.435	-0.05223953
63	A	-0.070	-0.06312845
64	G	-0.338	-0.04925715
65	A	-0.423	-0.02608648
66	A	0.079	-0.05032532
67	G	-0.193	-0.07752348
68	G	0.117	-0.1210102
69	A	-0.290	-0.1526751
70	A	-0.064	-0.141619
71	G	-0.187	-0.1229571
72	T	0.109	-0.1412864
73	C	-0.103	-0.1006277
74	A	-0.085	-0.1333854
75	T	-0.450	-0.1357116
76	A	-0.206	-0.1648185
77	G	-0.199	-0.1833617
78	A	-0.140	-0.2019257
79	G	0.294	-0.197063
80	G	-0.275	-0.1651515
81	A	-0.318	-0.09181485
82	A	-0.413	-0.0573171
83	A	-0.409	-0.0243081
84	C	-0.113	0.003145817
85	A	-0.044	0.0115934
86	C	0.297	0.0240229
87	C	0.429	0.009157817
88	A	0.207	0.0037489
89	G	0.196	0.01899507
90	C	0.188	0.03311652
91	T	0.395	0.03086681
92	G	-0.126	0.01561847
93	A	-0.497	-0.03093078
94	T	-0.478	-0.03327478
95	G	-0.226	-0.02132469
96	C	0.056	-0.0004728583
97	A	-0.071	-0.005041192
98	A	0.114	0.01488997
99	G	-0.129	0.08239947
100	T	0.179	0.1167011
101	G	0.339	0.09144621
102	C	0.439	0.05509659
103	T	0.340	0.04844465
104	G	0.112	0.01624048
105	C	0.313	-0.0009462667
106	A	-0.066	-0.01592402
107	G	-0.530	-0.06689968
108	A	-0.380	-0.1228326
109	A	-0.151	-0.1194023
110	G	-0.272	-0.1474389
111	A	-0.335	-0.2179319
112	A	0	-0.1960358
 113	T	-0.271	-0.1501633
114	T	-0.232	-0.1163277
115	C	0.381	-0.1308122
116	A	-0.223	-0.1220605
117	A	-0.532	-0.1293165
118	T	0.196	-0.1562974
119	C	0.020	-0.1183694
120	G	0.026	-0.06332142
121	A	-0.325	-0.08040058
122	A	-0.167	-0.05886245
123	T	-0.422	-0.0276487
124	A	-0.323	-0.07353537
125	T	0.183	-0.07375226
126	C	0.428	-0.1070153
127	A	0.177	-0.1130553
128	G	0.034	-0.1416987
129	G	-0.158	-0.1458805
130	A	-0.354	-0.1267945
131	A	0.017	-0.1329099
132	G	-0.373	-0.1427655
133	A	-0.398	-0.1252386
134	A	-0.511	-0.1628114
135	A	-0.472	-0.1496225
136	T	-0.094	-0.1605212
137	G	0.109	-0.1601995
138	T	0.310	-0.121701
139	G	0.387	-0.05018564
140	A	-0.416	-0.04205822
141	G	0	0.008406192
 142	A	-0.485	-0.005735525
143	T	0.021	0.01876781
144	C	0.088	0.02394456
145	C	0.460	0.01420897
146	A	-0.413	0.03740256
147	A	0.132	0.02015964
148	G	-0.264	0.06988489
149	T	0.403	0.0903573
150	T	0.372	0.1185947
151	C	0.270	0.1111417
152	T	-0.138	0.1709182
153	A	-0.206	0.1436654
154	C	0.111	0.1760066
155	G	0.267	0.1753019
156	C	0.427	0.148137
157	T	0.370	0.09358371
158	G	0.303	0.114054
159	C	-0.194	0.159176
160	A	0.123	0.1648548
161	T	0.395	0.1511913
162	T	0.046	0.1396535
163	G	-0.384	0.1201282
164	G	0.107	0.1265315
165	A	0.334	0.1699184
166	C	0.179	0.1820165
167	A	0.103	0.1757809
168	C	0.289	0.1741892
169	A	0.136	0.2076009
170	C	0.380	0.2350153
171	A	0.326	0.2376835
172	C	0.268	0.2227279
173	T	0.320	0.210815
174	G	0.027	0.1893901
175	C	0.016	0.1635064
176	T	0.436	0.1421923
177	C	0.366	0.09654475
178	G	0	0.07734704
 179	T	-0.039	0.04423628
180	T	0.032	0.0024046
181	T	-0.174	-0.03032274
182	G	0.124	-0.1016805
183	A	-0.221	-0.1671412
184	T	0.038	-0.201557
185	T	-0.076	-0.231562
186	G	-0.474	-0.2725801
187	A	-0.375	-0.2954678
188	A	-0.419	-0.344625
189	A	-0.418	-0.3637667
190	T	-0.412	-0.4008966
191	A	-0.399	-0.4289601
192	A	-0.460	-0.4238511
193	A	-0.448	-0.4269742
194	A	-0.465	-0.4230492
195	A	-0.451	-0.4266386
196	A	-0.407	-0.4319524
197	A	-0.413	-0.4328047
198	A	-0.413	-0.432222
199	A	-0.413	-0.4003895
200	A	-0.372	-0.3244416
201	A	-0.462	-0.2716969
202	A	-0.476	-0.2050079
203	A	-0.409	-0.1787219
204	A	-0.453	-0.1592059
205	A	-0.066	-0.159456
206	C	0.446	-0.167348
207	A	0.181	-0.1653615
208	G	0.393	-0.1648052
209	G	-0.097	-0.1670282
210	A	-0.179	-0.1305822
211	G	-0.416	-0.1197341
212	A	-0.467	-0.1465045
213	A	-0.438	-0.1293706
214	A	-0.470	-0.1705589
215	A	-0.436	-0.2050841
216	T	-0.015	-0.2305945
217	T	0.063	-0.2181279
218	G	0.125	-0.2162006
219	C	0.387	-0.2168409
220	A	-0.101	-0.2133192
221	G	-0.512	-0.2187437
222	A	-0.485	-0.2208139
223	A	-0.266	-0.2340378
224	G	-0.444	-0.2628294
225	A	-0.445	-0.3219218
226	A	-0.427	-0.3310035
227	A	-0.501	-0.3225433
228	A	-0.040	-0.2845264
229	C	-0.095	-0.2831804
230	T	-0.220	-0.2819999
231	A	-0.321	-0.27839
232	G	-0.210	-0.2797297
233	A	-0.410	-0.2314707
234	A	-0.029	-0.2424285
235	G	-0.250	-0.1985049
236	A	-0.430	-0.178666
237	A	-0.402	-0.1385549
238	A	-0.443	-0.1038376
239	T	0.077	-0.07383257
240	T	-0.172	-0.03455726
241	T	0.431	-0.02992151
242	T	0.017	0.04418858
243	C	0.159	0.04810291
244	A	0.206	0.1087639
245	A	-0.050	0.09475942
246	C	0.442	0.08553076
247	A	-0.195	0.02302267
248	T	0.459	0.01444191
249	G	-0.355	-0.02597809
250	T	0.284	-0.045256
251	T	-0.090	-0.07540959
252	A	-0.282	-0.1537053
253	A	-0.318	-0.1821024
254	T	-0.085	-0.2107567
255	T	-0.325	-0.173437
256	C	-0.024	-0.1901902
257	A	-0.412	-0.1766489
258	A	-0.497	-0.1941264
259	A	-0.535	-0.1419577
260	G	0.115	-0.1319265
261	G	0.092	-0.09457065
262	T	0.082	-0.06013699
263	C	0.071	0.001679175
264	A	-0.492	0.08289526
265	T	0.307	0.1645554
266	C	0.035	0.1906734
267	T	0.122	0.2148707
268	G	0.388	0.2144662
269	G	0.329	0.2005407
270	C	0.477	0.220333
271	A	0.444	0.1642188
272	G	0.428	0.1331541
273	C	0.382	0.1365594
274	A	0.078	0.1154589
275	G	-0.095	0.1207346
276	T	-0.255	0.09769262
277	T	-0.365	0.09308345
278	T	-0.337	0.09007203
279	T	0.163	0.09225595
280	C	0.135	0.1236562
281	C	0.392	0.1690249
282	G	0.200	0.1878816
283	G	0.388	0.2074044
284	G	0.392	0.2117195
285	G	0.408	0.2225123
286	T	0.454	0.1921826
287	C	0.449	0.1663862
288	T	-0.028	0.1768601
289	T	-0.131	0.1817267
290	T	-0.285	0.1891378
291	C	0.293	0.1962745
292	A	-0.228	0.1286142
293	G	0.083	0.04632554
294	T	0.326	0.006111783
295	C	0.447	-0.02166038
296	C	0.481	-0.005063325
297	T	0.494	-0.008956658
298	T	-0.356	-0.01129091
299	T	-0.538	0.007696558
300	A	-0.511	-0.05736028
301	G	-0.464	-0.1296684
302	A	-0.086	-0.1757248
303	G	0.246	-0.198859
304	G	-0.256	-0.1370721
305	G	0.310	-0.0512582
306	A	-0.454	0.0233618
307	T	-0.420	0.05439132
308	G	-0.071	0.01850643
309	A	0.216	-0.04432008
310	G	0.384	-0.01594832
311	T	0.491	-0.0657239
312	C	0.384	-0.06166198
313	T	-0.092	-0.0633914
314	A	-0.517	-0.09554473
315	A	-0.507	-0.1055586
316	A	0.083	-0.1673899
317	G	-0.286	-0.1727869
318	A	-0.405	-0.2047966
319	A	-0.441	-0.1805859
320	A	-0.456	-0.1387107
321	T	0.096	-0.1185297
322	T	-0.357	-0.1387007
323	T	0.426	-0.09610317
324	T	0	-0.07049598
 325	C	0.198	-0.01622482
326	A	-0.014	0.01708129
327	G	-0.265	0.01754507
328	G	-0.158	0.0452662
329	A	0.224	0.002604575
330	T	-0.098	-0.001417367
331	G	0.210	-0.03179595
332	T	-0.057	-0.01247198
333	G	0.102	-0.0002043083
334	T	-0.024	0.05153111
335	T	-0.085	-0.003142142
336	T	-0.048	-0.01049591
337	T	-0.166	-0.06259383
338	G	0.217	-0.07989068
339	A	-0.117	-0.04939677
340	T	0.462	-0.0691584
341	G	-0.431	-0.1017266
342	T	-0.186	-0.1295182
343	A	-0.415	-0.115647
344	A	-0.264	-0.1378779
345	T	0.468	-0.09898469
346	T	-0.261	-0.1055417
347	G	-0.475	-0.06089977
348	T	-0.381	-0.02415044
349	A	0	-0.003941442
 350	G	-0.049	0.03297514
351	A	0.348	-0.001017167
352	G	0.383	0.04338642
353	T	0.104	0.1153813
354	C	0.254	0.1495124
355	G	-0.172	0.1546929
356	G	0.178	0.1467291
357	A	0.060	0.1148719
358	C	0.270	0.1128381
359	T	0.387	0.1126609
360	T	0.027	0.1075224
361	C	0.062	0.1159434
362	A	-0.145	0.06122259
363	G	-0.033	0.03072448
364	T	0.359	-0.02647802
365	G	0.102	-0.09463193
366	C	0.192	-0.1389115
367	A	-0.071	-0.1514565
368	G	-0.478	-0.1722639
369	A	-0.305	-0.1927641
370	A	-0.415	-0.1987292
371	G	-0.429	-0.1848994
372	A	-0.503	-0.2058281
373	T	-0.088	-0.1647857
374	G	-0.395	-0.08792884
375	T	-0.279	-0.02837167
376	T	0.287	0.04031957
377	G	0.268	0.08935249
378	G	-0.058	0.1744636
379	C	0.420	0.1676037
380	C	0.443	0.1924834
381	T	0.408	0.2545815
382	G	0.408	0.2266814
383	C	0.158	0.2114097
384	T	0.517	0.2479547
385	G	-0.170	0.2504014
386	A	-0.096	0.2508602
387	C	0.465	0.2167789
388	T	-0.047	0.1499475
389	G	0.084	0.1696969
390	T	0.380	0.1449189
391	C	0.450	0.139755
392	G	0.449	0.1086516
393	T	0	0.08895977
 394	G	-0.393	0.05658804
395	T	0.395	0.01427792
396	G	0.220	-0.05659275
397	T	-0.232	-0.08211775
398	G	-0.469	-0.09905258
399	A	0.229	-0.07867142
400	A	-0.435	-0.03187008
401	G	-0.422	-0.04439767
402	A	-0.470	-0.08609558
403	T	0.143	-0.09520258
404	G	0.246	-0.094817
405	T	0.244	-0.1480474
406	C	0.168	-0.1545285
407	T	0.245	-0.1211202
408	A	-0.279	-0.05397818
409	A	-0.341	-0.02940185
410	A	-0.465	-0.02103143
411	G	-0.409	-0.01642785
412	A	-0.513	0.00190815
413	A	-0.021	-0.05278552
414	C	0.335	-0.07204543
415	C	0.438	-0.0523006
416	T	0.346	-0.05630927
417	C	0.299	0.01800448
418	A	0.388	0.05279258
419	T	-0.411	0.06428102
420	T	-0.511	0.0179336
421	A	-0.105	0.01463293
422	T	-0.513	0.02269618
423	G	0.482	-0.0129694
424	G	-0.095	-0.08562665
425	A	0.115	-0.07364323
426	T	-0.220	-0.03503554
427	G	0.399	0.0006004583
428	C	0.443	0.06190671
429	A	-0.128	0.04907146
430	A	-0.483	0.07298069
431	T	-0.267	0.09038977
432	G	-0.047	0.1478339
433	T	0.322	0.1558861
434	G	0.222	0.1082631
435	G	0.328	0.07888202
436	G	0.191	0.08249903
437	C	0.324	0.07922369
438	C	0.468	0.06709717
439	T	0.495	0.0726
440	T	-0.128	0.0688965
441	T	-0.480	0.02303625
442	A	-0.440	0.01261317
443	T	-0.306	-0.0275865
444	A	-0.193	-0.07754133
445	C	0.388	-0.1509517
446	T	0.178	-0.1675968
447	G	-0.221	-0.1523042
448	G	0.066	-0.1578475
449	A	-0.157	-0.1604982
450	A	-0.130	-0.1532338
451	G	-0.384	-0.1612977
452	G	-0.327	-0.1875251
453	A	-0.297	-0.1716279
454	A	-0.506	-0.174684
455	A	-0.338	-0.1752217
456	A	-0.106	-0.1929144
457	G	0.291	-0.1817075
458	T	-0.136	-0.1878473
459	G	-0.031	-0.1685656
460	G	0.029	-0.1432997
461	T	-0.163	-0.08186757
462	T	-0.343	-0.06335515
463	A	-0.250	-0.07195715
464	T	-0.401	-0.05908313
465	G	-0.065	-0.09473197
466	G	-0.203	-0.07224326
467	A	0.398	-0.04028859
468	C	0.116	0.02319107
469	T	0.188	0.06984291
470	T	0.017	0.1173212
471	T	-0.458	0.1172679
472	G	0.299	0.1510984
473	C	0.219	0.1100373
474	C	0.418	0.1263646
475	A	0.309	0.1187888
476	C	0.168	0.1144487
477	A	-0.066	0.1526964
478	T	0.202	0.1348305
479	G	-0.094	0.07734638
480	C	0.311	0.003073133
481	A	0.097	-0.003586533
482	G	-0.034	0.006745633
483	T	0	0.04807616
 484	A	0.084	0.05997207
485	T	-0.470	0.08705315
486	G	-0.472	0.04415373
487	T	0.229	-0.001161058
488	C	0.292	0.03578419
489	T	0.429	-0.006278392
490	C	0.345	-0.02524783
491	T	0.230	-0.009377917
492	T	-0.202	0.003125833
493	T	-0.446	-
494	T	0.409	-
495	T	-0.504	-
496	T	-0.142	-
497	T	-0.279	-
498	G	-0.322	-
