1	G	0.425	-
2	C	0.446	-
3	C	0.170	-
4	T	0.344	-
5	A	-0.470	0.0131763
6	A	-0.405	-0.06581914
7	A	-0.377	-0.1378346
8	A	-0.103	-0.1333667
9	C	0.088	-0.1265864
10	A	-0.285	-0.078042
11	G	-0.201	-0.08416256
12	A	0.211	-0.07065522
13	C	0.405	-0.08120867
14	A	-0.034	-0.04064986
15	A	-0.460	-0.0266253
16	T	-0.256	0.02717614
17	A	-0.198	-0.003632878
18	G	0.453	-0.06225766
19	T	-0.159	-0.1153929
20	G	0.282	-0.120091
21	C	-0.066	-0.06871936
22	A	-0.121	-0.08439724
23	A	-0.512	-0.1474779
24	A	-0.502	-0.1141094
25	C	0.206	-0.1388979
26	A	-0.339	-0.08457769
27	A	-0.114	-0.02466836
28	C	0.141	0.06402142
29	G	0.059	0.1716544
30	C	0.422	0.2047963
31	T	0.417	0.2393654
32	C	0.285	0.2121082
33	C	0.465	0.1964194
34	C	0.504	0.143172
35	A	-0.028	0.1460627
36	T	-0.359	0.1502991
37	T	0	0.1682307
 38	T	-0.419	0.1672193
39	C	0.448	0.1384622
40	T	0.455	0.1842662
41	G	0.447	0.2721256
42	T	0.456	0.3197206
43	G	0.245	0.4215047
44	T	0.383	0.4201637
45	C	0.431	0.309253
46	C	0.428	0.2804988
47	A	0.496	0.2742022
48	T	0.436	0.2046586
49	G	-0.542	0.1620197
50	T	0.188	0.09898744
51	T	0.400	0.07317156
52	G	-0.380	0.06813222
53	T	0	0.03430544
 54	T	-0.136	0.1127083
55	G	0.196	0.08115426
56	T	0.450	0.04327092
57	C	0.132	0.1059056
58	T	0.163	0.07333214
59	A	-0.095	0.136626
60	C	0.059	0.1528298
61	A	0.183	0.1523876
62	G	-0.293	0.1853
63	T	0.433	0.1740131
64	G	0.341	0.1871154
65	C	0.446	0.2250505
66	T	0.428	0.2353318
67	G	0.061	0.3001453
68	T	0.022	0.2530892
69	C	0.400	0.2106716
70	C	0.275	0.1796129
71	T	0.290	0.1050372
72	C	0.010	0.1394785
73	C	-0.039	0.09638314
74	G	0.167	0.0482509
75	G	-0.242	0.05742723
76	T	0.371	0.02687198
77	A	-0.365	0.006981089
78	G	-0.032	-0.03771239
79	C	0.358	-0.1134023
80	G	0.015	-0.1447027
81	T	-0.168	-0.2128146
82	T	-0.442	-0.1736046
83	A	-0.513	-0.1405032
84	A	-0.524	-0.1596232
85	A	-0.241	-0.1439222
86	G	-0.012	-0.1205645
87	C	0.265	-0.1037242
88	C	0.186	-0.005721156
89	A	0.156	0.05377928
90	T	0.041	0.0726051
91	G	-0.290	0.04678306
92	T	0.368	-0.01346261
93	G	0.010	-0.08219983
94	T	-0.072	-0.1358741
95	T	-0.244	-0.12221
96	A	-0.276	-0.04632874
97	T	-0.432	-0.03586163
98	A	-0.326	0.01019793
99	G	0.164	0.05957944
100	T	0.392	0.09940411
101	C	0.462	0.1283812
102	A	0.425	0.1458793
103	T	0.372	0.1262102
104	G	0.113	0.1409828
105	T	-0.016	0.124764
106	G	-0.274	0.08735022
107	A	-0.503	0.02792722
108	T	0.297	0.02882044
109	A	0.246	0.03525133
110	G	0.125	0.08291644
111	A	-0.109	0.1361061
112	G	0.380	0.1600954
113	G	0.171	0.1415098
114	C	0.412	0.1530197
115	T	0.204	0.1573987
116	T	-0.287	0.1260302
117	G	0.129	0.06085678
118	A	0.349	-0.0004973333
119	C	0.164	-0.1031543
120	G	-0.391	-0.1837392
121	A	-0.206	-0.1595754
122	A	-0.380	-0.1519246
123	T	-0.511	-0.1806178
124	A	-0.521	-0.2276034
125	A	-0.070	-0.2324319
126	G	0.198	-0.204062
127	G	0.091	-0.1274308
128	G	-0.257	-0.08970713
129	A	-0.435	-0.05160569
130	A	0.049	-0.0707696
131	G	0.308	-0.05189938
132	G	-0.171	-0.02293986
133	A	-0.178	0.05065214
134	T	-0.242	0.1338336
135	A	0.368	0.1113937
136	C	0.352	0.02110789
137	G	0.404	-0.005819667
138	C	0.313	-0.024031
139	A	-0.152	-0.04582156
140	A	-0.503	-0.06205989
141	T	-0.413	-0.1057576
142	G	-0.342	-0.1056556
143	A	-0.438	-0.1838077
144	C	0.222	-0.2255383
145	A	-0.040	-0.2274817
146	C	0.405	-0.1676655
147	A	-0.389	-0.09762852
148	A	-0.528	-0.0008710778
149	A	-0.521	0.02241937
150	A	0.124	0.07193378
151	G	0.288	0.05405022
152	C	0.431	0.05153833
153	C	0.432	0.05320233
154	C	0.404	0.09146167
155	C	0.244	0.02202256
156	A	-0.412	-0.06057611
157	A	-0.513	-0.1234221
158	T	-0.176	-0.1755938
159	C	-0.500	-0.1949981
160	A	-0.455	-0.2022795
161	G	-0.133	-0.1191626
162	G	-0.037	-0.008661422
163	T	0.230	0.04457702
164	A	0.178	0.05772291
165	G	0.335	0.09029869
166	C	0.481	0.1439998
167	G	0.302	0.1982996
168	A	-0.382	0.2200141
169	A	-0.162	0.2531893
170	T	0.349	0.2586381
171	C	0.451	0.2471387
172	T	0.425	0.2621342
173	C	0.477	0.297421
174	A	0.384	0.3388651
175	G	0.377	0.324176
176	C	0.437	0.3177535
177	A	-0.064	0.3194159
178	G	0.210	0.3130402
179	T	0.217	0.316719
180	C	0.393	0.3249276
181	C	0.440	0.327016
182	T	0.420	0.3630296
183	G	0.417	0.3624447
184	C	0.451	0.35433
185	C	0.456	0.3483247
186	T	0.259	0.2753377
187	C	0.205	0.2075699
188	C	0.144	0.1025311
189	G	0.339	0.05408776
190	T	-0.216	0.01843276
191	T	-0.189	-0.02594213
192	T	-0.527	-0.05901119
193	T	0.015	-0.0602073
194	C	0.135	-0.1015591
195	A	-0.139	-0.05271581
196	G	-0.092	0.005208189
197	A	0.133	0.09717508
198	T	-0.032	0.132201
199	G	0.223	0.1601517
200	T	0.331	0.201037
201	C	0.300	0.2237082
202	T	0.330	0.2406077
203	C	0.386	0.2374714
204	C	0.228	0.2164077
205	G	0.112	0.1723313
206	T	0.285	0.1710937
207	T	-0.060	0.1925585
208	T	0.033	0.1601575
209	T	-0.065	0.1910633
210	C	0.289	0.1456909
211	C	0.523	0.143166
212	A	0.095	0.1975164
213	T	0.506	0.2372997
214	C	-0.296	0.2899206
215	A	0.263	0.2992559
216	T	0.428	0.2654287
217	C	0.391	0.2325849
218	C	0.408	0.1886624
219	A	0.373	0.1959371
220	C	0.219	0.1350039
221	A	-0.200	0.09436867
222	T	0.110	0.03363178
223	T	-0.230	-0.02902222
224	G	-0.285	-0.022528
225	A	0.062	-0.03444589
226	G	-0.154	-0.03053322
227	A	-0.155	-0.05494211
228	C	0.431	-0.003288556
229	G	0.112	0.04724056
230	G	-0.165	0.06083156
231	A	-0.108	0.1276534
232	G	0.234	0.1813891
233	C	0.169	0.1663457
234	A	0.184	0.1508711
235	G	0.446	0.204784
236	C	0.328	0.2561994
237	A	0.296	0.2234191
238	G	-0.027	0.220478
239	C	0.319	0.1914002
240	G	0.354	0.1457147
241	T	-0.060	0.07189133
242	T	0.142	0.008496778
243	T	-0.076	-0.006765656
244	C	0.035	-0.05672221
245	A	-0.336	-0.1492644
246	G	-0.274	-0.1904323
247	A	-0.164	-0.2547546
248	A	-0.129	-0.2923288
249	T	-0.478	-0.35058
250	G	-0.431	-0.3400441
251	A	-0.435	-0.3004514
252	A	-0.415	-0.2929089
253	A	-0.489	-0.2415359
254	A	-0.241	-0.1453957
255	C	0.081	-0.05129861
256	G	-0.096	0.04593717
257	G	0.332	0.1271028
258	C	0.386	0.2300021
259	C	0.415	0.2843826
260	T	0.439	0.3026553
261	C	0.315	0.3159243
262	T	0.437	0.3120784
263	C	0.247	0.3201305
264	C	0.246	0.261802
265	A	0.022	0.2324997
266	G	0.298	0.2449021
267	C	0.458	-
268	G	-0.109	-
269	T	0.175	-
270	T	0.427	-
