1	G	-0.032	-
2	C	0.421	-
3	T	0.479	-
4	C	0.320	-
5	A	0.059	0.1645613
6	A	-0.235	0.1546749
7	G	0.200	0.05895967
8	C	0.412	-0.04004978
9	G	-0.146	-0.1102489
10	C	-0.121	-0.1751124
11	A	-0.439	-0.1701271
12	A	-0.411	-0.2039867
13	A	-0.311	-0.2104174
14	A	-0.524	-0.1454843
15	T	-0.190	-0.1144742
16	G	-0.103	-0.1054773
17	C	0.355	-0.08232389
18	C	0.438	-0.05925278
19	C	0.157	0.02403722
20	T	-0.359	0.088381
21	A	-0.203	0.07232456
22	G	-0.103	0.002731556
23	G	0.225	-0.05702444
24	T	0.388	-0.1208084
25	G	-0.248	-0.09177111
26	A	-0.271	-0.1161226
27	C	-0.099	-0.08578722
28	G	-0.416	-0.07078956
29	A	-0.097	-0.08858767
30	A	-0.422	-0.007685333
31	G	0.169	0.01216316
32	C	0.360	-0.02692573
33	A	0.228	-0.02097907
34	C	0.479	-0.02610184
35	A	-0.092	-0.02557362
36	G	-0.451	-0.08830773
37	A	-0.362	-0.1737102
38	A	-0.143	-0.1573204
39	G	-0.417	-0.2393771
40	A	-0.395	-0.2078843
41	A	-0.408	-0.1254454
42	T	0.375	-0.07042456
43	T	-0.258	-0.07945978
44	G	0.190	-0.09245744
45	C	0.290	-0.04734851
46	A	0.132	0.01442382
47	C	-0.225	-0.03437084
48	A	-0.534	-0.0425634
49	A	0.010	-0.101107
50	C	0.147	-0.1502992
51	A	-0.063	-0.1436372
52	A	-0.332	-0.06779729
53	A	-0.336	-0.03870773
54	T	-0.152	-0.07645478
55	T	0.192	-0.08693477
56	T	0.457	-0.07988899
57	G	-0.272	0.0136559
58	A	-0.328	0.02580412
59	T	0.053	0.009234011
60	T	0	-0.02742532
 61	C	0.509	-0.06858254
62	A	-0.226	0.009735567
63	A	-0.301	0.05150103
64	T	-0.137	0.02606936
65	G	0.087	-0.03073753
66	G	0.431	-0.06047764
67	T	0.047	0.02432736
68	G	-0.175	0.0607205
69	A	-0.511	0.04822839
70	G	0.241	0.02529628
71	G	0.536	-0.06670928
72	G	0.026	-0.1013893
73	A	-0.249	-0.115287
74	T	-0.119	-0.08720819
75	G	-0.396	-0.1432057
76	T	-0.265	-0.1738531
77	C	-0.300	-0.1316566
78	A	-0.258	-0.05732156
79	A	-0.262	0.001387444
80	G	0.260	0.03597053
81	C	0.406	0.09958876
82	C	0.419	0.1531161
83	C	0.409	0.171123
84	A	-0.084	0.1600687
85	C	0.307	0.092993
86	C	0.181	0.01621789
87	G	-0.096	-0.03876341
88	A	-0.361	-0.09875163
89	G	-0.343	-0.0938491
90	A	-0.284	-0.1615542
91	C	-0.075	-0.1566537
92	G	-0.130	-0.1258329
93	A	-0.040	-0.1097467
94	G	-0.301	-0.0744771
95	T	0.225	-0.02982821
96	G	0.180	-0.06881124
97	G	-0.216	-0.02144191
98	A	-0.025	0.0150698
99	G	0.116	0.09638013
100	G	-0.426	0.09855147
101	T	0.295	0.100611
102	C	0.287	0.1429705
103	C	0.429	0.1528014
104	A	0.244	0.1149487
105	G	0.199	0.1668294
106	T	0.164	0.1156259
107	G	0.062	0.03223753
108	G	-0.223	-0.07403547
109	A	0.040	-0.1598786
110	T	-0.165	-0.2084766
111	T	-0.462	-0.262186
112	A	-0.526	-0.3175975
113	A	-0.527	-0.3449643
114	A	-0.237	-0.3979937
115	G	-0.319	-0.4058317
116	C	-0.435	-0.3715286
117	A	-0.470	-0.2933509
118	A	-0.436	-0.1899299
119	T	-0.235	-0.1597138
120	G	-0.153	-0.09923091
121	T	0.177	-0.07927791
122	C	0.403	-0.07948147
123	A	0.033	0.01287131
124	C	0.225	0.05347276
125	A	-0.256	0.05084198
126	A	-0.471	0.01035153
127	C	0.394	-0.04388413
128	A	0.129	-0.01369867
129	T	-0.177	0.01166611
130	G	-0.187	0.07278589
131	A	-0.084	0.1404218
132	G	0.305	0.1328583
133	C	0.453	0.1310961
134	C	0.293	0.128279
135	A	0.136	0.1561214
136	C	0.326	0.1730857
137	T	0.113	0.1783252
138	G	-0.202	0.1700905
139	A	0.063	0.1335504
140	C	0.067	0.13765
141	C	0.352	0.1438371
142	C	0.379	0.1489809
143	G	-0.035	0.2121532
144	G	0.173	0.2271279
145	G	0.381	0.1767696
146	A	0.159	0.0843419
147	T	0.365	0.01792568
148	C	0.198	0.069608
149	A	-0.385	0.08577033
150	G	-0.479	0.06080033
151	A	-0.218	0.05795767
152	C	0.430	0.01999223
153	A	0.319	-0.04379143
154	G	0.157	-0.05132466
155	C	0.134	-0.03231188
156	C	0.023	0.006102011
157	A	-0.376	-0.04168432
158	A	-0.453	-0.1196445
159	A	-0.307	-0.1836965
160	C	0.127	-0.2042928
161	C	0	-0.1616315
 162	A	-0.382	-0.08785949
163	A	-0.419	-0.001075822
164	G	-0.051	0.02250916
165	C	0.407	0.03617138
166	C	0.287	0.02782517
167	G	0.327	0.07032306
168	C	-0.095	0.1544294
169	T	0.250	0.1755057
170	T	-0.075	0.1542375
171	C	0	0.1664451
 172	T	0.337	0.1428465
173	G	0.138	0.1561026
174	G	0.216	0.1501502
175	A	0.397	0.131429
176	C	0.115	0.08835574
177	T	0.023	0.0639063
178	T	0.196	0.09884319
179	T	-0.243	0.06136608
180	A	-0.387	0.03365519
181	C	0.117	0.06791986
182	T	0.453	0.07781267
183	G	-0.120	0.06536202
184	G	0.148	0.08090091
185	C	0.423	0.1551285
186	A	0.112	0.1916005
187	C	0.084	0.1887241
188	A	-0.103	0.2087993
189	G	0.280	0.2288063
190	C	0.445	0.2316471
191	T	0.427	0.2687698
192	G	0.059	0.3102906
193	C	0.328	0.3359718
194	G	0.449	0.2693044
195	T	0.446	0.2287207
196	C	0.458	0.1201212
197	C	0.127	0.1047691
198	A	-0.319	0.05942608
199	T	0.080	0.05968008
200	T	-0.550	0.04690519
201	A	-0.078	-0.004038144
202	G	-0.079	-0.06585759
203	G	0.451	-0.06765159
204	C	0.331	-0.1254155
205	A	0	-0.07991014
 206	A	-0.429	-0.03508678
207	A	-0.335	0.02239311
208	A	-0.439	0.01583111
209	T	-0.140	0.017788
210	G	0.325	-0.023661
211	C	0.437	-0.005394889
212	T	0.392	-0.02121411
213	C	0.349	-0.03184467
214	A	-0.373	-0.05131589
215	G	-0.264	-
216	A	-0.478	-
217	A	-0.534	-
218	A	-0.315	-
