1	C	0.356	-
2	T	0.523	-
3	G	0.195	-
4	T	0.181	-
5	C	0.351	-
6	A	-0.211	-
7	G	-0.328	-
8	A	-0.073	-
9	A	-0.320	0.0093092
10	T	-0.322	0.007235435
11	A	-0.464	-0.02137923
12	T	0.064	-0.02092264
13	T	-0.115	-0.04664082
14	T	-0.281	-0.05404811
15	A	-0.234	-0.06505982
16	C	0.389	-0.06861682
17	G	0.448	-0.07082278
18	T	0.321	-0.02728725
19	G	0.036	-0.02339589
20	T	0.203	0.0131114
21	A	-0.255	0.01020304
22	T	0.225	0.03496998
23	T	-0.398	0.05023144
24	T	-0.389	0.08597109
25	A	-0.111	0.09057668
26	T	0.420	0.07332526
27	C	-0.256	0.04153585
28	A	0.155	0.03452789
29	A	0.015	0.03516554
30	T	0.305	0.07404484
31	G	-0.022	0.08122942
32	G	0.372	0.1152539
33	C	0.467	0.1131803
34	T	0.154	0.1084558
35	T	-0.218	0.05544948
36	T	-0.082	0.06628661
37	G	0.214	0.06141397
38	T	0.405	0.05088144
39	C	0.348	0.01293009
40	T	0.180	-0.005498547
41	C	-0.424	-0.02587818
42	A	-0.191	-0.06671006
43	A	-0.481	-0.05604842
44	A	-0.072	-0.03710412
45	T	0.072	-0.01718091
46	G	-0.163	-0.04642209
47	G	-0.339	-0.0768045
48	A	-0.335	-0.129611
49	A	0.026	-0.1478251
50	A	-0.226	-0.1092254
51	C	0.336	-0.09206432
52	T	0.103	-0.04586256
53	C	0.256	-0.01782828
54	A	-0.283	0.002103953
55	A	-0.111	0.02231284
56	G	-0.549	0.05838266
57	T	-0.129	0.0611856
58	G	0.231	0.04762088
59	G	0.100	0.04719706
60	G	0.304	0.01387482
61	C	0.404	0.005385482
62	G	0.411	-0.02517858
63	G	0.179	-0.003190624
64	T	0.273	0.02816426
65	G	-0.288	0.06351969
66	T	-0.204	0.09673628
67	T	-0.233	0.09072275
68	C	-0.230	0.08592686
69	A	-0.040	0.03636668
70	A	-0.263	-0.01802226
71	G	0.090	-0.04669521
72	C	0.421	-0.06247556
73	G	0.051	-0.05728133
74	C	0.435	-0.02238004
75	T	0.129	0.0115852
76	C	0.018	0.04995355
77	A	-0.538	0.08708102
78	A	-0.520	0.1129638
79	G	-0.075	0.1434582
80	G	-0.088	0.1508934
81	C	0.362	0.1500564
82	G	0.305	0.1670103
83	C	0.373	0.1542792
84	G	0.418	0.1430992
85	C	0.400	0.1654848
86	G	0.399	0.2162261
87	C	0.255	0.2696919
88	C	0.217	0.2656857
89	C	0.407	0.276071
90	G	0.339	0.2348118
91	G	0.218	0.2061111
92	G	-0.060	0.1798204
93	C	0.399	0.1688162
94	A	0.324	0.1600991
95	C	0.388	0.1254602
96	G	-0.143	0.08709626
97	G	0.088	0.04382426
98	A	-0.339	0.02411181
99	G	-0.182	0.02851075
100	A	-0.073	0.02023475
101	C	0.231	0.02960599
102	C	0.252	0.02260399
103	G	-0.189	0.01688652
104	T	-0.397	0.0200187
105	A	-0.518	0.05296835
106	A	0.072	0.07410547
107	C	0.414	0.1187815
108	T	0.077	0.1106126
109	C	0.098	0.1255
110	G	0.280	0.08574053
111	G	0.227	0.05671806
112	T	0.441	0.07899288
113	C	0.416	0.1095631
114	C	0.447	0.1527793
115	G	0.420	0.171178
116	G	-0.321	0.1720786
117	A	0.179	0.1913439
118	A	-0.444	0.2090206
119	T	-0.240	0.19065
120	T	0.188	0.1593674
121	C	0.122	0.1321823
122	A	0.216	0.1260497
123	G	0.385	0.07781475
124	C	0.429	0.02926669
125	G	0.405	0.01650311
126	C	0.399	-0.01583536
127	A	-0.031	0.01979734
128	G	-0.304	0.02132028
129	A	-0.020	0.01021011
130	G	0.312	-0.009867953
131	T	-0.372	-0.02516796
132	G	-0.405	-0.05705179
133	A	-0.538	-0.05673496
134	T	-0.370	-0.05841585
135	G	0.161	-0.05666491
136	A	-0.214	-0.05378775
137	C	0	-0.02580669
 138	A	-0.218	0.0007162941
139	G	-0.043	0.007465824
140	T	-0.156	0.04782565
141	C	0.435	0.06634349
142	C	0.376	0.08106826
143	C	0.428	0.1250913
144	A	0.017	0.115585
145	G	0.171	0.1423908
146	C	0.430	0.1618682
147	G	0.426	0.2049099
148	C	0.313	0.2045479
149	A	-0.090	0.2074584
150	G	-0.288	0.1506818
151	T	0.377	0.1050561
152	C	0	0.09122877
 153	A	0.240	0.07910841
154	C	0.331	0.06582705
155	A	0.512	0.02217793
156	T	-0.050	0.001518447
157	T	-0.107	-0.005787259
158	T	-0.530	-0.02064116
159	A	-0.398	-0.005341412
160	G	0.193	-0.05015276
161	A	-0.189	-0.07595882
162	C	-0.054	-0.1178689
163	A	-0.311	-0.1560031
164	A	0.075	-0.1603231
165	G	0.189	-0.1374756
166	G	-0.342	-0.1083729
167	A	-0.028	-0.05622709
168	A	-0.383	-0.03898685
169	T	-0.438	-0.02331244
170	A	-0.471	-0.004451618
171	A	-0.317	0.008060682
172	C	0.439	0.04406133
173	T	0.338	0.04724434
174	C	0.387	0.06099969
175	A	0.356	0.1013245
176	C	-0.105	0.1142593
177	T	0.460	0.1615065
178	T	0.131	0.2076808
179	T	0.158	0.2532955
180	C	0.300	0.3024212
181	G	0.129	0.3070336
182	C	0.423	0.2934759
183	C	0.342	0.2769076
184	T	0.191	0.2356439
185	C	0.419	0.2204489
186	T	0.346	0.1732609
187	G	0.303	0.1561206
188	T	0.517	0.1468222
189	C	0.517	0.1525708
190	A	0.107	0.1377491
191	T	0.105	0.1092779
192	T	-0.345	0.1101032
193	T	-0.364	0.1018286
194	A	-0.342	0.07602003
195	A	-0.159	0.05024416
196	T	0	0.04817358
 197	C	0.398	0.03136634
198	A	-0.122	0.01876664
199	A	-0.060	0.004227282
200	G	0.356	0.004730282
201	C	0.051	0.05175616
202	G	-0.019	0.08744805
203	A	-0.091	0.1047736
204	T	0.268	0.1126127
205	C	0.232	0.116568
206	C	0.303	0.1048071
207	A	-0.139	0.1055085
208	G	0.114	0.1074566
209	C	0.454	0.1125757
210	T	0.242	0.09337053
211	G	-0.047	0.0794536
212	C	-0.026	0.05292976
213	A	0.067	0.01250535
214	G	0.198	-0.01091571
215	T	-0.110	-0.04068589
216	T	-0.027	-0.02197589
217	G	0.443	-0.04663895
218	C	-0.275	-0.07996148
219	A	-0.256	-0.1175602
220	A	-0.542	-0.1126513
221	A	-0.418	-0.1042768
222	C	-0.165	-0.09704249
223	A	-0.202	-0.09350743
224	C	0.178	-0.07194802
225	A	-0.304	-0.05037961
226	A	-0.112	-0.05011785
227	A	-0.396	-0.009036435
228	C	0.035	-3.396471e-05
229	A	0.115	0.01467598
230	C	0.190	0.05100404
231	A	0.258	0.09019309
232	G	0.256	0.1288891
233	G	0.339	0.1404763
234	C	0.448	0.1778942
235	G	0.422	0.1646124
236	C	-0.102	0.1769234
237	A	-0.292	0.1908452
238	A	0.198	0.2126958
239	C	0.500	0.218783
240	T	0.455	0.2223562
241	T	0.375	0.206269
242	C	0.331	0.166544
243	A	-0.337	0.1639398
244	G	-0.187	0.1634273
245	A	0.272	0.1940923
246	C	0.487	0.235369
247	C	0.293	0.2272856
248	A	0.319	0.1878482
249	T	-0.017	0.1531615
250	G	-0.336	0.1251017
251	C	0.403	0.1204226
252	G	0.414	0.125742
253	C	0.418	0.1178259
254	C	0.408	0.07608399
255	C	0.061	0.05098776
256	T	-0.170	0.05350458
257	A	-0.134	0.03473541
258	T	-0.101	0.03938312
259	G	0.251	0.08530671
260	T	-0.247	0.08450329
261	G	-0.321	0.08457694
262	A	-0.436	0.08087153
263	A	0.060	0.05362126
264	C	0.336	0.05000536
265	A	0	0.03560031
 266	G	0.061	0.01900866
267	C	0.444	0.0012486
268	T	0.390	-0.02296693
269	G	0.415	0.01263519
270	C	0.355	0.05504566
271	G	-0.054	0.07605374
272	C	0	0.07946527
 273	A	-0.415	0.0632292
274	A	-0.416	0.08214214
275	A	-0.403	0.1014547
276	G	-0.159	0.08822304
277	A	0.357	0.07844863
278	C	0.399	0.06610628
279	G	-0.079	0.0484558
280	C	0.118	0.02820871
281	A	0.060	-0.001403641
282	C	0.321	-0.0089507
283	A	0.390	-0.007752465
284	G	0.219	-0.01355129
285	G	0.224	-0.001869612
286	C	0.205	-0.01892355
287	T	0.055	-0.03872099
288	G	-0.398	-0.02580748
289	A	-0.503	-0.04619025
290	A	-0.543	-0.07577288
291	A	-0.395	-0.1036032
292	G	-0.501	-0.1250624
293	A	0.038	-0.1176476
294	C	0.067	-0.1234156
295	A	0.062	-0.1509649
296	T	0.139	-0.1288894
297	T	-0.227	-0.08923209
298	T	-0.442	-0.0368235
299	G	-0.151	0.01107121
300	A	0.025	0.04176679
301	C	0.345	0.06482509
302	A	0.126	0.03059476
303	G	-0.262	-0.001263
304	C	0.430	0.01958614
305	T	0.275	0.02961226
306	C	0.387	0.05142461
307	G	0.270	0.07642458
308	C	0.125	0.1145079
309	C	-0.109	0.1130204
310	A	-0.543	0.09554899
311	A	-0.473	0.08970826
312	C	0.417	0.1196201
313	G	0.310	0.08307955
314	G	0.142	0.07647585
315	G	-0.017	0.06343632
316	A	0.495	0.05054338
317	C	0	0.05222826
 318	A	0.048	0.03874656
319	T	0.026	0.07703903
320	T	0.245	0.1087099
321	G	-0.190	0.09305144
322	G	0.163	0.07956419
323	A	0.165	0.09799514
324	G	0.051	0.1148466
325	T	0.154	0.09492916
326	G	-0.339	0.06445446
327	G	0.107	0.04225549
328	A	0.064	0.01931976
329	C	0.150	0.01335499
330	A	0.080	-0.0001884176
331	T	0.456	-0.03582765
332	G	0.269	-0.06119248
333	T	0.157	-0.05163107
334	G	-0.518	-0.06202241
335	A	-0.328	-0.04109118
336	A	-0.363	-0.02501236
337	G	0.144	-0.03982141
338	A	-0.420	-0.058652
339	A	-0.442	-0.08151641
340	A	-0.265	-0.1042881
341	T	0.214	-0.1059184
342	G	-0.022	-0.09046189
343	G	0.016	-0.06205479
344	A	0.381	-0.01713644
345	T	-0.187	0.02981821
346	A	-0.169	0.0448485
347	T	-0.307	0.08584903
348	G	0.069	0.1369762
349	C	0.241	0.1463729
350	A	0.419	0.1531186
351	G	-0.035	0.1596506
352	C	0.434	0.178842
353	C	0.435	0.1549757
354	T	0.399	0.1936925
355	C	0.276	0.1836477
356	T	0.426	0.1711149
357	T	-0.105	0.1613443
358	C	0.328	0.1669263
359	A	0.088	0.1173082
360	C	0.343	0.09524032
361	A	-0.024	0.03954497
362	C	0.471	-0.007836618
363	G	-0.339	-0.01903944
364	A	-0.520	-0.05077909
365	A	-0.096	-0.08977421
366	C	0.336	-0.07099862
367	A	-0.423	-0.1024043
368	A	-0.410	-0.08171795
369	A	-0.511	-0.08753736
370	A	-0.370	-0.07565966
371	T	0.209	-0.09522072
372	G	-0.263	-0.08008922
373	C	-0.236	-0.04744567
374	G	0.213	-0.05345831
375	A	-0.204	-0.05027225
376	T	0.440	-0.002569365
377	C	0.244	0.04746105
378	T	0.177	0.1054105
379	G	0.138	0.1383555
380	A	-0.082	0.09602199
381	C	0.034	0.1169486
382	A	-0.199	0.1531469
383	T	0.390	0.1607268
384	C	0.387	0.1927218
385	C	0.440	0.192531
386	T	0.473	0.1918208
387	C	0.189	0.2070806
388	A	-0.510	0.2192394
389	T	0.092	0.2494843
390	C	0.379	0.2657451
391	G	0.342	0.283334
392	C	0.338	0.2841904
393	C	0.437	0.2885879
394	C	0.232	0.23548
395	T	0.436	0.1877647
396	C	0.345	0.1912145
397	T	0.431	0.2314528
398	T	0.310	0.2513775
399	C	0.099	0.2556562
400	C	0.404	0.2435625
401	T	0.462	0.2236243
402	C	-0.462	0.2028921
403	A	-0.338	0.1796826
404	C	0.248	0.1497019
405	C	0.173	0.1146342
406	G	0.431	0.06317346
407	C	0.451	0.03306794
408	T	0.136	0.03886654
409	G	0	0.008044835
 410	T	0.084	-0.02621434
411	G	-0.162	0.02397019
412	A	-0.073	0.06545984
413	T	-0.250	0.07718619
414	T	-0.443	0.08622254
415	G	-0.201	0.0761136
416	T	0.198	0.06481454
417	T	-0.119	0.07171531
418	C	-0.120	0.0813496
419	C	0.390	0.09236771
420	C	0.367	0.1301928
421	C	0.447	0.1578572
422	T	0.327	0.1799264
423	G	0.259	0.2304618
424	T	0.259	0.2620737
425	G	0.254	0.2747318
426	C	0.163	0.2709138
427	A	0.272	0.2896441
428	C	0.480	0.2687565
429	C	0.397	0.2167429
430	T	0.124	0.1970296
431	C	0.415	0.1730392
432	G	0.336	0.1572023
433	C	0.413	0.1645984
434	A	-0.183	0.1298681
435	G	0.198	0.1023636
436	T	0.035	0.1008316
437	C	-0.516	0.09130326
438	A	0.112	0.07371283
439	G	-0.080	0.08968765
440	G	-0.010	0.08334771
441	T	0.385	0.06162464
442	G	-0.336	0.005641341
443	A	-0.303	0.002024165
444	G	0.246	0.01297252
445	C	0.318	0.03066201
446	G	0.098	0.08500948
447	T	0.395	0.1041528
448	C	0.307	0.1212146
449	C	-0.033	0.1322427
450	A	-0.538	0.1353546
451	A	-0.245	0.1608473
452	C	0.384	0.1997958
453	T	0.336	0.1711371
454	C	0.406	0.1272265
455	C	0.437	0.0942052
456	C	0.209	0.04022902
457	G	0.177	-0.0044998
458	T	0.438	0.01701669
459	G	0.097	0.03295734
460	C	0.358	0.05477404
461	G	-0.241	0.03980192
462	T	-0.427	0.03976486
463	A	-0.463	0.02606734
464	A	-0.521	0.01734557
465	A	-0.452	0.009982041
466	A	0.332	0.01694245
467	G	-0.267	-0.0006762529
468	T	0.125	0.01703818
469	G	0.129	0.01630859
470	C	0.335	0.04510171
471	T	0.174	0.09590188
472	T	0.289	0.1532299
473	G	0.084	0.2081838
474	T	0.295	0.2364467
475	C	0.138	0.2029216
476	C	0.398	0.2041838
477	A	0.345	0.1680137
478	T	0.248	0.1443276
479	C	0.435	0.1149126
480	C	0.511	0.09858404
481	T	0.412	0.09548034
482	T	0.028	0.1062746
483	C	-0.237	0.1137813
484	A	-0.245	0.1278992
485	T	-0.489	0.1310506
486	A	-0.272	0.1124142
487	T	-0.164	0.09269898
488	G	-0.103	0.05930656
489	T	0.236	0.008427094
490	G	0.268	-0.01371784
491	G	0.423	-0.0222687
492	C	0.378	0.007834418
493	T	0.451	0.04927624
494	C	0.029	0.06343665
495	G	-0.086	0.1058039
496	T	-0.131	0.1349678
497	T	-0.353	0.1556107
498	G	0.035	0.1504518
499	G	-0.117	0.1346847
500	G	0.274	0.09431489
501	T	0.458	0.06740352
502	T	-0.248	0.02228793
503	G	0.447	0.01252567
504	C	0.331	0.0277707
505	T	0.247	0.05753899
506	T	0.149	0.08754076
507	T	0	0.07463545
 508	G	-0.262	0.06931675
509	T	-0.078	0.05980245
510	G	-0.315	0.04224834
511	T	-0.136	0.04991181
512	T	0.172	0.0362391
513	C	0.374	0.02196367
514	T	0.156	0.01980726
515	G	-0.183	8.502353e-05
516	G	-0.207	0.02512785
517	T	0.112	0.01970991
518	A	0.160	0.03728969
519	T	-0.118	0.04279869
520	G	0.214	0.03954481
521	A	0.088	0.0609081
522	C	0.210	0.02071651
523	G	-0.186	0.0005166294
524	T	0.425	-0.003905782
525	T	-0.355	-0.01710102
526	T	0.220	-0.02805846
527	T	-0.221	-0.0573944
528	G	-0.192	-0.05816358
529	T	0.535	-0.09720752
530	T	-0.309	-0.09898754
531	T	-0.186	-0.1039414
532	A	-0.258	-0.08782805
533	G	-0.432	-0.08853676
534	T	-0.073	-0.04193458
535	A	-0.338	-0.02759835
536	A	-0.131	-0.01457105
537	A	-0.448	0.01988489
538	T	0.058	0.02048659
539	G	0.126	0.03867406
540	T	0.087	0.03190854
541	G	0.413	0.02534971
542	C	0.437	0.04313418
543	G	0.464	0.0720008
544	C	0	0.1053129
 545	A	0.393	0.1227729
546	C	0.545	0.1450215
547	A	0	0.1339245
 548	T	-0.301	0.1403961
549	C	-0.370	0.1448595
550	A	-0.129	0.1179401
551	G	0.417	0.08539809
552	T	0.228	0.08559668
553	G	0.165	0.1156015
554	G	-0.070	0.07458421
555	A	-0.130	0.05998656
556	T	0.236	0.06892351
557	T	0.163	0.09355309
558	C	-0.043	0.09086315
559	G	-0.115	0.1195897
560	A	0.467	0.08838568
561	C	0.510	0.07810261
562	A	-0.303	0.0868482
563	T	0.297	0.1083504
564	T	0.151	0.1148435
565	G	0.116	0.1153139
566	T	-0.415	0.1133203
567	T	0.358	0.1181875
568	T	-0.113	0.1511101
569	G	0.053	0.1147165
570	T	0.313	0.09128812
571	G	0.294	0.09534606
572	T	-0.019	0.06953324
573	T	0.244	0.05543362
574	C	0.129	0.05496451
575	T	0.038	0.09934409
576	A	0.443	0.09248762
577	G	-0.151	0.1003208
578	A	0.111	0.07587204
579	T	-0.234	0.07141351
580	G	-0.141	0.08459068
581	T	-0.087	0.1140952
582	G	0.108	0.1022225
583	G	0.338	0.1194457
584	C	0.242	0.1141121
585	G	0.019	0.06948548
586	A	-0.362	0.09055059
587	G	0.238	0.09197418
588	C	0.518	0.118892
589	G	0.481	0.1197224
590	T	0.042	0.1074501
591	T	0.422	0.1302451
592	T	-0.051	0.08778579
593	G	-0.314	0.0493215
594	T	0.206	0.02061857
595	T	0.136	0.06182504
596	A	0.222	0.06929722
597	T	-0.126	0.03780838
598	C	-0.296	0.03430826
599	A	0.496	0.04719126
600	A	-0.383	0.04604203
601	T	-0.411	0.07410516
602	A	-0.468	0.1050606
603	C	0.338	0.118925
604	T	0.365	0.1333331
605	T	-0.016	0.1405307
606	C	0.422	0.1168295
607	T	0.261	0.1437126
608	G	0.403	0.1366976
609	T	0.425	0.1853087
610	G	0.211	0.2330158
611	C	0.442	0.2863172
612	C	0.380	0.241164
613	A	0.345	0.2174144
614	A	-0.529	0.1944218
615	A	0.160	0.1818744
616	C	0.377	0.1687566
617	T	0.443	0.170938
618	C	0.399	0.166023
619	C	0.437	0.1731584
620	A	-0.429	0.1198382
621	A	-0.038	0.07811766
622	G	-0.407	0.03364802
623	T	0.208	0.05435249
624	G	0.038	0.02467266
625	C	0.440	-0.01740745
626	C	0.341	-0.05485286
627	C	0.332	-0.0704951
628	A	-0.463	-0.07898163
629	A	-0.328	-0.03153081
630	A	-0.410	-0.007338288
631	A	-0.177	0.03500648
632	T	-0.343	0.04643401
633	A	-0.338	0.06877512
634	T	-0.193	0.05694194
635	T	0.133	0.056477
636	T	0.293	0.01726665
637	C	0.377	0.01611665
638	C	0.372	0.004422412
639	G	0.312	0.02858388
640	T	0.403	0.06534918
641	G	0.418	0.1018675
642	G	0.239	0.1301967
643	G	0.333	0.144476
644	C	-0.333	0.1240694
645	A	-0.483	0.1178747
646	A	-0.527	0.09816949
647	T	0	0.09656279
 648	C	0.447	0.1070694
649	C	0.276	0.1000579
650	A	0.143	0.08210173
651	C	0.049	0.09733773
652	G	-0.213	0.1042318
653	A	0.188	0.1299653
654	T	0.042	0.1771508
655	G	0.345	0.2364191
656	C	0.491	0.254572
657	T	0.283	0.1972011
658	T	0.113	0.1556217
659	C	0.498	0.1329788
660	A	0.450	0.121203
661	T	0.103	0.1230537
662	C	0.318	0.1371682
663	C	0.480	0.1372164
664	T	0.308	0.1027569
665	T	-0.528	0.08915903
666	T	-0.429	0.09305591
667	G	-0.241	0.1100687
668	T	-0.150	0.1009565
669	G	-0.182	0.09811621
670	T	0.428	0.114677
671	G	0.043	0.1238626
672	T	-0.240	0.1022143
673	G	0.260	0.07955505
674	C	0.350	0.09087987
675	G	0.402	0.08381564
676	C	0.343	0.07429234
677	G	0.402	0.1080445
678	C	0.385	0.1447055
679	G	0.474	0.1340932
680	C	0.112	0.1504965
681	T	-0.076	0.1508377
682	T	-0.335	0.1204619
683	A	-0.550	0.1026904
684	A	-0.403	0.05982648
685	G	0.422	0.03963989
686	G	0.441	0.02505406
687	G	0.247	0.009752712
688	T	0.321	-0.03736823
689	A	-0.234	-0.04911897
690	T	-0.256	-0.03520369
691	T	0.048	-0.01239771
692	T	-0.326	-0.005170647
693	T	0	-0.004227941
 694	T	0.154	-0.04871194
695	C	0.124	-0.08177776
696	A	-0.326	-0.08433082
697	A	-0.087	-0.09471647
698	T	0.159	-0.08832912
699	C	0.051	-0.05664194
700	A	-0.427	-0.03859187
701	G	-0.387	-0.003851694
702	A	-0.333	0.003785247
703	A	-0.121	0.006799365
704	C	0.204	0.02572325
705	G	0.145	0.03305578
706	T	-0.125	0.06403452
707	G	0.282	0.08480758
708	C	0.354	0.05700259
709	C	0.264	0.07439512
710	A	0.129	0.1287239
711	G	0.205	0.1568934
712	T	0.446	0.1513158
713	G	-0.201	0.1219619
714	C	0.439	0.1081701
715	A	0.513	0.1066791
716	T	-0.420	0.107289
717	T	-0.131	0.08427382
718	C	0.536	0.05710994
719	G	0.145	0.07447912
720	T	-0.215	0.05967503
721	T	-0.294	0.04750274
722	A	-0.089	0.06753397
723	G	-0.151	0.07133079
724	A	0.292	0.03825415
725	G	-0.036	0.04597909
726	A	-0.197	0.05911144
727	T	0.425	0.004538847
728	G	-0.045	0.005120788
729	T	0.239	0.03985879
730	C	0.138	0.08231373
731	A	0.503	0.09742705
732	T	-0.049	0.1130758
733	T	-0.289	0.09468514
734	A	0.091	0.1226348
735	G	-0.391	0.1319596
736	G	0.155	0.09479698
737	G	0.374	0.08751101
738	C	0.427	0.07872975
739	T	0.167	0.08098905
740	G	0.114	0.07803546
741	A	-0.019	0.09597769
742	C	0.438	0.09024104
743	T	-0.038	0.06778982
744	G	-0.206	0.06746682
745	A	-0.169	0.03370723
746	C	0.090	-0.01504212
747	A	0.177	-0.0178353
748	T	0.453	-0.009476359
749	C	0.255	-0.01695634
750	A	-0.386	-0.01984215
751	G	-0.289	-0.07160403
752	A	-0.397	-0.08785138
753	A	-0.418	-0.08041342
754	A	-0.454	-0.05515454
755	T	0.379	-0.03503134
756	C	0.309	-0.03097751
757	C	-0.012	-0.04233204
758	A	-0.068	-0.0396251
759	T	-0.441	-0.04269039
760	T	-0.315	-0.03202363
761	A	-0.080	-0.03281486
762	C	0.259	-0.03391269
763	T	0.432	-0.02796369
764	G	0.246	-0.07938586
765	G	0.260	-0.1079354
766	G	0.301	-0.1034253
767	G	-0.438	-0.07696074
768	A	-0.108	-0.02735179
769	T	-0.410	0.003169735
770	A	-0.437	0.006337576
771	A	-0.352	-0.009887688
772	A	-0.494	-0.05611622
773	T	-0.175	-0.07328956
774	C	0.064	-0.1067223
775	A	0.380	-0.1210349
776	C	0.402	-0.08527758
777	C	0.203	-0.07408301
778	A	-0.026	-0.04099989
779	T	-0.016	0.006868165
780	T	-0.353	0.04238511
781	T	-0.045	0.09086405
782	G	-0.307	0.08391099
783	C	0.058	0.0737158
784	A	0.168	0.01848709
785	T	0.081	-0.02297508
786	C	0.151	-0.01438991
787	G	0.376	0.01126324
788	C	0.250	0.03583097
789	C	0.329	0.05469708
790	A	-0.293	0.04488931
791	T	-0.109	0.06733482
792	T	-0.557	0.03490936
793	G	-0.302	0.03603265
794	C	0.349	0.04166138
795	G	0.409	0.05953638
796	C	0.401	0.05460779
797	G	-0.032	0.06509362
798	T	-0.212	0.07201662
799	T	0.073	0.09161615
800	T	-0.492	0.1135466
801	G	0.187	0.1618791
802	C	0.177	0.2071897
803	T	0.455	0.2079954
804	C	0.292	0.1557659
805	G	0.429	0.1005056
806	C	0.447	0.1210769
807	A	0.039	0.118221
808	G	0.263	0.1382059
809	C	0.263	0.1681686
810	G	0.467	0.1669776
811	T	0.363	0.1808728
812	T	-0.478	0.1577831
813	A	-0.537	0.126651
814	C	0.317	0.0819071
815	G	-0.260	0.03256228
816	T	0.413	0.01178745
817	G	0.016	-0.01497278
818	C	0.167	-0.01916949
819	C	0.413	-0.05754349
820	C	0.063	-0.08912319
821	G	-0.236	-0.03129708
822	A	-0.331	0.02157969
823	A	-0.391	-0.005666959
824	T	-0.313	-0.01573261
825	A	-0.191	-0.04128182
826	C	0.192	-0.01293354
827	G	-0.184	-0.01211536
828	G	-0.173	-0.03644448
829	G	0.504	-0.02510474
830	T	0.361	-0.009015053
831	A	-0.146	-0.0015767
832	C	-0.432	0.04625548
833	G	-0.020	0.09003636
834	T	0.498	0.1221794
835	T	0.181	0.1281638
836	T	0	0.1562615
 837	C	0.255	0.1908058
838	T	0.037	0.1883244
839	G	-0.205	0.1937968
840	T	0.421	0.1878108
841	C	0.430	0.2032517
842	C	0.355	0.2180242
843	C	0.294	0.1961767
844	T	0.292	0.159687
845	C	0.413	0.1318722
846	C	0.462	0.08442057
847	T	0.454	0.05362006
848	T	-0.247	0.04036429
849	T	-0.169	-0.009027647
850	T	0.230	-0.05847935
851	T	0.127	-0.06835371
852	T	-0.438	-0.1033384
853	T	-0.472	-0.1328552
854	A	-0.550	-0.137807
855	A	-0.486	-0.163597
856	A	-0.430	-0.1741003
857	A	-0.417	-0.1849833
858	A	-0.410	-0.1980074
859	T	0.187	-0.1945497
860	G	-0.300	-0.1778405
861	A	-0.208	-0.152944
862	C	0.329	-0.1168316
863	T	0.024	-0.05925794
864	T	0.275	-0.003260353
865	T	-0.432	0.02541376
866	G	-0.391	0.06099312
867	T	0.289	0.1089981
868	T	0.411	0.1024853
869	T	-0.015	0.1005896
870	C	0.141	0.09288999
871	T	0.428	0.04941688
872	T	0.465	0.01669998
873	G	0.057	-0.02628561
874	A	0.186	0.01884615
875	C	0.406	0.07297933
876	T	0.076	0.05730433
877	G	-0.332	0.005900153
878	A	-0.339	0.01610441
879	T	-0.409	0.007806935
880	T	-0.531	-0.03419118
881	A	-0.455	-0.08770259
882	C	0.334	-0.08134859
883	C	0.529	-0.09909589
884	A	0.022	-0.1444123
885	A	-0.462	-0.1375621
886	T	0.158	-0.1147085
887	T	0	-0.1139313
 888	T	-0.285	-0.1145208
889	T	-0.444	-0.1088339
890	T	0.165	-0.1014702
891	A	-0.114	-0.1188416
892	G	-0.364	-0.1252838
893	T	0.193	-0.1135243
894	G	0.055	-0.07377502
895	T	-0.326	-0.08631814
896	A	-0.419	-0.07337014
897	A	-0.435	-0.05778119
898	A	-0.329	-0.05320025
899	T	0.038	-0.07887814
900	C	0.419	-0.102955
901	A	0.222	-0.1003708
902	G	0.213	-0.09769072
903	C	-0.055	-0.09646103
904	A	0.220	-0.07074862
905	G	-0.020	-0.02681421
906	T	-0.366	-0.01568744
907	T	-0.271	0.03485356
908	T	-0.524	0.05629637
909	A	-0.320	0.05394302
910	A	0.238	0.04350708
911	G	0.076	0.04460243
912	T	0.110	0.06842219
913	T	0.327	-
914	G	-0.246	-
915	T	0.529	-
916	T	0.403	-
917	T	0.379	-
918	C	0.045	-
919	G	0.231	-
920	T	0.349	-
