1	G	0.033	-
2	T	0.241	-
3	G	-0.139	-
4	A	-0.283	-
5	C	0.149	-
6	G	0.371	-
7	G	0.181	0.1571208
8	C	0.503	0.1852714
9	G	-0.452	0.1898331
10	A	0.181	0.1708079
11	C	0.384	0.1921006
12	G	0.380	0.1695591
13	G	0.262	0.1236932
14	C	0.385	0.09659965
15	C	0.427	0.02623686
16	A	0.305	0.04407258
17	C	-0.405	0.04645815
18	A	0.014	0.03414801
19	T	-0.166	0.03187308
20	C	-0.270	0.04316365
21	G	-0.198	0.01708194
22	A	-0.481	-0.05050235
23	A	-0.203	-0.1066016
24	G	0.214	-0.1151153
25	G	0.212	-0.0809895
26	G	0.348	-0.04967357
27	C	0.420	-0.007973429
28	T	0.020	-0.003923357
29	A	-0.518	0.05579679
30	T	-0.480	0.08931986
31	G	-0.525	0.1058641
32	C	0.492	0.1118617
33	G	0.272	0.1089372
34	T	0.313	0.1079529
35	C	-0.141	0.09673029
36	A	0.354	0.1214913
37	G	0.266	0.1462848
38	C	0.446	0.1569918
39	G	0.296	0.1171023
40	C	0.307	0.08469429
41	C	0.406	0.04083993
42	A	-0.136	0.04530563
43	T	-0.171	0.02569695
44	A	-0.132	0.03037374
45	G	-0.375	0.02909638
46	C	-0.065	0.03527831
47	A	-0.181	0.03405974
48	T	-0.300	0.01405595
49	A	-0.078	0.06080995
50	C	0.079	0.1041427
51	G	0.331	0.1172662
52	C	0.428	0.1245224
53	C	0.382	0.1007269
54	G	0.290	0.08167601
55	G	0.126	0.1263605
56	C	0.518	0.1541515
57	G	0.435	0.1730475
58	T	0.050	0.1777772
59	T	-0.273	0.1501695
60	T	-0.399	0.08684688
61	G	-0.448	0.04850974
62	A	0.325	0.02640916
63	C	0.310	-0.03969005
64	G	0.344	-0.1006945
65	C	0.397	-0.1165799
66	A	0.041	-0.1186799
67	G	-0.503	-0.1204459
68	A	-0.245	-0.1188913
69	A	-0.183	-0.1665577
70	G	-0.407	-0.1784218
71	T	-0.419	-0.1696268
72	A	-0.171	-0.168249
73	T	-0.302	-0.1531882
74	A	-0.423	-0.09768307
75	A	-0.426	-0.04295129
76	A	-0.342	0.001207643
77	T	0.144	-0.004489214
78	C	0.467	-0.01150414
79	A	0.417	-0.03172764
80	G	0.252	-0.01885164
81	C	0.273	0.04588821
82	C	0.520	0.09101914
83	T	0.435	0.1296194
84	T	-0.486	0.0870565
85	A	-0.517	0.02208014
86	A	-0.454	-0.04321157
87	G	-0.122	-0.06052598
88	T	0.482	-0.04897241
89	C	0.205	-0.06269148
90	A	0.198	-0.1197998
91	A	-0.451	-0.1171481
92	G	-0.442	-0.08020426
93	A	-0.497	-0.04497264
94	A	0.010	-0.03870449
95	C	0.435	-0.09655413
96	C	0.328	-0.1046143
97	A	-0.364	-0.144837
98	A	-0.449	-0.09584849
99	A	0	-0.03459428
 100	T	0.038	0.03323965
101	G	-0.034	0.05500606
102	A	-0.327	0.02166002
103	A	0.092	-0.01216176
104	G	-0.364	-0.006453193
105	C	0.234	0.00177445
106	A	0.415	-0.03026348
107	C	0.452	-0.002293464
108	C	0.314	0.02098453
109	A	-0.031	0.02438174
110	G	-0.145	0.00749725
111	A	-0.284	0.06717825
112	G	-0.334	0.05513249
113	T	-0.448	0.01078949
114	A	0.430	-0.05197551
115	C	0.290	-0.06697101
116	A	-0.279	-0.07602054
117	G	-0.143	-0.07403311
118	A	0.470	-0.02269526
119	T	0.065	0.03189646
120	T	-0.205	0.08846846
121	A	-0.426	0.05115846
122	T	0.105	0.02493705
123	G	-0.158	0.06629841
124	G	-0.117	0.09100576
125	A	0.434	0.07750605
126	G	0.429	0.05014559
127	G	0.343	0.08519831
128	T	-0.092	0.1156329
129	A	-0.076	0.09513695
130	T	0.299	0.09853774
131	C	0.202	0.09971216
132	T	0.281	0.04065681
133	G	-0.317	-0.01447905
134	A	0.285	-0.06727805
135	A	0	-0.05429621
 136	G	-0.181	-0.07673644
137	T	-0.110	-0.09428666
138	T	-0.100	-0.1233286
139	G	-0.392	-0.1110675
140	A	-0.342	-0.06877594
141	A	-0.395	-0.08300219
142	C	0.089	-0.1123898
143	T	-0.390	-0.1230135
144	A	0.053	-0.1109802
145	A	-0.204	-0.08444593
146	C	0.453	-0.04054179
147	T	0.274	-0.003119
148	G	0.086	0.02698392
149	G	-0.411	0.03979093
150	A	-0.330	0.050175
151	A	0.057	0.007378579
152	G	0.270	0.03882765
153	C	0.222	0.03438344
154	A	0.181	0.02699065
155	G	0.025	0.002286464
156	G	0.268	0.01370439
157	G	-0.244	0.00745475
158	A	-0.545	0.03042464
159	A	0.235	0.004282514
160	C	0.391	-0.04297891
161	C	0.170	-0.08692649
162	A	-0.259	-0.1091859
163	T	-0.251	-0.1590387
164	A	-0.418	-0.1786011
165	C	0.379	-0.1576738
166	T	-0.095	-0.2087826
167	A	-0.439	-0.216511
168	A	-0.433	-0.2035064
169	T	-0.285	-0.1550514
170	A	-0.429	-0.1087944
171	A	-0.518	-0.08332131
172	A	-0.252	-0.1469022
173	G	-0.479	-0.177154
174	T	0.283	-0.1847219
175	T	0.352	-0.1391078
176	C	0.418	-0.08737469
177	C	0.396	-0.0245324
178	T	-0.061	0.006995636
179	T	-0.510	0.002398779
180	A	-0.518	0.06317292
181	A	-0.545	0.04931184
182	G	0.205	0.05630356
183	C	0.438	0.04384991
184	A	0.450	0.04943691
185	G	-0.077	0.0384616
186	T	-0.316	0.04419867
187	T	0.371	0.06442331
188	T	0.088	0.07209239
189	C	0.450	0.04782896
190	C	0.244	-0.01369304
191	T	0.474	-0.05719269
192	T	-0.215	-0.06705508
193	G	-0.430	-0.05824415
194	T	-0.235	-0.1043144
195	A	-0.438	-0.1198056
196	A	-0.134	-0.1369716
197	A	-0.422	-0.1255262
198	G	-0.158	-0.1290734
199	A	-0.215	-0.09126593
200	T	-0.193	-0.03249736
201	G	-0.273	-0.002445786
202	A	-0.127	0.04171129
203	A	0.210	0.07062307
204	C	0.404	0.08642929
205	C	0.424	0.07072586
206	C	0.314	0.06720543
207	A	0.392	0.06975971
208	G	0.184	0.1117389
209	G	0.180	0.1252521
210	G	0.270	0.1211169
211	A	-0.201	0.07687716
212	A	-0.378	0.009652807
213	G	-0.264	-0.03490955
214	G	-0.157	-0.09981584
215	A	0.313	-0.08263326
216	T	0.061	-0.07879941
217	C	0.152	-0.1025813
218	G	-0.214	-0.08192452
219	A	-0.516	-0.03988909
220	A	-0.309	-0.05763316
221	A	-0.516	-0.06773266
222	G	0.425	-0.1215741
223	T	0.233	-0.1380243
224	G	-0.062	-0.1661198
225	G	0.087	-0.125635
226	A	0.210	-0.07753076
227	G	-0.513	-0.07001761
228	A	-0.299	-0.0608679
229	A	-0.439	-0.1068647
230	G	-0.169	-0.1315791
231	A	-0.240	-0.1319071
232	C	0.351	-0.1556112
233	C	0.156	-0.1526282
234	A	-0.204	-0.147275
235	G	-0.388	-0.1583263
236	A	-0.218	-0.1643558
237	T	-0.112	-0.1724124
238	C	-0.067	-0.1639163
239	A	-0.244	-0.2018573
240	A	0.251	-0.2047394
241	G	-0.438	-0.1569223
242	A	-0.453	-0.1402217
243	A	-0.524	-0.1434404
244	A	-0.281	-0.1452459
245	G	-0.121	-0.1357905
246	A	-0.179	-0.1093958
247	C	0.116	-0.1464456
248	T	0.464	-0.1424278
249	A	-0.154	-0.1365468
250	C	-0.263	-0.1116175
251	A	-0.137	-0.06455012
252	T	0.064	-0.02289062
253	C	0.125	0.01376438
254	A	-0.266	0.01715224
255	A	-0.381	0.01567124
256	G	-0.371	0.06359238
257	A	-0.175	0.1083035
258	T	0.377	0.1489227
259	C	0.461	0.1336518
260	T	0.333	0.1386541
261	G	0.163	0.1613377
262	C	0.444	0.178282
263	G	0.516	0.1941716
264	G	0.362	0.211893
265	T	0.431	0.1479638
266	C	-0.148	0.08201269
267	A	0.195	0.03464105
268	G	0.050	0.02292826
269	T	-0.144	-0.008051807
270	T	-0.149	-0.06921724
271	C	0.072	-0.1098994
272	A	-0.517	-0.1482658
273	A	-0.461	-0.1361131
274	A	-0.329	-0.1508408
275	G	0	-0.1702693
 276	G	0.010	-0.1736677
277	A	-0.340	-0.1764165
278	T	-0.207	-0.1610389
279	G	-0.106	-0.1011453
280	T	0.021	-0.07441439
281	T	-0.010	-0.05919332
282	T	-0.221	-0.07717375
283	T	-0.192	-0.07619771
284	G	-0.187	-0.03839799
285	C	0.288	0.004431079
286	A	0.320	0.01785297
287	T	-0.087	0.03712854
288	T	-0.116	0.07221522
289	G	-0.251	0.1087746
290	G	0.024	0.09036386
291	A	0.189	0.09141358
292	C	0.392	0.05808308
293	T	0.081	0.03818871
294	G	0.291	0.03117129
295	T	0.480	0.04759707
296	T	0.290	0.04572714
297	T	-0.450	0.07334074
298	T	-0.172	0.08772546
299	T	-0.178	0.06148704
300	T	0.042	0.04811394
301	T	-0.185	0.01558686
302	T	0.113	-0.01474985
303	G	-0.277	-0.04970192
304	G	0.410	0.01023722
305	C	0.390	0.03841551
306	T	0.025	0.07304286
307	T	-0.105	0.1018892
308	T	-0.164	0.07987644
309	G	0.055	0.08889994
310	A	-0.198	0.1404055
311	C	0.389	0.1244191
312	C	0.221	0.1178128
313	C	0.306	0.1046414
314	T	0.445	0.1420613
315	T	-0.493	0.1785027
316	G	0.240	0.200267
317	C	0.443	0.2449284
318	T	0.186	0.2507039
319	T	0.298	0.2224554
320	G	-0.159	0.2224998
321	C	0.418	0.2231683
322	C	0.345	0.2888134
323	C	0.360	0.2973935
324	C	0.426	0.2954025
325	T	0.469	0.3149631
326	G	-0.173	0.3084756
327	A	0.306	0.3566297
328	C	0.455	0.312679
329	C	0.425	0.299505
330	T	0.360	0.2855003
331	C	0.415	0.2275937
332	A	0.460	0.1857937
333	C	0.207	0.2028968
334	T	0.514	0.2084327
335	C	-0.196	0.18547
336	T	0.161	0.1633703
337	T	0.164	0.152119
338	G	-0.384	0.1431768
339	G	-0.115	0.1392953
340	A	0.065	0.1512374
341	C	0.384	0.09695361
342	T	0.133	0.1065678
343	G	0.115	0.1080514
344	C	0.202	0.1055285
345	C	0.290	0.1472044
346	C	0.406	0.1371574
347	T	0.374	0.158535
348	G	-0.245	0.1017484
349	T	-0.062	0.0601284
350	T	0.182	0.06035083
351	G	0.128	0.07184154
352	G	0.199	0.06387011
353	A	-0.255	0.01704011
354	T	0.364	0.01291533
355	T	-0.410	0.04239583
356	T	-0.448	0.04314949
357	T	0.118	0.009442771
358	C	0.363	-0.006881936
359	A	0.178	-0.006348007
360	G	-0.249	-0.01615258
361	T	0.316	-0.06094815
362	T	0.167	-0.05466322
363	T	-0.051	0.01202099
364	A	-0.289	-0.02276708
365	T	-0.099	-0.05712679
366	T	0.206	-0.1040382
367	T	-0.393	-0.1197647
368	A	-0.262	-0.1744707
369	A	-0.322	-0.2209664
370	T	0.484	-0.2515236
371	T	-0.368	-0.2649538
372	T	-0.117	-0.2919629
373	A	-0.478	-0.3313839
374	A	-0.469	-0.3329086
375	A	-0.449	-0.3423976
376	A	-0.483	-0.3517979
377	A	-0.479	-0.3608719
378	A	-0.477	-0.3247934
379	A	-0.477	-0.3103916
380	A	-0.345	-0.2762308
381	A	-0.414	-0.2391691
382	A	-0.395	-0.1742196
383	A	-0.454	-0.123231
384	T	0.357	-0.06360534
385	T	0.136	-0.009339914
386	T	0.084	0.01037787
387	G	0	0.05572259
 388	G	0.049	0.07626459
389	T	0.460	0.1264432
390	T	0.230	0.1588945
391	C	0.355	0.1446997
392	T	0.282	0.1243864
393	G	-0.201	0.1492417
394	G	0.289	0.1598711
395	G	-0.126	0.1703238
396	T	0.307	0.1226365
397	A	0	0.07234386
 398	G	0.158	0.01622743
399	A	-0.147	-0.0202155
400	T	0.432	-0.035694
401	G	0.148	-0.07232807
402	C	0.195	-0.06465168
403	T	-0.207	-0.09565768
404	A	-0.473	-0.09950966
405	A	-0.430	-0.1210281
406	T	-0.228	-0.07663851
407	A	-0.418	-0.1219707
408	A	-0.223	-0.1359915
409	A	-0.019	-0.1666714
410	T	-0.126	-0.1644805
411	A	-0.053	-0.1583093
412	T	-0.142	-0.1533628
413	T	0.473	-0.1583451
414	T	-0.202	-0.1404114
415	A	-0.047	-0.153252
416	A	-0.233	-0.170156
417	T	-0.176	-0.1692685
418	T	-0.387	-0.1776089
419	G	-0.361	-0.1629342
420	T	-0.297	-0.1977606
421	A	-0.167	-0.1930269
422	A	-0.402	-0.2097121
423	T	-0.256	-0.2062479
424	T	-0.114	-0.1868914
425	A	-0.170	-0.1513594
426	T	0.063	-0.1602744
427	T	-0.013	-0.1683209
428	T	-0.136	-0.1882509
429	A	-0.281	-0.1528783
430	A	-0.185	-0.1403761
431	T	0.094	-0.09863641
432	G	0.110	-0.1185743
433	T	-0.485	-0.1624181
434	A	-0.410	-0.1719936
435	A	-0.446	-0.1456535
436	A	0.092	-0.1107309
437	T	-0.081	-0.07711611
438	C	0.470	-0.07649826
439	A	-0.449	-0.06494291
440	A	-0.550	0.00355595
441	A	-0.147	0.0287633
442	G	0.232	0.0417718
443	G	0.207	0.04550645
444	C	0.285	0.07873528
445	G	0.102	0.05829535
446	G	0.272	0.1170371
447	C	0.473	0.1503874
448	A	-0.057	0.1280798
449	A	-0.264	0.1229607
450	C	0.144	0.1139812
451	A	0.384	0.1193285
452	C	0.183	0.1437249
453	C	0.372	0.1546841
454	A	-0.083	0.1241952
455	A	-0.460	0.09551024
456	G	0.160	0.08094381
457	G	0.082	0.04077466
458	C	0.360	-0.01663819
459	T	0.444	-0.05730655
460	C	0.425	-0.1180532
461	C	0.046	-0.133845
462	A	-0.459	-0.09241592
463	A	-0.468	-0.09806452
464	A	-0.417	-0.1302113
465	A	-0.419	-0.1891263
466	A	-0.385	-0.2190905
467	T	-0.477	-0.2169717
468	A	-0.304	-0.2476517
469	C	0.119	-0.2374289
470	A	0.081	-0.238564
471	A	-0.367	-0.1940188
472	A	-0.464	-0.1908874
473	T	0.024	-0.1811312
474	T	0.455	-0.1729773
475	T	-0.383	-0.1795729
476	A	-0.316	-0.2080474
477	T	-0.484	-0.2430327
478	T	0.205	-0.2430101
479	A	-0.375	-0.2471479
480	A	-0.248	-0.2872768
481	A	-0.363	-0.3149592
482	T	-0.397	-0.293504
483	T	-0.278	-0.2437458
484	A	-0.408	-0.1828884
485	A	-0.367	-0.1634627
486	A	-0.522	-0.1630486
487	A	-0.536	-0.1452722
488	A	0.067	-0.1152547
489	G	-0.082	-0.09532503
490	G	0.380	-0.09932567
491	C	0.367	-0.07193729
492	T	0.477	-0.06992579
493	G	-0.370	-0.04378357
494	A	0	0.005857357
 495	C	0.056	0.02199441
496	A	-0.118	0.0467318
497	C	-0.334	0.005506729
498	A	-0.024	-0.04022477
499	G	-0.339	-0.08629913
500	A	-0.156	-0.09746263
501	G	0.157	-0.1195742
502	C	0.293	-0.1306931
503	G	0.263	-0.1357307
504	T	-0.196	-0.1118241
505	G	-0.272	-0.1002108
506	T	-0.167	-0.07192149
507	A	-0.526	-0.08125042
508	A	-0.309	-0.1026401
509	C	-0.099	-0.1264666
510	G	-0.188	-0.1313648
511	T	0	-0.08813377
 512	T	0.137	-0.04695406
513	T	0.056	-0.008278986
514	C	-0.287	0.05962344
515	G	-0.141	0.1092235
516	A	-0.040	0.14511
517	G	0.194	0.1845686
518	C	0.408	0.2140174
519	C	0.304	0.2253386
520	G	0.374	0.2302474
521	C	0.424	0.2389029
522	C	0.384	0.2263488
523	G	0.403	0.228411
524	G	0.363	0.227446
525	C	0.412	0.2175439
526	T	0.296	0.1973685
527	C	0.125	0.1748626
528	T	-0.165	0.1362305
529	T	-0.317	0.1148458
530	C	-0.011	0.1229111
531	A	0.181	0.0688483
532	T	0.269	0.01115716
533	C	0.021	-0.04117556
534	A	0.059	-0.05312642
535	G	-0.116	-0.04035801
536	A	0.085	0.01402477
537	C	0.516	0.04425655
538	A	-0.393	0.03697103
539	A	-0.395	-0.003691757
540	A	-0.436	-0.01483128
541	T	-0.041	-0.01682565
542	T	0.012	0.004671493
543	C	0.444	-0.00143235
544	T	0.412	-0.003207707
545	T	0.079	0.01892373
546	T	-0.299	0.0119293
547	T	-0.134	0.0351798
548	T	0.031	0.04182929
549	C	0.184	0.04226923
550	G	0	0.01054523
 551	T	0.491	-0.03904649
552	T	-0.083	-0.04267809
553	G	-0.493	-0.04308223
554	T	-0.110	-0.03620366
555	A	0.051	-0.07160693
556	A	0.019	-0.1158506
557	T	0	-0.1415513
 558	T	-0.282	-0.2083557
559	T	0.028	-0.2249919
560	T	-0.304	-0.2086298
561	T	-0.037	-0.2296881
562	T	-0.464	-0.2518564
563	A	-0.435	-0.2361831
564	A	-0.359	-0.2506927
565	A	-0.443	-0.1999801
566	T	-0.316	-0.17512
567	A	-0.264	-0.1270466
568	A	-0.405	-0.1477894
569	T	-0.259	-0.1365003
570	A	0.238	-0.09839847
571	T	-0.203	-0.08475747
572	G	0.427	-0.0312164
573	T	0.376	-0.002399693
574	T	0.368	-0.00226755
575	T	-0.328	0.02021804
576	T	-0.306	0.008730757
577	T	0.098	-0.01412688
578	G	-0.168	-0.003842714
579	T	0.305	-0.02612471
580	T	0.087	-0.02970429
581	A	-0.262	-0.03030864
582	A	-0.090	-0.003487843
583	A	-0.420	-0.0150787
584	T	-0.081	-0.03211201
585	A	-0.059	-0.03345844
586	T	0.115	-0.03169259
587	T	0.326	-0.02697508
588	C	0.359	0.02584635
589	G	0.047	0.03069429
590	A	-0.468	0.09643665
591	T	-0.140	0.1055181
592	T	-0.187	0.1368019
593	T	0.330	0.1121143
594	C	0.153	0.07356511
595	T	0.477	0.05828146
596	G	-0.022	0.06284652
597	T	0.500	0.1160635
598	G	0.045	0.1529772
599	T	0.378	0.1749947
600	T	-0.229	0.1734249
601	T	-0.213	0.1965772
602	G	0.145	0.1572491
603	T	0.111	0.1681907
604	T	0.276	0.1677635
605	C	0.376	0.1800698
606	T	0.120	0.1873903
607	G	0.308	0.2408738
608	T	0.477	0.2381809
609	C	-0.073	0.2381362
610	T	0.130	0.2323272
611	A	0.494	0.2145637
612	C	0.217	0.2186463
613	T	0.481	0.2062424
614	C	0.518	0.1953297
615	G	-0.250	0.1931165
616	T	0.144	0.1936761
617	A	0.029	0.1529867
618	C	0.027	0.105244
619	T	0.433	0.0918277
620	T	-0.053	0.0584502
621	G	0.155	0.04711041
622	T	0.446	0.07648249
623	T	-0.065	0.04940727
624	T	-0.439	0.0802433
625	A	-0.174	0.1116656
626	T	0.030	0.1109348
627	C	0.014	0.1461461
628	T	0.360	0.1622323
629	T	0.160	0.1559223
630	G	-0.234	0.1393226
631	T	0.461	0.1376311
632	C	0.467	0.1362653
633	T	0.423	0.1059966
634	C	0.439	0.0736325
635	T	0.380	0.02656843
636	G	0.358	0.025796
637	T	-0.298	0.077397
638	A	-0.463	0.0423572
639	A	-0.193	0.008950986
640	T	-0.393	-0.04990887
641	T	-0.439	-0.0946083
642	A	-0.298	-0.1424233
643	T	0.149	-0.1828469
644	C	0.488	-0.1690945
645	A	-0.029	-0.1430858
646	T	0	-0.1517826
 647	T	-0.400	-0.1131199
648	T	-0.185	-0.09442961
649	G	-0.288	-0.07911586
650	T	-0.207	-
651	T	-0.105	-
652	A	-0.098	-
653	A	-0.314	-
654	T	0.147	-
655	T	-0.177	-
656	T	-0.084	-
