1	C	0.295	-
2	A	0.152	-
3	A	-0.355	-
4	T	0.090	-
5	T	-0.246	-
6	T	-0.061	-
7	C	0.269	-
8	C	0.457	-
9	G	-0.012	0.09222257
10	T	-0.024	0.05737735
11	T	-0.182	0.02623168
12	T	-0.088	0.04597229
13	T	0.329	0.06181186
14	C	0.289	0.08034174
15	C	0.420	0.1001957
16	T	0.365	0.09458397
17	C	0.098	0.08216286
18	A	-0.136	0.1050969
19	G	-0.331	0.133048
20	T	-0.408	0.1432031
21	T	0	0.1214971
 22	C	0.376	0.09369372
23	G	0.087	0.08003245
24	C	0.295	0.03251484
25	G	0.168	0.04080628
26	C	0.233	0.04488206
27	C	0.400	0.04858404
28	G	0.478	0.08404648
29	T	0	0.1329627
 30	T	-0.479	0.1170694
31	T	-0.170	0.08859848
32	T	0.043	0.08500416
33	G	-0.435	0.06856477
34	T	0.514	0.04351349
35	T	0.171	0.05507627
36	T	-0.069	0.05620766
37	T	0.306	0.0469531
38	T	0.471	0.05388904
39	G	-0.286	0.09669021
40	T	-0.136	0.1223394
41	T	0.022	0.1092019
42	T	0	0.1397144
 43	G	-0.282	0.1309715
44	G	0.441	0.1451815
45	C	0.420	0.1729438
46	T	0.312	0.1845088
47	C	0.124	0.156944
48	A	0.291	0.1795454
49	C	0.290	0.1699747
50	A	-0.193	0.1386641
51	G	0.113	0.1314281
52	T	0.357	0.1458357
53	C	0.427	0.1062885
54	C	0.429	0.08063149
55	G	0.514	0.05775106
56	C	-0.024	0.04881314
57	A	0.120	0.02250803
58	C	-0.308	0.0007720833
59	A	-0.541	-0.0006506389
60	T	-0.130	-0.01851247
61	C	-0.022	-0.06579119
62	A	-0.269	-0.1105769
63	T	-0.041	-0.1571571
64	G	-0.099	-0.1976115
65	A	-0.036	-0.2004761
66	G	-0.182	-0.200329
67	G	-0.100	-0.1700995
68	A	-0.218	-0.1466686
69	G	-0.207	-0.1305054
70	A	-0.493	-0.1164972
71	A	-0.378	-0.08012734
72	G	-0.408	-0.06001012
73	T	-0.213	-0.03887874
74	A	-0.075	-0.02791354
75	C	0.123	-0.01073227
76	A	0.235	-0.01729277
77	C	-0.119	-0.008677278
78	G	0.160	0.02574278
79	T	0.229	0.07851967
80	T	0.384	0.1285762
81	G	0.320	0.1512707
82	G	0.280	0.1823277
83	C	0.161	0.1808391
84	C	0.126	0.1830379
85	A	-0.218	0.1734279
86	A	-0.063	0.1902203
87	C	0.412	0.1933815
88	C	0.456	0.1942798
89	C	0.522	0.1687945
90	T	0	0.148485
 91	T	0.345	0.1223759
92	C	-0.102	0.10599
93	A	0.162	0.1037867
94	G	0.062	0.1353184
95	G	0.182	0.1503516
96	T	0.217	0.1466443
97	C	0.245	0.150456
98	T	-0.074	0.1452152
99	G	-0.044	0.1661976
100	A	-0.189	0.1612918
101	T	-0.133	0.1862751
102	T	0.087	0.2023711
103	C	0.348	0.2204789
104	A	0.206	0.2186249
105	C	0.345	0.2000285
106	T	0.524	0.1825568
107	C	0.427	0.2151908
108	A	0.377	0.2476901
109	C	0.257	0.2451523
110	G	0.347	0.2318859
111	C	0.452	0.2458551
112	A	0.388	0.2521782
113	T	0.149	0.2243022
114	G	-0.117	0.2022644
115	A	-0.068	0.1961098
116	C	0.513	0.1858332
117	T	0.540	0.1797721
118	A	-0.234	0.1842189
119	A	-0.372	0.1871219
120	C	0.338	0.1782754
121	T	0.462	0.1271245
122	T	-0.295	0.1378778
123	A	-0.051	0.1554252
124	C	0.414	0.1820226
125	C	0.242	0.166565
126	T	0.268	0.1383504
127	C	0.337	0.1631493
128	C	0.399	0.1881772
129	T	0.293	0.1746744
130	T	-0.532	0.1424779
131	T	0.343	0.1786795
132	C	0.198	0.2056013
133	A	0.409	0.1936615
134	C	0.235	0.1601603
135	T	0.032	0.1493511
136	G	0.211	0.1090559
137	C	0.078	0.09051663
138	G	0.095	0.0642783
139	A	-0.116	0.08798902
140	C	0.356	0.09296363
141	C	0.433	0.1018244
142	T	0.199	0.08075804
143	G	-0.360	0.09124404
144	A	0.074	0.07338563
145	A	-0.387	0.03500596
146	C	0.065	0.02565549
147	A	-0.178	0.02476289
148	T	-0.105	0.05342089
149	T	0.432	0.05373439
150	C	0.358	0.04093795
151	A	0.030	0.04990878
152	C	0.423	0.09347278
153	A	-0.288	0.08995584
154	T	-0.479	0.1254878
155	A	-0.090	0.1523247
156	T	0.079	0.1685663
157	C	0.399	0.1470544
158	T	0.362	0.1145501
159	G	0.202	0.07992541
160	C	0.360	0.08637394
161	C	0.423	0.08286367
162	A	0.010	0.1035701
163	G	0.251	0.1504058
164	C	0.548	0.1685684
165	G	0.113	0.1393895
166	A	-0.492	0.1207749
167	T	-0.152	0.1222632
168	G	-0.265	0.1254731
169	T	0.146	0.1314368
170	T	0.360	0.08475133
171	G	0.083	0.05533527
172	C	0.363	0.01800871
173	A	0.236	0.01326582
174	G	-0.445	0.0297821
175	A	0.063	0.08585521
176	C	0.389	0.1191252
177	T	0.260	0.1179338
178	C	0.468	0.116778
179	A	-0.416	0.07060366
180	A	-0.518	0.03682354
181	A	-0.420	0.03637993
182	C	0.463	0.04580032
183	C	0.410	0.06242376
184	T	0.516	0.055905
185	C	0.446	0.0273935
186	A	-0.286	0.02156867
187	T	0.125	0.0103055
188	T	-0.470	0.04416711
189	G	-0.524	0.04435689
190	T	0.355	0.05138344
191	T	0.406	0.03112733
192	G	-0.146	0.02715989
193	T	-0.053	0.02114106
194	G	-0.124	0.004631167
195	G	0.155	0.04125194
196	T	0.265	0.04963367
197	C	0.193	0.09678494
198	A	-0.515	0.1487716
199	A	-0.293	0.1476509
200	C	0.098	0.1338332
201	T	0.339	0.1305266
202	C	0.408	0.1449352
203	T	0.149	0.1370523
204	G	0.372	0.1380255
205	C	0.276	0.1345223
206	T	0.378	0.1379906
207	C	0.411	0.1780748
208	C	0.335	0.1691748
209	G	0.157	0.1679242
210	T	-0.206	0.1744937
211	G	0.206	0.1733756
212	T	-0.266	0.1878706
213	C	0.173	0.1717167
214	C	0.202	0.1817064
215	C	0.255	0.182471
216	A	0.206	0.1812192
217	A	-0.453	0.1764803
218	G	0.076	0.182659
219	T	0.457	0.1990812
220	C	0.388	0.1833746
221	T	0.410	0.2073979
222	G	0.081	0.2055936
223	C	0.456	0.2066397
224	C	0.392	0.2202086
225	A	0.388	0.1916574
226	C	0.250	0.2051752
227	T	0.268	0.1900512
228	G	0.089	0.1885707
229	A	-0.076	0.1833454
230	C	0.166	0.1552521
231	A	0.140	0.13715
232	G	0.221	0.1356829
233	C	0.499	0.1056032
234	A	-0.307	0.09594087
235	A	-0.210	0.09843543
236	A	-0.196	0.09261487
237	C	0.430	0.112518
238	T	0.294	0.1246694
239	G	-0.095	0.09806433
240	G	-0.243	0.07149338
241	T	0.430	0.04209572
242	A	-0.149	-0.00824995
243	A	0.214	-0.01100423
244	C	0.295	-0.02578117
245	A	0.164	-0.006927783
246	C	0.447	-0.00686645
247	T	0.142	0.001061828
248	G	-0.312	0.02648933
249	G	-0.337	0.06056739
250	A	-0.308	0.04913022
251	A	-0.406	0.08773433
252	A	-0.357	0.06889006
253	A	-0.476	0.02390661
254	G	0.143	-0.01459594
255	C	0.432	-0.067229
256	C	0.436	-0.07965983
257	G	0.362	-0.03856661
258	T	0.369	-0.01138088
259	C	0.224	0.02768256
260	T	0.545	0.06432412
261	T	-0.124	0.09633417
262	T	-0.514	0.1304742
263	A	-0.529	0.1271896
264	G	-0.499	0.1274452
265	G	-0.081	0.1237409
266	A	0.427	0.1212573
267	G	0.151	0.1122909
268	G	0.395	0.1226834
269	G	0.253	0.08397067
270	T	0.218	0.07228033
271	T	0.137	0.07273033
272	T	0.084	0.072023
273	C	0.436	0.07055694
274	C	0.370	0.05308027
275	A	0.317	0.02812766
276	C	0.208	-0.009551067
277	T	0.411	-0.01739307
278	G	-0.151	-0.01137512
279	T	-0.334	0.0004886556
280	G	-0.506	0.007132544
281	A	-0.541	0.01353444
282	A	-0.525	0.01023911
283	G	-0.396	0.01070938
284	A	-0.021	0.0009853278
285	G	-0.526	0.01395088
286	G	0.253	-0.0006186167
287	C	0.361	-0.01458928
288	C	0.432	-0.02475562
289	T	0.257	-0.005219061
290	C	0.199	0.03001549
291	T	0.377	0.03222043
292	G	0.378	0.04995139
293	G	0.142	0.05719451
294	A	0.441	0.08854289
295	G	0.149	0.06435683
296	T	-0.402	0.03411478
297	A	-0.517	-0.003849778
298	T	-0.154	-0.03453106
299	C	0.092	-0.06881967
300	A	-0.486	-0.1044492
301	A	-0.077	-0.1416736
302	G	0.108	-0.1285715
303	C	0.037	-0.1403097
304	A	-0.181	-0.1189017
305	A	-0.183	-0.07884911
306	T	-0.250	-0.08041617
307	C	-0.294	-0.09671183
308	A	-0.417	-0.09852626
309	A	-0.263	-0.06443409
310	A	-0.291	-0.04802222
311	T	0.378	-0.03958466
312	C	0.230	-0.01966866
313	C	0.534	0.02012007
314	T	0.318	0.05159862
315	T	-0.545	0.07494601
316	T	-0.448	0.09132329
317	C	0.059	0.1399018
318	G	0.127	0.1653356
319	A	0.218	0.1914796
320	G	0.260	0.1871993
321	G	0.396	0.1829625
322	C	0.534	0.146195
323	T	0.383	0.1152421
324	T	0.169	0.1397468
325	C	0	0.180817
 326	G	0.456	0.2061882
327	T	0.193	0.2009414
328	C	0.179	0.177191
329	T	0.301	0.1404865
330	G	0.153	0.1058364
331	T	-0.127	0.09695963
332	T	-0.239	0.08595058
333	G	-0.104	0.08550024
334	A	0.291	0.09657741
335	C	0.516	0.05148169
336	A	0.032	0.009989633
337	T	-0.209	-0.0178902
338	T	-0.400	-0.0162737
339	T	-0.227	-0.006938978
340	G	0.374	0.0128008
341	G	0.185	0.05129974
342	G	0.161	0.08019358
343	G	0.199	0.08551736
344	A	-0.355	0.07307497
345	A	-0.552	0.08979033
346	A	-0.322	0.1191977
347	C	0.330	0.1414437
348	G	0.321	0.1765784
349	G	0.227	0.1817014
350	G	0.453	0.1484838
351	C	0.415	0.1156596
352	A	0.387	0.08862044
353	C	0.292	0.08428478
354	T	0.333	0.1030746
355	C	0.320	0.1333448
356	A	0	0.1251596
 357	C	0.405	0.1310107
358	C	0.467	0.1423966
359	G	-0.412	0.1411804
360	A	-0.429	0.1379037
361	G	-0.287	0.1243104
362	A	-0.433	0.1222095
363	A	-0.214	0.07331589
364	G	0.222	0.05869968
365	G	0.183	0.08269796
366	C	0.427	0.07914718
367	C	0.432	0.07732646
368	G	0.432	0.07668562
369	G	0.356	0.1005557
370	C	0.142	0.1358064
371	T	0.254	0.1778318
372	A	-0.546	0.2118141
373	A	0.056	0.2135903
374	C	0.431	0.2115371
375	T	0.341	0.172257
376	C	0.434	0.1665046
377	G	-0.424	0.148669
378	T	0	0.1484067
 379	A	0.347	0.1572973
380	G	0.323	0.151589
381	G	0.396	0.197401
382	C	0.254	0.2045248
383	T	0.146	0.194466
384	T	-0.279	0.1961294
385	T	0.329	0.1925513
386	C	0.111	0.1994097
387	T	0.351	0.1930261
388	T	0.302	0.1748479
389	C	0.151	0.1369277
390	T	0.278	0.1259248
391	G	0.185	0.1395316
392	C	0.250	0.1509516
393	T	0.371	0.1896867
394	C	0.370	0.1901488
395	G	-0.300	0.1720761
396	A	-0.114	0.1614874
397	T	0.019	0.1324114
398	G	-0.359	0.1092892
399	G	0.198	0.09758323
400	T	0.499	0.0941249
401	C	0.351	0.09175751
402	T	0.417	0.0533834
403	C	0.337	0.05555951
404	G	-0.214	0.09056434
405	T	0.161	0.1157072
406	A	-0.220	0.1398528
407	G	-0.264	0.1736429
408	T	0.067	0.1646806
409	T	0.122	0.141051
410	C	0.208	0.09292043
411	A	-0.319	0.04233532
412	G	0.409	-0.001853789
413	C	0.329	-0.0072884
414	G	0.337	-0.02513062
415	C	0.454	-0.02339901
416	C	0.248	-0.0192219
417	T	0.037	-0.04069119
418	C	0.073	-0.04503414
419	A	-0.514	-0.06582069
420	A	-0.493	-0.02423503
421	A	-0.457	-0.02551958
422	G	-0.312	-0.02079103
423	A	-0.160	-0.05131531
424	A	-0.189	-0.07514213
425	G	-0.189	-0.07254363
426	A	-0.318	-0.06653042
427	T	0.044	-0.04469649
428	G	-0.165	0.009675117
429	T	0.428	0.03115828
430	C	0.386	0.08076539
431	C	0.414	0.07406967
432	A	-0.211	0.07382073
433	G	0.025	0.07027912
434	C	0.295	0.06109328
435	A	0.145	0.07064573
436	C	0.466	0.06337677
437	C	0.463	0.08277727
438	A	-0.106	0.08415205
439	T	0.435	0.08829888
440	G	-0.432	0.09201488
441	A	-0.164	0.08968383
442	T	-0.253	0.07548304
443	G	-0.354	0.03066476
444	T	-0.146	-0.006917017
445	T	-0.086	-0.06132585
446	G	0.183	-0.07843485
447	T	0.453	-0.05778413
448	C	0.460	-0.06290702
449	T	0.481	-0.02790396
450	C	-0.253	-0.02503135
451	T	-0.229	-0.02927102
452	A	-0.510	-0.03945418
453	A	-0.530	-0.05701013
454	A	-0.512	-0.03449872
455	G	0.156	-0.04801575
456	G	0.265	-0.05025747
457	G	0.342	-0.08877631
458	C	0.197	-0.1295098
459	A	-0.112	-0.1322315
460	G	-0.329	-0.1270441
461	A	-0.537	-0.1161426
462	A	-0.462	-0.09333092
463	C	0.319	-0.08742825
464	G	-0.059	-0.1158929
465	C	0.413	-0.1283784
466	A	-0.232	-0.1329304
467	A	-0.251	-0.1618277
468	G	-0.302	-0.1700946
469	A	-0.136	-0.1507938
470	G	-0.314	-0.1445407
471	A	-0.120	-0.1328589
472	G	-0.406	-0.1505902
473	A	-0.356	-0.1274302
474	G	0.040	-0.1273794
475	G	0.261	-0.09511496
476	T	-0.322	-0.08219365
477	A	-0.261	-0.04820876
478	T	0.017	-0.02364476
479	T	-0.425	0.008850017
480	T	-0.252	0.04309457
481	G	0	0.08698529
 482	G	0.356	0.1120632
483	C	0.414	0.08970676
484	G	0.348	0.06509753
485	G	-0.019	0.103977
486	A	0.309	0.1422566
487	G	0.305	0.1604708
488	G	0.270	0.2011784
489	C	0.496	0.2336666
490	T	0.383	0.2460738
491	T	0.095	0.2262448
492	T	-0.361	0.2211827
493	G	-0.181	0.226402
494	C	0.377	0.248311
495	T	0.427	0.2518147
496	G	0.345	0.2406509
497	G	0.307	0.2184565
498	G	0.332	0.1885779
499	G	0.223	0.152069
500	A	0	0.138008
 501	T	0.323	0.1379519
502	C	0.442	0.1266134
503	C	0.375	0.09310492
504	T	0.372	0.07471356
505	G	0.104	0.06200333
506	A	-0.129	0.02866033
507	C	-0.041	0.01452614
508	G	-0.273	0.02492148
509	A	-0.158	0.03525259
510	A	-0.362	0.04452853
511	G	-0.386	0.04691964
512	G	-0.226	0.04804803
513	A	0.096	0.008635589
514	C	0.116	0.006347878
515	A	-0.292	0.02973182
516	A	0.077	0.0595019
517	C	0.410	0.06517679
518	T	0.185	0.05492896
519	C	0.490	0.0609959
520	T	0.485	0.06457784
521	T	0.395	0.1013372
522	T	-0.337	0.08317449
523	G	0.063	0.1055378
524	C	0.291	0.1464898
525	C	0.494	0.1658562
526	A	-0.171	0.1674212
527	T	-0.342	0.1452627
528	A	-0.253	0.1052711
529	T	-0.321	0.05157651
530	C	0.435	0.04746479
531	G	-0.230	0.06542306
532	C	0.519	0.0703416
533	G	0.444	0.07217466
534	T	0.426	0.06474682
535	C	0.438	0.09654443
536	A	-0.212	0.1289832
537	T	-0.229	0.1673295
538	G	-0.481	0.2012539
539	T	0.321	0.1692193
540	T	-0.014	0.2095174
541	G	0.152	0.1993402
542	C	0.324	0.1998884
543	A	0.360	0.1961148
544	G	0.400	0.1929003
545	G	0.241	0.2169168
546	G	0.436	0.2296777
547	T	0.289	0.2595305
548	G	-0.140	0.2483584
549	T	0.494	0.2616662
550	C	0.335	0.2549212
551	T	0.454	0.260166
552	C	0.358	0.2411709
553	G	0.380	0.2105743
554	C	0.219	0.1855759
555	A	0	0.1427975
 556	G	0.055	0.1050444
557	A	0.120	0.1235599
558	C	0.225	0.1181724
559	G	0.030	0.1055923
560	C	0.418	0.05661954
561	A	0.018	0.01335432
562	G	-0.149	-0.02485935
563	T	-0.208	-0.03039363
564	A	-0.333	-0.006872239
565	G	-0.390	0.01502403
566	T	0.192	0.02870714
567	C	0.397	0.04198125
568	A	0.109	0.05044912
569	T	-0.427	0.05184451
570	T	-0.420	0.06609344
571	A	-0.307	0.0986105
572	T	0.119	0.1013739
573	C	0.423	0.1369073
574	T	0.450	0.1782001
575	C	0.366	0.1796797
576	T	0.464	0.1682899
577	C	0.183	0.1476555
578	T	0.444	0.1477269
579	C	0.275	0.1520808
580	C	0.435	0.1435784
581	A	-0.158	0.1641779
582	C	0.306	0.1477866
583	C	0.352	0.1410324
584	A	0.218	0.0941315
585	G	0.192	0.04290844
586	G	-0.261	0.01437444
587	A	-0.425	-0.01761756
588	A	-0.341	-0.01186261
589	A	-0.460	-0.01341628
590	T	0.490	0.02054228
591	C	0.128	0.02906844
592	T	0.328	0.01478038
593	A	-0.477	-0.006321122
594	A	-0.457	-0.02068666
595	A	-0.330	-0.01285066
596	A	-0.131	0.002631283
597	C	0.378	-0.002388328
598	C	0.407	-0.001744772
599	C	0.452	-0.05496338
600	C	0.459	-0.09013799
601	A	0.095	-0.1176572
602	G	-0.160	-0.1137121
603	A	-0.065	-0.1087615
604	C	-0.120	-0.08944757
605	A	-0.147	-0.07563029
606	A	-0.432	-0.09478115
607	A	-0.448	-0.130091
608	A	-0.467	-0.1658631
609	A	-0.504	-0.2128537
610	A	-0.166	-0.191225
611	A	-0.406	-0.1733496
612	G	-0.368	-0.1609459
613	A	0.017	-0.1479889
614	C	0.116	-0.1559067
615	A	0.034	-0.1294796
616	A	-0.227	-0.08217803
617	G	-0.191	-0.03779847
618	A	-0.386	0.01342192
619	G	0.484	0.01796218
620	C	0.160	0.01707357
621	G	0.157	0.02402035
622	T	0.112	0.007800533
623	T	-0.289	0.02794203
624	T	0.043	0.04373773
625	C	0.402	0.08020212
626	T	0.331	0.1111831
627	C	0.417	0.1605268
628	T	-0.085	0.1249483
629	T	-0.422	0.09236262
630	A	-0.243	0.05691845
631	A	-0.274	0.04704156
632	C	0.479	0.07727528
633	C	0.318	0.09332016
634	T	0.428	0.09655354
635	C	0.366	0.103305
636	C	0.502	0.1047782
637	G	-0.155	0.09776778
638	A	-0.425	0.1175306
639	A	-0.480	0.1074476
640	A	-0.065	0.09538413
641	T	0.254	0.04214352
642	C	0.332	-0.002487422
643	C	0.461	-0.04811487
644	T	0.453	-0.09092831
645	G	0.443	-0.1362449
646	G	-0.211	-0.1170008
647	T	-0.066	-0.08453598
648	T	-0.424	-0.03338426
649	A	-0.492	-0.0077432
650	A	-0.478	-0.001962756
651	A	-0.484	0.0001036333
652	A	-0.392	-0.005143478
653	A	-0.404	-0.05170498
654	A	-0.313	-0.07325598
655	C	0.190	-0.05041514
656	A	0.158	-0.05901844
657	C	0.440	-0.04491011
658	G	0.396	-0.04080283
659	G	0.358	-6.811111e-05
660	G	0.369	0.0041525
661	G	0.366	-2.294444e-05
662	G	-0.385	0.01718111
663	A	0.055	0.01950472
664	C	0.199	-0.01485267
665	A	-0.221	-0.02439372
666	G	-0.171	-0.03012183
667	A	-0.418	-0.04376067
668	T	0.254	-0.06187862
669	G	-0.408	-0.09519446
670	A	-0.468	-0.1401032
671	T	-0.094	-0.1445786
672	G	-0.271	-0.1691947
673	A	-0.427	-0.2030474
674	G	-0.013	-0.2045454
675	G	0.337	-0.1890708
676	T	0.150	-0.1530697
677	A	0.032	-0.1455795
678	T	-0.230	-0.1004208
679	G	-0.441	-0.05298012
680	A	-0.465	-0.04156896
681	A	-0.387	-0.0274793
682	A	-0.409	0.02187731
683	A	-0.248	0.02148748
684	G	0.107	-0.02580207
685	G	0.229	-0.03684399
686	C	0.389	-0.02883759
687	C	0.403	-0.01063846
688	C	0.385	0.03141738
689	A	0.110	0.06031153
690	G	-0.018	0.08812647
691	G	0.460	0.1306417
692	G	-0.020	0.1586867
693	A	-0.514	0.1596218
694	A	-0.048	0.1557073
695	G	0.176	0.1460137
696	T	0.097	0.1169545
697	G	0.315	0.08062914
698	G	0.054	0.08837108
699	G	0.113	0.1106007
700	T	0.355	0.05835409
701	G	0.256	0.03439337
702	G	0.124	0.08008309
703	C	0.159	0.1054288
704	G	0.214	0.1187422
705	A	-0.119	0.1125595
706	G	-0.268	0.1103133
707	G	0.249	0.1344897
708	T	0.381	0.1275528
709	T	-0.479	0.1213746
710	A	-0.451	0.110375
711	G	0.308	0.07816144
712	C	0.408	0.05437333
713	G	0.416	0.01891383
714	G	-0.013	0.003456722
715	G	0.274	0.007558
716	G	0.489	-0.006329778
717	G	-0.011	-0.004907444
718	T	0.244	0.008894833
719	C	0.058	0.02755528
720	A	-0.455	0.02550617
721	T	-0.268	0.02568867
722	A	-0.423	0.01452456
723	A	-0.397	0.02217751
724	A	-0.194	0.001814678
725	T	0	-0.0191366
 726	C	0.407	-0.006369972
727	G	-0.231	-0.01933498
728	A	-0.115	-0.00930545
729	G	0.271	0.04263016
730	C	0.411	0.06286677
731	T	0.215	0.06884571
732	G	0.123	0.1098274
733	T	-0.091	0.1196525
734	C	0.112	0.137801
735	C	0.218	0.1417382
736	G	0.011	0.1779907
737	G	0.238	0.2076673
738	T	0.479	0.1925912
739	C	0.095	0.18779
740	A	-0.315	0.1882983
741	T	0.340	0.1814227
742	G	-0.017	0.1896105
743	G	0.326	0.1795521
744	C	0.478	0.1396067
745	C	0.421	0.1153189
746	T	0.418	0.08796308
747	C	0	0.03782769
 748	G	0.324	0.03812853
749	G	0.224	0.06466709
750	G	0	0.05703537
 751	T	0.055	0.07348613
752	T	-0.068	0.07141429
753	T	-0.500	0.04289623
754	A	-0.425	0.009589228
755	G	-0.253	-0.03927161
756	A	-0.423	-0.05630311
757	C	0.100	-0.08378405
758	A	0.161	-0.08468766
759	T	0.202	-0.1110874
760	G	0.278	-0.1236276
761	G	0.289	-0.1244318
762	G	-0.034	-0.1031687
763	T	-0.178	-0.08043911
764	A	-0.460	-0.05085883
765	A	-0.306	-0.02842903
766	T	-0.169	-0.05080019
767	G	0.208	-0.07679186
768	A	-0.475	-0.09539231
769	G	-0.170	-0.1251024
770	G	-0.083	-0.169344
771	A	-0.118	-0.152207
772	G	-0.016	-0.1264601
773	C	0.278	-0.08038618
774	G	-0.019	-0.05793758
775	G	-0.301	-0.04953682
776	A	-0.306	-0.05703329
777	T	-0.131	-0.007679011
778	G	-0.256	0.02436327
779	A	-0.506	0.008978483
780	G	0.273	-0.002337183
781	T	0.285	-0.01801236
782	T	0.368	-0.04921152
783	C	0.097	-0.06976383
784	A	-0.018	-0.07631505
785	G	0.073	-0.08134866
786	C	0.413	-0.09819127
787	G	0.406	-0.1013614
788	G	-0.359	-0.05456338
789	G	-0.321	-0.08197594
790	A	-0.299	-0.07783688
791	A	-0.282	-0.07507805
792	A	-0.389	-0.05616471
793	G	-0.419	-0.03141102
794	A	-0.396	-0.03693122
795	A	-0.435	-0.08736794
796	A	-0.313	-0.1234163
797	C	0.335	-0.1015553
798	G	-0.219	-0.06034945
799	G	0.359	-0.03009028
800	C	0.418	-0.01438401
801	C	0.437	0.009410306
802	T	0.427	0.01004892
803	C	-0.026	0.003556861
804	T	-0.494	0.03944331
805	A	-0.242	0.08142158
806	G	0.033	0.04815847
807	A	0.420	0.04433997
808	C	0.245	0.03656158
809	T	0	0.02136275
 810	C	0.038	-0.01456031
811	A	-0.408	-0.04554269
812	A	-0.513	-0.02119392
813	A	0.210	-0.0001039722
814	T	0.442	0.03309097
815	G	-0.263	0.04487387
816	T	-0.288	0.03753592
817	T	0.219	0.001182311
818	T	0.144	-0.0222688
819	C	-0.208	-0.04445344
820	A	-0.130	-0.047419
821	G	0.412	-0.03788728
822	G	-0.115	-0.07078656
823	G	0.355	-0.087217
824	A	0.245	-0.05147567
825	G	0.287	-0.014647
826	G	-0.408	-0.04482506
827	A	-0.422	-0.068554
828	G	-0.360	-0.06099392
829	A	-0.461	-0.06067092
830	A	-0.341	-0.07305925
831	G	-0.381	-0.03997253
832	G	0.146	-0.03130142
833	C	0.380	-0.05698214
834	A	0.374	-0.09103986
835	G	-0.323	-0.04543042
836	A	-0.282	-0.004757139
837	T	-0.072	0.009910111
838	T	-0.124	0.008623833
839	T	0.189	0.006943667
840	C	0.480	0.03478133
841	T	0.511	0.03925356
842	T	-0.216	0.03702261
843	A	-0.325	0.038211
844	C	0.412	0.06226444
845	C	0.309	0.06448767
846	T	-0.096	0.05860231
847	A	-0.484	0.07473625
848	G	-0.372	0.07579292
849	A	0.119	0.06532603
850	G	0.227	0.06443264
851	C	0.339	0.09965131
852	T	0.395	0.1379014
853	G	0.109	0.1301587
854	G	-0.242	0.1055771
855	A	-0.178	0.1109283
856	T	0.165	0.1358198
857	C	0.208	0.1745438
858	C	0.292	0.1924091
859	G	0.495	0.1703436
860	C	0.417	0.1262331
861	A	0.363	0.08046915
862	C	0.272	0.06453582
863	A	-0.132	0.05406187
864	T	0	0.07785993
 865	T	-0.036	0.07953776
866	C	0.324	0.06797271
867	C	0.441	0.07410521
868	T	-0.169	0.06378098
869	T	-0.454	0.05322476
870	A	-0.428	0.05649198
871	T	-0.177	0.03563926
872	A	-0.431	0.03423237
873	C	0.249	0.04112126
874	T	0.195	0.02509561
875	G	0	-0.001258944
 876	C	0.402	-0.01458767
877	T	0.309	0.01288761
878	C	0.227	0.04766517
879	C	0.422	0.05590267
880	G	-0.102	0.04781778
881	G	-0.157	0.06380767
882	A	0.124	0.05068296
883	G	-0.325	0.04828502
884	T	-0.149	0.05825418
885	G	0.201	0.05300718
886	C	0.324	0.05192152
887	A	0.171	0.04774329
888	A	-0.279	0.008090461
889	T	-0.322	0.04034868
890	A	-0.143	0.06693285
891	T	0.013	0.08212446
892	G	0.152	0.1238891
893	G	0.179	0.1512693
894	A	0.308	0.131392
895	G	0.289	0.08937635
896	C	0.152	0.05753285
897	A	-0.291	0.05167963
898	T	0.478	0.06115435
899	C	0.320	0.05466529
900	T	0.397	0.06101117
901	C	0.426	0.03375961
902	C	0.343	-0.002665444
903	T	-0.156	-0.04275672
904	A	-0.431	-0.08082183
905	A	-0.401	-0.1080658
906	A	-0.385	-0.08870205
907	G	-0.152	-0.117967
908	A	-0.260	-0.1461508
909	C	0.127	-0.1850452
910	A	-0.337	-0.2294907
911	A	-0.476	-0.2426809
912	A	-0.413	-0.2313731
913	A	-0.395	-0.1904224
914	A	-0.338	-0.158754
915	C	0.057	-0.1321589
916	A	-0.048	-0.1094068
917	G	-0.186	-0.1114468
918	A	-0.302	-0.1061795
919	G	-0.373	-0.09936949
920	C	0.105	-0.08542443
921	A	0.047	-0.07110716
922	G	0.305	-0.05948404
923	A	0.168	-0.06180438
924	T	0.093	-0.09032627
925	G	0.257	-0.111424
926	A	-0.296	-0.1298341
927	G	0.222	-0.1304944
928	C	-0.215	-0.1012604
929	A	-0.225	-0.10266
930	A	-0.155	-0.08643107
931	A	-0.185	-0.07817129
932	G	-0.380	-0.06589118
933	A	-0.456	-0.0486508
934	A	-0.428	-0.05064374
935	A	-0.517	-0.0207598
936	A	-0.314	-0.03016044
937	T	0.152	-0.009702161
938	G	0.080	0.008268144
939	G	0.339	0.01602238
940	C	0.454	-0.001351783
941	T	0.389	0.002751106
942	G	0.403	0.03697888
943	T	0.221	0.05083544
944	G	0.241	0.05688883
945	G	0.053	0.04423077
946	T	0.152	0.01255505
947	T	0.098	0.02472513
948	T	-0.016	0.02200879
949	G	-0.498	0.02139313
950	A	-0.306	0.02358724
951	G	0.159	0.02648685
952	T	-0.178	0.01868418
953	T	-0.409	0.02846702
954	A	-0.542	0.05490032
955	A	-0.417	0.04640204
956	G	0.299	0.01760779
957	G	0.290	-0.002991056
958	C	0.443	0.0008832222
959	T	0.429	0.004584944
960	G	0.456	-0.0002799333
961	C	0.081	0.001195067
962	A	0.417	0.0456634
963	C	0.529	0.0869384
964	T	0	0.1110012
 965	A	-0.420	0.1167196
966	T	-0.387	0.1134703
967	A	-0.428	0.0926153
968	T	-0.239	0.06048402
969	A	0.072	0.04839574
970	T	-0.152	0.04094066
971	C	0.391	0.03097383
972	G	0.200	0.01161583
973	T	0.015	0.01776366
974	T	0.402	0.06381605
975	T	0.231	0.07391361
976	C	0.067	0.08048566
977	A	-0.149	0.06508794
978	G	0.238	0.06937426
979	C	-0.053	0.08486437
980	A	0.237	0.0582401
981	T	0.180	0.03730621
982	G	0.110	0.02633374
983	G	0.408	-0.01889959
984	A	-0.205	-0.02824412
985	T	-0.310	-0.005168822
986	A	-0.516	0.02730084
987	T	0.149	0.03879696
988	C	0.126	0.06327971
989	A	-0.087	0.03866637
990	C	-0.176	-0.0008881278
991	A	-0.181	-0.03087674
992	A	-0.411	-0.06190879
993	T	0.063	-0.04795795
994	T	0.483	-0.008124172
995	C	0.435	0.04295255
996	A	0.445	0.05928994
997	C	0.387	0.06136288
998	A	-0.205	0.08447721
999	A	-0.531	0.1162988
1000	T	-0.429	0.1510315
1001	A	-0.149	0.1777979
1002	G	0.045	0.187153
1003	T	0.406	0.1691258
1004	C	0.402	0.1367767
1005	C	0.443	0.08961668
1006	C	0.163	0.04472823
1007	A	0.328	0.0457834
1008	T	0.396	0.07315696
1009	C	0.443	0.1218862
1010	A	0.070	0.153789
1011	C	0.232	0.1578683
1012	A	0.158	-
1013	C	-0.146	-
1014	A	-0.403	-
1015	A	-0.420	-
1016	T	-0.186	-
1017	A	-0.038	-
1018	C	0.447	-
1019	T	0.424	-
1020	G	0.119	-
