1	T	0.134	-
2	T	-0.107	-
3	T	0	-
 4	G	-0.361	-0.1026507
5	G	-0.198	-0.1843349
6	A	0.228	-0.1506449
7	A	-0.091	-0.09679154
8	T	-0.426	-0.003714787
9	A	-0.518	0.01761731
10	T	0.162	0.007190313
11	C	0.430	-0.01068453
12	A	0.382	0.04263872
13	G	-0.027	0.1306953
14	G	0.145	0.167162
15	G	-0.234	0.1428006
16	A	0	0.06260397
 17	T	0.185	0.008673
18	C	0.454	-0.007849912
19	G	0.235	0.05923421
20	T	-0.258	0.1160708
21	G	-0.459	0.128178
22	A	0.013	0.09872171
23	G	0.302	0.1204243
24	C	0.454	0.1977671
25	C	0.282	0.2712515
26	A	0.218	0.2555344
27	C	0.409	0.1763011
28	T	0.360	0.1716751
29	G	0.128	0.1041952
30	C	-0.112	0.03858175
31	A	-0.331	0.009922875
32	T	0.417	0.004545
33	A	-0.257	0.04473
34	T	-0.306	0.09869712
35	G	0.180	0.1816433
36	G	0.316	0.1463273
37	T	0.450	0.2297731
38	T	0.319	0.3156486
39	C	0.332	0.3165575
40	T	0.135	0.2615561
41	T	0.410	0.1590098
42	C	0.380	0.0953965
43	A	0.187	0.01631213
44	T	-0.123	-0.0005825
45	G	-0.370	0.008589375
46	A	-0.189	-0.05712488
47	A	-0.300	-0.06660088
48	T	0	-0.01387075
 49	T	0.483	0.004501875
50	G	-0.145	0.03452631
51	T	0.111	0.1169364
52	T	0.298	0.1726873
53	G	-0.223	0.1625797
54	A	0.050	0.1563256
55	G	0.358	0.09414481
56	T	0.446	0.03073881
57	C	0.402	0.02898406
58	T	-0.195	0.01136129
59	G	-0.385	-0.09390071
60	A	-0.208	-0.1967578
61	A	-0.237	-0.2785912
62	C	-0.090	-0.2773768
63	A	-0.483	-0.1869246
64	T	-0.376	-0.1076901
65	A	-0.251	-0.09696146
66	A	-0.185	-0.04974538
67	C	0.337	0.06708987
68	T	0.425	0.1313981
69	G	-0.151	0.2003405
70	C	0.287	0.185844
71	T	0.451	0.1503095
72	T	0.137	0.06898014
73	C	0.299	0.1381635
74	T	-0.301	0.1383549
75	G	0.053	0.1299303
76	A	-0.225	0.1681573
77	G	0.402	0.1714581
78	C	0.288	0.2315416
79	C	0.384	0.2284735
80	C	0.443	0.2749986
81	T	0.326	0.2355376
82	G	0.179	0.1777383
83	G	0.029	0.1511827
84	A	0.147	0.07366245
85	G	0.086	0.05488532
86	G	-0.173	0.04656108
87	A	0.171	0.05367491
88	A	-0.176	-0.02231284
89	G	0.175	-0.08196945
90	G	0.112	-0.1174601
91	T	0.086	-0.1466614
92	T	-0.460	-0.1039112
93	A	-0.390	-0.1027231
94	A	-0.457	-0.05568994
95	G	-0.061	-0.06991597
96	C	0.165	0.001804025
97	A	0.185	0.09819753
98	C	0.488	0.1754343
99	T	-0.027	0.1574075
100	T	0.112	0.106092
101	T	0.380	0.107655
102	C	0.160	0.08061976
103	T	-0.206	0.1387129
104	T	-0.245	0.1648459
105	G	0.197	0.1466545
106	C	0.272	0.1292414
107	C	0.436	0.1878934
108	T	0.321	0.274896
109	G	0.234	0.2969001
110	G	0.021	0.3066893
111	A	0.263	0.2821298
112	G	0.450	0.2551881
113	C	0.373	0.19003
114	T	0.351	0.1775069
115	C	0.240	0.09367039
116	T	0.106	0.01465364
117	G	-0.286	0.004700012
118	C	-0.079	-0.006393238
119	A	-0.407	-0.01003436
120	A	-0.181	0.02093564
121	C	0.294	0.09115351
122	T	0.262	0.07523163
123	G	0.211	0.0983365
124	G	0.354	0.1273206
125	T	0.275	0.1278963
126	G	-0.206	0.02812488
127	A	-0.222	0.009348625
128	C	0.050	0.01451875
129	T	0.298	-0.042573
130	A	-0.535	0.02232813
131	C	0.061	0.08859225
132	A	0.395	0.138032
133	G	-0.181	0.0709145
134	C	0.312	0.1040645
135	T	0.307	0.05668938
136	C	0.446	0.003448138
137	A	-0.237	0.008211512
138	T	-0.270	-0.03854276
139	G	-0.317	-0.07117416
140	T	-0.030	-0.1325004
141	A	-0.143	-0.05862248
142	A	-0.061	0.04409028
143	C	0.046	0.0488929
144	A	-0.044	0.03130376
145	C	0.353	0.07786039
146	A	0.550	0.1260602
147	G	-0.279	0.08533206
148	A	-0.171	0.1254239
149	T	0.228	0.1028529
150	T	0.324	0.007104625
151	G	-0.279	0.008337125
152	G	0.276	-0.01564025
153	T	0.172	-0.05538735
154	A	-0.214	-0.1506705
155	A	-0.269	-0.08479885
156	A	-0.362	-0.06129997
157	T	-0.088	-0.06934547
158	A	-0.437	0.0081844
159	C	0.247	0.07374453
160	T	0.464	0.141136
161	T	0.108	0.1684605
162	T	0.405	0.231081
163	G	0.254	0.1463407
164	G	0.176	0.07776887
165	A	0.129	0.0280665
166	G	0.063	-0.08106375
167	A	-0.430	-0.160006
168	A	-0.084	-0.1619344
169	T	-0.289	-0.1441201
170	T	-0.467	-0.08956221
171	A	-0.376	-0.02206059
172	T	0.160	-0.01966424
173	T	0.272	-0.01081636
174	C	0.499	0.1011336
175	A	0.109	0.2088624
176	T	-0.065	0.2397293
177	T	-0.218	-
178	C	0.427	-
179	T	0.485	-
180	C	0.407	-
