1	C	0.482	-
2	C	0.432	-
3	A	0.055	-
4	C	-0.433	-
5	A	-0.486	-
6	A	-0.518	-
7	A	-0.252	-
8	G	-0.184	-
9	T	0.169	-
10	G	0.273	-0.06228549
11	C	0.127	-0.07652196
12	A	0.323	-0.08302712
13	C	0.124	-0.1101521
14	T	0.359	-0.1036691
15	A	-0.400	-0.05068032
16	G	-0.391	-0.03899011
17	A	-0.377	-0.04128821
18	A	-0.356	-0.01938889
19	C	-0.130	-0.04883021
20	A	0.211	-0.07728258
21	T	0.309	-0.08400432
22	G	-0.459	-0.1098311
23	A	-0.310	-0.1352234
24	T	0.520	-0.1610444
25	G	-0.296	-0.1616142
26	A	-0.296	-0.1663619
27	C	0.231	-0.1661329
28	G	-0.389	-0.1559024
29	T	-0.267	-0.1434449
30	A	0	-0.1311567
 31	G	-0.167	-0.1244122
32	A	-0.358	-0.07696095
33	T	-0.130	-0.06387679
34	G	-0.411	-0.06859206
35	A	-0.481	-0.03393227
36	T	-0.373	-0.002288374
37	A	-0.162	0.008021205
38	G	0.106	0.05205231
39	C	0.445	0.09306084
40	A	0.437	0.1014973
41	G	0.442	0.1026435
42	C	-0.061	0.1214866
43	T	0.430	0.1077662
44	T	0.362	0.1088174
45	C	0.304	0.1335168
46	C	0.427	0.145754
47	C	0.446	0.1343786
48	T	0.512	0.1261352
49	G	0.160	0.08226314
50	A	-0.145	0.06974098
51	T	0	0.06544824
 52	G	-0.391	0.07711356
53	A	-0.391	0.06407383
54	A	-0.012	0.04181885
55	C	-0.140	0.01725801
56	T	-0.378	-0.006045542
57	A	-0.050	-0.02158133
58	G	-0.388	-0.06602617
59	A	0.199	-0.09455112
60	G	0.360	-0.09524454
61	C	0.160	-0.08695607
62	G	0.182	-0.05452612
63	T	-0.060	-0.02686612
64	A	-0.161	-0.003069689
65	T	-0.015	0.01418731
66	T	0.151	0.05176257
67	T	-0.332	0.03737911
68	G	-0.381	0.04142232
69	T	-0.158	0.004430632
70	A	0.157	-0.04184358
71	T	0.224	-0.06452411
72	G	0.134	-0.06906571
73	C	0.439	-0.05753726
74	C	0.187	-0.03936953
75	C	0.335	-0.06285992
76	A	-0.323	-0.09499413
77	A	-0.311	-0.104163
78	A	-0.503	-0.09705313
79	A	-0.518	-0.1086494
80	G	-0.270	-0.1385157
81	C	0.096	-0.1561216
82	A	0.158	-0.1663042
83	T	0.183	-0.1822529
84	G	-0.461	-0.1845045
85	A	-0.459	-0.1873966
86	G	-0.506	-0.1508685
87	A	-0.246	-0.1258261
88	A	-0.379	-0.1251485
89	G	-0.409	-0.1265883
90	A	-0.109	-0.1217384
91	A	-0.059	-0.1321968
92	C	0.136	-0.1566801
93	A	0.144	-0.1881446
94	C	0.280	-0.1864456
95	A	0.370	-0.1841758
96	C	0.164	-0.1785434
97	A	-0.490	-0.1885037
98	A	-0.545	-0.1971344
99	A	-0.178	-0.1925104
100	G	-0.102	-0.1817471
101	G	-0.306	-0.1559
102	A	-0.414	-0.143322
103	A	-0.429	-0.1286062
104	A	-0.415	-0.134166
105	C	-0.399	-0.1299847
106	A	-0.435	-0.1147104
107	A	-0.543	-0.07966343
108	A	-0.322	-0.04647647
109	C	0.094	-0.05939705
110	C	0.431	-0.07024653
111	A	0.375	-0.06840553
112	C	0.423	-0.02057932
113	C	0.174	-0.02166016
114	C	0.449	-0.02740426
115	T	0.454	-0.02540021
116	G	0.175	-0.005449937
117	T	0.084	0.01035433
118	A	-0.424	0.04972143
119	T	-0.308	0.06603718
120	A	-0.271	0.04403564
121	C	0.494	0.01289474
122	A	-0.449	-0.02804926
123	A	-0.525	-0.05167289
124	A	-0.361	-0.09506857
125	G	-0.056	-0.1376161
126	G	-0.242	-0.1495099
127	G	0.425	-0.1387176
128	C	0.404	-0.1186288
129	A	0.013	-0.08232394
130	G	-0.215	-0.04622436
131	A	-0.354	-0.04941678
132	T	-0.274	-0.001487205
133	T	-0.374	0.03563685
134	A	-0.354	0.07606169
135	T	-0.050	0.07548758
136	G	0.289	0.0767589
137	T	-0.042	0.05303138
138	G	0.381	0.0531278
139	T	0.414	0.06843955
140	G	0.433	0.09922461
141	T	0.460	0.1430223
142	C	0.180	0.1815608
143	T	0.406	0.226813
144	T	-0.067	0.2517034
145	T	-0.218	0.278415
146	T	-0.024	0.2479273
147	C	0.406	0.233387
148	T	0.304	0.1936166
149	C	0.369	0.1718204
150	T	0.478	0.1444717
151	C	0.458	0.1441637
152	A	0.485	0.1101825
153	C	0.118	0.08151222
154	T	0.456	0.08507511
155	A	-0.289	0.1051947
156	G	-0.318	0.1283117
157	A	-0.374	0.1308194
158	A	0	0.1098288
 159	A	-0.085	0.08310832
160	C	0.454	0.04174822
161	A	-0.465	0.004853374
162	G	-0.138	-0.0450241
163	T	0	-0.07799668
 164	T	0.163	-0.09356705
165	C	0.414	-0.1006408
166	C	0.454	-0.08190799
167	T	-0.094	-0.05551036
168	T	-0.138	-0.02878941
169	T	-0.307	-0.0371163
170	A	-0.243	-0.03963441
171	T	-0.462	-0.003946195
172	G	-0.507	0.02642202
173	T	0.160	0.04148217
174	A	-0.424	0.03408619
175	A	0.037	-0.002883811
176	T	0.127	-0.02017197
177	C	0.507	-0.002947453
178	G	-0.244	0.01828418
179	T	0.407	0.03266064
180	C	0.212	0.06670727
181	C	0.438	0.1119701
182	T	0.286	0.1604477
183	T	0.023	0.1758788
184	G	-0.288	0.2009367
185	T	0.125	0.2071405
186	T	0.233	0.1984745
187	G	0.264	0.1647773
188	G	-0.034	0.1763976
189	C	0.403	0.1766774
190	C	0.397	0.1654832
191	C	0.413	0.1529988
192	C	0.454	0.1538532
193	T	0.052	0.1401023
194	G	0.155	0.133435
195	T	-0.037	0.1054813
196	G	-0.132	0.07698791
197	T	-0.023	0.05788645
198	G	0.412	0.05400473
199	G	0	0.02581989
 200	G	0.201	0.02048326
201	T	0.302	-0.004111647
202	G	-0.238	-0.01358328
203	G	-0.414	-0.01632286
204	A	-0.405	-0.03648481
205	A	-0.308	-0.03067071
206	C	-0.098	0.0006132421
207	G	-0.108	0.02658555
208	C	-0.131	-0.004126505
209	G	0.296	-0.02429393
210	A	-0.053	-0.06110066
211	C	0.274	-0.09123251
212	T	0	-0.09899361
 213	T	-0.227	-0.08755914
214	C	0.073	-0.04849514
215	C	0.461	-0.007855505
216	T	0.470	0.01891126
217	G	-0.171	0.02614755
218	T	-0.383	0.01044644
219	G	-0.497	-0.02686298
220	A	-0.270	-0.04306128
221	A	-0.385	-0.08326334
222	G	-0.197	-0.06750581
223	A	0.336	-0.0373476
224	G	0.463	-0.02827951
225	C	0.410	-0.02588766
226	T	0.029	-0.05435062
227	A	-0.429	-0.03130909
228	T	-0.412	-0.009774463
229	T	-0.361	0.005714326
230	A	-0.489	0.03369506
231	C	0.299	0.07323238
232	A	0.345	0.1056341
233	C	0.245	0.1003898
234	A	0.507	0.07169212
235	C	-0.070	0.07598323
236	A	0.266	0.09612373
237	T	0.025	0.114719
238	T	-0.203	0.119385
239	G	0.261	0.1125965
240	G	0.365	0.110956
241	C	0.418	0.08543941
242	A	0.237	0.06855433
243	G	-0.081	0.03224812
244	T	0.491	0.01411712
245	T	0.411	0.02759723
246	T	-0.076	0.03711733
247	T	-0.324	0.05751207
248	T	-0.490	0.07099198
249	A	-0.520	0.04167298
250	C	-0.185	-0.003746595
251	A	0.024	-0.04703133
252	A	-0.444	-0.06539986
253	C	0.162	-0.04482686
254	G	0.185	-0.06207876
255	G	0.447	-0.09497644
256	T	0.413	-0.1049733
257	T	0.052	-0.08294732
258	T	-0.295	-0.05236522
259	T	-0.497	-0.03936043
260	A	-0.404	-0.04273601
261	G	-0.111	-0.06411288
262	A	0.309	-0.04997804
263	T	0.164	-0.06046163
264	G	-0.213	-0.07634553
265	A	-0.266	-0.1096394
266	T	0.094	-0.1483599
267	T	0.090	-0.1721206
268	T	-0.273	-0.1827922
269	T	-0.249	-0.1713058
270	A	-0.381	-0.1573692
271	T	-0.175	-0.174892
272	A	-0.036	-0.2182458
273	T	-0.116	-0.220991
274	G	-0.184	-0.2028217
275	A	-0.322	-0.2095551
276	G	-0.398	-0.233521
277	A	-0.498	-0.2363112
278	A	-0.279	-0.2346168
279	C	-0.139	-0.248987
280	A	-0.444	-0.253495
281	A	-0.514	-0.2637637
282	A	0.112	-0.2828067
283	G	0.131	-0.2868644
284	C	-0.394	-0.2765895
285	A	-0.361	-0.2655918
286	A	0.037	-0.2265989
287	T	-0.241	-0.185899
288	T	-0.522	-0.1651769
289	A	-0.467	-0.1355908
290	C	-0.370	-0.09387325
291	A	-0.398	-0.05055688
292	A	-0.193	-0.03536546
293	C	0.010	-0.05899262
294	G	-0.113	-0.06715672
295	A	0.342	-0.07003435
296	G	0.274	-0.07512564
297	G	0.114	-0.06879701
298	G	0.422	-0.03254385
299	T	0.348	-0.006178958
300	C	0.308	0.03619362
301	T	0.400	0.07578704
302	C	-0.316	0.1054547
303	A	-0.549	0.1162107
304	A	-0.415	0.144355
305	G	-0.059	0.1493038
306	G	-0.121	0.1294803
307	A	0.166	0.1409944
308	G	0.033	0.1133275
309	C	0.434	0.1011685
310	T	0.354	0.06344193
311	T	0.370	0.02080735
312	C	0.214	0.02692656
313	T	0.421	0.08223387
314	G	0.436	0.1251488
315	C	-0.101	0.129898
316	A	0.333	0.1253142
317	A	-0.103	0.1022913
318	C	0.116	0.07672886
319	A	-0.408	0.07481549
320	A	-0.409	0.07066181
321	A	-0.200	0.04103759
322	C	0.501	0.04155802
323	T	0.399	0.02382395
324	T	0.030	0.02704958
325	T	-0.208	0.03521224
326	G	-0.271	0.01426676
327	A	-0.452	0.03527018
328	T	0.397	0.05005649
329	C	0.275	0.08215313
330	G	-0.192	0.09290392
331	G	0.224	0.1045425
332	A	0.084	0.05483526
333	G	0.497	0.01076847
334	G	0.053	-0.008482279
335	A	-0.064	0.002486563
336	T	0.295	0.04267614
337	C	0.397	0.06438863
338	T	0.201	0.04587218
339	G	-0.205	0.05821202
340	G	0.020	0.06134386
341	A	-0.443	0.02737776
342	A	-0.437	-0.002354595
343	G	-0.334	-0.001614226
344	T	0	-0.01399452
 345	T	0.492	0.01167544
346	C	-0.039	-0.008275726
347	A	0.046	-0.04543383
348	C	0.509	-0.07335604
349	A	-0.133	-0.08360915
350	A	-0.420	-0.1129623
351	A	-0.480	-0.09384785
352	T	0.511	-0.06142506
353	G	-0.181	-0.05060632
354	T	0.423	-0.06570932
355	T	-0.083	-0.09925643
356	A	-0.308	-0.120027
357	G	-0.328	-0.1491059
358	A	-0.399	-0.1668141
359	A	-0.537	-0.1739954
360	A	-0.080	-0.1727127
361	T	0.178	-0.1709418
362	G	-0.129	-0.1823028
363	G	-0.286	-0.1744983
364	A	-0.145	-0.2047216
365	A	-0.434	-0.1898142
366	A	-0.506	-0.1801548
367	A	0.173	-0.1727831
368	T	-0.269	-0.1292696
369	G	-0.396	-0.09076708
370	A	-0.446	-0.06141894
371	T	0.295	-0.0805642
372	G	-0.033	-0.07472899
373	G	-0.151	-0.04989878
374	T	0.200	-0.03391957
375	G	-0.124	-0.01043507
376	T	-0.188	0.01185154
377	T	0.426	-0.01130009
378	C	0.194	0.006485584
379	T	0.477	0.05063343
380	G	-0.185	0.09424274
381	T	-0.018	0.1021912
382	T	0.184	0.1259283
383	C	0.158	0.1389398
384	T	0.011	0.1052738
385	T	-0.083	0.08529038
386	T	-0.266	0.07369275
387	G	0.068	0.0294237
388	C	0.442	0.001479858
389	C	0.381	-0.04065572
390	C	0.446	-0.01078656
391	C	0.417	-0.001474353
392	T	0.096	0.01119259
393	C	-0.439	0.01730802
394	A	-0.504	0.03632083
395	A	-0.409	0.02179254
396	A	-0.414	0.05381923
397	G	-0.336	0.06584339
398	A	-0.323	0.04103856
399	G	0.382	0.005718505
400	T	0.158	-0.03179771
401	C	0.425	-0.06210881
402	A	0.274	-0.05580604
403	C	0.372	-0.01427625
404	T	-0.359	0.03392248
405	G	0.341	0.07615454
406	C	0.296	0.1228329
407	T	-0.028	0.1424958
408	A	-0.289	0.1368839
409	T	-0.266	0.1101746
410	T	-0.158	0.1230009
411	G	0.215	0.1207205
412	C	0.349	0.1086971
413	C	0.411	0.08115412
414	C	0.393	0.118146
415	C	0.472	0.1156953
416	A	0.036	0.1059302
417	A	-0.429	0.125203
418	T	-0.125	0.1432051
419	G	0.402	0.1814085
420	C	0.382	0.1820667
421	T	0.046	0.1883976
422	T	-0.150	0.1822343
423	T	0.343	0.174338
424	C	0.295	0.1653012
425	T	0.111	0.1623674
426	G	0.337	0.1862108
427	G	0.052	0.226771
428	T	0.459	0.2572053
429	T	-0.145	0.2582849
430	G	0.336	0.2293091
431	C	0.232	0.2204417
432	T	0.261	0.2174951
433	G	0.221	0.2153947
434	T	0.416	0.183882
435	C	0.489	0.2014975
436	C	0.341	0.2025986
437	A	0.452	0.2199813
438	C	0.422	0.2113393
439	A	-0.168	0.2374447
440	G	-0.122	0.2071546
441	A	-0.206	0.2188184
442	C	0.303	0.2172891
443	A	-0.303	0.2280131
444	T	0.445	0.2182103
445	C	0.358	0.1882098
446	T	0.383	0.188413
447	T	0.295	0.1800357
448	C	0.350	0.1795353
449	A	-0.239	0.2139236
450	C	0.454	0.2418072
451	T	0.232	0.2585298
452	C	0.425	0.2463377
453	C	0.230	0.2742811
454	G	-0.080	0.2315393
455	T	0.344	0.1987296
456	C	0.293	0.1604787
457	G	0.413	0.1413871
458	G	0.484	0.1096918
459	C	0.407	0.09899582
460	A	0.111	0.08321845
461	C	0.072	0.06083808
462	A	0.227	0.05243113
463	T	-0.366	0.04832692
464	T	-0.265	0.05846295
465	A	-0.343	0.01963126
466	C	-0.067	-0.003779053
467	A	-0.252	-0.02281866
468	A	-0.442	-0.06187908
469	T	0.154	-0.1088026
470	T	-0.192	-0.1049747
471	C	0.265	-0.09409243
472	A	0.152	-0.09443738
473	C	0.112	-0.07357636
474	A	-0.392	-0.06632588
475	A	-0.151	-0.07081825
476	G	0.051	-0.05150158
477	G	-0.257	-0.03953242
478	A	-0.483	-0.03202173
479	A	0.184	-0.06359631
480	C	0.278	-0.06364868
481	C	0.220	-0.06331842
482	A	0.030	-0.05943099
483	T	-0.127	-0.04155215
484	A	-0.429	-0.01895252
485	C	0.299	-0.02595121
486	C	-0.024	-0.03672997
487	A	-0.299	-0.02393999
488	A	-0.445	-0.01940042
489	A	-0.193	-0.04575615
490	T	0.272	-0.08087668
491	C	0.226	-0.1115167
492	C	0.452	-0.1375736
493	A	0.036	-0.1308629
494	G	-0.284	-0.08923354
495	A	-0.153	-0.08344917
496	T	-0.014	-0.08933803
497	G	-0.397	-0.06672387
498	A	-0.316	-0.04598932
499	A	-0.388	-0.05882674
500	C	-0.361	-0.06247027
501	A	-0.464	-0.07722655
502	A	0	-0.1003859
 503	C	0.361	-0.0804398
504	C	0.409	-0.04402912
505	A	-0.136	-0.02009043
506	G	0.129	-0.005531879
507	C	-0.051	0.04128338
508	A	-0.437	0.03979102
509	T	0.202	0.04556628
510	G	-0.053	0.04566723
511	G	0.012	0.08864723
512	C	0.415	0.1092836
513	C	0.407	0.09786849
514	T	0.301	0.07506899
515	C	0.262	0.07959873
516	C	0.491	0.06563604
517	A	-0.344	0.05912023
518	T	-0.278	0.08874939
519	A	-0.359	0.08053193
520	C	0.351	0.05973263
521	C	0.392	0.03816941
522	A	0.145	0.03272119
523	G	-0.023	0.0073235
524	A	-0.050	0.01483545
525	G	-0.135	0.003096216
526	A	-0.175	-0.02824384
527	C	0.125	0.008102847
528	T	0.046	0.04556511
529	T	-0.449	0.08095679
530	A	-0.397	0.06764811
531	G	0.311	0.05633637
532	T	-0.074	0.06143826
533	T	0.444	0.05709507
534	G	0.039	0.0597545
535	G	-0.103	0.07386745
536	T	0.345	0.09410392
537	C	0.433	0.09826766
538	T	0.313	0.1126008
539	G	0.098	0.153752
540	G	0.177	0.1990576
541	A	0.241	0.2051293
542	G	-0.106	0.1979101
543	G	0	0.1719554
 544	T	0.132	0.1705529
545	G	0.208	0.1532815
546	G	0.204	0.121441
547	G	0.318	0.07527172
548	C	0.332	0.08268724
549	C	0.463	0.1003405
550	G	0.427	0.1044022
551	A	-0.211	0.1053544
552	G	-0.048	0.1237447
553	G	0.012	0.106883
554	A	-0.431	0.08396872
555	A	-0.259	0.05812698
556	G	-0.444	0.04223694
557	T	0.453	0.04959615
558	C	0.434	0.04923841
559	T	0.254	0.03671404
560	T	0.260	0.03750257
561	C	0.243	0.05101738
562	A	-0.320	0.02751312
563	A	-0.302	0.02438718
564	T	-0.281	0.02214261
565	T	-0.097	0.05772266
566	C	0.458	0.09109066
567	T	0.325	0.07766803
568	G	0.225	0.05731501
569	T	0.442	0.0534209
570	C	0.044	0.05578879
571	T	-0.495	0.06732543
572	A	-0.046	0.07391943
573	G	-0.474	0.0612539
574	G	0.416	0.06303637
575	T	0.189	0.08768289
576	G	0.198	0.07832905
577	A	0.047	0.05033595
578	G	0.180	0.05684553
579	T	0.305	0.05348637
580	C	0.462	0.06756955
581	T	-0.195	0.08204645
582	A	-0.543	0.05980266
583	G	-0.248	0.09324598
584	C	0.370	0.07708819
585	G	0.281	0.06795352
586	G	-0.205	0.07647794
587	G	0.349	0.08826991
588	C	0.378	0.1008405
589	A	0.312	0.08060648
590	G	-0.220	0.03496369
591	A	-0.469	0.02515253
592	A	0.161	0.02667895
593	C	0.109	0.01165016
594	C	0.016	-0.0343461
595	A	0.360	-0.06840626
596	G	0.271	-0.07229284
597	T	0.419	-0.1076402
598	G	-0.079	-0.1225539
599	T	-0.404	-0.145656
600	A	-0.381	-0.1602611
601	A	-0.514	-0.1615471
602	T	-0.533	-0.1814649
603	A	-0.503	-0.1872365
604	G	-0.366	-0.1869636
605	A	-0.279	-0.1959005
606	G	-0.322	-0.2018634
607	C	0.095	-0.2340426
608	A	-0.126	-0.2184208
609	A	-0.497	-0.181601
610	A	-0.493	-0.1403149
611	T	-0.217	-0.1394308
612	T	0	-0.09447254
 613	G	0.021	-0.07233097
614	C	0.191	-0.07417128
615	T	0.158	-0.07311144
616	A	-0.192	-0.07624392
617	G	0.217	-0.05909279
618	C	0.294	-0.03761453
619	C	0.402	-0.005044111
620	T	-0.497	0.04368984
621	A	0.320	0.07331773
622	C	-0.082	0.05517805
623	A	-0.401	0.05173806
624	A	-0.259	0.04986474
625	A	-0.382	0.03362448
626	C	0.420	0.03454448
627	T	0.281	0.01505911
628	G	0.120	-0.005920679
629	C	0.432	-0.009323942
630	G	0.345	0.04391779
631	G	-0.344	0.01964543
632	A	-0.043	0.01840069
633	G	0.155	0.0626998
634	T	-0.150	0.09514691
635	G	-0.174	0.137297
636	A	-0.152	0.1342203
637	G	-0.103	0.1356733
638	C	0.338	0.1346892
639	A	0.514	0.08411454
640	T	-0.140	0.06024469
641	T	-0.106	0.05404454
642	C	0.440	0.05167856
643	T	0.356	0.04047305
644	T	0.418	0.05590099
645	T	0.362	0.08739273
646	C	0.309	0.1181571
647	T	0.102	0.1276255
648	T	-0.528	0.1213024
649	A	-0.108	0.1202952
650	T	-0.462	0.1338346
651	G	-0.088	0.1564866
652	A	-0.057	0.1464044
653	G	0.142	0.1507351
654	G	0.423	0.1557633
655	A	0.431	0.1322309
656	G	0.076	0.1323498
657	C	0.218	0.1424571
658	T	0.494	0.1838727
659	T	0.116	0.203681
660	T	0.324	0.209418
661	C	0.249	0.2168069
662	T	0.439	0.1990442
663	T	0.514	0.1824311
664	G	-0.084	0.1651137
665	A	0.311	0.1216498
666	T	0.294	0.1234551
667	C	0.258	0.1216333
668	T	0.268	0.1168093
669	T	-0.353	0.1306576
670	T	0.051	0.1356231
671	A	-0.394	0.1120625
672	C	-0.172	0.1112074
673	A	0.094	0.08067975
674	G	-0.394	0.06913211
675	A	0.110	0.02724532
676	A	0.183	-0.005468789
677	C	0.403	-0.01576815
678	G	0.379	-0.009457147
679	T	0.418	0.01886422
680	T	-0.198	0.02296808
681	T	0.422	0.05794014
682	T	-0.065	0.09191103
683	T	-0.304	0.0900318
684	A	-0.484	0.1084471
685	G	-0.327	0.1047996
686	C	0.062	0.09173443
687	A	0.388	0.08943611
688	T	0.184	0.08795716
689	C	0.129	0.08979058
690	C	0.269	0.1228653
691	C	0.472	0.1173186
692	T	0.058	0.1472096
693	A	-0.044	0.1658915
694	G	0.041	0.1721558
695	T	-0.064	0.1803324
696	T	0.359	0.1736651
697	T	0.351	0.142935
698	C	0.453	0.1275289
699	T	0.429	0.1038977
700	G	0.317	0.1077665
701	C	0.502	0.1043529
702	T	0.050	0.1110995
703	T	-0.365	0.1337345
704	A	-0.171	0.1368982
705	C	-0.064	0.1202697
706	T	-0.195	0.07381494
707	A	-0.108	0.02761678
708	G	-0.319	-0.02339406
709	A	0.343	-0.06931601
710	T	0.407	-0.09412795
711	G	0.187	-0.1213598
712	C	0.385	-0.12404
713	T	0.101	-0.1216112
714	G	-0.380	-0.1409086
715	A	-0.523	-0.1439461
716	A	-0.526	-0.1413321
717	A	-0.515	-0.138155
718	G	-0.442	-0.09854351
719	G	-0.153	-0.09203577
720	A	-0.015	-0.09262688
721	C	0	-0.07522125
 722	A	-0.319	-0.1120685
723	A	-0.538	-0.1250014
724	T	-0.121	-0.104967
725	T	-0.145	-0.05796704
726	G	-0.047	-0.02177251
727	C	0.433	-0.008277405
728	C	0.466	0.002225384
729	C	0.396	-0.01529351
730	A	0.517	-0.04044622
731	C	-0.314	-0.04044622
732	A	-0.144	-0.01683627
733	T	0	0.03340184
 734	T	0.369	0.04499285
735	G	0.161	0.03289117
736	G	-0.259	0.009953174
737	G	-0.243	-0.03508535
738	A	-0.486	-0.08519188
739	A	-0.493	-0.1138385
740	A	0	-0.1297793
 741	G	0.129	-0.1264724
742	C	0.415	-0.1237886
743	C	0.098	-0.10071
744	A	-0.375	-0.0958654
745	A	-0.483	-0.1134401
746	A	-0.422	-0.0873914
747	A	-0.485	-0.04909166
748	A	-0.147	-0.0412614
749	T	0.214	-0.03778356
750	T	-0.251	-0.02994398
751	A	-0.093	-0.04906551
752	C	0.438	-0.08477808
753	C	0.461	-0.09350842
754	A	-0.172	-0.04907968
755	A	0.235	-0.03061321
756	A	0.484	-0.021777
757	G	-0.337	0.02072589
758	A	-0.427	0.01630837
759	T	0.148	0.02065895
760	T	-0.233	0.05471053
761	A	-0.262	0.08724626
762	T	-0.067	0.05912565
763	C	0.468	0.01510176
764	A	-0.132	0.02759752
765	G	-0.254	-0.002444637
766	A	0.322	-0.01281158
767	T	-0.231	0.001148432
768	G	0.297	0.03495417
769	T	0.395	0.01685743
770	C	0.524	0.02805287
771	T	-0.095	0.05038239
772	A	-0.374	0.05679211
773	T	0.065	0.02239005
774	T	-0.335	0.006905368
775	C	0.287	-0.008023895
776	A	-0.072	-0.02624175
777	G	0.215	-0.01337977
778	G	-0.194	-0.02904056
779	A	-0.021	-0.03086146
780	C	0.161	-0.03548588
781	C	0.054	-0.01377422
782	A	-0.185	-0.001589537
783	A	-0.426	-0.02025004
784	A	-0.538	0.0003297421
785	A	-0.023	-0.009795279
786	T	0.012	-0.006503816
787	G	0	-0.01036145
 788	C	0.360	-0.02078061
789	C	0.436	-0.04192246
790	C	0.316	-0.07550025
791	A	-0.142	-0.06177164
792	A	-0.289	-0.03732396
793	G	0.055	0.003160305
794	T	0.095	0.04305667
795	T	-0.010	0.06901132
796	G	0.142	0.09519034
797	A	-0.392	0.07806534
798	G	-0.422	0.06054949
799	A	-0.476	0.04082857
800	A	0.315	0.05094536
801	C	0.279	0.04713267
802	C	0.342	0.03402041
803	A	0.219	0.05154432
804	C	0.469	0.05782492
805	T	0.510	0.06208992
806	G	-0.325	0.06866192
807	T	0.028	0.1148459
808	T	0.062	0.1527262
809	C	0.508	0.1602498
810	T	-0.215	0.1297124
811	A	-0.538	0.1150223
812	T	0.388	0.1129014
813	G	0.214	0.1026365
814	G	0.070	0.09471391
815	C	0.266	0.09203275
816	C	0.484	0.1305622
817	A	0.296	0.1416497
818	T	-0.333	0.1332946
819	A	-0.265	0.08877286
820	T	0	0.08816207
 821	T	0.302	0.1442414
822	T	0.024	0.1459848
823	C	0.318	0.1364902
824	T	0.459	0.119878
825	C	0.406	0.09037375
826	A	0.238	0.08004248
827	A	-0.096	0.08335722
828	A	-0.336	0.09207743
829	G	-0.227	0.1242829
830	T	0.526	0.109078
831	T	0.421	0.06424169
832	T	0.034	0.03477765
833	A	-0.244	0.03051218
834	G	-0.293	0.02707102
835	T	0.288	0.01682223
836	G	0.359	0.02736971
837	C	-0.167	0.05455564
838	A	0.346	0.08533085
839	A	-0.288	0.1089094
840	T	-0.549	0.1033683
841	A	-0.535	0.08490733
842	C	0.237	0.07502627
843	T	0.393	0.08081953
844	G	0.211	0.0750039
845	C	0.439	0.03339743
846	C	0.419	-0.01082405
847	C	0.247	-0.01028078
848	A	0.220	-0.04157231
849	G	0.421	-0.02041921
850	G	0.071	-0.01766799
851	A	-0.153	0.005054426
852	G	-0.134	-0.03268299
853	A	-0.404	-0.07688063
854	A	-0.502	-0.08045373
855	A	-0.480	-0.1108748
856	T	-0.157	-0.1274743
857	A	-0.247	-0.1548668
858	G	0.113	-0.1894126
859	A	-0.497	-0.2263256
860	A	-0.103	-0.227
861	T	-0.479	-0.2051687
862	A	-0.445	-0.1804731
863	C	0.144	-0.1335694
864	T	-0.138	-0.1282619
865	A	0.104	-0.1277863
866	A	-0.272	-0.1171677
867	T	-0.435	-0.08080481
868	T	-0.279	-0.1085732
869	G	0.058	-0.105892
870	C	0.261	-0.1016145
871	A	0.334	-0.07434041
872	T	0.486	-0.05957415
873	G	-0.401	-0.04553352
874	T	-0.471	-0.01425178
875	A	0.044	-0.02781236
876	C	0.443	-0.003679516
877	A	-0.414	0.02834275
878	A	-0.446	0.03610938
879	T	-0.022	0.04621826
880	T	0.038	0.01586926
881	G	-0.165	-0.02446047
882	A	0.410	-0.06259337
883	G	0.455	-0.02687947
884	A	-0.153	-0.002618842
885	T	0.185	-0.002397147
886	T	0.173	-0.01858367
887	G	-0.132	0.01893343
888	T	0.250	0.06466806
889	T	-0.315	0.08199948
890	T	-0.431	0.09933451
891	T	-0.237	0.1277419
892	C	0.277	0.1298997
893	A	-0.010	0.1331345
894	G	0.048	0.168605
895	C	0.135	0.1558097
896	A	0.298	0.1235727
897	G	0.422	0.1082744
898	C	0.307	0.07632405
899	C	0.368	0.07253437
900	A	0.374	0.07735016
901	C	0.451	0.06795026
902	C	0.517	0.028431
903	T	0.520	0.01040826
904	T	-0.057	-0.01749708
905	T	-0.439	-0.04661908
906	A	-0.422	-0.08713293
907	A	-0.356	-0.1283906
908	A	-0.387	-0.166278
909	T	-0.340	-0.1856582
910	A	-0.416	-0.1822836
911	A	-0.473	-0.2154724
912	A	-0.352	-0.2623356
913	T	-0.481	-0.3126271
914	A	-0.417	-0.3305078
915	A	-0.471	-0.3348033
916	A	-0.361	-0.3408479
917	T	-0.412	-0.3299884
918	A	0	-0.3122834
 919	C	0.438	-0.2979068
920	A	-0.178	-0.259954
921	G	-0.373	-0.2317819
922	A	-0.434	-0.2405479
923	T	-0.397	-0.1950012
924	A	-0.521	-0.1456445
925	A	-0.537	-0.1150635
926	A	-0.150	-0.1170033
927	G	-0.051	-0.112676
928	C	-0.067	-0.1317604
929	C	0.304	-0.1768685
930	A	0.061	-0.189314
931	A	-0.519	-0.1842096
932	T	0.383	-0.1454126
933	C	0.520	-0.1456271
934	T	0.109	-0.126007
935	T	-0.398	-0.07627391
936	A	-0.330	-0.07288694
937	A	-0.362	-0.05228066
938	T	-0.418	-0.03197644
939	A	-0.415	-0.06578049
940	A	-0.276	-0.06351603
941	T	0.302	-0.03617751
942	G	-0.401	-0.06826229
943	T	-0.148	-0.1152752
944	A	0.407	-0.1198082
945	G	-0.086	-0.09724294
946	C	0.340	-0.05886221
947	T	0.318	-0.03006052
948	A	-0.337	-0.002076311
949	A	0.104	0.01626005
950	C	0	0.008837468
 951	T	-0.225	-0.01764801
952	T	-0.373	0.0059453
953	A	0.023	-0.003473647
954	A	0.030	-0.01212559
955	C	0.398	0.004893174
956	C	0.184	-0.008546337
957	C	0.113	-0.001554653
958	A	-0.066	0.04167851
959	A	-0.417	0.01275782
960	T	-0.200	-0.001412705
961	A	0.047	0.02429387
962	C	-0.327	0.06385756
963	T	0.242	0.0839044
964	A	0.237	0.06800273
965	T	0.085	0.03603336
966	C	0.451	0.01330263
967	T	0.484	0.02391705
968	G	-0.444	0.05457585
969	A	-0.269	0.05401122
970	G	0.262	0.04243374
971	C	0.378	0.02688986
972	T	0.404	0.02243238
973	A	-0.271	-0.01152541
974	G	-0.208	-0.04729525
975	A	-0.247	-0.04818587
976	T	0.314	-0.04718282
977	T	0.515	-0.05265045
978	T	-0.428	-0.01930598
979	T	-0.420	0.001785337
980	A	-0.248	-0.02751266
981	A	-0.411	-0.06964445
982	T	-0.402	-0.1050755
983	A	-0.442	-0.09234946
984	T	0.068	-0.1023261
985	T	0.470	-0.09975952
986	C	0.380	-0.1070476
987	A	0.188	-0.1348995
988	C	0.131	-0.1131257
989	T	-0.294	-0.07670885
990	T	-0.421	-0.04786301
991	A	-0.268	-0.01092548
992	T	-0.030	0.03560699
993	T	-0.398	0.06788542
994	G	-0.198	0.05892134
995	T	0.176	0.006653711
996	G	-0.013	-0.03858645
997	A	-0.014	-0.07130324
998	G	0.271	-0.07822403
999	G	0.299	-0.06743474
1000	T	0.289	-0.05496106
1001	C	0.481	-0.03369037
1002	A	0.170	-0.006100521
1003	T	-0.102	0.01105052
1004	T	-0.522	0.04011931
1005	A	-0.479	0.01402304
1006	G	-0.432	-0.001469884
1007	T	0	0.01847806
 1008	A	-0.089	0.02169132
1009	A	-0.184	0.02651295
1010	G	0.135	0.03736648
1011	C	0.494	0.03975032
1012	T	-0.072	0.05441743
1013	A	0.353	0.04436879
1014	T	-0.319	0.04760185
1015	G	-0.307	0.07043019
1016	T	0.364	0.09122269
1017	A	0.332	0.08679472
1018	T	0.391	0.1041451
1019	C	0.496	0.1026905
1020	T	0.527	0.119998
1021	A	0.449	0.1141106
1022	T	-0.293	0.1337045
1023	A	-0.461	0.1334438
1024	T	-0.045	0.1623913
1025	T	-0.037	0.1673603
1026	G	-0.084	0.1586146
1027	T	0.240	0.1365655
1028	G	-0.212	0.1034601
1029	T	0.464	0.06243686
1030	C	0.382	0.04859996
1031	T	0.300	0.0471467
1032	C	0.348	0.07838754
1033	T	0.230	0.1119739
1034	C	-0.213	0.1069557
1035	A	0.198	0.1052358
1036	A	-0.086	0.1250012
1037	T	-0.237	0.1298527
1038	T	-0.283	0.1468979
1039	T	0.264	0.1457099
1040	C	0.422	0.1128349
1041	T	0.300	0.07328726
1042	T	0.177	0.03350326
1043	G	-0.140	0.03735242
1044	G	-0.070	0.04001299
1045	A	0.291	0.04241426
1046	G	0.332	0.02818148
1047	T	0.111	0.06109411
1048	C	0.441	0.05396858
1049	T	-0.242	0.01569653
1050	A	-0.451	0.01328179
1051	A	-0.407	0.01441816
1052	T	0.303	0.001411453
1053	G	-0.162	-0.0004538105
1054	T	0.244	-0.008844079
1055	G	-0.357	-0.02490502
1056	T	0.387	-0.02240444
1057	A	-0.418	-0.01539286
1058	A	-0.463	-0.04240826
1059	C	0.376	-0.03489198
1060	C	0.322	-0.003593195
1061	A	-0.070	0.04049275
1062	A	-0.176	0.03862533
1063	C	-0.229	0.05997359
1064	A	-0.013	0.06794449
1065	C	0.380	0.08514454
1066	A	0.244	0.06130795
1067	G	-0.071	0.05739722
1068	G	-0.099	0.0682599
1069	A	0.143	0.05868711
1070	C	0.430	0.06598906
1071	A	0.268	0.07726545
1072	C	0.242	0.08832603
1073	T	0.395	0.0817505
1074	T	-0.030	0.06040534
1075	C	-0.065	0.0380792
1076	A	-0.493	0.001674884
1077	A	-0.256	-0.008065089
1078	G	0.194	-0.01108836
1079	C	0.460	-0.01147731
1080	G	0.144	-0.007351784
1081	A	0.033	-0.03887105
1082	G	-0.354	-0.07877999
1083	A	-0.419	-0.1204956
1084	T	-0.043	-0.1306776
1085	T	-0.447	-0.134832
1086	A	-0.256	-0.08817309
1087	G	-0.156	-0.05525051
1088	C	0.135	-0.08718404
1089	T	0.508	-0.1144274
1090	A	-0.330	-0.114868
1091	T	-0.515	-0.1262139
1092	A	-0.397	-0.09363802
1093	G	-0.223	-0.05190623
1094	A	-0.143	-0.02638909
1095	T	0.393	0.0001780474
1096	G	0.368	0.01837696
1097	G	-0.412	0.02605132
1098	T	-0.056	0.01741933
1099	A	0.135	-0.005559305
1100	T	-0.181	0.01995291
1101	G	0.264	0.06484959
1102	C	0.373	0.107823
1103	T	0.440	0.1417989
1104	C	0.057	0.1737664
1105	A	0.088	0.1478051
1106	G	-0.011	0.1234569
1107	T	-0.028	0.1653618
1108	G	0.072	0.1773161
1109	G	0.154	0.1852523
1110	T	0.337	0.2107351
1111	C	0.419	0.1946277
1112	C	0.421	0.1550692
1113	T	0.463	0.1160354
1114	T	-0.099	0.1059239
1115	G	-0.093	0.1221711
1116	T	0.383	0.1121222
1117	G	0.170	0.1316718
1118	G	0.286	0.1489692
1119	C	0.302	0.1627634
1120	T	-0.041	0.1704853
1121	A	-0.378	0.1341851
1122	A	-0.300	0.09537217
1123	A	-0.134	0.05939012
1124	C	0.397	0.07111796
1125	G	-0.202	0.09666552
1126	C	0.343	0.07309746
1127	T	0.401	0.08606551
1128	C	0.416	-
1129	T	0.484	-
1130	G	-0.270	-
1131	T	-0.315	-
1132	A	-0.220	-
1133	T	0.123	-
1134	C	0.391	-
1135	A	-0.064	-
1136	G	0.416	-
