1	A	-0.415	-
2	G	0.398	-
3	C	0.431	-
4	T	0.146	-
5	G	0.382	-
6	G	0.297	-
7	T	0.199	0.04140026
8	T	-0.258	0.09223554
9	T	-0.289	0.09565147
10	T	-0.205	0.09376169
11	C	-0.374	0.1127346
12	A	0.074	0.1126345
13	T	0.023	0.1163164
14	C	0.167	0.08874247
15	G	0.296	0.09625204
16	G	0.446	0.08149426
17	G	0.405	0.09495682
18	G	0.411	0.1030572
19	C	0.381	0.07484984
20	T	0.348	0.06851647
21	T	-0.186	0.02304776
22	T	-0.153	-0.0280186
23	A	-0.495	-0.05665334
24	T	-0.017	-0.05519762
25	T	-0.260	-0.05426298
26	T	-0.320	-0.07036848
27	T	-0.065	-0.109602
28	T	-0.468	-0.104331
29	A	-0.418	-0.1250364
30	G	0.045	-0.09112205
31	C	0.425	-0.07072969
32	C	0.424	-0.02188683
33	G	0.156	0.02888981
34	G	-0.200	0.05984598
35	T	-0.112	0.1068652
36	A	-0.443	0.1386763
37	A	-0.021	0.1579839
38	G	0.268	0.1486962
39	C	0.423	0.1208003
40	T	0.390	0.1360922
41	G	0.368	0.1823217
42	G	0.189	0.223086
43	G	0.026	0.2569569
44	C	0.315	0.2531321
45	C	0.295	0.2053716
46	A	0.034	0.1798097
47	G	0.370	0.1389842
48	C	0.446	0.09398944
49	C	0.458	0.06825201
50	T	0.030	0.08840157
51	A	-0.074	0.07014189
52	G	-0.400	0.01711874
53	A	0.065	0.03825342
54	T	-0.180	0.0006691357
55	C	-0.261	-0.01414694
56	A	-0.170	-0.02566386
57	C	0.308	-0.003390814
58	G	0.060	0.02337952
59	T	-0.446	0.03396052
60	G	0.330	0.03295965
61	G	-0.156	0.01150351
62	G	0.239	0.03527202
63	A	0.297	0.07330895
64	T	0.342	0.04369716
65	G	0.300	0.05753714
66	G	-0.252	0.1164243
67	A	0.051	0.1293148
68	G	-0.481	0.1280775
69	T	0.071	0.07265028
70	T	0.361	0.04921216
71	T	-0.105	0.001801943
72	C	0.254	-0.03493149
73	C	0.377	0.0024968
74	C	0.510	0.0006867929
75	T	-0.173	0.06367536
76	A	-0.536	0.07063921
77	T	-0.031	0.07594992
78	C	-0.321	0.1024367
79	A	-0.214	0.08675813
80	A	0.271	0.05869085
81	C	0.025	-0.008576864
82	T	0.400	-0.01686051
83	G	0.168	0.04184292
84	C	0.436	0.06552219
85	T	0.265	0.1180094
86	G	0.034	0.154154
87	T	-0.015	0.1507028
88	G	-0.431	0.1488509
89	A	-0.289	0.1153753
90	A	0.285	0.06999783
91	C	0.300	0.01964997
92	C	0.413	-0.03554431
93	T	0.291	-0.01369724
94	G	0.223	0.004411971
95	T	0	0.06473804
 96	G	-0.068	0.07005654
97	A	-0.466	0.01641911
98	G	-0.268	-0.03714517
99	A	-0.507	-0.1054299
100	A	0.340	-0.1595777
101	G	0.238	-0.151189
102	C	0.413	-0.1218156
103	A	-0.214	-0.085394
104	G	-0.465	-0.02029886
105	A	-0.449	0.009315143
106	A	-0.542	0.05542464
107	A	-0.466	0.06318564
108	C	0.340	0.04513267
109	C	0.411	-0.01202683
110	C	0.441	0.02854674
111	T	0.444	0.02797439
112	C	0.145	0.0305341
113	T	0.137	0.1008013
114	C	0.449	0.1314909
115	T	-0.014	0.1361511
116	G	-0.386	0.1180362
117	T	0.353	0.08922308
118	T	-0.473	0.06098626
119	T	-0.413	0.01570405
120	T	0.441	0.02133684
121	C	-0.036	-0.02980681
122	T	0.406	-0.05197605
123	G	0.157	-0.06075391
124	G	0.038	-0.1157119
125	A	0.049	-0.1046175
126	A	-0.488	-0.08899798
127	C	0.216	-0.1389818
128	T	-0.266	-0.1318779
129	G	-0.324	-0.1306559
130	A	-0.509	-0.1125184
131	A	-0.416	-0.1229668
132	A	-0.318	-0.1164387
133	G	-0.194	-0.08403304
134	G	-0.258	-0.1374035
135	A	0.062	-0.1527508
136	G	0.423	-0.1629911
137	C	0.411	-0.1038553
138	G	-0.107	-0.04961218
139	C	0.140	0.0002021786
140	T	-0.034	0.03995375
141	A	-0.530	0.07763468
142	A	-0.481	0.05680866
143	G	-0.468	-0.006447343
144	T	0.318	-0.02973136
145	G	0.343	-0.01904274
146	G	0.379	0.005148479
147	C	0.361	-0.01199218
148	T	0.269	0.02798163
149	C	-0.228	0.06859297
150	A	-0.462	0.09046911
151	G	0.085	0.09260969
152	C	0.041	0.0627405
153	G	0.479	0.06800486
154	G	-0.274	0.04925781
155	A	0.029	0.03939366
156	G	0.086	0.08288488
157	G	-0.161	0.1439899
158	G	0.348	0.1528331
159	A	-0.074	0.1176665
160	G	0.452	0.08822317
161	C	0.099	0.1041763
162	A	0.130	0.1196858
163	G	0.380	0.1308581
164	C	0.393	0.1668853
165	C	0.209	0.1745951
166	A	-0.450	0.1681387
167	A	0.067	0.1257739
168	G	-0.051	0.1472546
169	T	0.246	0.1163861
170	G	0.243	0.08333441
171	T	0.342	0.0250812
172	C	0.456	0.03686684
173	T	-0.165	0.05771734
174	G	-0.140	0.07654159
175	A	0.399	0.1004503
176	G	-0.301	0.103981
177	G	-0.082	0.1172771
178	A	-0.422	0.1232573
179	T	0.374	0.1185136
180	T	-0.158	0.1565571
181	C	0.330	0.1885594
182	T	0.283	0.187519
183	G	0.295	0.2385699
184	C	0.429	0.2570945
185	C	0.426	0.3055491
186	C	0.389	0.3067411
187	C	0.367	0.3470347
188	T	0.307	0.34902
189	G	0.385	0.3405342
190	C	0.413	0.3351662
191	T	0.176	0.3025506
192	T	0.256	0.2757249
193	C	0.391	0.2645769
194	C	0.405	0.2706194
195	T	0.358	0.2580331
196	C	0.164	0.2369201
197	T	0.220	0.2346674
198	G	-0.027	0.2180092
199	G	0.050	0.1877251
200	C	0.233	0.1584225
201	T	0.451	0.1187721
202	C	0.131	0.110081
203	A	0.089	0.1141736
204	G	0.381	0.1287498
205	G	-0.056	0.1360015
206	G	-0.167	0.1269266
207	T	-0.019	0.1425006
208	T	-0.149	0.1102281
209	T	0.236	0.1120606
210	C	0.222	0.1280714
211	C	0.424	0.09160184
212	G	0.074	0.09736829
213	G	-0.076	0.1000202
214	A	0.451	0.1303029
215	C	0	0.1128229
 216	T	0.157	0.0691808
217	T	0.313	0.02208851
218	C	-0.128	-0.02679641
219	A	0.024	-0.02820174
220	T	-0.130	-0.01227115
221	T	0.404	-0.01792044
222	T	-0.394	0.001207136
223	G	-0.374	0.02536028
224	A	-0.437	-0.004613436
225	A	-0.259	0.02877021
226	C	0.054	0.06392712
227	A	0.146	0.08584812
228	G	0.372	0.05373646
229	C	0.267	0.0740521
230	T	0.495	0.1046344
231	T	-0.105	0.1297879
232	T	0.338	0.1329699
233	C	0.516	0.1201057
234	T	0.176	0.09944526
235	A	-0.044	0.1063345
236	C	-0.109	0.05762784
237	T	0.054	0.01476898
238	T	-0.085	-0.01457002
239	T	-0.215	-0.04601831
240	T	-0.125	-0.09730152
241	G	-0.142	-0.1264594
242	T	0.469	-0.1513449
243	C	-0.414	-0.153588
244	A	-0.104	-0.1458262
245	A	-0.516	-0.1376631
246	G	-0.101	-0.1049737
247	G	-0.201	-0.06771046
248	A	-0.232	-0.02871989
249	G	-0.393	-0.06027969
250	A	-0.141	-0.03226243
251	C	0.162	0.007123214
252	G	0.029	0.07592407
253	G	0.242	0.1039144
254	C	0.396	0.1265161
255	T	0.403	0.1508999
256	G	0.027	0.2059389
257	A	-0.021	0.1960989
258	C	0.446	0.1744246
259	T	0.446	0.1678515
260	C	0.290	0.177915
261	C	0.114	0.1703678
262	A	0.109	0.1203329
263	C	0.377	0.1000943
264	G	-0.279	0.1109724
265	A	-0.140	0.05104723
266	G	-0.062	0.03272494
267	G	0.383	0.04619851
268	G	0.290	0.05447101
269	A	-0.297	0.03758701
270	A	-0.256	0.03979259
271	T	0.130	0.05685871
272	T	-0.392	0.05201114
273	G	0.190	0.03571513
274	T	0.478	-0.01716216
275	C	0.230	-0.05910251
276	A	-0.127	-0.07429116
277	A	0.408	-0.08937094
278	C	-0.040	-0.1275397
279	T	-0.208	-0.0870573
280	A	-0.290	-0.07702509
281	G	-0.356	-0.08476023
282	T	-0.296	-0.0744493
283	A	-0.509	-0.04009287
284	A	-0.467	-0.08357687
285	A	-0.403	-0.06879943
286	G	0.174	-0.04314957
287	C	0.330	0.009172214
288	C	0.370	0.05775729
289	C	0.375	0.088315
290	T	0.353	0.106089
291	T	-0.200	0.1139895
292	T	0.166	0.1164934
293	C	0.150	0.08348714
294	T	0.441	0.0343455
295	T	0.323	0.03192607
296	C	0.131	0.03700507
297	A	-0.261	0.02041579
298	G	-0.356	0.01851614
299	A	-0.368	-0.01916871
300	A	-0.287	-0.06243771
301	A	-0.357	-0.09893358
302	G	0.336	-0.1085078
303	T	0.446	-0.1020359
304	G	0.121	-0.09603822
305	T	-0.227	-0.09002529
306	G	-0.360	-0.05739299
307	A	-0.455	-0.02788491
308	A	-0.069	0.008849729
309	T	0.189	-0.008059843
310	C	0.221	-0.0215387
311	G	-0.177	-0.02590553
312	A	-0.272	0.01889761
313	T	0.087	0.07165433
314	G	0.125	0.09412933
315	G	0.156	0.07914219
316	T	0.100	0.03115305
317	G	0.257	-0.01829145
318	A	0.060	-0.03644416
319	C	0.400	-0.05412788
320	T	0.377	-0.07026876
321	G	-0.140	-0.04880283
322	T	-0.279	-0.02808783
323	A	-0.482	-0.007384614
324	A	-0.470	-0.003678829
325	A	-0.431	0.02679121
326	A	-0.520	-0.02918693
327	A	-0.138	-0.07190186
328	C	0.425	-0.03354929
329	C	0.446	0.004870071
330	C	0.389	0.06646943
331	A	0.309	0.1284669
332	G	0.487	0.177672
333	G	-0.383	0.2264085
334	A	-0.220	0.2663754
335	T	0.396	0.2626174
336	C	0.258	0.2024266
337	T	0.379	0.1694642
338	G	0.397	0.1236188
339	G	0.257	0.06892166
340	G	0.162	0.08044988
341	G	0.421	0.09199819
342	A	0.373	0.09533141
343	A	-0.395	0.1076903
344	G	-0.071	0.06707141
345	A	-0.332	0.004933407
346	T	-0.278	-0.01255476
347	T	-0.222	-0.03853597
348	T	-0.058	-0.08562183
349	C	0.443	-0.08192561
350	C	0.431	-0.03255461
351	T	-0.188	-0.03420372
352	G	-0.472	-0.01046172
353	A	0.012	0.03167935
354	A	-0.201	0.06360092
355	A	-0.237	0.09668396
356	C	0.425	0.05997264
357	T	0.295	0.01139679
358	G	-0.094	0.03704143
359	T	0	0.09179171
 360	G	0.311	0.1188101
361	C	0.224	0.1465603
362	G	0.404	0.1932677
363	T	-0.070	0.1903277
364	G	-0.248	0.198015
365	A	0.170	0.2022602
366	G	0.293	0.2145245
367	C	0.391	0.1568771
368	A	0.187	0.1059264
369	C	0.416	0.09253768
370	C	0.383	0.128259
371	T	0.403	0.1787888
372	G	-0.035	0.1959712
373	T	0.171	0.2017621
374	A	-0.495	0.1762227
375	A	-0.488	0.1807066
376	G	0.217	0.1558903
377	C	0.429	0.1179317
378	C	0.459	0.115564
379	T	0.410	0.08237836
380	G	0.375	0.1000603
381	C	0.033	0.1220774
382	T	0.249	0.1711366
383	G	0.068	0.1671066
384	T	-0.147	0.1653072
385	T	0.369	0.1587729
386	T	-0.499	0.1592346
387	C	0.419	0.1637396
388	T	-0.187	0.1953568
389	C	0.198	0.208762
390	A	0.160	0.2249427
391	G	0.403	0.1991256
392	C	0.367	0.1339576
393	C	0.417	0.1323137
394	T	0.438	0.07568114
395	C	0.476	0.08907971
396	C	0.437	0.08277986
397	T	0.295	0.05141271
398	T	-0.508	0.004020357
399	A	-0.542	-0.03849529
400	A	-0.522	-0.05481193
401	G	-0.373	-0.05673871
402	A	0	-0.08633291
 403	G	0.110	-0.1047231
404	T	-0.278	-0.1113008
405	G	-0.259	-0.1009085
406	A	-0.227	-0.08885777
407	C	0.188	-0.06512291
408	A	0.411	-0.03088563
409	T	0.061	-0.01976841
410	C	0.180	-0.01466506
411	T	0.203	0.02071294
412	T	-0.363	0.0700578
413	A	-0.373	0.118247
414	G	-0.190	0.1382031
415	C	0.105	0.1207593
416	A	0.155	0.1495524
417	T	0.181	0.1698999
418	C	0.216	0.1866441
419	C	0.431	0.2285919
420	C	0.447	0.2770339
421	T	0.468	0.2921811
422	C	0.166	0.2764461
423	T	0.464	0.2458013
424	C	0.464	0.2221085
425	T	0.437	0.2159445
426	T	0.223	0.1908041
427	C	0.304	0.1797997
428	C	0.021	0.1431445
429	T	-0.114	0.1312207
430	A	-0.273	0.08381104
431	A	-0.150	0.03312396
432	T	0.130	-0.0029432
433	C	0.079	0.0005902286
434	C	0.292	0.01097137
435	A	-0.045	0.03292367
436	T	0	0.06583453
 437	T	-0.198	0.09685646
438	T	-0.244	0.08008253
439	G	-0.067	0.07259116
440	C	0.273	0.0345342
441	C	0.449	0.03789034
442	C	0.328	0.06037232
443	A	0.346	0.08119468
444	G	0.160	0.1285879
445	A	-0.385	0.1631545
446	G	0.025	0.1998133
447	A	-0.453	0.1980758
448	T	0.339	0.1401375
449	G	0.269	0.09355749
450	G	0.291	0.05611241
451	C	0.464	0.05740441
452	T	0.239	0.1159986
453	A	0.445	0.08702443
454	C	0.249	0.1294078
455	A	-0.361	0.09407971
456	G	-0.323	0.06994651
457	A	-0.178	0.06144251
458	A	0.179	0.04752744
459	G	0.435	0.04030672
460	G	-0.379	0.03105458
461	T	0.139	0.03766679
462	T	-0.154	0.04771801
463	T	-0.068	0.08476872
464	T	0.172	0.1301237
465	C	0.269	0.1236865
466	T	0.138	0.09970994
467	C	0.316	0.1229718
468	T	0.341	0.107959
469	G	-0.220	0.1255055
470	T	0.195	0.1443674
471	C	0.456	0.1622921
472	T	0.088	0.1741966
473	G	0.099	0.1969889
474	T	-0.054	0.208932
475	C	-0.070	0.1767751
476	A	0.091	0.2190346
477	A	0.195	0.1701391
478	C	0.423	0.1148205
479	C	0.436	0.1435833
480	C	0.457	0.1417194
481	T	0.483	0.1297394
482	C	-0.108	0.1407718
483	T	0.371	0.1062339
484	C	-0.489	0.06510767
485	A	-0.317	0.03779804
486	T	0.491	-0.02561854
487	G	0.073	-0.04667854
488	T	-0.221	-0.09503725
489	A	0.084	-0.09991496
490	G	-0.392	-0.09349161
491	A	-0.379	-0.02726754
492	A	0.041	0.03064168
493	A	-0.451	0.003356179
494	T	0.162	-0.03134571
495	A	-0.193	-0.007936071
496	G	-0.176	-0.01321266
497	T	0.460	0.005486843
498	T	0.438	0.05794341
499	C	0.493	0.08933941
500	T	0.109	0.1580446
501	A	-0.412	0.1522834
502	T	0.105	0.1449354
503	A	0.010	0.1248686
504	T	-0.130	0.05294393
505	C	0.354	-0.008398643
506	C	0.480	-0.06547207
507	T	0.510	-0.06965976
508	T	0.081	-0.02217191
509	T	-0.296	-0.005628621
510	T	-0.457	0.02668004
511	A	-0.545	0.06503597
512	A	-0.420	0.03868801
513	A	-0.305	-0.01453456
514	C	0.050	-0.01799706
515	G	0.252	-0.04567372
516	C	0.337	-0.02772759
517	C	0.462	-0.01436588
518	T	0.406	0.03718269
519	T	-0.014	0.09179626
520	G	-0.264	0.1388873
521	C	0.462	0.1590882
522	A	-0.305	0.153593
523	A	-0.045	0.1598461
524	C	-0.270	0.1378043
525	A	0.175	0.1268663
526	C	0.343	0.1337391
527	T	0.353	0.1542544
528	G	0.333	0.14907
529	C	0.175	0.1984173
530	T	0.424	0.225559
531	A	0.154	0.2641492
532	C	0.253	0.2651401
533	C	0.081	0.2724728
534	A	0.022	0.2626271
535	T	0.389	0.2656641
536	C	0.385	0.2871198
537	T	0.334	0.2667265
538	C	0.269	0.2630365
539	T	0.189	0.2574045
540	G	0.446	0.2788877
541	G	0.215	0.2887079
542	T	0.376	0.2541487
543	C	0.475	0.2391112
544	C	0.139	0.2460385
545	A	0.102	0.2637127
546	T	0.174	0.2877124
547	C	0.382	0.2373002
548	A	0.160	0.2367787
549	T	-0.094	0.2112309
550	T	0.174	0.1597288
551	T	0.431	0.1706211
552	C	0.516	0.1894815
553	T	0.525	0.1872913
554	T	-0.259	0.177512
555	A	0.208	0.1560273
556	C	0.018	0.1924012
557	A	-0.245	0.2088149
558	T	0.291	0.1929712
559	A	0.366	0.1733697
560	T	0.143	0.172972
561	G	0.245	0.1914904
562	T	-0.140	0.16986
563	G	0.414	0.1398347
564	T	0.404	0.1335096
565	G	0.210	0.08059081
566	C	0.242	0.02463209
567	A	0.519	-0.01430769
568	T	0	-0.06608698
 569	T	-0.094	-0.07505512
570	T	-0.401	-0.09457276
571	A	-0.333	-0.09273084
572	A	-0.448	-0.07568876
573	T	-0.417	-0.06173312
574	T	-0.401	-0.06832812
575	A	-0.479	-0.03072434
576	A	-0.266	-0.040213
577	T	0.141	-0.04337486
578	C	0.430	-0.02130183
579	C	0.448	0.01962346
580	T	0.437	0.02712374
581	G	0.427	0.03256703
582	C	0.526	0.05717424
583	G	-0.227	0.07042326
584	T	-0.446	0.04270069
585	A	-0.024	-0.00732395
586	C	0.124	-0.05849724
587	G	-0.312	-0.1060609
588	A	-0.325	-0.1381986
589	A	-0.134	-0.2050763
590	T	-0.080	-0.209417
591	T	-0.246	-0.1954775
592	A	-0.270	-0.1859651
593	A	-0.267	-0.2099416
594	T	-0.228	-0.1838999
595	T	-0.022	-0.1332759
596	T	-0.409	-0.09610259
597	G	-0.288	-0.07040461
598	A	-0.250	-0.04393268
599	T	0.108	0.005013893
600	T	-0.211	0.05686654
601	G	0.052	0.09065654
602	G	0.383	0.07431984
603	C	0.385	0.1145046
604	T	0.279	0.1708403
605	G	0.124	0.2164959
606	C	0.415	0.2257219
607	A	0.458	0.2688606
608	T	0.245	0.2983352
609	C	-0.250	0.282372
610	T	0.152	0.2502221
611	C	0.500	0.2220215
612	T	0.388	0.1804336
613	T	0.237	0.1128984
614	C	0.392	0.09862427
615	C	0.465	0.0961147
616	C	0.159	0.1463111
617	A	-0.064	0.1412758
618	T	-0.115	0.08667249
619	T	-0.458	0.02860956
620	T	-0.530	-0.02066366
621	T	0.258	-0.07977066
622	C	0.209	-0.1269804
623	C	0.451	-0.1119998
624	T	0.082	-0.07873543
625	G	-0.263	-0.03999907
626	T	-0.424	0.02312036
627	T	-0.452	0.09403614
628	A	-0.435	0.08955621
629	A	-0.195	0.06316729
630	G	0.369	0.003053786
631	C	0.401	-0.0193165
632	C	0.426	-0.01906821
633	T	0.425	0.01620733
634	T	0.462	0.03162704
635	G	0.195	0.04517254
636	G	-0.159	0.0404359
637	T	-0.389	0.02694319
638	A	-0.230	0.01930061
639	A	-0.260	0.01419369
640	G	0.069	0.01438704
641	A	-0.236	-0.002452029
642	A	-0.245	0.01142276
643	G	-0.262	0.05007083
644	T	0.180	0.1057668
645	G	0.294	0.1495147
646	T	0.355	0.1959675
647	G	0.428	0.2182711
648	T	0.226	0.2629951
649	G	0.389	0.3077892
650	T	0.381	0.3543566
651	G	0.389	0.3686995
652	T	0.381	0.3755266
653	G	0.389	0.3774144
654	T	0.381	0.37467
655	G	0.389	0.3857325
656	T	0.381	0.3857325
657	G	0.389	0.3857325
658	T	0.381	0.3857325
659	G	0.389	0.3857325
660	T	0.381	0.3857325
661	G	0.389	0.3857325
662	T	0.381	0.3857325
663	G	0.389	0.3857325
664	T	0.381	0.3857325
665	G	0.389	0.3857325
666	T	0.381	0.3857325
667	G	0.389	0.3857325
668	T	0.381	0.3857325
669	G	0.389	0.3857325
670	T	0.381	0.3857325
671	G	0.389	0.3753436
672	T	0.381	0.3779427
673	G	0.389	0.3696359
674	T	0.381	0.370006
675	G	0.389	0.3116406
676	T	0.381	0.266537
677	G	0.389	-
678	T	0.236	-
679	G	0.426	-
680	T	0.265	-
681	G	0.395	-
682	T	-0.435	-
683	G	-0.241	-
