1	C	-0.253	-
2	A	0.207	-
3	C	-0.062	-
4	A	-0.426	-
5	A	-0.373	-
6	G	0.145	-0.005062875
7	T	0.278	0.01288891
8	C	0.463	0.01422824
9	T	0.537	0.02469412
10	G	-0.240	0.07204103
11	T	0.191	0.1304379
12	T	-0.527	0.1448804
13	A	-0.038	0.1506499
14	G	0.223	0.1536927
15	G	0.063	0.1469996
16	G	0.141	0.2007964
17	A	0.326	0.2139349
18	A	0.318	0.2317528
19	T	0.347	0.1985478
20	C	0.499	0.1460854
21	T	0.457	0.1278676
22	T	0.405	0.1060804
23	T	0.349	0.1173096
24	G	-0.313	0.07158475
25	T	-0.436	0.07495467
26	T	-0.405	0.07103375
27	A	-0.155	0.04905667
28	A	-0.119	0.02999992
29	C	0.461	-0.008413417
30	A	-0.230	0.02360003
31	G	0.388	0.1017169
32	C	0.452	0.1481129
33	T	0.193	0.1522534
34	T	0.176	0.1466225
35	C	-0.111	0.1121808
36	A	0.070	0.1672736
37	C	0.500	0.1751554
38	A	0.150	0.1736136
39	T	-0.105	0.1996307
40	A	-0.187	0.1968019
41	C	0.048	0.1901481
42	G	0.430	0.1912553
43	T	0.482	0.1221845
44	C	0.433	0.08302783
45	T	0.505	0.08556257
46	T	0.142	0.0672429
47	T	-0.191	0.03901212
48	T	0.083	-0.03272755
49	G	-0.328	-0.1005615
50	A	-0.319	-0.1704388
51	A	-0.075	-0.2500921
52	T	-0.406	-0.258615
53	T	-0.290	-0.2218201
54	A	-0.429	-0.2233793
55	T	-0.331	-0.2347109
56	A	-0.404	-0.2463679
57	A	-0.450	-0.2495038
58	A	0.040	-0.2500697
59	T	0.249	-0.2494188
60	C	0.065	-0.2534272
61	G	-0.464	-0.2356811
62	A	-0.458	-0.2331282
63	T	-0.112	-0.2136639
64	A	-0.413	-0.2146755
65	A	-0.282	-0.2026431
66	A	-0.478	-0.2328867
67	T	-0.118	-0.2274166
68	A	-0.373	-0.153905
69	G	-0.216	-0.1319076
70	T	0.028	-0.05846716
71	T	0.394	-0.0002754083
72	A	-0.297	0.01897101
73	A	-0.398	-0.000692075
74	T	0.423	-0.01137649
75	T	0.151	-0.03261607
76	C	0.467	-0.03327142
77	A	0.415	-0.09450293
78	G	-0.247	-0.1032885
79	T	-0.354	-0.112215
80	A	-0.502	-0.1607728
81	A	-0.471	-0.1914138
82	T	0.020	-0.247344
83	A	-0.340	-0.2448835
84	G	-0.403	-0.1869538
85	A	-0.505	-0.1287143
86	A	-0.159	-0.06272343
87	T	-0.216	-0.008123008
88	T	-0.203	0.0319025
89	C	0.445	0.1008463
90	T	0.448	0.1201737
91	T	0.344	0.1499209
92	C	0.289	0.1414297
93	T	0.183	0.1455487
94	G	0.500	0.1299229
95	C	0.486	0.0863981
96	A	-0.171	0.05438323
97	T	-0.148	0.03185493
98	A	-0.261	0.00154275
99	T	-0.167	-0.03899467
100	T	-0.391	-0.04561292
101	T	-0.077	-0.04947092
102	C	0.063	0.0003215
103	A	0.074	0.044254
104	T	-0.073	0.090009
105	G	-0.302	0.1358453
106	T	0.421	0.1332093
107	G	0.440	0.1657005
108	G	0.426	0.190014
109	C	0.378	0.201101
110	C	0.287	0.2438149
111	T	0.382	0.2728504
112	A	-0.422	0.2515495
113	C	0.312	0.1774863
114	A	0.355	0.1025457
115	C	0.207	0.07878712
116	T	0.438	0.07578028
117	C	0.045	0.03673467
118	T	0.165	0.07987055
119	G	-0.448	0.07989288
120	A	-0.473	0.06621305
121	G	0.093	0.02226847
122	G	0.251	-0.0396397
123	G	-0.085	-0.07311255
124	G	0.094	-0.1219912
125	C	0.313	-0.0506013
126	T	0.191	-0.002249467
127	T	-0.320	-0.04448782
128	A	-0.304	-0.0423339
129	G	-0.355	0.005031625
130	G	-0.420	0.0146765
131	A	0.408	-0.05512075
132	T	0.107	-0.05624725
133	G	-0.413	-0.02126012
134	C	0.277	0.01958513
135	T	0.482	0.03780505
136	G	0.210	0.06111113
137	A	-0.524	0.007541717
138	T	0.178	-0.04540495
139	G	0.099	-0.04544178
140	G	0.185	-0.06856595
141	C	-0.137	-0.1087869
142	A	-0.141	-0.1263421
143	A	-0.234	-0.04994112
144	A	-0.528	-0.09177762
145	G	-0.414	-0.1398617
146	C	0	-0.1928847
 147	A	0	-0.1836916
 148	A	0	-0.1853682
 149	C	0.392	-0.1681448
150	A	-0.324	-0.09351423
151	G	-0.477	-0.06054658
152	A	-0.450	-0.04298949
153	A	-0.026	-0.08252132
154	G	-0.161	-0.04971124
155	A	-0.027	-0.07577876
156	C	0.367	-0.04311768
157	T	-0.018	0.0008394083
158	G	0.210	0.04770982
159	A	-0.474	0.08083172
160	G	0.393	0.05578813
161	G	0.079	0.04552688
162	T	0.067	0.03838163
163	T	0.050	0.07318315
164	C	0.112	0.0675479
165	A	0.370	0.08587448
166	A	-0.461	0.0185904
167	G	-0.150	-0.033516
168	C	0.281	-0.08395017
169	T	0.399	-0.1326062
170	T	0.143	-0.1784929
171	T	-0.254	-0.1858117
172	T	-0.413	-0.127048
173	T	-0.545	-0.077674
174	A	-0.537	-0.06320217
175	A	-0.533	-0.05460275
176	A	-0.438	-0.08818808
177	C	0.282	-0.03331275
178	T	0.243	0.02073175
179	C	0.441	0.0548085
180	C	0.455	0.1328655
181	T	0.502	0.2131311
182	G	-0.259	0.2700822
183	T	0.404	0.2388533
184	C	0.234	0.2305475
185	A	-0.136	0.1902599
186	G	0.399	0.1734485
187	C	0.429	0.1644513
188	A	0.244	0.2027677
189	C	-0.092	0.1732706
190	T	0.143	0.1886727
191	T	-0.041	0.2317088
192	C	0.253	0.2017003
193	T	0.394	0.1570686
194	G	0.199	0.1498776
195	G	0.050	0.1531911
196	A	0.419	0.1787974
197	T	0.379	0.2228174
198	T	0.039	0.1832461
199	C	-0.106	0.1789962
200	G	0.158	0.1552066
201	G	-0.052	0.169706
202	T	0.451	0.1534405
203	C	0.486	0.1472246
204	G	-0.221	0.1506815
205	A	0.343	0.1776534
206	C	-0.085	0.1983952
207	A	0.224	0.2286853
208	G	0.224	0.2040462
209	T	0.304	0.1429636
210	G	0.080	0.1430613
211	G	0.217	0.08744472
212	G	0.407	0.07527652
213	G	0.311	0.03538628
214	T	0.155	0.01279482
215	A	-0.246	-0.00968005
216	T	-0.220	-0.01641057
217	G	-0.324	0.003240675
218	G	-0.231	-0.04885216
219	A	-0.254	-0.05254908
220	A	-0.046	-0.03356108
221	C	0.035	0.02448092
222	A	0	0.03162767
 223	C	0.453	0.03627242
224	A	-0.217	0.07455867
225	G	0.266	0.1165096
226	G	0.383	0.1561298
227	C	0.449	0.1814734
228	T	-0.134	0.1987625
229	A	-0.268	0.1856962
230	G	0.227	0.2267343
231	C	0.248	0.2392623
232	C	0.428	0.2390172
233	C	0.339	0.2347224
234	C	0.207	0.2666958
235	T	0.296	0.3265974
236	C	0.274	0.3411897
237	C	0.417	0.3387952
238	T	0.380	0.3312749
239	G	0.398	0.3295134
240	G	0.249	0.3435042
241	C	0.450	0.3257758
242	T	0.402	0.3350842
243	C	0.220	0.3330562
244	C	0.338	0.3256121
245	A	0.318	0.2944909
246	G	0.375	0.3141199
247	C	0.083	0.3051365
248	T	0.386	0.2914258
249	C	0.392	0.2520026
250	C	0.290	0.2543609
251	T	0.024	0.2587793
252	C	0.484	0.2039839
253	T	0.342	0.1786067
254	T	0.238	0.1245512
255	C	-0.253	0.1264895
256	C	0.366	0.1379045
257	T	0.371	0.1617398
258	C	-0.282	0.1578283
259	T	-0.220	0.165567
260	G	-0.262	0.1547072
261	G	0.416	0.1448338
262	G	0.427	0.1351376
263	G	0.310	0.1218779
264	C	0.437	0.1552536
265	C	0.435	0.1719669
266	A	0.108	0.2230683
267	C	-0.371	0.1456258
268	A	0.250	0.06637786
269	C	0.212	0.005566858
270	A	0.118	-0.05565997
271	G	-0.020	-0.09582703
272	T	0.350	-0.1129567
273	G	-0.513	-0.1043457
274	A	-0.523	-0.1408946
275	A	-0.418	-0.1921094
276	G	-0.296	-0.1831751
277	A	-0.046	-0.1632709
278	T	-0.097	-0.1551191
279	G	-0.268	-0.09115769
280	G	-0.188	-0.06122344
281	A	-0.402	-0.024836
282	G	0.225	0.01089125
283	C	0.218	-0.008099775
284	C	0.448	-0.00253415
285	C	0.254	0.01194042
286	A	-0.163	0.0424455
287	G	0.017	0.1032213
288	T	0.131	0.1208797
289	G	-0.274	0.1389975
290	T	-0.030	0.1352982
291	A	-0.094	0.1303894
292	C	0.178	0.1693313
293	C	0.326	0.2048622
294	C	0.437	0.2056206
295	T	0.436	0.2703255
296	G	0.404	0.3005912
297	G	0.195	0.3422954
298	G	0.303	0.3620985
299	C	0.444	0.3798943
300	A	0.140	0.3568592
301	T	0.502	0.2924808
302	C	0.332	0.227089
303	A	0.405	0.1900396
304	C	0.415	0.1314055
305	T	0.540	0.053668
306	G	0.161	0.03496472
307	A	-0.336	0.0220163
308	T	-0.380	0.02117905
309	G	-0.249	0.0133413
310	A	-0.400	0.01459438
311	A	-0.488	0.01226322
312	G	-0.083	0.001086308
313	C	0.346	0.03080475
314	G	0.322	0.02906008
315	T	0.311	0.08332875
316	C	0.430	0.1034998
317	T	0.512	0.1747796
318	G	0.026	0.1976516
319	T	0.020	0.2109888
320	A	-0.401	0.1432825
321	C	0.402	0.0736642
322	C	-0.158	0.06825303
323	A	0.366	0.05283903
324	C	0.190	0.07866836
325	C	0.506	0.1062964
326	A	-0.490	0.1650011
327	A	-0.523	0.1274585
328	T	0.365	0.1606552
329	G	0.327	0.1016498
330	G	0.336	0.1179651
331	C	0.351	0.062492
332	T	0.303	0.1273353
333	C	-0.048	0.1916072
334	T	0.240	0.1899358
335	A	-0.341	0.1233073
336	T	0.386	0.1200482
337	T	-0.158	0.1216604
338	C	0.288	0.08811965
339	T	0.247	0.1042541
340	G	0.345	0.1207217
341	C	-0.472	0.1441607
342	A	0.297	0.1318196
343	G	0.371	0.1205952
344	T	-0.099	0.05784516
345	G	0.145	0.01065266
346	G	0.437	-0.03461851
347	G	-0.060	0.003882617
348	T	0.238	0.01941362
349	T	-0.293	0.02668995
350	T	-0.464	0.05600463
351	A	-0.318	0.07450222
352	T	-0.197	0.03980971
353	T	-0.010	0.01471103
354	C	0.484	0.03100828
355	C	0.458	0.06516545
356	A	0.252	0.0795167
357	T	0.367	0.09000587
358	G	0.021	0.07805562
359	G	-0.361	0.07889391
360	T	0.434	0.05459374
361	A	0.116	0.03149066
362	C	-0.292	0.04433116
363	A	-0.192	0.02269649
364	T	-0.340	-0.01081175
365	A	0	-0.0007411667
 366	T	0.192	-0.02795142
367	G	0.181	-0.05294117
368	G	0.406	0.003086583
369	A	0.107	0.05699517
370	G	-0.380	0.1018227
371	A	-0.240	0.1390112
372	T	0.107	0.1557899
373	T	-0.183	0.1779935
374	C	0.379	0.1501978
375	C	0.454	0.1585865
376	T	0.196	0.2047865
377	T	0.446	0.208794
378	C	0.393	0.1636149
379	C	0.447	0.1360208
380	A	0.073	0.06132172
381	C	0.208	0.0186191
382	C	0.173	0.01286502
383	A	-0.192	0.01358685
384	T	-0.434	-0.01740595
385	T	-0.514	-0.05105679
386	T	-0.516	-0.04188701
387	G	-0.058	-0.02169476
388	G	0.127	-0.04329666
389	T	0.454	-0.02368142
390	T	0.021	-0.01562259
391	G	0.043	0.04553374
392	C	0.183	0.08040473
393	T	0.450	0.1250889
394	T	-0.085	0.1232664
395	G	0.043	0.1182797
396	A	-0.337	0.1499255
397	T	0.219	0.1370814
398	A	-0.098	0.123733
399	T	0.478	0.1007224
400	C	0.106	0.1321915
401	T	0.395	0.1448411
402	T	0.401	0.1666059
403	C	-0.110	0.1516725
404	T	0.022	0.1993486
405	A	0.174	0.1757555
406	C	0.292	0.1351989
407	C	0.194	0.1188216
408	A	-0.076	0.1086502
409	C	0.040	0.1531902
410	G	0.473	0.178071
411	G	0.194	0.1529678
412	A	-0.380	0.1127583
413	G	0.198	0.0845597
414	C	0.279	0.0844263
415	C	0.424	0.06954074
416	A	0.321	0.03786617
417	T	-0.126	0.02608301
418	G	-0.190	0.07814168
419	A	-0.143	0.09040226
420	C	-0.078	0.1026947
421	A	-0.138	0.103623
422	T	0.093	0.1064092
423	A	0.053	0.1029477
424	G	0.244	0.1108381
425	T	0.345	0.08012354
426	C	0.427	0.08157132
427	C	0.435	0.1306909
428	T	0.354	0.1607036
429	C	-0.168	0.1407398
430	A	-0.095	0.1376259
431	A	-0.512	0.09235697
432	C	-0.060	0.01513147
433	C	0.450	-0.0645562
434	A	0.453	-0.09998594
435	G	-0.186	-0.08119852
436	G	0.206	-0.03502713
437	A	-0.197	0.02324178
438	G	-0.499	-0.004823483
439	A	-0.520	-0.0745659
440	A	-0.070	-0.1531268
441	G	0.057	-0.1529767
442	C	0.458	-0.1660346
443	A	0.187	-0.1356369
444	G	-0.397	-0.06232058
445	A	-0.386	-0.001562917
446	A	-0.488	0.02792291
447	T	-0.184	0.04780307
448	T	0.050	0.04071215
449	C	0.167	0.05440523
450	T	0.380	0.1230213
451	G	0.208	0.1809053
452	C	0.283	0.2463666
453	T	0.295	0.2885156
454	G	0.373	0.3028052
455	G	0.351	0.2957429
456	C	0.425	0.2435864
457	G	0.308	0.2138746
458	C	0.296	0.1978074
459	C	0.321	0.2016323
460	C	0.221	0.1960362
461	C	0.082	0.1687474
462	A	-0.245	0.1057378
463	G	-0.148	0.04732462
464	G	0.090	0.01536038
465	G	0.341	-0.02161153
466	C	0.306	-0.01554853
467	A	0.024	0.00090325
468	A	-0.330	0.055996
469	G	-0.392	0.07787608
470	A	-0.086	0.10295
471	A	-0.122	0.06997532
472	C	0.294	0.06248173
473	A	0.279	0.06855494
474	C	0.415	0.1273539
475	T	0.114	0.1739704
476	C	0.391	0.1694994
477	A	-0.054	0.1763319
478	T	0.216	0.1436329
479	C	0.096	0.1416348
480	C	0.375	0.1237549
481	G	0.166	0.1179181
482	G	-0.140	0.1026898
483	A	-0.040	0.1443373
484	G	-0.098	0.162151
485	A	0.255	0.1935642
486	C	0.200	0.1937543
487	T	0.044	0.1648412
488	G	0.208	0.1599865
489	G	0.445	0.1233407
490	C	0.430	0.1112762
491	C	0.473	0.06828587
492	C	0.377	0.09158287
493	A	-0.180	0.1161531
494	T	-0.198	0.064735
495	A	-0.479	0.01470642
496	C	-0.242	-0.01524891
497	A	-0.259	-0.03562383
498	C	0.480	-0.04629133
499	C	0.338	-0.03538442
500	T	-0.408	0.01269032
501	A	-0.154	0.06951657
502	G	0.070	0.09464258
503	T	0.229	0.0976535
504	G	0.249	0.09498458
505	T	-0.049	0.103683
506	G	0.378	0.1487669
507	T	0.202	0.1692952
508	G	0.058	0.1401476
509	C	-0.223	0.154831
510	A	0.448	0.1113311
511	G	0.443	0.07610692
512	T	0.132	0.02073776
513	G	0.091	-0.002571192
514	T	-0.279	0.01046563
515	A	0.405	0.06084013
516	T	-0.272	0.06190897
517	G	-0.471	0.05319247
518	A	-0.286	0.07791663
519	T	-0.077	0.1056126
520	T	0.215	0.1496964
521	C	0.380	0.1348375
522	C	0.461	0.1812077
523	A	0.338	0.2091331
524	G	0.429	0.2100125
525	C	0.423	0.1840245
526	T	0.249	0.1445357
527	G	0.227	0.07048467
528	T	0.283	0.06144967
529	C	-0.136	0.06637508
530	A	-0.275	0.0544065
531	A	-0.389	0.06102967
532	T	-0.258	0.07519283
533	A	-0.507	0.05166377
534	C	0.352	0.01736435
535	C	0.397	0.01186785
536	T	0.285	0.02404202
537	C	0.503	0.02344893
538	T	0.419	0.07795785
539	T	-0.055	0.1525637
540	C	-0.127	0.1644211
541	A	-0.202	0.1649262
542	T	-0.129	0.1714233
543	G	-0.396	-
544	A	0.395	-
545	G	0.387	-
546	T	0.495	-
547	C	0.403	-
548	T	0.363	-
