1	G	0.517	-
2	T	0.147	-
3	A	-0.437	-
4	A	0.136	-
5	C	0.321	-
6	T	0.435	-
7	T	0.185	-
8	C	0.466	-
9	C	0.061	-
10	T	-0.161	-
11	A	-0.464	-
12	A	-0.444	-
13	A	-0.532	-
14	A	-0.523	-
15	C	0.220	-
16	C	0.234	0.007630897
17	G	0.345	-0.0004897161
18	C	0.467	-0.01793626
19	A	-0.139	-0.009227942
20	T	-0.461	-0.01198164
21	A	-0.325	-0.01600454
22	G	-0.377	-0.02296109
23	A	-0.488	-0.0219826
24	T	0.104	-0.02317909
25	C	0.196	-0.01421752
26	A	-0.038	-0.002833713
27	C	0.238	0.01461151
28	A	-0.142	0.02385535
29	T	0.397	0.02988857
30	C	0.396	0.0308577
31	A	-0.100	0.03649464
32	G	0.266	0.03877615
33	G	-0.393	0.02136645
34	A	-0.167	0.02237796
35	A	0.051	0.01429519
36	T	0.197	0.01735664
37	G	0.219	0.01741038
38	G	0.215	0.01772361
39	C	0.429	0.03348303
40	C	0.339	0.03010619
41	T	0.191	0.009021316
42	C	0.076	0.02519056
43	A	-0.158	0.03083708
44	G	-0.344	0.04161843
45	A	-0.493	0.02444256
46	T	0.395	0.0006912065
47	C	0.305	-0.009354116
48	A	-0.194	-0.02040104
49	T	0.498	-0.02390239
50	G	-0.389	-0.02506887
51	A	-0.366	-0.01085476
52	A	-0.324	-0.01831257
53	T	-0.367	-0.01595222
54	T	0	-0.01075341
 55	C	0	-0.01610983
 56	A	-0.456	-0.02861918
57	T	0.462	-0.02071831
58	C	0.413	-0.01781589
59	T	0.191	-0.01064925
60	C	-0.135	-0.01299122
61	A	-0.339	-0.01042686
62	A	-0.411	-0.03613722
63	C	-0.076	-0.05285376
64	A	-0.501	-0.05445773
65	G	-0.203	-0.0656268
66	C	0.492	-0.03893644
67	A	-0.034	-0.02672431
68	T	0.293	-0.006572374
69	C	0.376	0.01950034
70	G	0.263	0.02907205
71	T	-0.048	0.04438546
72	C	0.436	0.06352492
73	T	0.166	0.06099446
74	C	0.063	0.05616421
75	A	-0.417	0.04608943
76	A	-0.413	0.06600363
77	G	-0.401	0.09025437
78	A	-0.213	0.09693963
79	A	-0.244	0.1118529
80	C	0.152	0.118851
81	G	0.437	0.1129006
82	G	0.012	0.09238064
83	T	0.300	0.1034821
84	C	0.440	0.1037857
85	C	0.296	0.1011896
86	T	0.474	0.1066804
87	C	0.136	0.1219272
88	T	0.384	0.1195049
89	T	0.263	0.1174504
90	C	-0.120	0.1197392
91	C	0.481	0.1458821
92	T	0.412	0.1729692
93	G	-0.204	0.1963636
94	T	0.386	0.2125409
95	T	-0.285	0.2369332
96	G	-0.387	0.2403627
97	A	-0.143	0.238696
98	T	0.310	0.2445087
99	C	0.302	0.2422795
100	C	0.296	0.2412025
101	G	0.433	0.2165933
102	C	0.424	0.185687
103	A	0.360	0.1818182
104	G	0.102	0.1536355
105	G	0.134	0.1462627
106	C	0.392	0.1398942
107	C	0.425	0.134413
108	T	0.323	0.1307644
109	C	0.288	0.1487807
110	T	0.512	0.1454903
111	G	0.258	0.1685405
112	T	0.386	0.1850484
113	C	0.192	0.185299
114	C	0.231	0.1807062
115	C	0.406	0.1569691
116	A	-0.466	0.1387579
117	A	-0.483	0.1319257
118	C	0.016	0.1309991
119	G	-0.489	0.133744
120	G	0.034	0.1367906
121	A	-0.318	0.1299627
122	G	0.312	0.1211497
123	C	0.299	0.09349473
124	G	0.353	0.08547765
125	G	0.284	0.08396607
126	C	0.429	0.0658918
127	C	0.123	0.04440587
128	A	-0.136	0.0163499
129	T	0.167	-0.005272939
130	C	-0.433	-0.00756781
131	A	-0.268	-0.006830261
132	G	0.221	0.02241996
133	C	0.395	0.053029
134	C	0.446	0.053437
135	A	0.197	0.0787031
136	G	-0.076	0.0896454
137	G	0.119	0.1084613
138	A	-0.431	0.1073227
139	G	0.074	0.1055495
140	G	0.241	0.1036701
141	G	-0.048	0.09679775
142	A	-0.407	0.09015994
143	A	-0.483	0.07286684
144	A	-0.477	0.06366904
145	T	0.160	0.04604604
146	C	0.429	0.07187626
147	C	0.440	0.08833749
148	C	0.465	0.08963423
149	A	0.029	0.08893868
150	G	0.293	0.08746326
151	C	0.374	0.08555813
152	A	0.265	0.09769368
153	G	0.276	0.1071782
154	G	0.244	0.1282686
155	C	0.295	0.1358167
156	T	0.070	0.1406442
157	G	0.223	0.1549988
158	T	-0.412	0.1817488
159	A	-0.421	0.1877599
160	G	-0.378	0.1982143
161	G	0.367	0.202958
162	C	0.241	0.2035742
163	A	0.262	0.1982242
164	G	0.374	0.1696856
165	C	0.400	0.1708776
166	C	0.138	0.1683392
167	A	0.299	0.1590097
168	G	0.413	0.1625761
169	C	0.222	0.1603567
170	G	0.308	0.1661015
171	T	0.391	0.1708892
172	C	0.396	0.1752369
173	T	0.421	0.1573635
174	T	-0.297	0.1671743
175	G	-0.153	0.1687087
176	G	0.307	0.1871427
177	C	0.448	0.1764869
178	A	0.274	0.1703616
179	T	-0.419	0.1571978
180	G	0.066	0.1566351
181	C	0.215	0.1513059
182	A	0.084	0.1560884
183	T	0.375	0.1539588
184	G	0.207	0.1547112
185	C	0.422	0.1624796
186	C	0.443	0.148096
187	C	0.205	0.1362314
188	A	-0.330	0.1294479
189	A	-0.107	0.1193108
190	G	-0.373	0.1220949
191	G	0.192	0.1402199
192	A	0.037	0.123999
193	C	0.051	0.113189
194	A	-0.145	0.1172826
195	G	0.356	0.1439741
196	C	0.235	0.1554323
197	G	0.286	0.1525549
198	G	0.233	0.146139
199	C	0.437	0.1180077
200	C	0.463	0.1189443
201	T	-0.136	0.108587
202	G	0.023	0.09994254
203	T	0.186	0.1018147
204	C	0.107	0.119723
205	A	-0.210	0.1382622
206	G	0.408	0.1426325
207	G	-0.195	0.1279438
208	A	0.113	0.1356585
209	C	0.401	0.1474817
210	T	0.408	0.1665463
211	C	0.421	0.1557212
212	T	0.126	0.1382533
213	G	-0.113	0.1416278
214	A	-0.496	0.1209465
215	G	0.236	0.1006671
216	G	0.101	0.0846612
217	G	0.175	0.09530349
218	C	0.263	0.09368946
219	T	0.224	0.08532101
220	C	0.466	0.06950027
221	T	-0.238	0.08420153
222	A	-0.262	0.07418434
223	G	0.276	0.09452931
224	C	0.418	0.09435405
225	T	0.445	0.07665979
226	A	0.021	0.05365199
227	G	-0.306	0.02557218
228	C	0.390	0.005881342
229	A	-0.407	-0.006090432
230	A	-0.191	0.001195632
231	G	-0.033	-0.007926729
232	G	0.192	0.001516303
233	A	-0.026	0.009926239
234	G	-0.072	-0.001091961
235	A	-0.382	-0.01843257
236	G	0.244	-0.02810154
237	G	0.097	-0.02889009
238	C	0.435	-0.03631948
239	G	0.108	-0.05488432
240	T	-0.146	-0.07334338
241	G	-0.305	-0.08317438
242	A	-0.448	-0.09001096
243	G	-0.484	-0.07333403
244	A	-0.485	-0.08454809
245	A	-0.270	-0.06270803
246	G	-0.045	-0.04254645
247	G	0.393	-0.02809383
248	C	0.436	-0.04469709
249	A	-0.077	-0.03570907
250	G	-0.312	-0.02265601
251	A	0.166	-0.002534397
252	C	-0.262	-0.000245429
253	A	-0.492	-0.01483837
254	A	-0.299	-0.04047495
255	T	-0.153	-0.04574201
256	G	0.140	-0.05506633
257	A	-0.190	-0.05503382
258	G	0.210	-0.03382607
259	G	0.043	-0.004742171
260	C	0.269	0.02183105
261	C	0.433	0.02477786
262	T	0.415	0.03092596
263	T	-0.321	0.02887096
264	G	0.251	0.02639029
265	G	0.331	0.04397665
266	C	0.241	0.06674713
267	T	0.315	0.0674571
268	A	-0.354	0.08808529
269	G	-0.359	0.08809752
270	A	-0.054	0.10333
271	A	-0.435	0.09746807
272	T	-0.303	0.09046448
273	T	0.208	0.0991845
274	C	0.417	0.1086111
275	T	0.338	0.1094011
276	C	-0.179	0.09166927
277	T	0.144	0.08167334
278	G	0.330	0.06269905
279	G	0.359	0.05942282
280	G	0.467	0.03394747
281	T	0.393	0.01115889
282	G	0.189	0.006198261
283	T	0.376	0.004046261
284	A	-0.492	0.02502723
285	T	0.172	0.0481451
286	T	-0.335	0.05999167
287	T	-0.076	0.08992174
288	T	0.079	0.1119282
289	C	0.502	0.1161134
290	A	0.067	0.08888055
291	G	-0.280	0.07485649
292	T	0.123	0.07406136
293	T	-0.173	0.06348216
294	T	-0.423	0.05610075
295	A	-0.537	0.04968284
296	A	-0.374	0.04871697
297	C	0.087	0.04867142
298	C	0.249	0.05211191
299	A	0.295	0.05090749
300	G	0.356	0.06758555
301	C	0.312	0.06468053
302	C	0.491	0.07968911
303	A	0.378	0.09332618
304	T	0.338	0.09349592
305	C	-0.427	0.08363531
306	A	-0.096	0.0892086
307	G	-0.203	0.09750496
308	G	-0.183	0.1031099
309	A	0.101	0.1027119
310	G	0.160	0.1065609
311	T	0.437	0.1176545
312	C	0.391	0.1252952
313	A	0.295	0.1285366
314	C	0.339	0.1160903
315	T	0.024	0.1122524
316	G	0.082	0.1085304
317	G	0.129	0.1124162
318	C	0.345	0.1063226
319	A	0.084	0.1000447
320	G	0.197	0.07270523
321	T	0.240	0.09940636
322	G	-0.023	0.1103829
323	C	0.297	0.1232682
324	A	-0.185	0.1420837
325	G	-0.303	0.1308229
326	A	-0.193	0.1222837
327	T	-0.137	0.1128552
328	G	0.187	0.1052125
329	T	-0.136	0.1033525
330	G	0.176	0.09903429
331	C	0.241	0.1036891
332	G	0.432	0.09539054
333	C	0.303	0.09543499
334	T	0.183	0.07658322
335	G	-0.509	0.05967001
336	C	0.400	0.03787423
337	T	0.244	0.01602891
338	G	0.195	2.777419e-05
339	T	0.400	-0.02328458
340	G	-0.247	-0.009622968
341	G	-0.103	0.01550132
342	A	0.145	0.03494148
343	T	0.154	0.02632255
344	G	0.237	0.02426245
345	G	0.205	0.01339358
346	A	0.168	0.004895171
347	G	-0.174	0.0116133
348	G	0.131	-0.00115969
349	A	-0.238	0.003765729
350	A	-0.439	0.007193535
351	G	-0.478	0.03912818
352	A	-0.436	0.0299665
353	A	-0.519	0.01838628
354	A	-0.425	0.005674697
355	C	0.237	0.001014858
356	C	0.474	0.007613294
357	T	0.408	0.01096426
358	G	-0.405	0.02031707
359	T	0.123	0.02089875
360	T	-0.473	0.02795287
361	G	-0.086	0.03260958
362	T	0.449	0.03556365
363	G	0.036	0.04819078
364	T	0.455	0.04505128
365	G	0.289	0.03670625
366	T	0.480	0.04224815
367	C	0.116	0.05270899
368	T	-0.114	0.07040712
369	A	-0.198	0.09825841
370	C	0.255	0.1223724
371	T	-0.043	0.1269408
372	G	0	0.1088246
 373	C	0.435	0.101754
374	T	0.172	0.128692
375	C	0.456	0.1364175
376	T	0.349	0.1638253
377	G	0.260	0.1616875
378	C	0.217	0.1543047
379	A	0.033	0.1553477
380	G	-0.497	0.1532125
381	A	-0.267	0.1469843
382	A	-0.154	0.1462661
383	G	0.111	0.1520715
384	C	0.344	0.1583695
385	C	0.322	0.1634031
386	T	0.379	0.1400475
387	T	-0.086	0.1303775
388	G	0.189	0.1206593
389	C	0.430	0.1028631
390	C	0.363	0.09959133
391	C	0.375	0.08485991
392	A	-0.153	0.08417895
393	G	0.220	0.08489346
394	C	0.069	0.08723975
395	G	0.389	0.09358757
396	G	0.096	0.1142144
397	T	0.458	0.1327387
398	G	0.296	0.1410342
399	G	0.080	0.143682
400	T	-0.042	0.1363787
401	T	-0.468	0.1221483
402	A	-0.342	0.102946
403	T	-0.301	0.1109979
404	A	-0.116	0.11206
405	T	0.071	0.09953215
406	C	0	0.1016248
 407	G	0.328	0.0982937
408	G	0.282	0.1135395
409	T	0.289	0.1106232
410	G	0.230	0.1001844
411	G	0.142	0.1039859
412	G	0.306	0.0876615
413	C	0.102	0.05769954
414	T	0.194	0.03809837
415	G	0.117	0.03384666
416	C	-0.119	0.03352106
417	G	-0.215	0.05804409
418	G	0.162	0.07852738
419	G	0.222	0.09970377
420	G	0.041	0.1079801
421	C	0.428	0.1179816
422	C	0.272	0.1295686
423	T	0.319	0.1241562
424	G	0.130	0.1283554
425	G	-0.254	0.116483
426	A	0.507	0.1024383
427	G	-0.409	0.1014915
428	A	-0.470	0.08887861
429	A	-0.310	0.08950758
430	T	-0.051	0.08804639
431	T	-0.052	0.09728635
432	C	0.291	0.1186452
433	A	0.292	0.1389503
434	G	0.355	0.1379464
435	G	0.139	0.1368147
436	G	0.381	0.1226064
437	C	0.359	0.1043172
438	A	0.161	0.1064069
439	G	0.412	0.08761269
440	T	-0.078	0.09272005
441	G	-0.204	0.1023534
442	G	0.112	0.08931782
443	G	-0.084	0.1009145
444	A	0.122	0.1210379
445	G	0.148	0.1237292
446	G	0.404	0.1125029
447	C	0.543	0.1175783
448	T	0.413	0.1150284
449	T	0.131	0.1023959
450	C	0.187	0.09751767
451	G	-0.398	0.0973227
452	G	-0.138	0.09895928
453	G	0.337	0.09737764
454	T	-0.263	0.1057315
455	T	0.288	0.0932706
456	T	0.044	0.08310259
457	G	0.103	0.07762417
458	T	-0.049	0.05981792
459	G	0.153	0.07476006
460	G	-0.227	0.06981839
461	G	-0.399	0.08066688
462	A	0.104	0.07519255
463	G	0.212	0.05834332
464	G	-0.099	0.04499477
465	G	0.203	0.04912448
466	A	0.133	0.04757696
467	G	0.432	0.05512835
468	G	0.310	0.07085067
469	G	0.419	0.06160368
470	G	0.026	0.06515659
471	A	-0.393	0.06768217
472	A	-0.374	0.07690391
473	A	-0.439	0.08006836
474	C	0.378	0.08519542
475	A	-0.030	0.07711275
476	C	0.485	0.06718881
477	T	0.234	0.07199884
478	T	0.020	0.0811481
479	G	0	0.08787026
 480	G	0.259	0.1041072
481	G	0.139	0.1060221
482	A	-0.164	0.1117863
483	T	0.348	0.111367
484	T	0.050	0.09759757
485	G	-0.152	0.06798073
486	G	0.367	0.08255263
487	C	0.330	0.08943079
488	C	0.201	0.1010413
489	A	0.109	0.12979
490	T	-0.097	0.1310148
491	T	-0.535	0.1410384
492	A	-0.250	0.1363502
493	C	0.388	0.1429964
494	C	0.421	0.1587645
495	A	0.403	0.1723207
496	G	0.263	0.1496798
497	G	0.312	0.1321403
498	C	0.419	0.1245207
499	A	-0.116	0.1090264
500	A	-0.498	0.108514
501	G	0.478	0.1160656
502	C	-0.180	0.1177409
503	A	-0.014	0.096596
504	T	0.452	0.07760481
505	C	0.416	0.0716757
506	C	0.279	0.08551798
507	A	0.339	0.1093779
508	G	0.440	0.1320729
509	C	0.509	0.1336832
510	T	0.420	0.1344742
511	A	-0.442	0.1250701
512	T	-0.404	0.1261508
513	T	-0.400	0.1248715
514	T	-0.131	0.09912085
515	A	0.034	0.09797359
516	C	0.081	0.1276219
517	C	0.419	0.1167228
518	A	-0.325	0.1222023
519	A	-0.387	0.120054
520	A	-0.074	0.1198903
521	C	0.331	0.1151751
522	A	0.204	0.1195128
523	C	0.453	0.1227609
524	C	0.438	0.1205444
525	T	0.445	0.1198269
526	T	0.112	0.09320053
527	C	0.296	0.111011
528	T	0.272	0.1370778
529	G	-0.379	0.162996
530	A	-0.152	0.1687948
531	C	0.420	0.1723492
532	C	0.140	0.1821784
533	T	-0.010	0.1607247
534	A	-0.081	0.160986
535	G	0.447	0.1760158
536	G	0.270	0.1862621
537	T	0.414	0.1887561
538	C	0.440	0.195698
539	C	0.371	0.1958788
540	T	0.487	0.1792453
541	T	-0.405	0.1587063
542	T	0.110	0.1680448
543	C	0.403	0.1599176
544	C	0.402	0.1418945
545	T	0.048	0.1661503
546	G	0.145	0.183472
547	C	0.385	0.1809212
548	A	-0.245	0.1908716
549	T	-0.317	0.1820164
550	T	0.078	0.1748529
551	T	0.242	0.1653626
552	C	0.409	0.1673325
553	C	0.419	0.1491496
554	C	0.458	0.145506
555	A	-0.077	0.1417068
556	C	-0.190	0.1297487
557	T	0.401	0.1428188
558	G	0.044	0.1406927
559	G	-0.285	0.1304686
560	A	0.372	0.1261021
561	G	0.384	0.131343
562	C	0.341	0.1401742
563	T	0.448	0.1298889
564	T	-0.284	0.1460833
565	G	-0.303	0.1621362
566	A	0.152	0.1659684
567	T	0.331	0.1550267
568	C	-0.149	0.135499
569	T	0.327	0.1229199
570	C	0.254	0.1118701
571	T	0.116	0.1152851
572	G	0	0.1214462
 573	G	0.044	0.1133497
574	T	0.086	0.09715731
575	T	0.267	0.0930816
576	C	0.210	0.0778965
577	C	0.418	0.06850299
578	A	0.067	0.05457098
579	G	0.256	0.04430915
580	G	0.180	0.06381469
581	T	0.197	0.06820956
582	G	-0.096	0.06048393
583	A	-0.196	0.03840709
584	A	0.029	0.04515997
585	C	0.116	0.03961281
586	T	0.028	0.02967007
587	T	0	0.03686923
 588	C	0.150	0.0518741
589	A	-0.457	0.03761579
590	A	-0.412	0.04441233
591	G	-0.097	0.04172578
592	T	0.093	0.04190268
593	C	-0.090	0.04414401
594	A	0.130	0.02630821
595	C	0.319	0.001352503
596	A	-0.167	0.0105075
597	G	-0.086	0.005451542
598	G	-0.352	0.001835774
599	G	0.060	0.01121286
600	A	0.155	0.0131118
601	C	-0.054	0.0102083
602	A	0.339	0.02438777
603	C	0.465	0.03951171
604	G	-0.397	0.04456455
605	T	0.297	0.05965521
606	G	0.183	0.07533385
607	G	0.216	0.06232689
608	T	0.488	0.05641357
609	T	-0.485	0.06125316
610	A	-0.517	0.06654304
611	C	0.464	0.04777816
612	A	0.040	0.05122959
613	A	-0.208	0.04179371
614	C	0.094	0.04773552
615	T	0.088	0.06017305
616	T	0.026	0.06676399
617	T	0.468	0.08020354
618	C	0.468	0.0750035
619	T	0.307	0.07410337
620	T	0.010	0.09753402
621	G	0.073	0.0962906
622	G	-0.501	0.105035
623	A	-0.089	0.1113958
624	A	0.060	0.08181547
625	G	0.294	0.08766205
626	G	-0.261	0.1134909
627	A	-0.060	0.09005325
628	G	-0.379	0.08280211
629	T	-0.168	0.08736082
630	G	0.445	0.08750454
631	C	0.359	0.07520725
632	A	0.362	0.07678353
633	G	0.178	0.0616824
634	T	0.437	0.03870688
635	T	0.328	0.01774633
636	T	0.258	0.01830712
637	C	0.455	0.02697919
638	T	0.413	0.0514549
639	T	-0.428	0.04787578
640	T	-0.304	0.04862291
641	G	0.283	0.04776395
642	G	-0.262	0.05938698
643	G	-0.184	0.06860934
644	A	-0.066	0.0824753
645	G	0.099	0.08301521
646	A	-0.292	0.07146475
647	T	0.075	0.07335911
648	G	0	0.0727174
 649	G	-0.243	0.07262008
650	A	-0.342	0.06863527
651	T	0.028	0.06430456
652	G	0.342	0.0611104
653	T	0.257	0.05081837
654	G	-0.200	0.02807921
655	T	0.083	0.04539646
656	G	0.268	0.06989511
657	T	0.098	0.07558888
658	G	0.225	0.09560679
659	G	0.050	0.1159916
660	G	-0.151	0.1290103
661	A	0.087	0.1390954
662	G	0.418	0.1577518
663	G	0.342	0.1673383
664	G	0.175	0.1802443
665	G	0.313	0.1975476
666	G	0.194	0.2247349
667	T	0.159	0.2282034
668	G	0.135	0.2014555
669	G	-0.291	0.1887554
670	A	0.108	0.2002555
671	G	0.454	0.2026126
672	G	0.459	0.2054512
673	G	0.358	0.2060139
674	T	0.447	0.1970943
675	C	0.336	0.2003235
676	G	0.411	0.1978902
677	T	0.285	0.1950641
678	G	0.372	0.1761369
679	G	0.400	0.1664526
680	G	0.293	0.171353
681	G	0.500	0.1754252
682	G	0.135	0.1780567
683	A	-0.486	0.1769803
684	A	-0.136	0.1704208
685	G	0.155	0.1880566
686	G	0.156	0.1909785
687	T	0.356	0.1786089
688	T	0.115	0.1645652
689	T	-0.050	0.1507758
690	G	0.150	0.138003
691	T	-0.227	0.140549
692	G	0	0.1276533
 693	T	-0.168	0.1279967
694	G	0.042	0.1146577
695	C	0.327	0.1038098
696	C	0.439	0.105721
697	T	0.275	0.09293284
698	G	0.126	0.07891609
699	T	-0.067	0.1065423
700	G	0.255	0.1070862
701	T	0.198	0.1002771
702	G	0.071	0.1091942
703	T	0.024	0.0919353
704	G	-0.069	0.09085957
705	C	0.051	0.1071108
706	T	0.415	0.1013148
707	G	0.011	0.1161037
708	C	0.296	0.1203555
709	A	-0.041	0.1402782
710	G	0.063	0.1465844
711	C	0.352	0.1432135
712	T	0.103	0.1364339
713	G	-0.298	0.1394701
714	C	0.370	0.1290597
715	T	-0.119	0.1435527
716	G	-0.055	0.1435744
717	T	0.432	0.1254672
718	G	-0.178	0.1312871
719	G	0.082	0.1426346
720	T	0.453	0.1564421
721	T	-0.028	0.168843
722	G	0.231	0.1581603
723	C	0.131	0.1655019
724	T	0.449	0.1731748
725	G	0.237	0.1745019
726	G	0.222	0.1630377
727	T	0.229	0.1493235
728	G	0.369	0.1427964
729	G	-0.196	0.1388743
730	T	0.381	0.1237011
731	G	0.255	0.133405
732	G	-0.362	0.1377933
733	C	0.251	0.1238362
734	G	0.376	0.1376542
735	G	0.358	0.136991
736	T	0.436	0.1101683
737	G	0.084	0.1070379
738	G	0.239	0.09639666
739	T	0.534	0.07979317
740	G	0	0.05306369
 741	A	-0.291	0.0377734
742	T	-0.072	0.03010611
743	G	-0.098	0.01923998
744	G	-0.420	-0.005901274
745	A	-0.100	0.005240629
746	T	0.181	-0.01393373
747	G	0.080	-0.01500995
748	G	0	0.002800081
 749	A	0.249	0.003555984
750	T	0.061	-0.002165952
751	G	-0.378	-0.003013952
752	A	-0.125	-0.002863468
753	A	-0.098	-0.01248774
754	T	-0.382	-0.02295311
755	A	-0.379	-0.03423118
756	G	-0.236	-0.04436973
757	A	-0.014	-0.04186305
758	T	-0.107	-0.04330512
759	G	-0.409	-0.05338758
760	A	0.149	-0.05082539
761	G	-0.212	-0.0599611
762	T	0.222	-0.06582074
763	G	0.189	-0.07597564
764	G	0.275	-0.08596702
765	G	0.198	-0.09600131
766	T	0.332	-0.1060194
767	G	0.440	-0.1041858
768	G	-0.213	-0.1061198
769	A	-0.084	-0.1025348
770	T	0.184	-0.0857339
771	G	-0.314	-0.07853961
772	A	-0.213	-0.07873313
773	A	-0.117	-0.08300881
774	T	-0.410	-0.0832431
775	A	-0.341	-0.07166219
776	A	-0.383	-0.07107854
777	T	0	-0.06534701
 778	G	-0.234	-0.06845365
779	A	-0.309	-0.07851762
780	G	-0.061	-0.09953417
781	T	-0.248	-0.1141401
782	A	-0.321	-0.1398933
783	G	-0.185	-0.1477611
784	A	0.012	-0.1338567
785	T	0.137	-0.1271913
786	G	-0.156	-0.1287631
787	G	-0.242	-0.1102719
788	A	-0.147	-0.09164493
789	A	-0.114	-0.07446932
790	G	-0.050	-0.07559277
791	G	0.167	-0.06522494
792	A	-0.034	-0.06267633
793	G	0.126	-0.05749894
794	G	-0.122	-0.04206872
795	A	-0.376	-0.02673552
796	G	-0.254	-0.03055159
797	G	-0.466	-0.03300856
798	T	0.196	-0.0123733
799	C	0.217	-0.01358263
800	T	0.121	-0.004581794
801	G	0.135	-0.002929374
802	G	0.258	-0.004368568
803	T	0.363	0.008604852
804	C	0.414	0.008539335
805	A	-0.445	0.01887614
806	G	-0.019	0.02846616
807	A	-0.304	0.03806878
808	G	0.160	0.05310992
809	C	0.244	0.03843579
810	A	0.165	0.02479766
811	G	-0.179	0.02608431
812	A	-0.324	0.03983679
813	G	0.318	0.0638285
814	G	-0.223	0.06320892
815	T	0.291	0.0659757
816	C	0.189	0.05652976
817	A	-0.200	0.05060369
818	G	0.160	0.04963773
819	A	-0.149	0.05299531
820	G	0.206	0.05523895
821	T	0.246	0.07285127
822	C	0.464	0.06701222
823	C	0.431	0.06503993
824	T	-0.328	0.04587919
825	A	-0.545	0.02075738
826	A	-0.336	0.01541558
827	G	0.172	0.01473016
828	G	0.277	0.0180778
829	C	0.177	-0.0008487129
830	C	0.302	0.004977997
831	A	-0.171	0.007115029
832	T	-0.047	0.0130839
833	C	0.228	0.03328167
834	C	0.467	0.02811913
835	T	0.484	0.04680645
836	G	0.100	0.03429093
837	T	-0.200	0.029795
838	A	-0.365	-0.002337261
839	G	-0.433	-0.000905229
840	A	-0.534	0.02336096
841	A	0	0.04669616
 842	G	-0.201	0.05045287
843	A	-0.221	0.05132758
844	T	-0.268	0.02533561
845	G	-0.042	0.004512384
846	G	0.357	0.009741965
847	T	0.374	0.01905713
848	C	0.425	0.03457742
849	T	0	0.04042461
 850	G	0.430	0.03995948
851	A	-0.181	0.03097971
852	A	0.107	0.0258106
853	G	-0.531	0.02194757
854	T	0.475	0.02580541
855	C	0.423	0.03318093
856	T	0.178	0.03578028
857	T	-0.219	0.02674831
858	T	0.199	0.03676657
859	G	-0.528	0.05190473
860	A	-0.467	0.0741377
861	G	0.464	0.07767187
862	C	0.117	0.06803861
863	T	0.433	0.05015039
864	C	0.410	0.03741745
865	C	0.453	0.04863938
866	C	0.206	0.04011825
867	A	-0.060	0.04957577
868	G	-0.320	0.03313799
869	A	-0.246	0.05655157
870	G	-0.204	0.05316825
871	A	-0.453	0.04520693
872	A	-0.279	0.03504735
873	G	0.109	0.03565812
874	C	0.248	0.03148871
875	T	0.420	0.06260009
876	T	0.066	0.0909398
877	T	0.058	0.09218677
878	T	-0.180	0.09832925
879	G	0.030	0.07166151
880	G	0.347	0.04160048
881	G	0.165	0.01041432
882	A	0.111	0.01382803
883	G	-0.402	0.01052607
884	T	0.194	0.01944283
885	C	0.370	0.03164228
886	C	0.176	0.05039938
887	A	-0.136	0.07131745
888	G	-0.201	0.08157815
889	A	0.070	0.08084667
890	T	0.436	0.06998574
891	G	0.410	0.05641858
892	C	0.503	0.03914086
893	T	0.308	0.05196002
894	T	-0.393	0.0720048
895	A	-0.521	0.06367555
896	A	-0.513	0.06654861
897	G	0.311	0.05447006
898	T	-0.162	0.04536571
899	G	-0.043	0.05562832
900	T	0.132	0.05518296
901	G	0.376	0.04874293
902	C	0.194	0.04988132
903	A	0.038	0.06786948
904	C	0.086	0.08483525
905	A	-0.088	0.09666015
906	G	0	0.09565602
 907	A	-0.468	0.0951218
908	G	0.456	0.08054805
909	G	0.441	0.07127952
910	G	-0.227	0.07388139
911	T	0.436	0.0760793
912	T	-0.208	0.1001238
913	G	-0.170	0.09890368
914	T	-0.083	0.114887
915	C	0.180	0.1295123
916	T	0.171	0.1217662
917	C	0.211	0.1109716
918	C	0.420	0.09777522
919	C	0.324	0.08786662
920	C	0.436	0.07069209
921	C	0.405	0.08275031
922	T	0.394	0.0884478
923	G	0.051	0.1170001
924	G	0.020	0.1174229
925	G	-0.312	0.1174765
926	A	-0.453	0.1090675
927	A	0.231	0.1011436
928	G	0.274	0.09279289
929	G	0.333	0.111462
930	G	0.409	0.124328
931	A	-0.108	0.1248125
932	T	0.041	0.1143273
933	G	-0.214	0.1152014
934	G	-0.269	0.1157669
935	A	-0.445	0.1200122
936	T	0.285	0.1213929
937	C	0.176	0.09685274
938	C	0.416	0.07521109
939	C	0.469	0.05675671
940	T	0.442	0.04429659
941	G	-0.488	0.04665546
942	T	0.191	0.07091675
943	T	-0.467	0.07641824
944	C	0.407	0.07880033
945	T	0.314	0.07693633
946	C	0.195	0.06973198
947	T	-0.153	0.0732172
948	G	0.238	0.06087265
949	C	0.438	0.06779439
950	C	0.456	0.07866279
951	C	0.479	0.09517667
952	A	-0.355	0.08638556
953	G	-0.276	0.09210995
954	A	-0.520	0.09055082
955	A	-0.365	0.08189249
956	G	-0.239	0.06192949
957	G	0.298	0.06414972
958	C	0.402	0.04811624
959	T	0.347	0.06613215
960	G	0.275	0.06210598
961	G	0.186	0.06593766
962	G	0	0.06614344
 963	G	-0.340	0.07312802
964	A	0	0.05758015
 965	T	0.067	0.05162105
966	G	0.066	0.05119028
967	G	0.012	0.04918092
968	G	0.354	0.07516015
969	C	0.368	0.0885747
970	T	0.201	0.1043688
971	T	-0.176	0.1102187
972	A	-0.419	0.1221645
973	G	-0.305	0.1241185
974	T	0.091	0.1237974
975	T	0.283	0.1252095
976	C	0.433	0.1081898
977	C	0.202	0.10002
978	T	0.062	0.113986
979	A	-0.243	0.1357202
980	G	0.253	0.1421092
981	C	0.443	0.1480305
982	C	0.417	0.1471156
983	C	0.449	0.1365895
984	C	0.139	0.1171871
985	G	-0.030	0.1118693
986	A	-0.184	0.1131906
987	G	0.130	0.125877
988	G	0.359	0.1408749
989	G	0.392	0.1448585
990	T	0.391	0.1307902
991	G	-0.252	0.1060318
992	G	-0.067	0.09464559
993	C	0.432	0.08689368
994	C	0.333	0.09387052
995	T	0.198	0.1141153
996	G	0.251	0.117735
997	T	0.037	0.1129108
998	G	-0.313	0.09064765
999	T	-0.247	0.08033781
1000	A	0.203	0.07906243
1001	T	0.242	0.08387925
1002	C	0.217	0.09148732
1003	T	0.045	0.07251667
1004	G	-0.182	0.07192877
1005	A	-0.345	0.07362803
1006	A	-0.484	0.06632651
1007	G	0.080	0.07675226
1008	G	-0.038	0.0720357
1009	G	0.279	0.06953896
1010	C	0.384	0.07211902
1011	C	0.365	0.07940957
1012	T	0.293	0.08452435
1013	G	-0.272	0.09755581
1014	A	0.130	0.1214403
1015	C	0.099	0.1406709
1016	C	0.118	0.1470337
1017	A	0.051	0.1510912
1018	C	-0.457	0.1471509
1019	A	0.340	0.136249
1020	C	0.445	0.1530332
1021	C	0.165	0.1701513
1022	T	0.070	0.1992316
1023	G	-0.213	0.2104775
1024	A	0.355	0.2232027
1025	G	0.413	0.2284355
1026	C	0.424	0.2150195
1027	C	0.409	0.1932249
1028	C	0.441	0.1944901
1029	T	0.426	0.2172804
1030	C	0.348	0.2226077
1031	C	0.400	0.2247127
1032	C	0.367	0.2081957
1033	C	0.094	0.2206553
1034	A	-0.292	0.2447866
1035	T	0.338	0.2331306
1036	C	0.185	0.2065616
1037	C	0.416	0.1840439
1038	C	0.429	0.1757044
1039	C	0.356	0.1909712
1040	T	0.441	0.1929498
1041	C	-0.031	0.1913482
1042	A	-0.309	0.1866414
1043	C	0.332	0.1828246
1044	C	0.433	0.1728194
1045	G	0.295	0.1586007
1046	T	0.164	0.1606062
1047	G	-0.393	0.157203
1048	G	0.437	0.1576433
1049	T	0.290	0.1671915
1050	G	-0.020	0.1824607
1051	T	-0.378	0.182785
1052	T	-0.532	0.1867599
1053	A	-0.187	0.1860831
1054	C	0.259	0.1833301
1055	C	0.416	0.1813099
1056	C	0.363	0.1808167
1057	C	0.278	0.1986429
1058	C	0.291	0.2155633
1059	A	0.131	0.2060437
1060	G	-0.013	0.186733
1061	C	0.410	0.1853643
1062	C	0.294	0.1910538
1063	C	0.381	0.2098511
1064	T	0.390	0.2075388
1065	C	0.180	0.2117882
1066	C	0.348	0.2206929
1067	C	0.308	0.2447317
1068	C	0.396	0.2550234
1069	G	0.343	0.2728666
1070	C	0.293	0.2794268
1071	C	0.426	0.2731074
1072	C	0.521	0.2622164
1073	G	0.214	0.2483599
1074	T	0.037	0.2529492
1075	A	-0.165	0.2638417
1076	C	0.253	0.2527542
1077	C	0.341	0.22338
1078	C	0.189	0.2060432
1079	C	0.366	0.1845413
1080	A	0.422	0.1707388
1081	C	0.255	0.1682731
1082	C	0.366	0.1605459
1083	A	-0.213	0.1636468
1084	C	0.365	0.1568066
1085	C	0.463	0.1592181
1086	A	0.220	0.1464935
1087	A	0.025	0.142759
1088	C	-0.151	0.1314981
1089	T	0.433	0.130428
1090	C	0.469	0.1419021
1091	A	-0.357	0.1603857
1092	T	-0.499	0.161707
1093	T	-0.242	0.1653555
1094	C	-0.285	0.1727516
1095	A	-0.036	0.1749476
1096	T	0.104	0.175342
1097	C	0.108	0.1816273
1098	T	0.404	0.1697997
1099	T	0.183	0.1721796
1100	G	0.418	0.14386
1101	G	-0.100	0.1258244
1102	G	0.310	0.1217353
1103	C	0.172	0.1352144
1104	T	0.181	0.1557356
1105	C	0.393	0.1547697
1106	T	0.407	0.1455802
1107	C	0.293	0.1430186
1108	C	0.454	0.1624568
1109	C	0.418	0.1834972
1110	T	0.434	0.2048822
1111	C	0.434	0.219073
1112	C	0.450	0.202405
1113	C	0	0.1859336
 1114	A	-0.139	0.1770926
1115	A	-0.512	0.1601833
1116	G	-0.095	0.1497942
1117	A	0.094	0.1549063
1118	G	0.443	0.159196
1119	C	0.484	0.1592681
1120	T	0.403	0.1639412
1121	T	0.184	0.1553764
1122	T	-0.436	0.1458756
1123	A	0.102	0.1417245
1124	T	0.409	0.1411269
1125	C	0.377	0.1351954
1126	T	0.403	0.1090525
1127	T	-0.412	0.08178844
1128	G	-0.402	0.07178125
1129	A	0.130	0.08546273
1130	A	-0.340	0.09846031
1131	C	0.096	0.1279236
1132	A	0.057	0.1404416
1133	C	0.443	0.1334515
1134	T	0.174	0.1136559
1135	G	0.326	0.08762485
1136	G	0.127	0.06045275
1137	T	0.113	0.03804588
1138	T	0.165	0.03636262
1139	C	0.435	0.03671814
1140	C	0.234	0.03329053
1141	A	-0.376	0.03363695
1142	A	-0.410	0.03505704
1143	G	0.140	0.05989646
1144	T	0.424	0.08884688
1145	C	0.263	0.08738827
1146	A	0.400	0.08944495
1147	G	0.292	0.07790029
1148	G	-0.122	0.05981323
1149	A	-0.170	0.03832791
1150	G	-0.322	0.01962059
1151	A	-0.438	0.005524619
1152	A	-0.510	-0.007672994
1153	A	-0.489	-0.01787412
1154	C	0.113	-0.0372589
1155	C	0.303	-0.04417767
1156	A	0.388	-0.04852678
1157	T	0.447	-0.02648333
1158	C	0.357	0.001169539
1159	C	0.495	0.003431119
1160	T	0.085	-0.005569816
1161	T	-0.276	-0.01405372
1162	A	-0.261	-0.01369904
1163	A	-0.502	-0.03153482
1164	T	-0.222	-0.02335214
1165	G	-0.405	-0.007651074
1166	G	-0.110	0.01700209
1167	A	-0.281	0.03886667
1168	G	-0.202	0.056321
1169	A	-0.435	0.07798694
1170	T	0.221	0.06422061
1171	G	0.099	0.06054145
1172	T	0.307	0.04035365
1173	C	0.446	0.01650168
1174	A	0.210	-0.003128968
1175	C	0.145	-0.03091319
1176	A	0	-0.04051197
 1177	C	0.411	-0.02685749
1178	G	-0.260	-0.01843059
1179	T	0.131	0.005333348
1180	C	0.316	0.01871399
1181	C	0.442	0.03179432
1182	T	0.239	0.04288751
1183	G	0.030	0.04470419
1184	G	0.182	0.06199099
1185	G	-0.312	0.08822496
1186	C	0.189	0.09660322
1187	A	-0.237	0.1007726
1188	A	-0.292	0.08176001
1189	A	-0.250	0.05950265
1190	T	-0.365	0.05878978
1191	G	-0.211	0.05952153
1192	G	0.146	0.06838275
1193	A	0	0.05825964
 1194	G	0.233	0.07846638
1195	C	0.191	0.08642912
1196	A	0	0.08217193
 1197	G	0.233	0.08070328
1198	A	-0.224	0.08498683
1199	G	0.333	0.08222328
1200	G	0.377	0.06848809
1201	C	0.481	0.08971045
1202	T	0.229	0.09505551
1203	A	-0.282	0.1159854
1204	G	-0.243	0.1403669
1205	G	0.188	0.151644
1206	T	0.167	0.161597
1207	G	0.274	0.1713566
1208	A	0.098	0.1710681
1209	C	0.365	0.1727978
1210	C	0.378	0.1763613
1211	T	0.184	0.1607634
1212	C	0.396	0.1567444
1213	T	0.372	0.1325693
1214	G	-0.054	0.1333973
1215	T	-0.243	0.1122923
1216	G	0.345	0.09501907
1217	C	0.355	0.08199532
1218	C	0.411	0.07886338
1219	C	0.463	0.101566
1220	T	0.098	0.123108
1221	G	-0.057	0.1286676
1222	T	0.090	0.1282662
1223	T	0.137	0.1324287
1224	G	0.053	0.1430469
1225	T	0.344	0.1457059
1226	G	-0.291	0.1196487
1227	T	-0.124	0.1056032
1228	A	-0.516	0.08270285
1229	T	-0.199	0.08328082
1230	A	-0.321	0.09770426
1231	G	-0.157	0.1204608
1232	G	0.077	0.1088509
1233	G	0.132	0.104257
1234	C	0.421	0.1037395
1235	C	0.424	0.09658084
1236	G	0.360	0.10561
1237	G	0.155	0.1229284
1238	G	0.403	0.1339011
1239	C	0.427	0.1367455
1240	C	0.448	0.1458051
1241	A	-0.429	0.1503082
1242	T	-0.250	0.1553029
1243	A	-0.313	0.1725031
1244	C	0.390	0.2034813
1245	C	0.392	0.2193783
1246	T	0.462	0.2415602
1247	G	-0.014	0.2635484
1248	A	0.212	0.261446
1249	C	0.395	0.2413941
1250	T	0.241	0.2205333
1251	C	0.378	0.2138119
1252	C	0.479	0.209476
1253	C	0.430	0.218686
1254	T	0.226	0.2188465
1255	C	0.334	0.2161851
1256	G	0.483	0.2152502
1257	G	-0.136	0.2418462
1258	A	0.408	0.2570286
1259	C	0.444	0.2543912
1260	C	0.293	0.2297876
1261	T	0.366	0.2102032
1262	C	0.523	0.1879356
1263	T	0.012	0.1998713
1264	A	-0.489	0.2024341
1265	T	-0.225	0.1883385
1266	G	0.216	0.1882555
1267	T	0.226	0.1909628
1268	C	0.440	0.1896605
1269	C	0.408	0.1819929
1270	A	0.344	0.1860337
1271	C	0.419	0.1818408
1272	C	0.394	0.161814
1273	T	0.219	0.1596144
1274	C	-0.395	0.1497827
1275	A	-0.372	0.1498788
1276	A	-0.214	0.1496663
1277	T	-0.228	0.1281949
1278	C	0.355	0.1048761
1279	G	0.292	0.112891
1280	G	-0.041	0.1429562
1281	T	0.238	0.1579859
1282	C	0.462	0.1531796
1283	T	0.439	0.1585904
1284	T	0.193	0.1594646
1285	C	0.351	0.1503921
1286	C	0.204	0.1517652
1287	T	-0.136	0.1344337
1288	A	-0.204	0.1099605
1289	G	0.103	0.08624154
1290	T	0.447	0.09068025
1291	C	0.287	0.111637
1292	C	-0.299	0.1065753
1293	A	-0.199	0.1099469
1294	G	0.260	0.08959437
1295	T	0.442	0.09476373
1296	G	0.240	0.1082619
1297	G	0.067	0.1156697
1298	C	0.393	0.1127746
1299	T	0.467	0.1132415
1300	C	0.127	0.1013819
1301	T	0.387	0.09626986
1302	C	-0.118	0.09140505
1303	A	-0.363	0.08621711
1304	A	-0.515	0.1005058
1305	A	-0.257	0.103325
1306	C	0.277	0.08697795
1307	A	-0.371	0.09137811
1308	A	-0.123	0.1070376
1309	C	-0.275	0.1098847
1310	T	0.452	0.0965336
1311	T	0.377	0.06625482
1312	C	0.468	0.05590684
1313	C	0.372	0.06116101
1314	T	0.453	0.06075565
1315	C	-0.174	0.04362543
1316	A	0.192	0.04700262
1317	T	0.053	0.05177826
1318	C	-0.297	0.05820438
1319	T	0.238	0.06488622
1320	C	0.191	0.09444086
1321	G	-0.059	0.09612386
1322	T	0.423	0.0770997
1323	G	0.186	0.07817447
1324	G	-0.110	0.06747438
1325	A	-0.153	0.05955509
1326	G	-0.496	0.03805041
1327	A	-0.079	0.01166396
1328	C	0.230	-0.009060268
1329	C	0.381	-0.03440669
1330	A	-0.063	-0.0533824
1331	C	0.232	-0.03922191
1332	C	0.535	-0.03560656
1333	G	0.081	-0.02884467
1334	A	-0.156	-0.02998755
1335	C	0.400	-0.03362171
1336	A	-0.205	-0.02751951
1337	G	-0.312	-0.01155577
1338	T	-0.338	-0.01148497
1339	A	-0.455	-0.007031935
1340	A	-0.521	-0.001743594
1341	A	-0.214	-0.01248663
1342	A	-0.440	-0.0075294
1343	G	-0.173	-0.0007784161
1344	G	-0.412	0.00181281
1345	A	-0.134	0.004221003
1346	T	0.264	0.02060704
1347	C	0.304	0.02744291
1348	T	0.263	0.002569068
1349	A	-0.333	-0.01160188
1350	G	0.125	-0.01988637
1351	T	0.380	-0.03884121
1352	C	0.435	-0.03887482
1353	T	0.425	-0.03540027
1354	C	0.324	-0.02088453
1355	T	0.053	-0.01444966
1356	A	-0.486	-0.001698077
1357	T	-0.342	0.002693145
1358	T	0.129	0.02490285
1359	T	0.310	0.04109311
1360	C	0.456	0.06090185
1361	C	0.444	0.07682047
1362	T	0.444	0.07677582
1363	C	-0.235	0.07173018
1364	A	-0.358	0.07390098
1365	A	-0.413	0.09707724
1366	T	-0.186	0.08770498
1367	G	-0.206	0.07486411
1368	T	-0.204	0.04816533
1369	G	0.111	0.02789546
1370	A	-0.255	0.00728759
1371	C	-0.125	-0.006099977
1372	G	-0.078	-0.00270401
1373	T	0.247	0.01315096
1374	T	0.328	0.001087668
1375	G	0.201	-0.008146635
1376	C	0.358	-0.01635257
1377	C	0.263	-0.02541386
1378	A	0.148	-0.04223397
1379	C	0.330	-0.03232574
1380	T	0.385	-0.02189509
1381	G	-0.165	-0.003534571
1382	T	-0.017	0.002488784
1383	T	-0.392	0.01658527
1384	G	-0.202	0.02453387
1385	A	-0.314	0.01875743
1386	G	-0.361	0.02975255
1387	A	-0.380	0.03810723
1388	T	0.149	0.0545242
1389	G	-0.244	0.05365485
1390	G	0.024	0.05228772
1391	G	0.201	0.05867349
1392	T	0.163	0.05305068
1393	T	-0.077	0.02991791
1394	G	0.071	0.03583055
1395	T	-0.034	0.01991536
1396	G	0.155	-0.009167574
1397	C	0	0.0007231677
 1398	A	0.230	0.009810561
1399	C	0.041	0.03386414
1400	A	-0.067	0.04377046
1401	T	0.085	0.06894314
1402	G	0.133	0.07189575
1403	T	0.430	0.08167391
1404	C	0.220	0.08609543
1405	C	0.285	0.08689453
1406	C	0.399	0.09706351
1407	T	0.184	0.08858609
1408	G	-0.454	0.08089116
1409	T	0.331	0.07822078
1410	T	-0.162	0.08426401
1411	T	-0.516	0.08932552
1412	T	0.141	0.09380377
1413	C	0.264	0.08845216
1414	C	0.353	0.08712787
1415	G	0.104	0.0971073
1416	T	0.465	0.1085109
1417	T	-0.270	0.1192589
1418	G	-0.077	0.1287512
1419	T	0.286	0.1175796
1420	C	-0.219	0.1008104
1421	T	0.339	0.08785584
1422	G	-0.061	0.0615018
1423	G	-0.074	0.04828013
1424	T	-0.160	0.04623467
1425	G	0.258	0.0175608
1426	G	0.122	0.01541316
1427	T	0.294	0.04260955
1428	G	-0.165	0.04999287
1429	G	0.189	0.05450155
1430	C	0.350	0.05765706
1431	C	0.286	0.07027287
1432	C	0.418	0.06648235
1433	C	0.427	0.06963709
1434	G	0.084	0.08426403
1435	G	-0.299	0.08795045
1436	T	-0.115	0.100256
1437	G	-0.417	0.1022124
1438	A	-0.225	0.118788
1439	A	-0.517	0.1350739
1440	A	-0.557	0.1531768
1441	G	-0.229	0.1414987
1442	G	0.326	0.1333709
1443	G	0.370	0.114742
1444	T	0.403	0.1109277
1445	C	0.451	0.08989238
1446	C	0.495	0.06382135
1447	T	0.348	0.06300051
1448	T	-0.172	0.04841835
1449	C	0.375	0.04855786
1450	C	0.400	0.05320587
1451	A	0.161	0.0752381
1452	C	0.399	0.08838897
1453	C	0.452	0.1153105
1454	C	0.430	0.1323081
1455	A	0.401	0.1598521
1456	C	-0.103	0.1847358
1457	A	-0.129	0.1957787
1458	G	-0.283	0.1920597
1459	G	-0.284	0.1748353
1460	A	-0.462	0.1549041
1461	G	-0.457	0.1498914
1462	G	0.260	0.1477036
1463	G	-0.033	0.1502063
1464	G	0.431	0.1635426
1465	T	0.228	0.163319
1466	G	0.383	0.1479616
1467	G	0.291	0.1568281
1468	C	0.416	0.1578075
1469	A	0.301	0.1556855
1470	C	0.336	0.1476529
1471	T	0.214	0.1414385
1472	G	0.112	0.1476746
1473	T	0.211	0.1388787
1474	T	-0.163	0.1465225
1475	G	-0.214	0.1677506
1476	C	0.295	0.1913226
1477	C	0.427	0.2198458
1478	C	0.425	0.221007
1479	T	0.240	0.2347731
1480	G	0.368	0.219455
1481	G	-0.075	0.2160874
1482	G	0.436	0.2083153
1483	C	0.430	0.1961442
1484	C	0.386	0.1879317
1485	C	0.181	0.187269
1486	T	0.208	0.1816029
1487	T	0.090	0.1777078
1488	G	-0.402	0.1762846
1489	A	-0.046	0.1732146
1490	G	0.373	0.1913682
1491	C	0.268	0.1982733
1492	A	0.426	0.1857904
1493	C	0.296	0.1582022
1494	T	0.392	0.1478722
1495	G	-0.043	0.1301529
1496	T	0.124	0.1247237
1497	T	0.142	0.1401349
1498	T	-0.085	0.1385988
1499	C	0.162	0.1374677
1500	C	0.281	0.1424598
1501	C	0.160	0.133914
1502	A	0.093	0.1214131
1503	G	0.068	0.1105983
1504	C	0.116	0.1329188
1505	C	0.399	0.1264092
1506	A	0	0.1006783
 1507	G	-0.091	0.08495555
1508	A	-0.427	0.05830039
1509	G	0.105	0.03762714
1510	G	-0.308	0.00911149
1511	T	0.200	-0.006533787
1512	A	0.402	-0.01470437
1513	C	0.388	-0.02304527
1514	C	0.395	-0.02952745
1515	C	0.541	-0.02000974
1516	A	-0.083	-0.02267225
1517	A	-0.179	-0.02664925
1518	T	-0.245	-0.02601048
1519	T	0.289	-0.02706169
1520	T	-0.247	-0.0166745
1521	T	-0.423	-0.02619769
1522	A	-0.219	-0.03094795
1523	A	-0.399	-0.02594588
1524	G	-0.344	0.002434632
1525	A	-0.491	0.01359418
1526	A	-0.528	0.03764776
1527	A	-0.129	0.04391592
1528	G	-0.115	0.03902737
1529	A	-0.286	0.01732492
1530	G	0.457	-0.005657852
1531	G	0.198	-0.03294546
1532	T	0.037	-0.04574325
1533	C	0.113	-0.05734373
1534	A	0.036	-0.05510673
1535	C	0.438	-0.06860815
1536	A	0.103	-0.06493535
1537	G	-0.147	-0.04466947
1538	G	0.063	-0.02791918
1539	T	0.452	-0.005493926
1540	A	0.451	0.01509511
1541	C	0.437	0.0330671
1542	T	0.394	0.05909068
1543	T	0.250	0.05440849
1544	T	-0.283	0.04957945
1545	G	-0.317	0.05098423
1546	T	-0.304	0.02738716
1547	A	-0.480	0.009484487
1548	A	-0.538	-0.004427768
1549	A	-0.175	-0.02088109
1550	G	-0.129	-0.01479451
1551	A	-0.134	-0.0297989
1552	G	0.204	-0.02174283
1553	C	0.300	-0.00563951
1554	T	0.295	0.003408894
1555	T	0.294	9.747419e-05
1556	C	0.066	0.001719603
1557	T	0.278	-0.01456056
1558	A	-0.274	-0.03731817
1559	T	-0.265	-0.0489385
1560	G	-0.242	-0.03281263
1561	T	-0.274	-0.009591239
1562	A	-0.356	-0.01505695
1563	A	-0.393	0.001861626
1564	A	-0.396	0.03406946
1565	C	0.224	0.03332714
1566	A	-0.026	0.05174772
1567	C	0.353	0.07193221
1568	G	0.351	0.05351992
1569	C	0.344	0.03826559
1570	C	0.349	0.01759266
1571	T	0.501	-0.003898955
1572	G	-0.067	-0.02090508
1573	A	-0.310	-0.01728621
1574	A	-0.109	0.005528148
1575	G	0.216	0.02496589
1576	C	0.402	0.04549918
1577	A	-0.473	0.05803173
1578	T	0.044	0.06392266
1579	T	0.459	0.07376434
1580	G	-0.198	0.09627747
1581	T	0.441	0.09777141
1582	G	0.491	0.1091272
1583	G	-0.366	0.108266
1584	T	-0.172	0.09976235
1585	A	-0.345	0.08245586
1586	T	-0.372	0.07632048
1587	A	-0.461	0.04508393
1588	C	0.390	0.04507567
1589	C	0.433	0.04608203
1590	C	0.337	0.03556361
1591	G	0.393	0.01831806
1592	T	0.114	0.0142778
1593	G	-0.173	0.04597603
1594	A	-0.088	0.04645126
1595	C	0.301	0.0398803
1596	T	0.271	0.04771495
1597	G	0.325	0.02165185
1598	T	0.326	0.001666048
1599	G	0.088	0.001665435
1600	T	-0.192	0.008631258
1601	G	0.159	0.003142516
1602	A	-0.466	0.02498687
1603	A	-0.067	0.05507284
1604	T	-0.279	0.05239339
1605	G	-0.435	0.02798142
1606	A	-0.318	0.01383529
1607	T	0.277	0.01425077
1608	C	0.508	0.02036081
1609	A	0.058	0.03624839
1610	T	0.256	0.05131339
1611	C	0.044	0.05681645
1612	A	-0.366	0.04168519
1613	G	-0.127	0.01410229
1614	G	-0.366	-0.008930774
1615	A	0.043	-0.02041139
1616	A	-0.515	-0.004072906
1617	G	0.304	0.004550642
1618	C	0.471	0.03431132
1619	A	0.307	0.05078206
1620	T	-0.323	0.05457784
1621	T	-0.101	0.08222938
1622	T	0.406	0.1000408
1623	T	0.303	0.09355179
1624	C	0.318	0.0877665
1625	C	0.378	0.09359382
1626	C	0.471	0.1010164
1627	A	-0.197	0.10833
1628	A	-0.529	0.1041355
1629	A	-0.387	0.09476739
1630	G	-0.267	0.09108133
1631	T	0.314	0.0739657
1632	T	0.426	0.0899255
1633	C	0.456	0.08784237
1634	T	0.442	0.07028774
1635	G	-0.161	0.07347565
1636	C	0.421	0.09861568
1637	T	0.233	0.1120905
1638	G	0.076	0.08712413
1639	T	0.329	0.06201687
1640	G	0.239	0.03827061
1641	C	0.486	0.009323258
1642	T	0.270	-0.00626749
1643	T	-0.496	-0.003921877
1644	A	-0.418	0.01832038
1645	A	-0.480	0.02235883
1646	A	-0.487	0.01741809
1647	T	-0.020	0.003629606
1648	A	0.240	-0.003490974
1649	G	-0.072	-0.006662071
1650	G	0.406	-0.0093632
1651	C	0.455	0.009859348
1652	C	0.316	0.008578187
1653	T	-0.367	-0.006213394
1654	A	-0.474	0.001570426
1655	A	-0.417	-0.001633961
1656	A	-0.519	-0.002538735
1657	A	-0.011	-0.01091154
1658	T	-0.125	-0.01819115
1659	G	0.159	-0.008620729
1660	A	-0.261	-0.009784923
1661	G	-0.420	-0.007242729
1662	T	-0.113	0.0001182387
1663	T	0.205	0.01536656
1664	G	0.357	0.01923389
1665	C	0.359	0.03129832
1666	C	0.433	0.007808677
1667	T	0.381	-0.007252545
1668	G	-0.224	-0.01306364
1669	G	0.317	0.004001584
1670	T	0.230	0.01005878
1671	G	0.211	0.02726971
1672	T	0.226	0.04401475
1673	C	0.045	0.04743094
1674	A	-0.199	0.05091653
1675	A	-0.454	0.03161847
1676	G	-0.401	0.03190827
1677	A	-0.259	0.05633895
1678	C	0.452	0.07500085
1679	C	0.360	0.07366369
1680	A	0.301	0.05582621
1681	G	-0.321	0.03319353
1682	G	-0.011	0.02584021
1683	G	0.136	0.02188976
1684	A	0.161	0.0429975
1685	G	-0.286	0.04401031
1686	G	0.116	0.03916991
1687	T	0	0.04225504
 1688	G	0.094	0.04810739
1689	T	-0.017	0.06054467
1690	G	-0.438	0.07850348
1691	A	-0.252	0.1039133
1692	A	0.336	0.1265135
1693	C	0.465	0.1231562
1694	C	0.164	0.09717764
1695	A	-0.195	0.08725075
1696	A	-0.342	0.08167053
1697	G	0.205	0.1062661
1698	G	0.259	0.1205894
1699	C	0.429	0.1319946
1700	C	0.348	0.1295431
1701	A	0.080	0.1523235
1702	G	0.307	0.1470105
1703	C	0.407	0.1301745
1704	T	0.430	0.1104397
1705	C	0.357	0.09585421
1706	C	0.333	0.1132982
1707	T	0.298	0.1315118
1708	G	-0.363	0.1146766
1709	A	-0.353	0.0847805
1710	G	0.052	0.06415905
1711	T	0.128	0.07721743
1712	C	0.440	0.09469014
1713	C	0.432	0.09496314
1714	T	0.489	0.1005279
1715	G	0.085	0.09989353
1716	T	0.419	0.1054822
1717	T	-0.048	0.1138056
1718	G	-0.521	0.09488157
1719	A	-0.517	0.07330274
1720	A	-0.469	0.0613241
1721	G	0.102	0.04691278
1722	C	0.311	0.04977733
1723	A	-0.185	0.05324429
1724	G	-0.461	0.07854813
1725	A	-0.474	0.09601981
1726	T	0.209	0.09666289
1727	T	0.199	0.1063372
1728	C	0.214	0.08807883
1729	C	0.431	0.07211206
1730	T	0.409	0.06049822
1731	C	0.522	0.05773944
1732	T	0.338	0.05742128
1733	A	-0.279	0.07226041
1734	T	-0.260	0.1031265
1735	T	0.059	0.1296643
1736	G	-0.089	0.1590729
1737	C	0.422	0.1563647
1738	C	0.406	0.1533306
1739	T	0.421	0.1663573
1740	G	0.188	0.1964898
1741	G	0.072	0.2088795
1742	C	0.428	0.2176765
1743	A	-0.125	0.2027658
1744	G	-0.062	0.208083
1745	G	0.129	0.2051646
1746	G	0	0.1936108
 1747	C	0.409	0.1821595
1748	C	0.411	0.167711
1749	C	0.434	0.1713133
1750	C	0.305	0.172627
1751	T	0.442	0.172113
1752	G	0.018	0.181932
1753	G	0.217	0.1807979
1754	T	0.218	0.1814111
1755	G	0.472	0.1815391
1756	C	-0.090	0.1860524
1757	T	0.482	0.1964201
1758	T	-0.263	0.1757471
1759	G	0.379	0.1678221
1760	C	0.341	0.1811498
1761	A	0.051	0.1647201
1762	G	0.167	0.180607
1763	A	-0.109	0.1625988
1764	G	-0.167	0.1523214
1765	A	-0.220	0.136337
1766	T	0.043	0.1137754
1767	T	0.214	0.08635574
1768	C	0.386	0.08782659
1769	C	0.425	0.09034004
1770	C	0.424	0.09698836
1771	C	0.328	0.09557475
1772	C	0.393	0.1105516
1773	A	-0.212	0.104938
1774	A	-0.370	0.1262446
1775	C	0.350	0.1282428
1776	A	-0.379	0.1307661
1777	C	0.492	0.1330927
1778	A	-0.148	0.1413902
1779	A	0.092	0.1486135
1780	C	-0.060	0.1640936
1781	A	-0.394	0.1790342
1782	T	-0.407	0.1892168
1783	A	0.063	0.1959918
1784	G	0.295	0.198217
1785	C	0.424	0.1959911
1786	C	0.428	0.1918794
1787	C	0.373	0.178291
1788	C	0.308	0.1537653
1789	A	0.397	0.1539039
1790	C	0.441	0.1668351
1791	C	0.419	0.1680703
1792	C	0.123	0.1912866
1793	C	0.424	0.1903016
1794	A	0.114	0.198595
1795	C	0.311	0.2028838
1796	A	0.242	0.2161491
1797	C	0.359	0.2391978
1798	C	0.424	0.2674546
1799	C	0.455	0.254013
1800	C	0.356	0.2279822
1801	T	0.297	0.1988339
1802	C	-0.092	0.1957016
1803	A	-0.366	0.1963854
1804	A	-0.208	0.2015397
1805	C	0.029	0.2008174
1806	C	0.389	0.1965682
1807	C	0.340	0.1966297
1808	C	0.461	0.2020862
1809	A	0.108	0.1928742
1810	G	0.225	0.1842578
1811	T	0.350	0.1785573
1812	C	0.320	0.1624381
1813	T	0.468	0.1619842
1814	C	-0.352	0.1550832
1815	A	-0.511	0.1522057
1816	A	-0.478	0.1449863
1817	G	0.331	0.142103
1818	C	0.394	0.1516046
1819	C	0.468	0.1755107
1820	T	0.375	0.1873468
1821	T	0.309	0.197923
1822	C	0.421	0.1949359
1823	C	0.292	0.1974964
1824	A	0.138	0.1966816
1825	C	-0.152	0.2025805
1826	T	0.135	0.206675
1827	A	-0.256	0.209863
1828	C	0.345	0.2084932
1829	T	0.210	0.2028091
1830	C	0.366	0.2213803
1831	C	0.132	0.2369827
1832	A	0.208	0.2511968
1833	C	0.201	0.245929
1834	C	0.374	0.2413745
1835	A	0.158	0.2368645
1836	C	0.357	0.2345861
1837	T	0.296	0.235998
1838	C	0.419	0.2337864
1839	C	0.436	0.2312111
1840	A	0.291	0.2300948
1841	C	0.352	0.2510666
1842	C	0.449	0.2578493
1843	C	0.277	0.2565181
1844	A	0.292	0.2367819
1845	C	0.222	0.2224642
1846	C	-0.027	0.2111759
1847	A	-0.038	0.2036066
1848	T	0.168	0.2100747
1849	C	0.253	0.215819
1850	C	0.328	0.2127474
1851	C	0.304	0.2210905
1852	A	0.353	0.204941
1853	C	0.352	0.1986205
1854	C	0.212	0.2009036
1855	T	0.104	0.1909489
1856	C	0.497	0.1881619
1857	T	0.345	0.1890027
1858	A	-0.298	0.1759014
1859	T	-0.266	0.1810901
1860	G	-0.232	0.1872234
1861	G	0.016	0.1832644
1862	A	-0.102	0.1982423
1863	C	0.408	0.2059854
1864	C	0.379	0.2139546
1865	C	0.279	0.19634
1866	A	0.417	0.1736822
1867	G	-0.142	0.1495863
1868	T	0.100	0.1455465
1869	C	0.490	0.1345365
1870	A	0.128	0.1307367
1871	A	0.204	0.1340923
1872	C	0.378	0.1327615
1873	T	0.043	0.1366744
1874	C	0.438	0.152341
1875	T	0.482	0.1772622
1876	G	0.100	0.1958261
1877	T	0.436	0.18846
1878	C	0.201	0.1818041
1879	T	0.415	0.1508329
1880	T	-0.292	0.1456824
1881	T	-0.374	0.1434077
1882	A	-0.442	0.1393954
1883	C	0.228	0.1494928
1884	A	0.011	0.1441248
1885	G	0.095	0.1332198
1886	T	0.208	0.1417165
1887	C	0.456	0.1456828
1888	T	0.466	0.1413573
1889	G	0.187	0.1493001
1890	T	0.505	0.1448645
1891	C	0.342	0.1361271
1892	T	-0.211	0.1334733
1893	A	-0.308	0.1193889
1894	A	-0.551	0.125852
1895	G	0.220	0.126781
1896	G	0.208	0.1504628
1897	C	0.292	0.1499777
1898	C	0.170	0.1542408
1899	A	-0.065	0.1607317
1900	G	0.152	0.1630223
1901	C	0.391	0.1743495
1902	T	0.327	0.1823023
1903	C	0.244	0.1600914
1904	G	0.289	0.1346564
1905	G	0.301	0.1119849
1906	G	0.211	0.07795787
1907	A	0.017	0.05164316
1908	C	0	0.05846845
 1909	A	0.402	0.0638689
1910	C	0.444	0.09032193
1911	C	0.441	0.09409567
1912	A	-0.389	0.07478877
1913	C	-0.310	0.04984732
1914	A	0.429	0.04540615
1915	G	0.082	0.05978414
1916	G	0.446	0.06005556
1917	G	0.454	0.06124098
1918	T	-0.232	0.06127398
1919	T	-0.321	0.04628675
1920	A	-0.515	0.03805711
1921	A	-0.549	0.02540303
1922	A	-0.473	0.02460696
1923	G	0	0.0317714
 1924	G	-0.141	0.04181134
1925	A	0.268	0.04028079
1926	G	0.337	0.01741818
1927	G	-0.389	-0.009882855
1928	A	-0.480	0.006244242
1929	A	0.032	0.009756113
1930	G	0.379	0.003052177
1931	G	0.160	0.005374784
1932	C	0.428	0.002827623
1933	T	0.328	-0.003685926
1934	G	-0.219	0.01719498
1935	A	0.034	0.04107004
1936	G	-0.091	0.04444127
1937	T	0.186	0.06684562
1938	G	0.239	0.08545601
1939	T	0.311	0.08951153
1940	G	0.354	0.09915236
1941	G	-0.264	0.0904884
1942	A	-0.404	0.07611656
1943	A	0.110	0.09660865
1944	T	-0.201	0.1254397
1945	T	0.221	0.1369849
1946	G	0.154	0.1295516
1947	G	0.367	0.11871
1948	C	0.252	0.1076066
1949	T	0.414	0.0879816
1950	G	0.418	0.1022415
1951	G	-0.410	0.09822931
1952	G	0.145	0.114521
1953	A	0.103	0.1208648
1954	T	0.125	0.1278188
1955	G	0.157	0.1231895
1956	G	0	0.1092795
 1957	A	-0.108	0.1124571
1958	G	0.245	0.1418466
1959	G	0.413	0.1492202
1960	G	0.390	0.1521723
1961	G	0.149	0.1512002
1962	T	-0.175	0.1613741
1963	G	0.084	0.1595543
1964	T	-0.279	0.1632906
1965	G	0.222	0.1504244
1966	G	-0.089	0.1396188
1967	G	0.414	0.1504187
1968	C	0.383	0.139173
1969	C	0.455	0.14366
1970	C	0.167	0.1506619
1971	T	-0.076	0.1552376
1972	A	-0.165	0.1704273
1973	C	0.506	0.1864226
1974	T	0.339	0.1752165
1975	T	-0.110	0.165638
1976	T	0.191	0.1675395
1977	C	0.469	0.1714219
1978	C	0.310	0.1742325
1979	A	0.368	0.1591849
1980	C	0.015	0.1546893
1981	T	0.083	0.1385835
1982	T	-0.075	0.1241679
1983	T	-0.203	0.1014662
1984	T	0.242	0.09656846
1985	C	0.342	0.07941537
1986	C	0.299	0.08301424
1987	C	0.470	0.1015832
1988	T	0.387	0.1237484
1989	G	-0.101	0.1001063
1990	C	0.116	0.09025838
1991	G	0.449	0.08839138
1992	G	0.269	0.06998573
1993	G	-0.088	0.04211828
1994	A	-0.382	0.01629276
1995	T	-0.419	-0.009485139
1996	A	-0.277	-0.004269048
1997	A	-0.536	0.004056539
1998	A	-0.289	0.0100439
1999	C	0.231	0.02268123
2000	T	-0.076	0.01269345
2001	T	0.279	-0.007678716
2002	T	0.499	-0.01053546
2003	C	0.521	-0.02213191
2004	A	-0.226	-0.02178926
2005	T	0.034	-0.02018663
2006	T	-0.167	-0.03234363
2007	T	-0.379	-0.04562293
2008	A	-0.393	-0.04669522
2009	T	-0.489	-0.02973979
2010	A	-0.430	-0.00579831
2011	C	0.177	0.02226488
2012	G	0.341	0.0293494
2013	G	0.109	0.0443566
2014	G	0.188	0.03875512
2015	G	-0.066	0.03447591
2016	A	-0.288	0.04929039
2017	G	0.211	0.0286352
2018	G	0.111	0.003246845
2019	G	0.398	-0.02214674
2020	G	-0.052	-0.03075809
2021	G	-0.260	-0.0396367
2022	A	0.037	-0.0304318
2023	G	0.236	-0.008795316
2024	G	0.437	0.0008140032
2025	G	0.359	0.02020481
2026	G	0.450	0.03752842
2027	C	-0.057	0.03490287
2028	A	-0.071	0.03748578
2029	G	-0.463	0.03574147
2030	A	0.098	0.02561625
2031	G	0.383	0.03638909
2032	G	-0.361	0.04386376
2033	G	-0.287	0.04900576
2034	A	-0.265	0.05942995
2035	G	-0.493	0.06096518
2036	A	-0.241	0.06380281
2037	G	0.117	0.08488416
2038	G	0.291	0.06965185
2039	G	-0.096	0.05779211
2040	A	0.111	0.04620061
2041	G	0.106	0.04857361
2042	G	0.096	0.02998755
2043	G	0.421	0.04512406
2044	G	0.055	0.05549596
2045	A	-0.125	0.07888025
2046	G	0.267	0.08020932
2047	T	-0.057	0.08255155
2048	G	0.370	0.09086161
2049	G	0.434	0.09157758
2050	G	0.445	0.09822826
2051	G	0.035	0.1185738
2052	G	0.393	0.1399857
2053	A	-0.434	0.1500196
2054	A	-0.131	0.1464672
2055	G	0.077	0.1534816
2056	C	0.433	0.1603693
2057	A	-0.125	0.1482482
2058	T	0.411	0.1381894
2059	G	0.249	0.1295257
2060	T	0.261	0.1414125
2061	G	0.140	0.1537898
2062	C	0.455	0.1456806
2063	A	-0.103	0.1602975
2064	T	-0.265	0.1608667
2065	T	-0.059	0.1499566
2066	C	0.137	0.1346525
2067	C	0.422	0.1345297
2068	C	0.428	0.1337861
2069	T	0.181	0.1381835
2070	C	0.121	0.1556301
2071	T	0.325	0.1661479
2072	G	-0.269	0.1646595
2073	A	-0.215	0.1834149
2074	C	0.153	0.1691236
2075	C	0.424	0.1629943
2076	A	0.258	0.1449898
2077	G	0.015	0.1241202
2078	C	0.396	0.1169627
2079	T	0.388	0.1316069
2080	G	0.096	0.1544634
2081	A	-0.028	0.1700152
2082	G	0.032	0.1721582
2083	G	0.370	0.1664833
2084	G	-0.298	0.1415813
2085	T	0.409	0.1212899
2086	T	0.403	0.1039436
2087	C	0.387	0.07633439
2088	T	0.456	0.09548113
2089	C	-0.031	0.1148649
2090	T	0.059	0.1246191
2091	T	-0.296	0.1037354
2092	A	-0.506	0.09175394
2093	A	0.233	0.09246104
2094	C	0.350	0.07039926
2095	C	0.442	0.04554997
2096	C	0.422	0.02618044
2097	T	0.203	0.01110989
2098	G	0.246	-0.004311332
2099	G	-0.343	-0.02554062
2100	A	-0.447	-0.02635924
2101	A	-0.416	-0.0371034
2102	A	-0.530	-0.05298699
2103	A	0.324	-0.066805
2104	G	0.385	-0.09632219
2105	G	0.455	-0.1081001
2106	G	-0.223	-0.104389
2107	A	-0.113	-0.09836571
2108	A	0.037	-0.09056704
2109	A	-0.287	-0.1123523
2110	G	-0.382	-0.1338891
2111	A	-0.504	-0.1421097
2112	A	-0.496	-0.1447158
2113	A	-0.445	-0.1371774
2114	G	-0.288	-0.1323585
2115	A	-0.323	-0.1225952
2116	G	0.076	-0.112247
2117	C	-0.088	-0.1116756
2118	A	-0.041	-0.1087186
2119	A	-0.458	-0.1280521
2120	A	-0.396	-0.1558758
2121	G	0.174	-0.171746
2122	G	-0.109	-0.1521162
2123	A	-0.264	-0.1624222
2124	G	-0.441	-0.1612983
2125	A	-0.317	-0.1497585
2126	G	0.187	-0.1246704
2127	A	0.341	-0.1038751
2128	G	0.437	-0.08554763
2129	G	0.396	-0.06111514
2130	G	-0.040	-0.04406753
2131	A	-0.126	-0.01867301
2132	G	-0.398	-0.01138882
2133	A	-0.439	0.006419677
2134	A	-0.274	0.01750846
2135	A	-0.477	0.04726585
2136	T	-0.036	0.06981572
2137	C	0.385	0.07912762
2138	A	-0.432	0.09243211
2139	T	0.072	0.1159362
2140	A	0.069	0.1399417
2141	C	0.395	0.1651259
2142	A	0.140	0.1688235
2143	C	0.072	0.1727617
2144	A	0.311	0.1684133
2145	C	0.240	0.1705907
2146	A	0.463	0.1816669
2147	C	0.302	0.2007174
2148	A	0.463	0.2233369
2149	C	0.302	0.2524606
2150	A	0.463	0.2710884
2151	C	0.302	0.3014376
2152	A	0.463	0.3123753
2153	C	0.302	0.3149033
2154	A	0.463	0.3386153
2155	C	0.302	0.3512296
2156	A	0.463	0.3587352
2157	C	0.302	0.3609303
2158	A	0.463	0.3661576
2159	C	0.302	0.3787864
2160	A	0.463	0.3784987
2161	C	0.302	0.3856977
2162	A	0.463	0.3805023
2163	C	0.302	0.3856977
2164	A	0.463	0.3765964
2165	C	0.302	0.3728681
2166	A	0.463	0.3634049
2167	C	0.302	0.3631059
2168	A	0.463	0.3529406
2169	C	0.302	0.3258361
2170	A	0.463	0.3114756
2171	C	0.302	0.3139035
2172	A	0.463	0.3001147
2173	C	0.302	0.3028835
2174	A	0.463	0.3013367
2175	C	0.302	0.2986857
2176	A	0.463	0.2972369
2177	C	0.302	0.291358
2178	A	0.463	0.2780416
2179	C	0.181	0.2714001
2180	A	0.186	0.2591885
2181	C	0.170	0.2637888
2182	A	0.293	0.2624075
2183	C	0.148	0.2506567
2184	A	-0.537	0.2504527
2185	A	0.018	0.2536825
2186	G	0.377	0.2307573
2187	G	0.036	0.2077954
2188	C	0.388	0.1885443
2189	A	0.415	0.1639259
2190	C	0.220	0.1411687
2191	A	0.418	0.1452402
2192	C	0.120	0.1334233
2193	A	0.050	0.1384021
2194	C	0.096	0.1370208
2195	A	0.085	0.1291758
2196	C	0.445	0.1378956
2197	A	0.420	0.1453932
2198	G	-0.061	0.1279623
2199	G	0.457	0.1099704
2200	C	0.402	0.1230192
2201	A	-0.247	0.1075659
2202	A	-0.409	0.08757614
2203	A	-0.133	0.1002411
2204	C	-0.460	0.09085077
2205	A	-0.241	0.08615828
2206	C	0.428	0.09363615
2207	A	0.097	0.08767257
2208	C	0.456	0.09628445
2209	A	0.420	0.1079545
2210	G	-0.061	0.106004
2211	G	0.457	0.09227292
2212	C	0.402	0.06807386
2213	A	-0.247	0.06142092
2214	A	-0.409	0.06306232
2215	A	-0.133	0.05503122
2216	C	-0.460	0.03392099
2217	A	-0.241	0.0526728
2218	C	0.428	0.06834983
2219	A	0.097	0.07968634
2220	C	0.270	0.09798854
2221	A	0.452	0.1184677
2222	G	0.233	0.110305
2223	G	0.387	0.121251
2224	C	0.412	0.1201617
2225	A	0.036	0.1107857
2226	G	-0.340	-
2227	A	-0.304	-
2228	C	0.214	-
2229	A	-0.010	-
2230	G	0.208	-
2231	A	-0.251	-
2232	C	0.334	-
2233	A	0.076	-
2234	C	0.218	-
2235	A	0.106	-
2236	C	0.393	-
2237	A	0.175	-
2238	C	0.436	-
2239	G	0.423	-
2240	C	0.130	-
