1	G	0.020	-
2	G	0.398	-
3	C	0.270	-
4	G	-0.015	0.1246107
5	G	0.133	0.1507067
6	T	0.294	0.1541115
7	C	0.197	0.1662259
8	A	-0.303	0.1993292
9	G	0.229	0.201305
10	C	0.426	0.2256353
11	T	0.367	0.2440725
12	T	0.249	0.344391
13	C	0.149	0.369124
14	T	0.488	0.3414456
15	C	0.345	0.3066655
16	T	0.499	0.3228284
17	C	0.427	0.3176512
18	A	0.204	0.284976
19	C	0.089	0.2900514
20	T	0.378	0.2828997
21	G	0.108	0.2109254
22	G	0.227	0.2035342
23	T	0.386	0.2419729
24	C	0.441	0.2494135
25	T	-0.148	0.2266605
26	G	0.145	0.24924
27	C	0.397	0.2379065
28	C	0.437	0.1812029
29	G	-0.073	0.1950907
30	G	0.407	0.1480884
31	C	0.295	0.06164393
32	T	-0.011	-0.04338332
33	A	-0.037	-0.01123946
34	T	-0.230	-0.1157573
35	G	-0.294	-0.1854621
36	A	-0.402	-0.1698772
37	C	0.183	-0.1103437
38	G	-0.428	-0.08682433
39	A	-0.262	0.009384675
40	T	0.112	0.08928568
41	C	0.438	0.0539883
42	A	-0.042	0.06535592
43	C	0.475	0.1361237
44	C	0.236	0.0803233
45	T	-0.099	0.05482167
46	A	-0.337	0.1164869
47	C	0.303	0.1077998
48	A	-0.333	0.02553688
49	G	0.234	0.05359925
50	C	0.451	0.06880163
51	T	0.405	0.08565363
52	G	-0.421	0.1412424
53	C	0.125	0.1320583
54	G	-0.215	0.1372709
55	T	0.438	0.07198537
56	T	0.111	0.06727925
57	G	0.161	-0.007506125
58	C	0.492	-0.00965675
59	T	-0.116	-0.0777575
60	A	-0.458	-0.063423
61	A	-0.472	-0.02877113
62	T	-0.232	-0.04058375
63	G	-0.106	-0.04736237
64	G	0.225	0.0042146
65	T	0.438	0.0853006
66	C	0.398	0.1670008
67	G	-0.170	0.1733675
68	A	-0.046	0.1224359
69	G	0.175	0.1178626
70	C	0.420	0.1116564
71	G	-0.055	0.1756235
72	G	-0.181	0.2374464
73	T	0.402	0.2603435
74	C	0.348	0.2358564
75	C	0.340	0.2974071
76	T	0.448	0.3793456
77	G	0.358	0.3478163
78	G	0.224	0.2736999
79	C	0.437	0.2336811
80	G	0.473	0.2039755
81	G	0.149	0.1863328
82	A	-0.244	0.168194
83	G	0.020	0.135658
84	C	0.210	0.1311204
85	T	0.217	0.1582425
86	A	0.079	0.2075588
87	G	0.176	0.1634643
88	C	0.437	0.0863445
89	C	0.366	0.01401162
90	T	0.150	0.03668112
91	T	-0.332	0.0680375
92	G	-0.406	0.009645375
93	A	-0.360	0.010869
94	C	0.261	0.04021962
95	C	0.427	0.1158792
96	G	-0.029	0.2221463
97	G	0.376	0.2941701
98	C	0.385	0.296437
99	G	0.273	0.2953076
100	G	0.443	0.3551827
101	C	0.215	0.256436
102	T	0.279	0.1744061
103	C	0.418	0.1635126
104	C	0.449	0.1223862
105	T	-0.413	0.08591656
106	A	-0.271	0.01977769
107	T	0.186	-0.06048519
108	C	0.114	-0.1592698
109	A	-0.076	-0.1649867
110	G	-0.249	-0.1085351
111	G	-0.223	-0.07683219
112	A	-0.340	-0.06989531
113	A	-0.459	-0.01240462
114	G	0.180	0.05716375
115	C	0.439	0.126976
116	G	0.170	0.1971445
117	G	0.383	0.2482732
118	C	0.306	0.1639173
119	T	0.335	0.04117969
120	G	0.220	0.0001000625
121	C	-0.050	-0.03416219
122	A	-0.494	-0.02178594
123	A	-0.542	-0.03093256
124	A	-0.158	-0.02219069
125	G	0.109	-0.006315275
126	G	0.405	0.02183423
127	T	0.261	0.02011735
128	G	0.290	-0.02859578
129	C	0.076	-0.05316915
130	T	-0.269	-0.08189215
131	T	-0.555	-0.0609034
132	A	-0.548	-0.09474374
133	G	-0.087	-0.171898
134	G	0.175	-0.1090411
135	C	0.429	0.01263229
136	A	0.019	0.1344558
137	A	-0.540	0.1477504
138	G	0.233	0.1762395
139	C	0.417	0.1427231
140	G	0.426	0.1437836
141	C	0.019	0.172748
142	T	0.403	0.1088335
143	T	0.161	-0.001643275
144	C	0.028	-0.1217069
145	T	-0.308	-0.1848372
146	G	-0.277	-0.2132544
147	A	-0.466	-0.1766781
148	A	-0.533	-0.1380941
149	A	-0.485	-0.111659
150	G	0.176	-0.1393433
151	C	0.454	-0.05689263
152	T	0.336	-
153	G	-0.097	-
154	A	-0.499	-
155	G	0.193	-
