1	G	0.419	-
2	T	0.523	-
3	G	0.298	-
4	T	0.436	-
5	C	0.437	-
6	T	-0.100	0.211817
7	G	0.500	0.1304648
8	T	0.128	0.09773773
9	G	-0.189	0.09872364
10	T	0.156	0.09718627
11	T	-0.280	0.07462664
12	T	-0.475	0.09734245
13	T	0.163	0.06648427
14	C	0.309	0.08467918
15	C	0.419	0.1397182
16	T	0.189	0.150638
17	G	0.149	0.2177685
18	G	0.161	0.2803315
19	T	0.328	0.3042515
20	G	0.416	0.3068631
21	C	0.276	0.2860005
22	T	0.458	0.3048347
23	G	0.212	0.2688668
24	G	0.426	0.2198022
25	C	0.338	0.1783538
26	A	0.190	0.1405067
27	G	0.396	0.08813855
28	A	-0.246	0.04246912
29	G	-0.378	0.03823803
30	A	-0.127	0.03322294
31	T	0	-0.02350297
 32	G	-0.299	-0.03867365
33	A	-0.044	-0.09921056
34	G	0.165	-0.1159064
35	G	0.371	-0.08532239
36	T	-0.285	-0.1074568
37	A	0.023	-0.1540784
38	G	-0.269	-0.173347
39	A	-0.430	-0.1969542
40	T	-0.041	-0.242767
41	A	-0.370	-0.3103258
42	T	-0.512	-0.2843358
43	A	-0.511	-0.2593038
44	A	-0.303	-0.2456406
45	G	-0.337	-0.1762433
46	A	-0.371	-0.1639555
47	A	0	-0.1098721
 48	C	0.298	-0.04030985
49	A	-0.119	0.03867487
50	C	0.333	0.1068179
51	A	0.093	0.1757287
52	T	0.223	0.2367642
53	G	0.252	0.2769889
54	G	0.356	0.2616856
55	G	0.445	0.2393436
56	C	0.420	0.2289979
57	T	0.299	0.2324666
58	C	0.442	0.2501748
59	T	0.130	0.2352387
60	C	-0.365	0.2234087
61	A	0.219	0.2108923
62	C	0.131	0.2076332
63	C	0.418	0.2279735
64	T	0.088	0.2261307
65	G	0.226	0.2494278
66	G	0.307	0.2544136
67	G	0.384	0.2033174
68	C	0.523	0.1646781
69	T	0.422	0.08895738
70	T	0.386	0.06247573
71	C	-0.310	0.001166818
72	A	-0.342	0.001265636
73	G	-0.293	0.006999545
74	A	-0.414	-0.02857682
75	A	-0.203	-0.09068009
76	G	-0.447	-0.1445856
77	C	0.309	-0.1485672
78	C	0.447	-0.1268805
79	T	0.132	-0.07061582
80	T	-0.260	-0.0312854
81	G	-0.206	0.005857418
82	A	-0.354	0.08655169
83	C	-0.104	0.09432815
84	A	0.325	0.08315233
85	G	0.018	0.06602137
86	G	0.205	0.1078807
87	C	0.440	0.1067354
88	T	0.394	0.1507628
89	G	0.324	0.1587748
90	C	-0.056	0.1630664
91	A	0.199	0.1246873
92	G	-0.218	0.09441349
93	G	0.130	0.006853945
94	G	-0.016	-0.0325003
95	T	0.372	-0.04297957
96	T	-0.403	-0.01206998
97	G	-0.127	-0.002085618
98	G	-0.523	0.04771784
99	A	-0.038	0.07372865
100	G	0.209	0.05513085
101	G	0.283	-0.01906725
102	C	0.309	-0.002006064
103	C	0.328	0.01694956
104	C	0.416	0.09487038
105	A	-0.220	0.1297661
106	G	-0.443	0.1299824
107	A	-0.216	0.1252984
108	G	0.080	0.1301907
109	C	0.334	0.1425912
110	A	0.345	0.112557
111	G	0.211	0.1135766
112	G	0.232	0.1733337
113	C	0.363	0.2370022
114	C	0.465	0.1998284
115	T	0.086	0.1593736
116	G	-0.209	0.1072459
117	T	0.213	0.08393734
118	C	0.484	0.09526525
119	A	-0.328	0.1065177
120	T	-0.110	0.02796997
121	T	-0.227	0.004214482
122	T	-0.044	-0.01834952
123	C	0.356	-0.0007029727
124	T	0.486	-0.01262343
125	C	-0.398	0.005064391
126	A	-0.175	0.002377573
127	A	-0.457	0.0212688
128	C	0.407	0.04615768
129	C	0.353	0.05141668
130	A	-0.133	0.03890014
131	G	-0.140	0.1092608
132	A	-0.020	0.1654215
133	G	0.228	0.2048293
134	T	0.414	0.1368951
135	C	0.349	0.1166198
136	C	0.375	0.166353
137	C	0.442	0.2151158
138	T	-0.024	0.2045407
139	T	-0.339	0.1597196
140	C	0.130	0.163994
141	C	0.413	0.1554005
142	T	0.395	0.1149085
143	T	-0.136	0.05121559
144	G	-0.264	0.02681464
145	C	0.461	0.02844609
146	C	0.254	-0.03217018
147	A	-0.070	-0.06437835
148	T	-0.258	-0.1285853
149	T	-0.292	-0.1117405
150	T	-0.321	-0.04608426
151	T	-0.536	-0.1155414
152	A	0.059	-0.1093251
153	G	-0.310	-0.06225599
154	A	0.048	-0.004010718
155	T	0.458	0.06279119
156	G	-0.302	0.1165426
157	T	0.323	0.2134186
158	C	0.447	0.2080322
159	C	0.382	0.2086307
160	T	0.442	0.1591672
161	C	0.269	0.1090614
162	C	0.528	0.1802081
163	A	0	0.1336997
 164	T	-0.303	0.06601508
165	T	-0.495	0.0006600818
166	A	-0.093	-0.03725737
167	C	0.480	-0.09829765
168	A	-0.188	-0.1883164
169	G	-0.296	-0.2178333
170	A	-0.336	-0.2276526
171	A	0.025	-0.2284236
172	G	-0.401	-0.2324684
173	A	-0.461	-0.2815925
174	T	-0.324	-0.2333588
175	A	-0.411	-0.1721682
176	A	-0.503	-0.124908
177	A	-0.137	-0.1671653
178	C	-0.060	-0.177638
179	A	0.342	-0.1729243
180	C	0.376	-0.1642849
181	C	0.183	-0.1492428
182	A	-0.439	-0.06688019
183	A	-0.516	-0.01370683
184	A	-0.409	0.02978945
185	G	-0.229	0.04009109
186	A	-0.246	0.048422
187	T	0.402	0.07235336
188	C	0.447	0.1345022
189	C	0.418	0.1985544
190	T	0.455	0.2343307
191	C	0.467	0.2431987
192	A	0.446	0.2729421
193	C	0.244	0.2752534
194	C	0.187	0.2778079
195	A	-0.015	0.2810167
196	G	-0.132	0.2460511
197	A	0.080	0.2332553
198	G	0.427	0.2032222
199	C	0.475	0.1670511
200	T	0.453	0.1170972
201	T	0.070	0.06940766
202	T	0.327	0.03868966
203	C	0.116	0.02146328
204	C	-0.153	-0.01606081
205	A	-0.361	-0.01438626
206	A	-0.540	-0.01729572
207	A	-0.470	-0.05036
208	C	-0.108	-0.0736329
209	A	0.014	-0.09979517
210	C	0.493	-0.07027508
211	C	0.421	-0.0009021727
212	A	-0.292	0.08507783
213	C	0.071	0.1459315
214	A	-0.171	0.1937523
215	G	0.170	0.2332081
216	G	0.401	0.2225791
217	C	0.405	0.2058904
218	A	0.199	0.221631
219	C	0.417	0.2451495
220	C	0.448	0.2954323
221	C	0.376	0.2968206
222	A	0.238	0.2794555
223	G	-0.119	0.2563792
224	C	0.329	0.2227508
225	T	0.381	0.1981235
226	G	0.186	0.1300087
227	T	0.210	0.1314505
228	G	0.151	0.153352
229	T	-0.170	0.1625613
230	G	0.146	0.09305423
231	A	-0.300	0.03086032
232	G	0.392	-0.02416977
233	C	0.479	-0.04511214
234	A	-0.018	-0.05214192
235	A	-0.434	-0.005384645
236	G	-0.302	0.008219355
237	A	-0.419	0.01959017
238	T	-0.020	-0.0193871
239	G	0.074	-0.0801801
240	C	0.343	-0.1267971
241	A	0.296	-0.1347501
242	G	-0.175	-0.0739326
243	C	-0.036	-0.03307994
244	A	-0.189	0.003636518
245	A	-0.531	0.008216027
246	A	-0.522	-0.01578275
247	G	0.366	-0.06664203
248	C	0.030	-0.06895839
249	C	0.383	-0.110022
250	A	0.124	-0.1426142
251	T	0.079	-0.1214161
252	G	-0.263	-0.05622403
253	G	-0.200	-0.05903866
254	A	-0.487	-0.02528369
255	A	-0.548	-0.02205405
256	A	-0.298	0.005214218
257	G	0.194	0.03399864
258	G	0.335	0.06452197
259	C	0.401	0.0735077
260	C	0.419	0.1271766
261	C	0.424	0.158154
262	C	0.396	0.2012158
263	C	0.072	0.2121531
264	A	-0.101	0.1362787
265	G	0.102	0.139409
266	G	-0.207	0.1329832
267	A	0.175	0.09250075
268	A	0.315	0.07362739
269	C	-0.499	0.05188342
270	T	0.435	0.05786744
271	C	0.348	0.0653868
272	T	-0.020	0.04773925
273	G	0.188	0.04423362
274	T	-0.166	0.04188271
275	T	-0.036	0.1214098
276	C	0.185	0.1186414
277	T	-0.401	0.1269403
278	G	0.137	0.1603601
279	A	0.289	0.133237
280	T	0.375	0.1208537
281	G	0.405	0.08586218
282	C	0.439	0.08205164
283	T	0.346	0.08300418
284	T	-0.109	0.04497518
285	A	-0.303	0.002124636
286	C	-0.420	-0.02323875
287	T	0.143	-0.08686157
288	A	-0.391	-0.1446504
289	T	-0.281	-0.1855085
290	A	-0.182	-0.1389767
291	C	0.096	-0.07559285
292	A	-0.294	-0.01789566
293	A	-0.195	0.008714064
294	A	-0.102	0.06112597
295	C	0.402	0.1266356
296	T	0.394	0.1400203
297	G	0.213	0.1675963
298	C	0.436	0.2180032
299	T	0.185	0.2002299
300	C	0.439	0.2108546
301	A	-0.034	0.1457566
302	G	0.400	0.09724498
303	C	0.260	0.07361228
304	A	-0.391	0.02664342
305	A	0.014	-0.01120231
306	A	-0.313	-0.06378158
307	T	-0.139	-0.06440148
308	T	-0.046	-0.1026126
309	T	-0.080	-0.1016759
310	T	-0.230	-0.06609696
311	T	-0.139	-0.05974393
312	G	-0.041	-0.0005424727
313	G	-0.020	0.001586709
314	G	0.270	-0.01132741
315	A	0	-0.029856
 316	T	0.084	-0.05444391
317	G	0.337	-0.05728973
318	G	-0.115	-0.05548363
319	A	-0.188	-0.03528051
320	A	-0.284	-0.02100642
321	G	-0.501	0.01815231
322	T	-0.170	0.02031155
323	T	-0.021	-0.03183473
324	G	0.202	-0.06190145
325	C	0.427	-0.08389727
326	C	0.430	-0.08688764
327	T	0.107	-0.005318818
328	G	-0.236	0.05389018
329	A	-0.446	0.01499482
330	A	-0.430	-0.04777918
331	A	-0.317	-0.1310527
332	T	0.395	-0.1461649
333	C	0.480	-0.1248897
334	A	-0.449	-0.06748145
335	A	-0.488	0.01269845
336	G	-0.488	0.08062973
337	T	0.264	0.1279165
338	T	0.341	0.101584
339	C	0.395	0.08712273
340	C	0.435	0.1601625
341	C	0.317	0.2353605
342	T	0.202	0.2882482
343	C	0.106	0.3049448
344	T	0.321	0.2333408
345	C	0.353	0.2402069
346	C	0.338	0.2213691
347	T	0.093	0.1870335
348	T	0.448	0.1924881
349	C	-0.445	0.1393999
350	T	0.470	0.1000618
351	T	0.228	0.1004715
352	C	-0.060	0.03423247
353	T	0.262	0.06709941
354	T	-0.477	0.007301591
355	G	-0.110	0.07441932
356	A	0.358	0.05817586
357	A	-0.389	0.07425605
358	T	0.454	0.08634338
359	G	-0.209	0.0775842
360	T	0.292	0.08312129
361	T	0.292	0.05667002
362	C	0.404	-0.0002868
363	T	0.072	0.0002320182
364	T	0.166	-0.06956971
365	G	-0.416	-0.09495044
366	G	-0.401	-0.09197244
367	A	-0.268	-0.1170999
368	A	-0.384	-0.1216129
369	T	-0.313	-0.1116399
370	A	-0.488	-0.08383678
371	C	0.325	-0.05247627
372	A	0.015	-0.005445818
373	G	0.355	0.050449
374	C	0.181	0.05811273
375	A	0.472	0.1061233
376	G	-0.071	0.1628029
377	T	0.115	0.1656717
378	T	0.346	0.2005376
379	T	-0.299	0.1471146
380	G	0.214	0.1063742
381	G	0.134	0.02513133
382	C	0.356	0.03028845
383	C	0.399	0.05835126
384	A	-0.232	0.06383072
385	A	-0.266	0.1118635
386	T	-0.421	0.1123808
387	G	-0.015	0.1170041
388	C	0.424	0.05533099
389	C	0.406	0.008048627
390	T	0.228	-
391	G	0.220	-
392	T	0.185	-
393	G	-0.321	-
394	A	-0.120	-
