1	C	0.399	-
2	T	0.290	-
3	T	0.320	-
4	G	-0.288	-
5	A	-0.054	-
6	G	0.411	0.162033
7	C	0.415	0.1232351
8	C	0.141	0.06583585
9	T	0.433	0.005884309
10	T	0.037	-0.008025691
11	C	-0.325	-0.02182268
12	A	-0.027	-0.07396032
13	T	-0.340	-0.08181914
14	C	-0.338	-0.05878705
15	A	-0.441	-0.08692641
16	G	-0.206	-0.07022752
17	A	-0.162	-0.02152697
18	G	0.329	0.01331182
19	C	0.395	0.08085918
20	A	0.123	0.1178986
21	T	0.221	0.1479532
22	G	0.210	0.1744327
23	G	0.355	0.224754
24	C	0.402	0.2323966
25	T	0.068	0.2354201
26	G	-0.110	0.2450345
27	T	0.084	0.2484392
28	C	0.391	0.2663065
29	C	0.413	0.2259604
30	T	0.428	0.2186794
31	G	0.229	0.2402774
32	G	0.258	0.2577034
33	T	0.406	0.2859906
34	G	-0.087	0.209407
35	C	0.322	0.1547941
36	T	0.306	0.09965071
37	G	0.081	0.1017249
38	T	0.395	0.1176056
39	T	-0.451	0.09700625
40	G	-0.187	0.1006056
41	C	-0.178	0.1103408
42	T	0.252	0.04282816
43	C	0.433	0.04192554
44	T	0.180	0.02643599
45	G	-0.048	0.1036296
46	C	0.429	0.1233233
47	T	-0.436	0.169135
48	T	0.071	0.1715447
49	G	0.225	0.1367808
50	G	0.398	0.0981749
51	T	0.029	0.08802335
52	G	0.325	0.08219735
53	A	0.278	0.1457854
54	C	0.051	0.171002
55	A	-0.244	0.1750232
56	T	-0.159	0.1276455
57	T	0.365	0.08976938
58	T	0.262	0.09036093
59	C	0.348	0.1064153
60	C	0.269	0.07780209
61	A	-0.123	0.1000123
62	A	-0.387	0.1023478
63	T	0.332	0.08601773
64	C	0.455	0.08694882
65	A	-0.263	0.07187464
66	G	0	0.06644555
 67	T	-0.134	0.09565591
68	G	0.185	0.1442001
69	T	0.273	0.1050458
70	C	0.182	0.0861918
71	C	0.210	0.1430416
72	T	0.198	0.1725742
73	G	0.146	0.2020378
74	T	-0.098	0.2005593
75	C	0.247	0.1884707
76	C	0.361	0.2056774
77	C	0.324	0.1991543
78	A	0.189	0.1595132
79	G	0.169	0.1588873
80	G	0.140	0.1509992
81	T	0.372	0.1552647
82	G	0.138	0.1210966
83	C	-0.237	0.08128206
84	A	0.139	0.04455752
85	G	-0.185	-0.01354748
86	C	0.294	-0.0492763
87	T	-0.014	-0.1242166
88	G	-0.113	-0.1498247
89	A	-0.214	-0.1121986
90	A	-0.469	-0.1012452
91	G	-0.252	-0.04919857
92	G	-0.452	-0.05217566
93	A	-0.143	-0.07107291
94	G	0.176	-0.05897467
95	T	0.260	-0.07715431
96	C	0.387	-0.005615127
97	A	0.262	0.05644487
98	G	-0.221	0.1412969
99	G	0.019	0.1763369
100	A	-0.414	0.1866788
101	C	0.317	0.1999428
102	C	0.429	0.1974266
103	T	0.481	0.2126345
104	G	0.242	0.2696131
105	T	0.289	0.305059
106	C	0.405	0.3532953
107	C	0.359	0.3622648
108	T	0.429	0.3122055
109	G	0.404	0.299373
110	G	0.409	0.2676093
111	T	0.116	0.2633173
112	G	0.415	0.2632172
113	C	-0.120	0.2630441
114	A	0.339	0.2628354
115	A	-0.107	0.2456528
116	G	0.242	0.1614118
117	C	0.404	0.1033801
118	C	0.357	0.03192327
119	T	0.427	0.03358418
120	C	0.215	-0.02265318
121	A	-0.516	0.01612845
122	G	-0.521	0.01499127
123	A	-0.370	0.001901364
124	G	-0.102	0.002508273
125	A	-0.278	-0.003616091
126	C	0.319	0.003638273
127	C	0.230	0.08677727
128	C	0.260	0.1670079
129	T	0.364	0.2394963
130	G	0.359	0.2938323
131	T	0.295	0.2768627
132	C	0.397	0.2254633
133	C	0.360	0.2233226
134	C	0.427	0.2148606
135	T	0.495	0.2003662
136	C	-0.465	0.1796688
137	A	-0.246	0.1758673
138	C	0.206	0.1277852
139	C	0.167	0.1132898
140	T	0.204	0.09589164
141	G	0.131	0.05587585
142	C	0.253	0.1259415
143	A	-0.131	0.1818438
144	C	0.201	0.2031169
145	T	0.235	0.193275
146	G	0.055	0.1904952
147	T	0.305	0.2208631
148	C	0.368	0.2230317
149	T	0.440	0.2458375
150	C	0.059	0.2623179
151	T	0.174	0.2560962
152	G	0.466	0.2893034
153	G	0.277	0.2739117
154	G	0.119	0.2142072
155	T	0.382	0.219006
156	T	0.167	0.1982785
157	C	0.420	0.1453742
158	T	0.136	0.06127955
159	C	-0.287	-0.01057055
160	A	0.493	-0.05569291
161	T	-0.168	-0.1248736
162	T	-0.407	-0.1620136
163	A	-0.459	-0.2240035
164	A	-0.512	-0.2494953
165	C	-0.376	-0.2002086
166	A	-0.378	-0.2680009
167	A	-0.241	-0.2642282
168	A	-0.261	-0.1920782
169	C	-0.144	-0.119825
170	T	0.254	-0.08172246
171	A	-0.252	-0.01934383
172	T	-0.126	0.004431627
173	G	0.386	-0.01396201
174	G	0.335	-0.01479465
175	T	-0.093	0.03148699
176	G	0.309	0.04845454
177	T	-0.116	0.06426724
178	A	-0.443	0.1181924
179	A	-0.270	0.09002865
180	T	0.364	0.09632046
181	C	0.440	0.1202137
182	T	-0.078	0.1119125
183	G	0.466	0.1157078
184	G	0.076	0.1435031
185	G	0.404	0.1512838
186	T	0.169	0.09921265
187	T	0.218	0.04876875
188	C	-0.075	0.08721759
189	G	-0.137	0.06169786
190	A	-0.185	0.095547
191	C	-0.208	0.09935991
192	A	-0.114	0.1205347
193	G	0.344	0.1341854
194	C	0.185	0.1264412
195	C	0.448	0.1037015
196	T	0.446	0.09262682
197	C	0.402	0.06442627
198	C	0.368	0.024574
199	A	-0.160	0.01457691
200	G	-0.387	-0.009934327
201	G	-0.306	-0.01894342
202	A	-0.518	-0.07287651
203	A	-0.552	-0.06863787
204	A	0.234	-0.07441751
205	G	-0.084	-0.02441451
206	G	0.349	0.002548773
207	G	-0.146	0.0002747727
208	T	0.448	0.004415136
209	C	0.304	0.04957155
210	T	0.389	0.03869818
211	G	-0.091	0.03997611
212	G	-0.331	0.03464265
213	A	-0.472	0.03237284
214	A	-0.055	-0.02346398
215	T	0.114	-0.08123153
216	G	-0.070	-0.1620494
217	G	0.290	-0.1537516
218	A	-0.171	-0.1163954
219	T	-0.165	-0.074445
220	G	-0.330	-0.106571
221	G	-0.499	-0.1464908
222	G	0	-0.1769864
 223	A	0.078	-0.2484244
224	A	-0.011	-0.2294004
225	T	-0.409	-0.2414947
226	A	-0.324	-0.1853061
227	A	-0.405	-0.1454746
228	T	-0.494	-0.1717157
229	A	0.037	-0.1788907
230	T	-0.298	-0.2040877
231	G	0.287	-0.1821115
232	G	-0.061	-0.1636186
233	A	-0.288	-0.1422196
234	G	0	-0.1068741
 235	G	-0.288	-0.09846301
236	A	-0.167	-0.1052362
237	A	-0.120	-0.178427
238	T	-0.170	-0.1728678
239	G	-0.106	-0.1156979
240	G	0.130	-0.1243581
241	A	-0.372	-0.07136459
242	A	-0.517	-0.05456385
243	A	0	-0.04647021
 244	C	0.340	-0.0042313
245	A	-0.095	-0.01049157
246	C	0.294	-0.06912694
247	A	0.017	-0.07650275
248	G	-0.031	-0.02411314
249	A	0.294	-0.05836632
250	T	-0.175	-0.1288156
251	T	-0.514	-0.138306
252	A	-0.454	-0.186357
253	C	0.058	-0.1766429
254	A	-0.376	-0.1839175
255	A	-0.434	-0.1846469
256	T	-0.199	-0.1331489
257	T	-0.234	-0.04532311
258	C	0.124	0.02273753
259	A	-0.111	0.05029509
260	G	0.286	0.06479064
261	C	0.391	0.06656355
262	T	0.451	0.04145191
263	C	0.294	0.03204436
264	T	0.361	0.04971336
265	C	-0.217	0.09853564
266	A	-0.415	0.1088054
267	A	-0.475	0.114981
268	A	-0.337	0.06908703
269	T	0.318	0.04549276
270	C	0.425	0.04517413
271	C	0.399	0.07900949
272	C	0.459	0.1333633
273	G	-0.053	0.1630631
274	A	0.035	0.1868165
275	C	0.358	0.1521013
276	T	0.154	0.1183552
277	G	0.182	0.08899666
278	A	-0.149	0.01051712
279	G	-0.076	-0.02103745
280	C	-0.063	-0.07284128
281	A	0.054	-0.1114015
282	T	0.076	-0.1265557
283	C	-0.403	-0.1283686
284	A	-0.400	-0.1063036
285	A	-0.534	-0.1120047
286	C	-0.065	-0.1062607
287	A	-0.011	-0.09791775
288	G	0.162	-0.0981337
289	G	0.093	-0.02175206
290	G	-0.138	0.05231866
291	A	0	0.1371012
 292	C	0.145	0.183347
293	A	0.074	0.2182546
294	C	0.436	0.1767569
295	C	0.414	0.1415616
296	T	0.397	0.1309624
297	C	0.442	0.09990046
298	C	0.372	0.06744392
299	A	-0.293	0.1019129
300	A	-0.293	0.09691482
301	G	-0.255	0.04297973
302	A	-0.341	0.03599391
303	G	-0.211	-0.01348327
304	T	0.453	-0.01914991
305	C	0.381	0.04274264
306	A	-0.178	0.1079577
307	A	0.320	0.1580723
308	G	-0.101	0.2194195
309	T	0.309	0.2847929
310	T	0.387	0.2344185
311	T	0.423	0.1585631
312	T	0.295	0.1546926
313	C	0.333	0.08730727
314	C	0.507	0.04723427
315	T	-0.100	-0.01869009
316	A	-0.453	-0.08709827
317	A	-0.221	-0.1609674
318	A	-0.420	-0.2186637
319	A	-0.542	-0.2575879
320	A	-0.415	-0.3187742
321	T	-0.365	-0.2875655
322	G	-0.388	-0.2152373
323	A	-0.338	-0.1536983
324	A	-0.095	-0.07450838
325	C	-0.165	0.003876982
326	A	0.242	0.04753183
327	G	0.342	0.07031265
328	T	0.455	0.06821392
329	C	0.450	0.0492871
330	T	0.319	0.05917159
331	G	0.064	0.08649086
332	C	-0.114	0.06445095
333	A	-0.411	0.05062314
334	A	-0.547	0.01663213
335	A	0.013	-0.01974381
336	C	0.135	-0.06898117
337	G	0	-0.07708637
 338	G	0.190	-0.05177137
339	A	0.081	0.01538154
340	T	0.050	0.1016621
341	G	-0.221	0.1131849
342	A	-0.024	0.1262011
343	C	0.163	0.1621806
344	A	0.326	0.1695777
345	C	0.401	0.1585339
346	A	0.140	0.1575292
347	G	0.278	0.1648327
348	C	0.395	0.1288515
349	C	0.271	0.1183354
350	A	-0.039	0.1118575
351	T	0.039	0.08764578
352	T	-0.141	0.1014023
353	T	-0.420	0.0691999
354	A	0.047	0.0379685
355	C	0.255	-0.0008084091
356	T	0.135	0.002817773
357	A	0.291	0.002308545
358	C	-0.075	0.057041
359	T	0.052	0.1178988
360	G	-0.154	0.1135391
361	T	0	0.05201428
 362	A	0.034	0.009369009
363	C	0.460	-0.0009808091
364	C	0.249	-0.003154791
365	A	0	-0.02478675
 366	G	-0.421	-0.007835055
367	A	-0.333	-0.01416969
368	G	0.177	0.01429465
369	A	-0.099	-0.03345528
370	C	-0.185	-0.07258519
371	A	0.031	-0.1227486
372	C	-0.069	-0.07517028
373	A	0.347	-0.03100074
374	G	-0.064	-0.02185937
375	T	-0.181	-0.03190915
376	G	-0.551	-0.05923578
377	A	0.102	-0.1052198
378	G	0.152	-0.09340394
379	G	0.278	-0.08761294
380	G	-0.210	-0.04275936
381	A	-0.486	0.01520364
382	A	-0.474	0.04394627
383	G	0.060	0.06908618
384	T	0.410	0.07481464
385	C	0.428	0.06965609
386	C	0.456	0.1172597
387	A	-0.235	0.2047769
388	T	0.378	0.2478771
389	T	0.215	0.1996985
390	G	0.221	0.1665476
391	T	0.313	0.09194899
392	G	0.476	0.01174426
393	A	0	0.06329745
 394	A	-0.469	0.04472717
395	T	0.046	-0.01578828
396	T	-0.391	0.0023729
397	T	-0.425	-0.05377374
398	A	0.331	-0.1398461
399	C	0.174	-0.1782199
400	A	-0.450	-0.1833511
401	C	0.421	-0.2066514
402	A	-0.304	-0.15413
403	A	-0.470	-0.08619936
404	A	-0.422	-0.07854027
405	A	-0.526	-0.05488436
406	A	-0.210	0.02765509
407	C	0.186	0.03854573
408	T	0.321	0.02534373
409	T	0.415	0.03219855
410	C	0.434	0.04750682
411	C	0.457	0.1040746
412	C	0.541	0.1517725
413	T	-0.449	0.1734189
414	A	-0.395	0.1441934
415	C	-0.253	0.1152046
416	A	0.096	0.1093771
417	G	0.314	0.1034891
418	G	0.424	0.0939315
419	G	0	0.1581653
 420	A	0.096	0.1581411
421	T	0.370	0.160809
422	T	0.392	0.1220647
423	C	0.436	0.0724611
424	T	0.257	0.0514651
425	T	-0.395	0.08353828
426	A	-0.224	0.09838991
427	G	-0.330	0.07004675
428	G	-0.231	0.04212075
429	A	0.193	0.01622221
430	C	0.352	-0.04066415
431	C	0.260	0.0173043
432	A	0.058	0.06994257
433	G	0.085	0.1215211
434	C	0.151	0.1622508
435	A	-0.368	0.1763608
436	G	0.242	0.1590531
437	G	0.354	0.1734308
438	G	0.237	0.1996708
439	G	0.216	0.2066825
440	G	0.348	0.2037777
441	C	0.162	0.2591835
442	G	0.418	0.2186997
443	C	0.347	0.1721379
444	T	0.162	0.1662059
445	G	0.119	0.1688861
446	A	0.241	0.1285925
447	G	-0.202	0.08826045
448	G	-0.157	0.02657245
449	A	0.172	0.01137282
450	C	0.246	-0.04423445
451	C	-0.094	-0.06994436
452	A	-0.281	-0.1070805
453	A	-0.260	-0.04758
454	C	0.180	0.007845818
455	A	-0.448	0.02011464
456	A	-0.163	0.01056118
457	G	-0.167	0.01516638
458	T	0.451	0.02137375
459	T	0.452	0.03361829
460	C	0.307	-
461	T	0.141	-
462	T	-0.044	-
463	T	-0.212	-
464	C	-0.125	-
