1	T	0	-
 2	A	-0.487	-
3	G	0.273	-
4	C	0.464	-
5	C	0.524	0.010979
6	T	0.118	-0.0412384
7	A	0.302	-0.0114584
8	T	-0.439	-0.0845453
9	G	-0.137	-0.1167608
10	A	-0.509	-0.1870515
11	A	-0.522	-0.1623358
12	A	-0.190	-0.1667609
13	G	-0.457	-0.1311449
14	G	0.142	-0.09948422
15	A	-0.178	-0.02524972
16	C	0.366	0.07292738
17	T	0.258	0.1302784
18	G	-0.083	0.177554
19	T	0.179	0.1972119
20	G	0.232	0.2444744
21	T	0.459	0.2589459
22	C	0.383	0.2121036
23	T	0.014	0.247112
24	T	0.339	0.2726455
25	C	0.293	0.2985083
26	T	0.510	0.2650028
27	A	-0.209	0.251223
28	T	0.267	0.2715005
29	C	0.434	0.2189707
30	T	0.491	0.1806848
31	C	0.124	0.132961
32	T	0.245	0.1654901
33	T	0.217	0.1233526
34	G	-0.185	0.07432475
35	G	-0.088	0.05833575
36	A	0.033	0.09302035
37	T	0.115	0.1121499
38	T	-0.154	0.1345844
39	G	-0.055	0.1847764
40	C	0.331	0.2387754
41	T	0.471	0.2490196
42	C	0.436	0.2825485
43	A	0.442	0.2800412
44	C	0.315	0.2687124
45	T	0.451	0.2139588
46	C	0.136	0.1181287
47	T	0.450	0.0233288
48	G	-0.179	-0.0665293
49	G	-0.168	-0.1141055
50	A	-0.216	-0.1244449
51	G	-0.486	-0.0962638
52	A	-0.511	-0.1373061
53	A	-0.456	-0.0789296
54	G	-0.159	-0.0232121
55	C	0.347	0.0228605
56	C	0.417	0.0422342
57	A	0.040	0.09968115
58	G	0.404	0.1629956
59	C	0.388	0.171346
60	C	0.244	0.1262702
61	A	-0.293	0.07123279
62	T	0.063	0.1004486
63	C	0.176	0.08644989
64	A	-0.076	0.06658939
65	T	-0.103	-0.00394741
66	G	-0.132	-0.02514091
67	C	0.332	-0.05009676
68	T	0.264	-0.0604813
69	G	0.189	-0.01856324
70	A	-0.460	0.02629746
71	A	-0.505	0.08651846
72	G	-0.186	0.07584336
73	G	0.072	0.09484776
74	T	0.342	0.07136472
75	C	0.345	0.07571832
76	C	0.469	0.1097167
77	A	0.225	0.08618082
78	T	0.454	0.09083136
79	G	-0.045	0.03218566
80	T	-0.417	-0.00447369
81	G	-0.165	-0.03277109
82	A	-0.421	-0.03013699
83	C	0.119	-0.07953296
84	A	-0.243	-0.04580352
85	A	-0.021	0.00589283
86	G	0.186	0.01638755
87	G	0.252	0.04921403
88	G	-0.039	0.00957823
89	A	0.292	0.027055
90	C	0.099	0.05269835
91	A	-0.060	0.07670685
92	G	-0.093	0.08415025
93	A	-0.277	0.09953892
94	G	-0.068	0.04072242
95	G	0.235	0.01033897
96	C	0.426	0.05152065
97	C	0.326	0.03019227
98	T	0.114	0.01468677
99	G	-0.296	-0.0271021
100	A	-0.204	-0.04064848
101	C	0.351	-0.04357208
102	A	-0.306	-0.03837248
103	A	-0.432	-0.00309268
104	A	-0.486	0.03596249
105	A	0.099	0.05477048
106	T	0.397	-0.02839422
107	C	0.378	-0.02222552
108	C	0.467	0.01082588
109	A	0.094	0.04421478
110	T	-0.016	0.06360436
111	G	-0.480	0.00967846
112	T	-0.244	-0.07783014
113	G	-0.101	-0.1548423
114	A	-0.152	-0.1223525
115	G	0.293	-0.0768251
116	T	-0.141	0.012376
117	G	-0.496	0.0688298
118	A	-0.303	0.07214144
119	G	0.419	0.06479354
120	C	0.439	0.00557374
121	C	0.412	-0.01102636
122	T	0.319	0.05308784
123	G	-0.068	0.1152315
124	C	-0.226	0.05955544
125	A	-0.298	0.03634834
126	A	-0.307	0.03566944
127	G	0.144	0.02239534
128	A	0.318	0.0715034
129	G	-0.137	0.1368363
130	G	0.207	0.2073975
131	G	0.405	0.2622385
132	T	0.186	0.2948759
133	C	0.422	0.2911615
134	C	0.427	0.3102082
135	T	0.407	0.2938304
136	C	0.240	0.2096521
137	T	0.470	0.1624877
138	G	0.281	0.09819872
139	C	0.053	0.01602972
140	A	0.043	-0.06993398
141	A	-0.436	-0.1460642
142	G	-0.284	-0.1634603
143	A	-0.220	-0.1456109
144	T	-0.394	-0.09815298
145	A	-0.452	-0.0565282
146	A	-0.520	-0.0176826
147	T	0.296	0.0107951
148	C	0.459	0.0579293
149	C	0.527	0.0697037
150	T	0.459	0.0705682
151	T	-0.048	0.1041939
152	C	0	0.07348292
 153	A	0.251	0.01707232
154	G	-0.276	-0.01857788
155	A	-0.443	-0.04712488
156	T	-0.184	0.00240122
157	G	-0.010	0.02789312
158	A	-0.104	0.00899454
159	C	0.171	0.07959794
160	A	0.174	0.123973
161	C	0.447	0.1187571
162	C	0.254	0.07449852
163	A	0.062	0.1013442
164	C	0.429	0.06772362
165	A	0	0.00143732
 166	G	-0.236	-0.03316718
167	A	-0.452	-0.08147518
168	C	0.164	-0.0613086
169	G	-0.165	-0.1295767
170	T	-0.488	-0.1551427
171	A	0.101	-0.1469987
172	G	-0.228	-0.0513698
173	T	0.263	-0.0934583
174	T	-0.253	-0.0939085
175	G	-0.255	-0.0052341
176	A	-0.155	0.0240854
177	C	0.503	0.0321876
178	A	-0.256	-0.0194642
179	A	-0.169	0.00409683
180	C	0.398	0.06504993
181	T	0.394	0.09104053
182	G	-0.147	0.03274375
183	G	-0.252	0.07654135
184	A	-0.017	0.08584762
185	C	0.353	0.00119362
186	T	0.104	0.01091402
187	G	-0.079	0.04670772
188	C	0.181	0.03745792
189	A	-0.076	-0.00236691
190	A	-0.448	-0.08161361
191	T	0.491	-0.1265505
192	C	0.210	-0.1656807
193	T	-0.345	-0.2240258
194	A	-0.416	-0.2697871
195	A	-0.438	-0.2613674
196	T	-0.344	-0.2846636
197	A	-0.470	-0.3101181
198	A	-0.402	-0.2287629
199	A	-0.534	-0.1404308
200	A	-0.364	-0.06371146
201	C	0.258	0.01266124
202	A	-0.043	0.01647514
203	C	0.468	0.01794444
204	C	0.467	0.04076744
205	T	0.328	0.06253284
206	T	0.419	0.05126444
207	G	-0.432	0.05174591
208	A	-0.387	-0.00203452
209	G	-0.305	-0.07110012
210	A	-0.146	-0.06090792
211	C	0.145	-0.06532752
212	A	-0.038	0.01185898
213	G	-0.069	0.02878948
214	A	-0.223	0.08040738
215	G	0.430	0.1256442
216	G	0.375	0.1226663
217	C	0.339	0.1345497
218	A	-0.218	0.17694
219	C	0.210	0.2467594
220	T	0.305	0.1889239
221	C	0.116	0.1091425
222	A	0.079	0.04792747
223	G	0.354	0.06646692
224	C	0.474	0.06235082
225	T	-0.147	0.04291682
226	A	-0.422	0.00265372
227	A	-0.272	-0.03920375
228	A	-0.032	-0.06603268
229	C	0.169	-0.09165538
230	C	0.111	-0.05192648
231	T	-0.286	0.03253712
232	A	-0.338	0.07574792
233	A	0.086	0.1120015
234	C	0.218	0.06802567
235	C	0.249	0.09290687
236	C	0.421	0.135834
237	T	0.159	0.2144674
238	G	0.329	0.2489909
239	A	-0.270	0.2773551
240	T	0.360	0.2501299
241	T	0.142	0.1907749
242	C	0.447	0.167217
243	C	0.431	0.1459076
244	T	0.502	0.2170448
245	G	-0.022	0.1439728
246	A	-0.171	0.1334013
247	C	-0.076	0.06661441
248	A	0.116	-0.00281149
249	C	0.440	-0.06740029
250	A	-0.370	-0.08162378
251	T	0.037	-0.02665258
252	G	-0.220	0.00448651
253	G	-0.262	0.03432881
254	A	-0.143	0.03453741
255	A	-0.165	0.09688651
256	G	0.377	0.0795221
257	C	0.235	0.0601341
258	T	0.415	0.0316512
259	G	0.442	0.0147314
260	C	0.252	0.0603087
261	A	-0.136	-0.0120026
262	A	-0.414	-0.04387458
263	A	-0.547	-0.1192088
264	A	-0.313	-0.2062534
265	C	0.290	-0.1897523
266	A	-0.345	-0.1257466
267	T	-0.083	-0.07207668
268	G	-0.338	-0.01922335
269	A	-0.427	0.04978115
270	A	0.417	0.03609095
271	C	0.503	0.09605775
272	T	0.122	0.06084073
273	A	-0.019	0.08388163
274	C	0.377	0.1547507
275	G	0.153	0.1507828
276	G	0.254	0.1381111
277	A	-0.435	0.1489425
278	G	-0.107	0.2006962
279	T	0.281	0.1466058
280	C	0.378	0.1580706
281	C	0.376	0.1589674
282	C	0.230	0.2242871
283	C	0.498	0.1905501
284	A	-0.163	0.1575689
285	T	0.268	0.1197407
286	C	0.263	0.1033453
287	C	0.217	0.1183685
288	A	-0.445	0.08442493
289	A	-0.048	0.1455763
290	G	0	0.1410158
 291	G	0.212	0.1257411
292	C	0.381	0.06061303
293	A	0.158	0.1104288
294	C	0.447	0.08452825
295	T	0.222	0.03349665
296	G	0.110	-0.03717945
297	A	-0.433	-0.1123504
298	A	0.052	-0.1546428
299	T	-0.307	-0.1582073
300	G	-0.510	-0.1685206
301	A	-0.494	-0.1795966
302	G	-0.370	-0.09314615
303	A	-0.264	-0.0544841
304	A	0.412	0.0219039
305	C	0.119	0.1011874
306	A	0	0.1576983
 307	T	0.430	0.1867077
308	C	0.439	0.2152014
309	T	0.456	0.1903575
310	G	0.282	0.2184844
311	G	0.071	0.2588877
312	A	-0.080	0.2402152
313	A	0.020	0.2474467
314	C	0.163	0.1799795
315	A	0.401	0.114848
316	C	0.404	0.05907577
317	T	0.243	0.02546227
318	C	0.511	0.0013297
319	A	-0.218	-0.0509207
320	A	-0.368	-0.09840097
321	T	-0.486	-0.1681831
322	A	-0.416	-0.2135392
323	A	-0.220	-0.2248925
324	A	-0.358	-0.1948313
325	T	-0.073	-0.1180167
326	A	-0.293	-0.04116729
327	T	-0.209	0.04895761
328	T	0.398	0.05673021
329	T	0.082	0.06607721
330	C	0.399	0.07475978
331	A	0.281	0.07617738
332	T	0.484	0.05529918
333	C	-0.142	-0.02619012
334	A	-0.265	-0.0676217
335	A	0.013	-0.1474871
336	C	-0.279	-0.215079
337	A	-0.418	-0.2944989
338	A	-0.416	-0.3293322
339	A	-0.332	-
340	T	-0.399	-
341	A	-0.394	-
342	A	-0.309	-
343	A	-0.491	-
