1	A	-0.420	-
2	A	-0.493	-
3	A	-0.472	-
4	A	-0.343	-
5	G	0.241	-
6	G	0.339	0.008866545
7	G	0.380	0.002853
8	C	0.324	0.08272973
9	T	0.407	0.09963445
10	G	0.282	0.1399081
11	T	-0.148	0.1226667
12	A	-0.486	0.09176721
13	C	0.385	0.07778412
14	A	-0.286	0.0844913
15	T	0.099	0.05608017
16	A	0.052	0.0673579
17	T	0	0.1194263
 18	C	0.226	0.1611937
19	T	0.398	0.1653719
20	G	0.095	0.2302484
21	T	0.406	0.2629728
22	G	0.423	0.2614047
23	G	-0.027	0.2668633
24	G	0.431	0.250054
25	C	0.427	0.2090893
26	T	0.459	0.2400264
27	C	0.035	0.2405683
28	T	0.060	0.2407189
29	T	0.041	0.2827729
30	C	-0.052	0.2759429
31	C	0.435	0.2174631
32	T	0.412	0.1746187
33	C	0.425	0.2013915
34	C	0.435	0.2186092
35	T	0.356	0.2521406
36	G	-0.216	0.2718753
37	C	-0.012	0.2506405
38	T	0.329	0.2465096
39	C	0.249	0.2296456
40	C	0.410	0.2167599
41	T	0.164	0.2256601
42	G	0.201	0.2799965
43	T	0.367	0.292371
44	C	0.239	0.2804506
45	A	0.293	0.2180738
46	C	0.454	0.1552168
47	C	0.381	0.127186
48	A	0.124	0.06039055
49	C	0.198	0.01219991
50	A	-0.436	0.007876636
51	A	-0.280	-0.03251909
52	C	-0.143	-0.09526518
53	A	-0.533	-0.1312472
54	A	-0.162	-0.1147921
55	C	0.192	-0.1089874
56	T	-0.151	-0.04700024
57	A	-0.235	0.01391776
58	G	-0.014	0.01707276
59	T	0.305	0.05317358
60	G	0.262	0.05710595
61	T	0.245	0.05846176
62	G	0.389	0.05514531
63	T	-0.109	0.08662231
64	G	-0.135	0.1156499
65	G	-0.119	0.08193261
66	A	0.207	0.008622245
67	G	-0.187	-0.03487512
68	C	0.110	-0.07521213
69	A	0.304	-0.0897154
70	C	-0.065	-0.07208617
71	A	-0.544	-0.03611399
72	A	-0.233	-0.01595954
73	C	-0.054	0.0325621
74	T	-0.268	0.04619074
75	A	0.058	0.006235645
76	G	0.276	-0.002465327
77	C	0.428	0.07561513
78	C	0.346	0.1357413
79	T	0.260	0.1775681
80	G	-0.134	0.2460138
81	A	-0.161	0.2827326
82	C	0.314	0.2648642
83	C	0.428	0.2235854
84	C	0.405	0.1921093
85	T	0.484	0.1948433
86	C	0.461	0.2295073
87	T	0.079	0.2555503
88	A	-0.025	0.2121051
89	G	0	0.2088625
 90	C	0.290	0.2094613
91	A	0.246	0.1983643
92	T	0.124	0.164989
93	G	-0.163	0.1949742
94	G	0.392	0.2362968
95	C	0.412	0.2547316
96	T	0.362	0.1930434
97	G	0.094	0.1719082
98	C	0.409	0.1574532
99	T	0.429	0.1832884
100	C	0.202	0.1902648
101	A	-0.388	0.1584457
102	C	0.014	0.1700235
103	A	-0.034	0.1734335
104	T	0.121	0.09167367
105	C	0.469	0.02833022
106	T	0.062	0.02176758
107	G	0.489	0.09594213
108	T	0.132	0.1307864
109	A	-0.490	0.1621256
110	A	-0.267	0.1721538
111	T	0.130	0.1501891
112	C	0.427	0.1822642
113	C	0.397	0.1668327
114	C	0.310	0.1996515
115	A	0.231	0.2757658
116	G	0.227	0.2575881
117	C	0.415	0.2286763
118	A	0.319	0.202975
119	C	0.493	0.1920976
120	T	0.347	0.1660094
121	T	-0.467	0.1732538
122	T	-0.187	0.1610398
123	G	0.144	0.125527
124	G	0.277	0.1299617
125	G	0.023	0.08511528
126	A	0.311	0.0099431
127	G	0.093	0.02499119
128	G	0.024	0.05843874
129	C	0.368	0.07368746
130	C	0	0.08390237
 131	A	-0.479	0.1084683
132	A	-0.301	0.1062
133	G	0.180	0.0722163
134	G	0.312	0.08418527
135	T	0.390	0.081661
136	G	0.293	0.1042707
137	G	0.286	0.1824228
138	G	-0.280	0.2229635
139	A	0.156	0.2419337
140	G	0.340	0.2259097
141	C	0.248	0.2299747
142	A	0.380	0.2440014
143	C	0.144	0.2298764
144	T	0.389	0.2081835
145	G	0.136	0.1795633
146	C	0.435	0.1660966
147	T	0.448	0.1820349
148	T	0.130	0.1787609
149	G	-0.519	0.1923622
150	A	-0.158	0.1766248
151	G	0.192	0.1802448
152	C	0.424	0.143189
153	C	0.343	0.07633212
154	C	0.293	0.06645798
155	A	0.216	0.09020971
156	G	0.176	0.1215717
157	G	0.027	0.1090895
158	A	-0.287	0.03330019
159	G	0.022	0.01827765
160	T	-0.257	0.0309361
161	T	0.186	-0.02675499
162	T	0.055	-0.08071299
163	G	-0.409	-0.08740034
164	A	0.178	-0.09794461
165	G	0.433	-0.09476727
166	G	-0.418	-0.1161303
167	A	-0.417	-0.1065986
168	T	-0.046	-0.07900612
169	T	-0.403	-0.01235675
170	G	0.057	0.01201506
171	A	-0.492	-0.0291177
172	C	0.291	0.02610966
173	G	0.358	0.0945693
174	C	0.323	0.1323774
175	C	0.446	0.2029674
176	A	-0.019	0.2288402
177	G	0.188	0.3044409
178	C	0.335	0.2736169
179	C	0.369	0.2003963
180	T	0.373	0.1385075
181	G	0.341	0.06415258
182	G	0.338	0.01856016
183	G	-0.047	-0.04781747
184	A	-0.446	-0.1007383
185	A	-0.357	-0.1439467
186	A	-0.371	-0.1397631
187	A	-0.520	-0.1475374
188	A	-0.541	-0.1764106
189	A	-0.246	-0.2092322
190	G	-0.105	-0.2025729
191	G	0.419	-0.2188987
192	C	0.256	-0.2081037
193	A	0.021	-0.1217932
194	A	-0.408	-0.04438175
195	G	-0.373	0.01637816
196	A	-0.536	0.06828144
197	A	-0.252	0.05813125
198	C	0.428	0.0780938
199	T	0.310	0.1172311
200	C	0.421	0.1983783
201	C	0.465	0.2663613
202	A	0.307	0.3046998
203	T	0.475	0.3120115
204	C	0.451	0.23648
205	T	0.483	0.1694355
206	C	0.374	0.1196736
207	T	-0.115	0.04782764
208	A	-0.171	0.006173545
209	G	-0.402	-0.03707291
210	A	-0.427	-0.1067315
211	A	-0.125	-0.1063513
212	A	-0.324	-0.171461
213	T	-0.150	-0.1669248
214	A	0	-0.1751279
 215	T	-0.314	-0.1444833
216	A	0.487	-0.1294795
217	T	-0.341	-0.1240079
218	A	-0.065	-0.1182984
219	T	-0.262	-0.1105398
220	A	-0.065	-0.1190697
221	T	-0.262	-0.0937485
222	A	-0.065	-0.1791331
223	T	-0.262	-0.1817461
224	A	-0.065	-0.2053456
225	T	-0.093	-0.2174752
226	A	-0.036	-0.2501142
227	T	-0.451	-0.2741996
228	A	-0.370	-0.2814573
229	T	-0.324	-0.2598412
230	A	-0.395	-0.2481979
231	A	-0.424	-0.1983666
232	A	-0.527	-0.15571
233	A	-0.145	-0.1045808
234	T	-0.024	-0.1077328
235	G	0.062	-0.09399003
236	C	0.454	-0.07523712
237	A	0.433	-0.04932239
238	T	0.111	-0.03919075
239	A	-0.405	-0.03628075
240	T	-0.173	-0.01362015
241	A	-0.189	0.01696873
242	T	-0.139	0.01492873
243	G	-0.415	0.01691345
244	A	-0.113	0.02544736
245	G	0.224	0.09415791
246	C	0.399	0.1408887
247	C	0.431	0.1758653
248	A	0.454	0.2387637
249	G	0.204	0.257003
250	G	0.350	0.2239429
251	C	0.340	0.2116571
252	A	0.195	0.1464068
253	T	0.552	0.1476547
254	G	-0.214	0.1063033
255	A	-0.476	0.06675841
256	T	0.089	0.07523805
257	G	-0.318	0.06186632
258	T	0.445	0.02225586
259	T	0	-0.05144677
 260	G	-0.230	0.004182773
261	C	0.443	0.0968935
262	A	0.193	0.06341645
263	T	-0.240	0.09513376
264	G	-0.258	0.005596582
265	C	0.396	-0.02814742
266	C	0.543	-0.02698369
267	T	-0.278	-0.04935887
268	A	0.030	-0.0538136
269	T	-0.539	0.008623673
270	A	-0.371	0.07831676
271	G	-0.217	0.0152774
272	T	0.197	-0.008329873
273	G	0.144	0.0010064
274	C	0.446	-0.005664182
275	C	0.508	0.02059618
276	A	-0.296	0.08471036
277	A	0.283	0.1467741
278	C	-0.175	0.166407
279	T	-0.042	0.1102907
280	A	-0.250	0.09821755
281	C	0.334	0.02539964
282	T	0.465	0.07067727
283	C	0.413	0.06038827
284	A	-0.473	0.09611236
285	G	0.313	0.1222341
286	G	-0.292	0.1602849
287	A	0.201	0.1001064
288	G	0.170	0.03438791
289	G	0.217	-0.02549673
290	C	0.244	0.05176736
291	T	0.168	0.05004364
292	G	-0.327	0.1031164
293	A	-0.257	0.09966809
294	G	-0.244	0.09856236
295	G	0.376	0.05186264
296	T	0.294	-0.008000909
297	G	0.291	-0.06441009
298	G	0.163	-0.03703525
299	G	0.158	0.009015845
300	A	-0.296	0.06349885
301	G	-0.414	0.06962857
302	A	-0.452	0.08534439
303	A	-0.026	0.09073875
304	T	0.249	0.07762115
305	C	0.354	0.01751879
306	C	0.444	0.01599943
307	C	0.467	0.07998652
308	T	0.350	0.1611315
309	T	0.019	0.1876427
310	G	-0.503	0.2062894
311	A	-0.313	0.1695963
312	G	0.289	0.09075641
313	C	0.440	0.007027955
314	C	0.264	-0.06190723
315	C	0.454	-0.03570026
316	A	-0.049	0.008917845
317	G	-0.422	0.03078635
318	A	-0.453	0.009489536
319	A	-0.407	-0.03052965
320	G	0.307	-0.03322174
321	T	-0.012	-0.04899046
322	G	-0.072	-0.06979047
323	T	0.055	-0.003233018
324	G	0	0.07540635
 325	C	0.235	0.1280883
326	A	0.280	0.1063863
327	G	-0.278	0.1274302
328	C	0.309	0.09281604
329	T	0.411	0.05319266
330	G	0.171	0.01074075
331	C	0.068	-0.02311843
332	A	0.219	-0.03249388
333	G	-0.453	0.02163712
334	T	-0.380	0.01907939
335	G	-0.466	0.02306966
336	A	-0.137	-0.02061734
337	G	0.177	-0.05814564
338	C	0.317	-0.09419791
339	C	0.281	-0.05297764
340	A	0.455	-0.05194045
341	T	-0.308	-0.02146027
342	G	-0.343	0.03087436
343	A	-0.177	0.03655436
344	T	0	0.03687673
 345	T	-0.368	0.041493
346	A	-0.131	-0.006454036
347	C	0.438	0.03260678
348	T	0.240	0.08225005
349	C	0.320	0.08273433
350	C	0.331	0.1038829
351	A	-0.071	0.1576977
352	C	0.121	0.1675446
353	T	0.202	0.1463207
354	G	-0.172	0.131284
355	C	0.232	0.06130994
356	A	0.223	0.01373721
357	C	-0.023	0.03643997
358	T	0.205	0.05959879
359	T	0.074	0.08154252
360	T	-0.448	0.1284969
361	A	-0.191	0.09032315
362	G	0.177	0.09805334
363	C	0.375	0.05841611
364	C	0.443	0.04207071
365	T	0.344	0.02748057
366	G	-0.187	0.07142308
367	A	0.308	0.07764599
368	G	-0.459	0.08021381
369	C	0.025	0.07527372
370	A	-0.085	0.06913872
371	A	0.034	0.01265454
372	C	-0.122	0.009016536
373	A	0.206	-0.06857665
374	C	0.321	-0.06552592
375	T	0.376	-0.1012363
376	G	-0.276	-0.1247647
377	T	-0.227	-0.08959245
378	A	-0.545	-0.04557791
379	A	-0.425	-0.03518136
380	G	-0.367	-0.02771709
381	A	-0.344	-0.07289264
382	C	0.421	-0.01811855
383	C	0.361	0.02518155
384	C	0.320	0.09542164
385	T	0.403	0.1245639
386	A	-0.120	0.11709
387	T	0.325	0.1061367
388	T	0.249	0.02522182
389	T	0.227	-0.05188
390	C	-0.105	-0.1203205
391	A	-0.449	-0.1949259
392	A	-0.465	-0.2249247
393	A	-0.468	-0.2747103
394	A	-0.486	-0.3369379
395	A	-0.432	-0.4031603
396	A	-0.417	-0.4333679
397	A	-0.450	-0.4329963
398	T	-0.221	-0.4240331
399	A	-0.435	-0.4099016
400	A	-0.501	-0.3908391
401	A	-0.437	-0.3903866
402	A	-0.445	-0.3951929
403	A	-0.366	-0.3986494
404	T	-0.313	-0.4150246
405	A	-0.277	-0.3893271
406	A	-0.427	-0.3826066
407	A	-0.469	-0.3855561
408	A	-0.488	-0.3894796
409	T	-0.402	-0.3927191
410	A	-0.152	-0.378146
411	A	-0.427	-0.3928254
412	A	-0.469	-0.3975648
413	A	-0.488	-0.3991545
414	T	-0.402	-0.3909578
415	A	-0.152	-0.3957308
416	A	-0.438	-0.4267386
417	A	-0.479	-0.4255762
418	A	-0.487	-0.4313799
419	T	-0.398	-0.4018519
420	A	-0.454	-0.3405182
421	A	-0.493	-0.3094111
422	T	-0.414	-0.2499629
423	A	-0.533	-0.2017859
424	A	-0.164	-0.19601
425	C	0.272	-0.2009915
426	A	0.189	-0.2018073
427	C	0.215	-0.196702
428	C	0.050	-
429	A	-0.423	-
430	A	-0.453	-
431	A	-0.463	-
432	A	-0.437	-
