1	G	-0.112	-
2	A	0	-
 3	G	0.294	-
4	T	0.118	-
5	G	0.211	-
6	G	0.291	-
7	C	0.399	-
8	G	0.406	-
9	G	0.213	-
10	C	0.067	-
11	G	0.319	-
12	C	0.062	-
13	G	0.201	-
14	G	-0.158	-
15	C	0.356	-
16	G	0.454	-
17	G	0.317	0.1076137
18	G	0.338	0.1191374
19	G	-0.088	0.1237311
20	A	-0.190	0.1058664
21	C	0.194	0.1116559
22	C	-0.026	0.114761
23	G	-0.283	0.1148301
24	A	-0.438	0.1146653
25	G	-0.453	0.09134683
26	A	0.048	0.07620462
27	G	0.438	0.07247819
28	C	0.397	0.06308614
29	T	-0.087	0.06226414
30	G	0.310	0.05632343
31	C	0.145	0.07298358
32	G	-0.206	0.07438626
33	G	-0.052	0.07224881
34	G	0.170	0.06718908
35	C	0.279	0.04552073
36	G	0.156	0.04909704
37	G	-0.313	0.04974395
38	G	0.314	0.0418853
39	C	0.316	0.05480286
40	T	0.293	0.05877101
41	G	0.393	0.07235062
42	G	-0.386	0.09215324
43	A	-0.301	0.08643808
44	G	-0.059	0.08064829
45	G	0	0.08048584
 46	T	0.034	0.08495764
47	A	0	0.07849409
 48	C	0.408	0.07751259
49	C	0.403	0.0936987
50	C	0.381	0.1084482
51	C	0.145	0.1143668
52	A	-0.398	0.1000379
53	C	0.033	0.08853741
54	C	-0.168	0.08946127
55	G	-0.073	0.07985506
56	C	0.412	0.0804678
57	G	-0.148	0.07524118
58	G	0.022	0.07575997
59	G	0.219	0.09874259
60	G	-0.146	0.1052146
61	T	0.241	0.1118749
62	G	0.391	0.1090405
63	G	0.064	0.1005337
64	T	0.090	0.1122076
65	G	0.112	0.105172
66	C	0.343	0.1061727
67	T	0.448	0.108962
68	C	0.372	0.09875588
69	T	-0.207	0.09584941
70	G	-0.234	0.08245876
71	A	-0.281	0.08094643
72	C	-0.011	0.08369153
73	T	0.337	0.07285223
74	G	0.115	0.07375881
75	C	0.411	0.08127641
76	G	0.395	0.08120071
77	G	-0.081	0.09748365
78	G	0.167	0.09947371
79	A	-0.096	0.09792889
80	A	-0.254	0.1054972
81	C	0.396	0.1154526
82	C	0.169	0.1233141
83	G	0.437	0.1205935
84	T	0.476	0.1146544
85	T	-0.201	0.1093033
86	G	-0.497	0.1122451
87	A	-0.422	0.108204
88	A	-0.220	0.1129366
89	G	0.020	0.108286
90	A	0.043	0.09986937
91	G	-0.117	0.09383131
92	C	0.278	0.08475366
93	T	0.217	0.07917307
94	G	0.407	0.08588454
95	C	0.309	0.07978916
96	C	0.339	0.08718204
97	C	0.322	0.1031094
98	C	0.428	0.104222
99	C	0.379	0.1079129
100	G	0.251	0.1004877
101	G	0.246	0.09362039
102	G	0.190	0.0876218
103	G	-0.107	0.1150212
104	A	-0.372	0.1401302
105	G	-0.120	0.157306
106	T	-0.169	0.1630332
107	C	0.051	0.1743969
108	A	-0.089	0.1897442
109	G	0.102	0.1962288
110	C	0.205	0.2033631
111	G	0.146	0.2008604
112	A	-0.039	0.1813398
113	G	0.154	0.1587757
114	G	0.286	0.1449993
115	C	0.434	0.1268676
116	G	0.294	0.1276607
117	C	0.185	0.1193719
118	C	0.242	0.1169059
119	A	-0.405	0.1124218
120	C	0.434	0.1287012
121	T	0.431	0.1537555
122	G	0.363	0.1693176
123	G	0.214	0.1859169
124	T	0.430	0.1934559
125	C	0.404	0.1986166
126	T	0.499	0.1905531
127	C	0.459	0.1748751
128	T	0.322	0.1592215
129	T	-0.354	0.1582004
130	A	-0.427	0.14595
131	G	-0.146	0.1300334
132	A	-0.187	0.1205548
133	C	0.406	0.1190498
134	A	-0.030	0.1274267
135	T	0.162	0.1187685
136	C	0.037	0.1187588
137	T	0.445	0.09491437
138	T	0.479	0.09345731
139	C	0.408	0.07133281
140	T	0.394	0.0716479
141	C	0.307	0.04692181
142	A	0.085	0.02096757
143	A	-0.171	-0.0004995147
144	G	-0.327	-0.02545178
145	A	-0.385	-0.03338916
146	T	-0.074	-0.02345814
147	T	-0.261	-0.004395144
148	A	-0.254	0.008336621
149	T	0.112	0.019255
150	G	0.243	0.003661121
151	C	0.470	0.01747542
152	T	-0.051	0.01804369
153	A	-0.405	0.02355915
154	A	-0.376	0.01434321
155	G	0.382	0.008860476
156	A	-0.388	-0.01590796
157	G	0.225	-0.0248831
158	A	-0.410	-0.04318924
159	A	-0.478	-0.04307351
160	A	-0.230	-0.02644692
161	T	-0.388	-0.0039381
162	G	0.052	-0.005929188
163	A	-0.016	-0.01675966
164	C	0.220	-0.003541629
165	T	0.286	0.01870355
166	G	0.183	0.02669187
167	C	-0.123	0.005120694
168	A	0.439	-0.0197046
169	C	0.182	-0.006814379
170	C	0.225	0.0165783
171	C	0.132	0.04065174
172	T	0.293	0.03955091
173	T	-0.433	0.04620724
174	T	0.089	0.03522939
175	T	-0.314	0.04801943
176	C	0.089	0.05846161
177	C	0.393	0.05533499
178	T	0.437	0.05974867
179	G	-0.453	0.07130175
180	A	-0.442	0.08421241
181	G	0.187	0.09062189
182	C	0.502	0.09253803
183	T	0.384	0.09735791
184	A	-0.489	0.1142369
185	T	-0.373	0.1106919
186	G	0.386	0.1115151
187	G	0.389	0.1063547
188	C	0.441	0.1000948
189	A	0.344	0.0868745
190	G	-0.161	0.09666139
191	T	-0.147	0.09090322
192	C	0.024	0.1019241
193	A	-0.122	0.09411427
194	G	-0.337	0.07890507
195	A	-0.238	0.06249427
196	C	0.445	0.08722374
197	C	0.422	0.1145022
198	T	0.438	0.1255267
199	G	0.351	0.1159757
200	G	0.347	0.09966348
201	C	0.450	0.1238827
202	A	0.318	0.1244667
203	G	0.210	0.101074
204	T	0.049	0.0762231
205	G	-0.080	0.05525889
206	G	-0.156	0.05228451
207	T	-0.100	0.07018316
208	A	-0.106	0.08680827
209	A	0.060	0.09962514
210	C	-0.175	0.1007521
211	T	-0.123	0.09837148
212	A	-0.120	0.08958827
213	C	0.387	0.06382048
214	T	0.484	0.06139957
215	C	0.562	0.06143774
216	T	0.177	0.0630573
217	A	-0.170	0.05937207
218	C	0.333	0.05538192
219	A	-0.353	0.05337404
220	G	-0.408	0.04515139
221	A	-0.455	0.05427794
222	A	-0.270	0.04920124
223	C	0.243	0.04587977
224	T	0.446	0.03361715
225	C	0.417	0.05003959
226	C	0.460	0.05368522
227	C	-0.084	0.06662496
228	A	-0.418	0.07847881
229	A	-0.537	0.0876571
230	A	-0.430	0.08605093
231	C	0.340	0.07472918
232	C	0.439	0.06462097
233	T	0.406	0.05838885
234	G	0.222	0.05150453
235	G	0.314	0.05442056
236	C	0.250	0.05672824
237	A	-0.069	0.07225476
238	A	0.360	0.09143612
239	G	-0.253	0.1093049
240	G	-0.269	0.1095289
241	A	-0.517	0.1034646
242	T	0.451	0.077604
243	G	0.184	0.068414
244	G	0.264	0.05911045
245	T	0.279	0.06434234
246	G	0.191	0.07133539
247	C	0.332	0.08707369
248	A	0.099	0.08120025
249	G	0.219	0.07794545
250	A	-0.034	0.07817575
251	T	-0.404	0.07287601
252	T	0.432	0.06483533
253	T	-0.275	0.04775086
254	T	0.119	0.05552769
255	G	0.197	0.04583629
256	G	0.336	0.06505926
257	C	0.251	0.08485212
258	A	0.240	0.1074795
259	G	-0.461	0.09832191
260	A	0.147	0.1049205
261	T	-0.400	0.1070914
262	T	-0.240	0.1113916
263	A	-0.299	0.1117717
264	T	0.104	0.09515756
265	G	0.140	0.1042965
266	G	0.328	0.1064349
267	C	0.414	0.1091025
268	T	0.041	0.1332602
269	T	0.041	0.1367518
270	T	-0.330	0.1483351
271	G	0.195	0.132269
272	T	0.030	0.1419359
273	C	0.400	0.1300007
274	C	0.403	0.1131958
275	C	0.251	0.09487463
276	C	0.140	0.100072
277	A	0.408	0.08620369
278	C	0.338	0.08835749
279	C	0.426	0.08152722
280	C	0.204	0.07745137
281	A	-0.231	0.06758937
282	G	0.410	0.05333593
283	C	0.291	0.03948349
284	A	0.056	0.01623796
285	C	0.416	0.007904282
286	T	0.551	0.009039794
287	G	0.118	0.01398929
288	A	-0.426	0.01353588
289	T	0.525	-0.002451959
290	G	-0.069	-0.002140665
291	A	-0.320	-0.009267253
292	T	-0.382	-0.006335047
293	A	-0.284	0.003186894
294	T	-0.323	0.004250129
295	T	-0.327	0.0001326882
296	A	-0.472	-0.01518954
297	T	-0.437	-0.02181404
298	A	-0.230	-0.02733398
299	A	-0.344	-0.04955471
300	A	-0.142	-0.06789189
301	A	-0.375	-0.06792894
302	T	-0.241	-0.09558773
303	A	0.080	-0.1208329
304	T	-0.162	-0.1331129
305	G	0.179	-0.1324467
306	A	-0.513	-0.1610855
307	C	0.410	-0.1711474
308	A	0.161	-0.1520007
309	C	0.351	-0.133972
310	C	0.464	-0.1122948
311	T	0.444	-0.1158899
312	T	0.198	-0.119788
313	C	-0.094	-0.1140398
314	A	-0.020	-0.1135315
315	A	-0.419	-0.1194844
316	G	-0.345	-0.1222475
317	T	-0.331	-0.130622
318	A	0.054	-0.1243173
319	T	-0.523	-0.1046275
320	A	-0.306	-0.1045328
321	A	-0.299	-0.09567977
322	G	-0.404	-0.1126365
323	C	-0.447	-0.1113928
324	A	-0.411	-0.1345712
325	A	0.330	-0.1510311
326	C	0.230	-0.1736978
327	C	0.452	-0.1978566
328	A	-0.445	-0.202831
329	A	-0.460	-0.199579
330	A	-0.277	-0.2056698
331	G	-0.420	-0.2008318
332	A	-0.433	-0.1841914
333	A	-0.438	-0.1604948
334	A	-0.426	-0.1406491
335	A	-0.161	-0.1374798
336	C	0.428	-0.1216416
337	T	0.083	-0.1232459
338	A	0.138	-0.1240639
339	G	-0.396	-0.1274494
340	A	-0.470	-0.1285733
341	T	-0.377	-0.1285638
342	A	-0.398	-0.1515144
343	A	-0.419	-0.1691597
344	A	-0.357	-0.1953306
345	T	0.275	-0.1947937
346	T	0.308	-0.1931235
347	G	-0.301	-0.1984924
348	G	0.144	-0.1842407
349	A	0.146	-0.1840939
350	C	0.460	-0.1850987
351	C	0.343	-0.1716581
352	T	0.162	-0.1678268
353	C	0.014	-0.1934926
354	A	-0.361	-0.2093512
355	T	-0.326	-0.2264309
356	A	-0.519	-0.2213462
357	A	-0.486	-0.2092459
358	A	-0.411	-0.1849884
359	G	-0.449	-0.1591404
360	T	-0.369	-0.1323244
361	A	-0.437	-0.1360787
362	A	-0.427	-0.145011
363	A	-0.403	-0.1590065
364	A	-0.459	-0.1549034
365	C	0.063	-0.1452764
366	A	-0.428	-0.1374248
367	A	-0.472	-0.1410774
368	A	0.030	-0.1644983
369	C	-0.030	-0.1754249
370	A	-0.444	-0.191802
371	A	-0.455	-0.1860543
372	A	-0.441	-0.180684
373	A	-0.223	-0.1755002
374	A	-0.059	-0.1662624
375	C	0.447	-0.1645495
376	C	0.480	-0.1669746
377	T	0.492	-0.1474294
378	T	-0.484	-0.1238661
379	T	-0.028	-0.1037177
380	T	-0.167	-0.08103989
381	G	-0.162	-0.07006598
382	C	0.471	-0.08686731
383	T	0.413	-0.08550755
384	T	0.336	-0.0806767
385	C	-0.453	-0.07846508
386	A	-0.208	-0.08987382
387	A	-0.541	-0.06801947
388	A	-0.166	-0.04324729
389	G	-0.144	-0.03392691
390	G	-0.343	-0.03032282
391	A	-0.172	-0.04195949
392	T	-0.352	-0.07052779
393	A	-0.532	-0.09394605
394	C	0.295	-0.1212691
395	C	0.363	-0.112
396	A	0.257	-0.1138608
397	C	0.367	-0.1119063
398	T	-0.086	-0.1136474
399	A	-0.507	-0.1327593
400	A	-0.382	-0.1355548
401	G	-0.308	-0.1504049
402	C	0.105	-0.1331285
403	A	-0.418	-0.128298
404	A	0.298	-0.1246884
405	G	0.386	-0.1289518
406	C	-0.124	-0.135163
407	G	-0.101	-0.1406627
408	A	-0.455	-0.1346401
409	A	-0.523	-0.1120451
410	A	-0.315	-0.09718644
411	A	-0.436	-0.1084481
412	G	-0.169	-0.1256008
413	A	-0.091	-0.1439335
414	C	-0.100	-0.1671874
415	A	-0.221	-0.175683
416	A	-0.178	-0.1735572
417	C	0.318	-0.177838
418	A	-0.168	-0.183358
419	C	0.134	-0.1949588
420	A	-0.044	-0.1849519
421	T	-0.419	-0.1886297
422	A	-0.311	-0.1930231
423	G	-0.355	-0.1966771
424	A	-0.530	-0.2085619
425	A	0.032	-0.2095461
426	T	0.415	-0.2069323
427	G	-0.026	-0.2114887
428	T	-0.087	-0.1918478
429	G	-0.219	-0.1777204
430	A	-0.365	-0.1651596
431	G	-0.423	-0.1522812
432	A	-0.375	-0.1313613
433	A	-0.435	-0.1347727
434	A	-0.527	-0.1441277
435	A	-0.495	-0.15129
436	A	-0.289	-0.1609983
437	G	-0.078	-0.1570176
438	G	0.173	-0.1558805
439	T	0.237	-0.1497342
440	T	-0.249	-0.1529852
441	G	-0.505	-0.1366634
442	T	-0.488	-0.1527292
443	A	-0.434	-0.1726507
444	A	-0.470	-0.1767342
445	A	0.230	-0.1649115
446	T	0.310	-0.1450785
447	C	0.335	-0.1311925
448	C	0.337	-0.106336
449	T	0.489	-0.08261486
450	A	-0.294	-0.05674113
451	T	0	-0.02803131
 452	A	-0.412	-0.02112445
453	T	-0.195	-0.01671889
454	A	0.090	-0.003006003
455	T	-0.380	0.003676585
456	G	-0.102	0.008624732
457	A	-0.466	0.02732259
458	C	0.024	0.03609614
459	A	-0.513	0.03819761
460	A	-0.261	0.03945288
461	G	-0.165	0.03992279
462	G	0.314	0.01908135
463	C	0.454	-0.002501768
464	A	0.106	-0.02574624
465	C	0.422	-0.04814665
466	C	0.431	-0.07807062
467	T	0.444	-0.07012223
468	G	0.448	-0.05659888
469	T	-0.260	-0.03169794
470	A	-0.139	-0.01174541
471	T	0.387	0.0005350853
472	C	0.400	0.01464439
473	C	0.405	0.0050036
474	A	0.386	0.002618453
475	G	-0.207	-0.008889274
476	A	-0.417	-0.00832045
477	A	-0.392	-0.007322097
478	T	-0.454	0.01092146
479	A	-0.477	0.01539314
480	A	-0.423	0.009840638
481	A	-0.454	-0.004332156
482	G	-0.424	-0.02014636
483	A	-0.527	-0.04039939
484	A	-0.024	-0.06686583
485	C	0.459	-0.08658733
486	C	0.434	-0.09196901
487	T	0.482	-0.1015129
488	C	0.508	-0.1271563
489	T	0.099	-0.1511901
490	T	-0.429	-0.1787313
491	A	-0.547	-0.2027349
492	A	-0.366	-0.1924648
493	A	-0.494	-0.1745051
494	A	-0.227	-0.1554257
495	C	0.454	-0.1533472
496	T	0.466	-0.15324
497	C	0.265	-0.1527757
498	A	-0.375	-0.1469916
499	A	-0.115	-0.1437492
500	C	-0.257	-0.1432618
501	A	-0.455	-0.1334758
502	A	-0.222	-0.1365972
503	T	-0.443	-0.1562524
504	A	-0.463	-0.1816455
505	A	-0.484	-0.2078615
506	A	-0.416	-0.1962213
507	A	-0.531	-0.1949844
508	A	-0.429	-0.1931879
509	C	0.142	-0.1898332
510	A	0.193	-0.1874376
511	C	0.256	-0.1932951
512	A	-0.383	-0.2129969
513	A	-0.473	-0.2354701
514	A	-0.407	-0.2575359
515	T	-0.258	-0.2428874
516	A	-0.314	-0.2299647
517	A	-0.511	-0.209917
518	T	0.308	-0.2021944
519	C	0.353	-0.2055975
520	T	-0.233	-0.2038242
521	A	-0.380	-0.1962025
522	A	-0.383	-0.1929531
523	T	0.494	-0.1890349
524	T	-0.387	-0.1626264
525	G	-0.486	-0.1510627
526	T	-0.252	-0.1577957
527	A	-0.412	-0.1634902
528	A	-0.427	-0.1633744
529	A	-0.215	-0.1570542
530	A	-0.297	-0.134388
531	T	-0.484	-0.1308747
532	A	0.122	-0.1341477
533	G	0.323	-0.1345932
534	C	0.424	-0.1252728
535	T	-0.192	-0.1468101
536	T	-0.337	-0.166937
537	A	-0.383	-0.16767
538	C	-0.204	-0.1448989
539	A	-0.373	-0.1326092
540	A	-0.283	-0.1530082
541	T	0.366	-0.1351143
542	C	-0.036	-0.1196512
543	A	-0.086	-0.1136952
544	T	0	-0.09773903
 545	T	0.260	-0.0799387
546	A	-0.168	-0.07304059
547	T	0.296	-0.07173964
548	T	-0.287	-0.05016659
549	G	-0.369	-0.05760232
550	T	-0.329	-0.07503006
551	A	-0.194	-0.1015423
552	A	-0.423	-0.108342
553	A	-0.330	-0.1064085
554	A	-0.258	-0.107223
555	T	0.393	-0.1085699
556	T	0.034	-0.1074663
557	G	-0.198	-0.09965096
558	G	0.220	-0.1119915
559	C	0.039	-0.1160412
560	A	-0.049	-0.1138513
561	A	0.129	-0.1173077
562	A	0.178	-0.1176428
563	G	0.019	-0.114821
564	G	-0.253	-0.1148002
565	A	0.249	-0.09226533
566	T	-0.130	-0.07847756
567	T	-0.268	-0.07455648
568	T	-0.477	-0.08061468
569	A	-0.423	-0.07373533
570	A	-0.271	-0.07765036
571	A	-0.411	-0.07614948
572	T	-0.250	-0.09701601
573	A	-0.336	-0.08418402
574	G	-0.017	-0.09078037
575	A	-0.052	-0.1086121
576	T	-0.174	-0.1125285
577	A	-0.012	-0.1216431
578	T	-0.117	-0.1395143
579	T	0.249	-0.1589028
580	T	-0.073	-0.1739759
581	T	0.297	-0.1786722
582	T	0.478	-0.1994035
583	C	0.099	-0.20758
584	T	-0.196	-0.2063485
585	A	-0.400	-0.2036325
586	A	-0.189	-0.193778
587	A	-0.463	-0.171835
588	G	-0.207	-0.156982
589	A	-0.316	-0.1595454
590	A	0.471	-0.1634193
591	G	-0.422	-0.1743281
592	A	-0.385	-0.1842762
593	T	-0.093	-0.1892997
594	A	-0.359	-0.1930151
595	T	-0.477	-0.1994027
596	A	-0.481	-0.1954052
597	A	-0.493	-0.1864907
598	A	-0.413	-0.1974437
599	A	-0.455	-0.222717
600	A	-0.408	-0.2393022
601	T	-0.226	-0.2472603
602	A	-0.384	-0.2492046
603	G	-0.088	-0.2561066
604	T	0.474	-0.2558135
605	C	0.093	-0.2641941
606	A	-0.337	-0.2624231
607	A	-0.467	-0.2884823
608	T	-0.388	-0.2822
609	A	-0.391	-0.264921
610	A	-0.344	-0.2636973
611	A	-0.138	-0.2665846
612	T	-0.334	-0.2624506
613	G	0.385	-0.2544849
614	C	0.230	-0.252229
615	A	-0.075	-0.2506481
616	T	-0.380	-0.2491175
617	A	-0.464	-0.2487985
618	A	-0.466	-0.252043
619	A	-0.466	-0.2496168
620	A	-0.424	-0.2520666
621	A	-0.453	-0.2595988
622	A	-0.492	-0.2577089
623	T	-0.255	-0.2348338
624	A	-0.414	-0.2193571
625	G	-0.209	-0.2022325
626	A	0.201	-0.1985747
627	C	-0.051	-0.1776499
628	A	-0.458	-0.1601418
629	A	-0.337	-0.1373427
630	T	-0.210	-0.1397055
631	A	-0.416	-0.1564387
632	A	-0.359	-0.1542321
633	A	-0.403	-0.1467111
634	T	-0.397	-0.1336181
635	A	-0.337	-0.1181028
636	T	-0.302	-0.1089278
637	A	-0.172	-0.0867448
638	T	0.217	-0.07156987
639	G	0.157	-0.04690976
640	C	0.440	-0.05063431
641	T	0.058	-0.04548337
642	C	0.193	-0.05380734
643	A	-0.266	-0.05513299
644	G	0.366	-0.06238952
645	C	0.456	-0.0461642
646	C	0.440	-0.04455499
647	T	0.304	-0.04500952
648	C	-0.338	-0.03431984
649	A	0	-0.02538956
 650	G	-0.125	-0.02054676
651	C	-0.019	-0.007561156
652	A	0.060	-0.007449715
653	G	-0.154	-0.0116868
654	T	0.329	-0.02237342
655	C	0.062	-0.03037814
656	A	0.345	-0.04159735
657	T	-0.382	-0.06467447
658	T	-0.239	-0.07945452
659	A	-0.492	-0.1002595
660	G	0.156	-0.1083075
661	G	-0.298	-0.1111119
662	G	0.093	-0.1133126
663	A	-0.282	-0.1125908
664	A	-0.225	-0.1224237
665	A	-0.053	-0.1281218
666	T	-0.056	-0.1306639
667	G	-0.239	-0.1310951
668	T	0.043	-0.1270708
669	A	-0.333	-0.1161471
670	A	-0.446	-0.1051945
671	A	-0.535	-0.1253972
672	T	-0.054	-0.1331913
673	C	-0.223	-0.1515966
674	A	-0.344	-0.1368642
675	A	-0.444	-0.1331911
676	A	-0.513	-0.1270299
677	A	-0.540	-0.1288198
678	C	0.271	-0.1208552
679	C	0.381	-0.1289621
680	A	0.465	-0.1109091
681	C	-0.029	-0.09575019
682	A	-0.532	-0.09321491
683	A	-0.086	-0.0908377
684	G	-0.139	-0.07210488
685	G	0.117	-0.06487272
686	G	0.432	-0.04974972
687	A	0.217	-0.02388251
688	A	-0.357	-0.004067044
689	G	-0.202	0.008062003
690	T	-0.279	0.01407261
691	A	0.118	0.01112485
692	T	-0.114	0.01345817
693	T	-0.282	0.03073742
694	T	0.095	0.05060586
695	A	-0.027	0.04781892
696	T	-0.181	0.0495276
697	T	0.331	0.04909463
698	C	0.289	0.06515936
699	A	0.033	0.09176818
700	C	0.024	0.1086189
701	A	0.397	0.1007188
702	C	0.289	0.0880078
703	A	0.180	0.06572121
704	C	0.433	0.04611059
705	A	0.138	0.04233533
706	C	0.358	0.03453112
707	T	-0.019	0.02982886
708	A	-0.444	0.01311259
709	A	-0.364	0.0007221824
710	T	0.073	0.004179153
711	A	0.135	0.01457391
712	T	0.176	0.02930699
713	G	0.439	0.03863999
714	G	0.450	0.02798384
715	C	0.516	0.01349063
716	T	0.372	0.005870459
717	A	0.486	0.01040214
718	C	-0.408	-0.004915444
719	A	-0.314	-0.025882
720	A	-0.325	-0.03472365
721	T	-0.448	-0.06123394
722	A	-0.485	-0.07687003
723	A	-0.468	-0.09846297
724	A	-0.439	-0.110375
725	A	-0.450	-0.108963
726	A	-0.536	-0.1053165
727	A	-0.165	-0.09305704
728	C	0.449	-0.1119521
729	C	0.473	-0.1124244
730	T	0.135	-0.1105583
731	A	-0.031	-0.1306355
732	G	-0.203	-0.1558488
733	A	-0.225	-0.1744138
734	C	0.178	-0.1960347
735	A	-0.123	-0.1875632
736	G	-0.423	-0.178838
737	T	-0.119	-0.166835
738	A	-0.468	-0.1548123
739	A	-0.393	-0.1315251
740	A	-0.375	-0.1269584
741	A	-0.424	-0.1247193
742	A	-0.396	-0.1198636
743	A	-0.240	-0.1166406
744	T	0.490	-0.1231226
745	G	-0.507	-0.1484638
746	T	0.160	-0.1623776
747	T	0.503	-0.178725
748	G	-0.232	-0.1778104
749	A	-0.340	-0.1737008
750	T	-0.259	-0.1599054
751	G	-0.248	-0.1632379
752	A	-0.120	-0.1526117
753	G	-0.018	-0.1366764
754	G	0.082	-0.1222697
755	A	-0.040	-0.09579771
756	T	0.306	-0.07149903
757	G	-0.312	-0.05286506
758	T	-0.363	-0.02592647
759	A	-0.284	-0.01972103
760	G	-0.426	-0.01391977
761	A	-0.385	-0.03728254
762	A	-0.412	-0.03126619
763	A	0	-0.04750016
 764	G	-0.420	-0.06230054
765	T	0	-0.05546719
 766	T	-0.063	-0.03508545
767	G	0.243	-0.01394216
768	G	0.065	-0.008146182
769	T	0.238	-0.0124348
770	A	0.118	-0.01145198
771	C	0.369	-0.01736334
772	C	0.431	-0.02255025
773	T	0.432	-0.03155843
774	G	0.257	-0.01728937
775	C	0.491	-0.01959346
776	A	-0.185	-0.01488237
777	T	-0.043	0.0067891
778	A	-0.303	0.007178218
779	T	-0.302	0.009334365
780	A	-0.391	-0.003874635
781	T	0	-0.003681959
 782	T	0	-0.01282887
 783	G	0.352	-0.02350492
784	C	0.459	-0.01919489
785	T	-0.051	-0.03408274
786	G	-0.266	-0.03714194
787	T	0.015	-0.04440386
788	T	-0.118	-0.0537343
789	A	-0.216	-0.05614221
790	G	0	-0.07329792
 791	G	0.172	-0.07235704
792	A	-0.441	-0.07614392
793	A	-0.124	-0.0564528
794	T	0.310	-0.06304994
795	G	-0.372	-0.05338538
796	T	-0.339	-0.05171344
797	A	-0.449	-0.0515992
798	A	-0.413	-0.05904679
799	A	-0.310	-0.06546947
800	A	-0.426	-0.07835512
801	T	0.389	-0.09726842
802	G	-0.440	-0.1110953
803	G	0.134	-0.1111281
804	T	-0.128	-0.1086275
805	A	0.052	-0.0964491
806	C	0.349	-0.08534419
807	A	-0.150	-0.07072716
808	G	0.289	-0.06648924
809	C	0.362	-0.06126177
810	T	0.483	-0.07130798
811	G	-0.268	-0.08769671
812	T	0.024	-0.0850818
813	T	-0.245	-0.0620833
814	T	-0.387	-0.04854548
815	G	-0.253	-0.04630115
816	G	-0.218	-0.02422877
817	G	-0.085	-0.002223447
818	A	-0.183	-0.0008981529
819	A	-0.521	0.01057101
820	A	-0.267	0.006621894
821	G	0.100	-0.002689459
822	C	0.295	-0.01835198
823	A	0.161	-0.04063236
824	G	0.496	-0.0445681
825	T	0.316	-0.06114904
826	T	-0.264	-0.06921125
827	T	-0.466	-0.07798313
828	A	-0.247	-0.08166316
829	G	-0.283	-0.09197999
830	C	0.442	-0.09456916
831	A	0.011	-0.09459084
832	G	-0.337	-0.07535952
833	T	0.439	-0.07168561
834	C	0.321	-0.05917031
835	C	0.434	-0.06481695
836	T	-0.050	-0.05733442
837	C	0	-0.04555066
 838	A	-0.444	-0.05116281
839	A	-0.479	-0.05985923
840	A	-0.407	-0.05119196
841	A	-0.284	-0.05168896
842	G	-0.274	-0.06730484
843	T	0.088	-0.06351058
844	T	0.185	-0.05405481
845	T	-0.393	-0.05350496
846	A	-0.325	-0.05012079
847	A	-0.333	-0.0709204
848	T	-0.388	-0.05788041
849	T	0.400	-0.03445532
850	A	-0.093	-0.03385417
851	T	0.339	-0.04080346
852	A	-0.375	-0.0394287
853	G	-0.267	-0.03793936
854	T	0.133	-0.0358067
855	T	-0.090	-0.0239427
856	A	0	-0.0213959
 857	C	0.455	-0.006069697
858	C	0.480	-0.01239626
859	A	-0.214	0.007957097
860	T	-0.135	0.01809566
861	A	-0.144	0.02864124
862	T	-0.228	0.03486827
863	G	-0.168	0.04610166
864	A	-0.264	0.07114314
865	C	0.454	0.07792437
866	T	0.458	0.05759346
867	C	0.459	0.0475704
868	A	0.085	0.0295659
869	G	0.481	0.04957558
870	C	0	0.04958599
 871	A	0.072	0.04049334
872	A	-0.041	0.03218965
873	T	-0.393	0.02816944
874	A	0.113	0.003739029
875	T	-0.499	0.002196588
876	C	0.417	0.02212921
877	G	0.433	0.03865662
878	T	0.544	0.04898829
879	T	-0.181	0.05919668
880	A	0.056	0.05917897
881	C	0.517	0.05957929
882	T	-0.157	0.03451624
883	A	-0.290	0.02025439
884	A	-0.434	0.01270571
885	G	-0.272	0.02139721
886	T	0.305	0.01170265
887	A	-0.266	0.003732238
888	T	-0.175	-0.01096549
889	A	-0.372	-0.02239102
890	T	-0.136	-0.02690578
891	A	-0.374	-0.04293505
892	C	0.427	-0.03443249
893	T	0.463	-0.04998249
894	C	0.426	-0.05110743
895	A	0.206	-0.06043405
896	G	0.118	-0.04198646
897	G	-0.169	-0.03560585
898	A	-0.250	-0.04112614
899	G	-0.397	-0.02953173
900	G	-0.026	-0.006060968
901	A	0.203	0.01650039
902	C	0.381	0.02902036
903	T	0.151	0.02966224
904	G	-0.270	0.02612456
905	A	-0.427	0.01818415
906	A	-0.429	0.01432483
907	A	-0.546	0.01388824
908	A	-0.431	0.03714671
909	C	-0.210	0.03754336
910	A	-0.110	0.03600562
911	C	0.395	0.03513686
912	A	0.227	0.01680412
913	T	0.445	0.01726715
914	G	0.273	0.008727562
915	T	0.329	0.002166121
916	C	0.236	0.01386036
917	A	0.507	0.02706038
918	C	0.332	0.009434676
919	A	0.153	-0.01619674
920	C	0.326	-0.02858571
921	A	-0.387	-0.006723118
922	A	-0.445	-0.007515882
923	A	-0.503	0.006646159
924	A	-0.151	0.03626913
925	C	0.415	0.06256163
926	C	0.441	0.07225195
927	C	0.410	0.08386425
928	T	0.397	0.07767557
929	A	-0.416	0.08514948
930	T	0.134	0.08549878
931	A	-0.459	0.08995551
932	C	-0.473	0.06968436
933	A	0	0.07273572
 934	C	0.422	0.04822069
935	A	-0.396	0.03733162
936	A	-0.490	0.02158894
937	A	-0.269	0.003701412
938	T	0.472	0.02638468
939	G	-0.454	0.030521
940	T	0.051	0.03544841
941	T	0.460	0.02749129
942	C	0.462	0.002359824
943	A	0.119	-0.01773697
944	T	0.283	-0.02021282
945	G	0.184	-0.01918074
946	T	0.481	-0.001684147
947	C	0.457	-0.016962
948	A	0.424	-0.01222765
949	T	-0.359	-0.0096765
950	A	0.340	-0.01850632
951	G	-0.326	-0.04383912
952	T	-0.037	-0.02946995
953	A	-0.381	-0.02712151
954	G	-0.281	-0.02155992
955	T	0.384	-0.02308171
956	C	-0.305	-0.01292042
957	A	-0.336	-0.02306561
958	A	-0.422	-0.04895679
959	A	-0.438	-0.07837734
960	A	-0.242	-0.0891267
961	T	0.326	-0.08658655
962	G	0.432	-0.09295218
963	T	0.177	-0.09635309
964	G	-0.384	-0.1084329
965	G	-0.298	-0.1284246
966	A	-0.386	-0.1174836
967	A	-0.300	-0.1160359
968	A	-0.438	-0.1116843
969	C	0.092	-0.126252
970	A	-0.410	-0.116246
971	A	-0.080	-0.1056001
972	C	0.420	-0.105037
973	T	-0.108	-0.091174
974	G	-0.293	-0.07940109
975	A	-0.419	-0.06309342
976	A	-0.537	-0.0541918
977	A	-0.246	-0.06062627
978	T	0.370	-0.07023262
979	G	-0.031	-0.08145808
980	T	0.365	-0.07877664
981	G	0.046	-0.06330729
982	C	-0.255	-0.04143699
983	A	0.012	-0.03765158
984	A	0.389	-0.04116352
985	C	-0.178	-0.0432387
986	A	-0.532	-0.0398049
987	A	-0.041	-0.02139293
988	T	0.080	-0.03029013
989	G	0.403	-0.05423249
990	G	0.166	-0.0649381
991	A	0.063	-0.06761734
992	T	0.132	-0.04519025
993	G	-0.135	-0.03034449
994	A	-0.460	-0.0108982
995	A	0	-0.01396949
 996	T	0.050	0.00105755
997	G	0.269	-0.01373439
998	G	0.140	-0.02709683
999	A	0.445	-0.02893427
1000	T	-0.258	-0.03202595
1001	A	-0.419	-0.05972289
1002	A	-0.509	-0.04415789
1003	A	0.209	-0.03126604
1004	C	0.215	-0.01984031
1005	A	-0.382	-0.009589226
1006	A	-0.393	-0.01729252
1007	A	-0.472	-0.01413349
1008	A	-0.384	-0.002891429
1009	T	0.342	0.005692924
1010	G	-0.033	0.0148221
1011	T	0.414	0.03053816
1012	G	0.265	0.02763914
1013	G	0.479	0.03464301
1014	T	-0.137	0.02096669
1015	A	-0.407	0.01240239
1016	T	-0.317	-0.006776579
1017	A	-0.092	-0.01068681
1018	T	-0.552	-0.006696521
1019	C	0.351	0.009181629
1020	C	-0.094	-0.007537459
1021	A	0.346	-0.01886749
1022	T	0.429	-0.01558114
1023	C	0.141	0.003367012
1024	C	0.273	0.02527263
1025	A	0.446	0.05060781
1026	G	0.424	0.05537481
1027	T	0.174	0.05933916
1028	G	0.073	0.03357016
1029	G	-0.098	0.01256569
1030	A	0.288	-0.01434822
1031	A	-0.195	-0.02530386
1032	T	-0.150	-0.0266126
1033	A	-0.207	-0.0286796
1034	T	-0.391	-0.03221873
1035	T	-0.283	-0.01782058
1036	A	0.030	-0.04086831
1037	T	-0.359	-0.02496754
1038	T	-0.169	-0.0461004
1039	T	-0.271	-0.05485307
1040	A	0.250	-0.07159831
1041	G	0.272	-0.08781319
1042	C	0.477	-0.1140622
1043	C	0.504	-0.1272503
1044	T	0.101	-0.1201219
1045	T	-0.461	-0.119232
1046	A	-0.448	-0.1045596
1047	A	-0.435	-0.1059018
1048	A	-0.509	-0.09503157
1049	A	-0.451	-0.07753678
1050	A	-0.387	-0.05784122
1051	G	-0.212	-0.03385381
1052	G	-0.062	-0.01404701
1053	A	-0.432	-0.01325195
1054	A	0.446	0.001141991
1055	T	-0.371	0.0178159
1056	G	0.131	0.03066158
1057	A	-0.428	0.02679376
1058	A	-0.277	0.01879029
1059	G	-0.446	0.002358524
1060	T	-0.024	-0.01811986
1061	T	0.416	-0.009525447
1062	C	0.103	0.006276588
1063	T	0.400	0.02779185
1064	G	0.243	0.045266
1065	C	0.173	0.06518871
1066	T	0.444	0.08068531
1067	G	0.462	0.08789151
1068	C	0.424	0.08682348
1069	A	0.389	0.08683849
1070	T	0.057	0.09362973
1071	G	0.130	0.08516214
1072	C	0.397	0.1051661
1073	T	0.165	0.1134242
1074	G	0.119	0.1236452
1075	C	0	0.1182274
 1076	A	-0.081	0.1172178
1077	A	-0.191	0.1079438
1078	C	0.393	0.08620084
1079	A	0.076	0.08347296
1080	T	0.283	0.08338088
1081	G	0.158	0.06283146
1082	G	0.167	0.05478569
1083	A	0.075	0.03755201
1084	T	-0.142	0.03116586
1085	G	-0.249	0.03046374
1086	A	-0.062	0.03467189
1087	A	-0.201	0.02818812
1088	C	0.158	0.01480453
1089	C	0.308	0.003123032
1090	T	0.412	-0.01423579
1091	T	-0.080	-0.02192447
1092	G	-0.461	-0.03295891
1093	A	-0.480	-0.03654271
1094	A	-0.339	-0.04132944
1095	A	-0.322	-0.04567982
1096	A	0.010	-0.04043656
1097	C	0.397	-0.0588013
1098	A	-0.455	-0.07487551
1099	T	-0.099	-0.09460789
1100	T	-0.141	-0.1093149
1101	A	0.245	-0.1028958
1102	T	0.400	-0.09124922
1103	C	0.532	-0.1017888
1104	A	-0.162	-0.1072285
1105	T	-0.324	-0.1085826
1106	T	0	-0.1266906
 1107	A	-0.424	-0.1488413
1108	G	-0.142	-0.1541298
1109	A	-0.375	-0.153391
1110	G	-0.203	-0.1547966
1111	A	-0.354	-0.1603688
1112	T	0.245	-0.1639451
1113	G	0.254	-0.1576283
1114	G	-0.341	-0.1640642
1115	A	-0.388	-0.1467718
1116	A	-0.503	-0.1414904
1117	A	-0.424	-0.1365885
1118	C	0.075	-0.1298401
1119	C	0.146	-0.1320322
1120	A	-0.420	-0.1367601
1121	A	-0.386	-0.1298088
1122	A	0.112	-0.1255569
1123	C	-0.307	-0.1222091
1124	A	-0.340	-0.1043625
1125	T	-0.260	-0.1092051
1126	A	-0.436	-0.1115367
1127	A	-0.528	-0.1098478
1128	A	-0.528	-0.08965656
1129	A	-0.443	-0.09242295
1130	G	0.225	-0.08689659
1131	G	0.178	-0.06306662
1132	T	0.132	-0.05290767
1133	C	0.079	-0.0409866
1134	A	0.025	-0.03468469
1135	C	0.474	-0.03414063
1136	A	0.325	-0.05133007
1137	T	0.371	-0.05135657
1138	T	0.073	-0.05134872
1139	G	-0.180	-0.04370899
1140	T	0.113	-0.0226059
1141	A	0.182	-0.003049103
1142	T	-0.306	0.01407087
1143	T	-0.454	0.02637376
1144	A	-0.146	0.03662287
1145	T	0.332	0.06491726
1146	T	0.151	0.0870552
1147	C	0.442	0.09168658
1148	C	0.469	0.07957173
1149	A	-0.042	0.06415096
1150	T	-0.098	0.04803543
1151	T	-0.210	0.03261437
1152	T	0.093	0.004484074
1153	A	-0.437	-0.001489368
1154	T	-0.421	-0.007101338
1155	A	-0.386	-0.003901794
1156	T	0.372	0.004650529
1157	C	0.410	-0.006635176
1158	A	0.324	-0.02555347
1159	C	0.321	-0.01773505
1160	T	-0.018	-0.0006642588
1161	G	-0.180	0.01632398
1162	T	0.433	0.01967918
1163	C	0.308	0.01241319
1164	C	0.383	-0.01458251
1165	A	-0.233	-0.03113376
1166	G	-0.391	-0.03558239
1167	A	-0.468	-0.0434377
1168	A	-0.498	-0.04719699
1169	T	-0.481	-0.06221787
1170	A	0.122	-0.05636243
1171	G	0.181	-0.04565265
1172	G	0.182	-0.03270148
1173	C	0.110	-0.05471039
1174	A	-0.269	-0.07900669
1175	A	-0.461	-0.09812207
1176	A	-0.040	-0.1045053
1177	T	0.125	-0.09295316
1178	C	0.431	-0.09755525
1179	C	0.446	-0.1212459
1180	A	-0.095	-0.139388
1181	T	-0.475	-0.1652672
1182	A	-0.093	-0.166565
1183	G	-0.193	-0.1641627
1184	A	-0.365	-0.1486883
1185	G	-0.338	-0.1306782
1186	A	-0.416	-0.1078274
1187	T	-0.238	-0.1124954
1188	A	-0.057	-0.1120133
1189	C	0.053	-0.1147914
1190	A	-0.376	-0.1125472
1191	A	-0.415	-0.09207452
1192	A	-0.325	-0.07215135
1193	A	0.104	-0.07491632
1194	C	0.374	-0.0688715
1195	A	-0.336	-0.08721691
1196	G	-0.372	-0.09472156
1197	A	-0.308	-0.1006472
1198	T	-0.496	-0.07943992
1199	A	-0.277	-0.06612597
1200	A	-0.310	-0.06841259
1201	G	0.057	-0.06247585
1202	T	0.113	-0.04699056
1203	G	0.295	-0.04375941
1204	G	-0.035	-0.05189521
1205	T	0.197	-0.05689522
1206	T	0.087	-0.06850162
1207	C	0.186	-0.05444424
1208	C	0.426	-0.03073998
1209	C	0.216	-0.02410751
1210	A	-0.134	-0.02812145
1211	G	0.331	-0.03866934
1212	G	-0.192	-0.03852716
1213	T	0.191	-0.02575124
1214	A	-0.296	-0.02954862
1215	C	0.245	-0.01662763
1216	T	0.359	-0.01061196
1217	G	-0.271	-0.01269714
1218	G	-0.163	-0.01188694
1219	G	0.187	-0.02363585
1220	A	-0.306	-0.01968797
1221	A	-0.515	-0.02135636
1222	A	-0.227	-0.03171028
1223	A	-0.340	-0.03392786
1224	G	0.101	-0.02610836
1225	C	0.390	-0.03605544
1226	A	-0.100	-0.04595553
1227	A	-0.031	-0.03913554
1228	G	0.015	-0.05295986
1229	A	-0.331	-0.05591118
1230	G	0.061	-0.07305545
1231	G	-0.437	-0.05899712
1232	T	-0.057	-0.06280239
1233	A	-0.073	-0.07714654
1234	G	-0.381	-0.07738059
1235	G	0.085	-0.07189011
1236	A	-0.286	-0.08475452
1237	G	0.429	-0.08838132
1238	T	-0.092	-0.06468979
1239	G	-0.154	-0.05146382
1240	A	0.012	-0.03562696
1241	C	0.452	-0.03644739
1242	T	0.087	-0.03448386
1243	G	-0.120	-0.01892804
1244	C	0.096	-0.01002294
1245	T	-0.138	-0.003961003
1246	A	-0.292	0.0181817
1247	A	-0.391	0.02815661
1248	T	0.181	0.0266044
1249	G	0.116	0.02138459
1250	A	-0.128	0.01022118
1251	G	-0.279	0.005682241
1252	T	0.023	-0.01019308
1253	A	-0.249	-0.007524347
1254	T	-0.430	-0.01203523
1255	A	0.290	-0.01525296
1256	G	0.222	-0.007001994
1257	G	0.197	-0.005646779
1258	G	0.073	-0.01765584
1259	T	0.456	-0.03235596
1260	T	0.428	-0.04296302
1261	T	0.270	-0.05810528
1262	C	0.221	-0.06932416
1263	T	0.421	-0.06879263
1264	T	0.401	-0.06991134
1265	T	-0.489	-0.0802156
1266	T	-0.234	-0.07500351
1267	T	-0.452	-0.06062495
1268	G	-0.535	-0.03981886
1269	A	-0.454	-0.03089864
1270	G	-0.195	-0.02157371
1271	G	0.276	-0.008382582
1272	T	-0.202	-0.02238026
1273	G	0.125	-0.02786568
1274	A	0.058	-0.02889627
1275	T	0.044	-0.04115349
1276	G	-0.411	-0.0412019
1277	A	-0.480	-0.06205052
1278	A	-0.417	-0.0700207
1279	A	-0.519	-0.08605755
1280	A	-0.274	-0.1091403
1281	T	-0.429	-0.1176326
1282	G	-0.168	-0.09257176
1283	T	0.293	-0.08484858
1284	T	0.360	-0.05920838
1285	C	0.427	-0.03456655
1286	T	0.326	-0.01267529
1287	G	0.067	9.918235e-05
1288	C	0.018	0.002333918
1289	A	-0.185	0.02255277
1290	A	0.035	0.01719788
1291	C	0.162	0.01692902
1292	T	-0.342	0.02976985
1293	A	0.455	0.03075588
1294	G	-0.280	0.03646964
1295	A	0	0.04211985
 1296	T	-0.323	0.06586088
1297	A	-0.363	0.07486019
1298	G	0.112	0.08430783
1299	T	0.362	0.1012088
1300	G	0.027	0.09560963
1301	G	0.419	0.09812448
1302	T	0.302	0.08592097
1303	G	0.290	0.07789729
1304	T	0.238	0.0806603
1305	T	0.352	0.09492867
1306	T	0.485	0.09229364
1307	G	-0.056	0.07851462
1308	T	0.049	0.06482821
1309	T	0.480	0.06252189
1310	T	-0.378	0.04374889
1311	T	-0.286	0.04867094
1312	A	-0.225	0.06041568
1313	T	0.287	0.05987653
1314	G	0.031	0.05680727
1315	A	-0.108	0.03882044
1316	A	0.405	0.01301056
1317	C	0.102	-0.003717818
1318	T	0.445	-0.01066161
1319	T	0.012	-0.01472355
1320	G	0.053	-0.01037285
1321	T	0.161	-0.01174938
1322	G	0.503	-0.01172302
1323	A	-0.275	-0.0139292
1324	A	-0.432	-0.0001681882
1325	T	-0.302	0.0003773676
1326	A	-0.421	-0.01097812
1327	T	-0.183	-0.0006669206
1328	A	-0.112	-0.003742156
1329	C	0.399	-0.006930538
1330	T	-0.341	-0.01935033
1331	A	-0.468	-0.02027644
1332	A	-0.499	-0.002779171
1333	A	-0.515	-0.004326671
1334	A	-0.541	-0.003774906
1335	G	0.182	-0.02162929
1336	C	0.164	-0.009859871
1337	C	0.437	-0.01226007
1338	A	0.192	-0.01372678
1339	C	0.353	-0.0186576
1340	T	0.410	-0.01869257
1341	G	0.411	-0.001235279
1342	G	0.068	0.02232716
1343	A	0.094	0.03821201
1344	T	-0.027	0.04644959
1345	T	-0.391	0.06200903
1346	A	-0.334	0.05291276
1347	T	-0.135	0.07388573
1348	A	0	0.08969504
 1349	T	0.486	0.09865328
1350	A	0.353	0.1145409
1351	T	0.121	0.1273797
1352	T	-0.161	0.1261674
1353	T	0.413	0.1285314
1354	T	-0.027	0.1183546
1355	A	0.111	0.1187192
1356	T	0.335	0.1039223
1357	G	-0.276	0.1005103
1358	T	0.160	0.1029297
1359	A	0.498	0.1071493
1360	T	0.118	0.1101246
1361	T	0.096	0.1175832
1362	T	0.416	0.1170378
1363	G	0.090	0.1147112
1364	T	0.371	0.1068186
1365	T	0.069	0.09305391
1366	T	-0.194	0.09063941
1367	G	0.024	0.06837624
1368	T	-0.104	0.05131362
1369	T	0.141	0.04419841
1370	A	0.244	0.02048794
1371	G	0.091	0.01134378
1372	G	0.204	-0.004370871
1373	A	-0.149	-0.02782922
1374	C	0.294	-0.02892325
1375	T	0.493	-0.02224175
1376	G	0.211	-0.03026234
1377	T	0.196	-0.03375502
1378	C	0.225	-0.03063939
1379	A	-0.409	-0.03909586
1380	T	-0.413	-0.03877668
1381	A	-0.403	-0.04763762
1382	A	-0.468	-0.03773093
1383	C	0.404	-0.02349879
1384	A	-0.403	-0.01755664
1385	A	-0.458	-0.02510802
1386	A	-0.403	-0.0202232
1387	T	-0.393	-0.02390602
1388	A	-0.338	-0.03070412
1389	A	-0.422	-0.03843391
1390	T	-0.461	-0.03313842
1391	A	-0.313	-0.0431221
1392	C	0.387	-0.05765034
1393	T	0.225	-0.07457016
1394	A	0	-0.09189804
 1395	C	0.202	-0.1106625
1396	A	0.128	-0.1141963
1397	G	0.100	-0.1163241
1398	G	0.069	-0.1067673
1399	C	0.406	-0.09497169
1400	T	0.289	-0.1113526
1401	G	0.226	-0.09735453
1402	G	-0.361	-0.09299191
1403	T	0.307	-0.08748189
1404	G	0.119	-0.08003486
1405	G	-0.139	-0.07635121
1406	C	-0.058	-0.05682221
1407	A	0.030	-0.03458509
1408	A	-0.045	-0.01328118
1409	C	0	-0.01988662
 1410	A	-0.363	-0.02460638
1411	G	-0.393	-0.01519791
1412	A	-0.412	-0.02054413
1413	A	-0.529	-0.02483741
1414	A	-0.485	-0.03125176
1415	T	-0.078	-0.02735529
1416	G	-0.066	-0.03012508
1417	T	-0.152	-0.04966605
1418	A	0.072	-0.04222323
1419	T	-0.310	-0.0315967
1420	T	-0.215	-0.02658049
1421	T	-0.139	-0.01800382
1422	T	-0.213	-0.01186147
1423	C	0.241	-0.02305592
1424	T	0.294	-0.03106211
1425	C	0.410	-0.04467184
1426	A	0.163	-0.04887014
1427	C	0.065	-0.04285346
1428	C	0.319	-0.0225399
1429	G	0.021	0.003835362
1430	T	-0.017	0.03204324
1431	G	-0.117	0.05096801
1432	T	0.202	0.06697949
1433	G	0.312	0.0818624
1434	G	-0.375	0.0974044
1435	A	0.479	0.1031771
1436	G	0	0.1091364
 1437	T	0.478	0.1013946
1438	C	0.411	0.09286312
1439	T	0.069	0.08512932
1440	A	-0.438	0.07170682
1441	G	-0.242	0.05700868
1442	A	-0.507	0.05021709
1443	A	-0.142	0.05961471
1444	G	-0.159	0.07113314
1445	T	0.297	0.06567293
1446	C	0.484	0.06449044
1447	C	0.429	0.05079119
1448	A	0.157	0.05011854
1449	C	0.465	0.0421217
1450	A	0.439	0.03212196
1451	G	0.375	0.05138676
1452	T	0.268	0.05099641
1453	C	-0.107	0.05358643
1454	A	-0.479	0.0268764
1455	A	-0.430	0.007907103
1456	A	-0.476	-0.003020597
1457	A	-0.214	0.007194894
1458	T	-0.205	0.0157966
1459	G	0.179	0.04188399
1460	T	0.482	0.03991693
1461	C	0.457	0.04135578
1462	T	0.134	0.02653993
1463	C	-0.019	0.0238124
1464	A	-0.483	0.02122696
1465	A	-0.140	0.01907236
1466	G	-0.069	0.006935912
1467	G	-0.027	-0.002748529
1468	G	0.279	-0.005509706
1469	T	0.466	-0.001918294
1470	T	0.088	0.01466706
1471	G	-0.429	0.04153815
1472	T	-0.233	0.06108032
1473	T	-0.301	0.08633115
1474	T	-0.091	0.08465474
1475	T	0.050	0.07828247
1476	C	0.379	0.0641565
1477	A	-0.209	0.03786782
1478	T	-0.110	0.02127565
1479	T	-0.206	0.01447804
1480	C	0.391	0.02801632
1481	T	0.341	0.05298044
1482	C	0.084	0.07114126
1483	A	0.053	0.07444094
1484	G	0.109	0.06856444
1485	G	0.281	0.06547964
1486	C	0.390	0.03914938
1487	C	0.456	0.03178133
1488	T	0.434	0.033275
1489	C	0.234	0.04350168
1490	T	0.382	0.04627065
1491	T	-0.271	0.05910101
1492	T	-0.422	0.06341948
1493	T	-0.300	0.06615898
1494	T	-0.410	0.06689869
1495	T	-0.107	0.06094948
1496	G	-0.096	0.07507539
1497	G	0.441	0.06920498
1498	C	0.365	0.07059136
1499	T	0.477	0.07906549
1500	T	0.042	0.09040782
1501	G	-0.227	0.09915399
1502	T	0.175	0.09791155
1503	A	-0.428	0.07601664
1504	G	-0.162	0.0715967
1505	A	-0.378	0.07005529
1506	T	0.113	0.06819302
1507	G	-0.207	0.06912185
1508	G	0.344	0.08970505
1509	C	0.197	0.1099512
1510	T	0.472	0.1158029
1511	A	-0.184	0.1363243
1512	A	-0.312	0.1468847
1513	C	0.274	0.1458169
1514	T	0.192	0.1356307
1515	T	0.388	0.132754
1516	C	0.372	0.1121353
1517	C	0.438	0.117408
1518	C	0.407	0.1269153
1519	T	0.239	0.1338475
1520	G	-0.354	0.1592371
1521	T	0.306	0.1767676
1522	G	0.382	0.1999676
1523	G	0.171	0.2097622
1524	C	0.413	0.2132406
1525	C	0.427	0.2011835
1526	T	0.266	0.1819484
1527	C	-0.101	0.1654883
1528	A	0.286	0.1830941
1529	C	0.251	0.2056401
1530	A	-0.133	0.2065713
1531	T	0.094	0.2142818
1532	G	0.267	0.2084956
1533	G	-0.223	0.2015653
1534	T	0.221	0.1923691
1535	C	0.095	0.1759944
1536	A	0.410	0.1736428
1537	C	0.434	0.187617
1538	C	0.433	0.1890379
1539	C	0.409	0.1892986
1540	C	0.446	0.1913656
1541	T	-0.089	0.1894425
1542	T	-0.065	0.1875751
1543	G	-0.456	0.1876124
1544	G	-0.087	0.1972352
1545	T	0.414	0.1970861
1546	C	0.454	0.1951461
1547	T	0.305	0.2136151
1548	G	0.454	0.2080382
1549	T	0.191	0.1937031
1550	G	0.137	0.1933986
1551	T	0.126	0.1966023
1552	G	-0.149	0.200396
1553	T	0.159	0.1964745
1554	T	0.121	0.191927
1555	G	0.354	0.1873735
1556	T	0.390	0.1838862
1557	C	0.241	0.1776905
1558	T	0.348	0.1858048
1559	G	0.364	0.1752161
1560	T	0.267	0.1768251
1561	G	0.225	0.1703469
1562	T	0.281	0.1424256
1563	C	0.185	0.1129034
1564	C	0.494	0.09377601
1565	T	-0.094	0.07314822
1566	A	-0.219	0.06667239
1567	A	-0.233	0.07116965
1568	C	0.330	0.07124847
1569	C	0.224	0.08801886
1570	T	0.277	0.09332515
1571	C	0.279	0.08582744
1572	C	0.278	0.07225241
1573	T	0.291	0.07483136
1574	C	0.236	0.07276924
1575	T	0.186	0.06438686
1576	T	-0.425	0.06238571
1577	A	-0.402	0.04409686
1578	T	-0.307	0.04016958
1579	A	-0.535	0.03096846
1580	A	-0.549	0.01801946
1581	G	-0.344	-0.006309859
1582	G	-0.246	-0.01691534
1583	A	-0.028	-0.01413958
1584	C	0.289	-0.004313668
1585	A	0.128	-0.02783584
1586	C	0.420	-0.03575939
1587	C	0.340	-0.03544292
1588	A	-0.133	-0.03061468
1589	G	-0.107	-0.02971356
1590	T	0.478	-0.0257983
1591	C	0.171	-0.02036648
1592	A	0.063	-0.01162118
1593	T	0.296	0.002696497
1594	A	-0.354	0.01313779
1595	T	0.092	0.009850435
1596	T	-0.031	0.01342282
1597	G	-0.254	0.02581899
1598	A	-0.332	0.03715881
1599	A	-0.455	0.05253687
1600	T	-0.125	0.05881815
1601	T	0.100	0.04682879
1602	A	-0.468	0.05775871
1603	G	-0.044	0.04314736
1604	G	0.288	0.03314607
1605	G	0.444	0.03102807
1606	C	0.309	0.03075645
1607	C	0.424	0.01709993
1608	C	0.420	0.02154081
1609	A	0.483	0.02769281
1610	C	0.061	0.02865375
1611	A	-0.047	0.03750803
1612	T	-0.419	0.02088148
1613	A	-0.413	0.009865129
1614	T	-0.128	0.02196069
1615	A	0.040	0.03706928
1616	T	0.275	0.06264784
1617	G	0.185	0.06967442
1618	A	-0.117	0.07891866
1619	C	0.500	0.1056133
1620	A	-0.076	0.120613
1621	T	0	0.1276393
 1622	T	-0.205	0.1174811
1623	T	-0.116	0.09510747
1624	T	0.014	0.069727
1625	A	0.322	0.04925544
1626	C	0.272	0.0189638
1627	C	0.328	0.001102912
1628	T	-0.053	0.01197912
1629	T	-0.473	0.01720897
1630	A	-0.405	0.03850856
1631	C	0.156	0.05084915
1632	T	0.181	0.06292766
1633	T	0.414	0.05987039
1634	G	0.113	0.05314549
1635	T	0.414	0.06746311
1636	C	0.438	0.06510449
1637	T	0.465	0.07258966
1638	C	0.527	0.08503916
1639	T	0.098	0.1040024
1640	T	-0.451	0.1004662
1641	T	-0.438	0.08774662
1642	A	-0.275	0.06519695
1643	A	-0.546	0.0636648
1644	A	-0.545	0.0576398
1645	G	0.322	0.05561531
1646	G	-0.241	0.05755687
1647	T	0.310	0.05689249
1648	C	0.291	0.04999611
1649	C	0.451	0.05812955
1650	C	0.172	0.05794929
1651	A	-0.043	0.07000023
1652	T	0.369	0.05108805
1653	C	0.420	0.03777732
1654	T	0.178	0.02409541
1655	C	0.423	0.01186579
1656	C	0.438	0.006919165
1657	A	-0.236	0.004423165
1658	A	-0.418	0.009465694
1659	A	-0.444	0.03148699
1660	T	0.220	0.03534858
1661	T	0.124	0.04545549
1662	C	-0.122	0.04214784
1663	A	-0.407	0.05873734
1664	A	-0.428	0.03991616
1665	T	-0.077	0.0442329
1666	C	0.457	0.02878271
1667	A	0.408	0.0199975
1668	C	0.523	0.01811049
1669	A	-0.228	0.001955782
1670	T	-0.013	-0.008996724
1671	T	0	-0.02133443
 1672	C	0.111	-0.04056287
1673	T	-0.069	-0.05760296
1674	A	-0.536	-0.05064234
1675	A	-0.267	-0.04732531
1676	G	0.473	-0.02787755
1677	G	-0.414	-0.02222896
1678	T	-0.202	-0.02129464
1679	A	0.210	-0.01005993
1680	C	0.322	0.01336404
1681	T	-0.329	0.03769513
1682	A	0.438	0.05188051
1683	G	-0.073	0.03786248
1684	A	-0.126	0.02687218
1685	G	-0.107	0.01383793
1686	G	-0.180	0.03464543
1687	T	0.047	0.03475642
1688	G	-0.241	0.03806978
1689	T	-0.230	0.03265324
1690	T	-0.140	0.02618113
1691	A	0	0.04377669
 1692	G	-0.305	0.04011401
1693	G	0.216	0.01540296
1694	A	0.412	0.02548383
1695	C	0.155	0.02307286
1696	T	0.259	0.007501362
1697	T	0.389	0.004138862
1698	C	0.398	0.02405383
1699	C	0.404	0.01686645
1700	A	-0.018	0.01717191
1701	C	0.034	0.02976711
1702	A	0.080	0.0416152
1703	C	0.478	0.04951236
1704	G	-0.010	0.0513366
1705	T	0.112	0.06950593
1706	G	-0.072	0.08315543
1707	A	-0.289	0.0936754
1708	A	0.062	0.08834528
1709	T	-0.391	0.09643976
1710	T	-0.366	0.09869626
1711	T	-0.072	0.08956126
1712	A	-0.284	0.08221061
1713	G	-0.319	0.07410416
1714	T	0.208	0.05592508
1715	T	0.347	0.05209737
1716	G	0.193	0.03527261
1717	G	-0.063	0.05030505
1718	G	0.301	0.05978038
1719	G	0.295	0.05343036
1720	A	0.088	0.03080689
1721	G	0.109	0.02438081
1722	G	0.376	0.008824041
1723	G	0.233	-0.004148368
1724	A	0.217	0.004366044
1725	G	-0.181	0.006074776
1726	A	-0.030	0.03002466
1727	C	0.293	0.03294657
1728	A	0.101	0.0350674
1729	C	-0.094	0.04971072
1730	A	-0.015	0.07154143
1731	A	-0.228	0.07111881
1732	C	0.268	0.07292702
1733	A	-0.167	0.07464475
1734	C	0.492	0.08110758
1735	T	0.356	0.05822096
1736	T	-0.135	0.05047673
1737	G	-0.290	0.0386286
1738	A	-0.228	0.04626307
1739	A	-0.416	0.03010869
1740	A	-0.513	0.01935531
1741	A	0	0.009030747
 1742	C	0.120	0.01730775
1743	C	0.422	0.01101465
1744	T	-0.267	-0.002494641
1745	A	0	-0.01180691
 1746	G	0.213	-0.003431853
1747	G	0.423	-0.01091826
1748	G	0.193	-0.01756417
1749	G	0.409	-0.03376881
1750	T	0.252	-0.03226323
1751	G	0.156	-0.05650052
1752	A	-0.476	-0.06990116
1753	A	0.031	-0.07824319
1754	T	-0.314	-0.0782321
1755	T	0.369	-0.08444587
1756	T	-0.172	-0.07460126
1757	T	-0.132	-0.06599134
1758	A	-0.133	-0.05437455
1759	T	0.100	-0.04495902
1760	G	-0.244	-0.04625934
1761	A	-0.165	-0.0319667
1762	T	-0.214	-0.0189939
1763	A	0.190	-0.03815564
1764	T	-0.270	-0.05169439
1765	G	-0.454	-0.05993059
1766	T	-0.282	-0.07322629
1767	A	-0.116	-0.08150001
1768	A	-0.331	-0.09760954
1769	A	-0.098	-0.08716742
1770	T	-0.419	-0.08989112
1771	T	-0.289	-0.09350986
1772	A	-0.439	-0.1121546
1773	T	-0.081	-0.1189739
1774	A	-0.221	-0.1281558
1775	C	0.394	-0.1338093
1776	C	0.440	-0.1472612
1777	T	0.378	-0.1502154
1778	C	0.218	-0.1575462
1779	A	0.441	-0.1606256
1780	A	-0.437	-0.1812413
1781	T	-0.037	-0.1618057
1782	T	-0.086	-0.1435331
1783	T	-0.042	-0.1221819
1784	T	-0.029	-0.1204447
1785	G	-0.391	-0.1066063
1786	A	-0.121	-0.1009222
1787	A	-0.060	-0.07377014
1788	A	-0.437	-0.07755743
1789	A	-0.264	-0.05426573
1790	A	-0.404	-0.05106274
1791	T	-0.444	-0.02952992
1792	A	-0.326	-0.0253421
1793	T	-0.357	-0.03829233
1794	A	-0.344	-0.04908594
1795	A	-0.415	-0.06638644
1796	G	-0.319	-0.06466426
1797	A	-0.510	-0.06284752
1798	A	0.390	-0.0701165
1799	C	0.166	-0.0804773
1800	C	0.443	-0.07294452
1801	T	-0.056	-0.08671518
1802	A	0.138	-0.08250141
1803	C	0.094	-0.07992016
1804	T	0.503	-0.08221958
1805	T	-0.418	-0.06527638
1806	T	0.352	-0.06984058
1807	T	0.027	-0.06939146
1808	C	0.510	-0.06960608
1809	T	0.537	-0.06802758
1810	T	0	-0.06497879
 1811	T	0.011	-0.05591173
1812	C	-0.369	-0.02961603
1813	C	0.499	-0.02347776
1814	A	-0.375	-0.01906691
1815	A	-0.284	-0.04263235
1816	A	-0.438	-0.06217935
1817	T	0.213	-0.08027276
1818	A	-0.497	-0.06576245
1819	A	-0.247	-0.07904477
1820	G	-0.033	-0.09113493
1821	T	-0.138	-0.1188356
1822	T	0.138	-0.119402
1823	T	-0.419	-0.1450589
1824	G	-0.389	-0.1577013
1825	A	-0.451	-0.1809133
1826	A	-0.272	-0.2111979
1827	A	-0.253	-0.2188738
1828	A	-0.036	-0.2236294
1829	C	0.478	-0.2258974
1830	T	-0.110	-0.2502386
1831	T	-0.360	-0.2499808
1832	A	-0.410	-0.2447122
1833	A	-0.498	-0.2311881
1834	A	-0.171	-0.2330458
1835	T	0.436	-0.2168351
1836	G	-0.312	-0.202804
1837	A	-0.316	-0.1896687
1838	A	-0.437	-0.173201
1839	A	-0.438	-0.1654142
1840	A	-0.520	-0.1426071
1841	A	-0.402	-0.117229
1842	A	-0.278	-0.09757146
1843	G	-0.492	-0.0775426
1844	T	-0.260	-0.06429913
1845	A	-0.150	-0.05447957
1846	A	-0.446	-0.07525886
1847	T	-0.327	-0.08375916
1848	T	-0.367	-0.07456131
1849	T	-0.105	-0.07468004
1850	T	0.021	-0.07010736
1851	C	0.150	-0.07586289
1852	A	0.053	-0.07622728
1853	G	0.229	-0.07762519
1854	C	0.412	-0.06440778
1855	T	0.420	-0.03959995
1856	G	0.403	-0.01349269
1857	G	0.355	0.01532414
1858	G	0.473	0.04272299
1859	C	0.216	0.06309516
1860	A	0.408	0.08772111
1861	C	0.196	0.1036768
1862	A	0.297	0.1135461
1863	G	-0.227	0.1257433
1864	T	-0.399	0.1310714
1865	A	-0.047	0.148745
1866	G	-0.414	0.1655569
1867	T	-0.342	0.176129
1868	A	-0.367	0.1707538
1869	C	0.423	0.1767952
1870	A	-0.360	0.1700579
1871	C	0.132	0.1554101
1872	A	0.405	0.1406826
1873	C	0.449	0.1253067
1874	C	0.459	0.1257989
1875	T	0.529	0.1034663
1876	G	0.414	0.0879266
1877	T	0.344	0.07128275
1878	C	0.281	0.05696343
1879	A	0.185	0.04876022
1880	G	-0.031	0.06172672
1881	T	-0.146	0.07673728
1882	C	0.233	0.09044034
1883	C	0.466	0.1086788
1884	C	0.380	0.1109939
1885	A	-0.032	0.1134139
1886	G	0.259	0.09333916
1887	T	0	0.09229931
 1888	T	-0.085	0.07509116
1889	A	-0.079	0.06227072
1890	C	-0.119	0.04577137
1891	T	0.372	0.03396258
1892	C	-0.285	0.01913345
1893	A	-0.311	0.01826062
1894	A	-0.157	-0.002456994
1895	G	-0.290	-0.02162729
1896	A	0.018	-0.04042361
1897	G	0.213	-0.03350015
1898	G	0.110	-0.02461586
1899	C	0.418	-0.01833447
1900	T	0.205	-0.02111453
1901	G	-0.263	-0.03160731
1902	A	-0.284	-0.04407581
1903	G	-0.258	-0.06280205
1904	G	-0.395	-0.06762787
1905	A	-0.452	-0.05729676
1906	A	-0.030	-0.0417627
1907	G	-0.111	-0.02586584
1908	G	0.058	-0.02956396
1909	A	0.024	-0.01906472
1910	G	0.384	-0.01563743
1911	G	-0.359	-0.01017064
1912	A	-0.370	-0.01462519
1913	T	-0.453	-0.02505146
1914	T	0.203	-0.04263316
1915	G	0.155	-0.06149799
1916	C	0.447	-0.08960063
1917	T	0.371	-0.1050191
1918	T	0.024	-0.08848407
1919	G	-0.456	-0.07467919
1920	A	-0.377	-0.05983696
1921	G	-0.164	-0.03725213
1922	A	0.266	-0.02293298
1923	C	0.448	-0.008651544
1924	C	0.420	0.00623175
1925	A	0.246	0.01811874
1926	G	0.071	0.02938717
1927	G	-0.194	0.03008899
1928	A	0.028	0.04189251
1929	G	-0.441	0.05872333
1930	T	-0.335	0.07055807
1931	T	-0.384	0.05801913
1932	T	-0.530	0.03885457
1933	A	-0.537	0.01290945
1934	A	-0.318	-0.01052461
1935	G	0.298	-0.004372332
1936	G	0.184	0.01690879
1937	C	0.246	0.03550111
1938	T	0.372	0.03796737
1939	G	0.034	0.03941975
1940	C	0.455	0.02377845
1941	A	0.394	0.002616835
1942	T	0.462	-0.009535047
1943	C	0.407	-0.009471359
1944	T	0.408	-0.0007633882
1945	G	0.041	0.004490232
1946	T	0.201	0.02252126
1947	G	-0.051	0.04492547
1948	A	-0.222	0.05673785
1949	A	-0.496	0.07548406
1950	T	-0.434	0.1035073
1951	A	-0.424	0.1257902
1952	G	0.233	0.1296327
1953	T	0.266	0.1338586
1954	C	0.254	0.139365
1955	A	-0.080	0.136266
1956	C	0.315	0.1422695
1957	G	-0.083	0.1312441
1958	G	-0.298	0.1278111
1959	T	-0.166	0.1164064
1960	A	0.073	0.1005474
1961	C	0.101	0.08092056
1962	T	0.207	0.07054949
1963	C	0.171	0.05535246
1964	C	0.425	0.05009807
1965	A	0.017	0.0509974
1966	G	0.106	0.05868807
1967	C	0.415	0.05956772
1968	C	0.438	0.05880301
1969	T	0.428	0.06230681
1970	G	0.328	0.06020393
1971	G	0.433	0.06447713
1972	G	0.266	0.07124423
1973	C	0.238	0.0672029
1974	A	0.080	0.07364429
1975	A	0.277	0.09126776
1976	C	0.074	0.1078276
1977	A	-0.131	0.1209098
1978	T	-0.258	0.1211411
1979	A	-0.310	0.1024297
1980	A	-0.314	0.08699854
1981	T	-0.230	0.06153427
1982	G	-0.192	0.04789159
1983	A	-0.234	0.0309748
1984	G	-0.404	0.004648094
1985	A	-0.450	-0.02022694
1986	C	0.352	-0.04500288
1987	C	0.195	-0.06681649
1988	C	0.399	-0.09075561
1989	C	0.149	-0.1105617
1990	A	0.178	-0.1308802
1991	T	0.135	-0.1479266
1992	C	0.300	-0.1697528
1993	T	0.396	-0.1816051
1994	C	0.518	-0.1741918
1995	T	0.108	-0.170647
1996	T	-0.428	-0.1571276
1997	A	-0.353	-0.1400585
1998	A	-0.439	-0.1382426
1999	A	-0.446	-0.1225441
2000	A	-0.468	-0.1033946
2001	A	-0.479	-0.078508
2002	A	-0.407	-0.05595179
2003	A	-0.413	-0.05957829
2004	A	-0.413	-0.05320591
2005	A	-0.380	-0.05182303
2006	A	-0.406	-0.06056821
2007	A	-0.452	-0.08089235
2008	A	-0.499	-0.07948832
2009	A	-0.464	-0.1001962
2010	A	-0.328	-0.1184985
2011	G	0.120	-0.1470228
2012	A	-0.138	-0.138616
2013	T	0.148	-0.1134312
2014	G	0.265	-0.09050709
2015	G	-0.168	-0.07187547
2016	T	0.341	-0.04548794
2017	C	0.416	-0.02311526
2018	A	0.441	-0.01512321
2019	G	0.315	0.006743206
2020	G	0.229	0.01619253
2021	T	0.412	0.01688103
2022	G	0.446	0.02238126
2023	C	-0.147	0.02088317
2024	A	-0.512	0.03536306
2025	A	0.183	0.05390015
2026	T	-0.403	0.07243554
2027	G	-0.225	0.07294801
2028	A	-0.451	0.08056245
2029	C	0.394	0.09027571
2030	T	0.427	0.07155377
2031	C	0.426	0.05629006
2032	A	0.193	0.04931362
2033	C	0.450	0.04227077
2034	A	0.292	0.03002895
2035	C	-0.207	0.02887598
2036	T	0.336	0.01069792
2037	T	-0.092	0.005086603
2038	T	-0.389	-0.01046951
2039	G	-0.193	-0.03704931
2040	A	-0.457	-0.03872587
2041	G	0.040	-0.02202685
2042	A	0.131	-0.03514641
2043	G	0.166	-0.01394817
2044	G	-0.311	0.004894653
2045	T	0.379	0.03115451
2046	C	0.191	0.03060233
2047	A	-0.487	0.01327115
2048	A	-0.253	-0.01118635
2049	G	-0.405	-0.02858788
2050	G	0.101	-0.04594111
2051	T	0	-0.03958538
 2052	G	0.402	-0.03347705
2053	T	-0.302	-0.04140776
2054	G	0.038	-0.03225399
2055	A	-0.116	-0.01837892
2056	G	-0.456	-0.01710321
2057	G	-0.204	-0.006375524
2058	A	0.054	-0.006540724
2059	T	-0.262	-0.01185763
2060	C	0.317	-0.02490086
2061	C	0.415	-0.03120086
2062	C	0.441	-0.05834331
2063	T	0.376	-0.07715942
2064	T	-0.161	-0.06819348
2065	G	-0.405	-0.06723595
2066	A	-0.398	-0.04260001
2067	A	-0.139	-0.04075413
2068	T	0.508	-0.04479357
2069	C	0	-0.05001054
 2070	T	0.066	-0.02996331
2071	A	0.219	-0.01956043
2072	G	0.081	-0.005255579
2073	G	-0.150	0.01150371
2074	A	-0.092	0.02229724
2075	G	0.034	0.01151261
2076	T	-0.049	0.02306802
2077	T	-0.277	0.005361047
2078	T	-0.525	0.003347635
2079	A	-0.543	-0.0161461
2080	A	-0.447	-0.03016122
2081	G	-0.182	-0.03421269
2082	A	-0.220	-0.02667172
2083	C	0.432	-0.01874401
2084	C	0.164	-0.01513366
2085	A	-0.137	-0.0434496
2086	G	0.224	-0.05562792
2087	C	0.379	-0.06684416
2088	C	0.391	-0.06576922
2089	T	0.369	-0.05640752
2090	G	0.113	-0.04324411
2091	G	0.162	-0.02819104
2092	A	-0.311	-0.02340131
2093	C	0.130	-0.01583829
2094	A	-0.284	-0.008070003
2095	A	0.346	0.02082756
2096	C	-0.221	0.05115444
2097	A	-0.100	0.080381
2098	T	-0.299	0.09139497
2099	A	-0.148	0.08609679
2100	G	-0.128	0.07338661
2101	T	-0.016	0.05550276
2102	G	-0.454	0.05016497
2103	A	-0.414	0.02969959
2104	G	-0.314	0.005917056
2105	A	0.255	-0.01676609
2106	C	0.400	-0.03879777
2107	C	0.297	-0.05322777
2108	C	0.418	-0.06996094
2109	T	0.197	-0.07502377
2110	G	0.207	-0.0901298
2111	A	-0.013	-0.09503909
2112	C	0.457	-0.1134509
2113	T	0.488	-0.09201294
2114	C	0.545	-0.07493362
2115	T	0.191	-0.07881318
2116	A	-0.400	-0.08086212
2117	C	0	-0.08119359
 2118	A	-0.443	-0.0695718
2119	A	-0.318	-0.04380965
2120	A	-0.471	-0.02530192
2121	A	-0.429	-0.02017009
2122	A	-0.379	-0.02723024
2123	A	-0.379	-0.0402617
2124	T	-0.377	-0.04328764
2125	A	-0.406	-0.05303
2126	A	-0.484	-0.04697265
2127	A	-0.383	-0.05033601
2128	A	-0.451	-0.038251
2129	A	-0.279	-0.04053609
2130	C	0.507	-0.04139327
2131	T	0.480	-0.04524706
2132	T	-0.431	-0.04675821
2133	A	-0.218	-0.03737752
2134	G	-0.139	-0.04192969
2135	C	0.378	-0.02670719
2136	C	0.421	-0.006485988
2137	A	0.215	0.02116051
2138	G	-0.140	0.04948478
2139	G	0.015	0.07408801
2140	T	-0.043	0.07074342
2141	A	0.194	0.0723966
2142	T	0.087	0.09632601
2143	G	0.403	0.1174507
2144	G	0.093	0.1421462
2145	T	0.397	0.1682577
2146	G	0.379	0.1863499
2147	G	0.458	0.184418
2148	C	0.414	0.1732144
2149	A	0.140	0.1944356
2150	C	-0.081	0.2160327
2151	A	-0.154	0.2231981
2152	T	0.074	0.2050558
2153	G	0.368	0.1802059
2154	C	0.468	0.1850028
2155	C	0.533	0.194563
2156	T	0.457	0.2012209
2157	A	-0.493	0.205034
2158	T	-0.321	0.20108
2159	G	0.407	0.2019906
2160	G	0.234	0.1934369
2161	T	0.456	0.1853075
2162	C	0.436	0.184178
2163	G	0.335	0.1750355
2164	C	0.441	0.1647629
2165	A	0.099	0.1425463
2166	G	0.289	0.1320122
2167	C	0.515	0.1254344
2168	T	0.103	0.1299866
2169	A	-0.238	0.1264096
2170	C	-0.423	0.1230161
2171	T	0.378	0.1160716
2172	T	0.184	0.1098912
2173	G	0.241	0.1012779
2174	G	0.086	0.1045531
2175	G	0.059	0.1174615
2176	A	0.118	0.1076714
2177	G	0.112	0.1118363
2178	A	-0.183	0.1112023
2179	C	0.359	0.1107636
2180	T	0.068	0.1124635
2181	C	0.109	0.1054254
2182	A	-0.340	0.09781227
2183	G	-0.217	0.09029041
2184	A	-0.305	0.08717559
2185	T	0	0.09782212
 2186	G	-0.047	0.1171612
2187	G	0.253	0.1386074
2188	G	0.232	0.1173698
2189	A	0.323	0.09753109
2190	G	0.164	0.08855128
2191	G	-0.381	0.07680014
2192	A	0.117	0.08740571
2193	T	0.074	0.09262741
2194	C	0.375	0.09390821
2195	G	0.434	0.09837615
2196	C	0.421	0.08458901
2197	T	0.393	0.08781873
2198	T	0.202	0.07874929
2199	G	-0.159	0.09417173
2200	A	0.034	0.1141065
2201	G	0.409	0.1301298
2202	C	0.465	0.1337017
2203	C	0.419	0.1456612
2204	T	0.305	0.1518256
2205	T	-0.343	0.1421131
2206	G	-0.489	0.1214019
2207	G	-0.063	0.1028317
2208	A	-0.312	0.1100294
2209	G	0.420	0.1117976
2210	G	0.296	0.1189473
2211	T	0.155	0.1141261
2212	G	-0.031	0.1085806
2213	G	-0.109	0.08632394
2214	A	0.178	0.06304638
2215	G	-0.198	0.05321488
2216	A	0.183	0.06054135
2217	C	0.459	0.06867956
2218	T	0.239	0.06345741
2219	G	0.121	0.054472
2220	C	0.359	0.05411682
2221	A	0.462	0.05857356
2222	G	-0.097	0.07953764
2223	T	-0.380	0.0784597
2224	G	-0.466	0.06909846
2225	A	-0.137	0.07055296
2226	G	0.177	0.05762056
2227	C	0.317	0.05060735
2228	C	0.211	0.05787359
2229	A	0.246	0.07231796
2230	T	-0.335	0.07270114
2231	G	-0.397	0.06050794
2232	A	-0.131	0.05046444
2233	T	0.089	0.04593199
2234	C	0.310	0.04489708
2235	T	0.232	0.05050776
2236	C	0.160	0.04951126
2237	A	0.407	0.04597861
2238	C	0.457	0.03726452
2239	C	0.368	0.03102507
2240	A	-0.526	0.04845592
2241	T	-0.381	0.07114642
2242	T	-0.263	0.06836983
2243	G	-0.019	0.06956321
2244	C	0.057	0.06634036
2245	G	0.402	0.0672128
2246	C	0.459	0.07070454
2247	T	-0.096	0.09323154
2248	T	-0.236	0.1020297
2249	A	-0.540	0.1029711
2250	G	0.029	0.08795461
2251	C	0.424	0.07484214
2252	C	0.429	0.06173611
2253	T	0.087	0.0638937
2254	G	0.239	0.05636885
2255	G	0.166	0.0549437
2256	G	-0.309	0.05510088
2257	A	0.212	0.07841429
2258	G	0.304	0.09848244
2259	G	-0.231	0.1195858
2260	C	0.218	0.1349363
2261	A	0.207	0.1238612
2262	G	0.241	0.1020429
2263	G	0.364	0.07506204
2264	G	0.430	0.06509266
2265	T	-0.098	0.05854616
2266	G	-0.099	0.06160113
2267	A	-0.421	0.05378875
2268	G	-0.134	0.02913746
2269	A	-0.213	0.004334015
2270	C	0.233	-0.01039996
2271	C	0.151	-0.02959231
2272	C	0.408	-0.04665166
2273	T	0.374	-0.0497024
2274	G	0.266	-0.06714146
2275	T	0.300	-0.08935408
2276	C	0.454	-0.09482875
2277	T	0.502	-0.112455
2278	C	-0.318	-0.1274321
2279	A	-0.338	-0.1449691
2280	A	-0.457	-0.1598151
2281	A	-0.435	-0.1666607
2282	A	-0.458	-0.1494604
2283	A	-0.436	-0.1394675
2284	A	-0.235	-0.1322844
2285	A	-0.413	-0.1352974
2286	A	-0.413	-0.1403312
2287	A	-0.413	-0.1565833
2288	A	-0.413	-0.1733132
2289	A	-0.413	-0.1979941
2290	A	-0.413	-0.2247653
2291	A	-0.380	-0.2454419
2292	A	-0.450	-0.2511759
2293	A	-0.417	-0.2533256
2294	A	-0.381	-0.2579486
2295	A	-0.301	-0.2531241
2296	A	-0.354	-0.2578563
2297	G	-0.139	-0.2562552
2298	T	0.197	-0.2426861
2299	T	0.486	-0.240817
2300	T	0.239	-0.2355397
2301	A	-0.176	-0.236702
2302	T	-0.237	-0.2339256
2303	T	-0.384	-0.2086002
2304	T	-0.318	-0.1953069
2305	T	-0.417	-0.1687405
2306	T	-0.430	-0.1500777
2307	A	-0.535	-0.1261504
2308	A	-0.436	-0.1145029
2309	G	0.105	-0.1051256
2310	G	0.380	-0.1050058
2311	C	0.345	-0.1065591
2312	A	-0.154	-0.1105401
2313	A	-0.499	-0.09007056
2314	A	-0.403	-0.07851379
2315	T	0.025	-0.07276232
2316	A	-0.395	-0.07975788
2317	T	-0.256	-0.07499038
2318	A	-0.275	-0.05690244
2319	T	-0.318	-0.05035529
2320	T	0.447	-0.04267771
2321	T	0.038	-0.03740179
2322	C	0.489	-0.02356332
2323	A	0.221	-0.01208551
2324	T	0.400	0.01211635
2325	C	0.015	0.01965629
2326	A	-0.131	0.007625318
2327	A	-0.413	-0.005112406
2328	A	-0.433	-0.006457965
2329	A	-0.436	-0.0085712
2330	T	0.341	0.005655068
2331	T	0.252	0.007828774
2332	G	0.393	0.008277382
2333	G	0.248	0.02962071
2334	C	0.401	0.02966397
2335	C	0.438	0.0318315
2336	A	-0.014	0.03397271
2337	C	-0.123	0.02388776
2338	A	-0.139	0.0179628
2339	T	0.052	0.009044947
2340	T	-0.040	0.01788915
2341	T	0.286	0.02066642
2342	G	-0.180	0.02143747
2343	A	-0.303	0.03160897
2344	G	-0.052	0.03138571
2345	A	0.299	0.03404288
2346	A	-0.226	0.03630456
2347	A	-0.016	0.01763444
2348	G	-0.329	-0.003359059
2349	T	0.041	-0.02764953
2350	T	0.330	-0.04615256
2351	T	-0.255	-0.07169288
2352	A	-0.201	-0.09397421
2353	A	-0.246	-0.1041792
2354	T	0.104	-0.1023041
2355	T	-0.162	-0.1082006
2356	T	0.186	-0.1252975
2357	C	0.521	-0.1377931
2358	T	0.494	-0.153494
2359	G	0.041	-0.1472641
2360	T	0.213	-0.1525842
2361	A	-0.421	-0.1531341
2362	G	-0.343	-0.174053
2363	A	-0.359	-0.1729975
2364	A	-0.293	-0.1632891
2365	G	-0.460	-0.1395144
2366	A	-0.432	-0.1534131
2367	A	-0.380	-0.1696894
2368	A	-0.466	-0.1667895
2369	T	-0.319	-0.1754028
2370	A	-0.361	-0.1619855
2371	G	-0.059	-0.1539852
2372	A	-0.339	-0.1363452
2373	A	-0.528	-0.1381691
2374	A	-0.465	-0.1423493
2375	A	-0.246	-0.1428736
2376	G	0.031	-0.1367239
2377	A	-0.484	-0.1377746
2378	A	-0.070	-0.114957
2379	T	-0.411	-0.1146025
2380	A	-0.190	-0.1174226
2381	T	0.314	-0.1222834
2382	C	0.479	-0.1222541
2383	A	-0.431	-0.1227261
2384	A	-0.222	-0.1266649
2385	G	-0.156	-0.1284083
2386	G	-0.494	-0.119015
2387	A	0.209	-0.1181793
2388	T	0.376	-0.1135226
2389	C	0.436	-0.09911512
2390	C	0.124	-0.07630065
2391	A	0.379	-0.05719876
2392	C	0.476	-0.04545018
2393	C	0.250	-0.04140624
2394	T	0.178	-0.01508085
2395	C	0.354	-0.004444124
2396	A	-0.331	0.02094576
2397	T	-0.455	0.03759082
2398	A	-0.458	0.02751737
2399	A	-0.459	0.01408633
2400	A	-0.448	0.02806751
2401	A	-0.514	0.03775951
2402	A	-0.525	0.03356557
2403	A	0	0.04298507
 2404	G	-0.333	0.0428351
2405	C	0.098	0.04502543
2406	A	0.149	0.02442319
2407	C	0.247	0.009422868
2408	C	0.184	-0.01455604
2409	A	0.152	-0.04168763
2410	G	0.169	-0.03414916
2411	T	0.410	-0.04426975
2412	C	0.290	-0.06672796
2413	C	0.451	-0.06421375
2414	C	0.375	-0.06511546
2415	A	-0.028	-0.06364728
2416	G	0.022	-0.06393469
2417	A	0.043	-0.0556409
2418	T	0.106	-0.03184496
2419	G	-0.299	-0.002822721
2420	G	-0.174	0.00977925
2421	T	0.204	0.02132492
2422	T	0.451	0.01441516
2423	T	-0.263	-0.001986691
2424	T	-0.385	-0.01862531
2425	A	-0.435	-0.03819401
2426	T	-0.445	-0.04556174
2427	A	0.506	-0.04140165
2428	G	-0.165	-0.0464205
2429	A	-0.409	-0.04205765
2430	G	-0.246	-0.04127206
2431	A	-0.486	-0.03800162
2432	T	-0.408	-0.04808149
2433	A	-0.469	-0.06361034
2434	A	-0.166	-0.07761608
2435	T	0.294	-0.08718511
2436	C	0.461	-0.08853146
2437	T	0.428	-0.09116526
2438	G	0.059	-0.09109108
2439	T	-0.136	-0.1073652
2440	G	-0.407	-0.08618258
2441	A	-0.318	-0.06293896
2442	A	-0.480	-0.04649914
2443	A	-0.097	-0.02314384
2444	C	0.310	-0.04550652
2445	A	0.240	-0.05039461
2446	C	0.439	-0.03915887
2447	T	0.478	-0.04067993
2448	C	0.486	-0.01375926
2449	A	-0.371	0.009459244
2450	A	-0.505	0.03435674
2451	A	-0.432	0.04634645
2452	G	-0.218	0.0295681
2453	A	-0.345	0.002513891
2454	T	-0.263	-0.02131587
2455	A	0.207	-0.03890549
2456	T	-0.102	-0.02631151
2457	T	0.456	-0.003801426
2458	C	0.404	0.01229137
2459	T	0.123	0.0289094
2460	C	0.348	0.04032756
2461	A	-0.253	0.04180383
2462	A	-0.332	0.04337498
2463	T	-0.027	0.04280274
2464	G	-0.297	0.04066056
2465	C	0.428	0.02635436
2466	T	0.380	0.03823233
2467	C	0.376	0.05593799
2468	C	0.240	0.08230878
2469	G	-0.276	0.0917799
2470	T	-0.458	0.1046844
2471	A	-0.381	0.1038588
2472	A	-0.538	0.08799149
2473	A	0.291	0.09157503
2474	C	0.357	0.08268576
2475	T	0.228	0.07723461
2476	G	0.084	0.07465214
2477	G	0.290	0.07655546
2478	T	0.360	0.08069934
2479	G	0.293	0.09564702
2480	C	0.419	0.09016076
2481	T	0.405	0.09418137
2482	G	0	0.06858284
 2483	A	0.032	0.04684296
2484	G	0.096	0.02299796
2485	C	0.464	0.01591002
2486	A	0.103	0.03680761
2487	T	0.093	0.04801834
2488	T	-0.291	0.05083543
2489	G	-0.332	0.05763161
2490	A	0.019	0.04209899
2491	A	0.154	0.04222058
2492	C	0.219	0.04912043
2493	A	0.035	0.05934348
2494	T	0.413	0.05795275
2495	G	-0.112	0.03429372
2496	G	0.176	0.01874089
2497	A	-0.213	-0.005294488
2498	T	-0.161	-0.02681275
2499	A	-0.441	-0.03737016
2500	A	-0.358	-0.02787214
2501	T	-0.433	-0.01980197
2502	A	0	-0.02259294
 2503	C	0.434	-0.01181461
2504	C	-0.077	-
2505	A	-0.285	-
2506	A	-0.307	-
2507	T	-0.236	-
2508	T	0.361	-
2509	C	0.463	-
2510	C	0.431	-
2511	T	0.243	-
2512	A	-0.443	-
2513	A	-0.235	-
2514	A	-0.397	-
2515	G	-0.325	-
2516	A	-0.358	-
2517	C	0.355	-
2518	A	0.370	-
2519	G	0.369	-
2520	C	0.469	-
