1	A	-0.453	-
2	T	0.356	-
3	T	0.146	-
4	C	0.440	-
5	T	0.444	-
6	C	0.443	0.2561476
7	T	0.408	0.320407
8	C	0.445	0.326035
9	T	0.212	0.2937177
10	T	0.159	0.2696268
11	G	0.125	0.1927605
12	C	0.343	0.1517428
13	C	0.317	0.1568623
14	T	0.423	0.1551508
15	G	-0.241	0.1756927
16	T	0.151	0.1811132
17	T	-0.477	0.1349653
18	G	-0.048	0.08123949
19	C	0.469	0.01807924
20	C	0.425	-0.03892809
21	A	0.459	-0.03170093
22	T	0.224	-0.04897801
23	G	-0.428	0.02101516
24	T	-0.301	0.04435717
25	A	-0.440	0.038423
26	A	-0.260	0.03209808
27	G	-0.154	0.02222533
28	A	-0.056	0.0235435
29	T	0.362	0.05482713
30	G	0.231	0.0602968
31	T	0.398	0.06329613
32	G	0.349	0.07234722
33	C	0.340	0.06342197
34	C	0.240	0.1072195
35	T	-0.053	0.1094741
36	T	-0.235	0.09946188
37	T	-0.404	0.07966105
38	T	-0.151	0.05239857
39	G	-0.261	0.06151308
40	C	0.469	0.001376575
41	C	0.389	0.02999928
42	T	0.111	0.06175386
43	T	0.160	0.1244379
44	C	0.022	0.1188627
45	G	0.450	0.1130232
46	A	-0.481	0.06067861
47	T	0.290	0.02594863
48	C	0.145	-0.003462542
49	A	0.348	0.005743625
50	T	-0.218	0.01746677
51	G	-0.331	-0.05583265
52	A	-0.158	0.01271852
53	T	-0.027	-0.01845308
54	T	-0.241	-0.04297067
55	G	0.271	-0.03806583
56	T	0.163	0.01842225
57	G	-0.429	0.0661505
58	A	0.341	0.1063531
59	G	-0.083	0.1256913
60	G	-0.148	0.1640759
61	C	0.407	0.1698049
62	T	0.459	0.1885352
63	T	0.241	0.2485869
64	C	0.323	0.247539
65	C	0.204	0.286499
66	C	0.219	0.3404117
67	C	0.339	0.3337753
68	A	0.387	0.2540352
69	G	0.291	0.230179
70	C	0.328	0.1881044
71	C	0.383	0.1486186
72	A	0.498	0.08725278
73	C	0.327	0.08346003
74	A	-0.497	0.03950745
75	T	-0.045	0.02870203
76	G	-0.181	-0.01945097
77	G	-0.269	-0.01719688
78	A	-0.517	-0.02307172
79	A	0.294	-0.03360605
80	C	-0.139	0.04121845
81	T	0.161	0.06429625
82	A	-0.248	0.1129147
83	C	0.410	0.1431269
84	T	0.427	0.2219107
85	C	0.200	0.2342887
86	C	0.400	0.2876966
87	A	0.231	0.2778206
88	G	0.402	0.3365354
89	G	0.093	0.3336986
90	T	0.428	0.288986
91	T	0.442	0.3029669
92	C	0.501	0.2451816
93	T	0.042	0.2603208
94	T	0.455	0.2615047
95	C	0.376	0.2922525
96	A	-0.108	0.2847448
97	A	0.368	0.2619532
98	C	-0.292	0.1891034
99	T	0.413	0.1984227
100	T	0.416	0.1943026
101	C	0.462	0.1710654
102	G	0.338	0.2102663
103	T	0.169	0.2117125
104	G	-0.372	0.2514502
105	A	0.154	0.2264733
106	C	0.406	0.2170604
107	T	0.097	0.2086136
108	C	0.361	0.1907321
109	G	0.386	0.1743162
110	G	0.183	0.2447607
111	A	0.113	0.2523464
112	C	0.303	0.2044119
113	T	0.360	0.1624377
114	G	0.123	0.1570137
115	G	-0.027	0.129241
116	C	0.472	0.1383031
117	T	0.245	0.09683759
118	T	-0.168	0.09584134
119	C	-0.405	0.1018187
120	T	0.296	0.1259478
121	T	0.052	0.1478997
122	T	0.292	0.07909291
123	G	-0.383	0.01704766
124	C	0.291	0.02220816
125	T	0.432	0.03635691
126	C	0.413	-0.01600368
127	T	0.235	0.004812667
128	G	-0.353	-0.003345167
129	A	-0.498	0.001743833
130	A	-0.107	0.01258583
131	G	-0.236	-0.01705942
132	A	-0.331	-0.09437984
133	T	0.302	-0.1245141
134	T	0.194	-0.05894101
135	G	-0.322	-0.009680392
136	C	0.421	0.03178111
137	A	0.076	0.08580469
138	G	-0.514	0.1590289
139	A	-0.125	0.1252852
140	C	0.433	0.06595269
141	A	0.092	0.07729969
142	G	0.390	0.02743619
143	C	0.412	0.01559501
144	C	0.547	0.08257234
145	T	-0.102	0.1245501
146	A	-0.517	0.1202294
147	T	-0.186	0.08215431
148	T	-0.176	0.01163456
149	G	-0.065	-0.003555775
150	T	0.289	-0.03091411
151	G	0.377	0.01598164
152	G	0.381	0.09200506
153	G	-0.364	0.1431471
154	A	-0.455	0.197283
155	G	0.229	0.2386942
156	C	0.218	0.2303993
157	T	0.460	0.1778675
158	C	0.395	0.1362621
159	A	0.427	0.1901401
160	C	0.472	0.233322
161	C	0.431	0.1983011
162	T	0.189	0.2018704
163	T	-0.252	0.1689786
164	G	-0.117	0.1649251
165	T	0.281	0.1690138
166	G	0.062	0.1412655
167	A	-0.190	0.1066227
168	T	0.261	0.1229506
169	T	0.065	0.1081636
170	G	0.346	0.1111055
171	T	0.476	0.069399
172	G	0.139	0.09553178
173	T	0.016	0.08811261
174	T	0.385	0.04283186
175	A	-0.429	0.008971342
176	T	-0.082	-0.03642799
177	G	-0.218	-0.05467041
178	T	0.376	-0.08824457
179	T	-0.279	-0.07917202
180	T	-0.281	-0.08690369
181	A	-0.340	-0.03597369
182	A	-0.198	-0.01201908
183	T	0.257	0.0265
184	T	-0.263	-0.01838567
185	T	0.124	0.02888067
186	C	0.292	0.08495592
187	T	0.181	0.1149454
188	T	0.205	0.1664799
189	C	0.243	0.1450428
190	A	-0.162	0.1971315
191	C	0.287	0.2257605
192	A	0.391	0.1912173
193	C	0.019	0.1385752
194	C	0.419	0.08350542
195	A	0	0.01771933
 196	C	0.361	0.01446517
197	T	0.468	0.02699017
198	C	-0.121	0.00211335
199	A	-0.450	0.03802835
200	A	-0.455	0.01494852
201	A	-0.545	0.03027018
202	A	-0.201	0.02855468
203	C	0.438	0.02470418
204	T	0.092	0.04853427
205	C	0.450	0.09584735
206	A	0.143	0.1746209
207	G	0.183	0.2017429
208	C	0.341	0.1953069
209	T	0.422	0.1587919
210	T	0.164	0.1657804
211	C	0.117	0.1006574
212	T	0.489	0.09854425
213	G	-0.220	0.06638558
214	A	-0.278	0.01278083
215	T	0	-0.04278208
 216	T	0.176	-0.03540092
217	T	-0.331	-0.045178
218	C	0.117	-0.07327833
219	A	-0.202	-0.01919392
220	A	-0.301	-0.023547
221	G	-0.244	-0.06575417
222	A	0.252	-0.1200386
223	G	0	-0.0924395
 224	T	0.152	-0.1252575
225	T	0.428	-0.1231774
226	C	-0.331	-0.09030023
227	A	-0.506	-0.05807998
228	A	-0.474	-0.04765965
229	C	0	-0.01603182
 230	A	-0.276	0.007134767
231	A	-0.177	0.008987683
232	C	0.092	0.03278902
233	A	0.142	0.03536643
234	G	0.377	0.0295506
235	C	0.379	0.04728193
236	C	0.430	0.06039877
237	C	0.451	0.0409771
238	T	-0.045	0.05038067
239	G	-0.475	0.06264592
240	A	-0.544	0.02934308
241	A	0.212	0.01766317
242	G	-0.118	0.01505808
243	G	-0.410	-0.02969579
244	A	0.205	0.009411375
245	T	0.289	0.06862546
246	T	-0.021	0.1478693
247	C	0.239	0.1513465
248	T	0.399	0.1949681
249	G	-0.086	0.2654124
250	T	0.423	0.2246375
251	C	0.235	0.154932
252	T	0.406	0.1127707
253	G	0.254	0.1065121
254	C	0.404	0.07324571
255	T	0.435	0.1190151
256	T	-0.283	0.1271
257	T	-0.547	0.1178995
258	A	-0.527	0.1169408
259	C	0.164	0.1113075
260	A	0	0.048915
 261	G	0.463	0.0004843333
262	C	0.520	0.01173558
263	T	0.124	0.02653383
264	A	0.394	0.05337583
265	T	0.186	0.01411917
266	G	-0.343	0.01030174
267	T	-0.145	0.005059658
268	A	-0.148	-0.000665925
269	A	-0.369	-0.007758333
270	A	-0.205	-0.03505212
271	A	-0.306	-0.07777278
272	T	-0.045	-0.07137587
273	A	0.400	-0.05542281
274	T	0.452	-0.05253306
275	G	0.039	-0.01029281
276	T	0.067	0.03884919
277	T	-0.325	0.09239119
278	T	-0.267	0.119209
279	A	0.045	0.1230634
280	A	-0.114	0.1230338
281	T	0.137	0.1094233
282	C	0.384	0.08613064
283	T	0.335	0.1268792
284	T	0.276	0.1808809
285	C	0.446	0.2131495
286	A	0.451	0.2578213
287	G	-0.123	0.2389512
288	A	-0.212	0.2008189
289	T	0.163	0.1679961
290	T	0.380	0.100889
291	C	0.432	0.02324232
292	C	0.421	-0.04220667
293	T	-0.089	-0.01714059
294	A	-0.073	0.01147407
295	C	-0.058	0.02226874
296	A	-0.529	0.01718974
297	A	-0.485	-0.03490351
298	G	-0.333	-0.05383509
299	T	0.176	-0.04289467
300	T	0.131	-0.04350353
301	C	0.292	-0.06217612
302	C	0.319	-0.05769645
303	A	-0.192	-0.02380123
304	G	0.194	-0.02410982
305	A	0.042	-0.05924648
306	T	-0.080	-0.05852965
307	G	-0.282	-0.1011146
308	A	-0.475	-0.1436586
309	C	-0.078	-0.130001
310	A	-0.337	-0.1628094
311	A	-0.244	-0.1711996
312	T	0.139	-0.2026498
313	G	-0.218	-0.191786
314	G	-0.190	-0.1855631
315	A	-0.028	-0.2208791
316	A	-0.198	-0.2349729
317	T	-0.058	-0.2486682
318	A	-0.458	-0.3040978
319	T	-0.151	-0.2805973
320	A	-0.400	-0.2393904
321	A	-0.502	-0.2226211
322	A	-0.506	-0.1888392
323	A	-0.409	-0.2166478
324	G	-0.525	-0.1900331
325	A	0.063	-0.2017567
326	C	0.303	-0.1365772
327	A	0.172	-0.06392229
328	C	0.206	0.002687458
329	A	-0.392	0.05000621
330	A	-0.138	0.1323161
331	G	-0.292	0.1600979
332	G	0.381	0.1645012
333	C	0.369	0.1789713
334	A	0.292	0.1402277
335	G	0.158	0.1344788
336	C	0.462	0.1068694
337	T	0.397	0.087562
338	T	0.356	0.01232992
339	C	0.346	-0.06295617
340	T	-0.258	-0.07749233
341	G	-0.461	-0.08302644
342	A	-0.470	-0.09011086
343	A	-0.524	-0.1098155
344	A	-0.521	-0.1335629
345	A	-0.533	-0.1388754
346	G	0.118	-0.08183953
347	C	0.092	-0.01402487
348	C	0.377	0.02305627
349	A	0.160	0.09903285
350	C	0.071	0.1819754
351	T	0.282	0.2629816
352	C	0.425	0.2174051
353	T	0.352	0.175428
354	G	-0.025	0.1051064
355	C	0.387	0.05534196
356	C	0.473	0.005863633
357	C	0.438	-0.03750545
358	T	-0.428	-0.08211153
359	A	-0.411	-0.1057605
360	A	-0.466	-0.07895737
361	G	-0.436	-0.0777637
362	A	-0.522	-0.08412862
363	A	-0.237	-0.0889422
364	G	-0.109	-0.008419367
365	T	0.068	0.05663847
366	C	0.296	0.121641
367	A	0.401	0.1836364
368	G	0.397	0.219643
369	C	0.380	0.2046462
370	C	0.537	0.1868423
371	T	0.369	0.1641508
372	A	0.313	0.1717134
373	C	0.307	0.1463405
374	A	-0.089	0.09485771
375	T	-0.417	0.04259746
376	A	-0.322	-0.004901458
377	A	-0.203	-0.06566188
378	T	0.387	-0.1166075
379	T	0.097	-0.1295771
380	G	-0.220	-0.1358249
381	A	-0.246	-0.1166
382	A	-0.032	-0.1144277
383	G	-0.359	-0.1131173
384	A	-0.298	-0.1485456
385	C	0.151	-0.1544229
386	A	-0.164	-0.1285257
387	A	-0.187	-0.107971
388	G	-0.296	-0.1425911
389	T	-0.187	-0.1454739
390	G	-0.037	-0.157539
391	A	0.026	-0.1734014
392	T	0.090	-0.1849834
393	G	0	-0.1948477
 394	T	-0.447	-0.1831866
395	A	-0.394	-0.1911313
396	A	-0.442	-0.187969
397	A	-0.038	-0.2071888
398	T	-0.303	-0.1884004
399	A	-0.305	-0.1614786
400	A	-0.156	-0.0895092
401	T	-0.283	-0.04109053
402	T	0	0.0100343
 403	T	-0.203	0.01324475
404	G	0.315	0.05145017
405	C	0.323	0.06597
406	C	0.415	0.05547508
407	C	0.186	0.09539
408	T	0.170	0.1291789
409	G	0	0.1690769
 410	T	0.154	0.1372041
411	A	-0.131	0.1286463
412	T	-0.282	0.1164852
413	G	0.195	0.1193248
414	C	0.405	0.1437312
415	T	0.274	0.1824234
416	G	-0.066	0.1806264
417	G	0.220	0.1645324
418	T	0.270	0.1517325
419	C	0.220	0.1354089
420	C	0.463	0.1386545
421	C	0.464	0.1335789
422	A	0.132	0.1748287
423	T	-0.324	0.1911482
424	G	-0.436	0.1929458
425	T	0	0.191996
 426	T	0.444	0.1848278
427	C	0.214	0.1577769
428	C	0.428	0.1688752
429	T	0.416	0.2306329
430	G	0.291	0.291545
431	G	0.209	0.3308277
432	A	0.377	0.3273179
433	C	0.139	0.3062326
434	T	0.266	0.2496315
435	T	0.416	0.2362624
436	C	0.294	0.2469113
437	T	0.471	0.2660999
438	C	0.402	0.2679008
439	A	-0.039	0.2922516
440	G	-0.250	0.292647
441	T	0.255	0.2836631
442	C	0.419	0.2914789
443	T	0.439	0.2431216
444	C	0.399	0.1812404
445	C	0.431	0.1868065
446	C	0.270	0.2064995
447	C	0.308	0.2083011
448	C	0.388	0.1892795
449	A	-0.108	0.1510715
450	G	-0.340	0.1110061
451	A	0.027	0.03498777
452	A	-0.014	-0.01909139
453	C	0.277	-0.08898864
454	T	0.191	-0.1570793
455	G	-0.018	-0.187442
456	T	-0.081	-0.1919626
457	A	-0.480	-0.1989873
458	A	-0.378	-0.2277329
459	A	-0.529	-0.2936644
460	A	-0.428	-0.3446539
461	A	-0.473	-0.3784472
462	A	-0.394	-0.3968123
463	T	-0.056	-0.3317009
464	A	-0.359	-0.2712611
465	A	-0.513	-0.1880055
466	A	-0.420	-0.1484061
467	T	-0.424	-0.1390084
468	T	-0.301	-0.1036264
469	T	0.301	-0.06751451
470	C	0.347	-0.005494175
471	C	0.469	0.03732133
472	T	0.046	0.09767091
473	T	-0.360	0.1052817
474	T	0.030	0.1068849
475	C	0.376	-
476	T	0.384	-
477	T	0	-
 478	T	0.303	-
479	A	-0.333	-
480	T	-0.282	-
