1	G	0.358	-
2	G	0.283	-
3	G	-0.255	-
4	G	0.306	-
5	C	0.156	-
6	T	-0.126	-
7	A	-0.432	-
8	A	-0.195	-0.1024319
9	A	-0.110	-0.09863201
10	T	-0.383	-0.08675434
11	G	-0.288	-0.03854174
12	A	-0.123	-0.07936541
13	T	-0.359	-0.1194182
14	G	-0.097	-0.1406679
15	A	-0.267	-0.1426445
16	T	0.415	-0.1650106
17	C	0.461	-0.174075
18	T	0.467	-0.1514253
19	T	-0.305	-0.1135419
20	G	-0.444	-0.07625961
21	A	-0.444	-0.03697175
22	A	-0.462	-0.00219094
23	A	-0.531	0.04406346
24	A	-0.246	0.03868046
25	G	-0.043	0.03576566
26	G	0.279	0.03101539
27	G	0.435	0.03875606
28	C	0.230	0.09820579
29	C	0.424	0.1254515
30	C	0.426	0.1860597
31	T	0.334	0.2453409
32	C	0.417	0.2580512
33	A	0.396	0.2728202
34	C	-0.189	0.275556
35	T	0.447	0.27691
36	C	-0.036	0.2911367
37	G	0.446	0.2868102
38	T	0.358	0.2755098
39	G	-0.056	0.2507348
40	A	0.177	0.2426337
41	G	0.320	0.2362916
42	C	0.455	0.2633685
43	C	0.443	0.2485565
44	T	0.359	0.2447621
45	T	0.257	0.1969559
46	C	-0.037	0.1566337
47	G	0.296	0.1785871
48	C	0.300	0.1939328
49	C	0.216	0.2015478
50	A	0.224	0.1724954
51	T	-0.093	0.1557723
52	G	-0.270	0.1374613
53	T	-0.246	0.1413533
54	G	0.273	0.1479224
55	C	0.408	0.1479941
56	C	0.434	0.1327822
57	A	0.020	0.09863829
58	G	0.192	0.08451684
59	T	0.084	0.1025591
60	C	0.315	0.1407957
61	A	0.061	0.1688488
62	C	0.297	0.1577709
63	T	0.072	0.1085683
64	A	-0.295	0.09652153
65	T	0.013	0.1213858
66	G	0.177	0.1298898
67	C	0.303	0.1374413
68	T	0.173	0.1438352
69	G	0.107	0.132812
70	A	-0.329	0.119928
71	G	0.254	0.1083135
72	C	0.393	0.1409479
73	A	0.320	0.1608838
74	C	0.198	0.1722345
75	C	0.411	0.1271827
76	T	-0.103	0.1018187
77	T	0.103	0.1239647
78	G	-0.101	0.1640217
79	C	0.193	0.1711
80	A	0.312	0.1328184
81	G	0.347	0.1019536
82	G	-0.372	0.0789702
83	A	-0.206	0.03360793
84	G	0.439	0.03569119
85	C	0.270	0.05162473
86	T	0.360	0.08776479
87	T	-0.181	0.09587786
88	C	-0.142	0.1047201
89	A	-0.146	0.07781093
90	G	-0.269	0.1255528
91	G	-0.072	0.1709154
92	T	0.342	0.1716728
93	C	0.440	0.1597291
94	C	0.315	0.1014241
95	A	0.444	0.1046527
96	G	-0.055	0.1290249
97	G	0.343	0.1424578
98	C	0.473	0.1888148
99	C	0.450	0.2058855
100	T	0.091	0.1957134
101	T	-0.514	0.1677585
102	G	-0.132	0.141983
103	G	0.222	0.1158175
104	G	0.054	0.1277632
105	G	0.426	0.1183498
106	G	0.183	0.07950087
107	T	0.190	0.07086047
108	C	0.021	0.07705714
109	A	-0.071	0.1238657
110	G	0.052	0.1371145
111	C	0.123	0.08935021
112	A	0.202	0.1007439
113	G	-0.108	0.1018581
114	G	0.321	0.1167986
115	G	0.184	0.1060267
116	C	0.187	0.08700508
117	A	0.065	0.09387434
118	A	-0.493	0.1104231
119	G	0.225	0.1275302
120	C	0.443	0.1425375
121	C	0.407	0.1728407
122	T	0.028	0.1645364
123	G	-0.263	0.1241781
124	A	0.031	0.1125561
125	G	0.300	0.1142185
126	C	0.379	0.1661128
127	C	0.427	0.1698945
128	C	0.345	0.1476859
129	T	0.196	0.1331818
130	G	-0.420	0.1541708
131	T	0.013	0.1927131
132	G	0.090	0.2173633
133	G	0.284	0.2244435
134	T	0.282	0.1814249
135	G	0.109	0.1585794
136	C	0.189	0.1371307
137	T	0.343	0.0993129
138	G	0.314	0.141564
139	T	0.401	0.1384772
140	G	0.406	0.1609751
141	G	-0.265	0.168768
142	G	0.085	0.1752608
143	A	0.024	0.1911911
144	A	-0.370	0.1892028
145	G	0.213	0.1517575
146	A	-0.032	0.1446982
147	C	0.428	0.1402565
148	T	0.401	0.136871
149	T	0.379	0.1252707
150	G	0.348	0.1255286
151	G	0.160	0.1440583
152	T	-0.218	0.153432
153	T	0.208	0.1521982
154	C	0.334	0.1644112
155	A	0.355	0.1444309
156	A	-0.439	0.1435242
157	G	0.088	0.1244262
158	T	0.301	0.06919307
159	G	-0.230	0.02876573
160	A	0.194	0.05836487
161	C	0.150	0.07196547
162	A	0.128	0.0781728
163	C	0.388	0.04986366
164	T	0.093	0.0778581
165	G	-0.479	0.09858893
166	A	-0.446	0.087026
167	G	0.225	0.1295655
168	C	0.412	0.1196972
169	C	0.428	0.107095
170	T	-0.068	0.06377655
171	G	-0.019	0.01965128
172	G	0.399	0.02314765
173	G	0.128	0.0609319
174	A	0.407	0.1034471
175	C	0.046	0.1092514
176	A	-0.038	0.1115146
177	A	-0.521	0.0661851
178	A	-0.273	0.09996871
179	G	0.145	0.07139827
180	T	0.087	0.05067361
181	G	0.191	0.005449007
182	C	0.312	-0.00794906
183	G	0.446	-0.03787393
184	G	-0.251	-0.005169807
185	T	0.438	0.06005626
186	T	-0.448	0.1079828
187	G	0.088	0.1075231
188	A	-0.549	0.1125202
189	T	0.206	0.09976087
190	G	-0.402	0.04456647
191	G	0.451	0.03885061
192	C	0.457	0.03203081
193	T	0.445	-0.009089793
194	C	0.138	0.009139073
195	T	0.162	0.02840187
196	T	0	0.08439047
 197	G	-0.514	0.09545813
198	T	0.360	0.1400155
199	T	-0.354	0.0997764
200	T	-0.178	0.0936766
201	T	-0.174	0.090007
202	C	0.377	0.1022514
203	C	0.289	0.1184917
204	C	0.372	0.1366276
205	T	0.266	0.1809688
206	G	-0.151	0.165574
207	G	0.365	0.1891878
208	C	0.390	0.1761859
209	C	0.322	0.1726364
210	C	0.405	0.1474413
211	T	0.272	0.1113371
212	T	0.150	0.08975081
213	C	0.129	0.09831101
214	A	0	0.1408973
 215	G	-0.373	0.1457412
216	A	-0.227	0.11032
217	T	0	0.07361441
 218	T	-0.251	0.03250668
219	G	0.049	0.02291895
220	C	0.394	-0.003987853
221	C	0.487	-0.02213552
222	T	0.438	-0.05790505
223	T	-0.141	-0.06365972
224	T	-0.227	-0.03578185
225	G	-0.210	-0.01646005
226	G	0.128	0.007445947
227	G	-0.253	0.02644793
228	A	-0.142	0.02136287
229	A	-0.536	0.015887
230	A	-0.460	-0.0390276
231	C	0.190	-0.0206904
232	C	0.289	0.0135976
233	A	0.107	0.046453
234	C	0.334	0.067337
235	C	0.318	0.1163837
236	C	0.404	0.1528428
237	A	-0.385	0.1902123
238	A	0.133	0.2481992
239	C	0.286	0.2627629
240	C	0.281	0.269113
241	C	0.441	0.2896554
242	T	0.482	0.2954612
243	C	0.404	0.2967081
244	A	0.024	0.2927382
245	C	0.409	0.3321918
246	T	0.408	0.3520253
247	C	0.385	0.3340582
248	C	0.415	0.3433766
249	C	0.421	0.3417958
250	C	0.336	0.338986
251	T	0.345	0.3310982
252	C	0.206	0.3572955
253	C	0.431	0.3439735
254	A	0.016	0.3415773
255	C	0.421	0.3371469
256	C	0.417	0.3242637
257	C	0.440	0.298651
258	A	0.285	0.2786056
259	C	0.416	0.2407344
260	G	0.209	0.205193
261	T	0.372	0.1599939
262	G	0.318	0.1605793
263	C	0.221	0.1222616
264	A	0.037	0.1180494
265	T	0.036	0.1147622
266	T	-0.222	0.1048906
267	G	-0.326	0.08926456
268	C	-0.246	0.1017702
269	A	0.025	0.1045057
270	T	-0.153	0.06165309
271	G	0.354	0.02746563
272	G	0.390	0.01810631
273	G	0.137	-0.00724712
274	G	0.182	0.04156475
275	C	0.397	0.06946192
276	T	0.413	0.07672639
277	A	-0.324	0.1029728
278	A	-0.290	0.1415541
279	T	-0.103	0.1405586
280	T	-0.344	0.1273121
281	C	0.509	0.1414422
282	T	0.091	0.1372391
283	A	-0.137	0.1291183
284	C	0.419	0.1292628
285	C	0.425	0.1723022
286	C	0.339	0.2210326
287	C	0.192	0.2612772
288	A	0.349	0.2762126
289	G	0.119	0.2473126
290	G	0.275	0.2615429
291	C	0.416	0.2792803
292	C	0.321	0.2805834
293	C	0.440	0.2820693
294	T	0.500	0.2268917
295	G	-0.120	0.1912241
296	A	0.076	0.1629632
297	C	0.305	0.1273913
298	T	0.128	0.1181241
299	C	0.438	0.09327911
300	C	0.447	0.06882933
301	A	-0.488	0.006543327
302	A	-0.342	-0.003782607
303	G	-0.074	0.03266266
304	T	-0.414	0.03143181
305	A	0.136	0.03229208
306	T	0.043	0.05193381
307	G	-0.045	0.04240928
308	A	-0.494	0.01063451
309	T	0.345	0.03127804
310	C	0.426	0.07345624
311	A	0.057	0.0915063
312	C	0.318	0.1479201
313	C	0.423	0.1269803
314	T	0.295	0.1130916
315	G	-0.028	0.1325681
316	A	-0.178	0.1939548
317	T	0.289	0.2002733
318	C	0.196	0.1984974
319	C	0.432	0.2221674
320	A	-0.177	0.2145311
321	G	-0.165	0.2082592
322	A	0.246	0.1994321
323	C	0.426	0.1880277
324	C	0.440	0.1644295
325	T	0.400	0.160806
326	G	0.412	0.1527598
327	G	0.203	0.09885089
328	C	0.329	0.1371232
329	C	0.163	0.1733478
330	A	-0.199	0.1891
331	A	-0.532	0.181725
332	T	0.235	0.1338434
333	C	0.075	0.1311281
334	A	-0.376	0.08541169
335	G	0.396	0.08834395
336	C	0.378	0.06761775
337	C	0.483	0.07063869
338	T	0.315	0.1087876
339	G	-0.277	0.1724066
340	T	0.359	0.1840537
341	T	-0.273	0.2077462
342	C	0.247	0.2539411
343	T	0.018	0.24169
344	G	0.208	0.2237653
345	T	0.372	0.1939291
346	C	0.421	0.1891227
347	C	0.410	0.2392528
348	C	0.431	0.225798
349	C	0.316	0.2569819
350	C	0.212	0.2655034
351	A	0.109	0.2627893
352	G	0.035	0.2697325
353	G	0.243	0.2328334
354	C	0.473	0.2288352
355	C	0.157	0.1842114
356	A	0.194	0.1480244
357	C	0.375	0.1243073
358	A	-0.022	0.08224473
359	G	0.313	0.05026886
360	T	-0.181	0.07278493
361	G	0.361	0.04754106
362	A	-0.259	-0.02055807
363	T	-0.111	-0.04812694
364	T	-0.039	-0.06891694
365	T	-0.418	-0.09394954
366	G	-0.370	-0.09625723
367	T	0.373	-0.0979029
368	T	-0.134	-0.08506919
369	T	-0.547	-0.1352123
370	A	-0.256	-0.1288765
371	G	-0.117	-0.09268839
372	G	0	-0.07585819
 373	G	-0.057	-0.03851053
374	A	0.288	-0.01656319
375	T	0.011	-0.05585773
376	G	-0.390	-0.02449333
377	A	-0.164	0.007214447
378	T	0.431	0.03078819
379	C	0.213	0.06909325
380	A	0.142	0.1046473
381	T	-0.040	0.1135888
382	G	-0.216	0.1052946
383	T	0.335	0.1251482
384	G	-0.071	0.1334276
385	A	0.097	0.117686
386	C	0.457	0.06304965
387	C	0.533	0.01299165
388	T	0.076	-0.02765775
389	A	0.163	-0.02855475
390	C	0.309	-0.02127422
391	A	-0.265	-0.01315042
392	G	-0.400	0.006691273
393	A	-0.388	0.0090096
394	A	-0.537	-0.04024293
395	A	-0.467	-0.08498493
396	G	-0.054	-0.07780047
397	C	-0.106	-0.0681808
398	T	0.457	-0.0954034
399	T	0.225	-0.08251093
400	C	0.132	-0.05582106
401	A	-0.281	-0.01808739
402	G	-0.137	0.03215654
403	G	0.184	0.03962981
404	A	0.308	0.07168927
405	T	-0.099	0.1061203
406	A	-0.072	0.09056781
407	G	0	0.09884067
 408	T	0.177	0.1214211
409	G	0.215	0.1645677
410	G	-0.355	0.1391348
411	C	0.426	0.1318002
412	T	0.409	0.1223366
413	T	0.224	0.1514305
414	C	0.349	0.174219
415	C	0.471	0.1849912
416	T	0.365	0.1539315
417	T	-0.519	0.1641294
418	G	0.074	0.2125373
419	G	0.166	0.1849855
420	G	0.337	0.1633077
421	T	0.269	0.144288
422	A	0.161	0.1462014
423	G	-0.288	0.1375829
424	G	0.368	0.1086294
425	G	0.370	0.1142129
426	G	0.013	0.08897934
427	A	0.084	0.05620761
428	G	-0.061	0.02940641
429	G	0.378	0.01979094
430	C	0.341	0.005538007
431	T	-0.068	0.03269807
432	G	-0.435	0.008105073
433	A	-0.303	-0.04692653
434	T	-0.325	-0.04780819
435	G	-0.064	-0.07727809
436	G	0.125	-0.04661978
437	T	-0.052	-0.04728885
438	C	0.119	-0.05000571
439	A	0	-0.01793227
 440	G	-0.454	-0.02293607
441	A	0	-0.01996187
 442	C	-0.357	-0.02784113
443	A	0.398	-0.04479227
444	G	0.368	-0.08435227
445	G	0.300	-0.07621863
446	G	0.412	-0.05957256
447	A	-0.510	-0.02922663
448	A	-0.259	0.02951431
449	G	-0.443	0.04771331
450	A	-0.318	0.1022484
451	A	-0.468	0.09859491
452	G	0.069	0.08321164
453	C	0.369	0.04911971
454	C	0.455	0.0232602
455	C	0.426	0.04399233
456	A	0.272	0.051053
457	C	0.460	0.05325913
458	A	0.343	0.06592207
459	G	0.137	0.0892734
460	A	-0.210	0.100784
461	C	0.024	0.04612336
462	A	-0.199	0.02338276
463	G	-0.153	-0.02353804
464	A	-0.410	-0.02179897
465	T	-0.128	-0.04416337
466	G	-0.118	-0.03799771
467	C	0.242	-0.01587804
468	A	-0.450	0.01039669
469	A	0.114	0.0322174
470	G	-0.277	0.05551347
471	T	0.299	0.07163829
472	G	0.124	0.1008999
473	C	0.436	0.0891254
474	T	0.469	0.1073199
475	G	0.183	0.07104693
476	G	0.351	0.08998247
477	T	0.149	0.08636482
478	T	0.088	0.127308
479	A	0.028	0.09234809
480	A	-0.305	0.06875342
481	T	0.154	0.06452229
482	G	-0.301	0.04059855
483	T	-0.166	0.02238857
484	T	0.059	0.007368907
485	C	0.336	0.02844124
486	T	-0.225	0.01375829
487	G	-0.229	-0.00809076
488	A	0.373	0.02295231
489	T	0.110	0.004679173
490	T	-0.089	0.03065437
491	C	0.126	0.06042817
492	T	0.465	0.05907821
493	T	-0.131	0.02739621
494	G	-0.299	0.03580205
495	T	0.160	0.02981879
496	G	-0.119	-0.01743021
497	T	0.087	-0.06005408
498	T	0.279	-0.03863137
499	G	0.039	-0.02710277
500	G	-0.138	-0.04569903
501	A	-0.099	-0.06196223
502	T	-0.318	-0.0275875
503	G	-0.335	-0.008414633
504	A	-0.528	0.02479397
505	C	0.231	0.02840157
506	C	0.299	0.0007699667
507	A	0.186	0.01696037
508	G	-0.375	0.04531331
509	G	0.216	0.08383407
510	T	0.447	0.1243561
511	C	0.378	0.1320053
512	T	0.142	0.1801219
513	T	-0.134	0.1576779
514	G	0.282	0.1080431
515	G	0.286	0.08598167
516	G	0.478	0.1307575
517	T	0.289	0.1279717
518	G	-0.220	0.09939804
519	T	0.193	0.04725904
520	T	-0.104	0.01719864
521	T	-0.444	0.003374973
522	A	-0.143	-0.04441963
523	T	0.295	-0.09119823
524	T	0.174	-0.1560875
525	T	0.019	-0.1965811
526	A	-0.403	-0.2141176
527	T	-0.308	-0.253106
528	A	-0.342	-0.2461234
529	T	-0.434	-0.2176499
530	A	-0.415	-0.2009224
531	A	-0.494	-0.2326994
532	A	-0.318	-0.2532072
533	T	-0.484	-0.2654582
534	A	-0.391	-0.2385743
535	A	0	-0.2108081
 536	A	-0.017	-0.1880033
537	C	0.106	-0.1737976
538	A	-0.180	-0.1691447
539	G	-0.132	-0.1450586
540	A	-0.164	-0.1040875
541	G	0	-0.04080119
 542	G	0.107	0.003717013
543	A	0	0.003717013
 544	G	-0.221	0.03032933
545	A	-0.345	-0.007972933
546	A	-0.133	-0.02129827
547	C	0.296	-0.0302904
548	C	0.465	-0.0431294
549	G	0.276	-0.04882323
550	T	0	-0.03164817
 551	T	0.381	-0.0025675
552	T	-0.467	0.04751943
553	A	-0.380	0.06795097
554	T	-0.267	0.06750731
555	G	-0.357	0.03155971
556	A	-0.085	0.01482424
557	A	0.365	0.00711244
558	C	0.436	0.01918011
559	C	0.529	0.01330737
560	T	-0.038	0.04011315
561	A	-0.140	0.07968075
562	T	-0.242	0.08872495
563	G	0.214	0.1150576
564	G	0.160	0.09869447
565	C	0.181	0.04740433
566	A	0.293	0.02000872
567	A	-0.065	-0.00895804
568	G	0.212	0.01180215
569	A	-0.132	0.04816955
570	G	0.037	0.09552835
571	G	-0.330	0.1149827
572	A	-0.404	0.08776762
573	T	0.025	0.05546589
574	G	0.095	0.01109395
575	G	0.272	-0.005930887
576	C	0.405	-0.05149069
577	G	0.467	-0.07624622
578	T	0.506	-0.09162371
579	G	-0.247	-0.08353497
580	A	-0.303	-0.06928771
581	A	-0.372	-0.04467109
582	T	-0.320	-0.04062867
583	A	-0.470	-0.05068827
584	A	-0.503	-0.066956
585	G	-0.192	-0.1131655
586	G	-0.209	-0.1722686
587	G	-0.190	-0.164544
588	A	0.394	-0.1182177
589	T	0.156	-0.1201771
590	C	0.121	-0.1200101
591	A	0.161	-0.1229651
592	T	-0.225	-0.07834027
593	G	-0.380	-0.0870668
594	A	-0.132	-0.09970933
595	T	0.391	-0.1177543
596	T	-0.401	-0.1684222
597	A	-0.318	-0.1812783
598	A	-0.514	-0.1682732
599	T	0.165	-0.1702932
600	A	-0.323	-0.1790947
601	G	-0.399	-0.1645459
602	A	-0.461	-0.1777921
603	A	-0.365	-0.1980012
604	T	-0.036	-0.191121
605	T	0.316	-0.1783871
606	C	0.131	-0.1743048
607	A	-0.357	-0.2209416
608	G	-0.162	-0.2109054
609	A	-0.330	-0.1594231
610	G	0.088	-0.1040034
611	A	-0.298	-0.05016597
612	C	-0.127	-0.02626438
613	A	-0.453	-0.07812558
614	A	-0.533	-0.1118183
615	A	-0.173	-0.1158662
616	G	0.373	-0.129049
617	G	0.370	-0.134101
618	G	0.442	-0.1705777
619	A	0.321	-0.1688029
620	G	-0.461	-0.1460913
621	A	-0.374	-0.144264
622	G	-0.418	-0.1401749
623	A	-0.360	-0.126608
624	A	-0.406	-0.1672971
625	A	-0.458	-0.2144608
626	A	-0.271	-0.2748137
627	C	0.213	-0.3287059
628	A	-0.426	-0.3248631
629	A	-0.472	-0.3189929
630	A	0.030	-0.3196201
631	C	-0.237	-0.3028978
632	A	-0.337	-0.2469848
633	A	-0.463	-0.1894645
634	A	-0.486	-0.141555
635	A	-0.403	-0.1394835
636	A	-0.286	-0.08641519
637	A	-0.427	-0.04781213
638	C	-0.109	-0.04140767
639	A	0.432	-0.0138338
640	C	0.403	0.00673756
641	C	0.446	0.04616403
642	T	0.244	0.1025735
643	C	0.369	0.1619392
644	T	0.106	0.2043768
645	G	0.126	0.2157819
646	G	0.176	0.2273218
647	A	-0.028	0.1805921
648	A	0.128	0.1478824
649	C	0.359	0.1121603
650	T	0.486	0.1101529
651	T	0.350	0.1139902
652	G	-0.256	0.1140068
653	T	0.063	0.1167513
654	T	-0.268	0.1259884
655	G	-0.086	0.1550222
656	G	-0.089	0.1556582
657	A	0.214	0.1004604
658	G	0.427	0.05537525
659	C	0.106	0.007371047
660	T	0.167	-0.00966842
661	C	0.314	-0.04908441
662	T	0.406	-0.05359421
663	T	0.137	-0.04635261
664	G	-0.468	-0.06520331
665	G	-0.189	-0.1148174
666	A	-0.369	-0.1778632
667	A	-0.512	-0.1849914
668	A	-0.527	-0.171281
669	A	-0.336	-0.165841
670	G	0.021	-0.182594
671	A	-0.371	-0.1858471
672	A	-0.529	-0.1655443
673	A	-0.518	-0.16874
674	A	0	-0.1763194
 675	G	0.373	-0.1165399
676	C	0.396	-0.05180957
677	T	0.155	0.0013373
678	G	0.088	0.0007298
679	T	-0.163	0.04772473
680	G	-0.237	0.1097566
681	A	-0.483	0.1458002
682	G	0.384	0.1413656
683	T	0.443	0.1200358
684	G	0.460	0.08392185
685	G	0.012	0.05232819
686	A	0.333	0.01227771
687	T	0.400	0.02828771
688	G	0.022	0.03825366
689	T	-0.066	0.07332828
690	T	0.053	0.05427893
691	C	-0.145	0.01632299
692	A	-0.318	-0.02421567
693	A	-0.511	-0.06020353
694	G	0.076	-0.1107445
695	A	-0.087	-0.1055106
696	G	0.042	-0.07682697
697	G	0.098	-0.08173145
698	G	-0.125	-0.07499339
699	T	-0.147	-0.04042479
700	A	-0.527	-0.00105332
701	A	-0.425	0.05337055
702	C	0.479	0.05738582
703	C	0.452	0.08283093
704	T	-0.140	0.1128996
705	A	0.154	0.1377537
706	G	0.373	0.1730853
707	G	0.272	0.163324
708	G	0.304	0.1925618
709	C	0.136	0.1988606
710	C	0.293	0.1669246
711	T	0.493	0.1500568
712	C	0.471	0.1593958
713	A	0.404	0.1452657
714	T	-0.293	0.1357298
715	G	-0.088	0.1382646
716	C	-0.330	0.1498525
717	A	0	0.1479252
 718	T	0.199	0.1388954
719	T	0	0.1132111
 720	G	-0.057	0.1044828
721	G	0.230	0.07649643
722	G	0.310	0.06828063
723	G	0.478	0.0548194
724	C	0.107	0.05583827
725	A	0.158	0.035786
726	T	0.108	0.009498867
727	T	0.340	0.03669953
728	C	-0.015	0.05424958
729	A	-0.416	0.05830551
730	G	-0.290	0.06747005
731	A	-0.315	0.02182965
732	A	-0.300	0.01928797
733	G	-0.194	0.008722507
734	T	0.408	0.01222744
735	T	0.205	0.00583864
736	T	0.291	0.03102486
737	C	0.447	0.03425506
738	G	-0.206	0.07438733
739	T	0.069	0.1287632
740	A	0	0.1377098
 741	C	0.160	0.1217655
742	T	0.244	0.06284999
743	G	0.362	0.02099506
744	G	-0.368	-0.03276414
745	A	0.311	-0.09409221
746	T	0.500	-0.1021109
747	C	-0.166	-0.143444
748	A	-0.433	-0.1289115
749	A	-0.475	-0.1259085
750	A	-0.422	-0.1661884
751	A	-0.515	-0.2119259
752	A	-0.472	-0.2169587
753	C	-0.326	-0.2321946
754	A	-0.550	-0.2667935
755	A	0.217	-0.2909058
756	C	0.206	-0.2884442
757	G	-0.359	-0.2351121
758	A	-0.323	-0.1827907
759	A	-0.443	-0.117839
760	T	0.083	-0.08966613
761	G	-0.018	-0.04780813
762	A	-0.528	-0.03377219
763	A	-0.396	-0.02781359
764	G	0.324	-0.05557126
765	C	0.362	-0.03547713
766	C	0.459	0.007737733
767	T	-0.049	0.05870113
768	G	0.301	0.0580802
769	C	-0.340	0.06199957
770	A	0.307	0.06734023
771	G	-0.210	0.0678583
772	T	-0.058	0.0177505
773	G	0.324	-0.03351843
774	C	0.320	-0.0817085
775	A	0.073	-0.09636335
776	G	0.040	-0.08989722
777	A	-0.448	-0.08182882
778	G	-0.389	-0.09788679
779	A	-0.427	-0.1009531
780	A	-0.406	-0.1052357
781	A	-0.263	-0.1430828
782	A	-0.269	-0.1465437
783	C	0.398	-
784	A	-0.219	-
785	T	0.066	-
786	T	-0.256	-
787	G	-0.122	-
788	T	-0.243	-
789	G	0.268	-
