1	C	0.513	-
2	G	-0.121	-
3	A	-0.180	-
4	C	-0.405	-
5	A	-0.328	-
6	A	-0.507	-
7	A	-0.328	-
8	G	-0.325	-
9	A	-0.451	-
10	G	-0.044	-
11	T	0.288	-
12	G	0.155	-0.1304007
13	G	0.117	-0.1667879
14	A	0.277	-0.1796734
15	G	0.310	-0.1950401
16	C	0.281	-0.1793583
17	T	0.208	-0.1768438
18	G	-0.017	-0.1351107
19	A	-0.473	-0.1083007
20	A	-0.462	-0.1133857
21	T	-0.518	-0.1038169
22	A	-0.521	-0.08273436
23	A	-0.466	-0.0844434
24	G	-0.323	-0.09223754
25	A	-0.417	-0.102949
26	A	-0.534	-0.1290591
27	A	-0.045	-0.1628683
28	G	-0.270	-0.1904784
29	C	0.452	-0.2015309
30	A	0.288	-0.1891282
31	T	-0.442	-0.1481478
32	A	-0.230	-0.1090961
33	T	0.440	-0.06908706
34	C	0.249	-0.05690415
35	T	-0.023	-0.03273832
36	A	-0.128	-0.00886597
37	A	-0.322	0.01153283
38	A	-0.467	0.03066422
39	G	-0.353	0.04522633
40	T	-0.045	0.05765247
41	T	0.267	0.03182256
42	C	0.468	-0.0001250478
43	C	0.435	0.0003034304
44	T	0.401	-0.004497483
45	C	-0.241	-0.04383679
46	A	0.089	-0.065757
47	G	0.225	-0.0574217
48	G	0.051	-0.04743883
49	T	-0.094	-0.01560552
50	C	0.289	0.009233957
51	T	0.015	0.01882013
52	T	-0.141	0.01865889
53	A	-0.446	0.00701637
54	T	-0.432	0.006885891
55	G	-0.341	-0.004480543
56	A	-0.464	-0.0158395
57	A	-0.254	-0.008957122
58	T	0.168	-0.0017403
59	G	0.101	-0.02341373
60	C	0.409	-0.02802603
61	T	0.103	-0.005738457
62	G	-0.133	-0.03524476
63	A	-0.049	-0.0515166
64	G	0	-0.05131369
 65	C	0.465	-0.04477217
66	T	0.174	-0.01934704
67	T	0.140	-0.002103622
68	C	-0.083	0.03362242
69	T	0.255	0.05053851
70	A	-0.272	0.05880873
71	T	-0.054	0.06805747
72	C	0.418	0.06012773
73	A	-0.388	0.06845368
74	G	-0.359	0.07708707
75	A	-0.137	0.09793809
76	A	-0.295	0.1033823
77	C	0.152	0.1019703
78	A	0.055	0.1072319
79	T	0.357	0.1067921
80	G	0.134	0.1164083
81	T	0.358	0.1225781
82	G	0.313	0.1525866
83	T	0.227	0.1739023
84	C	0.295	0.1694738
85	A	0.065	0.1863777
86	G	0.430	0.2176793
87	C	0.125	0.2328559
88	T	0.433	0.2507989
89	G	0.295	0.2554202
90	C	0.130	0.2494735
91	A	0.137	0.2525441
92	G	0.397	0.2564356
93	C	0.417	0.2537439
94	C	0.435	0.2320839
95	T	0.316	0.2439675
96	G	0	0.2224276
 97	C	0.360	0.1957171
98	C	0.211	0.1950008
99	A	0.116	0.2077054
100	G	0.258	0.1989972
101	G	-0.081	0.1877608
102	G	0.427	0.1887548
103	A	0.224	0.201281
104	G	0.296	0.1817236
105	C	-0.184	0.1693056
106	A	0.500	0.1273921
107	T	-0.200	0.1252264
108	A	-0.549	0.1434296
109	C	0.413	0.1405323
110	C	0.417	0.1519383
111	A	0.233	0.1622916
112	G	0.036	0.132616
113	G	0.152	0.1166648
114	C	0.425	0.07961722
115	T	-0.052	0.04776609
116	G	0.131	0.01354943
117	A	-0.528	0.010747
118	G	0.266	0.001803217
119	G	0.418	0.00995127
120	G	0.294	0.01845801
121	G	0.474	-0.02251977
122	C	0.355	-0.02565017
123	A	-0.424	-0.0237529
124	A	-0.448	-0.01632925
125	A	-0.424	-0.0006735087
126	A	-0.508	-0.00971877
127	A	-0.490	0.002741748
128	T	-0.248	0.007342096
129	G	0.294	0.04396666
130	C	-0.012	0.05122397
131	A	-0.353	0.05297688
132	A	-0.528	0.06030866
133	T	0.345	0.02205866
134	G	0.276	-0.006610904
135	G	0.207	-0.01127186
136	C	0.513	-0.001321643
137	T	0.217	0.0193086
138	A	0.234	0.02746233
139	C	0.237	0.04088807
140	T	0.314	0.05170864
141	C	0.433	0.04284845
142	C	0.458	0.05187574
143	C	0.462	0.068633
144	T	-0.405	0.09904191
145	A	-0.304	0.06380073
146	A	-0.531	0.03687882
147	A	-0.219	0.01109539
148	T	0.050	-0.02869392
149	G	-0.320	-0.05045566
150	T	-0.181	-0.07069744
151	A	0	-0.08848509
 152	G	0.091	-0.1210177
153	G	0.194	-0.1573073
154	A	0.031	-0.189399
155	T	0.170	-0.2227302
156	G	-0.465	-0.2051015
157	G	-0.342	-0.2013238
158	A	-0.385	-0.1869184
159	A	-0.402	-0.171612
160	A	-0.282	-0.1755753
161	G	-0.231	-0.1711584
162	G	-0.171	-0.1685148
163	A	-0.434	-0.1737303
164	A	-0.401	-0.1566679
165	A	-0.279	-0.144754
166	A	-0.303	-0.1493137
167	T	0	-0.1531149
 168	G	-0.217	-0.1456571
169	T	-0.199	-0.1258299
170	A	0.132	-0.09914544
171	C	-0.040	-0.07423449
172	A	-0.219	-0.04633536
173	T	-0.120	-0.04464927
174	A	-0.119	-0.02130701
175	C	0.483	-0.004147443
176	C	0.469	-0.002158661
177	T	-0.072	0.008498022
178	T	0.083	0.02295305
179	T	-0.293	0.005956704
180	G	0.113	0.003385443
181	C	0.228	-0.0007769478
182	T	0.170	0.0025414
183	G	0.358	0.003231783
184	G	-0.192	-0.009720478
185	T	0.365	-0.02735817
186	T	-0.039	-0.005641826
187	C	-0.355	-0.04419178
188	A	-0.034	-0.08495078
189	A	0.028	-0.07777821
190	A	-0.390	-0.08087324
191	G	-0.276	-0.06709309
192	A	-0.295	-0.0657154
193	T	0.208	-0.05559861
194	T	-0.025	-0.04636953
195	T	-0.517	-0.05960352
196	A	-0.526	-0.03866235
197	C	0.379	-0.03568339
198	A	-0.403	-0.0521133
199	A	-0.468	-0.06019591
200	A	0.092	-0.08237177
201	T	0.012	-0.09291471
202	C	0.023	-0.06669993
203	A	0.145	-0.03834293
204	T	0.461	-0.01275993
205	C	0.383	-0.002569843
206	G	0.054	0.009073313
207	C	0.289	0.0447874
208	C	0.433	0.0514314
209	A	-0.417	0.01675136
210	A	-0.541	0.02450923
211	A	-0.544	0.02235475
212	T	-0.213	0.01835261
213	G	0.212	0.0142211
214	G	0.375	0.009194983
215	C	0.292	0.02582559
216	T	0.443	0.01856281
217	C	0.242	0.01423768
218	C	0.304	0.02815707
219	A	-0.373	0.03499128
220	G	-0.418	0.01832376
221	A	-0.224	0.05495306
222	A	-0.518	0.0933101
223	T	0	0.1040766
 224	T	-0.082	0.0979055
225	G	-0.092	0.06958723
226	C	0.527	0.0300375
227	T	0.294	0.02654237
228	A	0.283	0.01400567
229	C	0.374	0.0004631304
230	C	0.446	0.003600304
231	G	0.050	0.03854722
232	C	0.425	0.065382
233	A	0.341	0.08983417
234	G	-0.296	0.1161547
235	G	-0.355	0.111753
236	A	-0.439	0.1169017
237	A	-0.534	0.1330623
238	A	0.212	0.1288495
239	G	0.154	0.1232534
240	G	-0.068	0.1235749
241	A	0.376	0.09410349
242	G	0.430	0.07925397
243	G	0.199	0.08490623
244	T	0.337	0.0734441
245	T	0.087	0.0461988
246	C	-0.101	0.05975577
247	A	0.035	0.07847272
248	C	0.279	0.09757255
249	C	0.430	0.142329
250	A	0.165	0.1245559
251	T	0.291	0.1234157
252	G	-0.303	0.1387555
253	A	0.104	0.1250736
254	G	0.180	0.1276835
255	C	0.161	0.1380699
256	A	-0.285	0.1332633
257	A	0.015	0.1448249
258	C	0.074	0.1384541
259	A	0	0.1253117
 260	C	0.495	0.09339564
261	G	-0.196	0.0563476
262	T	0.128	0.0260606
263	C	0.284	-0.0008316652
264	A	0.061	0.01474637
265	T	0.490	0.003840974
266	C	0.437	0.01526341
267	T	0.227	0.02715323
268	C	0.353	0.05835197
269	T	-0.247	0.05603846
270	G	-0.266	0.0691388
271	A	-0.454	0.08727976
272	A	-0.421	0.08411537
273	A	-0.531	0.1086198
274	A	-0.327	0.08214315
275	C	0.055	0.04778011
276	A	-0.145	0.03232943
277	C	0.443	-0.005956174
278	C	0.434	-0.04835848
279	T	0.431	-0.05312243
280	G	-0.037	-0.07198532
281	G	0.375	-0.07574006
282	C	0.417	-0.0818945
283	C	0.422	-0.06859932
284	T	0.367	-0.04308119
285	T	-0.480	-0.01057837
286	G	-0.506	-0.007165322
287	A	-0.293	-0.00956383
288	A	-0.390	-0.01342631
289	G	-0.537	-0.03270087
290	T	0.117	-0.06720683
291	T	-0.080	-0.08855375
292	G	-0.334	-0.08824827
293	A	-0.408	-0.1045922
294	A	-0.148	-0.1405134
295	T	0.165	-0.1719269
296	C	0.216	-0.1863292
297	A	-0.248	-0.1643175
298	G	0	-0.1404948
 299	A	-0.234	-0.1126635
300	G	0	-0.1005671
 301	G	-0.358	-0.09069701
302	A	-0.059	-0.1134979
303	T	-0.030	-0.1231582
304	T	0	-0.0960576
 305	A	-0.408	-0.06353713
306	G	-0.299	-0.04417621
307	A	0.035	-0.03948073
308	T	0.025	-0.03934095
309	T	0.041	-0.01953326
310	C	0.346	-0.0151196
311	A	-0.112	-0.001323639
312	A	-0.310	-0.01231533
313	G	-0.406	0.02307914
314	A	-0.302	0.0472202
315	T	0.289	0.04513816
316	G	0.339	0.0398676
317	T	0.296	0.03898473
318	G	0.273	0.05115814
319	G	0.219	0.06073003
320	C	0.206	0.0563541
321	A	0.101	0.06353854
322	A	0.082	0.0621332
323	A	-0.252	0.05503541
324	T	0.455	0.05981015
325	C	0.496	0.09076911
326	T	-0.078	0.1242923
327	T	-0.121	0.1293984
328	A	-0.429	0.1185965
329	T	-0.019	0.1275433
330	G	0.256	0.1039136
331	G	-0.074	0.0720639
332	A	0.206	0.08208012
333	T	0.314	0.06446651
334	G	-0.275	0.0507055
335	A	-0.200	0.03915181
336	C	0.305	0.01669017
337	T	0.468	0.009074996
338	G	0.406	0.0139024
339	T	0.091	0.0376694
340	G	0.502	0.06656049
341	G	-0.269	0.08343882
342	A	-0.513	0.08110569
343	A	0.436	0.0915502
344	T	-0.303	0.07348372
345	G	-0.233	0.03725437
346	A	-0.518	0.03534537
347	T	-0.061	0.04233613
348	G	0.321	0.04748673
349	G	0.032	0.03041691
350	G	0.425	0.004737474
351	G	0.235	-0.01759184
352	G	0.368	-0.05154889
353	C	0.202	-0.05823915
354	A	0.165	-0.04557402
355	C	-0.208	-0.06968728
356	A	-0.519	-0.04147745
357	A	-0.319	-0.01618537
358	G	-0.039	-0.003568626
359	T	0.423	0.008761796
360	C	0.075	0.01211045
361	T	-0.184	0.0208918
362	A	-0.422	0.02097223
363	A	-0.278	0.03058189
364	A	-0.423	0.02194428
365	T	-0.221	0.01258444
366	A	-0.117	0.02098797
367	C	0.345	0.04266175
368	T	0.347	0.07753453
369	G	-0.228	0.1115336
370	C	0.222	0.1317628
371	A	0.398	0.1170857
372	T	0.234	0.120698
373	C	0.427	0.1185261
374	C	0.456	0.1265005
375	T	0.169	0.1322365
376	G	-0.012	0.1664329
377	C	0.358	0.1956787
378	T	0.289	0.2084113
379	C	0.282	0.1966325
380	T	0.462	0.1824148
381	G	0.425	0.1799357
382	T	0.086	0.1782256
383	C	0.158	0.1802572
384	A	-0.233	0.1805788
385	T	-0.238	0.1803142
386	A	-0.146	0.1676089
387	T	0.362	0.1810092
388	C	0.450	0.2009006
389	C	0.175	0.1666066
390	T	0.074	0.1317973
391	A	0.020	0.1425567
392	G	-0.285	0.1043514
393	A	0.183	0.1013223
394	T	0.444	0.0838062
395	C	0.241	0.07049729
396	T	0.421	0.06743694
397	G	0.164	0.08194739
398	C	0.477	0.09528378
399	T	0.444	0.08599073
400	A	-0.430	0.07065132
401	T	-0.510	0.07834858
402	T	0.530	0.0917829
403	G	-0.415	0.1086056
404	T	0.355	0.1236279
405	T	-0.316	0.1217234
406	T	-0.147	0.1074716
407	T	-0.304	0.08664458
408	T	0.094	0.07769023
409	C	0.159	0.0885438
410	T	0.148	0.06237214
411	C	0.098	0.02097936
412	T	0.352	0.05837758
413	T	0.383	0.07988641
414	C	0.407	0.05549754
415	A	0.060	0.08200532
416	C	0.139	0.0625644
417	T	0.117	0.09035736
418	T	-0.237	0.09418813
419	C	0.215	0.1257163
420	T	0.413	0.1196627
421	T	-0.124	0.1244599
422	A	-0.507	0.110165
423	T	0.430	0.09826413
424	G	-0.016	0.0746093
425	T	-0.030	0.05469605
426	T	0.193	0.05309231
427	A	-0.091	0.03777942
428	T	0.322	0.04165268
429	T	-0.059	0.03123303
430	C	0.420	0.02441533
431	A	-0.044	0.01024994
432	T	0.270	-0.02803997
433	A	-0.179	-0.0418935
434	G	-0.175	-0.03933393
435	A	-0.191	-0.06131714
436	G	-0.074	-0.06848833
437	A	0.370	-0.06663701
438	G	-0.292	-0.09289162
439	T	0.228	-0.08070805
440	T	-0.122	-0.1080081
441	G	-0.394	-0.1263304
442	T	-0.110	-0.1626625
443	A	-0.466	-0.1710235
444	A	-0.442	-0.1992826
445	G	-0.448	-0.2030058
446	T	-0.075	-0.1854443
447	A	-0.181	-0.1637649
448	A	0.011	-0.1792185
449	G	-0.410	-0.2142267
450	T	0.189	-0.2043238
451	A	-0.305	-0.2003276
452	A	-0.480	-0.1820901
453	A	-0.414	-0.1747059
454	T	-0.236	-0.1834345
455	T	-0.379	-0.168925
456	G	-0.265	-0.1324029
457	A	0.228	-0.1002469
458	C	0.306	-0.07759444
459	A	-0.430	-0.04959118
460	T	-0.434	-0.04205879
461	A	-0.064	-0.04812205
462	C	0.320	-0.05235716
463	C	0.296	-0.02713307
464	A	-0.224	0.00586693
465	G	-0.311	0.02226062
466	A	-0.133	0.03109183
467	C	0.397	0.04810613
468	C	0.291	0.04585047
469	C	0.445	0.04877995
470	C	0.463	0.04577465
471	T	0.185	0.06572143
472	A	-0.549	0.09047613
473	C	0.091	0.08425674
474	T	0.274	0.06606776
475	G	0.278	0.03891246
476	T	-0.037	0.04033824
477	G	-0.033	0.04114067
478	T	0.011	0.0553892
479	G	-0.317	0.03522757
480	C	0.295	0.01529131
481	C	0.237	-0.0210326
482	A	0.028	-0.05376012
483	G	0.134	-0.07475282
484	G	-0.207	-0.0332093
485	A	-0.098	-0.04343723
486	G	-0.327	-0.0563846
487	T	-0.191	-0.04902733
488	A	-0.292	-0.0317842
489	C	0.194	-0.01501427
490	A	-0.066	-0.02411253
491	A	-0.167	-9.826957e-05
492	G	-0.389	-0.01250584
493	A	-0.289	-0.00924967
494	A	-0.297	-0.003714104
495	T	0.405	0.004372635
496	G	-0.143	0.00191607
497	G	-0.023	-0.01140834
498	C	0.447	-0.01822764
499	A	0.358	-0.01235208
500	G	0.352	-0.01011786
501	T	-0.197	-0.0317149
502	G	0.235	-0.02561771
503	G	0.010	-0.0260358
504	T	0.312	0.007619552
505	A	0.155	0.03705099
506	C	0.320	0.06471447
507	A	-0.263	0.06636751
508	G	-0.404	0.07383757
509	A	-0.484	0.08844728
510	T	-0.056	0.08662584
511	G	-0.241	0.09026289
512	A	-0.302	0.09031271
513	G	0.073	0.1190127
514	G	-0.177	0.1293711
515	T	0.384	0.1073468
516	C	0.387	0.07350446
517	T	0.338	0.04610777
518	C	0.443	0.02699124
519	T	0.028	0.02110142
520	G	0.312	0.0406763
521	C	0.405	0.08235587
522	C	0.442	0.09665304
523	C	0.353	0.09050057
524	T	0.462	0.117791
525	C	0.473	0.1217233
526	A	-0.496	0.1312501
527	T	-0.465	0.1093603
528	A	-0.474	0.08053744
529	G	-0.118	0.04603253
530	A	-0.399	0.0105161
531	A	0.045	-0.01083253
532	C	0.474	-0.04179431
533	T	0.272	-0.08208283
534	T	-0.382	-0.1135428
535	T	0.325	-0.1149668
536	C	0.164	-0.1343561
537	A	0.042	-0.1357872
538	A	-0.119	-0.1075852
539	T	-0.275	-0.07611684
540	G	-0.454	-0.03932389
541	A	-0.372	-0.01445102
542	A	-0.462	0.01775277
543	A	-0.399	0.02821323
544	A	-0.520	0.01887392
545	A	-0.281	0.01409014
546	C	0.320	0.01526475
547	A	0.016	-0.01247338
548	T	0.440	-0.04133369
549	G	0.152	-0.05785962
550	G	0.257	-0.05695527
551	T	0.372	-0.0421732
552	C	0.453	-0.02306255
553	C	0.341	0.01288462
554	A	0.286	0.01357053
555	C	0.259	0.02301927
556	T	0.162	0.04328782
557	G	-0.355	0.07482413
558	A	-0.312	0.05149817
559	A	-0.499	0.03392048
560	T	-0.338	-0.001098996
561	A	-0.098	-0.02578269
562	G	0.064	-0.05762939
563	G	-0.015	-0.06735021
564	G	0.453	-0.06909147
565	A	-0.447	-0.07977069
566	A	-0.181	-0.08290556
567	T	-0.054	-0.07800047
568	C	0.444	-0.07745778
569	A	-0.215	-0.06897473
570	A	-0.387	-0.07821682
571	G	-0.365	-0.03997052
572	A	-0.415	-0.006361996
573	T	-0.474	-0.01389335
574	A	0.148	0.0008704174
575	C	0.413	0.0159635
576	A	0.095	-0.02369663
577	G	0.214	-0.02670841
578	G	0.372	-0.02564197
579	T	0.174	-0.04073174
580	G	-0.160	-0.07134839
581	A	-0.525	-0.05863134
582	T	0.380	-0.05173925
583	G	0.434	-0.05649251
584	G	-0.271	-0.05625747
585	G	0.403	-0.03209332
586	G	0.331	-0.04605001
587	A	-0.458	-0.05112814
588	A	-0.516	-0.04824223
589	A	-0.157	-0.0562004
590	G	-0.401	-0.07415334
591	T	-0.259	-0.08918682
592	A	0.076	-0.09244538
593	C	-0.229	-0.05169108
594	A	-0.474	-0.07806108
595	A	-0.409	-0.1111682
596	G	0.081	-0.1122922
597	G	-0.172	-0.1257805
598	A	0.296	-0.121716
599	G	0.162	-0.08211483
600	C	0.031	-0.04184687
601	A	-0.040	-0.01892796
602	G	-0.170	-0.01246091
603	A	-0.235	-0.005658435
604	G	0.412	0.007433991
605	G	-0.226	0.0220403
606	A	-0.326	0.0621059
607	G	-0.297	0.081172
608	T	0.093	0.0686842
609	T	0.425	0.09566142
610	C	0.452	0.08921977
611	C	0.409	0.09026211
612	T	0.369	0.08890833
613	A	-0.253	0.07233983
614	G	-0.103	0.0744417
615	G	0.377	0.09750257
616	G	0.106	0.09054527
617	T	0.447	0.1067349
618	G	0.028	0.1254094
619	G	-0.205	0.1239459
620	T	0.447	0.1212586
621	C	0.148	0.09986074
622	A	0.186	0.08114243
623	G	0	0.042149
 624	G	-0.421	0.021396
625	A	-0.122	0.04788765
626	G	0.294	0.04286573
627	G	0.252	0.01870339
628	G	0.145	0.01238042
629	A	0.103	0.002446552
630	G	-0.331	-0.0148722
631	G	0.031	-0.001346157
632	A	-0.066	-0.01894705
633	T	0.021	-0.01272557
634	A	-0.487	-0.001678009
635	G	-0.107	0.01317377
636	G	0.356	0.03860799
637	T	-0.219	0.04542805
638	A	-0.178	0.04807701
639	A	-0.038	0.03220231
640	C	0.218	0.02585975
641	G	-0.369	0.03269683
642	T	0.105	0.0576574
643	T	0.043	0.07469808
644	C	0.291	0.08722733
645	T	0.440	0.09894585
646	C	0.341	0.1248382
647	T	0.163	0.1479102
648	G	0.034	0.1449458
649	T	0.355	0.1652229
650	G	-0.112	0.187767
651	T	0	0.1738661
 652	G	0.260	0.1546066
653	C	0.242	0.1563969
654	T	0.423	0.1413721
655	C	0.221	0.1402701
656	T	0.291	0.1258928
657	C	0.108	0.1159233
658	T	0.423	0.0893008
659	T	0.288	0.08290306
660	C	0.247	0.077818
661	T	0.340	0.04953952
662	G	-0.358	0.07386417
663	T	-0.224	0.09349557
664	A	-0.328	0.09243957
665	C	-0.240	0.103274
666	A	0.017	0.07456257
667	C	-0.039	0.0449487
668	A	0.210	0.0150937
669	T	-0.270	0.01100377
670	A	0.015	-0.02964744
671	C	-0.082	-0.05213701
672	A	-0.294	-0.060271
673	T	0.446	-0.07311226
674	C	0.451	-0.05801815
675	A	0.235	-0.05191231
676	C	0.492	-0.0562557
677	A	-0.236	-0.06851379
678	T	-0.459	-0.08702825
679	T	-0.395	-0.06637639
680	A	0.014	-0.05656778
681	G	-0.511	-0.02567652
682	T	-0.229	-0.0211143
683	A	0.060	-0.02646083
684	G	0.045	-0.03424531
685	C	-0.011	-0.06986227
686	A	-0.083	-0.07348357
687	A	-0.428	-0.06486892
688	T	-0.522	-0.07201057
689	A	-0.408	-0.0499674
690	C	0.435	-0.04045444
691	C	0.436	-0.04274309
692	C	0.439	-0.05003443
693	C	0.120	-0.039547
694	A	-0.205	-0.03023441
695	A	-0.473	-0.01901347
696	A	-0.372	-0.00759507
697	T	0.368	-0.009320878
698	C	0.434	0.01448623
699	T	0.327	0.05139541
700	C	0.270	0.06515506
701	A	-0.241	0.1016813
702	A	-0.447	0.0865442
703	T	-0.153	0.08070994
704	A	-0.270	0.06404698
705	C	-0.015	0.07524781
706	T	0.318	0.07755559
707	T	0.307	0.0863909
708	T	-0.051	0.08387429
709	C	0.463	0.06179124
710	A	0.420	0.0511365
711	G	-0.205	0.0456722
712	A	0.432	0.04844581
713	C	0.087	0.0781215
714	T	0.302	0.1159613
715	T	0.056	0.136347
716	C	0.378	0.1674479
717	A	-0.152	0.1784154
718	T	-0.270	0.1573317
719	A	-0.430	0.1392842
720	T	-0.139	0.1365387
721	T	0.189	0.1234674
722	C	0.202	0.118682
723	T	0.334	0.1185679
724	G	0.441	0.08268727
725	G	0.422	0.06179526
726	C	0.315	0.02552891
727	T	0.444	0.01257161
728	T	0.237	-0.0208707
729	T	-0.166	-0.02727978
730	T	-0.107	-0.03110578
731	G	-0.114	0.004394174
732	G	0.162	0.02858378
733	G	0.310	0.02732722
734	A	-0.208	0.03610174
735	A	-0.393	0.02096597
736	T	-0.392	0.004312878
737	A	-0.531	-0.01839216
738	T	-0.241	-0.0431766
739	C	-0.390	-0.04545986
740	A	-0.299	-0.0569682
741	A	-0.358	-0.03451346
742	G	0.385	-0.01127428
743	C	0.416	0.009201283
744	G	0.160	0.008231804
745	C	0.403	0.0003035
746	T	-0.013	0.009368326
747	T	0.058	0.04835015
748	T	-0.099	0.07501141
749	C	-0.254	0.1076118
750	T	0.392	0.1085254
751	T	-0.027	0.1234673
752	C	0.349	0.136506
753	C	0.427	0.1637566
754	C	0.356	0.1404362
755	C	0.140	0.1441641
756	A	0.128	0.1490354
757	G	0	0.1420459
 758	T	0.503	0.1309802
759	G	0.220	0.1259179
760	A	0.217	0.1166632
761	T	-0.220	0.1123629
762	T	-0.047	0.07885813
763	C	0	0.06265929
 764	T	0.268	0.06285986
765	A	-0.150	0.0303689
766	T	0.502	0.02768681
767	C	0.272	0.02538099
768	T	0.243	0.005512296
769	A	-0.268	-0.007745574
770	G	-0.058	-0.02317523
771	G	-0.312	-0.01488327
772	A	-0.353	-0.03437862
773	A	-0.378	-0.02590073
774	A	-0.400	-0.04184432
775	T	0.354	-0.05837097
776	A	-0.320	-0.06848894
777	C	0.295	-0.05326512
778	T	0.087	-0.06650055
779	G	-0.328	-0.07943087
780	A	-0.304	-0.08552069
781	T	0.148	-0.07644373
782	G	0.410	-0.05512995
783	G	-0.230	-0.03575895
784	T	-0.025	-0.01587769
785	G	-0.413	-0.001563643
786	A	-0.380	0.02320744
787	G	0.035	0.02052166
788	A	0.199	0.0470594
789	G	0.198	0.03598456
790	T	-0.025	0.02931161
791	G	0.103	0.0221697
792	G	-0.059	0.0163134
793	G	0.432	-0.0120063
794	G	0.132	-0.02194269
795	A	0.103	-0.02554491
796	G	-0.049	-0.01395354
797	G	0.169	0.008629243
798	T	0.292	0.03867337
799	G	0.290	0.05620447
800	G	0.040	0.06417887
801	G	-0.065	0.076876
802	A	-0.493	0.09413431
803	A	-0.439	0.101034
804	A	-0.502	0.1083263
805	G	0.182	0.07293252
806	T	-0.313	0.06270235
807	T	0.241	0.04159565
808	G	0.105	0.03173283
809	C	0.310	0.007149609
810	C	0.438	-0.01328183
811	C	0.383	-0.008971565
812	T	0.490	-0.02246763
813	C	0.371	-0.02855478
814	A	0.261	-0.02515752
815	C	0.108	-0.01512757
816	A	-0.381	-0.01333978
817	T	-0.102	-0.03938135
818	A	-0.381	-0.04342896
819	T	-0.276	-0.07651852
820	A	-0.395	-0.09003735
821	A	-0.177	-0.09409948
822	G	0.389	-0.0976957
823	T	-0.270	-0.09567409
824	G	-0.205	-0.09734643
825	A	-0.415	-0.101824
826	A	-0.208	-0.1061441
827	G	-0.461	-0.1108427
828	A	-0.416	-0.09627021
829	T	-0.406	-0.09454874
830	A	-0.519	-0.06914479
831	T	-0.205	-0.04093183
832	A	0.217	-0.005792352
833	G	0.355	0.02376734
834	C	0.429	-0.002159265
835	C	0.451	0.0026613
836	T	0.268	-0.008809613
837	G	0.162	-0.001821265
838	A	0	-0.006977743
 839	A	-0.046	0.0004709522
840	C	-0.062	0.0002200391
841	A	0.202	0.004058735
842	C	0.372	0.01847765
843	T	0.412	0.03735617
844	T	0.502	0.03855756
845	T	-0.206	0.03354469
846	T	-0.159	0.009139952
847	T	-0.469	-0.006754365
848	T	-0.254	0.0021042
849	A	-0.327	-0.01326158
850	A	-0.290	-0.01930937
851	T	-0.422	-0.03866159
852	T	-0.318	-0.05153849
853	G	-0.188	-0.05935213
854	G	0.228	-0.06762978
855	T	0.245	-0.07792369
856	T	0.240	-0.08693695
857	C	-0.131	-0.06680334
858	A	0.086	-0.06361506
859	C	0.472	-0.02804162
860	T	-0.190	-0.01104371
861	A	-0.139	0.02074368
862	A	-0.491	0.05240738
863	T	-0.358	0.08813116
864	T	0.023	0.1192481
865	T	0.182	0.1462584
866	T	0.175	0.1297819
867	C	0.295	0.1311142
868	C	0.256	0.1215994
869	A	-0.085	0.144504
870	C	0.348	0.1454531
871	C	0.136	0.1277399
872	C	0.403	0.1281529
873	T	0.437	0.1440662
874	C	0.399	0.1729925
875	T	0.397	0.1955637
876	C	0.432	0.2139281
877	T	-0.150	0.2116897
878	T	0.275	0.2079014
879	C	0.021	0.2104425
880	C	0.395	0.2213579
881	T	0.107	0.2259079
882	G	0.065	0.1965632
883	T	-0.181	0.1809127
884	T	0.226	0.1829663
885	C	0.173	0.1800815
886	C	0.160	0.1569721
887	T	0.445	0.1362753
888	C	0.130	0.1049407
889	T	0.088	0.1163767
890	G	0.353	0.1048465
891	C	0.507	0.1201937
892	T	0.018	0.1086716
893	A	-0.326	0.1123347
894	T	-0.223	0.1303875
895	T	0.450	0.1572481
896	C	0.371	0.158291
897	A	-0.132	0.1462391
898	T	-0.078	0.1583488
899	T	-0.287	0.1395584
900	G	0.112	0.1169595
901	G	0.010	0.1154006
902	T	0.374	0.1165364
903	T	0.130	0.1102679
904	C	0.192	0.1210321
905	C	0.480	0.1248678
906	T	0.436	0.1384854
907	T	0.250	0.1282894
908	C	-0.103	0.1186097
909	T	0.438	0.1332531
910	T	0.013	0.1531132
911	G	-0.388	0.1708925
912	T	0.052	0.1570048
913	T	0.379	0.1386284
914	C	0.362	0.10924
915	C	0.266	0.08884143
916	A	-0.238	0.06927539
917	G	0.089	0.06164396
918	T	0.216	0.05063683
919	G	0.148	0.04469039
920	G	0.204	0.06619443
921	C	0.378	0.04843887
922	C	0.121	0.05783524
923	A	-0.206	0.09536002
924	A	-0.412	0.08249479
925	T	-0.301	0.04832644
926	A	-0.339	0.02846946
927	C	-0.257	0.0062725
928	C	0.304	0.01721517
929	A	0.183	0.03570598
930	C	0.114	0.04620098
931	T	0.390	0.04847415
932	G	0.030	0.05774367
933	C	0.229	0.04268203
934	T	0.474	0.02531351
935	A	-0.243	0.01103712
936	A	-0.405	0.03086231
937	T	-0.093	0.05377557
938	T	-0.244	0.08094762
939	T	0.013	0.1048066
940	C	0.515	0.1119756
941	T	0.457	0.1040132
942	T	0.201	0.08827779
943	C	0.417	0.05268136
944	C	0.031	0.06176558
945	A	-0.278	0.07138488
946	A	-0.534	0.06809588
947	A	0.043	0.09780106
948	C	0.225	0.1349556
949	T	0.285	0.1464825
950	G	0.290	0.1465675
951	C	0.469	0.1481166
952	T	0	0.1428192
 953	A	-0.247	0.1404158
954	A	-0.427	0.1507402
955	C	0.239	0.1490859
956	C	0.450	0.1687065
957	T	0.398	0.2000938
958	C	0.440	0.2246053
959	C	0.448	0.2120409
960	A	0.171	0.1932759
961	T	-0.242	0.1676697
962	G	0.049	0.1383457
963	C	0.393	0.09976905
964	C	0.402	0.1003072
965	A	0.438	0.09263536
966	C	0.379	0.08878753
967	C	0.483	0.06544162
968	C	0.443	0.03041584
969	A	0.028	0.02133223
970	T	-0.245	0.004268178
971	T	-0.205	0.003145874
972	G	-0.303	0.01445079
973	A	-0.383	0.03328209
974	T	-0.417	0.04151826
975	A	0.012	0.03627909
976	A	-0.424	0.005488391
977	T	-0.516	-0.03129874
978	A	-0.297	-0.06205696
979	T	-0.354	-0.1007115
980	G	0.189	-0.1222847
981	A	0.047	-0.1131747
982	C	0.422	-0.1196287
983	C	0.431	-0.1063476
984	T	0.190	-0.08854686
985	C	0.238	-0.05198207
986	T	0.272	-0.01544916
987	G	-0.305	-0.01696601
988	A	-0.407	-0.005485922
989	A	-0.327	-0.004718704
990	T	-0.405	0.009424396
991	G	-0.052	0.0300987
992	C	0.238	0.02185131
993	A	-0.393	0.03498914
994	A	0.099	0.005127709
995	G	0.106	-0.03236386
996	G	0.457	-0.06418773
997	C	0.422	-0.09241264
998	A	-0.022	-0.1010103
999	T	-0.160	-0.1024922
1000	A	-0.498	-0.1017783
1001	G	0.027	-0.07143236
1002	C	0.120	-0.03552036
1003	A	0	-0.02674705
 1004	T	0.349	-0.02469048
1005	G	-0.263	-0.007579743
1006	A	-0.430	-0.002221413
1007	A	-0.541	0.0151298
1008	A	-0.410	0.01595441
1009	T	0.075	0.0201802
1010	G	-0.339	0.01963553
1011	A	-0.391	0.01582388
1012	T	0.370	0.01766427
1013	C	0.420	-0.001020696
1014	T	0.149	-0.005477561
1015	G	0.285	-0.0225386
1016	A	0	-0.03774465
 1017	G	0.222	-0.04237452
1018	T	0.505	-0.04490095
1019	C	0.476	-0.009344735
1020	A	0.519	0.001274787
1021	T	-0.035	-0.005587222
1022	T	-0.247	0.02769621
1023	A	-0.456	0.06548404
1024	A	-0.402	0.06953465
1025	T	0.018	0.03414
1026	A	-0.392	0.007702996
1027	T	0	-0.01116335
 1028	A	-0.370	-0.02076561
1029	T	-0.489	-0.04820192
1030	T	0.276	-0.08387261
1031	T	-0.166	-0.1204566
1032	G	-0.082	-0.1245984
1033	T	0.425	-0.1461764
1034	G	0.478	-0.1515921
1035	T	0.463	-0.1121235
1036	G	-0.393	-0.08188785
1037	A	-0.458	-0.0645169
1038	A	-0.148	-0.05304155
1039	T	-0.220	-0.03399516
1040	T	-0.408	-0.0214484
1041	A	-0.314	0.01950308
1042	A	-0.365	0.01362778
1043	T	0.424	0.04223382
1044	G	-0.531	0.02754329
1045	A	-0.372	-0.003088452
1046	C	0.451	-0.0315915
1047	T	0.293	-0.0454141
1048	C	0.417	-0.01853806
1049	A	-0.128	-0.009823104
1050	G	0.438	0.008221591
1051	C	-0.081	0.03764968
1052	T	0.452	0.06415459
1053	C	0.141	0.06837937
1054	T	0.491	0.07267246
1055	T	-0.420	0.04266637
1056	T	-0.278	0.04681685
1057	T	-0.177	0.05412185
1058	C	0.145	0.02487568
1059	T	0.224	-0.003776452
1060	A	-0.258	-0.03893189
1061	G	0.266	-0.05252845
1062	C	0.455	-0.09075519
1063	T	0.201	-0.08278861
1064	G	-0.217	-0.09712357
1065	A	-0.266	-0.113429
1066	G	-0.265	-0.1451633
1067	A	-0.435	-0.146031
1068	G	-0.204	-0.1437741
1069	G	-0.221	-0.1295806
1070	A	-0.365	-0.1405649
1071	A	-0.391	-0.165323
1072	A	-0.441	-0.1444509
1073	G	-0.441	-0.146665
1074	A	0.101	-0.1643623
1075	C	0.123	-0.1909689
1076	A	-0.233	-0.1992249
1077	A	-0.238	-0.1777729
1078	T	-0.440	-0.1500677
1079	A	-0.226	-0.1151388
1080	T	0.148	-0.09959715
1081	G	-0.107	-0.08546376
1082	A	-0.345	-0.05442041
1083	G	0.221	-0.03599917
1084	G	0.215	-0.02523252
1085	C	0.048	-0.021999
1086	A	-0.410	-0.04790957
1087	A	-0.407	-0.07605143
1088	G	0.227	-0.08960278
1089	G	0.371	-0.067475
1090	G	0.367	-0.03844904
1091	G	0.153	-0.0130067
1092	G	0.103	-0.00649113
1093	A	0.348	0.0107313
1094	C	0.032	0.01594596
1095	T	-0.193	-0.01775265
1096	T	-0.366	-0.01614548
1097	A	-0.494	-0.004949635
1098	A	-0.524	-0.003086243
1099	A	-0.545	0.004677148
1100	G	0.270	-0.01975959
1101	G	0.226	-0.01837498
1102	G	0.358	-0.03715417
1103	G	0.298	-0.03898069
1104	C	0.289	-0.04684984
1105	C	-0.225	-0.07680876
1106	A	-0.553	-0.09853817
1107	A	0.252	-0.1061524
1108	C	0.306	-0.07438943
1109	G	-0.367	-0.06835221
1110	A	-0.229	-0.03797951
1111	G	-0.335	-0.002624948
1112	T	0.403	-0.004509904
1113	A	-0.064	0.005253226
1114	T	0.111	0.01182436
1115	T	-0.077	-0.02400686
1116	T	-0.340	-0.04405669
1117	T	-0.467	-0.04068964
1118	G	-0.368	-0.01161208
1119	T	0.363	-0.02975034
1120	T	-0.355	-0.03631173
1121	T	0.174	-0.01396608
1122	C	0.268	-0.004735604
1123	C	0.227	0.00453983
1124	A	0.451	-0.00336243
1125	T	0.509	-0.008040287
1126	G	-0.525	-0.0211512
1127	T	-0.172	-0.02195193
1128	A	-0.147	-0.02467214
1129	G	0.115	-0.02267349
1130	G	-0.164	-0.01058203
1131	A	0.155	-0.01894017
1132	C	0.146	0.007952661
1133	A	-0.016	0.00156663
1134	G	-0.121	0.008487283
1135	A	0.221	0.008969239
1136	G	-0.172	-0.007873817
1137	G	-0.190	-0.0482833
1138	A	-0.095	-0.0446293
1139	A	-0.403	-0.04668156
1140	G	-0.421	-0.06256699
1141	A	-0.090	-0.08928808
1142	C	0.171	-0.1034202
1143	A	0.262	-0.1259434
1144	G	0.027	-0.1464398
1145	G	0.427	-0.131495
1146	C	0.238	-0.1105279
1147	A	0.064	-0.09973247
1148	G	-0.420	-0.07257251
1149	A	-0.441	-0.04400394
1150	T	-0.219	-0.0245628
1151	A	-0.513	0.002313891
1152	A	-0.499	0.01623311
1153	A	-0.489	0.03099587
1154	G	-0.362	0.01650361
1155	T	-0.325	0.02513917
1156	A	0.326	0.03444751
1157	T	0.360	-0.00351797
1158	C	0.470	-0.03046836
1159	C	0.452	-0.05095957
1160	T	0.466	-0.05195274
1161	T	0.351	-0.05435439
1162	G	0.214	-0.03306904
1163	G	-0.101	-0.028693
1164	T	0.248	-0.030002
1165	A	-0.161	-0.0321537
1166	T	0.461	-0.007917696
1167	C	0.241	0.01634709
1168	T	-0.445	0.020232
1169	G	-0.381	0.01513757
1170	A	-0.407	-0.0082201
1171	A	-0.442	-0.0141004
1172	A	-0.496	-0.0438481
1173	C	0.270	-0.0471658
1174	T	-0.412	-0.03972493
1175	A	-0.529	-0.01766858
1176	A	-0.538	-0.01001484
1177	C	0.194	0.00795403
1178	C	0.232	-0.01943797
1179	A	0.416	-0.02279758
1180	G	0.243	0.006628465
1181	G	-0.067	0.0425736
1182	T	0.317	0.07838142
1183	T	-0.217	0.09717469
1184	G	0.275	0.1033891
1185	C	0.385	0.0696773
1186	C	0.406	0.07203108
1187	C	0.424	0.08995482
1188	T	0.251	0.09780725
1189	G	-0.168	0.0906549
1190	A	0.164	0.06635764
1191	G	0.230	0.02928099
1192	C	0.445	0.007471248
1193	C	0.416	0.009916857
1194	T	-0.010	0.00592403
1195	G	-0.353	0.02063147
1196	A	-0.505	0.02795529
1197	A	-0.358	0.02843812
1198	A	-0.117	0.02828216
1199	G	-0.358	0.02713181
1200	T	0.030	0.02445981
1201	A	-0.325	0.03056364
1202	T	-0.436	0.01861738
1203	A	-0.258	0.02826038
1204	T	-0.010	0.02700725
1205	T	0.225	0.02939843
1206	T	0.120	0.05304981
1207	C	0.443	0.08784238
1208	T	0.397	0.1177836
1209	C	0.402	0.136613
1210	A	0.398	0.1289675
1211	C	0.190	0.1285988
1212	T	-0.028	0.1063873
1213	G	-0.110	0.1240634
1214	T	0.452	0.1334227
1215	C	0.416	0.1335951
1216	T	0.471	0.1532876
1217	C	0.533	0.1634916
1218	T	0.446	0.1592764
1219	A	0.183	0.1361134
1220	T	0.074	0.1322597
1221	C	-0.292	0.1344544
1222	A	-0.366	0.136126
1223	T	-0.480	0.1440347
1224	A	0.080	0.1600844
1225	G	-0.221	0.1846642
1226	G	-0.254	0.1513785
1227	A	0.442	0.125905
1228	C	0.460	0.09397626
1229	C	0.023	0.07717357
1230	T	-0.089	0.07646126
1231	A	0.308	0.08230217
1232	C	0.453	0.0911832
1233	C	0.436	0.1216107
1234	T	0.371	0.1437404
1235	C	0.340	0.1801883
1236	A	0.454	0.1551035
1237	T	-0.312	0.1703544
1238	G	-0.169	0.1780712
1239	T	-0.262	0.1522518
1240	T	0.146	0.1345831
1241	C	0.430	0.1212468
1242	C	0.317	0.1172162
1243	C	0.278	0.08082821
1244	C	0.406	0.04738539
1245	T	0.142	0.02838608
1246	G	0.357	0.01335347
1247	A	-0.496	0.0124692
1248	T	0.129	-0.01878236
1249	G	-0.076	-0.01140323
1250	G	-0.151	-0.001457304
1251	A	0.053	0.03077422
1252	A	-0.283	0.009821
1253	G	-0.181	-0.02177291
1254	A	-0.528	-0.03245435
1255	T	-0.316	-0.04904161
1256	G	0	-0.07585892
 1257	A	0.026	-0.09870935
1258	C	0.320	-0.1303795
1259	A	-0.263	-0.1048337
1260	G	-0.143	-0.09481942
1261	A	0.059	-0.08008908
1262	C	0.478	-0.07159663
1263	A	-0.335	-0.09049805
1264	A	-0.296	-0.09213283
1265	T	0.072	-0.09203735
1266	G	-0.102	-0.09114235
1267	T	-0.209	-0.09766383
1268	G	-0.383	-0.1027573
1269	A	-0.370	-0.09488234
1270	A	0.091	-0.09941904
1271	C	0.359	-0.07248713
1272	C	0.262	-0.05140417
1273	A	0.043	-0.04035949
1274	G	-0.380	-0.04053705
1275	A	-0.320	-0.02763143
1276	G	-0.179	-0.008314435
1277	A	-0.507	0.01109144
1278	T	-0.465	0.01440432
1279	G	-0.117	0.01241871
1280	T	0.207	0.01090053
1281	G	0.216	0.009104143
1282	T	0.355	0.01241613
1283	C	0.341	0.01256121
1284	C	0.313	0.02192865
1285	A	0.474	0.02051245
1286	G	-0.038	0.02482606
1287	T	0.147	0.04761971
1288	C	0.518	0.05990323
1289	A	-0.026	0.1009764
1290	T	-0.255	0.1212371
1291	T	-0.418	0.1128248
1292	T	-0.411	0.1032977
1293	G	0.167	0.1070058
1294	T	0.363	0.110294
1295	C	0.477	0.1085409
1296	T	0.010	0.1030365
1297	A	-0.281	0.06617675
1298	G	0.203	0.04972509
1299	G	0.103	0.0205997
1300	C	0.436	0.003350874
1301	A	0	0.00773913
 1302	A	-0.310	0.01680253
1303	G	-0.011	0.0303164
1304	G	0.301	0.03611935
1305	C	0.431	0.02224361
1306	C	0.301	8.565652e-05
1307	T	0.186	-0.03502313
1308	G	-0.373	-0.05156956
1309	A	-0.416	-0.04728769
1310	A	-0.521	-0.07813526
1311	A	0.121	-0.09627682
1312	T	0.074	-0.1269197
1313	G	-0.047	-0.1190333
1314	T	-0.107	-0.08655647
1315	G	-0.278	-0.06674369
1316	T	-0.151	-0.07391012
1317	T	-0.146	-0.07743056
1318	A	-0.330	-0.07541608
1319	G	-0.369	-0.06020008
1320	A	-0.183	-0.04766407
1321	A	-0.505	-0.04058063
1322	A	-0.314	-0.03554902
1323	G	-0.268	-0.05168985
1324	T	0.181	-0.04048203
1325	C	0.436	-0.01820173
1326	C	0.443	-0.01752832
1327	A	0.136	0.003708461
1328	G	0.350	-7.562609e-05
1329	C	0.347	0.0008397652
1330	C	0.536	-0.005210496
1331	A	-0.085	-0.006996104
1332	A	-0.253	-0.01092571
1333	T	-0.406	-0.006141974
1334	A	-0.249	0.01109281
1335	T	0.332	0.02219228
1336	C	0.465	0.03420463
1337	A	-0.091	0.01225322
1338	G	0.210	-0.002526783
1339	C	-0.238	0.009617348
1340	A	-0.125	0.01286922
1341	A	-0.469	0.00873613
1342	A	-0.410	-0.008347826
1343	A	-0.273	0.01293594
1344	A	-0.395	0.04023381
1345	C	0.082	0.05108907
1346	A	-0.012	0.03975325
1347	C	0.457	0.01227151
1348	A	-0.068	-0.003749174
1349	G	0.103	0.01293864
1350	C	0.416	0.003805726
1351	T	0.425	0.02144525
1352	G	0.252	0.03963903
1353	G	0.143	0.08069381
1354	C	0.404	0.1145727
1355	T	0.374	0.1312708
1356	C	-0.156	0.1564246
1357	A	-0.510	0.1471724
1358	A	-0.299	0.1574807
1359	G	0.096	0.1428941
1360	C	0.292	0.1497248
1361	T	0	0.1439838
 1362	G	0.167	0.1449246
1363	A	0.293	0.1194299
1364	C	0.475	0.0935437
1365	C	0.368	0.08871734
1366	A	0.110	0.04937077
1367	C	0.182	0.01592417
1368	A	-0.130	0.004918861
1369	G	0.224	0.008848861
1370	T	0.122	0.01049003
1371	C	0.088	0.01096815
1372	A	-0.028	0.0055525
1373	C	0.437	0.01348115
1374	A	-0.161	0.02476472
1375	T	-0.342	0.03090146
1376	G	0.032	0.02646615
1377	A	-0.500	0.02034502
1378	T	-0.395	0.008356587
1379	A	-0.409	0.01753111
1380	G	-0.419	0.01832537
1381	A	-0.261	0.001508761
1382	A	0.107	-0.01549246
1383	C	0.167	-0.003957804
1384	C	0.182	-0.00227047
1385	C	0.426	-0.0264689
1386	A	0.434	-0.0423813
1387	T	0.373	-0.03740782
1388	C	0.227	-0.0581112
1389	T	-0.165	-0.05567746
1390	G	0.393	-0.06120481
1391	A	-0.112	-0.04420323
1392	G	-0.162	-0.007385017
1393	A	-0.268	0.02215568
1394	C	0.353	0.005573852
1395	C	0.010	0.01621594
1396	A	-0.118	0.02116642
1397	A	-0.527	0.01848772
1398	A	-0.228	0.01283798
1399	G	-0.443	0.005277678
1400	A	-0.444	0.01785381
1401	A	-0.522	0.02456852
1402	A	-0.018	-0.01273422
1403	C	0.427	-0.01756444
1404	C	0.417	-0.0003241783
1405	A	-0.273	0.02580187
1406	C	0.412	0.03007343
1407	T	0.296	0.04907854
1408	C	0.364	0.06645876
1409	A	0.304	0.09217475
1410	G	0.199	0.1242754
1411	C	0.516	0.1317637
1412	T	-0.010	0.1289255
1413	A	-0.464	0.1308826
1414	A	-0.223	0.1169198
1415	G	0.234	0.09835191
1416	C	0.332	0.09929374
1417	C	0.452	0.1000429
1418	T	0.447	0.08879974
1419	A	0.280	0.08428843
1420	G	0.064	0.06406909
1421	T	0.509	0.02838043
1422	T	-0.271	0.007550391
1423	T	-0.509	-0.01115047
1424	A	-0.477	0.00923773
1425	A	-0.339	0.03930569
1426	G	0	0.06771525
 1427	T	0.439	0.07075651
1428	T	-0.256	0.05996191
1429	G	0.153	0.02636757
1430	C	0.192	-0.01040122
1431	T	-0.100	-0.03641665
1432	A	-0.516	-0.03283294
1433	A	-0.279	-0.04074633
1434	C	0.086	-0.03268388
1435	C	0.458	-0.008832757
1436	T	0.227	0.004232852
1437	G	0.429	0.01377133
1438	C	0.304	0.03134963
1439	A	0.083	0.02324037
1440	G	-0.320	0.03512458
1441	A	-0.397	0.01441875
1442	A	-0.317	-0.01099912
1443	T	0.146	-0.02497012
1444	C	0.327	-0.02294907
1445	A	-0.085	-0.02729225
1446	T	0.038	-0.04606086
1447	G	-0.176	-0.07430717
1448	A	-0.120	-0.07927543
1449	G	0.404	-0.08358469
1450	C	0.252	-0.08800634
1451	T	0.017	-0.07307335
1452	A	-0.322	-0.04056826
1453	A	-0.392	-
1454	A	-0.421	-
1455	T	-0.470	-
1456	A	-0.379	-
1457	A	-0.344	-
1458	A	-0.191	-
1459	C	0.113	-
1460	A	0.330	-
1461	G	0.202	-
1462	C	0.427	-
1463	C	0.427	-
