1	G	-0.103	-
2	A	-0.375	-
3	A	-0.294	-
4	A	-0.443	-
5	T	-0.409	-
6	A	-0.388	-
7	A	-0.469	-
8	T	-0.123	-
9	C	0.401	-
10	A	-0.186	-
11	G	-0.174	-
12	A	0.334	-
13	C	0.389	-
14	T	0.497	-0.17151
15	C	-0.443	-0.1535247
16	A	-0.372	-0.1457185
17	A	-0.473	-0.1459715
18	A	-0.514	-0.1346025
19	A	-0.540	-0.1048127
20	A	-0.392	-0.07487729
21	G	-0.207	-0.07127455
22	A	0.042	-0.07433788
23	C	0.018	-0.09998084
24	A	-0.395	-0.09584892
25	A	0.332	-0.09348588
26	C	-0.010	-0.08969636
27	T	-0.327	-0.08784344
28	A	0.382	-0.1005621
29	C	-0.165	-0.07418999
30	T	-0.301	-0.05391236
31	A	-0.136	-0.05083403
32	C	0.394	-0.05101418
33	A	0.419	-0.03843047
34	T	-0.371	-0.01623633
35	G	-0.205	-0.02638762
36	A	-0.290	-0.03718138
37	T	-0.075	-0.0519831
38	T	-0.110	-0.02978251
39	C	0.436	-0.02883218
40	C	0.439	-0.02114781
41	A	0.153	0.001664556
42	C	0.268	0.003657852
43	T	0.175	0.02389974
44	T	-0.389	0.03423825
45	A	-0.519	0.02505659
46	A	-0.200	0.006910444
47	C	0.206	0.001262185
48	A	-0.481	0.01679342
49	G	-0.249	0.01377731
50	A	-0.380	0.0204442
51	G	0.203	0.03690346
52	C	0.357	0.0401515
53	A	0.197	0.03279576
54	G	0.288	0.02741079
55	C	0.436	0.03742209
56	T	0.381	0.04344146
57	G	-0.021	0.05265927
58	G	-0.384	0.08576798
59	A	-0.095	0.1011163
60	G	0.266	0.1252522
61	T	0.047	0.1285526
62	G	-0.287	0.1591498
63	C	-0.110	0.1736176
64	A	0.369	0.1819881
65	T	-0.022	0.1803349
66	C	0.238	0.1704103
67	C	0.294	0.177476
68	C	0.423	0.1716273
69	G	0.430	0.1708684
70	G	0.424	0.1716807
71	G	0.504	0.1871928
72	G	-0.104	0.2166492
73	A	0.450	0.2108002
74	C	0.295	0.1876004
75	T	0.344	0.1741713
76	T	0.141	0.1773733
77	G	-0.154	0.1689026
78	G	0.158	0.1532207
79	G	0.089	0.1533085
80	A	0.388	0.1548861
81	G	0.130	0.1381388
82	C	0.415	0.1277084
83	T	0.403	0.1214001
84	C	0.396	0.116889
85	T	0.411	0.1118189
86	G	-0.253	0.1207285
87	G	-0.359	0.08776146
88	A	-0.315	0.0574772
89	A	-0.200	0.02451846
90	A	-0.339	0.003672685
91	G	-0.054	0.01442772
92	A	-0.020	0.02116502
93	G	0.280	0.03276669
94	G	-0.158	0.03392573
95	A	0.142	0.03255701
96	G	0.260	0.01890077
97	C	0.302	-5.764074e-05
98	A	0.367	-0.006527604
99	G	0.135	-0.0075849
100	G	-0.439	0.01774558
101	A	-0.522	0.04681732
102	A	-0.545	0.07099317
103	A	-0.421	0.08673384
104	G	0.135	0.08670151
105	G	0.340	0.07476974
106	G	0.403	0.06694681
107	C	0.419	0.04328874
108	C	0.093	0.06001659
109	A	0.047	0.06681974
110	T	-0.108	0.07189174
111	G	0.222	0.07390611
112	G	0.382	0.06601385
113	C	0.430	0.04505385
114	C	0.425	0.04431407
115	G	0.337	0.04765259
116	G	0.224	0.04849837
117	A	-0.340	0.04639241
118	G	-0.376	0.02584093
119	G	-0.231	-0.001686444
120	A	-0.358	-0.0236593
121	G	0.293	-0.03512452
122	G	0.326	-0.02133969
123	C	0.397	-0.01088404
124	C	0.356	0.008513815
125	T	0.154	0.01514274
126	G	-0.430	0.01031681
127	A	-0.459	0.008373296
128	A	-0.431	0.008017926
129	A	-0.522	0.003860074
130	A	-0.478	0.01438719
131	A	-0.419	0.03154293
132	G	-0.402	0.05804537
133	A	-0.190	0.06662474
134	T	0.109	0.0897287
135	C	0.465	0.06801204
136	A	0.329	0.04171556
137	T	0.415	0.02094778
138	C	0.401	-0.008533556
139	T	0.252	-0.0304573
140	C	0.378	-0.03271656
141	T	0.415	-0.03520381
142	G	0.225	-0.03631948
143	C	0.508	-0.02677956
144	C	0.122	0.007178889
145	A	0.339	0.03606641
146	C	0	0.05097089
 147	A	0.265	0.0748183
148	G	-0.292	0.08467989
149	A	-0.383	0.07368389
150	G	-0.163	0.07375963
151	A	-0.439	0.06642567
152	A	-0.437	0.04605026
153	G	-0.491	0.04420015
154	A	-0.526	0.02066741
155	A	-0.462	0.013395
156	G	-0.264	0.01808452
157	C	0.438	0.01472922
158	T	0.360	0.01866804
159	G	0	0.009105767
 160	G	0.453	0.01645751
161	C	0.376	0.01496769
162	T	0.168	0.03428573
163	C	0.331	0.06366232
164	G	0.217	0.0806381
165	G	-0.148	0.1147956
166	A	0.202	0.150877
167	T	-0.257	0.1750395
168	G	0.219	0.1797303
169	C	0.351	0.1875641
170	T	0.417	0.2124238
171	G	0.229	0.1999438
172	C	0.080	0.198952
173	T	0.198	0.1935989
174	G	0.225	0.1641728
175	G	0.228	0.1558652
176	C	0.409	0.1558694
177	C	0.295	0.142725
178	C	0.483	0.1366913
179	C	0.536	0.1572648
180	T	0.161	0.137925
181	A	-0.399	0.1378467
182	T	-0.250	0.1230147
183	G	0.406	0.1239696
184	G	0.101	0.1193997
185	A	0.333	0.1242874
186	G	-0.144	0.137546
187	A	-0.340	0.1404946
188	C	0.151	0.146583
189	A	0.168	0.1541677
190	G	-0.023	0.1369441
191	G	0.054	0.1079999
192	G	0.406	0.07832164
193	A	-0.319	0.05770464
194	G	-0.259	0.03810512
195	A	-0.180	0.04575357
196	C	0.377	0.06551557
197	C	0.294	0.06094616
198	C	0.361	0.05030138
199	G	0.438	0.04149665
200	G	0.278	0.0316032
201	G	0.389	0.0447938
202	G	0.433	0.04486206
203	A	-0.055	0.05496347
204	G	-0.486	0.0452506
205	A	-0.318	0.04053974
206	C	-0.020	0.04433574
207	A	-0.367	0.06120267
208	A	-0.193	0.06935989
209	C	0.283	0.07120348
210	T	0.282	0.05329626
211	G	-0.185	0.03371681
212	T	0.096	0.00779363
213	A	-0.411	0.009235667
214	T	0.015	-0.01665056
215	T	0.153	-0.05042219
216	C	0.441	-0.08062319
217	A	-0.285	-0.0903774
218	T	-0.072	-0.07051799
219	T	0.508	-0.05006466
220	C	0.135	-0.0365734
221	A	-0.039	-0.01492151
222	A	-0.131	-0.01529633
223	G	-0.105	-0.01292981
224	G	-0.234	-0.00719977
225	A	-0.338	-0.01535499
226	G	0.477	-0.02298433
227	G	-0.420	-0.005315719
228	A	-0.522	-0.009801615
229	A	-0.381	-0.001236207
230	T	-0.319	-0.02410595
231	G	0.049	-0.02253673
232	G	0.234	-0.01983331
233	G	0.343	-0.02265653
234	T	0.216	-0.01173661
235	G	-0.203	-0.01725472
236	G	0.346	0.005037763
237	T	0.437	0.01981402
238	G	-0.406	0.03005652
239	A	-0.109	0.05022656
240	T	0.065	0.03736726
241	G	-0.105	0.03912774
242	C	0.384	0.05744286
243	A	-0.175	0.0715869
244	A	-0.243	0.09276923
245	A	0	0.1017195
 246	C	0.432	0.101194
247	T	0.430	0.09335253
248	T	-0.188	0.09873479
249	G	0.470	0.1050975
250	G	0.293	0.1018024
251	G	0.042	0.08984284
252	T	0.205	0.1227312
253	G	0.130	0.1367057
254	G	-0.373	0.1452902
255	A	-0.027	0.1627141
256	G	0	0.1444853
 257	G	0.252	0.1503616
258	C	0.291	0.1403237
259	C	0.219	0.1242803
260	A	0.132	0.09302841
261	C	0.361	0.06977493
262	A	-0.031	0.09123463
263	G	0.257	0.08074189
264	G	0.114	0.06171574
265	G	0.481	0.05301262
266	T	0.267	0.06360314
267	G	0.297	0.07280132
268	C	0.364	0.08848562
269	A	-0.107	0.1044515
270	G	-0.017	0.1040198
271	A	-0.514	0.1028722
272	A	-0.433	0.1081388
273	G	-0.411	0.09853773
274	A	-0.197	0.07446403
275	C	0.391	0.05781318
276	A	0.187	0.04075456
277	G	-0.220	0.01913641
278	G	-0.192	0.006581267
279	A	0.491	-0.01835525
280	C	0.379	-0.04543455
281	A	0.050	-0.07349947
282	C	0.403	-0.08402797
283	A	-0.011	-0.08793153
284	G	0.221	-0.09546501
285	C	0.433	-0.0735073
286	A	-0.039	-0.06814352
287	G	-0.517	-0.04574719
288	A	-0.087	-0.03493796
289	G	-0.492	-0.04144163
290	A	-0.325	-0.0504078
291	G	-0.224	-0.04605988
292	A	-0.191	-0.05113229
293	G	-0.463	-0.08024947
294	A	-0.460	-0.1083034
295	T	0.080	-0.1101624
296	G	-0.212	-0.1130568
297	T	-0.220	-0.1149422
298	A	0.078	-0.1074523
299	G	-0.288	-0.1157751
300	G	0.193	-0.110793
301	A	0.094	-0.09255881
302	C	0.215	-0.1053184
303	A	-0.054	-0.1053359
304	T	-0.103	-0.1117204
305	G	-0.329	-0.1207476
306	G	-0.294	-0.1027465
307	A	-0.378	-0.09055604
308	A	0	-0.06308419
 309	G	0.325	-0.0610525
310	G	-0.062	-0.05132394
311	G	0.423	-0.06073094
312	A	0.208	-0.06213547
313	C	0.095	-0.04141588
314	A	-0.025	-0.04155325
315	G	-0.432	-0.04904333
316	A	-0.492	-0.04193966
317	A	-0.498	-0.04245773
318	A	-0.467	-0.04462876
319	G	0.294	-0.03694639
320	G	-0.134	-0.00801717
321	A	0.281	0.001859496
322	G	0.135	-0.004665356
323	T	0.049	-0.03084173
324	G	-0.474	-0.04699193
325	A	0.040	-0.08309326
326	C	0.271	-0.1085554
327	C	0.189	-0.1209776
328	A	-0.107	-0.1082832
329	C	0.407	-0.07654843
330	A	-0.068	-0.04091465
331	G	-0.161	-0.01785143
332	G	-0.122	0.001689467
333	A	0.486	-0.02751739
334	C	-0.111	-0.03323235
335	A	-0.176	-0.0294585
336	T	-0.381	-0.05267427
337	A	-0.498	-0.06838054
338	A	-0.550	-0.05119503
339	A	-0.478	-0.04573532
340	G	-0.240	-0.0467561
341	G	0.317	-0.04298047
342	G	0.424	-0.04946121
343	G	0.469	-0.07774891
344	C	0.124	-0.08672037
345	A	0.059	-0.066253
346	A	-0.493	-0.05245508
347	G	-0.288	-0.06712181
348	G	0.383	-0.068681
349	A	-0.491	-0.07610155
350	A	-0.374	-0.07926503
351	A	-0.010	-0.07589751
352	G	0.187	-0.07159922
353	T	0.243	-0.06317985
354	G	0.291	-0.04934689
355	G	-0.282	-0.07308003
356	A	-0.356	-0.07370833
357	A	-0.310	-0.07729989
358	G	0.390	-0.07193366
359	C	0.250	-0.07480379
360	A	0.090	-0.0405719
361	T	-0.153	-0.01680653
362	G	-0.376	-0.01509598
363	A	-0.466	0.01203028
364	T	-0.407	0.04047476
365	A	-0.434	0.05549581
366	A	-0.251	0.04979716
367	C	0.133	0.03524953
368	A	-0.323	0.03077156
369	T	0.407	0.05744416
370	C	0.372	0.07215054
371	T	0.269	0.08918487
372	G	-0.017	0.09094409
373	C	0.430	0.08323856
374	T	0.352	0.08353911
375	G	0.429	0.09503533
376	G	0.240	0.1133986
377	G	0.393	0.1298669
378	C	0.395	0.1462691
379	A	0.034	0.1744334
380	T	-0.149	0.1924607
381	C	0.170	0.1851523
382	C	0.437	0.188562
383	G	0.040	0.1825602
384	G	0.149	0.1789138
385	C	0.438	0.1744059
386	T	0.042	0.1827338
387	G	0.098	0.1721687
388	A	0.156	0.1719011
389	G	0.119	0.161755
390	G	-0.022	0.1443228
391	G	0.035	0.1248144
392	G	0.325	0.1247279
393	T	0.235	0.1288824
394	T	-0.064	0.1448833
395	G	-0.231	0.1464694
396	G	0.245	0.1431377
397	G	0.273	0.1567774
398	T	0.147	0.1687138
399	G	0.206	0.1679291
400	C	0.145	0.1718486
401	C	0.345	0.1836813
402	T	0.155	0.194815
403	A	-0.229	0.2107868
404	G	-0.132	0.2083237
405	G	0.392	0.1885643
406	G	0.146	0.1606227
407	T	0.282	0.1552244
408	G	0.213	0.1528517
409	C	0.347	0.1623681
410	C	0.409	0.1415534
411	C	0.471	0.1172462
412	T	0.417	0.09854939
413	T	0.148	0.09295267
414	C	0.418	0.09487233
415	C	0.457	0.0960933
416	C	0.550	0.107013
417	T	-0.088	0.1306686
418	A	-0.498	0.1370787
419	A	-0.428	0.1148282
420	G	0.089	0.09583254
421	G	-0.128	0.1004189
422	G	0.025	0.1068536
423	A	-0.316	0.1031911
424	G	-0.382	0.08646218
425	A	-0.357	0.07343255
426	A	0.055	0.04724096
427	C	0.196	0.04053699
428	C	0.378	0.02592122
429	C	0.450	0.02539929
430	C	0.408	-0.004427596
431	A	0.040	-0.004897367
432	G	-0.208	-0.0003077
433	G	-0.366	-0.0008279222
434	A	0.406	-0.02067744
435	G	0.387	-0.03216351
436	C	0.248	-0.05154151
437	A	-0.042	-0.05817529
438	G	0.119	-0.0390688
439	A	-0.289	-0.009909063
440	T	-0.032	-0.000154263
441	T	0.023	0.008801959
442	C	0.443	0.01088637
443	A	-0.254	0.00162507
444	G	-0.101	-0.008404781
445	A	-0.374	0.006255304
446	G	-0.442	0.02997382
447	A	-0.446	0.06070371
448	A	-0.438	0.0618996
449	A	-0.497	0.05897034
450	A	-0.495	0.05761475
451	C	0.133	0.06994126
452	C	0.430	0.08019537
453	G	0.319	0.107879
454	C	0.438	0.1108187
455	C	0.434	0.1177909
456	C	0.200	0.1176114
457	A	0.138	0.131627
458	G	0.436	0.1283702
459	C	0.432	0.1278351
460	T	0.463	0.1303123
461	C	0.438	0.1299373
462	A	0.308	0.1616673
463	C	0.212	0.1807115
464	T	0.290	0.19102
465	C	0.396	0.1718976
466	C	0.457	0.1396123
467	A	0.046	0.1090415
468	G	0.211	0.0828911
469	C	0.438	0.0688293
470	A	0.123	0.0463757
471	A	-0.189	0.03289515
472	G	-0.388	0.009906296
473	A	-0.375	0.003672259
474	A	-0.456	0.000912037
475	T	0.418	-0.01307462
476	C	0.016	-0.02038014
477	A	-0.217	-0.04008696
478	G	-0.382	-0.06558592
479	A	-0.441	-0.09917688
480	A	-0.506	-0.1362031
481	A	-0.267	-0.1583597
482	A	0.055	-0.1824586
483	G	-0.406	-0.210055
484	G	-0.225	-0.2251787
485	A	-0.184	-0.2320352
486	C	0.264	-0.227974
487	C	0.388	-0.1998804
488	G	0.061	-0.168532
489	G	0.111	-0.1670298
490	T	-0.320	-0.1609427
491	T	-0.398	-0.1667851
492	A	-0.510	-0.1672158
493	A	-0.542	-0.1403715
494	A	-0.551	-0.141863
495	G	-0.438	-0.1319596
496	G	-0.306	-0.1488808
497	A	-0.284	-0.1241605
498	G	-0.374	-0.0978861
499	A	-0.279	-0.07988118
500	G	0.382	-0.07966259
501	G	0.390	-0.0802557
502	G	0.459	-0.07465619
503	T	0.180	-0.09876241
504	A	-0.374	-0.1015611
505	G	-0.394	-0.07893459
506	G	0.283	-0.04589663
507	A	-0.546	-0.01141341
508	A	0	0.02140948
 509	G	-0.401	0.04501893
510	G	0.261	0.03880674
511	T	0.483	0.02929107
512	C	0.301	0.04938215
513	A	0.269	0.07447796
514	C	0.372	0.070375
515	C	0.212	0.06878156
516	A	-0.539	0.06307552
517	A	-0.395	0.06863719
518	G	0.212	0.09852944
519	C	0.381	0.1232841
520	T	0.388	0.1296506
521	C	0.334	0.1444689
522	C	0.198	0.1296664
523	A	-0.474	0.1267544
524	A	-0.541	0.1102609
525	G	0.168	0.09740537
526	G	0.398	0.102223
527	G	0.271	0.1046047
528	C	0.347	0.09126016
529	C	0.304	0.09775472
530	C	0.330	0.1345414
531	T	0.432	0.1544964
532	C	0.273	0.1482023
533	A	0.455	0.1297025
534	T	-0.146	0.1111411
535	G	-0.399	0.1079442
536	A	-0.480	0.1025706
537	A	-0.184	0.1197431
538	T	0.136	0.1506
539	C	0.431	0.1525186
540	C	0.334	0.1361083
541	G	0.012	0.1419054
542	G	0.387	0.1185949
543	C	0.453	0.09791407
544	T	0.143	0.08133459
545	T	0.042	0.079274
546	G	-0.117	0.08323111
547	G	-0.112	0.0749717
548	A	0.248	0.09105933
549	G	0.053	0.1104933
550	G	-0.010	0.1359219
551	C	0.291	0.1406978
552	C	0.219	0.1501517
553	A	-0.044	0.1441107
554	C	0.428	0.1330552
555	A	-0.282	0.1124436
556	G	-0.253	0.09903262
557	G	-0.116	0.0804785
558	G	0.376	0.07180336
559	C	0.380	0.07369973
560	C	0.232	0.06235925
561	C	0.288	0.05484747
562	A	0.125	0.03690432
563	G	0.206	0.05356244
564	G	-0.055	0.07087199
565	G	0.391	0.0620162
566	C	0.268	0.06489113
567	A	0.035	0.07332694
568	A	-0.544	0.06562998
569	G	0.025	0.07220191
570	G	-0.047	0.09246691
571	A	-0.091	0.09865763
572	C	0.093	0.0995594
573	A	-0.424	0.1010312
574	A	-0.315	0.07693655
575	A	-0.236	0.06147348
576	C	0.503	0.06503914
577	C	0.456	0.060312
578	A	0.052	0.054941
579	C	0.297	0.05372026
580	A	0.183	0.05857615
581	G	0.220	0.06104493
582	G	-0.104	0.09693879
583	C	0.293	0.1120335
584	A	0.050	0.1312772
585	C	0.400	0.1307468
586	A	0.420	0.1444013
587	G	-0.418	0.1674725
588	G	-0.129	0.1900495
589	A	0.221	0.1855654
590	C	0.078	0.1600816
591	A	-0.200	0.134836
592	G	0.358	0.1436714
593	C	0.399	0.1381329
594	T	0.102	0.133768
595	C	0.424	0.1246747
596	C	0.433	0.138464
597	G	0.472	0.1412983
598	G	-0.105	0.1517529
599	T	0.462	0.1533828
600	C	0.198	0.1562427
601	A	0.294	0.1804531
602	A	-0.357	0.1763312
603	G	-0.184	0.177808
604	A	-0.225	0.1890466
605	T	0.290	0.205044
606	C	0.147	0.1971698
607	T	0.065	0.1969235
608	T	-0.024	0.2053961
609	C	0.267	0.1790869
610	T	0.370	0.170356
611	G	0.332	0.1462929
612	G	0.444	0.1668962
613	C	0.497	0.1630776
614	T	0.235	0.1526888
615	A	-0.240	0.1241937
616	C	0.261	0.1207348
617	T	0.381	0.1074181
618	G	0.231	0.09861942
619	C	0.146	0.08702466
620	A	0.392	0.09447751
621	G	0.331	0.08345267
622	G	-0.285	0.08727771
623	A	0.197	0.08811637
624	G	-0.177	0.08973971
625	G	0.450	0.09336441
626	C	0.359	0.08413404
627	A	-0.081	0.08176052
628	G	-0.474	0.0807856
629	A	-0.450	0.09603297
630	A	-0.544	0.08961367
631	A	-0.462	0.09021352
632	C	-0.022	0.09755144
633	C	0.349	0.108317
634	A	-0.232	0.1087344
635	C	0.078	0.09646811
636	A	0.290	0.1170896
637	C	0.414	0.1139613
638	C	0.430	0.1298646
639	C	0.195	0.1227359
640	T	0.433	0.1060436
641	G	0.209	0.1078551
642	C	0.170	0.1264628
643	A	0.087	0.1271161
644	C	0.398	0.1410941
645	C	0.429	0.162432
646	C	0.436	0.1772339
647	T	0.404	0.1718517
648	G	0	0.1928322
 649	C	0.271	0.1924768
650	A	0.113	0.1914102
651	C	0.251	0.1915508
652	T	0.258	0.1902665
653	G	-0.091	0.1996169
654	C	-0.032	0.1998915
655	T	0.027	0.1904001
656	G	-0.433	0.1715686
657	A	-0.166	0.1600649
658	G	0.113	0.1607291
659	G	0.377	0.1614887
660	C	0.203	0.1612422
661	T	0.334	0.1587808
662	G	0.068	0.1583207
663	G	0.261	0.1607989
664	C	0.417	0.1455855
665	G	0.395	0.1327532
666	C	0.448	0.1361017
667	T	0.441	0.1570838
668	G	-0.047	0.1740825
669	G	-0.337	0.1749208
670	A	-0.222	0.2017144
671	G	0.416	0.20026
672	T	0.450	0.1776449
673	C	0.430	0.1779591
674	C	0.337	0.1749983
675	A	-0.012	0.1751045
676	G	0.338	0.1716623
677	A	-0.297	0.1554751
678	A	-0.094	0.1284738
679	G	0.348	0.09856244
680	C	0.475	0.08361961
681	T	0.426	0.07313146
682	T	0.050	0.0927407
683	C	0.290	0.1202205
684	T	-0.206	0.1293105
685	A	-0.497	0.1297975
686	C	0.386	0.1107676
687	A	0.123	0.1023614
688	C	0.336	0.1060771
689	C	-0.024	0.1222577
690	A	-0.175	0.1250692
691	G	-0.311	0.1483214
692	A	-0.411	0.15761
693	A	0.044	0.1551364
694	G	0.157	0.1471803
695	C	0.482	0.1219162
696	T	0.404	0.1261815
697	T	0.022	0.131358
698	C	0.429	0.1546743
699	G	-0.063	0.18974
700	G	0.203	0.1764932
701	T	0.438	0.1885086
702	C	0.424	0.1816172
703	C	0.414	0.1867883
704	C	0.330	0.1757122
705	C	0.156	0.169659
706	C	0.282	0.1677136
707	A	0.260	0.1558922
708	T	-0.255	0.1374969
709	C	0.165	0.1054284
710	C	0.430	0.08041499
711	C	0.423	0.06311597
712	T	0.449	0.02975131
713	G	0.028	0.01699724
714	C	0.448	-0.009108056
715	T	0.150	-0.04386265
716	C	0.115	-0.0680138
717	A	-0.474	-0.1010103
718	A	-0.474	-0.130426
719	A	-0.464	-0.1518938
720	A	-0.274	-0.1824762
721	A	-0.338	-0.1985881
722	A	-0.383	-0.1883353
723	T	-0.270	-0.2126555
724	T	-0.444	-0.2420022
725	A	-0.471	-0.2721185
726	A	-0.407	-0.3088955
727	A	-0.501	-0.324635
728	A	-0.500	-0.3562599
729	C	-0.227	-0.3763292
730	A	-0.476	-0.3966082
731	A	-0.464	-0.3739073
732	A	-0.423	-0.3485714
733	A	-0.543	-0.3152997
734	A	-0.174	-0.2919449
735	C	0.020	-0.2662985
736	A	-0.491	-0.2541292
737	A	-0.362	-0.2358968
738	T	-0.389	-0.2148154
739	A	-0.543	-0.1840735
740	A	-0.396	-0.1812966
741	C	-0.405	-0.1743097
742	A	-0.391	-0.1581176
743	A	-0.432	-0.1344526
744	A	0.138	-0.114858
745	T	0.209	-0.08529458
746	C	0.434	-0.05506999
747	G	0.356	-0.0197125
748	G	0.353	0.002451089
749	T	-0.055	0.01315979
750	G	0.221	0.04276694
751	T	0.124	0.07266305
752	C	0.358	0.09385898
753	A	-0.332	0.129993
754	T	-0.312	0.1480946
755	G	-0.063	0.175869
756	C	0.411	0.2060642
757	A	0.052	0.2300699
758	C	0.334	0.2332968
759	C	0.392	0.2322901
760	C	0.411	0.2312824
761	T	0.423	0.2186347
762	C	0.309	0.2177886
763	T	0.308	0.2364591
764	G	0.444	0.2177037
765	C	0.182	0.2057173
766	T	0.432	0.1873756
767	T	0.092	0.2023186
768	C	0.344	0.2189394
769	C	0.424	0.2390442
770	T	0.216	0.2168311
771	G	0.225	0.2282785
772	G	0.182	0.2315739
773	T	0.406	0.2337464
774	G	0.014	0.2350627
775	C	0.330	0.2222706
776	T	0.449	0.2057746
777	G	-0.285	0.2056793
778	T	-0.198	0.1971965
779	T	-0.136	0.2074307
780	C	0.070	0.2058646
781	G	0.135	0.2145205
782	G	0.479	0.1883755
783	G	-0.188	0.1672959
784	A	0.361	0.1546871
785	C	0.423	0.1468711
786	C	0.451	0.1415897
787	C	0.446	0.133237
788	T	0.078	0.1382761
789	G	-0.135	0.1344009
790	A	0.305	0.1261936
791	G	0.215	0.1515442
792	T	0.458	0.1655783
793	C	0.389	0.1756163
794	T	0.325	0.1862567
795	T	-0.361	0.190574
796	T	-0.144	0.1640993
797	C	-0.124	0.157937
798	A	0.014	0.1252172
799	C	0.039	0.1221096
800	G	0.181	0.1114967
801	G	0.150	0.09551531
802	G	0.226	0.1099182
803	A	0.227	0.1189289
804	G	0.399	0.0891809
805	C	0.180	0.07214601
806	A	0.134	0.03518438
807	C	0.358	0.02174351
808	C	0.252	0.02558911
809	T	-0.235	0.05459526
810	G	-0.354	0.07640744
811	A	-0.522	0.07701633
812	T	0.339	0.07475352
813	G	0.164	0.08605601
814	G	0.015	0.08852408
815	G	0.467	0.09118738
816	G	0.107	0.0947213
817	A	-0.497	0.1001892
818	A	-0.244	0.09263612
819	A	-0.539	0.08113467
820	G	0.026	0.08495253
821	C	0.429	0.08183382
822	C	0.421	0.08123412
823	T	0.443	0.08501867
824	G	-0.107	0.09239649
825	G	-0.046	0.1236737
826	A	0.344	0.1171071
827	C	0.248	0.1244044
828	C	0.222	0.1374502
829	C	0.321	0.1364845
830	G	0.375	0.140966
831	T	0.195	0.174646
832	G	-0.130	0.1995762
833	T	0.237	0.2207314
834	C	0.273	0.2189194
835	G	0.236	0.2099329
836	G	-0.132	0.1879393
837	T	-0.155	0.1638954
838	G	0.322	0.1635966
839	T	0.161	0.1661461
840	C	0.361	0.1425925
841	C	0.367	0.1264019
842	C	0.441	0.127657
843	T	0.228	0.1112557
844	C	0.411	0.1091834
845	C	0.429	0.1129571
846	T	0.032	0.11591
847	G	-0.021	0.09977987
848	C	0.187	0.08404435
849	A	-0.172	0.05888046
850	A	-0.205	0.04906206
851	G	-0.116	0.0455978
852	G	0.021	0.02242276
853	A	-0.291	0.002415056
854	G	-0.189	-0.02506128
855	T	0.256	-0.05306502
856	G	-0.121	-0.07089325
857	C	0.319	-0.0835831
858	T	0.297	-0.08205329
859	G	-0.050	-0.08923229
860	G	-0.198	-0.09041908
861	G	-0.151	-0.08030611
862	A	-0.443	-0.07270941
863	A	-0.398	-0.06633241
864	A	-0.249	-0.04629496
865	A	-0.303	-0.02730381
866	T	-0.378	-0.01252339
867	G	-0.380	0.01320828
868	A	-0.388	0.03594484
869	A	-0.039	0.0420538
870	C	-0.113	0.05946187
871	T	0.452	0.05788284
872	T	0.235	0.06184706
873	T	0	0.06850488
 874	C	0.251	0.06375651
875	C	0.392	0.07683084
876	A	0	0.07511932
 877	G	0.335	0.07471999
878	C	0.396	0.06459169
879	T	0.421	0.07876148
880	T	0.403	0.08817585
881	C	0.424	0.1120948
882	C	0.421	0.143266
883	T	0.348	0.1484646
884	C	0.276	0.1375018
885	C	0.404	0.106163
886	T	0.129	0.08672464
887	T	-0.326	0.08126723
888	G	0.201	0.05454956
889	C	-0.489	0.05537464
890	G	-0.408	0.06288949
891	A	-0.522	0.06244356
892	A	0.079	0.06221971
893	G	-0.124	0.06195708
894	G	0.265	0.06130271
895	C	0.452	0.05605445
896	A	0.100	0.02856675
897	G	-0.409	0.0099696
898	A	-0.393	0.01237582
899	A	-0.289	-0.01102529
900	C	-0.147	-0.0129309
901	A	-0.470	0.01267561
902	T	0.414	0.02061339
903	T	0.202	0.04795302
904	C	0.323	0.07902691
905	C	0.390	0.1066174
906	C	0.413	0.1157064
907	C	0.386	0.131313
908	A	0.283	0.1372136
909	T	-0.320	0.1273069
910	G	-0.153	0.1360866
911	T	0.341	0.1471649
912	G	-0.227	0.1501172
913	T	0.077	0.1427491
914	A	0.364	0.1308586
915	C	0.416	0.1319185
916	T	0.248	0.1159497
917	G	0.430	0.08918147
918	G	0.222	0.06026977
919	T	0.324	0.05892177
920	G	0.297	0.05620266
921	G	0.425	0.0507627
922	C	0.185	0.05575981
923	A	0.337	0.07685807
924	T	-0.110	0.09395007
925	T	-0.313	0.08529592
926	T	-0.488	0.1094548
927	A	-0.468	0.114662
928	A	-0.441	0.1053056
929	A	-0.016	0.1004788
930	A	-0.519	0.1018899
931	A	-0.456	0.09346542
932	C	0.354	0.08523068
933	T	0.340	0.06860594
934	G	0.239	0.04237842
935	C	0.418	0.01231972
936	A	0.248	-0.01019399
937	G	0.308	-0.02749395
938	G	0.107	-0.01061013
939	G	0.424	-0.01239676
940	C	0.218	-0.004796133
941	A	0.112	0.0150351
942	G	0.285	0.02408165
943	C	0.286	0.01247645
944	C	0.202	0.04862845
945	A	0	0.05907845
 946	G	-0.124	0.04712946
947	A	-0.410	0.02746549
948	G	-0.386	0.02039701
949	A	-0.422	0.003591493
950	A	-0.129	0.007357196
951	C	0.345	0.00157127
952	A	-0.361	-0.01423251
953	T	-0.283	-0.04068099
954	G	0.067	-0.04027884
955	G	-0.197	-0.03331921
956	A	-0.330	-0.03050321
957	C	0.456	-0.03430195
958	T	-0.174	-0.03773684
959	G	0.031	-0.04040051
960	T	-0.190	-0.04526392
961	G	0.048	-0.04511781
962	T	-0.035	-0.04032373
963	T	0.350	-0.01754007
964	C	0.151	-0.009400678
965	C	-0.318	-0.006114456
966	A	-0.289	0.02265569
967	C	0.229	0.032208
968	C	0.300	0.03269166
969	G	0.361	0.04567314
970	G	0.184	0.0733918
971	G	0.109	0.07089784
972	A	-0.071	0.08923525
973	G	-0.255	0.07891228
974	A	-0.406	0.07670669
975	G	-0.257	0.06678694
976	T	0.192	0.06153043
977	T	0.090	0.0617915
978	C	0.433	0.06847736
979	C	0.415	0.09620421
980	T	-0.025	0.1239776
981	G	0.080	0.1277332
982	G	0.153	0.1249091
983	C	0.418	0.1227216
984	G	0.388	0.1141924
985	G	0.320	0.117405
986	G	-0.247	0.1135593
987	A	-0.249	0.1042225
988	T	-0.219	0.09983896
989	G	-0.177	0.09130577
990	T	0.357	0.07884426
991	C	0.332	0.0902695
992	C	0.429	0.09015246
993	C	0.460	0.0926555
994	G	0.330	0.1066922
995	G	0.223	0.1097421
996	T	0.302	0.1200577
997	G	-0.046	0.1142313
998	C	0.196	0.1111409
999	A	-0.175	0.09754444
1000	G	-0.507	0.1081164
1001	A	-0.525	0.1111207
1002	A	-0.487	0.1163676
1003	G	-0.143	0.1101942
1004	C	0.398	0.1021481
1005	C	0.430	0.07598797
1006	C	0.482	0.05416868
1007	G	0.353	0.02461875
1008	T	0.162	0.01237934
1009	C	0.431	0.007203811
1010	C	0.261	0.01266051
1011	C	0.305	0.02944858
1012	A	-0.046	0.0190138
1013	A	0.038	0.01303688
1014	G	-0.168	0.01930932
1015	A	-0.077	0.0218834
1016	G	-0.344	0.02097132
1017	A	0.140	0.01824562
1018	T	-0.373	-0.01115605
1019	T	-0.159	-0.04063194
1020	A	-0.337	-0.07502597
1021	T	0	-0.09633668
 1022	T	0.084	-0.119566
1023	C	0.450	-0.1330531
1024	C	0.407	-0.1392354
1025	A	-0.085	-0.1371127
1026	G	-0.337	-0.1208614
1027	G	-0.338	-0.109255
1028	A	-0.455	-0.09344746
1029	A	-0.512	-0.07756693
1030	A	-0.217	-0.06481375
1031	A	-0.395	-0.07138597
1032	G	-0.365	-0.06071257
1033	A	-0.446	-0.0519738
1034	A	-0.221	-0.04437343
1035	G	-0.464	-0.04593809
1036	T	0.067	-0.05078137
1037	G	0.094	-0.08433426
1038	G	0.362	-0.1092908
1039	C	0.392	-0.1025346
1040	C	0.351	-0.1020587
1041	C	0.257	-0.0967468
1042	T	0.350	-0.07609502
1043	C	0	-0.0606199
 1044	A	-0.037	-0.05256734
1045	G	-0.085	-0.03857208
1046	T	0.076	-0.0330543
1047	G	-0.132	-0.0332546
1048	T	-0.042	-0.0449406
1049	C	-0.046	-0.04732034
1050	A	-0.455	-0.04769685
1051	A	-0.266	-0.06273776
1052	A	0.097	-0.08374642
1053	G	-0.324	-0.08960357
1054	G	-0.194	-0.08553109
1055	A	0.101	-0.07894187
1056	T	-0.094	-0.07816083
1057	G	0	-0.06192672
 1058	C	-0.017	-0.04412409
1059	A	-0.216	-0.0600686
1060	A	-0.451	-0.07332459
1061	A	-0.537	-0.0773587
1062	A	-0.528	-0.08984682
1063	C	0.057	-0.08293342
1064	T	-0.312	-0.05900905
1065	A	-0.204	-0.0331342
1066	A	0.233	-0.01970236
1067	C	0.461	-0.004119174
1068	C	0.435	0.01250131
1069	T	0.371	0.02545997
1070	C	0.438	0.03518307
1071	T	0.443	0.05009778
1072	G	-0.516	0.04376278
1073	A	-0.281	0.06445889
1074	G	-0.240	0.06651867
1075	T	-0.379	0.06747893
1076	T	0.140	0.0762447
1077	C	0.190	0.08332259
1078	C	0.432	0.08807074
1079	T	0.460	0.07974159
1080	G	0.096	0.05879426
1081	G	0.253	0.02507011
1082	C	0.451	-0.009679926
1083	A	0.168	-0.04373274
1084	G	0.402	-0.05770619
1085	G	-0.188	-0.07913845
1086	T	0.342	-0.07256241
1087	T	-0.395	-0.058906
1088	T	-0.511	-0.0312193
1089	A	-0.292	-0.028637
1090	G	0.248	-0.0525426
1091	C	-0.183	-0.05709297
1092	A	-0.429	-0.08679079
1093	A	-0.331	-0.09230183
1094	T	-0.448	-0.08011575
1095	A	-0.502	-0.0919857
1096	A	-0.547	-0.09271503
1097	A	0.061	-0.08053544
1098	G	-0.135	-0.1024021
1099	G	-0.338	-0.1008866
1100	A	0.087	-0.09481259
1101	G	0.506	-0.06451526
1102	G	-0.309	-0.03210555
1103	A	-0.505	-0.00374507
1104	T	0.067	-0.02427948
1105	G	-0.369	-0.0325114
1106	T	0.311	-0.03463044
1107	T	0.425	-0.03169622
1108	G	-0.066	-0.01353846
1109	C	0.431	-0.01183501
1110	T	0.497	0.006654463
1111	G	-0.187	-0.002904237
1112	A	-0.147	0.01330395
1113	T	0.506	0.01880732
1114	C	0.422	0.002800133
1115	T	0.363	0.001937726
1116	C	0.473	-6.04963e-05
1117	A	-0.306	0.03067061
1118	G	-0.406	0.03056821
1119	T	-0.486	0.03633184
1120	A	-0.252	0.01635273
1121	C	0.041	-0.01424108
1122	A	-0.456	-0.0226431
1123	A	-0.048	-0.05693413
1124	G	-0.197	-0.0956438
1125	C	0.302	-0.1030313
1126	A	-0.190	-0.09548549
1127	A	-0.344	-0.09733341
1128	T	0.483	-0.104712
1129	G	-0.363	-0.1221973
1130	T	0.324	-0.1558216
1131	T	0.064	-0.154495
1132	A	-0.214	-0.1516093
1133	G	-0.228	-0.1424301
1134	A	-0.400	-0.12652
1135	G	-0.293	-0.139432
1136	A	-0.493	-0.13609
1137	A	-0.548	-0.1467401
1138	A	-0.387	-0.1438379
1139	G	0.056	-0.1454565
1140	G	0.456	-0.1326074
1141	G	0.222	-0.1150563
1142	G	-0.108	-0.1266794
1143	A	-0.434	-0.1194118
1144	A	-0.270	-0.1278755
1145	G	-0.328	-0.137765
1146	A	-0.238	-0.140713
1147	T	0.177	-0.1410756
1148	G	-0.307	-0.1198928
1149	G	-0.366	-0.1035342
1150	A	-0.335	-0.07320797
1151	A	-0.118	-0.06690323
1152	G	0.258	-0.06057979
1153	T	0.156	-0.06666743
1154	G	0.129	-0.09429847
1155	G	0.169	-0.09856258
1156	A	-0.167	-0.09388335
1157	C	0.095	-0.06862965
1158	A	-0.202	-0.07292309
1159	A	-0.293	-0.06227206
1160	G	-0.237	-0.06243669
1161	G	0.171	-0.06952016
1162	A	0.148	-0.05675835
1163	C	0.324	-0.03132494
1164	G	-0.377	-0.01438531
1165	A	-0.216	-0.001183644
1166	G	-0.108	-0.03008498
1167	T	-0.289	-0.03484367
1168	G	0.107	-0.04134063
1169	A	0.017	-0.05542111
1170	G	0.247	-0.06736449
1171	T	-0.386	-0.08206713
1172	G	-0.040	-0.07357333
1173	G	-0.243	-0.0559003
1174	A	-0.014	-0.04041956
1175	A	0.037	-0.058717
1176	G	0.320	-0.07615807
1177	G	0.121	-0.09256737
1178	T	0.237	-0.06010904
1179	G	-0.521	-0.0550889
1180	A	0.028	-0.06295297
1181	C	-0.046	-0.06843534
1182	A	-0.210	-0.08844368
1183	A	-0.489	-0.1046841
1184	A	-0.301	-0.1310116
1185	T	0.026	-0.1313484
1186	G	0.183	-0.1116607
1187	G	0.180	-0.09505161
1188	A	-0.322	-0.1054855
1189	A	-0.322	-0.09806813
1190	G	-0.118	-0.1029132
1191	C	0.498	-0.1021995
1192	A	-0.080	-0.1006218
1193	A	-0.320	-0.0769385
1194	A	-0.437	-0.08998541
1195	G	-0.432	-0.07439374
1196	A	-0.420	-0.04819522
1197	A	-0.463	-0.01027692
1198	A	-0.395	0.001342389
1199	C	0.490	0.0003435963
1200	G	0.205	-0.01281107
1201	T	-0.295	-0.03811677
1202	A	0.237	-0.04622992
1203	T	0.189	-0.04738351
1204	C	0.140	-0.03705822
1205	C	0.280	-0.06245166
1206	A	0.118	-0.06780087
1207	G	-0.323	-0.06469317
1208	A	0.374	-0.03208484
1209	C	0.496	-0.006595652
1210	C	0.533	5.323704e-05
1211	A	0.012	0.006340756
1212	T	0	0.02449609
 1213	T	-0.171	0.02117094
1214	G	-0.503	0.02263472
1215	A	-0.541	0.03524377
1216	A	-0.353	0.01187573
1217	G	0.160	-0.01016323
1218	A	-0.187	-0.0328812
1219	T	-0.225	-0.05912727
1220	G	-0.236	-0.0776616
1221	C	0.443	-0.07999942
1222	T	0.255	-0.1118013
1223	T	-0.241	-0.1427109
1224	G	-0.293	-0.1617086
1225	A	0.094	-0.1700641
1226	G	0.401	-0.1815475
1227	C	0.244	-0.1714234
1228	G	0.044	-0.1379505
1229	A	-0.393	-0.1070644
1230	G	-0.405	-0.0933306
1231	A	-0.472	-0.08903309
1232	A	-0.428	-0.07060405
1233	G	-0.382	-0.0789079
1234	A	-0.387	-0.05769557
1235	A	-0.484	-0.06010686
1236	A	-0.337	-0.07381938
1237	G	0.020	-0.06622389
1238	A	-0.212	-0.06790349
1239	G	-0.310	-0.06564745
1240	G	0.101	-0.0816128
1241	C	0.400	-0.1024085
1242	G	0.292	-0.1032183
1243	G	0.016	-0.1041895
1244	T	0.276	-0.0969717
1245	G	0.310	-0.087538
1246	G	-0.449	-0.05681185
1247	A	0.336	-0.02637919
1248	G	0.378	-0.0005514815
1249	G	-0.114	0.0104143
1250	G	-0.036	0.003889593
1251	A	-0.339	0.009137104
1252	A	0.155	0.006989141
1253	T	-0.029	0.01495447
1254	G	-0.316	0.009913244
1255	G	0.022	-0.02440361
1256	A	-0.419	-0.03039279
1257	A	-0.210	-0.02135676
1258	G	-0.217	-0.04567028
1259	C	0.401	-0.0609328
1260	C	0.439	-0.04816661
1261	C	0.310	-0.05860215
1262	G	-0.187	-0.05855297
1263	A	-0.514	-0.044248
1264	G	0.162	-0.03611383
1265	G	-0.270	-0.0148216
1266	A	-0.094	-0.008594678
1267	A	-0.034	-0.01280477
1268	G	-0.526	-0.01458618
1269	T	0.130	-0.03454925
1270	C	0.260	-0.03473417
1271	A	-0.379	-0.04659495
1272	T	-0.101	-0.04013841
1273	A	-0.104	-0.05170818
1274	T	0.054	-0.05550696
1275	G	0.379	-0.06068514
1276	T	0.271	-0.04003147
1277	T	0.183	-0.005800178
1278	G	0.235	0.001567748
1279	C	0.323	0.0116029
1280	A	-0.143	-0.004093948
1281	A	-0.364	-0.02043387
1282	T	-0.516	0.0004752037
1283	A	-0.424	-0.006577807
1284	A	-0.530	-0.009673437
1285	G	-0.043	0.01216701
1286	G	0.088	0.02693356
1287	G	0.336	0.04254534
1288	G	0.170	0.05610047
1289	C	0.369	0.044539
1290	C	0.410	0.02515504
1291	T	0.361	0.006260667
1292	C	0	-0.01203148
 1293	A	-0.518	-0.02782426
1294	G	-0.475	-0.01790059
1295	A	0.038	0.006451074
1296	G	-0.059	0.04006681
1297	C	0.177	0.06202211
1298	A	0.209	0.08823033
1299	C	0.297	0.09721835
1300	G	0.316	0.09533873
1301	T	0.420	0.09747936
1302	G	0.067	0.1061078
1303	T	-0.251	0.0965105
1304	A	-0.326	0.07031061
1305	G	-0.258	0.05216043
1306	A	-0.102	0.06632899
1307	G	0.124	0.08788484
1308	T	0.292	0.1175096
1309	G	0.391	0.1306502
1310	T	0.168	0.1436538
1311	G	0.176	0.1257705
1312	G	0.199	0.1112913
1313	A	0.038	0.1062565
1314	G	0.394	0.08253084
1315	C	0.403	0.05339973
1316	A	0.110	0.04989167
1317	G	-0.297	0.06291959
1318	A	-0.128	0.08784496
1319	G	0.382	0.1072545
1320	C	0.063	0.1215518
1321	C	0.324	0.1282748
1322	C	0.393	0.1328193
1323	T	0.291	0.1230792
1324	T	-0.305	0.1252449
1325	G	-0.181	0.106821
1326	C	0.161	0.08359456
1327	A	-0.323	0.06660854
1328	G	-0.366	0.04043198
1329	A	-0.027	0.02452476
1330	G	0.100	0.02092908
1331	G	0.346	0.0485496
1332	G	0.266	0.0662
1333	G	0.283	0.05142778
1334	C	0.305	0.04804332
1335	T	0.415	0.04316436
1336	G	0.128	0.03453332
1337	T	0.226	0.03553813
1338	G	-0.320	0.04398673
1339	G	-0.427	0.06582521
1340	A	-0.420	0.05425984
1341	A	-0.312	0.07657458
1342	G	-0.025	0.0967661
1343	G	0.013	0.1090422
1344	C	0.448	0.1173106
1345	T	0.348	0.1008949
1346	G	-0.016	0.09964659
1347	G	-0.028	0.1020351
1348	C	0.192	0.1042616
1349	A	0.160	0.1040244
1350	G	0.318	0.1105264
1351	G	-0.077	0.1190148
1352	G	0.408	0.1463054
1353	T	-0.151	0.1565132
1354	G	0.278	0.1855465
1355	C	0.179	0.2146631
1356	A	0.303	0.2307433
1357	G	0.323	0.2459454
1358	G	-0.096	0.2440507
1359	T	0.232	0.2430036
1360	G	0.348	0.2471477
1361	G	0.366	0.2599411
1362	C	0.409	0.2468605
1363	C	0.303	0.2463063
1364	C	0.455	0.247606
1365	C	0.416	0.2670502
1366	A	-0.152	0.2680856
1367	C	0.363	0.2892814
1368	T	0.473	0.2601014
1369	C	0.408	0.2504431
1370	T	0.423	0.224486
1371	C	0.397	0.2103636
1372	C	0.319	0.2144607
1373	G	0.095	0.2206739
1374	T	0.317	0.2029148
1375	C	-0.160	0.2040919
1376	A	0.145	0.2021002
1377	C	0.353	0.2062599
1378	C	0.447	0.2024473
1379	C	0.436	0.196915
1380	T	0.421	0.2009106
1381	G	-0.509	0.1962172
1382	A	-0.081	0.1723862
1383	G	-0.396	0.1546284
1384	G	-0.057	0.1547067
1385	A	0.013	0.1297203
1386	G	0.400	0.1342106
1387	T	-0.131	0.1189445
1388	G	0.397	0.0907851
1389	T	0.355	0.07705217
1390	G	0.416	0.05223932
1391	T	0.353	0.02036032
1392	G	0.267	0.01540517
1393	G	-0.044	0.01491839
1394	T	0.236	0.01459543
1395	C	-0.169	0.05040691
1396	A	-0.071	0.04982347
1397	G	0.426	0.08040051
1398	A	-0.277	0.09167567
1399	G	0.441	0.108633
1400	T	-0.316	0.1058222
1401	T	-0.443	0.1100275
1402	A	-0.531	0.09792959
1403	A	-0.524	0.09819621
1404	A	-0.507	0.08730444
1405	G	0.313	0.08789144
1406	C	0.423	0.09368007
1407	T	0.412	0.103671
1408	C	0.457	0.09123223
1409	A	-0.097	0.106077
1410	G	0.428	0.1104925
1411	T	0.246	0.1070392
1412	C	0.471	0.1333116
1413	T	0.324	0.1239217
1414	G	-0.017	0.1448323
1415	T	0.071	0.1763953
1416	T	0.362	0.2132985
1417	T	0.122	0.2363302
1418	C	0.368	0.2545633
1419	T	0.423	0.2406814
1420	G	0.225	0.2385415
1421	G	-0.099	0.2225527
1422	G	0.231	0.2033509
1423	A	0.047	0.1908786
1424	T	0.332	0.1853611
1425	C	0.432	0.189624
1426	A	0.187	0.1879407
1427	G	0.247	0.1910807
1428	G	0.409	0.1984869
1429	C	0.464	0.1970206
1430	T	0.097	0.1728428
1431	T	-0.015	0.1565191
1432	T	-0.060	0.1229843
1433	C	0.365	0.09339626
1434	A	-0.019	0.072904
1435	C	-0.060	0.06400726
1436	A	-0.434	0.05234451
1437	A	0.279	0.05718959
1438	G	0.361	0.04385766
1439	C	0.426	0.02856197
1440	T	0.408	0.0292493
1441	C	0.182	0.02880427
1442	C	0.031	0.007520156
1443	A	-0.290	-0.008909904
1444	A	-0.318	-0.005432496
1445	A	-0.536	0.008915367
1446	A	-0.375	0.01387868
1447	G	-0.327	-0.01439236
1448	A	-0.339	-0.01688455
1449	T	-0.083	-0.02123974
1450	T	0.178	0.002233226
1451	C	-0.027	0.001830893
1452	A	0.019	-0.006922404
1453	C	0.206	-0.01644118
1454	C	0.235	-0.02535659
1455	G	-0.165	-0.02445537
1456	T	0.021	-0.03749147
1457	G	0.191	-0.04025139
1458	C	0.372	-0.01481102
1459	A	0.073	0.02215546
1460	G	-0.397	0.04218805
1461	A	-0.086	0.0471725
1462	A	-0.178	0.04724405
1463	C	0.199	0.03717221
1464	T	0.268	0.01908406
1465	G	0.125	0.003748285
1466	G	0.169	-0.01671073
1467	A	0.168	-0.04110147
1468	C	0.206	-0.06342724
1469	G	-0.320	-0.06944391
1470	T	-0.364	-0.05428815
1471	T	0.368	-0.04842933
1472	C	0.461	-0.05142348
1473	T	0.165	-0.04644423
1474	A	-0.193	-0.01696883
1475	G	-0.337	-1.8e-05
1476	A	-0.355	0.01517159
1477	G	-0.309	0.02070696
1478	A	-0.441	0.0277527
1479	A	-0.533	0.03631959
1480	A	-0.452	0.045904
1481	G	-0.366	0.04315144
1482	A	-0.327	0.05231089
1483	C	0.430	0.07095878
1484	C	0.349	0.09140885
1485	A	0.291	0.09182711
1486	C	0.207	0.08224952
1487	G	0.398	0.07404265
1488	C	0.371	0.08073091
1489	C	0.231	0.07853643
1490	T	0.348	0.07401836
1491	C	0.459	0.09768317
1492	C	0.356	0.1281
1493	T	0.428	0.162534
1494	C	0.093	0.1972581
1495	C	0.453	0.2261545
1496	T	0.183	0.2449228
1497	G	0.187	0.2411932
1498	C	0.379	0.2139376
1499	A	0.202	0.2054367
1500	G	-0.056	0.1877988
1501	G	-0.012	0.1772563
1502	T	-0.396	0.1630114
1503	A	-0.477	0.1532177
1504	A	0.329	0.1225012
1505	C	0.380	0.09163583
1506	T	0.396	0.06210083
1507	C	0.485	0.06220342
1508	T	0.413	0.06638279
1509	T	0.178	0.05309968
1510	C	0.329	0.05357857
1511	A	-0.386	0.05605679
1512	T	0.061	0.0470746
1513	T	-0.268	0.05279438
1514	C	0.113	0.05732683
1515	A	-0.013	0.06564646
1516	G	-0.032	0.08232375
1517	G	-0.480	0.09062412
1518	A	-0.374	0.09531097
1519	A	-0.440	0.0742286
1520	G	0.430	0.05139323
1521	C	0.206	0.02239475
1522	A	0.095	0.0123039
1523	G	0.196	0.01983053
1524	C	0.254	0.02340216
1525	T	0.137	0.05350557
1526	C	0.357	0.0590536
1527	T	0.066	0.07578983
1528	T	0.211	0.0826522
1529	G	0.053	0.1005014
1530	G	-0.253	0.1170429
1531	C	0.455	0.1454162
1532	T	-0.189	0.1428533
1533	T	-0.220	0.1486121
1534	A	-0.297	0.1360041
1535	T	0.140	0.1424703
1536	C	0.381	0.1529273
1537	C	0.426	0.134752
1538	C	0.426	0.1305318
1539	T	0.211	0.1167411
1540	G	0.183	0.1019526
1541	G	0.298	0.1045407
1542	G	0.468	0.08025042
1543	C	0.413	0.08257675
1544	T	0.285	0.08078023
1545	T	-0.443	0.05256994
1546	A	-0.285	0.0478719
1547	G	0.090	0.04587509
1548	T	0.381	0.07194038
1549	G	0.377	0.0829949
1550	G	-0.294	0.0710048
1551	A	0.140	0.04898306
1552	A	-0.235	0.04455836
1553	T	-0.041	0.05456132
1554	T	0.135	0.04407225
1555	G	-0.444	0.02791432
1556	G	0.116	-0.004269011
1557	A	-0.301	-0.01688929
1558	A	-0.305	-0.04320143
1559	T	-0.316	-0.0352211
1560	A	-0.273	-0.006839211
1561	C	0.405	-0.0003248556
1562	C	0.439	-0.008367559
1563	T	0.058	-0.008431596
1564	G	-0.168	0.01237411
1565	A	0.306	-0.01308004
1566	C	0.481	-0.01455297
1567	C	-0.100	0.002643074
1568	A	-0.137	0.009057074
1569	T	-0.400	0.03178911
1570	A	0.073	0.04396919
1571	G	-0.424	0.06068163
1572	G	-0.227	0.08200726
1573	A	0.481	0.07723833
1574	C	0.266	0.08638848
1575	A	0.164	0.0597284
1576	C	0.375	0.03860537
1577	C	0.267	0.03585751
1578	A	-0.546	0.05747925
1579	A	-0.274	0.06194829
1580	G	0.422	0.05855533
1581	G	0.309	0.05360351
1582	G	0.169	0.06175126
1583	C	0.445	0.08269774
1584	T	0.149	0.08377071
1585	T	0.269	0.1110833
1586	T	-0.444	0.1249708
1587	A	-0.026	0.1187529
1588	G	-0.313	0.1140954
1589	G	-0.130	0.1006688
1590	A	-0.015	0.07689534
1591	C	0.415	0.06146512
1592	C	0.427	0.07982547
1593	T	0.390	0.08831023
1594	G	-0.233	0.0649906
1595	A	0.082	0.05608825
1596	G	0.165	0.0505252
1597	T	0.102	0.04997709
1598	G	0.312	0.0519622
1599	G	0.146	0.05767776
1600	C	0.313	0.08988457
1601	A	0.140	0.09842891
1602	C	-0.198	0.1271064
1603	A	-0.266	0.1411743
1604	T	-0.149	0.1244631
1605	C	-0.051	0.1062945
1606	G	-0.045	0.09751892
1607	T	-0.207	0.09082611
1608	G	0.068	0.1156527
1609	T	0.019	0.1229433
1610	C	0.430	0.1160666
1611	C	0.202	0.09892725
1612	T	0.424	0.06955988
1613	G	0.424	0.06870591
1614	G	0.203	0.03808036
1615	T	0.460	0.01969673
1616	G	0.248	0.04248047
1617	A	-0.467	0.0669171
1618	C	-0.075	0.08482154
1619	A	0.190	0.09341475
1620	T	0.209	0.1032696
1621	C	0.436	0.1127885
1622	T	0.279	0.1240114
1623	G	-0.020	0.1323065
1624	A	-0.360	0.1294103
1625	G	-0.480	0.1225204
1626	T	0.123	0.1043978
1627	T	-0.513	0.09969527
1628	A	-0.355	0.09735827
1629	C	0.416	0.09181542
1630	C	0.393	0.08151174
1631	T	0.333	0.1003962
1632	G	0.180	0.1154758
1633	G	0.220	0.1191751
1634	G	0.049	0.1251642
1635	G	0.371	0.1172004
1636	C	0.243	0.1214701
1637	G	0.352	0.1341561
1638	T	0.016	0.1640001
1639	G	-0.065	0.1981398
1640	C	0.297	0.2015237
1641	A	0.140	0.2170998
1642	C	0.310	0.2340047
1643	A	-0.029	0.2282745
1644	G	0.042	0.2266023
1645	C	0.331	0.2303356
1646	A	0.290	0.2395243
1647	G	0.371	0.2460701
1648	C	0.221	0.24871
1649	C	0.394	0.2353414
1650	T	0.321	0.2334596
1651	C	0.445	0.2241363
1652	C	0.441	0.208143
1653	A	0.215	0.2060342
1654	G	-0.093	0.197605
1655	C	0.100	0.2051421
1656	A	0.262	0.2073403
1657	T	0.348	0.224749
1658	C	0.434	0.2336668
1659	C	0.428	0.2213719
1660	C	0.396	0.1995771
1661	A	0.121	0.1767915
1662	G	0.010	0.1672168
1663	G	0.192	0.1449214
1664	G	0.100	0.1408332
1665	A	-0.414	0.1251128
1666	G	-0.121	0.1077876
1667	A	0.070	0.1104312
1668	G	0.344	0.1271182
1669	C	0.370	0.137229
1670	T	0.440	0.1306578
1671	G	0.283	0.1182864
1672	T	0	0.1108646
 1673	G	-0.298	0.1103109
1674	T	-0.243	0.1130708
1675	A	-0.036	0.1020556
1676	T	-0.207	0.09554684
1677	G	0.211	0.08063984
1678	G	0.020	0.08145255
1679	G	-0.026	0.1122581
1680	G	0.286	0.1244254
1681	T	0.357	0.1273847
1682	C	0.373	0.1214929
1683	A	0.084	0.1192148
1684	G	0.014	0.1153465
1685	G	0.234	0.11615
1686	C	0.413	0.1236381
1687	T	0.471	0.1494195
1688	C	-0.176	0.1710138
1689	A	-0.164	0.1771938
1690	A	-0.209	0.1974558
1691	G	0.122	0.2038608
1692	C	0.416	0.2122568
1693	A	0.206	0.2248164
1694	G	0.150	0.2215764
1695	G	0.185	0.2189063
1696	T	0.308	0.205706
1697	C	0.336	0.2126128
1698	C	0.305	0.2116333
1699	C	0.202	0.2079365
1700	A	0.397	0.1932462
1701	G	0.339	0.1856387
1702	G	0.129	0.1915904
1703	G	0.339	0.1855281
1704	C	0.384	0.1820324
1705	A	0.247	0.1648542
1706	C	0.312	0.1578283
1707	C	0.199	0.1606164
1708	A	0.285	0.1714878
1709	G	0.017	0.171607
1710	T	0.271	0.1601799
1711	G	-0.012	0.13124
1712	A	0.134	0.1151272
1713	C	0.017	0.105455
1714	C	0.266	0.09169304
1715	C	-0.015	0.06573604
1716	A	-0.328	0.04697741
1717	A	-0.304	0.01885852
1718	T	-0.341	0.02042715
1719	G	0.227	0.01637559
1720	G	0.281	0.01751948
1721	G	0.443	0.02657
1722	T	0.188	0.03211956
1723	G	0	0.04754848
 1724	A	-0.445	0.0504
1725	A	-0.129	0.06490274
1726	T	-0.058	0.05501574
1727	C	0.026	0.06501456
1728	A	-0.361	0.05935411
1729	G	-0.376	0.06957811
1730	A	-0.419	0.0913237
1731	C	0.426	0.1009964
1732	T	0.138	0.1283544
1733	C	0.343	0.1359201
1734	C	0.443	0.1388847
1735	C	0.435	0.1368351
1736	G	0.433	0.1386066
1737	T	0.348	0.1507885
1738	G	0.379	0.169829
1739	G	-0.132	0.1857368
1740	C	0.287	0.2047895
1741	A	0.113	0.2021123
1742	C	0.260	0.2259915
1743	C	0.258	0.2287884
1744	T	-0.043	0.2372545
1745	G	0.397	0.2360379
1746	C	0.431	0.2447663
1747	T	0.361	0.2429198
1748	C	0.388	0.2375347
1749	C	0.236	0.2375224
1750	T	0.328	0.2382023
1751	T	0.069	0.2332519
1752	C	0.299	0.2354122
1753	T	0.455	0.2518449
1754	G	-0.045	0.2543301
1755	T	0.282	0.2688464
1756	A	-0.301	0.260546
1757	T	-0.190	0.2364701
1758	C	0.393	0.2332631
1759	T	0.373	0.2084318
1760	C	0.293	0.1779323
1761	C	0.298	0.1567986
1762	C	0.434	0.1479924
1763	T	0.452	0.1528237
1764	C	0.214	0.1237771
1765	T	0.437	0.1139101
1766	G	0.311	0.1124037
1767	C	0.354	0.1121094
1768	C	0.505	0.1253797
1769	A	0.036	0.1148986
1770	T	-0.391	0.1210733
1771	A	-0.129	0.1166086
1772	T	-0.273	0.08862312
1773	A	-0.392	0.06872838
1774	T	-0.208	0.06032528
1775	A	0.150	0.04543302
1776	T	0.366	0.02359665
1777	G	-0.455	0.02316539
1778	A	-0.197	0.0298292
1779	G	0.259	0.0208262
1780	C	0.447	0.01601735
1781	T	0.312	0.01677365
1782	C	0	-0.01448128
 1783	A	-0.134	-0.02551362
1784	T	-0.311	-0.03091603
1785	G	-0.361	-0.03578221
1786	G	-0.163	-0.008538359
1787	G	0.067	0.02229834
1788	A	-0.103	0.0358236
1789	A	-0.154	0.04906738
1790	G	0.440	0.0354902
1791	C	0.394	0.03628905
1792	A	0.194	0.02666612
1793	C	0.181	0.01438776
1794	T	0.374	-0.01072702
1795	G	-0.338	-0.02111399
1796	T	-0.261	-0.02914454
1797	A	-0.537	-0.01498073
1798	A	-0.260	-0.002439833
1799	C	0.462	0.02108139
1800	C	0.440	0.02360773
1801	T	0.156	0.009864381
1802	C	0.508	-0.00439047
1803	T	0	-0.01545514
 1804	T	-0.433	-0.05005973
1805	A	-0.457	-0.05890451
1806	C	-0.072	-0.05233917
1807	A	-0.230	-0.04189229
1808	G	0.031	-0.04052947
1809	A	-0.216	-0.02798373
1810	G	0.248	-0.003657656
1811	G	0.027	0.02162483
1812	A	0.273	0.03803486
1813	G	-0.095	0.02808686
1814	G	-0.304	0.01449733
1815	A	-0.488	0.01073471
1816	A	-0.453	0.009151781
1817	A	-0.493	0.01857652
1818	G	0.155	0.05183593
1819	T	0.372	0.07499878
1820	T	0.463	0.086363
1821	C	0.411	0.1081906
1822	A	0	0.1214284
 1823	T	0.395	0.1464454
1824	G	0.145	0.1461536
1825	G	0.182	0.142781
1826	A	0.193	0.1202371
1827	C	0.073	0.1089062
1828	T	0.054	0.1181744
1829	T	0.465	0.1304621
1830	C	0.254	0.1615095
1831	T	0.464	0.1940443
1832	A	0.168	0.2035113
1833	G	0.234	0.1887168
1834	C	0.358	0.1608645
1835	T	0.389	0.1314685
1836	T	0.458	0.1179039
1837	C	0.240	0.1045647
1838	T	-0.063	0.09107168
1839	A	-0.335	0.07560216
1840	G	-0.401	0.0519525
1841	A	-0.053	0.03316496
1842	A	-0.157	0.01662539
1843	C	0.384	-0.0120689
1844	T	0.384	-0.02759835
1845	G	0.411	-0.0466202
1846	T	-0.027	-0.04490468
1847	G	-0.288	-0.03713534
1848	A	-0.382	-0.03326705
1849	T	-0.366	-0.03044516
1850	A	0.035	-0.0369072
1851	C	-0.219	-0.02952738
1852	A	-0.235	-0.01604666
1853	A	-0.444	-0.007207256
1854	T	-0.433	0.02295111
1855	A	-0.391	0.02797414
1856	A	-0.309	0.03239679
1857	A	-0.164	0.004246007
1858	C	-0.049	0.001664711
1859	T	0.214	-0.006266844
1860	C	0.444	-0.01021275
1861	C	0.463	-
1862	T	0.465	-
1863	G	0.284	-
1864	T	0.439	-
1865	T	0.300	-
1866	G	-0.096	-
1867	C	0.413	-
1868	T	0.081	-
1869	T	-0.037	-
1870	A	-0.375	-
1871	T	0.314	-
1872	C	0.197	-
1873	T	-0.133	-
