1	A	0.046	-
2	G	-0.213	-
3	T	-0.324	-
4	G	0.043	-
5	A	0.104	-
6	T	0.187	-
7	T	0.044	0.04009071
8	G	0.122	0.07216555
9	G	0.379	0.08117666
10	C	0.493	0.123749
11	A	0	0.1548518
 12	T	-0.497	0.1421219
13	T	0.134	0.1477646
14	C	0.463	0.1754774
15	T	-0.096	0.1997173
16	G	0.229	0.1748135
17	C	0.447	0.1230175
18	G	-0.060	0.1095533
19	T	0.260	0.115779
20	G	0.404	0.09335249
21	G	0.437	0.03367611
22	T	0.055	0.05725262
23	G	-0.179	0.07211946
24	A	-0.175	0.05670454
25	A	-0.416	0.05287647
26	C	-0.156	0.01477116
27	A	-0.312	-0.004860608
28	G	0.210	-0.01984807
29	C	0.422	-0.01436392
30	A	0.247	0.02804385
31	G	-0.110	0.02082846
32	G	-0.234	0.04318546
33	A	0.149	0.05647318
34	C	0.242	0.1100951
35	C	0.126	0.1066993
36	T	0.371	0.06052611
37	A	-0.268	0.05178457
38	G	-0.126	0.09703588
39	A	0.016	0.1377633
40	C	0.384	0.163638
41	T	0.166	0.1401675
42	G	-0.177	0.1250161
43	A	0.133	0.1074842
44	C	0.477	0.1240486
45	C	0.294	0.1373641
46	T	0.485	0.1638921
47	T	-0.062	0.1044853
48	T	-0.070	0.09633467
49	G	0.143	0.09630236
50	G	-0.053	0.1191544
51	C	0.046	0.1189593
52	A	0.360	0.08922974
53	T	-0.387	0.02365643
54	T	0.060	-0.0133763
55	G	-0.178	-0.01137115
56	G	0.430	0.006543692
57	G	0.475	0.007004985
58	G	-0.091	0.03214386
59	T	-0.366	0.006159369
60	A	-0.543	0.05869791
61	A	-0.044	0.07660842
62	C	0.376	0.1139037
63	A	-0.047	0.09137365
64	G	0.373	0.05100586
65	T	0.023	0.07109879
66	G	0.295	0.07731564
67	G	0.293	0.08722687
68	C	0.306	0.106398
69	T	0.138	0.08337522
70	G	-0.049	0.08702912
71	A	0.169	0.08170435
72	T	-0.285	0.09825215
73	G	-0.414	0.09352369
74	C	0.204	0.06082954
75	T	0.077	0.05620769
76	A	0	0.06181692
 77	C	0.304	0.08239818
78	T	0.238	0.08285841
79	G	0.233	0.100059
80	G	-0.132	0.1035238
81	T	0.246	0.07024415
82	G	0.210	0.05244782
83	G	0.217	0.06072313
84	A	0.175	0.07166236
85	G	-0.062	0.0413999
86	G	-0.369	0.02146308
87	A	-0.227	0.06269293
88	A	-0.153	0.07398655
89	C	0.107	0.09216847
90	C	0.446	0.09936301
91	A	-0.155	0.09853032
92	C	-0.025	0.08544349
93	A	0.403	0.08016695
94	C	0.393	0.05904849
95	C	0.447	0.03280826
96	T	0.311	-0.009693892
97	T	0.164	-0.05398466
98	G	-0.232	-0.01537435
99	A	-0.438	0.003047769
100	G	-0.502	-0.007700692
101	A	-0.495	-0.03414978
102	A	-0.444	-0.1032315
103	G	-0.129	-0.1449752
104	C	0.346	-0.1685561
105	A	0.214	-0.1383949
106	C	0.264	-0.1157126
107	T	0.049	-0.1130521
108	G	-0.450	-0.08539262
109	A	-0.231	-0.01811008
110	T	-0.141	0.0222233
111	C	0.159	0.01381999
112	T	-0.143	0.01393107
113	A	-0.467	0.03166892
114	G	-0.135	0.06272746
115	G	0.429	0.1148678
116	C	0.395	0.1636762
117	A	0.237	0.1903165
118	C	0.215	0.1974738
119	C	0.494	0.2251434
120	T	0.453	0.2772935
121	T	0.227	0.3059698
122	C	0.403	0.3063465
123	C	0.204	0.3159991
124	A	0.252	0.3191166
125	C	0.216	0.3387379
126	T	0.210	0.3313632
127	C	0.237	0.2936631
128	C	0.434	0.2719467
129	T	0.520	0.2783446
130	C	0.278	0.3057204
131	T	0.470	0.3253838
132	C	0.398	0.2793913
133	A	-0.036	0.237342
134	G	-0.055	0.1881736
135	T	0.486	0.1422925
136	C	0.560	0.08800772
137	T	0.508	0.07926942
138	A	-0.381	0.06360472
139	T	-0.336	0.04883572
140	A	-0.401	0.04477404
141	G	-0.161	0.04493178
142	A	-0.184	-0.02354806
143	T	0.164	-0.1078552
144	G	0.267	-0.1668773
145	G	0.206	-0.1047479
146	G	-0.089	-0.09802537
147	A	-0.053	-0.08630575
148	A	-0.403	-0.1067378
149	A	-0.535	-0.09568138
150	A	-0.258	-0.1006508
151	T	0.425	-0.09454715
152	G	-0.248	-0.07921345
153	G	-0.249	-0.03738658
154	A	-0.427	0.0013753
155	A	-0.041	0.03830383
156	A	0.099	0.09786791
157	C	0.346	0.1026034
158	T	0.406	0.05912283
159	C	0.454	0.0883416
160	G	0.450	0.1100221
161	G	0.076	0.1202401
162	A	0.238	0.141432
163	G	-0.197	0.1379459
164	A	-0.139	0.09003756
165	G	0.130	0.08942048
166	G	0.032	0.04771845
167	T	-0.294	0.03586868
168	T	0.234	0.05449322
169	G	0.054	0.02297638
170	G	-0.276	0.01343822
171	T	0.398	0.04796707
172	G	-0.088	0.06809138
173	C	0.296	0.1038192
174	T	0.318	0.1519736
175	T	-0.170	0.1484139
176	A	-0.321	0.1597654
177	C	0.309	0.2025286
178	C	0.392	0.1587591
179	C	0.496	0.1927682
180	C	0.331	0.1859416
181	A	0.187	0.1705063
182	C	0.202	0.1507037
183	G	0.279	0.1773459
184	T	-0.170	0.1258923
185	C	0.354	0.1017264
186	T	0.207	0.09246708
187	C	0.117	0.08857577
188	A	-0.428	0.1062991
189	A	0.024	0.1190488
190	G	-0.359	0.1277578
191	T	0.078	0.14921
192	T	0.376	0.1528966
193	T	0.280	0.1592709
194	C	0.418	0.1461543
195	C	0.367	0.2122756
196	T	0.392	0.2413602
197	G	0.108	0.2582637
198	C	0.401	0.2551066
199	T	0.290	0.2035816
200	C	-0.052	0.1410683
201	C	0.431	0.06991056
202	T	0.403	0.01517587
203	G	-0.139	-0.01504152
204	G	0.037	-0.0007832077
205	A	-0.293	-0.03514908
206	G	-0.531	-0.08096762
207	A	-0.506	-0.1000883
208	A	-0.343	-0.1679691
209	G	0	-0.2147343
 210	C	0.293	-0.18795
211	A	-0.044	-0.157235
212	A	-0.304	-0.1052996
213	G	-0.301	-0.05218811
214	A	-0.451	0.0188572
215	C	-0.204	0.03400743
216	A	0.208	0.03619733
217	C	0.436	-0.01098005
218	C	0.381	-0.03811941
219	A	0.158	-0.01342788
220	G	0.416	-0.03086158
221	G	-0.146	-0.03557173
222	A	0.028	-0.02455995
223	G	-0.319	-0.01202842
224	A	-0.397	-0.01138903
225	T	0.016	-0.03251149
226	T	-0.527	-0.04248177
227	A	-0.512	-0.082661
228	T	-0.061	-0.1092896
229	G	0.371	-0.1181465
230	G	0.444	-0.110175
231	G	0.107	-0.05538804
232	G	0.028	-0.02971672
233	T	-0.105	0.02197021
234	T	-0.492	0.08138505
235	T	-0.086	0.1139014
236	C	-0.216	0.09798958
237	C	0.314	0.04744943
238	C	0.349	0.04285889
239	T	0.143	0.005207323
240	C	0.259	-0.01098783
241	T	0.361	0.04970794
242	C	0.164	0.08135477
243	A	-0.212	0.1117146
244	G	0.047	0.1110252
245	T	-0.460	0.09458115
246	A	-0.315	0.1093343
247	G	0.296	0.1191172
248	C	0.324	0.08027869
249	T	0.178	0.1019043
250	G	0.305	0.1414382
251	G	0.136	0.1702152
252	A	0.335	0.2047668
253	T	0.387	0.2349636
254	C	-0.143	0.1726066
255	T	0.445	0.1337067
256	T	0.301	0.1006349
257	T	0.421	0.04455686
258	C	-0.011	0.03575576
259	T	0.076	0.04870407
260	G	-0.514	0.009617146
261	A	-0.180	0.05440938
262	A	-0.251	0.0247477
263	A	-0.423	-0.02750292
264	G	0.021	-0.05344415
265	T	0.504	-0.05947965
266	G	-0.120	-0.02883856
267	T	0.438	0.0472209
268	T	0.060	0.0705759
269	T	-0.377	0.06531959
270	T	0.084	0.06894059
271	T	-0.089	0.02996462
272	C	0.474	-0.02704146
273	T	0.474	-0.02551708
274	T	0.122	-0.05553657
275	T	-0.319	-0.07035351
276	G	-0.376	-0.01859351
277	A	-0.485	-0.01748679
278	A	-0.237	0.01663738
279	G	-0.101	-0.04245762
280	G	0.048	-0.1102572
281	C	-0.132	-0.1441224
282	A	0.295	-0.1509165
283	A	0.098	-0.1078149
284	C	0.353	-0.08104639
285	A	-0.293	-0.04001747
286	T	-0.407	-0.05939039
287	A	-0.317	-0.07869113
288	A	-0.408	-0.0744362
289	C	0.184	-0.08684982
290	T	-0.137	-0.1261161
291	A	0.296	-0.1860285
292	G	-0.353	-0.1979321
293	G	-0.202	-0.1999138
294	A	-0.077	-0.2042623
295	A	0.134	-0.2033908
296	G	-0.411	-0.2520214
297	A	-0.425	-0.2762974
298	A	-0.448	-0.2960998
299	A	-0.432	-0.2851773
300	T	-0.374	-0.2554986
301	A	-0.396	-0.2189154
302	A	-0.448	-0.2004918
303	A	-0.452	-0.1452917
304	T	0.038	-0.0794588
305	G	-0.211	-0.02254803
306	G	0.183	0.005602285
307	C	0.398	0.06879313
308	T	0.373	0.1337697
309	T	0.305	0.1937971
310	C	0.430	0.2380625
311	G	0.291	0.2478977
312	G	-0.066	0.2978215
313	G	0.447	0.3092963
314	C	0.447	0.3029822
315	A	0.332	0.2777273
316	T	0.122	0.2424851
317	G	0.166	0.2426624
318	C	0.437	0.2539471
319	T	0.332	0.2407053
320	G	0.316	0.2350238
321	G	0.045	0.239499
322	A	-0.152	0.2115753
323	C	0.433	0.1787755
324	T	0.438	0.1360045
325	T	-0.239	0.09441196
326	G	0.373	0.03106127
327	C	0.506	0.04382188
328	G	-0.030	0.01121558
329	A	-0.303	0.0008682
330	A	-0.389	-0.06493695
331	C	-0.102	-0.1073761
332	A	-0.491	-0.04758195
333	C	0.482	-0.08853926
334	A	-0.378	-0.1391713
335	A	-0.286	-0.1604498
336	A	-0.422	-0.1521218
337	T	-0.113	-0.1474842
338	T	0.538	-0.1734611
339	T	-0.158	-0.127083
340	A	-0.152	-0.1577321
341	T	-0.307	-0.1438059
342	G	-0.195	-0.1419272
343	A	-0.328	-0.1029569
344	A	-0.440	-0.1097984
345	G	0.111	-0.1179706
346	T	0.083	-0.07025365
347	G	-0.197	-0.04491411
348	A	-0.262	-0.02234492
349	C	0.084	0.008610162
350	A	-0.202	0.03504033
351	G	0.431	0.08515918
352	C	0.461	0.07316518
353	T	0.177	0.08410945
354	A	-0.014	0.09030568
355	G	0.207	0.09979192
356	T	0.014	0.07780452
357	G	0.211	0.08083936
358	T	-0.044	0.04104627
359	C	0.226	-0.02076912
360	A	-0.117	-0.0036495
361	T	-0.139	0.02853846
362	G	-0.201	0.04487292
363	A	-0.162	0.0764566
364	T	-0.085	0.09037998
365	G	-0.342	0.1110362
366	C	0.399	0.1304191
367	T	0.404	0.1745085
368	C	0.419	0.2094161
369	C	0.425	0.2106858
370	T	0.392	0.1828051
371	G	0.224	0.1552166
372	C	0.478	0.141034
373	C	0.456	0.1157231
374	T	0.314	0.09306289
375	C	-0.185	0.07507251
376	A	-0.525	0.02636935
377	A	-0.444	0.02041766
378	G	-0.526	0.03660466
379	A	0.070	0.0317102
380	T	0.109	0.03017482
381	G	0.185	0.03543866
382	A	-0.207	0.04967635
383	C	0.314	0.07192835
384	C	0.434	0.06630182
385	T	0.414	0.09910905
386	C	0.436	0.1239209
387	C	0.383	0.1475277
388	C	0	0.1646696
 389	A	-0.235	0.1482074
390	A	-0.517	0.1128958
391	C	-0.100	0.09009631
392	C	0.393	0.089528
393	C	0.416	0.08906577
394	A	0.408	0.09201038
395	G	-0.421	0.1188358
396	A	-0.144	0.16344
397	G	0.138	0.2367599
398	C	0.407	0.2575005
399	C	0.430	0.2403212
400	C	0.421	0.2058082
401	G	0.348	0.2053016
402	G	0.344	0.2253859
403	C	0.436	0.2644535
404	T	0.169	0.2695473
405	G	0.170	0.2641871
406	C	-0.031	0.2540263
407	T	0.401	0.1854196
408	T	-0.160	0.1322939
409	G	0.363	0.0661664
410	G	0.204	0.01955925
411	G	0.337	0.02232048
412	T	0.298	-0.01214645
413	G	-0.470	-0.03038138
414	A	-0.341	-0.06129277
415	A	-0.515	-0.05696738
416	A	-0.169	-0.06977369
417	C	0.205	-0.06072769
418	A	-0.277	-0.06249669
419	T	-0.269	-0.05782754
420	T	0	-0.000336
 421	T	-0.104	0.05096708
422	T	0.197	0.1227683
423	C	0.322	0.1674593
424	C	0.314	0.1839205
425	C	0.358	0.2263098
426	C	0.276	0.2232533
427	T	0.325	0.2252705
428	C	0.417	0.1990161
429	C	0.411	0.1852405
430	C	0.419	0.1826265
431	T	0.273	0.1709178
432	G	-0.308	0.1774835
433	A	0.026	0.1819622
434	A	-0.445	0.1854447
435	T	0.018	0.1478737
436	T	0.288	0.1088682
437	G	0.162	0.08521784
438	T	0.444	0.05444838
439	C	0.335	0.0462293
440	T	0.370	0.003737931
441	T	-0.070	0.009886392
442	G	-0.095	-0.01119469
443	C	0.111	-0.064238
444	A	-0.126	-0.1050254
445	A	-0.415	-0.1690345
446	A	-0.526	-0.2355687
447	A	-0.365	-0.28283
448	T	-0.256	-0.2871329
449	G	-0.401	-0.298451
450	T	-0.368	-0.2912644
451	A	-0.387	-0.2407428
452	A	-0.529	-0.1695535
453	A	-0.244	-0.1105687
454	C	-0.126	-0.05549015
455	A	-0.243	-0.070845
456	C	0.205	-0.02748008
457	A	0.529	0.02867777
458	C	0.509	0.07837685
459	A	0.240	0.1563805
460	T	0.350	0.2073305
461	T	-0.455	0.2370498
462	G	0.162	0.2866463
463	T	0.361	0.2765884
464	C	0.258	0.2051644
465	A	0.484	0.1302696
466	C	0.418	0.08907828
467	T	0.259	0.05524537
468	C	0.401	0.06544791
469	C	0.074	0.03867683
470	G	-0.398	0.006294708
471	A	-0.463	-0.03474029
472	A	-0.294	-0.05239091
473	G	-0.089	-0.1181086
474	G	-0.323	-0.123
475	A	-0.185	-0.1321765
476	G	-0.059	-0.1167897
477	T	-0.275	-0.09766849
478	T	0.254	-0.07871395
479	A	-0.436	-0.05381153
480	G	0.196	-0.02611039
481	T	0.282	0.008495377
482	T	0.274	0.01131838
483	T	-0.150	-0.009585346
484	A	-0.217	0.02802342
485	T	0.028	0.005561769
486	C	0.270	0.05539285
487	A	0.126	0.072968
488	G	-0.149	0.06296508
489	A	-0.330	0.060827
490	T	0.213	0.09487285
491	T	-0.037	0.1460231
492	T	0.211	0.1625443
493	C	0.424	0.1597607
494	T	0.152	0.1292851
495	T	0.246	0.1389655
496	C	0.292	0.157641
497	C	0.447	0.1233351
498	C	0.243	0.1405258
499	T	0.234	0.08641795
500	T	-0.269	0.04043379
501	G	-0.023	-0.01247228
502	G	-0.087	-0.07122375
503	T	-0.232	-0.09222502
504	G	0.186	-0.1114989
505	A	-0.491	-0.1005353
506	T	-0.173	-0.1151636
507	A	-0.535	-0.08880464
508	G	-0.516	-0.08701783
509	G	0.019	-0.06219151
510	A	0.197	-0.007644046
511	G	0.386	-0.02443397
512	G	0.043	-0.004055815
513	G	0.073	0.02141772
514	A	0	0.07792388
 515	T	0.234	0.1465113
516	C	0.476	0.1783014
517	T	-0.031	0.1905513
518	A	-0.226	0.1785682
519	G	0.158	0.1931357
520	G	0.199	0.2183755
521	G	0.374	0.2372004
522	C	0.432	0.197655
523	A	0.356	0.1375376
524	G	0.230	0.1197141
525	G	0.233	0.1661238
526	C	0.401	0.1835477
527	T	0.244	0.1739866
528	G	-0.279	0.137054
529	A	-0.304	0.1123931
530	G	-0.263	0.07978506
531	C	0.376	0.06915053
532	A	0.384	0.05333245
533	G	0.074	0.005240908
534	G	-0.105	-0.05164686
535	G	0.112	-0.06812909
536	A	-0.067	-0.0266804
537	G	0.092	-0.001904823
538	G	0.027	-0.008128131
539	T	-0.223	-0.01002667
540	G	-0.494	-0.02577155
541	A	-0.493	-0.02010717
542	G	0.234	-0.05017602
543	G	0.058	-0.04916895
544	T	0.295	-0.04973633
545	G	0.359	-0.06725471
546	G	-0.129	-0.0751634
547	A	-0.031	-0.04067187
548	G	-0.278	0.02155159
549	G	-0.054	0.005341846
550	A	0.084	-0.02352965
551	T	-0.200	-0.08505204
552	G	-0.326	-0.1185692
553	A	-0.046	-0.09830757
554	C	0.315	-0.1073251
555	A	0.023	-
556	G	-0.316	-
557	A	-0.504	-
558	A	-0.075	-
559	G	0.133	-
560	C	-0.148	-
