1	G	0.164	-
2	C	0.437	-
3	A	0.045	-
4	G	-0.527	-
5	G	-0.250	0.01770383
6	A	-0.397	0.01034993
7	G	0.183	-0.02360573
8	G	0.149	0.01179143
9	G	0.353	0.06637753
10	G	0.098	0.1072515
11	A	0.132	0.10624
12	G	0.364	0.1300303
13	A	-0.035	0.1430478
14	T	0.117	0.1103557
15	T	-0.406	0.0962852
16	C	0.397	0.1093439
17	C	0.266	0.110428
18	A	0.058	0.1187123
19	G	-0.028	0.1411186
20	G	0.249	0.127467
21	C	0.374	0.02947812
22	A	0.038	-0.0425001
23	G	0.318	-0.08652069
24	A	-0.529	-0.1396164
25	G	-0.483	-0.2130971
26	G	-0.381	-0.2095764
27	A	-0.337	-0.1646413
28	A	-0.506	-0.1879761
29	A	-0.411	-0.08517922
30	C	0.405	0.01803722
31	T	0.443	0.06153109
32	G	0.108	0.09702976
33	C	0.395	0.145802
34	T	0.445	0.1672761
35	T	0.010	0.1785743
36	G	-0.017	0.1427489
37	G	-0.067	0.09079132
38	G	-0.218	-0.01086646
39	G	0.507	-0.1062567
40	T	0.120	-0.1535618
41	A	-0.358	-0.1954997
42	A	-0.519	-0.235296
43	A	-0.413	-0.2715419
44	G	-0.415	-0.3696139
45	A	-0.395	-0.3507424
46	A	-0.425	-0.3567232
47	A	-0.544	-0.3506299
48	A	-0.375	-0.3550448
49	C	0.290	-0.3541333
50	A	-0.412	-0.3548331
51	A	-0.464	-0.3100648
52	A	-0.453	-0.2109597
53	A	-0.407	-0.1595672
54	A	-0.401	-0.1809082
55	A	-0.022	-0.1677188
56	C	0.347	-0.1560651
57	G	0.087	-0.07135858
58	C	0.098	0.0194522
59	A	-0.294	0.1103431
60	A	-0.359	0.1613311
61	C	0.309	0.16967
62	C	0.410	0.1928542
63	C	0.416	0.2243879
64	C	0.436	0.2280731
65	C	0.422	0.2390329
66	C	0.296	0.2244637
67	C	0.382	0.200426
68	A	-0.260	0.1162803
69	G	-0.260	0.08819667
70	C	0.178	0.0361882
71	A	0.193	0.02320887
72	T	-0.340	0.02889742
73	G	0.183	0.08912109
74	G	-0.045	0.08436698
75	T	0.179	0.03854853
76	G	0.433	-0.01481947
77	C	0.281	0.06975042
78	G	-0.303	0.0992902
79	T	-0.234	0.1482794
80	A	-0.286	0.10954
81	C	0.420	0.06648037
82	T	0.449	-0.01939263
83	G	0.395	-0.03087174
84	G	-0.169	-0.0008360889
85	A	0.045	0.04147353
86	G	-0.491	0.02682276
87	A	-0.406	-0.04787191
88	T	0.035	-0.112792
89	G	0.094	-0.08841281
90	C	0.288	-0.1054315
91	A	-0.222	-0.09773296
92	G	-0.188	-0.009028289
93	A	0.049	0.01029394
94	T	-0.107	-0.0001853444
95	G	-0.422	-0.02432569
96	C	0.391	0.03395553
97	T	0.209	0.1016083
98	G	0	0.1386488
 99	T	0.071	0.1700142
100	G	0.301	0.2034141
101	G	0.419	0.1019713
102	C	0.383	0.04421188
103	T	0.174	0.03494947
104	C	-0.121	0.06857359
105	A	-0.521	-0.002576856
106	A	-0.309	-0.07730752
107	A	-0.083	-0.1009565
108	G	0.373	-0.1565112
109	G	-0.338	-0.1767385
110	A	-0.252	-0.148906
111	T	0.170	-0.1244001
112	T	-0.325	-0.1232121
113	A	-0.303	-0.1909109
114	A	-0.271	-0.18515
115	T	-0.089	-0.2121267
116	T	-0.072	-0.221035
117	A	-0.235	-0.1739318
118	A	-0.286	-0.1070545
119	T	-0.495	-0.03057462
120	T	0.090	0.001159089
121	T	0.098	-0.04039977
122	G	0.298	-0.0722721
123	C	0.417	-0.08389277
124	T	0.196	-0.06622866
125	T	-0.446	-0.1248272
126	A	-0.522	-0.1797144
127	A	-0.391	-0.2665821
128	G	-0.336	-0.3665566
129	A	-0.437	-0.4006432
130	T	-0.395	-0.403909
131	A	-0.483	-0.3344658
132	A	-0.482	-0.3084611
133	T	-0.110	-0.2689717
134	G	-0.476	-0.1877355
135	C	0.102	-0.1798887
136	A	-0.157	-0.07403924
137	A	0.018	-0.04078536
138	C	0.294	-0.06954669
139	A	-0.324	-0.06439313
140	T	0.468	-0.1249006
141	G	-0.183	-0.1606722
142	A	-0.369	-0.2111691
143	G	-0.429	-0.2953871
144	A	-0.441	-0.235581
145	A	-0.479	-0.2427262
146	A	-0.435	-0.2162309
147	A	-0.463	-0.2162708
148	G	0.213	-0.2185259
149	C	0.404	-0.1598062
150	A	0.055	-0.08521323
151	G	-0.369	-0.03073371
152	A	-0.450	0.05095218
153	T	0.086	0.04767496
154	C	0.192	-0.01499927
155	A	0.054	0.02574996
156	G	0.271	0.09835496
157	G	0.184	0.1153544
158	A	-0.159	0.0493543
159	C	0.422	-0.01704014
160	G	0.283	-0.007857667
161	G	-0.297	0.004833222
162	A	-0.507	0.03437267
163	A	-0.405	0.1022282
164	T	0.137	0.01732078
165	T	0.385	-0.05797611
166	C	0.450	-0.04141078
167	C	0.451	-0.02189211
168	A	-0.342	-0.01412778
169	G	-0.394	-0.08925533
170	A	-0.147	-0.1568736
171	A	-0.331	-0.2297716
172	C	-0.335	-0.3195472
173	A	-0.538	-0.3083936
174	A	-0.223	-0.3004458
175	G	-0.205	-0.3288656
176	G	-0.356	-0.3206884
177	A	-0.241	-0.2558772
178	T	-0.322	-0.1583708
179	T	-0.403	-0.09070833
180	T	-0.258	-0.01414
181	T	0.247	0.01323822
182	G	0.338	-0.01273756
183	C	0.385	-0.02667856
184	T	0.483	-0.03558322
185	T	-0.110	-0.04623778
186	G	-0.475	-0.1116954
187	A	-0.447	-0.1837807
188	A	-0.483	-0.2681612
189	A	-0.354	-0.3554408
190	T	-0.341	-0.349518
191	A	-0.309	-0.2697809
192	A	-0.373	-0.2107774
193	C	-0.302	-0.1570172
194	A	-0.057	-0.06072119
195	T	0.242	-0.05083863
196	C	0.083	-0.01640497
197	A	0	0.03235778
 198	C	0.512	0.065949
199	T	-0.252	0.0369241
200	A	0	-0.04964979
 201	C	0.065	-0.1172574
202	T	0	-0.1155727
 203	A	-0.318	-0.1504333
204	A	-0.537	-0.08169978
205	T	-0.525	-0.03558211
206	T	0.015	-
207	G	0.198	-
208	T	0.366	-
209	C	0.415	-
