1	T	-0.271	-
2	A	-0.047	-
3	G	-0.246	-
4	A	-0.371	-
5	G	-0.427	-0.1253049
6	A	-0.532	-0.05875637
7	T	0.048	-0.06010469
8	G	-0.141	-0.02627415
9	G	0.372	0.00117273
10	G	0.363	0.07316993
11	G	0.394	0.1441439
12	T	-0.060	0.1782911
13	T	0.091	0.2146225
14	T	-0.096	0.1890122
15	C	0.292	0.1635789
16	G	0.177	0.06964353
17	C	0.390	0.07571862
18	C	0.221	0.113424
19	A	0.116	0.1127383
20	T	0.109	0.1131153
21	G	-0.545	0.1154286
22	T	0	0.1193077
 23	T	0.468	0.082091
24	G	-0.103	0.0160722
25	T	0.295	0.028503
26	C	0.200	0.1261071
27	C	0.428	0.1652193
28	A	-0.150	0.1634936
29	A	-0.543	0.1618184
30	G	0.233	0.1589493
31	C	0.430	0.1577472
32	T	0.391	0.1454556
33	G	0.451	0.2092425
34	G	-0.120	0.2440977
35	T	0.267	0.1881576
36	C	0.188	0.1119226
37	T	0.306	0.0475558
38	C	0.487	0.0414941
39	G	-0.194	0.0902678
40	A	-0.325	0.1050627
41	A	-0.331	0.1228481
42	T	-0.252	0.105381
43	T	0.390	0.0444684
44	C	0.367	0.106217
45	T	0.415	0.170295
46	T	0.366	0.2174261
47	G	0.131	0.2266208
48	G	-0.121	0.1442898
49	G	0.422	0.0569575
50	C	0.314	-0.0259023
51	T	0.139	-0.0351889
52	C	-0.160	-0.04344625
53	A	-0.432	0.01153555
54	A	-0.505	-0.03971105
55	A	-0.413	-0.05405145
56	C	0.273	-0.02402755
57	C	0.048	0.01805265
58	A	0.428	0.1037102
59	T	-0.089	0.1996163
60	C	0.171	0.2830586
61	T	0.440	0.2900883
62	G	0.260	0.2585058
63	C	0.423	0.2017971
64	C	0.453	0.2290612
65	C	0.420	0.2380419
66	A	0.344	0.2311521
67	C	-0.267	0.2232646
68	A	-0.139	0.2129771
69	C	0.182	0.2092915
70	T	0.261	0.201962
71	G	0.371	0.1926701
72	G	0.181	0.2631384
73	C	0.320	0.2397729
74	C	0.416	0.1671048
75	T	0.347	0.0866912
76	C	0.251	0.0233448
77	C	0.437	0.0177704
78	C	-0.372	-0.02044688
79	A	-0.543	-0.02174698
80	A	-0.542	-0.03440118
81	G	-0.262	-0.04372708
82	G	0.125	-0.09022525
83	T	-0.061	-0.06683055
84	G	0.403	-0.0217129
85	C	0.221	0.0121695
86	T	0.157	0.0875777
87	G	-0.027	0.1180756
88	T	-0.138	0.1671582
89	A	-0.092	0.1395909
90	G	-0.203	0.1649333
91	C	0.491	0.1992757
92	A	0.430	0.2427486
93	T	0.429	0.2943951
94	C	0.127	0.3515638
95	T	0.474	0.4169849
96	C	0.501	0.4184638
97	T	0.407	0.3375276
98	T	0.377	0.2557584
99	C	0.479	0.1934598
100	C	0.450	0.1036877
101	T	0.506	0.0267323
102	C	-0.378	0.0028381
103	A	-0.388	-0.0179878
104	A	-0.495	-0.0954032
105	A	-0.423	-0.1665496
106	G	-0.268	-0.2055457
107	A	0.168	-0.1243478
108	T	0.169	-0.0400392
109	G	-0.295	0.0470515
110	A	-0.261	0.1273516
111	G	0.116	0.1860233
112	C	0.433	0.2008924
113	C	0.454	0.2222368
114	A	0.375	0.2861569
115	G	0.379	0.3462705
116	C	0.318	0.3173042
117	C	0.317	0.2593934
118	G	0.382	0.1665316
119	T	0.344	0.0901459
120	C	0.339	0.0117966
121	A	-0.172	-0.0704297
122	T	-0.145	-0.1410685
123	T	-0.473	-0.168078
124	T	-0.388	-0.2312608
125	G	-0.403	-0.2397355
126	A	-0.503	-0.2012666
127	A	-0.389	-0.1939904
128	G	0.112	-0.1440033
129	A	-0.287	-0.1283748
130	G	0.255	-0.1323992
131	G	0.211	-0.1358845
132	A	-0.073	-0.1396633
133	G	0.026	-0.1539851
134	G	-0.231	-0.1116815
135	A	-0.443	-0.09389538
136	A	-0.538	-0.07024278
137	A	-0.427	-0.04429735
138	G	-0.030	-0.07044057
139	A	0.135	-0.01521247
140	C	0.432	0.04597583
141	T	0.448	0.1268445
142	G	0.186	0.2003116
143	G	-0.235	0.2415464
144	A	0.320	0.2726561
145	T	0.167	0.2474843
146	T	0.270	0.19404
147	G	0.307	0.1473812
148	G	0.381	0.1371727
149	G	0.446	0.06979095
150	G	0.181	0.06008002
151	A	-0.086	0.03628848
152	A	-0.280	0.04678958
153	G	-0.337	0.02922958
154	A	-0.353	0.02835368
155	A	0.070	0.05390598
156	T	0.032	0.09449323
157	C	0.412	0.1553068
158	T	0.206	0.2093373
159	G	0.437	0.2346253
160	G	0.436	0.183898
161	G	0.319	0.1476995
162	G	0.327	0.0775827
163	C	0.202	0.0190442
164	A	-0.100	-0.0626481
165	A	-0.436	-0.1595373
166	A	-0.329	-0.2025592
167	A	-0.288	-0.2903396
168	T	-0.379	-0.2897206
169	G	-0.379	-0.247648
170	A	-0.532	-0.2304417
171	A	-0.110	-0.2352958
172	G	-0.549	-0.2350621
173	C	0.209	-0.186962
174	C	0.320	-0.1203844
175	A	-0.264	-0.0852637
176	A	-0.378	-0.1075905
177	A	-0.286	-0.0812716
178	T	0.101	-0.1347166
179	T	0.286	-0.147821
180	G	-0.180	-0.1343703
181	A	-0.333	-0.1307114
182	G	-0.286	-0.1067284
183	A	-0.325	-0.08618102
184	A	0.189	-0.1059592
185	C	-0.129	-0.127252
186	G	-0.341	-0.0911169
187	A	-0.046	-0.1088713
188	G	0.307	-0.1145544
189	G	0.088	-0.1557416
190	A	-0.393	-0.1597285
191	G	0.027	-0.1644809
192	A	-0.464	-0.1891599
193	A	-0.382	-0.2543378
194	A	-0.222	-0.2816276
195	A	-0.169	-0.2713788
196	G	-0.389	-0.2585977
197	A	-0.293	-0.1903037
198	A	-0.344	-0.1156755
199	G	-0.184	-0.1412525
200	A	-0.291	-0.1790337
201	T	0.155	-0.1699488
202	G	0.218	-0.1176569
203	C	0.364	-0.07642431
204	T	-0.478	-0.02417071
205	A	-0.547	0.04255479
206	A	-0.298	0.06944449
207	G	0.229	0.06596119
208	G	0.068	0.03139242
209	C	0.338	0.04324742
210	C	0.375	0.06233292
211	G	0.424	0.04529252
212	C	0.183	-0.03275618
213	A	0.018	-0.08475147
214	G	-0.359	-0.1332684
215	A	-0.356	-0.1820063
216	T	-0.468	-0.2290205
217	A	-0.550	-0.2861568
218	A	-0.451	-0.3366585
219	G	-0.146	-0.2643855
220	G	-0.111	-0.2014714
221	A	-0.045	-0.118235
222	G	-0.387	-0.09378198
223	G	-0.486	-0.07024548
224	T	0.362	-0.01345918
225	C	0.272	0.01142722
226	T	0.363	-0.0061088
227	T	-0.306	0.0686148
228	G	-0.216	0.0963044
229	A	0.421	0.0247338
230	G	0.137	-0.030937
231	T	-0.221	-0.0553085
232	G	0.359	-0.0646905
233	T	-0.209	-0.007663
234	T	-0.352	-0.037009
235	A	-0.284	-0.01213
236	C	0.119	0.0546306
237	A	-0.400	0.0426913
238	G	0.353	0.0388851
239	C	0.127	0.0342564
240	T	0.386	0.06777558
241	C	0.446	0.01341578
242	T	0.240	0.07178598
243	T	-0.247	0.04461129
244	T	-0.399	-0.00769091
245	T	0.050	-0.05749011
246	T	-0.423	-0.1278913
247	G	0.183	-0.1798506
248	A	0.081	-0.133945
249	A	-0.395	-0.06213371
250	T	-0.111	-0.01998989
251	T	-0.257	0.06356511
252	T	-0.279	0.01378451
253	G	0.211	0.0178357
254	T	0.318	0.1017928
255	C	0.472	0.157597
256	T	0.411	0.183366
257	A	-0.314	0.2154238
258	G	0.122	0.2276056
259	C	0.444	0.2251629
260	A	0.446	0.1651755
261	T	0	0.1644658
 262	G	0.041	0.2341745
263	C	0.333	0.1789046
264	T	0.294	0.1788998
265	T	-0.127	0.1780842
266	T	0.404	0.2185126
267	C	0.382	0.2108169
268	T	-0.430	0.1380559
269	G	0.444	0.06466696
270	C	0.438	0.04711746
271	T	0.404	-0.00215312
272	T	-0.035	-0.01640552
273	T	-0.394	0.05321238
274	T	-0.439	-0.01004692
275	T	-0.302	-0.09444272
276	A	-0.088	-0.1595455
277	C	0.240	-0.2023051
278	T	0.265	-0.2043575
279	G	-0.188	-0.1396585
280	G	-0.405	-0.1430919
281	A	-0.246	-0.1018819
282	A	-0.463	-0.0846217
283	A	-0.414	-0.0724919
284	G	0.207	-0.0201104
285	T	-0.337	0.0625078
286	G	0.323	0.1301205
287	C	0.413	0.2180155
288	C	0.387	0.2928098
289	C	0.335	0.3133154
290	C	0.420	0.3597852
291	C	0.429	0.2866212
292	C	0.415	0.200254
293	C	0.332	0.1166086
294	C	0.412	0.0343818
295	C	0.127	-0.050715
296	A	-0.407	-0.1353652
297	A	-0.450	-0.2220166
298	A	-0.449	-0.2930726
299	A	-0.486	-0.3801268
300	A	-0.430	-0.4389283
301	A	-0.417	-0.4397852
302	A	-0.450	-0.4481207
303	T	-0.377	-0.4031995
304	A	-0.457	-0.3977085
305	A	-0.460	-0.3933126
306	A	-0.416	-0.392307
307	A	-0.533	-0.376093
308	A	0	-0.383107
 309	C	-0.432	-0.3781589
310	G	-0.386	-0.3641101
311	A	-0.407	-0.3622355
312	A	-0.288	-0.356278
313	T	-0.447	-0.3917551
314	A	-0.408	-0.3939061
315	A	-0.320	-0.4030138
316	A	-0.397	-0.4138309
317	T	-0.474	-0.431565
318	A	-0.354	-0.3967741
319	A	-0.453	-0.3963669
320	A	-0.477	-0.4123159
321	A	-0.515	-0.4211381
322	A	-0.466	-0.3882742
323	A	-0.099	-0.3679881
324	G	-0.404	-0.3674425
325	A	-0.479	-0.3341956
326	A	-0.485	-0.2922946
327	A	-0.145	-0.2823091
328	G	-0.151	-0.3184988
329	A	-0.448	-0.324183
330	T	-0.145	-0.3217307
331	T	-0.096	-0.3164001
332	T	-0.366	-0.3399558
333	A	-0.461	-0.3666816
334	A	-0.461	-0.3637425
335	A	-0.455	-0.3892671
336	A	-0.432	-0.4264547
337	A	-0.381	-0.4215555
338	A	-0.419	-0.3870504
339	T	-0.418	-0.3671235
340	A	-0.400	-0.3519199
341	A	-0.468	-0.3425171
342	A	-0.317	-0.3149237
343	A	-0.116	-0.3209267
344	G	-0.261	-0.312761
345	A	-0.303	-
346	G	-0.338	-
347	A	-0.105	-
348	A	-0.479	-
349	A	-0.337	-
