1	T	0.259	-
2	G	0.237	-
3	A	-0.328	-
4	G	-0.504	-
5	A	-0.332	-
6	A	-0.124	-
7	G	-0.073	-
8	A	-0.363	-
9	A	-0.452	-0.1528593
10	A	-0.256	-0.1785783
11	A	-0.407	-0.1772056
12	G	-0.318	-0.1415567
13	A	-0.484	-0.08414218
14	A	-0.196	-0.08670195
15	G	0.023	-0.09784918
16	C	0.429	-0.1250047
17	T	0.295	-0.08384538
18	T	-0.178	-0.06644873
19	G	0.261	-0.02302279
20	C	0.277	0.01819786
21	T	0.471	0.04247965
22	C	-0.375	0.07481822
23	A	-0.314	0.05704404
24	A	-0.534	0.03049636
25	G	0.335	-0.01881258
26	G	-0.156	-0.06775982
27	T	0.481	-0.06875182
28	C	0.292	-0.06315476
29	A	0.094	-0.05436035
30	C	0.065	-0.06780705
31	A	-0.498	-0.06182046
32	T	-0.427	-0.01936799
33	A	-0.408	0.003136476
34	G	-0.536	-0.02259846
35	A	-0.195	-0.0005791706
36	G	0.356	-0.03880223
37	C	0.426	-0.08384711
38	T	0.242	-0.1134204
39	G	-0.273	-0.1444511
40	G	0.407	-0.1370486
41	A	-0.152	-0.1004601
42	A	-0.101	-0.09457447
43	T	0.217	-0.03749506
44	T	-0.167	-0.04456829
45	T	-0.472	-0.090436
46	A	-0.408	-0.1275794
47	A	-0.462	-0.1285629
48	A	-0.373	-0.1072929
49	T	0.194	-0.1426878
50	T	-0.308	-0.152797
51	C	0.433	-0.1281959
52	A	-0.315	-0.1578278
53	G	-0.423	-0.1697849
54	A	-0.204	-0.1503221
55	T	0.225	-0.100924
56	C	0.087	-0.0533423
57	T	-0.194	-0.006685418
58	A	-0.324	-0.01050701
59	T	0.316	0.01207417
60	T	-0.286	-0.04450495
61	A	-0.371	-0.04377054
62	T	-0.142	-0.04141236
63	A	0.431	-0.03820759
64	C	0.346	-0.06882077
65	T	0.420	-0.06905144
66	C	0.129	-0.0320062
67	T	0.075	0.01372068
68	T	-0.527	0.01021615
69	A	-0.302	0.03578404
70	A	-0.383	0.04452462
71	G	-0.150	0.02629033
72	G	-0.294	-0.01703732
73	A	0.083	-0.05555167
74	C	0.435	-0.07542455
75	T	0.453	-0.1110721
76	G	0.257	-0.09744966
77	T	0.148	-0.08027855
78	G	-0.222	-0.05830964
79	G	-0.452	-0.06134658
80	A	-0.305	-0.07825046
81	A	-0.308	-0.08899999
82	G	0.082	-0.10603
83	G	-0.476	-0.1596721
84	A	0.307	-0.1620408
85	G	-0.235	-0.1762532
86	C	0.070	-0.2077051
87	A	-0.435	-0.1913931
88	A	-0.437	-0.1453135
89	A	-0.477	-0.1004418
90	A	-0.205	-0.06751749
91	T	-0.476	-0.07576421
92	C	0.413	-0.05499262
93	T	0.015	-0.06865304
94	G	-0.386	-0.0447588
95	A	0.054	-0.07071106
96	T	0.331	-0.01844365
97	C	0.457	0.02308641
98	C	0.251	0.05884488
99	A	-0.057	0.08955888
100	G	-0.123	0.1321139
101	A	0.074	0.09814646
102	G	0.170	0.1124357
103	A	-0.370	0.1272585
104	C	0.453	0.1090196
105	T	0.268	0.09523396
106	G	0.130	0.08136314
107	T	0.316	0.06736906
108	G	0.246	0.05058636
109	G	-0.164	0.05384905
110	A	0.258	0.07786099
111	T	-0.134	0.0663098
112	G	-0.255	0.05950704
113	C	0.096	0.05814545
114	T	0.221	0.0701828
115	G	0.013	0.08892168
116	G	-0.343	0.06770654
117	A	-0.068	0.06641265
118	G	0.483	0.04360659
119	G	-0.026	-0.001142406
120	A	-0.486	0.01944424
121	G	0.430	0.04465254
122	C	0.473	0.06430956
123	G	0.449	0.07294227
124	T	-0.044	0.09061564
125	C	0.224	0.09690905
126	A	-0.552	0.08973554
127	A	-0.502	0.03249178
128	G	0.215	0.008812735
129	G	0.173	0.02711085
130	C	0.431	-0.006045088
131	T	0.368	-0.05790238
132	G	0.313	-0.102705
133	G	-0.236	-0.1107826
134	G	-0.190	-0.1030326
135	A	-0.490	-0.07055524
136	A	-0.428	-0.04545409
137	A	-0.175	-0.04640498
138	G	-0.133	-0.04989109
139	T	-0.408	-0.06225915
140	A	-0.312	-0.07311086
141	A	-0.181	-0.0822568
142	C	0.356	-0.05676751
143	A	0	-0.04192034
 144	T	-0.075	-0.02791551
145	G	0.199	-0.01189116
146	C	0.113	0.01951166
147	A	0.220	0.04700608
148	C	0.183	0.07685174
149	T	0.158	0.08557056
150	G	0.197	0.07394203
151	T	0.062	0.03959438
152	G	-0.251	0.03489305
153	T	-0.156	0.01705144
154	T	0.358	-0.01153151
155	C	0.334	-0.01571922
156	G	0.099	-0.03216065
157	C	-0.164	-0.06056683
158	A	-0.379	-0.09093389
159	A	-0.227	-0.1247174
160	T	-0.079	-0.1584828
161	C	-0.378	-0.1734368
162	A	-0.286	-0.1866471
163	A	0.042	-0.2009792
164	C	-0.058	-0.2309351
165	A	-0.298	-0.2564091
166	G	-0.357	-0.2623967
167	A	-0.377	-0.2115776
168	A	-0.511	-0.1685504
169	A	-0.506	-0.1876263
170	A	-0.380	-0.1896305
171	G	0.115	-0.2005373
172	A	-0.175	-0.2264954
173	T	-0.334	-0.2504903
174	A	-0.266	-0.2562845
175	T	0.484	-0.2459528
176	T	0.504	-0.2493991
177	T	-0.404	-0.2477891
178	T	-0.412	-0.2429232
179	T	-0.471	-0.2501992
180	A	-0.398	-0.2710404
181	A	-0.466	-0.2745115
182	A	-0.397	-0.2808642
183	C	-0.182	-0.2951962
184	A	-0.435	-0.3182137
185	A	-0.484	-0.3431489
186	A	-0.423	-0.3126253
187	A	-0.504	-0.270505
188	A	-0.239	-0.2228801
189	C	-0.234	-0.1732934
190	A	-0.442	-0.129603
191	A	-0.509	-0.1199315
192	T	0.093	-0.1283229
193	T	0.080	-0.08179524
194	T	0.114	-0.04014318
195	T	0.303	0.01039141
196	C	0.337	0.064255
197	C	0.444	0.1012042
198	A	0.276	0.1305999
199	A	-0.233	0.14098
200	G	-0.324	0.1709697
201	T	0.355	0.1636755
202	T	0.223	0.1581176
203	T	0.435	0.1437566
204	C	0.411	0.1027541
205	C	0.388	0.0674308
206	A	0.265	0.0185958
207	G	-0.265	-0.02392673
208	G	0	-0.0288312
 209	A	-0.030	-0.03249508
210	A	-0.014	-0.07529679
211	G	-0.129	-0.1192918
212	A	-0.393	-0.1578156
213	G	-0.262	-0.192624
214	A	-0.385	-0.23968
215	A	-0.446	-0.236614
216	A	-0.316	-0.2016502
217	C	-0.387	-0.1725266
218	A	-0.372	-0.1812827
219	A	-0.524	-0.177514
220	A	-0.219	-0.1676744
221	A	-0.180	-0.1401093
222	G	-0.411	-0.1515884
223	G	0.317	-0.1547003
224	C	0.328	-0.1536524
225	T	0.495	-0.158347
226	T	-0.179	-0.1349322
227	T	0.049	-0.1114495
228	T	0.037	-0.09854421
229	C	0.074	-0.1067203
230	T	-0.457	-0.1200677
231	A	-0.438	-0.124149
232	A	-0.428	-0.1621717
233	A	-0.396	-0.2022956
234	A	0.010	-0.2584135
235	T	0.026	-0.2668599
236	G	-0.304	-0.2417086
237	A	-0.358	-0.2138634
238	A	-0.407	-0.2351011
239	A	-0.480	-0.1899802
240	G	-0.328	-0.1593281
241	A	-0.353	-0.1160564
242	A	-0.458	-0.0777413
243	A	-0.323	-0.06832486
244	C	0.477	-0.06045606
245	T	0.511	-0.01738112
246	G	-0.286	-0.001901424
247	T	0.309	0.01575546
248	T	0.082	0.04217487
249	C	0.306	0.06712197
250	T	0.255	0.08643071
251	T	0.171	0.1319167
252	C	0.160	0.1633839
253	T	0.427	0.1550701
254	C	-0.095	0.1390479
255	A	-0.107	0.1647798
256	T	-0.031	0.1707067
257	T	0.095	0.1574208
258	C	-0.025	0.1313776
259	T	0.314	0.10096
260	G	0.211	0.06144995
261	T	0.336	0.03992578
262	G	0.238	-0.007024753
263	A	0.151	0.005784959
264	C	0.409	0.04134502
265	T	-0.143	0.06941802
266	T	-0.136	0.07459462
267	T	-0.261	0.09736688
268	T	-0.500	0.09967235
269	A	-0.205	0.09567694
270	T	-0.370	0.08971024
271	G	0.122	0.08509976
272	T	0.497	0.06283594
273	C	0.445	0.06011106
274	A	0.183	0.05532571
275	C	0.362	0.03595247
276	T	0.353	0.03813071
277	T	0.143	0.03556718
278	G	0.234	0.04885926
279	G	0.160	0.06675761
280	A	-0.227	0.07293514
281	C	0.363	0.06896461
282	A	-0.224	0.06852525
283	A	-0.465	0.06834002
284	C	-0.224	0.04704114
285	A	-0.544	0.01271014
286	A	0.020	0.0114149
287	G	-0.066	0.006205371
288	C	0.227	-0.02914986
289	C	0.429	-0.03257698
290	A	0.438	-0.07296216
291	G	0.180	-0.08301286
292	T	0	-0.06229463
 293	G	-0.230	-0.03931239
294	C	0.121	0.009141371
295	T	0.146	0.03371541
296	T	-0.440	0.03536376
297	A	-0.285	0.02584413
298	G	-0.322	0.02005972
299	G	-0.395	-0.03324952
300	A	-0.113	-0.07141105
301	A	0.165	-0.09771716
302	C	0.279	-0.09449287
303	G	0.438	-0.07830593
304	G	-0.038	-0.07299546
305	T	0.065	-0.01911964
306	T	0.331	-0.0002505118
307	A	-0.467	0.03425696
308	T	-0.468	0.08141366
309	T	-0.447	0.08486653
310	T	-0.175	0.06582
311	T	0.397	0.04876818
312	C	0.236	0.006286359
313	C	0.475	0.002149182
314	T	0.035	-0.0003723059
315	G	0.263	0.001919165
316	T	0.406	0.05041305
317	C	-0.054	0.1040452
318	G	-0.157	0.1510355
319	A	-0.010	0.1535233
320	C	-0.283	0.1556427
321	A	-0.108	0.1378098
322	T	0.023	0.1157923
323	C	0.370	0.132594
324	G	0.356	0.1151287
325	C	0.443	0.08076566
326	T	0.351	0.07908121
327	G	-0.132	0.09332175
328	C	0.433	0.1214518
329	A	-0.066	0.163824
330	T	0.100	0.1867148
331	G	0.320	0.2025867
332	G	-0.033	0.2089928
333	A	-0.178	0.1621455
334	T	-0.083	0.1114981
335	A	0.084	0.07473769
336	C	0.467	0.06161486
337	T	0.436	0.04480398
338	T	0.280	0.02707154
339	C	0.292	-0.007199582
340	T	0.479	-0.002824818
341	T	-0.439	-0.0078004
342	A	-0.417	-0.01608358
343	G	-0.273	-0.0355427
344	A	-0.356	-0.06922841
345	A	0.147	-0.1219466
346	G	-0.368	-0.1257569
347	A	-0.481	-0.1358873
348	A	0.395	-0.1342949
349	C	-0.117	-0.1624841
350	A	-0.318	-0.1137339
351	T	-0.413	-0.08327365
352	A	-0.488	-0.08483624
353	A	-0.428	-0.06812013
354	C	0.371	-0.05834042
355	A	0.108	-0.05097172
356	G	0.319	-0.01690647
357	C	0	-0.01448247
 358	A	0.388	0.01689435
359	T	0.100	0.06042929
360	T	-0.299	0.08309644
361	A	-0.071	0.1227049
362	G	0.313	0.136898
363	C	-0.242	0.1065694
364	A	0.097	0.1246849
365	C	0.436	0.1294377
366	T	0.415	0.140478
367	C	0.421	0.1198795
368	A	-0.028	0.1099175
369	G	0.184	0.1468976
370	T	-0.187	0.169484
371	C	-0.143	0.1579563
372	C	0.415	0.1880787
373	C	0.400	0.1918627
374	A	0.187	0.1845832
375	G	0.038	0.1701792
376	G	-0.069	0.1620536
377	T	0.328	0.1794808
378	T	0.312	0.1896949
379	C	0.117	0.2270768
380	T	0.269	0.2488435
381	G	0.161	0.246154
382	C	0.312	0.2440589
383	T	0.170	0.2381984
384	C	0.282	0.2216672
385	A	0.267	0.2012723
386	C	0.358	0.1660711
387	C	0.448	0.1648935
388	C	0.226	0.1541931
389	T	0.370	0.165379
390	C	0.365	0.161305
391	C	0.088	0.1345615
392	A	-0.242	0.1360498
393	A	-0.415	0.1471303
394	T	-0.269	0.1442809
395	G	0.292	0.1383033
396	G	-0.064	0.141447
397	C	0.459	0.1479161
398	A	0.092	0.1184376
399	G	-0.142	0.07263199
400	T	0.196	0.04016367
401	C	0.471	0.02637632
402	G	0.219	0.02619638
403	T	0.256	0.01768591
404	C	0.501	-0.0075208
405	T	0.336	0.02419021
406	T	-0.130	-0.0309915
407	C	-0.413	-0.06247865
408	A	-0.463	-0.07939359
409	A	-0.476	-0.1215059
410	A	-0.419	-0.1802542
411	A	-0.414	-0.208128
412	A	-0.136	-0.2419886
413	C	0.474	-0.2957142
414	A	-0.478	-0.3385652
415	A	-0.442	-0.3360816
416	T	-0.429	-0.2879129
417	A	-0.519	-0.2399772
418	A	-0.527	-0.1833119
419	A	-0.254	-0.1743396
420	G	-0.318	-0.1427618
421	A	-0.411	-0.1077268
422	T	-0.392	-0.1098676
423	A	-0.088	-0.07271429
424	T	0.405	-0.04285363
425	C	0.351	-0.01647811
426	T	0.486	0.01410366
427	G	-0.266	0.06180572
428	T	0.122	0.09599966
429	G	0.459	0.1339902
430	C	0.438	0.1832778
431	T	0.152	0.2221552
432	T	0.064	0.2540305
433	G	0.018	0.229536
434	G	0	0.1987263
 435	T	0.283	0.1969236
436	C	0.326	0.2282556
437	T	0.327	0.233395
438	C	0.426	0.2014155
439	T	0.268	0.1788338
440	C	0.453	0.1764856
441	T	-0.011	0.158008
442	G	-0.172	0.1316258
443	T	0.456	0.1040274
444	C	0.266	0.07541507
445	T	0.209	0.03898848
446	T	-0.084	0.03139736
447	G	0.054	0.02484342
448	A	0.112	0.006722624
449	T	-0.249	0.003899271
450	T	-0.429	0.01803131
451	A	-0.469	0.04561319
452	C	-0.202	0.04259678
453	A	-0.292	0.04996942
454	C	0.197	0.0456006
455	T	0.314	0.04590991
456	G	-0.039	0.01535159
457	C	0.405	0.02145742
458	A	0.229	0.05695689
459	G	0.296	0.1084209
460	G	0.404	0.1618928
461	C	0.391	0.1580214
462	A	0.135	0.1789336
463	C	-0.079	0.1571457
464	A	-0.465	0.1194769
465	A	0.216	0.1467853
466	C	0.354	0.1494516
467	C	0.445	0.1553317
468	T	0.439	0.1404409
469	G	-0.268	0.09180674
470	T	0.062	0.03945791
471	G	-0.172	0.02666788
472	T	-0.325	0.03963231
473	G	0.424	0.03639278
474	G	0.450	-0.001128865
475	G	0.329	-0.04765769
476	G	0.042	-0.08633798
477	A	-0.422	-0.09493145
478	A	-0.498	-0.05878081
479	A	-0.081	-0.03726474
480	C	0.141	-0.008128506
481	A	-0.520	0.03128461
482	A	-0.421	0.01120392
483	T	-0.436	0.009237447
484	A	-0.212	-0.007407941
485	T	0.293	-0.02954794
486	C	0.345	-0.02453282
487	C	0.428	-0.01444888
488	T	0.322	-0.003023435
489	G	0.344	0.01202956
490	G	0.083	0.03257086
491	A	0.417	0.04482004
492	T	0.046	0.05119798
493	C	-0.333	0.05535633
494	A	-0.336	0.03730886
495	T	-0.327	0.02052636
496	A	0.112	0.01225778
497	C	0.397	0.01674201
498	T	-0.170	0.02277189
499	G	-0.212	0.04126976
500	A	-0.328	0.02724924
501	A	-0.141	0.03367851
502	G	-0.013	0.05710009
503	G	0.060	0.05527809
504	T	0.288	0.07946989
505	T	0.399	0.07911324
506	C	0.447	0.07313612
507	G	0.397	0.05959736
508	C	0.178	0.07139804
509	A	0.155	0.08315345
510	C	0.064	0.09834609
511	A	-0.367	0.1107484
512	G	0.084	0.1292492
513	A	0.106	0.09464494
514	T	0.295	0.04285094
515	G	-0.401	0.006948059
516	G	-0.012	-0.02757935
517	A	-0.128	-0.05456012
518	A	0.116	-0.04265759
519	C	0.197	-0.06070618
520	A	0.375	-0.03485612
521	T	-0.300	-0.0335338
522	T	-0.481	-0.01551745
523	A	-0.163	-0.004885624
524	G	-0.189	0.03853349
525	T	-0.279	0.06049535
526	G	0.357	0.08516958
527	G	-0.242	0.06520029
528	G	0.071	0.06398105
529	A	0.106	0.05782164
530	G	0.412	0.08664258
531	G	0.476	0.1249446
532	G	0.337	0.1608565
533	G	0.361	0.2031212
534	T	0.291	0.2263126
535	T	-0.222	0.1944735
536	G	0.177	0.1924402
537	C	0.270	0.2126412
538	C	0.189	0.2091014
539	A	0.169	0.2084146
540	G	0.447	0.1973924
541	C	0.529	0.2022154
542	T	0.114	0.2011297
543	A	-0.183	0.1968047
544	C	-0.276	0.2365258
545	T	0.415	0.2520245
546	T	0.046	0.2275525
547	C	0.400	0.2196596
548	C	0.288	0.2310029
549	C	0.419	0.2109689
550	T	0.342	0.1968123
551	G	0.217	0.1732359
552	C	0.452	0.1658817
553	C	0.440	0.1710546
554	A	-0.145	0.1537811
555	A	0.055	0.1466648
556	C	0.362	0.1342165
557	T	0.106	0.1251457
558	T	0.288	0.1211008
559	G	-0.286	0.1207887
560	T	-0.308	0.1268414
561	T	-0.188	0.1096302
562	A	0.121	0.07857564
563	G	-0.074	0.08018646
564	T	0.189	0.07108372
565	G	0.134	0.06324096
566	C	0.350	0.0724929
567	T	0.337	0.0411479
568	G	0.320	0.0453499
569	G	0.159	0.05760472
570	A	-0.087	0.07723419
571	G	-0.118	0.08027366
572	A	-0.099	0.09726716
573	C	0.229	0.09547704
574	A	0.263	0.1158257
575	T	-0.244	0.108669
576	T	-0.214	0.08753367
577	A	-0.100	0.04075214
578	T	0.145	0.002632847
579	C	0.173	-0.01910379
580	C	0.214	-0.02362291
581	T	0.158	-0.007131606
582	C	0.480	-0.009641253
583	T	0.228	-0.002084429
584	T	-0.021	0.03715845
585	A	-0.474	0.04233281
586	T	-0.488	0.03786304
587	T	-0.456	0.02548309
588	T	-0.195	-0.0005813235
589	T	0.181	-0.03631132
590	G	0.186	-0.07725997
591	C	0.392	-0.1366811
592	C	0.422	-0.1407626
593	A	-0.127	-0.1643312
594	G	-0.176	-0.1281835
595	T	-0.065	-0.1259718
596	T	-0.269	-0.1223065
597	T	-0.392	-0.1368035
598	A	-0.537	-0.1567864
599	A	-0.529	-0.1462561
600	C	0.159	-0.1412249
601	A	-0.422	-0.1370857
602	G	0.139	-0.1239798
603	A	-0.450	-0.09207038
604	A	-0.394	-0.07814908
605	G	-0.441	-0.08674749
606	A	-0.158	-0.08711849
607	T	0.365	-0.07940702
608	C	0.477	-0.07928602
609	A	0.493	-0.1126431
610	G	0.095	-0.1025027
611	T	0.366	-0.1344722
612	C	0.171	-0.09652096
613	G	-0.416	-0.05215255
614	T	-0.399	-0.004268782
615	A	-0.406	0.0149471
616	A	-0.527	0.01418322
617	A	-0.407	-0.0006614882
618	G	-0.250	-0.04167125
619	A	-0.403	-0.07060506
620	T	0.194	-0.07831424
621	T	0.359	-0.09182133
622	C	0.372	-0.04655027
623	A	0.168	0.001826141
624	C	0.352	0.04552261
625	T	0.225	0.09397767
626	G	-0.203	0.1436217
627	T	-0.396	0.1487724
628	A	0.235	0.1767571
629	G	-0.058	0.1531435
630	G	0.353	0.1399474
631	C	0.423	0.09629753
632	T	0.336	0.08092663
633	C	0.296	0.03548969
634	A	0.436	-0.005327488
635	G	-0.162	-0.01027514
636	C	0.071	-0.009340665
637	A	-0.206	-0.021533
638	A	0.135	-0.0330862
639	C	-0.369	-0.06391991
640	A	-0.093	-0.1021015
641	T	-0.419	-0.1308334
642	A	-0.468	-0.1351057
643	A	-0.287	-0.1370044
644	T	-0.380	-0.104958
645	T	0.027	-0.1010902
646	A	-0.254	-0.07860418
647	T	-0.170	-0.08097668
648	T	-0.225	-0.04984044
649	A	-0.151	-0.0211856
650	T	0.223	0.02816769
651	C	0.403	0.08175946
652	T	0.382	0.1204101
653	A	0.137	0.1652466
654	T	0.175	0.1651889
655	G	0.095	0.2067381
656	G	0.159	0.2369839
657	T	0.394	0.2374965
658	C	0.419	0.2291376
659	T	0.442	0.2009068
660	C	0.369	0.1762448
661	T	0.382	0.1748925
662	G	0.026	0.1949004
663	C	0.451	0.1667736
664	A	0.343	0.1750487
665	T	-0.217	0.1765749
666	T	-0.293	0.1263918
667	A	-0.256	0.07353975
668	A	-0.015	0.01922675
669	C	0.359	-0.0270869
670	T	0.477	-0.07959143
671	G	-0.302	-0.1042504
672	T	0.235	-0.1238067
673	G	0.185	-0.165279
674	A	-0.459	-0.124216
675	G	-0.479	-0.07706827
676	A	-0.480	-0.07849974
677	A	-0.418	-0.1036187
678	A	-0.510	-0.137513
679	A	-0.392	-0.154956
680	C	0.119	-0.1144909
681	A	-0.361	-0.1142046
682	T	0.480	-0.1343455
683	C	0.507	-0.1333885
684	A	-0.280	-0.1236842
685	T	-0.442	-0.1060565
686	A	-0.217	-0.05971571
687	G	0.181	-0.01539565
688	T	0.385	0.03187541
689	C	0.240	0.03975912
690	T	-0.156	0.08675982
691	G	-0.442	0.087215
692	A	-0.314	0.04929076
693	A	-0.180	0.03855782
694	T	0.369	0.07040423
695	C	0.242	0.08795751
696	T	0.411	0.05248692
697	G	0.253	0.02542651
698	C	0.437	0.03918392
699	C	0.488	0.02361745
700	T	-0.137	0.02029134
701	A	-0.463	0.01019381
702	A	0.098	0.02684745
703	T	0.081	0.02105528
704	T	-0.421	0.03130745
705	T	-0.074	0.03218722
706	C	0.474	0.005143806
707	A	-0.421	-0.02442806
708	A	-0.499	-0.06346029
709	A	-0.485	-0.03157976
710	T	0.102	0.009928824
711	G	0.271	0.0198043
712	C	0.417	0.01426034
713	C	0.426	0.05802639
714	A	-0.206	0.08661334
715	A	-0.065	0.08717298
716	G	-0.174	0.1274687
717	C	0.404	0.1798719
718	T	0.242	0.2135204
719	G	0.266	0.2064634
720	T	-0.012	0.1799837
721	G	0.322	0.1629847
722	C	0.410	0.159002
723	C	0.483	0.1928119
724	C	0.263	0.2126117
725	A	0.391	0.2487614
726	C	0.086	0.253349
727	A	-0.017	0.2620405
728	T	-0.179	0.253598
729	T	0.128	0.2459739
730	C	0.358	0.2008668
731	A	0.368	0.1629679
732	G	0.271	0.1416617
733	C	0.439	0.1115409
734	C	0.482	0.06610842
735	C	0.390	0.05307654
736	A	0.123	0.04059718
737	C	-0.142	0.06130853
738	A	-0.444	0.07452294
739	A	-0.233	0.05516825
740	C	0.121	0.01598701
741	T	-0.248	-0.01231199
742	G	-0.380	-0.06233746
743	A	-0.135	-0.0979374
744	A	-0.229	-0.1321428
745	C	0.173	-0.1140018
746	C	0.352	-0.08078816
747	T	0.029	-0.02947928
748	G	-0.297	-0.0263194
749	A	-0.209	-0.06024252
750	A	-0.410	-0.06171452
751	T	-0.122	-0.06339446
752	A	-0.191	-0.07934416
753	C	0.431	-0.05043522
754	T	0.422	-0.03994269
755	C	0.427	-0.03688399
756	A	-0.179	-0.008976412
757	A	-0.454	0.006639588
758	T	-0.273	-0.003901529
759	A	-0.409	0.03048329
760	T	-0.406	0.04192723
761	A	0.261	0.05196468
762	T	0.351	0.03385868
763	C	0.404	-0.01933891
764	C	0.503	-0.05424108
765	T	-0.032	-0.03504002
766	T	-0.388	0.01963674
767	A	0.173	0.06268315
768	G	0.072	0.07076168
769	C	-0.020	0.1080934
770	A	0.123	0.1224142
771	T	-0.482	0.09902272
772	T	-0.165	0.09057901
773	G	0.146	0.05106401
774	C	0.474	0.04719238
775	T	0.458	0.08814391
776	A	-0.272	0.07673001
777	C	0.228	0.05814331
778	T	0.505	0.07890509
779	G	-0.046	0.07682134
780	T	0.261	0.09764339
781	T	-0.167	0.07819739
782	G	-0.098	0.08112734
783	T	0.307	0.03959539
784	C	-0.020	0.03582422
785	A	-0.243	0.08036116
786	T	0.332	0.0636294
787	C	0.088	0.05671528
788	A	-0.128	0.06041138
789	T	-0.496	0.0402102
790	G	0.196	0.07427279
791	G	-0.231	0.05616383
792	T	0.394	0.04012312
793	G	0.485	0.01610991
794	G	-0.056	0.007017088
795	A	0.387	-0.01808405
796	T	0.016	-0.01501888
797	G	-0.082	0.01645971
798	T	0.411	0.04180174
799	T	-0.406	0.04271768
800	A	0.034	0.07100404
801	A	-0.428	0.05610492
802	G	-0.398	0.03553698
803	T	-0.094	0.0360458
804	A	0.140	0.02574986
805	C	0.406	0.04906096
806	A	-0.065	0.08129532
807	G	0.212	0.07192191
808	G	0.249	0.09581291
809	T	0.141	0.1005476
810	T	0.135	0.114864
811	T	-0.047	0.1691653
812	G	0.212	0.1659718
813	C	0.412	0.1497335
814	C	0.465	0.112383
815	C	0.251	0.1021634
816	A	0	0.06304342
 817	A	0.115	0.05012751
818	G	-0.185	0.01977039
819	C	0.524	0.01692902
820	T	-0.148	0.01973972
821	A	-0.135	0.007241012
822	T	-0.228	-0.03101958
823	G	-0.239	-0.08981781
824	A	-0.452	-0.1288273
825	T	0.029	-0.1531493
826	G	-0.375	-0.165869
827	T	0.087	-0.1526313
828	T	0	-0.1662531
 829	T	0	-0.1479874
 830	A	-0.237	-0.1136908
831	A	-0.533	-0.07172635
832	T	-0.411	-0.02563399
833	T	-0.413	-0.02927523
834	G	-0.101	-0.02316062
835	T	0.039	0.0242505
836	T	0.293	0.01782661
837	G	0.161	0.04334767
838	C	0.447	0.0691232
839	C	0.485	0.1072843
840	T	0.544	0.1432643
841	T	-0.514	0.1835619
842	A	0.133	0.2252636
843	C	0.430	0.2279836
844	T	-0.022	0.2381113
845	G	0.433	0.2021904
846	C	0.438	0.1884349
847	T	0.411	0.1472816
848	T	0.077	0.138914
849	C	0.273	0.1354112
850	T	0.295	0.1913153
851	G	-0.054	0.189526
852	T	0.212	0.1740074
853	A	-0.317	0.1978313
854	T	-0.072	0.164138
855	T	-0.252	0.1295624
856	T	0.343	0.09652337
857	C	0.484	0.09542829
858	T	0.435	0.08309925
859	T	0.103	0.08543484
860	C	0.167	0.09470042
861	T	0.382	0.07870455
862	G	-0.138	0.08996519
863	T	-0.149	0.1040854
864	T	-0.150	0.1346073
865	T	0.059	0.1403651
866	C	0.064	0.1293369
867	C	0.335	0.1344105
868	C	0.102	0.1115605
869	T	-0.059	0.0895059
870	G	-0.125	0.06601084
871	A	0.168	0.05827666
872	C	0.266	0.04333019
873	C	0.440	0.0243196
874	C	0.297	0.02661648
875	T	0.521	0.001339394
876	T	-0.285	0.001899571
877	T	-0.207	0.0107991
878	T	-0.016	0.02041562
879	C	-0.270	0.04785044
880	A	-0.403	0.06280103
881	A	-0.473	0.07074944
882	C	0.098	0.06886244
883	A	-0.365	0.07240221
884	C	0.344	0.06515774
885	C	0.253	0.07408179
886	A	0.103	0.08071854
887	G	0.340	0.084058
888	C	0.422	0.1085496
889	C	0.401	0.1128604
890	C	0.408	0.1393906
891	C	0.357	0.1062954
892	A	0.398	0.1043969
893	T	-0.133	0.05641701
894	G	-0.094	0.01593718
895	C	0.040	-0.01153429
896	A	0.145	-0.02242464
897	A	-0.330	-0.05123845
898	T	-0.022	-0.08969598
899	T	-0.464	-0.1323795
900	T	-0.397	-0.1794176
901	A	-0.470	-0.2303074
902	A	-0.434	-0.2489712
903	A	-0.363	-0.2648805
904	A	0.155	-0.2981301
905	C	-0.067	-0.3338311
906	T	-0.251	-0.325836
907	A	-0.316	-0.3377051
908	T	-0.442	-0.3231722
909	T	-0.466	-0.2781107
910	A	-0.450	-0.2778949
911	A	-0.365	-0.2771855
912	A	-0.524	-0.2809786
913	A	-0.460	-0.3151565
914	A	-0.194	-0.3178862
915	G	-0.224	-0.3002728
916	G	-0.217	-0.2574619
917	T	0.368	-0.2142766
918	A	-0.467	-0.1665624
919	A	-0.422	-
920	A	-0.427	-
921	A	-0.425	-
922	A	-0.114	-
923	T	0.047	-
924	C	0.411	-
925	G	0.292	-
926	G	0.344	-
