1	T	-0.079	-
2	G	0.229	-
3	C	0.410	-
4	T	0.313	-
5	G	0.362	-
6	G	-0.083	-
7	A	0.360	-
8	T	-0.061	0.08998097
9	G	0.251	0.06851262
10	C	0.363	0.04447524
11	T	0.199	0.009043681
12	G	-0.227	0.008772681
13	A	-0.511	0.002374431
14	G	-0.117	0.002003638
15	A	-0.365	-0.001808175
16	G	0.394	0.01205161
17	G	-0.423	-0.02166083
18	A	-0.154	-0.04705694
19	A	-0.156	-0.03438388
20	C	0.309	-0.01658938
21	G	0.260	0.002011744
22	C	-0.089	0.001974431
23	A	0.299	0.03270187
24	T	0.160	-0.01788088
25	C	-0.288	-0.02098301
26	A	-0.042	-0.04212388
27	G	0.402	-0.05821932
28	T	0.057	-0.09744338
29	G	-0.213	-0.1344444
30	G	-0.118	-0.1341208
31	A	0.126	-0.1810085
32	A	-0.415	-0.1810382
33	G	-0.472	-0.1419429
34	A	-0.492	-0.1124045
35	A	-0.414	-0.1203829
36	A	-0.318	-0.1123025
37	A	-0.331	-0.07338525
38	C	-0.084	-0.05089306
39	A	-0.450	-0.07890456
40	A	0.160	-0.03962119
41	G	0.337	-0.02650469
42	C	0.429	0.02846419
43	G	0.274	0.07115112
44	G	0.186	0.07172319
45	C	0.409	0.06906388
46	T	0.241	0.08785806
47	G	-0.321	0.108714
48	G	0.213	0.06717219
49	A	-0.262	0.03711513
50	C	0.386	0.01661994
51	G	0.268	-0.005262462
52	T	-0.309	0.00445485
53	G	-0.374	-0.0126154
54	G	0.216	-0.03007682
55	A	-0.116	-0.01897119
56	G	-0.504	-0.03910807
57	A	-0.143	-0.04804832
58	G	0.101	-0.09178757
59	G	-0.075	-0.09323869
60	A	0.342	-0.05952682
61	C	0.136	-0.03227894
62	G	-0.037	-0.04913791
63	T	-0.144	-0.01916154
64	C	-0.108	0.03101671
65	A	-0.405	0.05792071
66	A	-0.313	0.06507221
67	G	0.245	0.0423668
68	G	0.230	0.03124711
69	G	0.061	0.03822649
70	A	-0.053	0.06543816
71	G	0.363	0.09269334
72	C	0.298	0.1194113
73	A	0.286	0.1641484
74	T	0.216	0.1675539
75	G	-0.438	0.1329392
76	C	0.164	0.08573991
77	C	0.247	0.0580254
78	G	0.397	0.06901312
79	G	0.291	0.0297285
80	C	0.318	0.0326665
81	G	0.309	0.0289575
82	G	-0.258	0.04061325
83	A	-0.308	0.07721775
84	A	-0.525	0.09835762
85	G	-0.381	0.09598038
86	A	0.122	0.06884849
87	G	-0.265	0.05236498
88	C	0.345	0.02379472
89	A	0.227	-0.00820665
90	C	0.402	-0.005787275
91	A	0.146	0.0228761
92	C	0.502	0.07238222
93	C	0.209	0.1234807
94	A	-0.036	0.1430953
95	C	0.028	0.1798925
96	A	-0.138	0.1709032
97	G	-0.202	0.1412805
98	A	-0.220	0.1362687
99	C	0.150	0.132989
100	G	0.266	0.1071304
101	C	0.435	0.1101661
102	C	0.436	0.126869
103	G	0.323	0.1022964
104	G	0.201	0.126638
105	C	-0.246	0.1566094
106	A	0.322	0.1470748
107	G	0.094	0.1319107
108	G	0.088	0.1337644
109	C	0.258	0.1347808
110	C	0.230	0.1150895
111	A	-0.365	0.1151111
112	C	0.251	0.129885
113	C	0.277	0.1637959
114	G	-0.372	0.1241941
115	A	-0.092	0.1099636
116	G	0.296	0.1244136
117	C	0.452	0.1299396
118	G	0.121	0.1393344
119	G	0.323	0.1819686
120	C	0.437	0.182221
121	A	0.295	0.1843186
122	G	-0.311	0.2329502
123	G	-0.133	0.2660878
124	A	0.319	0.2421702
125	C	0.346	0.2257795
126	C	0.381	0.211405
127	A	0.317	0.1948614
128	G	0.255	0.1651204
129	G	0.310	0.1286763
130	C	0.405	0.159299
131	G	0.437	0.1785274
132	G	-0.086	0.1797567
133	A	0.189	0.1832469
134	G	-0.108	0.1856765
135	T	0.058	0.1796578
136	T	-0.037	0.1643625
137	T	-0.287	0.1413073
138	G	0.178	0.1269296
139	G	0.174	0.08503882
140	C	0.339	0.1034068
141	C	0.402	0.102212
142	G	0.419	0.1278551
143	G	0.220	0.1182696
144	G	0.010	0.1300176
145	G	-0.057	0.11677
146	C	0.175	0.08028388
147	A	-0.232	0.05698694
148	G	0.207	0.02053263
149	T	0.170	-0.03419574
150	C	0.301	-0.05445294
151	G	-0.094	-0.06634711
152	G	0.150	-0.05032543
153	A	-0.499	-0.02832489
154	G	-0.404	-0.0497262
155	G	-0.198	-0.03027005
156	A	-0.243	-0.01986192
157	G	-0.473	-0.0025663
158	A	0.095	-0.01044286
159	G	0.030	0.02500404
160	C	0.266	0.01562441
161	T	0.294	0.02911029
162	A	-0.166	0.02648016
163	G	0.079	0.006946912
164	G	0.374	0.0294801
165	C	0.447	0.0801326
166	C	0.175	0.09530605
167	A	0.472	0.1116298
168	C	0	0.1149244
 169	T	-0.283	0.1089292
170	A	-0.446	0.1213476
171	A	-0.511	0.08820537
172	G	0.116	0.04935681
173	C	0.337	0.03435087
174	A	0.338	0.04711243
175	G	0.291	0.04150768
176	C	0.319	0.06981556
177	T	0.198	0.08432885
178	C	0.031	0.1304226
179	A	-0.451	0.1496623
180	A	-0.247	0.1185487
181	C	0.207	0.07003766
182	T	0.379	0.0184276
183	C	0.382	-0.02297171
184	C	0.452	-0.07018834
185	A	-0.051	-0.1154598
186	G	0.290	-0.1401736
187	G	-0.203	-0.09700802
188	A	-0.380	-0.07951961
189	G	-0.438	-0.1045312
190	A	-0.487	-0.1092366
191	T	-0.370	-0.1209742
192	A	-0.435	-0.1220391
193	A	-0.526	-0.1046931
194	A	-0.363	-0.09473696
195	C	0.239	-0.05605996
196	C	0.032	-0.01136459
197	A	-0.192	0.02179749
198	T	0.304	0.04806454
199	C	0.195	0.09473391
200	T	0.435	0.11806
201	C	0.226	0.1768859
202	C	0.449	0.2245647
203	C	0.415	0.2278301
204	T	0.334	0.2435906
205	T	0.091	0.2843079
206	G	-0.066	0.2785026
207	T	0.375	0.2881551
208	G	-0.062	0.2534039
209	G	0.414	0.2520372
210	C	0.399	0.2433337
211	T	0.291	0.2426707
212	C	0.284	0.2360244
213	C	0.458	0.2459018
214	T	0.211	0.2705936
215	C	0.349	0.2491789
216	C	-0.120	0.2477133
217	G	0.204	0.1921609
218	T	0.310	0.1511402
219	C	0.405	0.1216628
220	G	0.227	0.1312306
221	G	0.249	0.1309663
222	C	0.328	0.1201062
223	T	0.033	0.1204224
224	G	-0.086	0.1577799
225	A	-0.473	0.163348
226	G	-0.257	0.1598407
227	A	-0.180	0.1476137
228	G	0.437	0.1593237
229	C	0.454	0.1520869
230	T	0.037	0.145047
231	G	0.354	0.1538973
232	C	0.477	0.1770651
233	T	0.293	0.2034669
234	T	0.254	0.1909558
235	C	0.209	0.1766359
236	C	0.415	0.1420853
237	A	0.133	0.1017273
238	C	0.215	0.1200791
239	T	0.174	0.1088753
240	C	0.284	0.1073683
241	A	-0.051	0.1147177
242	A	-0.457	0.1146101
243	T	-0.409	0.1257522
244	A	-0.114	0.09345213
245	A	-0.191	0.0897189
246	C	0.331	0.1065262
247	A	0.175	0.106592
248	C	0.453	0.11035
249	T	0.411	0.1412221
250	T	0.252	0.1508076
251	T	0.387	0.1823513
252	G	-0.101	0.216879
253	C	0.074	0.2412608
254	A	0.484	0.2283802
255	C	0.176	0.2246727
256	T	0.344	0.2027113
257	C	0.442	0.1635352
258	G	-0.303	0.1312918
259	T	0.095	0.09598927
260	T	0.437	0.1289415
261	C	0.198	0.1496997
262	T	0.125	0.136854
263	C	0.116	0.1542841
264	C	0.102	0.1333823
265	A	-0.215	0.1344611
266	A	-0.263	0.1745735
267	G	-0.177	0.180283
268	C	0.425	0.1402533
269	C	0.406	0.1093021
270	C	0.278	0.07437313
271	C	0.454	0.08640207
272	C	0.010	0.1071957
273	G	0.459	0.1177737
274	T	0.337	0.1351509
275	G	0.186	0.1623924
276	T	-0.202	0.1299569
277	G	-0.296	0.1150004
278	A	-0.433	0.1207795
279	T	0.308	0.1053483
280	C	0.434	0.1258647
281	C	-0.046	0.1043836
282	G	0.014	0.1096346
283	A	0.258	0.1250536
284	T	-0.093	0.1232183
285	T	0.167	0.1597747
286	C	0.371	0.1993937
287	T	0.208	0.166426
288	T	0.338	0.1539445
289	C	0.116	0.1816822
290	T	0.421	0.2080062
291	G	0.433	0.2187658
292	G	-0.232	0.2505688
293	T	0.288	0.2346
294	A	0.200	0.240559
295	C	-0.218	0.2519754
296	A	0.235	0.2389043
297	C	0.397	0.2018878
298	C	0.436	0.1540311
299	C	0.430	0.09452233
300	A	0.415	0.1109486
301	G	-0.088	0.1194668
302	G	0.466	0.120754
303	C	0.390	0.1578073
304	A	0.129	0.1555146
305	A	-0.476	0.1451788
306	G	-0.343	0.1037978
307	A	-0.518	0.07958188
308	A	0.030	0.04963647
309	C	0.424	0.05860751
310	C	0.220	0.01899007
311	C	0.373	-0.02868574
312	A	0.198	-0.06110024
313	G	0.232	-0.06013205
314	G	-0.226	-0.0702298
315	A	0.043	-0.06278155
316	T	-0.063	-0.08520981
317	A	0.055	-0.09838212
318	C	-0.167	-0.09112818
319	A	-0.372	-0.08805837
320	G	-0.389	-0.07855231
321	A	-0.460	-0.06817268
322	A	-0.505	-0.02938893
323	A	-0.399	-0.006397294
324	G	-0.328	0.02270543
325	G	0.214	0.04424681
326	C	0.337	0.07664063
327	C	0.423	0.1323654
328	T	0.350	0.1429739
329	C	0.398	0.1868533
330	G	0.394	0.2340981
331	G	0.411	0.2698891
332	T	0.402	0.2927925
333	C	0.399	0.2794159
334	C	0.351	0.2257387
335	T	0.519	0.1685352
336	T	-0.219	0.123895
337	T	0.241	0.09304058
338	C	0.250	0.07767008
339	C	0.173	0.07978396
340	A	0.038	0.07830289
341	C	0	0.08170689
 342	A	-0.521	0.08093002
343	A	-0.492	0.05593264
344	G	-0.363	0.08529971
345	T	-0.095	0.05291114
346	A	0.148	0.03278969
347	C	0.445	0.01482094
348	C	0.378	-0.007420156
349	T	0.454	-0.01263842
350	C	0.338	0.03651271
351	T	0.119	0.04919183
352	A	0.250	0.06321996
353	C	-0.276	0.07311288
354	T	-0.071	0.08688101
355	T	-0.114	0.07580944
356	G	-0.317	0.06460088
357	A	-0.083	0.02853288
358	G	0.264	0.01113109
359	G	-0.289	-0.01951422
360	T	-0.139	-0.06782797
361	A	0.062	-0.05977191
362	C	0.368	-0.03133739
363	T	0.267	0.003686106
364	C	0.198	0.04660361
365	A	-0.122	0.07460462
366	T	0.060	0.08886981
367	T	-0.370	0.104967
368	G	-0.522	0.09033367
369	A	-0.147	0.07097957
370	C	0.383	0.02663032
371	C	0.446	0.02804438
372	T	0.368	0.003188256
373	G	0.364	0.00471305
374	G	0.492	-0.02320384
375	T	-0.031	0.004592863
376	T	-0.373	0.04877949
377	A	-0.246	0.07146861
378	A	-0.340	0.07618449
379	C	0.290	0.06581711
380	A	-0.198	0.07075293
381	C	-0.098	0.08129805
382	A	-0.386	0.04091999
383	A	0.073	0.04610019
384	G	0.184	0.0913645
385	C	0.215	0.08379931
386	T	0.458	0.09588856
387	G	0.280	0.06745888
388	C	0.447	0.1081647
389	C	0.533	0.1363081
390	T	-0.153	0.1822937
391	A	0.051	0.1959705
392	C	0.350	0.1567246
393	A	-0.367	0.1156729
394	G	-0.147	0.06007931
395	A	-0.164	0.01903319
396	C	0.452	-0.033211
397	G	0.351	-0.05731969
398	C	0.349	-0.07670669
399	C	0.292	-0.09901
400	A	-0.443	-0.1197502
401	A	-0.441	-0.07918267
402	A	-0.430	-0.06286661
403	A	-0.376	-0.03634804
404	C	-0.388	-0.04641723
405	T	0.147	-0.04798936
406	A	-0.463	-0.04564861
407	A	-0.305	-0.04506317
408	G	0.018	0.01029114
409	G	0.281	0.03789958
410	G	0.113	0.06072028
411	C	0.260	0.06696771
412	A	0.291	0.09235253
413	C	0.326	0.08682476
414	C	0.386	0.115785
415	C	0.302	0.14849
416	T	0.441	0.1421466
417	G	0	0.1234884
 418	G	-0.065	0.1209538
419	A	-0.276	0.1370061
420	A	0.018	0.1321745
421	C	0.059	0.1127891
422	A	0	0.0992274
 423	C	0.217	0.1073697
424	A	-0.082	0.105913
425	G	-0.017	0.1317989
426	G	0.073	0.1661383
427	C	0.516	0.194735
428	T	0.214	0.164228
429	T	0.016	0.1350668
430	C	0.169	0.125281
431	A	0.432	0.09405841
432	G	0.418	0.1038841
433	C	0.414	0.08829746
434	T	0.484	0.09166851
435	G	0.181	0.07687513
436	T	-0.469	0.08818944
437	A	-0.407	0.1083967
438	A	-0.156	0.110649
439	A	-0.282	0.1017284
440	C	0.074	0.08227566
441	A	-0.266	0.08363641
442	T	0.127	0.07835197
443	T	0.280	0.08656585
444	C	0.395	0.1314924
445	A	0.339	0.185524
446	C	0.205	0.2204824
447	C	0.289	0.2650941
448	C	0.107	0.2872612
449	C	0.435	0.3117737
450	T	0.399	0.3156122
451	G	0.312	0.3263704
452	G	0.248	0.3126648
453	G	0.456	0.2990493
454	C	0.402	0.2783786
455	A	0.431	0.2547352
456	C	0.429	0.2367545
457	T	0.125	0.227109
458	G	0.188	0.221851
459	C	0.452	0.1861852
460	C	0.175	0.1688517
461	G	0.121	0.1300455
462	T	-0.124	0.07304256
463	G	-0.088	0.04142877
464	G	-0.180	0.04012227
465	G	0.281	0.03537122
466	G	0.315	0.05035891
467	T	-0.258	0.05018141
468	G	-0.028	0.05574229
469	G	-0.163	0.05971329
470	G	-0.509	0.09419216
471	A	-0.074	0.1090967
472	G	0.408	0.1027945
473	C	0.049	0.08927408
474	C	0.428	0.09747852
475	T	0.449	0.1161762
476	G	0.264	0.1161531
477	C	0.185	0.1186867
478	C	0.426	0.1590392
479	T	0.149	0.1406017
480	G	-0.281	0.1056182
481	A	0.065	0.128671
482	G	0.446	0.1291918
483	T	0.041	0.1280631
484	G	-0.028	0.1383726
485	T	-0.123	0.1527719
486	A	0.136	0.1420096
487	T	-0.369	0.1035388
488	G	-0.151	0.1052152
489	C	0.418	0.06929466
490	T	0.436	0.03644872
491	C	0.431	0.02848403
492	C	0.429	0.02035594
493	C	0.415	0.02950664
494	C	0.254	0.02541131
495	T	-0.465	0.03337125
496	A	-0.254	0.03840114
497	G	-0.509	-0.007525987
498	A	-0.078	-0.01066917
499	G	-0.086	-0.01854367
500	G	-0.158	-0.0680053
501	T	0.023	-0.09746886
502	T	0.070	-0.08947411
503	T	-0.241	-0.03403679
504	G	-0.070	0.007732144
505	A	-0.316	0.05948758
506	G	0.386	0.06931863
507	C	0.305	0.08886799
508	T	-0.361	0.1243624
509	G	-0.055	0.150992
510	C	0.382	0.1685652
511	G	0.421	0.1672117
512	G	0.414	0.1517869
513	G	0.318	0.1540295
514	G	0.078	0.1076349
515	C	0.226	0.06211755
516	A	0.408	0.08906703
517	C	0.449	0.07172796
518	T	0.352	0.04408545
519	G	-0.263	-0.01251942
520	A	-0.317	-0.01951774
521	A	-0.280	-0.02005605
522	G	-0.355	-0.01387541
523	A	-0.422	-0.006535844
524	A	0.069	-0.01852141
525	G	-0.332	-0.03341691
526	T	-0.059	-0.07379166
527	G	-0.484	-0.03241072
528	A	0.302	0.01533672
529	G	0.310	0.05890528
530	C	0.177	0.1109433
531	C	0.343	0.1318693
532	A	0.217	0.12292
533	C	0.210	0.1470489
534	A	-0.293	0.1729028
535	C	0.398	0.2278081
536	T	0.446	0.2245292
537	C	0.416	0.2124344
538	C	0.476	0.1926228
539	C	-0.088	0.1809395
540	A	-0.073	0.1796224
541	T	0.053	0.1858796
542	C	0.353	0.2138835
543	G	0.394	0.2106034
544	C	0.249	0.1598797
545	A	0.116	0.1013301
546	C	-0.139	0.08739099
547	A	0.156	0.1186308
548	C	0.196	0.1503003
549	T	0.310	0.1782655
550	G	0.154	0.1746209
551	C	0.346	0.1499892
552	G	-0.365	0.1257976
553	A	-0.520	0.09509138
554	G	0.253	0.07136837
555	G	0.411	0.05092056
556	G	0.433	0.02399675
557	G	0.500	-0.01587644
558	G	0.295	-0.05275463
559	A	0	-0.07123282
 560	C	-0.137	-0.07176919
561	A	-0.374	-0.03924719
562	A	-0.519	-0.03844851
563	A	-0.170	-0.07469007
564	G	-0.234	-0.1017619
565	G	-0.327	-0.1204888
566	A	-0.435	-0.1166762
567	A	0.050	-0.08793076
568	C	-0.373	-0.07428713
569	T	0	-0.04502853
 570	T	0.266	-0.02710934
571	T	-0.168	-0.03647309
572	T	0	-0.05546659
 573	C	0.200	-0.06529753
574	C	0.356	-0.05787091
575	T	0.459	-0.07476571
576	C	0.080	-0.03134921
577	T	0.093	-0.005278525
578	T	-0.232	-0.01245996
579	T	-0.320	0.02284635
580	T	-0.538	0.01259348
581	A	-0.484	0.01814716
582	A	-0.317	0.01772566
583	C	-0.219	0.005502538
584	T	0.320	-0.02708209
585	G	0.417	-0.05374731
586	G	0.151	-0.02450344
587	G	0.396	-0.002484894
588	G	-0.164	0.05602379
589	C	0.289	0.09483248
590	C	0.349	0.1119038
591	T	0.264	0.1046443
592	C	-0.440	0.08265374
593	A	-0.333	0.08999274
594	T	0.235	0.1083423
595	C	0.032	0.1109131
596	T	0.397	0.1418241
597	G	0.136	0.1093744
598	G	-0.044	0.07982406
599	A	-0.335	0.03291274
600	A	-0.030	0.05922486
601	T	0.534	0.09379986
602	C	0.445	0.1034934
603	T	0.437	0.1182339
604	C	0.330	0.06887356
605	G	-0.229	0.04826706
606	G	-0.122	0.05432617
607	A	-0.486	0.06802873
608	A	-0.019	0.08257758
609	G	0.219	0.06149021
610	G	0.390	0.06190996
611	T	0.268	0.06125789
612	G	-0.392	0.05480058
613	A	-0.193	0.09786521
614	A	0.052	0.1364671
615	T	-0.116	0.1857569
616	G	0.201	0.1918818
617	T	0.197	0.1723494
618	C	0.451	0.1243088
619	T	0.427	0.07810515
620	G	0.227	0.07519128
621	C	0.459	0.06737778
622	C	0.494	0.06584291
623	T	0.302	0.09979904
624	T	0.078	0.1091267
625	C	-0.092	0.1086614
626	G	-0.378	0.09672835
627	A	-0.471	0.06439489
628	A	-0.438	0.05403894
629	A	-0.318	0.03709744
630	A	0.028	-0.0005814375
631	C	0.426	0.00633275
632	C	0.351	0.03026971
633	C	0.189	0.06640226
634	T	0.260	0.08820709
635	A	-0.089	0.1472125
636	C	0.061	0.205785
637	C	0.188	0.224281
638	A	-0.108	0.2330202
639	C	0.413	0.2151283
640	C	0.461	0.2180084
641	T	0.485	0.2369745
642	G	-0.029	0.2163279
643	T	0.472	0.2154266
644	C	0.498	0.23049
645	T	-0.022	0.196366
646	T	0.168	0.1854247
647	T	0.140	0.1321875
648	C	0.397	0.1095046
649	T	0.493	0.09832652
650	T	-0.069	0.1055509
651	G	-0.104	0.07025648
652	T	0.302	0.03706729
653	G	-0.357	0.03782881
654	G	-0.283	0.003291625
655	A	-0.438	-0.03714431
656	A	0.098	-0.05586486
657	C	0.306	-0.06838948
658	C	0.086	-0.03746031
659	A	-0.091	-0.005994562
660	T	-0.032	0.00304325
661	C	-0.010	-0.003705687
662	A	-0.384	0.02182113
663	A	-0.506	0.05316052
664	A	0.097	0.06635578
665	C	0.292	0.05399503
666	T	0.425	0.05452173
667	C	0.399	0.0635101
668	C	0.447	0.08723997
669	A	-0.465	0.1044543
670	A	0.125	0.1274031
671	G	0.062	0.1692015
672	T	0.309	0.1847628
673	G	0.108	0.1738205
674	G	0.094	0.1596783
675	A	0.051	0.1545239
676	C	0.347	0.1366413
677	A	0.265	0.1777641
678	G	-0.017	0.1815339
679	G	0.162	0.1938495
680	C	0.346	0.188445
681	A	0.117	0.211514
682	A	0.199	0.2324659
683	C	0.316	0.2403782
684	T	0.161	0.2417471
685	G	0.192	0.221263
686	G	0.185	0.1949303
687	A	0.259	0.157187
688	G	0.223	0.1109699
689	C	0.477	0.07165954
690	C	0.429	0.02597904
691	T	0.178	-0.01205884
692	C	0.368	-0.01933193
693	A	-0.062	-0.05157336
694	G	-0.438	-0.04172186
695	A	-0.441	-0.03262911
696	T	-0.392	-0.03895924
697	A	-0.511	-0.04244393
698	A	-0.531	-0.04003199
699	T	-0.291	-0.04833245
700	G	0.044	-0.05759395
701	A	-0.323	-0.05369768
702	C	0.343	-0.04425555
703	T	0.405	-0.02732405
704	C	0.121	0.02378864
705	C	0.422	0.07510839
706	C	0.468	0.1120951
707	C	0.045	0.1100797
708	T	0.220	0.09105647
709	T	0	0.09285679
 710	T	-0.287	0.08609035
711	G	-0.170	0.08565666
712	C	0.424	0.09751823
713	T	0.309	0.0892021
714	A	0.060	0.07293416
715	G	-0.324	0.06568011
716	G	-0.259	0.02515442
717	A	-0.294	0.01068511
718	A	0.234	0.01947098
719	C	0.398	0.05177242
720	C	0.311	0.01173504
721	C	0.289	-0.01233783
722	T	0.208	-0.04647039
723	T	-0.070	0.001451169
724	A	-0.427	0.04495717
725	G	-0.231	0.07829486
726	A	-0.146	0.07495661
727	C	0.346	0.07047098
728	A	-0.215	0.06906486
729	G	-0.075	0.06142436
730	A	-0.486	0.04247631
731	C	0.442	0.05892614
732	C	0.436	0.09849801
733	T	0.238	0.1321636
734	C	0.181	0.1149428
735	T	0.326	0.08393189
736	G	0.289	0.07039964
737	G	0.166	0.05669558
738	G	-0.094	0.06185251
739	A	0.192	0.02775383
740	G	0.205	-0.01152011
741	G	0.307	0.00157695
742	A	-0.422	0.01242045
743	A	-0.150	-0.004377006
744	T	-0.432	0.003117244
745	T	-0.294	0.01594031
746	T	-0.403	0.02036398
747	G	-0.102	-0.0030264
748	A	-0.192	-0.04351459
749	C	0.448	-0.07129959
750	T	0.355	-0.03444328
751	G	0.057	-0.01833521
752	C	0.409	0.03963948
753	C	0.372	0.05884621
754	G	-0.024	0.06799034
755	T	-0.181	0.05126277
756	T	-0.442	0.03749496
757	T	-0.137	-0.02385966
758	T	0.167	-0.07612535
759	C	0.107	-0.08657396
760	T	0.495	-0.1467027
761	C	0.012	-0.1904131
762	A	-0.257	-0.1772117
763	A	-0.370	-0.1516738
764	A	-0.412	-0.09780245
765	A	-0.533	-0.06404664
766	A	-0.481	-0.0475172
767	C	-0.109	-0.03161189
768	A	-0.552	-0.03746295
769	A	-0.327	-0.03321894
770	C	0.187	-0.02484782
771	G	0.227	0.003023469
772	C	0.419	0.01391534
773	C	0.402	0.03974047
774	C	0.431	0.08833047
775	C	0.362	0.09840221
776	C	0.401	0.1409072
777	T	0.080	0.1472722
778	G	-0.123	0.1434687
779	T	0.075	0.1033426
780	C	-0.238	0.05899128
781	A	-0.12	0.05455553
782	G	0.296	0.04080196
783	C	0.051	0.0406199
784	G	0.127	0.04618096
785	G	-0.225	0.0381905
786	G	0.126	0.04937837
787	A	-0.414	0.01068164
788	A	-0.290	-0.0005844188
789	G	0.331	-0.01213904
790	C	0.211	-0.03847398
791	A	0.359	-0.02495485
792	G	0.490	-0.03289935
793	C	-0.047	-0.007870975
794	T	0.055	0.00264515
795	A	-0.543	0.0539959
796	A	-0.418	0.07894577
797	G	-0.304	0.05700302
798	A	-0.125	0.05070496
799	C	0.268	0.04110602
800	A	0	0.02416946
 801	G	0.175	0.05348736
802	G	0.294	0.07306549
803	T	0.406	0.1381639
804	C	0.109	0.1516991
805	A	-0.019	0.1747612
806	T	0.110	0.1640902
807	C	0.205	0.1400729
808	G	0.219	0.1605831
809	T	0.421	0.1762075
810	C	0.368	0.1451458
811	C	0.497	0.09178509
812	A	-0.201	0.05875466
813	T	0.064	0.03049366
814	A	-0.295	0.01754386
815	T	-0.116	0.006149806
816	T	0.328	0.001048994
817	C	0.425	-0.02329465
818	T	-0.202	-0.03345496
819	A	-0.446	-0.08902503
820	A	-0.419	-0.09083477
821	T	-0.471	-0.1150741
822	A	-0.096	-0.1016805
823	G	0.023	-0.1150248
824	C	0.138	-0.1137771
825	A	0.032	-0.1575233
826	G	0.206	-0.1336385
827	T	-0.391	-0.1037052
828	T	-0.230	-0.05897086
829	A	-0.323	-0.05862968
830	G	-0.081	-0.06880899
831	A	-0.329	-0.06240794
832	T	0.348	-0.08552826
833	G	-0.274	-0.08755136
834	T	0.179	-0.1197722
835	A	0.031	-0.1086935
836	C	0.296	-0.09154887
837	G	-0.466	-0.08969799
838	T	-0.259	-0.08378199
839	T	0.125	-0.08376211
840	T	-0.231	-0.07924592
841	T	0	-0.05247892
 842	C	-0.309	-0.03504324
843	A	-0.214	-0.01837377
844	G	0.043	-0.04880808
845	A	-0.294	-0.04917058
846	G	0.013	-0.06712852
847	A	-0.329	-0.09194339
848	G	0.420	-0.09654352
849	G	0.153	-0.1220386
850	G	0.458	-0.1284545
851	G	0.298	-0.1245638
852	A	-0.190	-0.0987487
853	A	-0.471	-0.05432551
854	A	-0.546	-0.05133961
855	T	-0.271	-0.0485403
856	G	-0.305	-0.06777436
857	A	-0.407	-0.0876628
858	T	-0.411	-0.1119124
859	A	-0.151	-0.1227755
860	C	0.456	-0.0860971
861	A	0.416	-0.03123772
862	G	0.060	0.02303271
863	G	-0.284	0.03393851
864	A	0.112	0.03367789
865	G	-0.164	0.05770947
866	T	0.070	0.06952784
867	G	0.124	0.1028037
868	C	0.396	0.09662441
869	G	0.405	0.09509441
870	G	0.321	0.07023696
871	G	-0.096	0.06937696
872	G	-0.309	0.0583993
873	A	-0.023	0.06870292
874	A	-0.222	0.0862691
875	G	0.380	0.07232466
876	G	0.357	0.05037145
877	G	0.392	0.0321137
878	A	-0.336	0.02115582
879	A	-0.298	0.02432307
880	G	-0.063	0.07179869
881	A	0	0.100981
 882	G	0.351	0.1434159
883	T	-0.098	0.1521312
884	G	0.045	0.1594157
885	T	0.113	0.1075908
886	C	0.146	0.10201
887	A	-0.046	0.09740493
888	T	0.450	0.08412514
889	C	0.443	0.06180864
890	T	0.456	0.01637089
891	C	0.520	-0.007949412
892	T	0.474	-0.03126096
893	T	-0.437	-0.02405908
894	T	-0.426	-0.05287777
895	A	-0.372	-0.02220794
896	A	-0.275	-0.068649
897	A	-0.357	-0.1202489
898	T	-0.375	-0.1688351
899	G	-0.487	-0.1890564
900	A	-0.327	-0.2379766
901	T	0.228	-0.2091775
902	A	-0.314	-0.2036045
903	C	0.444	-0.1675342
904	A	-0.293	-0.1232818
905	G	-0.382	-
906	A	-0.321	-
907	A	0.196	-
908	G	-0.308	-
909	G	0.023	-
910	G	-0.337	-
911	A	0.205	-
912	G	0.432	-
