1	G	-0.062	-
2	G	0.415	-
3	T	0.291	-
4	G	-0.214	-
5	T	0.060	-
6	G	-0.121	0.1790041
7	G	0.408	0.211086
8	C	0.424	0.1804926
9	C	0.461	0.1996968
10	A	0.111	0.2247274
11	G	0.193	0.2413551
12	C	0.289	0.2878232
13	A	0.078	0.2910971
14	C	0.503	0.2398299
15	G	0.061	0.2184325
16	T	0.243	0.2462991
17	C	0.389	0.2403944
18	T	0.444	0.2064828
19	T	-0.139	0.1716562
20	G	0.226	0.09888963
21	C	0.418	0.08699887
22	C	0.128	0.09682642
23	A	-0.083	0.1005901
24	A	-0.304	0.09782669
25	G	-0.297	0.1514563
26	A	-0.069	0.1550561
27	C	0.351	0.1313495
28	C	0.430	0.1375563
29	C	0.414	0.1638488
30	C	0.450	0.2273933
31	A	0.266	0.2934912
32	C	0.157	0.3360422
33	C	0.196	0.344233
34	A	0.206	0.3375013
35	C	0.394	0.3370622
36	C	0.429	0.3145657
37	C	0.398	0.3297252
38	C	0.441	0.3433809
39	A	0.356	0.3649145
40	C	0.409	0.3861208
41	C	0.202	0.3814005
42	C	0.432	0.3887381
43	A	0.307	0.3957135
44	C	0.433	0.3566463
45	C	0.439	0.3448953
46	C	0.342	0.31313
47	G	0.510	0.3341282
48	C	0.475	0.3226979
49	A	0.011	0.320052
50	T	0.227	0.3142833
51	C	0.060	0.306476
52	T	0.433	0.312404
53	G	0.307	0.2786557
54	T	0.278	0.2650736
55	G	0.369	0.2982717
56	G	0.353	0.2765515
57	C	0.407	0.2939957
58	C	0.139	0.211499
59	T	0.325	0.1835764
60	T	0.376	0.1668598
61	C	-0.011	0.122283
62	T	0.252	0.1092717
63	G	-0.473	0.09429905
64	G	0	0.07699802
 65	A	0.094	0.03162475
66	A	-0.120	-0.006561827
67	C	0.210	0.008890582
68	C	0.243	0.02385249
69	G	-0.051	0.07098085
70	A	-0.173	0.08031839
71	G	-0.043	0.05980238
72	C	0.158	0.06386185
73	T	0.416	0.08218139
74	G	0.044	0.09856721
75	T	0.102	0.1287291
76	G	-0.130	0.1548285
77	G	-0.075	0.1962125
78	C	0.411	0.1643144
79	C	0.423	0.1613199
80	T	0.280	0.1738488
81	G	0.113	0.154249
82	G	0.412	0.2022046
83	G	-0.192	0.213589
84	G	0.383	0.1799849
85	T	0.182	0.1511935
86	T	-0.112	0.1090192
87	C	0.396	0.08485806
88	C	0.049	0.03892336
89	A	0.042	0.08207555
90	T	0.106	0.07579482
91	G	-0.183	0.03914855
92	G	-0.151	0.06401236
93	A	-0.093	0.001226182
94	G	0.282	0.005056191
95	C	0.314	-0.0003836091
96	A	-0.220	0.02339166
97	G	0.160	0.06398885
98	G	-0.293	0.1061024
99	T	0.091	0.1438631
100	G	-0.017	0.1550322
101	G	0.368	0.1362425
102	G	0.263	0.1970933
103	G	0.311	0.1955738
104	C	0.322	0.2635836
105	G	0.405	0.2367585
106	C	0.108	0.2038148
107	G	0.448	0.1392961
108	G	0.143	0.1370445
109	A	0.454	0.1405903
110	G	-0.203	0.1488249
111	G	-0.379	0.07192964
112	A	-0.341	0.04582182
113	A	0.238	0.02041182
114	C	0.350	0.03571845
115	T	0.412	0.036029
116	G	-0.440	0.08844673
117	A	-0.179	0.1323279
118	G	0.169	0.1514688
119	C	0.312	0.1229018
120	T	0.457	0.1284926
121	G	0.373	0.1294646
122	T	0.102	0.1950312
123	G	-0.130	0.2216736
124	G	-0.075	0.2437354
125	C	0.411	0.2176564
126	C	0.423	0.2131607
127	T	0.280	0.2204642
128	G	0.113	0.236708
129	G	0.412	0.259417
130	G	0.025	0.3076086
131	G	0.408	0.2647331
132	T	0.453	0.2630914
133	T	0.281	0.2211585
134	C	0.118	0.1753941
135	C	0.454	0.1227984
136	G	-0.059	0.1588598
137	T	0.405	0.1588021
138	G	-0.180	0.129257
139	G	-0.389	0.1102918
140	A	-0.166	0.1199884
141	G	0.422	0.09370349
142	C	0.407	0.1216826
143	A	0.128	0.05920278
144	G	0.072	0.06123078
145	G	0.225	0.06861824
146	T	0.165	0.06272187
147	T	0.248	0.04464878
148	G	-0.281	0.01445255
149	A	-0.158	0.03795864
150	G	-0.308	0.05157658
151	T	-0.231	0.04642031
152	A	0.223	0.05176804
153	T	0.075	0.02082748
154	G	0.387	0.01783148
155	G	0.222	0.008323755
156	A	0.168	0.06376866
157	G	0.224	0.1213328
158	G	-0.092	0.1224328
159	A	-0.314	0.1503491
160	A	-0.262	0.1240735
161	C	0.301	0.1382265
162	T	0.401	0.1640999
163	G	0.235	0.1693108
164	G	0.382	0.1885164
165	G	0.098	0.2584441
166	G	0.378	0.2769135
167	T	0.453	0.2863464
168	T	0.281	0.233388
169	C	0.118	0.1765806
170	C	0.454	0.1266898
171	G	-0.059	0.1147949
172	T	0.405	0.1032808
173	G	-0.180	0.04201682
174	G	-0.389	0.031037
175	A	-0.166	-0.006502545
176	G	-0.032	-0.03947985
177	C	0.251	-0.03564825
178	A	-0.220	-0.04166971
179	G	0.160	-0.01819296
180	G	-0.293	0.05628385
181	T	0.091	0.1002018
182	G	-0.017	0.1222565
183	G	0.339	0.1197057
184	G	0.077	0.1493918
185	G	0.429	0.08771365
186	C	0.316	0.0930542
187	G	0.209	0.04672059
188	C	0.223	0.0110272
189	A	0.106	-0.0423688
190	G	-0.517	-0.08174545
191	A	-0.235	-0.09822127
192	G	-0.418	-0.08658145
193	G	-0.410	-0.1103033
194	A	-0.248	-0.14637
195	A	-0.355	-0.1599375
196	C	0.248	-0.08655043
197	C	0.444	-0.02249025
198	G	-0.051	-0.002813427
199	A	-0.173	0.04496485
200	G	-0.043	0.06752648
201	C	0.289	0.07012048
202	T	0.469	0.007739391
203	G	-0.201	-0.05094506
204	T	0.115	-0.0632773
205	G	0	-0.02055966
 206	G	-0.326	-0.001034455
207	A	-0.437	-0.05765764
208	A	-0.200	-0.06676755
209	T	-0.186	-0.007332
210	G	0.296	0.007764455
211	G	0.171	0.01857709
212	G	-0.333	0.08961191
213	G	0.369	0.1239699
214	T	0.452	0.1790831
215	T	0.281	0.1796443
216	C	0.118	0.1172616
217	C	0.454	0.0865248
218	G	-0.059	0.1552086
219	T	0.405	0.1586848
220	G	-0.180	0.129257
221	G	-0.389	0.1102918
222	A	-0.166	0.1199884
223	G	0.422	0.08338577
224	C	0.407	0.1245651
225	A	0.128	0.07423252
226	G	0.072	0.06487279
227	G	0.225	0.08354115
228	T	0.051	0.09689312
229	T	0.393	0.05643645
230	G	-0.148	-0.005998
231	A	-0.283	-0.03911727
232	G	-0.184	-0.02413878
233	T	-0.019	-0.005950418
234	G	-0.022	0.03108994
235	T	-0.279	0.01310212
236	G	-0.235	0.0492783
237	C	0.237	0.1116625
238	C	0.425	0.1139973
239	G	0.459	0.1308461
240	G	0.195	0.1241574
241	T	0.249	0.1642501
242	C	0.402	0.2155759
243	G	-0.158	0.1970254
244	T	0.165	0.1453873
245	G	-0.096	0.1112015
246	G	0.161	0.1104889
247	A	0.328	0.1019585
248	C	0.033	0.09644752
249	G	-0.142	0.135282
250	G	0.083	0.1538589
251	G	0.187	0.1501095
252	T	0.155	0.1545649
253	C	0.342	0.1586724
254	G	0.268	0.1855865
255	T	0.370	0.2110271
256	G	-0.137	0.1968583
257	G	0.210	0.179811
258	G	0.373	0.1656419
259	C	0.329	0.1719032
260	G	0.137	0.1761224
261	G	-0.072	0.1814963
262	G	0	0.233122
 263	A	0	0.2547503
 264	C	0.410	0.2396085
265	T	0.315	0.2070162
266	C	0.429	0.2102733
267	C	0.430	0.2568867
268	C	0.448	0.2909775
269	C	0.207	0.3261074
270	A	-0.028	0.2995366
271	G	0.173	0.3147196
272	T	0.440	0.3172047
273	G	0.374	0.2991178
274	T	0.386	0.2997517
275	G	0.118	0.3147017
276	T	0.482	0.2936798
277	C	0.456	0.3048915
278	A	0.231	0.3007895
279	C	0.455	0.2492666
280	C	0.371	0.1923256
281	A	-0.260	0.1763355
282	C	0.296	0.1562455
283	T	0.394	0.1579936
284	G	-0.191	0.1673863
285	A	-0.239	0.1527496
286	G	-0.057	0.1662395
287	G	0.261	0.221779
288	C	0.475	0.2207571
289	A	0.334	0.2234972
290	T	0.294	0.278757
291	C	0.520	0.3407888
292	T	0.350	0.385562
293	T	0.285	0.3883012
294	C	0.425	0.3890836
295	G	0.416	0.3537632
296	C	0.442	0.3189835
297	C	0.435	0.221764
298	C	0.291	0.1490002
299	T	0.484	0.1393205
300	C	-0.054	0.083415
301	T	-0.088	0.06127982
302	T	-0.549	0.04179009
303	A	-0.449	0.042817
304	C	0.178	0.05341936
305	G	-0.189	0.02991945
306	T	0.172	0.07623575
307	G	0.228	0.09839973
308	T	0.446	0.1585574
309	C	0.407	0.2312674
310	T	0.225	0.2149999
311	C	0.455	0.2352244
312	T	0.155	0.2299461
313	G	0.112	0.2262415
314	T	0.350	0.2243466
315	T	0	0.2290003
 316	T	0.032	0.2492436
317	C	0.114	0.2522429
318	T	0.187	0.2679207
319	C	0.425	0.3017137
320	T	0.459	0.225972
321	C	0.448	0.1946599
322	T	0.488	0.145618
323	C	0.328	0.09744718
324	T	0.484	0.08042082
325	A	-0.483	0.08206127
326	G	-0.344	0.07325045
327	A	-0.506	0.05034473
328	A	-0.415	-0.03687782
329	G	0	-0.09343136
 330	T	0.443	-0.1632854
331	C	0.362	-0.1210262
332	C	0.196	-0.04624104
333	A	-0.471	0.03857287
334	A	-0.293	0.1024978
335	C	-0.284	0.1418933
336	A	-0.018	0.1469489
337	C	0.478	0.08742242
338	C	0.426	0.02143778
339	T	0.287	0.05496878
340	C	0.433	0.09403878
341	C	0.499	0.1246274
342	G	-0.292	0.1297518
343	A	-0.529	0.1165095
344	G	-0.102	0.1101611
345	A	0.135	0.1045498
346	G	0.052	0.03087117
347	G	0.038	-0.05670228
348	A	0.332	-0.06838992
349	C	0.356	-0.06731019
350	T	0.226	-0.06281159
351	C	-0.377	-0.03969805
352	A	-0.463	-0.008542291
353	A	-0.421	0.02996787
354	A	-0.517	-0.0002628545
355	A	-0.052	-0.05033676
356	C	0.390	-0.08556031
357	A	0.395	-0.05007826
358	C	0.461	-0.01612955
359	A	0	0.02565654
 360	G	-0.194	0.03875417
361	A	-0.161	0.07257348
362	G	0.013	0.04798266
363	T	-0.090	0.0003266636
364	G	0.038	-0.01512388
365	A	-0.373	0.01889212
366	C	0.319	0.07266957
367	C	0.119	0.1282546
368	A	-0.129	0.1677656
369	G	0.291	0.1650608
370	C	0.374	0.1584423
371	T	0.396	0.2029648
372	C	0.450	0.2133892
373	C	0.447	0.2067301
374	T	-0.120	0.2652179
375	A	-0.034	0.2690049
376	T	0.116	0.2287885
377	G	0.433	0.1650349
378	T	0.046	0.1046438
379	G	0.514	0.03425606
380	C	0.333	0.08433543
381	A	-0.068	0.1254296
382	T	-0.304	0.146804
383	T	-0.214	0.08803118
384	T	-0.326	0.1011173
385	C	0.430	-
386	C	0.417	-
387	T	0.351	-
388	G	-0.212	-
389	G	0.190	-
