1	T	0.247	-
2	G	0.256	-
3	G	-0.085	-
4	C	0.103	-
5	C	0.313	-
6	A	0.318	0.219883
7	G	0.071	0.2469374
8	G	0.303	0.2325941
9	C	0.331	0.2076485
10	A	0.100	0.2128212
11	C	0.458	0.2013485
12	C	0.544	0.1677426
13	A	0.098	0.1917245
14	A	-0.359	0.2023627
15	T	0.160	0.2034308
16	C	0.187	0.2322897
17	A	-0.051	0.228039
18	T	0.335	0.2188604
19	C	0.420	0.2328837
20	T	0.342	0.2942785
21	G	0.418	0.3225233
22	C	0.411	0.3406114
23	C	0.443	0.3408301
24	T	0.252	0.3068932
25	C	0.315	0.2622124
26	C	0.470	0.2488144
27	T	0.386	0.2013491
28	T	-0.049	0.157672
29	C	-0.038	0.1556395
30	T	-0.070	0.1693668
31	G	0.195	0.1307025
32	T	-0.103	0.106036
33	G	-0.068	0.08531314
34	C	0.421	0.1286918
35	C	0.403	0.1415534
36	T	-0.109	0.1496912
37	G	0.199	0.1547141
38	C	0.158	0.1984984
39	C	0.427	0.2219652
40	T	0.103	0.2023254
41	G	0.018	0.1824254
42	G	0.250	0.2165807
43	C	0.377	0.2386187
44	T	0.189	0.2594892
45	G	0.205	0.1794782
46	C	0.184	0.1594805
47	C	0.265	0.1391234
48	C	0.442	0.1548236
49	C	0.388	0.1275586
50	T	-0.452	0.1422694
51	A	-0.116	0.1191799
52	C	-0.205	0.1357923
53	C	0.423	0.1335288
54	C	0.077	0.1212766
55	T	0.351	0.1250293
56	G	-0.048	0.2037312
57	G	0.367	0.249186
58	G	0.241	0.3060665
59	G	0.307	0.3078896
60	C	0.429	0.3237148
61	T	0.413	0.3272317
62	C	0.383	0.3612902
63	C	0.420	0.3219171
64	C	0.443	0.2761551
65	T	0.251	0.2817008
66	C	0.389	0.2788659
67	C	0.326	0.2802197
68	T	-0.065	0.2851786
69	A	-0.262	0.2814554
70	G	0.368	0.258856
71	C	0.398	0.2740854
72	C	0.428	0.2567048
73	C	0.437	0.2490983
74	C	0.379	0.2973968
75	C	0.195	0.357014
76	A	0.419	0.3531514
77	C	0.198	0.3532505
78	C	0.242	0.3607478
79	T	0.465	0.3091822
80	C	0.393	0.2903723
81	A	0.325	0.2941383
82	C	0.399	0.2963362
83	C	0.510	0.2948084
84	T	-0.129	0.2934816
85	A	0.172	0.2906857
86	C	0.236	0.2991488
87	T	0.443	0.2591025
88	G	0.181	0.2328914
89	G	0.227	0.2047159
90	C	0.434	0.2048719
91	T	0.486	0.1763375
92	C	-0.114	0.1189664
93	A	0.111	0.06298891
94	C	0.201	0.01737973
95	T	-0.127	0.01039345
96	G	-0.141	-0.052996
97	A	-0.394	-0.1140275
98	G	-0.172	-0.1123224
99	A	-0.319	-0.1066211
100	C	0.151	-0.1032947
101	A	-0.262	-0.05847536
102	G	-0.184	-0.06861764
103	A	-0.095	-0.08201827
104	G	0.173	-0.08183691
105	C	0.237	-0.04417422
106	C	0.365	-0.06856076
107	A	-0.252	-0.06935867
108	A	-0.542	-0.08532758
109	A	-0.170	-0.1233419
110	C	0.094	-0.1794073
111	A	-0.117	-0.1830905
112	T	-0.271	-0.1951396
113	G	-0.360	-0.1506229
114	A	-0.514	-0.1000395
115	A	-0.442	-0.134278
116	A	0.197	-0.1294413
117	G	0.232	-0.08639117
118	G	0.236	-0.04406935
119	G	0.014	0.01782701
120	A	-0.546	0.03943155
121	A	0.147	0.07511255
122	G	0.356	0.08564909
123	G	0.194	0.07175886
124	T	0.320	0.06977486
125	G	-0.276	0.09866576
126	A	-0.050	0.1877941
127	C	0.312	0.2137118
128	G	0.079	0.2164819
129	G	0.215	0.2341457
130	C	0.332	0.2496053
131	C	0.433	0.2911568
132	T	0.432	0.2677582
133	G	0.386	0.228616
134	G	0.388	0.1766057
135	C	0.490	0.1102907
136	C	0.180	0.08777724
137	A	-0.307	0.07901033
138	T	-0.117	0.06985124
139	A	-0.492	0.07077187
140	G	-0.514	0.06334869
141	G	0.084	0.003867236
142	G	0.337	-0.0025634
143	C	0.331	-0.0001340364
144	C	0.396	-0.03352867
145	C	0.306	-0.0241724
146	A	-0.163	-0.01334767
147	G	0.109	-0.04410418
148	G	-0.281	-0.1011807
149	A	-0.484	-0.1036905
150	A	-0.389	-0.1007607
151	A	-0.395	-0.1185666
152	A	-0.253	-0.094466
153	T	-0.290	-0.09879474
154	G	0.304	-0.03168365
155	C	0.429	0.02668481
156	A	0.111	0.1080121
157	G	0.101	0.1796859
158	G	0.062	0.2217727
159	T	0.457	0.2303074
160	A	0.157	0.1665256
161	T	0.505	0.09655072
162	C	0.393	0.03914308
163	A	0.209	0.03154778
164	T	-0.196	0.01556161
165	T	-0.397	-0.03203439
166	A	-0.340	-0.01807712
167	A	-0.520	-0.02487421
168	C	0.017	-0.02203103
169	A	-0.113	-0.004770664
170	G	-0.066	0.002458973
171	C	0.310	0.03607995
172	C	0.430	0.1119354
173	T	0.424	0.197072
174	G	0.399	0.2357758
175	G	-0.117	0.2804302
176	A	-0.027	0.3209128
177	G	0.493	0.3115783
178	C	0.416	0.2493554
179	A	0.443	0.2375975
180	C	0.377	0.236801
181	T	0.378	0.2692382
182	G	0.207	0.3099784
183	T	-0.253	0.2880312
184	G	0.295	0.2846375
185	G	0.390	0.2723118
186	C	0.239	0.2787223
187	C	0.420	0.2815298
188	T	0.252	0.2686703
189	G	0.378	0.3271638
190	T	0.307	0.2962512
191	C	0.448	0.2932668
192	C	0.409	0.3115603
193	A	0.066	0.2530885
194	C	0.389	0.1942974
195	T	-0.044	0.1434235
196	C	0.357	0.1445165
197	T	0.440	0.1436639
198	C	-0.222	0.1467532
199	A	-0.394	0.1805465
200	A	-0.180	0.1222235
201	C	0.319	0.1312185
202	C	0.438	0.09681224
203	C	0.443	0.08979924
204	T	0.438	0.1498599
205	C	-0.251	0.2195832
206	T	0.053	0.2726577
207	G	-0.021	0.2745637
208	C	0.363	0.2655831
209	T	0.438	0.2598852
210	G	0.372	0.2417179
211	C	0.402	0.2910261
212	C	0.340	0.3192905
213	C	0.339	0.3454769
214	A	0.381	0.2980685
215	C	0.238	0.2399396
216	C	0.290	0.2084281
217	C	0.364	0.2113514
218	C	0.267	0.2064732
219	T	-0.157	0.1318168
220	T	-0.201	0.06840741
221	C	0.026	0.02957795
222	C	0.435	-0.01702214
223	T	0.287	-0.09808477
224	G	-0.481	-0.1645872
225	G	-0.316	-0.1998478
226	A	-0.188	-0.1982793
227	A	-0.222	-0.1609294
228	T	-0.526	-0.1728878
229	A	-0.464	-0.1636565
230	G	-0.545	-0.08475364
231	A	-0.184	-0.01686845
232	C	0.436	-0.005607182
233	C	0.303	0.04608073
234	C	0.388	0.129685
235	C	0.386	0.1897885
236	A	0.430	0.2510009
237	G	-0.064	0.2797695
238	G	0.346	0.2056788
239	C	0.392	0.1510089
240	C	0.196	0.1224888
241	A	0.127	0.06786139
242	C	0.132	-0.006561336
243	A	-0.378	-0.0414637
244	T	-0.297	-0.08475052
245	A	0.075	-0.1044576
246	C	-0.214	-0.08430779
247	A	-0.388	-0.05959252
248	G	-0.448	-0.04247288
249	A	-0.129	0.02045203
250	G	0.176	0.0357323
251	G	0.418	0.02611054
252	G	0.399	-0.001796191
253	G	0.320	0.05043945
254	G	0.314	0.1307006
255	C	-0.129	0.1823068
256	A	-0.030	0.2009776
257	A	-0.521	0.128146
258	G	0.186	0.04250581
259	C	0.434	0.03183954
260	C	0.437	0.0416119
261	C	0.381	0.07663245
262	A	-0.382	0.08273547
263	A	-0.542	0.1273968
264	G	0.203	0.1396458
265	C	0.421	0.08379003
266	C	0.255	0.06210085
267	A	0.036	0.04127885
268	G	-0.029	0.03116003
269	G	0.320	0.03999885
270	A	-0.180	-0.007774609
271	T	0.199	-0.02729743
272	T	0.152	-0.07791352
273	G	-0.494	-0.1200314
274	A	-0.445	-0.1369224
275	A	-0.322	-0.1761075
276	G	0.206	-0.1334112
277	G	-0.301	-0.1342413
278	A	-0.426	-0.1103788
279	G	-0.215	-0.02545291
280	A	-0.110	0.01285933
281	T	0.289	0.05702342
282	C	0.190	-0.006920945
283	C	0.414	0.02322185
284	C	0.440	0.07249404
285	A	-0.023	0.1126535
286	T	0.163	0.158997
287	C	-0.496	0.1561189
288	T	0.030	0.1821596
289	T	0.115	0.157568
290	G	0.226	0.1121491
291	G	0.399	0.06759064
292	G	0.257	0.002870182
293	T	0.476	0.01421536
294	C	0.144	-0.02637625
295	T	-0.059	-0.07386671
296	A	-0.513	-0.1388896
297	A	-0.548	-0.1698721
298	A	-0.371	-0.1972634
299	G	-0.416	-0.2253798
300	G	-0.407	-0.2156833
301	A	-0.489	-0.170886
302	A	0.058	-0.1241637
303	T	-0.043	-0.05880693
304	G	0.167	-0.02110567
305	G	0.251	0.01397395
306	G	0.433	0.02468485
307	G	0	0.03681367
 308	G	0.170	-0.004771073
309	T	0.042	0.005371718
310	G	-0.030	0.02027354
311	A	-0.289	0.03385735
312	A	-0.355	0.01061408
313	G	-0.398	0.0525099
314	A	0.067	0.07508254
315	C	0.331	0.09904655
316	T	0.400	0.08334439
317	G	0.177	0.1512143
318	C	0.460	0.2006779
319	A	0.418	0.2123565
320	T	0.306	0.2401222
321	C	-0.203	0.2316501
322	T	0.457	0.1715007
323	T	0.188	0.1334854
324	G	-0.270	0.1028302
325	T	0.373	0.1015835
326	C	0.238	0.04525055
327	G	-0.261	0.03767382
328	T	-0.240	-0.02632964
329	T	0.123	-0.04677116
330	C	0.405	-0.003581618
331	C	-0.313	-0.02142516
332	A	-0.286	-0.03163407
333	G	-0.246	-0.01814198
334	T	-0.036	0.02829247
335	T	0.205	0.03547302
336	C	0.177	0.04110138
337	C	0.125	0.1134822
338	A	-0.112	0.1232995
339	C	0.270	0.1173599
340	C	0.202	0.1248807
341	C	0.467	0.1294729
342	C	0.483	0.1382984
343	A	-0.178	0.1434207
344	T	-0.312	0.1571949
345	T	0.046	0.1646633
346	C	0.255	0.1841241
347	T	0.274	0.1791966
348	G	0.182	0.1504365
349	G	0.038	0.1884237
350	C	0.352	0.1981827
351	A	0.416	0.1878598
352	T	0.412	0.127603
353	G	0.166	0.1089602
354	G	0.239	0.1337327
355	G	-0.204	0.1302094
356	A	-0.067	0.09715837
357	A	-0.407	0.06244847
358	G	0.069	0.01738002
359	C	0.454	0.03158502
360	A	0	0.03024029
 361	T	-0.011	0.08643756
362	G	0.034	0.0690448
363	T	-0.082	0.1402252
364	G	0.323	0.166377
365	T	0.224	0.165502
366	G	0.413	0.192219
367	G	-0.258	0.1958438
368	G	0.375	0.1992214
369	C	0.356	0.2172499
370	T	0.445	0.1675873
371	T	0.293	0.1880469
372	C	0.028	0.1996156
373	T	0.072	0.2280687
374	A	0.115	0.1811253
375	C	-0.223	0.153347
376	T	0.449	0.1168959
377	C	0.540	0.09390627
378	T	0.054	0.1253166
379	A	-0.140	0.1359936
380	T	0.051	0.1296388
381	G	0.044	0.1199859
382	G	0.041	0.08306828
383	G	0.374	0.009834736
384	A	0.189	0.004900345
385	G	0.045	-0.03060038
386	A	-0.329	-0.07387402
387	T	0.043	-0.1225781
388	T	-0.265	-0.1391071
389	C	0	-0.1332029
 390	A	-0.531	-
391	T	-0.424	-
392	A	-0.491	-
393	G	-0.140	-
394	C	0.439	-
