1	G	0.327	-
2	T	0.135	-
3	G	0.216	-
4	T	0.414	-
5	C	0.423	-
6	C	0.378	-
7	C	0.409	0.2144431
8	C	0.104	0.1965066
9	T	0.384	0.2119136
10	C	-0.038	0.2115853
11	G	-0.068	0.1919315
12	T	-0.279	0.136939
13	G	0.379	0.06606213
14	G	0.094	0.01349428
15	G	0.335	0.03393959
16	C	0.212	-0.002031815
17	C	0.158	-0.02360068
18	G	-0.291	-0.04732718
19	A	-0.542	-0.003879569
20	A	-0.273	-0.0001174154
21	C	0.370	0.02881236
22	G	-0.083	0.03275313
23	G	-0.318	0.03388321
24	A	-0.377	0.03926752
25	C	0.285	0.09171605
26	G	0.427	0.117057
27	C	0.470	0.1470813
28	G	0.387	0.1082551
29	G	0.227	0.1392766
30	C	0.228	0.1963553
31	G	0.390	0.2389299
32	G	-0.213	0.2489372
33	T	0.116	0.2442552
34	G	-0.134	0.2411989
35	C	0.319	0.2238862
36	C	0.423	0.2357028
37	C	0.176	0.2466355
38	C	0.415	0.2307602
39	G	0.367	0.2309553
40	C	0.430	0.2056637
41	G	0.162	0.2480843
42	C	0.380	0.2498629
43	C	0.370	0.2095392
44	C	0.184	0.1621347
45	G	-0.211	0.1639644
46	A	-0.212	0.163244
47	C	0.416	0.1516011
48	C	0.343	0.1492988
49	A	-0.100	0.1521843
50	G	-0.439	0.1577812
51	A	0.439	0.1778155
52	C	0.357	0.2137319
53	G	0.279	0.2267436
54	T	0.132	0.185402
55	C	0.418	0.1578813
56	C	0.443	0.1996023
57	C	0.444	0.2650639
58	G	0.255	0.2382543
59	T	-0.043	0.2090599
60	G	-0.120	0.1992621
61	G	-0.014	0.2077166
62	G	0.441	0.1935146
63	C	0.411	0.186789
64	T	0.091	0.1709636
65	A	-0.021	0.1816249
66	G	0.151	0.2023528
67	G	0.242	0.2240313
68	G	0.233	0.2487322
69	C	0.356	0.2506198
70	C	0.239	0.2352099
71	T	0.394	0.2620599
72	G	0.226	0.2951736
73	G	0.161	0.306693
74	G	0.306	0.2909754
75	C	0.466	0.3033251
76	C	0.210	0.3097212
77	T	0.440	0.3203046
78	C	0.408	0.3123602
79	G	0.301	0.3174286
80	G	0.037	0.3215733
81	G	0.394	0.2892021
82	C	0.439	0.2728895
83	C	0.376	0.2554632
84	G	0.291	0.2368915
85	C	0.292	0.2359989
86	G	0.215	0.2398976
87	T	-0.114	0.2691588
88	C	0.253	0.2719558
89	G	-0.015	0.2294353
90	G	0.198	0.1750398
91	C	0.397	0.1550792
92	G	0.352	0.1611127
93	C	0.418	0.166812
94	C	0.430	0.146482
95	G	-0.113	0.1232731
96	G	-0.330	0.1475393
97	T	0.031	0.1653234
98	C	0.370	0.1732747
99	G	0.289	0.168408
100	A	-0.378	0.142352
101	G	-0.047	0.1272669
102	C	0.299	0.1451415
103	C	0.429	0.2027954
104	T	0.500	0.2091343
105	C	0.289	0.1957091
106	T	0.079	0.1520324
107	C	0.234	0.1956671
108	C	0.118	0.2263389
109	G	0.419	0.2116409
110	G	0.114	0.1607314
111	G	0.196	0.1386127
112	T	-0.278	0.1445301
113	G	0.188	0.1775975
114	T	0.350	0.1539183
115	C	0.108	0.1418829
116	G	-0.231	0.1154367
117	G	0.212	0.1014871
118	G	0.366	0.09712195
119	G	0.509	0.1426784
120	T	-0.073	0.1211731
121	T	-0.037	0.1071014
122	C	0.075	0.1148438
123	G	-0.067	0.1401562
124	G	0.139	0.1534353
125	G	0.313	0.1423115
126	G	-0.090	0.1362498
127	C	0.168	0.1621283
128	G	0.209	0.1854387
129	G	0.097	0.1691835
130	G	0.385	0.1898619
131	C	0.221	0.1457835
132	G	0.430	0.1181928
133	C	0.263	0.1400927
134	G	0.265	0.1560377
135	C	-0.136	0.1655479
136	G	0.201	0.1895663
137	T	-0.433	0.1847831
138	G	-0.044	0.1845379
139	G	0.193	0.173805
140	G	0.375	0.1859697
141	C	0.332	0.1965274
142	G	0.409	0.2311915
143	T	0.323	0.2318625
144	G	0.218	0.2816695
145	G	0.290	0.3108904
146	C	0.421	0.3277622
147	T	0.402	0.2907249
148	C	0.314	0.2564518
149	C	0.210	0.2596298
150	T	0.213	0.2660009
151	C	0.334	0.2610711
152	T	0.413	0.2567128
153	G	-0.106	0.2274595
154	T	-0.112	0.2195406
155	C	0.450	0.2275527
156	C	0.406	0.2238285
157	A	0.154	0.1920877
158	C	0.234	0.1970741
159	G	0.040	0.1617873
160	C	0.299	0.1862331
161	C	0.418	0.2306495
162	T	0.161	0.2348968
163	G	-0.198	0.2243993
164	T	0.399	0.2270206
165	T	-0.045	0.1993661
166	C	0.211	0.1990589
167	C	0.464	0.2055102
168	C	0.505	0.2079327
169	T	0.269	0.2190222
170	T	0.188	0.2631432
171	C	-0.125	0.2002221
172	G	0.036	0.2301366
173	T	0.383	0.2351193
174	C	0.450	0.2183181
175	G	0.306	0.1878763
176	C	0.374	0.1893391
177	C	-0.418	0.1943788
178	G	0.343	0.213586
179	C	0.276	0.2289923
180	G	0.246	0.2344957
181	G	0.110	0.2177885
182	C	0.288	0.200625
183	T	0.253	0.2032834
184	C	0.124	0.260194
185	T	0.237	0.2618722
186	C	0.455	0.2504906
187	G	0.233	0.246519
188	T	0.082	0.2256602
189	C	0.409	0.1711638
190	C	0.321	0.1665806
191	G	0.365	0.1888156
192	G	0.128	0.1881707
193	G	0.194	0.1654096
194	A	-0.161	0.1676786
195	C	-0.419	0.1688529
196	A	0.194	0.1648192
197	C	0.413	0.1244054
198	G	0.228	0.1120139
199	G	0.159	0.1331915
200	C	0.262	0.08261978
201	T	0.098	0.1101564
202	T	0.356	0.1743145
203	T	-0.203	0.1201575
204	C	0.203	0.05223962
205	C	0.403	-0.005616685
206	G	-0.462	-0.05513453
207	G	0.196	-0.08647915
208	A	0.414	-0.07912646
209	G	-0.509	-0.08627662
210	T	-0.469	-0.03701408
211	A	-0.523	-0.02124877
212	G	-0.484	-0.04676395
213	A	-0.144	-0.03440133
214	G	0.193	-0.06944725
215	C	0.263	-0.1251723
216	C	0.436	-0.05813948
217	C	0.408	-0.001061408
218	T	0.072	0.01590221
219	T	-0.301	0.05316405
220	G	-0.258	0.07961021
221	G	-0.310	0.05526959
222	A	0.361	0.02163836
223	G	0.272	-0.05199956
224	G	-0.302	-0.1189078
225	T	0	-0.1168275
 226	G	0.198	-0.09682425
227	T	-0.122	-0.05449125
228	T	-0.173	-0.04523955
229	A	-0.520	-0.05220832
230	A	-0.460	-0.07150913
231	G	0.099	-0.06790352
232	T	-0.041	-0.09049259
233	G	0.291	-0.06919952
234	T	-0.189	-0.02613028
235	G	0.270	0.02173902
236	A	0.021	0.0810371
237	T	-0.255	0.1548139
238	G	-0.293	0.1471907
239	C	0.475	0.127374
240	T	0.437	0.08528273
241	T	0.449	0.06646081
242	C	0.250	0.01780665
243	C	0.498	-0.004578462
244	A	0	0.04156862
 245	T	-0.299	0.03070954
246	A	-0.255	0.003961462
247	A	-0.434	-0.04826769
248	T	-0.361	-0.07846968
249	A	-0.269	-0.1148421
250	C	0.344	-0.1544816
251	A	-0.434	-0.1206253
252	T	0.127	-0.08581026
253	T	-0.241	-0.06468367
254	T	0.056	-0.02900273
255	G	-0.222	0.03556735
256	G	-0.017	0.07766188
257	A	0.440	0.08604835
258	T	0.153	0.1247767
259	G	0.019	0.1164641
260	C	0.029	0.1555532
261	T	0.477	0.1880532
262	G	0.277	0.1981395
263	T	0.453	0.1628234
264	C	0.068	0.115157
265	A	0.019	0.0824852
266	G	0.266	0.08101515
267	C	0.478	0.09440952
268	T	-0.091	0.08861298
269	A	-0.476	0.06723028
270	A	-0.179	0.06258059
271	G	-0.271	0.08514759
272	T	0	0.09798038
 273	T	0.203	0.1028351
274	C	0.402	0.0945963
275	A	0	0.0813
 276	C	0.392	0.08602523
277	T	0.362	0.08541515
278	T	0.186	0.1006646
279	C	0.329	0.06589248
280	T	0.371	0.02627032
281	G	-0.264	-0.03521183
282	A	-0.414	-0.04418606
283	A	-0.187	-0.0661876
284	C	-0.073	-0.09636465
285	T	-0.452	-0.09510688
286	A	-0.311	-0.119414
287	A	-0.396	-0.1185941
288	G	-0.116	-0.06969582
289	G	0.106	-0.003456515
290	G	-0.030	0.03784533
291	G	0.203	0.07814593
292	T	0.013	0.1483188
293	T	0.382	0.1413079
294	C	0.371	0.1525894
295	C	0.446	0.138325
296	T	0.349	0.1335009
297	C	0.450	0.128224
298	C	0.460	0.08268629
299	A	-0.402	0.1079005
300	A	-0.250	0.09876454
301	A	-0.302	0.09714646
302	T	0.043	0.09109969
303	G	-0.098	0.1029228
304	T	-0.388	0.03559762
305	T	0.341	-0.03373369
306	G	0.263	-0.03458823
307	G	0.350	-0.04687285
308	C	0.367	-0.063034
309	T	0.503	-0.09544246
310	G	-0.424	-0.06374554
311	A	-0.441	-0.01671169
312	A	-0.413	-0.031535
313	A	-0.409	-0.02736692
314	T	-0.512	-0.04600677
315	T	-0.377	-0.04785969
316	C	0.313	-0.1246209
317	A	0.222	-0.1251835
318	T	0.148	-0.1061131
319	C	0.317	-0.04537708
320	C	0.108	0.02087277
321	C	0.343	0.08468508
322	A	-0.494	0.1123967
323	A	-0.432	0.08548478
324	G	-0.193	0.08529924
325	G	0.375	0.1092908
326	C	0.451	0.1122915
327	T	0.317	0.1070543
328	G	-0.017	0.0911839
329	G	-0.036	0.09229767
330	T	0.220	0.1068455
331	C	0.460	0.1035427
332	T	0.356	0.08931898
333	G	0.039	0.08721213
334	C	0.137	0.08976828
335	A	-0.480	0.1187379
336	A	-0.242	0.139313
337	A	-0.236	0.1246574
338	G	0.190	0.07114708
339	T	0.424	0.01440446
340	C	0.350	0.008534031
341	T	0.359	-0.004213838
342	G	0.230	0.05703101
343	C	0.029	0.05753462
344	A	-0.235	0.04395516
345	A	-0.380	0.0029137
346	T	-0.036	-0.0521803
347	T	-0.028	-0.07689628
348	C	0.315	-0.1073071
349	A	-0.236	-0.1357638
350	T	-0.412	-0.1122226
351	A	-0.342	-0.07121415
352	A	-0.292	-0.04006438
353	T	0.029	-0.04944068
354	G	-0.035	-0.03208843
355	G	-0.139	-0.02527935
356	A	0.335	0.02421642
357	G	0.298	0.0230508
358	C	0.024	0.03973557
359	T	-0.158	0.05507153
360	A	0.197	0.08527389
361	C	0.404	0.1219745
362	T	0.407	0.1499216
363	G	-0.427	0.1524317
364	T	-0.125	0.1710816
365	A	-0.092	0.1980313
366	C	0.421	0.2248423
367	T	0.441	0.1956113
368	G	0.224	0.1257695
369	G	0.368	0.07216504
370	C	0.540	0.08069012
371	T	0.374	0.06701212
372	A	0.190	0.05533523
373	T	-0.182	0.01063354
374	T	-0.503	-0.03307138
375	G	-0.289	-0.03260115
376	G	-0.316	-0.07505723
377	A	-0.303	-0.09860231
378	A	-0.244	-0.1480808
379	G	-0.159	-0.193697
380	G	-0.126	-0.2071348
381	A	0.230	-0.1451527
382	G	-0.183	-0.1012709
383	G	0.234	-0.04447908
384	A	-0.268	-0.03118892
385	G	-0.402	-0.005116777
386	A	-0.357	-0.0249327
387	T	0.302	-0.04481632
388	T	0.280	-0.08184685
389	C	0.421	-0.09103524
390	T	-0.130	-0.1332145
391	G	0.094	-0.1529026
392	A	-0.416	-0.1240475
393	A	-0.385	-0.1157954
394	G	-0.251	-0.1524675
395	A	-0.303	-0.178955
396	T	-0.313	-0.2189087
397	A	-0.524	-0.2273231
398	A	-0.027	-0.1983547
399	G	-0.250	-0.1411388
400	G	-0.174	-0.0766786
401	A	-0.063	-0.06316405
402	G	-0.098	-0.0019759
403	T	-0.240	-0.001834054
404	T	0.470	0.02013464
405	C	0.326	-0.01236032
406	T	0.452	0.03121483
407	C	-0.075	0.03118814
408	T	0.492	0.01010589
409	T	-0.312	0.03489955
410	G	-0.239	0.03590224
411	T	-0.450	-0.02478192
412	A	0.316	-0.01951338
413	G	-0.174	-0.02870553
414	G	-0.337	0.004684308
415	A	0.224	0.0009632308
416	T	-0.227	0.04469415
417	G	-0.317	0.04489362
418	C	0.395	0.05643123
419	C	0.333	0.007491769
420	A	0.358	0.005477308
421	C	0.443	0.06412046
422	T	0.256	0.08577362
423	G	-0.236	0.1124918
424	G	-0.300	0.1369512
425	A	-0.320	0.08241308
426	A	-0.201	0.03196708
427	A	0.424	-0.02962546
428	T	0.505	-0.09684338
429	G	0.120	-0.1524225
430	T	0	-0.1383497
 431	T	-0.313	-0.1358963
432	G	-0.322	-0.1455087
433	A	-0.442	-0.153634
434	A	-0.429	-0.2172241
435	A	-0.466	-0.2515635
436	T	-0.053	-0.2850592
437	G	-0.268	-0.3179244
438	A	-0.444	-0.3049567
439	A	-0.306	-0.2633299
440	A	-0.402	-0.2319339
441	A	0.059	-0.1683446
442	A	-0.315	-0.1422887
443	T	-0.427	-0.1166939
444	A	-0.144	-0.06546507
445	T	0.218	-0.01479284
446	T	-0.033	0.03264501
447	C	0.396	0.03970478
448	A	-0.127	0.06319379
449	G	0.279	0.1227272
450	C	0.397	0.1719379
451	C	0.213	0.2200777
452	G	0.310	0.2400507
453	T	-0.310	0.2529124
454	T	0.364	0.2344927
455	G	0.458	0.2144826
456	G	0.212	0.1812782
457	T	0.480	0.1733501
458	C	0.478	0.121389
459	T	0.133	0.06349569
460	T	0.157	0.05494877
461	T	-0.387	0.04209931
462	G	-0.152	0.008542492
463	A	0.294	0.02490688
464	A	-0.461	0.02141711
465	A	-0.442	-0.01675398
466	T	-0.421	-0.04756029
467	T	0.197	-0.0780256
468	T	0.022	-0.05178687
469	C	0.425	-0.07452025
470	C	0.435	-0.06971672
471	T	-0.018	-0.05717548
472	G	-0.267	-0.02513899
473	T	-0.238	0.02374262
474	G	-0.046	-0.005614608
475	A	-0.447	-0.01911464
476	T	0.357	-0.06260679
477	G	-0.298	-0.09794125
478	T	-0.026	-0.1106936
479	G	0.214	-0.06408669
480	T	-0.184	-0.01335069
481	T	-0.153	-0.008812208
482	T	-0.140	0.01242725
483	C	-0.023	-0.02966152
484	A	-0.183	-0.006684054
485	A	0.338	-0.007884023
486	T	0.420	-0.02333812
487	C	0.012	0.008485423
488	T	-0.171	0.02650785
489	A	-0.189	0.02952201
490	G	0	0.02590025
 491	A	-0.041	0.006807246
492	T	0.013	-0.04937645
493	G	0.229	-0.1157954
494	C	0.081	-0.1276896
495	A	-0.100	-0.09508782
496	A	-0.070	-0.1048927
497	A	-0.432	-0.07998051
498	G	-0.391	-0.06327788
499	A	-0.442	-0.09572055
500	A	-0.142	-0.1467138
501	C	0.251	-0.1777589
502	A	-0.317	-0.2030306
503	T	0.323	-0.2300075
504	G	0.175	-0.2045475
505	G	-0.408	-0.1942571
506	A	-0.433	-0.1464604
507	A	-0.322	-0.1404683
508	A	-0.429	-0.1942943
509	A	-0.421	-0.199007
510	A	-0.101	-0.2591056
511	T	-0.257	-0.2553865
512	C	0.178	-0.2403398
513	A	-0.064	-0.1741547
514	A	-0.447	-0.1163106
515	A	-0.378	-0.09796356
516	G	-0.457	-0.08372841
517	T	0.223	-0.0722441
518	G	-0.213	-0.04086372
519	C	0.427	-0.02457202
520	T	0.429	0.01109292
521	C	-0.191	0.06665662
522	G	-0.236	0.1269057
523	A	0.048	0.1558078
524	G	0.150	0.1026335
525	T	0.390	0.09180368
526	G	0.399	0.02865068
527	G	0.274	-0.02338401
528	T	0.404	-0.01108432
529	T	-0.081	-0.004613631
530	T	-0.467	-0.004499831
531	A	-0.353	-0.04372206
532	A	-0.393	-0.04731783
533	A	-0.246	-0.05640768
534	T	-0.031	-0.1039848
535	A	-0.152	-0.1351034
536	T	0.049	-0.1070211
537	G	-0.359	-0.03789044
538	T	0.343	0.009164869
539	T	0.281	0.07289756
540	T	-0.343	0.07321787
541	T	0	0.03609803
 542	G	0.283	0.05851334
543	G	0.431	0.07173977
544	G	0.257	0.1344208
545	T	0.434	0.144719
546	A	-0.242	0.1299232
547	T	-0.513	0.1922945
548	T	0.138	0.1732871
549	C	0.221	0.1523018
550	C	0.454	0.07950682
551	T	0.477	0.05225407
552	G	0.088	4.022308e-05
553	T	0.466	0.03381638
554	T	-0.247	0.08107945
555	T	0.010	0.0937123
556	A	-0.515	0.07667338
557	T	-0.096	0.01592468
558	A	-0.244	-0.04644508
559	G	0.196	-0.08496847
560	A	0.100	-0.1490502
561	C	0.303	-0.1335204
562	T	0	-0.1453107
 563	A	-0.334	-0.07159876
564	T	-0.333	-0.05938786
565	A	-0.411	-0.01835209
566	A	-0.366	-0.05212748
567	T	-0.045	-0.04876686
568	A	-0.142	-0.03794532
569	C	0.443	-0.02970155
570	T	0.062	-0.01711202
571	T	0.289	0.004201954
572	T	-0.242	0.02723772
573	T	0.144	0.02200872
574	C	0.443	-0.01107019
575	C	0.107	-0.03360127
576	A	-0.171	-0.1040313
577	A	-0.056	-0.1349006
578	T	-0.112	-0.127803
579	T	-0.434	-0.07700895
580	A	-0.475	-0.05308703
581	A	-0.435	-0.06074657
582	A	-0.472	-
583	A	-0.338	-
584	T	0.381	-
585	C	0.417	-
586	C	0.455	-
587	T	0.344	-
