1	T	0.262	-
2	T	0.093	-
3	C	0.439	-
4	T	0.290	-
5	C	0.395	-
6	A	0.210	-
7	G	-0.049	-
8	A	0.142	-
9	G	0.461	-
10	G	-0.425	-
11	A	0.016	-
12	T	0.183	-
13	C	0.131	-
14	T	0.465	-
15	C	0.412	-
16	T	0.374	0.01770842
17	A	-0.508	0.008282463
18	T	-0.551	-0.01002867
19	A	-0.120	-0.02120176
20	G	0.025	-0.03922995
21	G	0.293	-0.06481304
22	C	0.419	-0.08610842
23	A	0.364	-0.09877726
24	G	-0.105	-0.1195272
25	T	-0.462	-0.144433
26	T	-0.409	-0.13638
27	A	-0.318	-0.1515661
28	A	-0.405	-0.1649102
29	T	-0.216	-0.1784948
30	A	-0.405	-0.1923188
31	G	-0.189	-0.193035
32	T	-0.251	-0.1899844
33	A	-0.039	-0.1660508
34	G	-0.492	-0.136487
35	T	0.082	-0.1209225
36	T	-0.286	-0.1217156
37	G	-0.423	-0.1277271
38	A	-0.471	-0.1511905
39	A	-0.454	-0.1590676
40	A	-0.521	-0.1437401
41	A	-0.335	-0.1354483
42	A	-0.167	-0.1264479
43	G	-0.469	-0.1247988
44	G	-0.243	-0.1110545
45	A	-0.303	-0.1000215
46	A	0.023	-0.07787567
47	C	0.389	-0.07824232
48	T	0.472	-0.06417385
49	G	0.257	-0.06645583
50	T	0.395	-0.05396247
51	T	0.377	-0.07121578
52	T	0	-0.07449768
 53	T	0.101	-0.07743928
54	T	-0.331	-0.0761869
55	G	0.112	-0.049263
56	A	0.384	-0.0435635
57	A	-0.196	-0.04680318
58	T	-0.121	-0.05182218
59	T	-0.266	-0.05198459
60	T	0.034	-0.05812422
61	T	0.136	-0.06284837
62	T	0.303	-0.07393085
63	G	-0.200	-0.0777411
64	A	0.199	-0.08267579
65	G	-0.112	-0.08801753
66	T	-0.092	-0.1030766
67	T	-0.469	-0.1000238
68	A	-0.391	-0.09169791
69	A	-0.517	-0.09217507
70	A	-0.431	-0.06671045
71	C	0.406	-0.0787231
72	A	-0.338	-0.07687317
73	G	-0.438	-0.07182369
74	T	-0.328	-0.08066847
75	A	-0.474	-0.06042688
76	A	-0.439	-0.04624704
77	A	-0.454	-0.04062029
78	A	-0.331	-0.05394032
79	C	0.267	-0.04061319
80	T	0.314	-0.04739262
81	A	0.086	-0.04777903
82	G	-0.086	-0.03807633
83	T	0.475	-0.01016683
84	T	0.266	0.01602198
85	T	0.086	0.0401307
86	C	0.483	0.05435058
87	T	-0.271	0.02789333
88	T	0.444	0.0291483
89	T	-0.035	0.05205817
90	G	-0.404	0.07673961
91	T	0.381	0.108201
92	G	0.488	0.1272775
93	G	0.316	0.1521264
94	T	-0.122	0.1566814
95	A	0.225	0.146259
96	C	-0.017	0.1199333
97	T	-0.124	0.1318013
98	T	0.218	0.1425578
99	C	0.423	0.1398714
100	T	0.446	0.1386748
101	C	0.254	0.1493091
102	A	0.023	0.1288421
103	G	-0.439	0.1296854
104	A	-0.298	0.1102137
105	G	0.294	0.120452
106	C	0.461	0.1390911
107	C	0.532	0.127634
108	T	0.170	0.1201827
109	A	0.340	0.1141898
110	C	-0.185	0.1222227
111	A	-0.066	0.1273903
112	A	-0.527	0.1312185
113	T	0.466	0.1345806
114	C	0.257	0.1419698
115	T	0.389	0.1306083
116	G	0.228	0.1030187
117	C	0.426	0.07939537
118	T	-0.171	0.06641749
119	A	-0.244	0.06913321
120	A	-0.178	0.08988252
121	T	0.292	0.09555033
122	G	0.191	0.0958353
123	T	0.015	0.08370537
124	G	0.249	0.07684458
125	T	0.124	0.05489074
126	G	0.134	0.06876827
127	T	0.391	0.06372077
128	A	0.104	0.06893065
129	G	-0.017	0.04458249
130	T	0.454	0.02674808
131	G	0.059	0.008818678
132	A	-0.436	-0.01370748
133	A	-0.501	-0.04114629
134	T	-0.391	-0.04073273
135	T	-0.352	-0.03707079
136	T	0.365	-0.02162432
137	C	0.475	-0.03323951
138	C	0.470	-0.02821808
139	A	0.143	-0.02165433
140	T	-0.048	-0.01658168
141	G	-0.361	-0.01187174
142	A	0.258	-0.006812928
143	G	-0.227	-0.01903333
144	G	-0.361	-0.01758902
145	A	-0.313	-0.002960594
146	T	-0.313	-0.01445445
147	G	-0.184	-0.01328436
148	A	-0.492	0.01595505
149	T	-0.451	0.03798874
150	G	-0.157	0.06408805
151	T	-0.127	0.06531867
152	G	0.315	0.06799542
153	T	-0.079	0.04503289
154	G	0.352	0.01628727
155	G	0.225	-0.003044763
156	A	0.412	-0.0144177
157	C	0.275	-0.01676223
158	T	0.296	-0.04154438
159	T	0	-0.04783748
 160	T	0.150	-0.04024454
161	C	0.450	-0.04359882
162	T	0.086	-0.04912592
163	C	0.097	-0.04057984
164	A	0.499	-0.01434684
165	C	0.203	0.006692063
166	A	0.443	0.02508116
167	T	-0.313	0.04237272
168	T	0.450	0.04619116
169	T	-0.259	0.06026919
170	T	-0.449	0.05932628
171	T	-0.474	0.05810863
172	A	-0.412	0.04879678
173	A	-0.436	0.0515695
174	A	-0.534	0.04326165
175	T	-0.429	0.02930084
176	G	-0.118	0.01758587
177	T	-0.420	0.01596409
178	A	-0.490	0.01016794
179	A	0.088	0.01640512
180	C	0.346	-0.002637534
181	C	0.221	-0.01784719
182	C	0.430	-0.03269415
183	C	0.425	-0.02738202
184	T	0.437	-0.04733533
185	C	0.371	-0.03366415
186	C	0.322	-0.01364074
187	T	0.186	0.01481579
188	C	0.114	0.0332157
189	C	0.364	0.05628532
190	T	0.030	0.07940467
191	T	-0.446	0.09228544
192	T	-0.224	0.09549882
193	T	0.399	0.1027562
194	A	-0.098	0.1193423
195	T	0.296	0.1219546
196	T	-0.110	0.1130459
197	T	-0.283	0.0955663
198	T	-0.031	0.07427861
199	T	-0.143	0.05054627
200	T	-0.187	0.03987477
201	G	0.178	0.03657527
202	G	0.191	0.02770795
203	C	0.435	0.0325927
204	A	0.175	0.02715778
205	G	0.301	0.01093353
206	A	0.205	0.01235602
207	G	-0.016	0.0161219
208	T	-0.015	0.01843983
209	A	-0.188	-0.004544634
210	T	0.040	0.01319165
211	C	0.172	0.006213484
212	T	0.061	0.007961572
213	T	-0.337	0.01648599
214	A	-0.250	0.005711944
215	T	-0.333	0.01972432
216	T	0.096	0.01960001
217	G	0.265	0.009944756
218	G	0.038	-0.006272431
219	A	0.342	-0.02866812
220	T	-0.059	-0.02510824
221	T	-0.154	-0.03150708
222	T	0.075	-0.04651296
223	T	-0.326	-0.04598321
224	T	-0.149	-0.0397414
225	G	-0.336	-0.01907984
226	T	0.468	-0.01417008
227	T	0.073	-0.0109079
228	T	-0.054	-0.009611662
229	C	-0.010	0.01212068
230	A	-0.376	0.01629256
231	T	0.304	0.03736912
232	A	-0.191	0.03032477
233	G	-0.130	0.02765987
234	A	-0.327	0.0261326
235	A	-0.280	0.00305535
236	T	0.289	-0.005330422
237	T	0.096	-0.01048711
238	T	-0.274	0.0007603781
239	G	0	0.01611788
 240	G	0.184	0.03359791
241	T	0.473	0.03785194
242	C	0.197	0.02691957
243	A	0.276	0.03640358
244	A	0.103	0.03173158
245	T	0.357	0.01708929
246	G	-0.117	0.01409945
247	A	0.340	-0.008431206
248	T	-0.129	-0.01383883
249	A	0.180	-0.02374067
250	T	-0.010	-0.0208708
251	T	-0.395	-0.02707593
252	T	-0.328	-0.04188649
253	A	-0.319	-0.03971546
254	C	0.435	-0.02197408
255	A	0.165	-0.0290134
256	G	0.409	-0.0316842
257	G	-0.200	-0.03759567
258	A	0.118	-0.04147882
259	T	0.376	-0.03636397
260	T	-0.203	-0.04829207
261	A	-0.479	-0.04971575
262	G	-0.471	-0.03280363
263	A	-0.415	-0.04889272
264	A	-0.364	-0.04557218
265	A	-0.447	-0.06285187
266	T	-0.235	-0.07467132
267	A	-0.479	-0.04863407
268	A	-0.184	-0.03232219
269	G	0.165	-0.02983526
270	C	0.293	-0.04211624
271	A	-0.225	-0.05467389
272	T	0.099	-0.07780358
273	T	0.283	-0.07540042
274	C	0.073	-0.09207696
275	T	0.440	-0.1141999
276	T	-0.278	-0.124097
277	G	0.312	-0.1039493
278	A	0.424	-0.08097308
279	A	-0.174	-0.06108614
280	T	-0.023	-0.05048647
281	T	-0.372	-0.03198479
282	T	-0.388	-0.03893898
283	T	0.437	-0.03642432
284	T	0.193	-0.03989832
285	T	-0.240	-0.0563836
286	T	0.042	-0.07488285
287	T	-0.236	-0.06731897
288	G	-0.330	-0.07713679
289	A	-0.123	-0.07403013
290	A	-0.414	-0.06103673
291	A	-0.331	-0.06932627
292	T	-0.520	-0.05465739
293	T	0.165	-0.07373467
294	C	0.263	-0.09529798
295	T	0.220	-0.1034938
296	A	-0.025	-0.1004362
297	T	0.144	-0.07924664
298	G	-0.458	-0.05869458
299	A	-0.398	-0.06503876
300	A	-0.295	-0.06070601
301	A	-0.361	-0.05478729
302	T	-0.298	-0.04975647
303	A	0.016	-0.02904222
304	G	-0.215	-0.01497841
305	C	0.383	-0.01541775
306	T	0.489	-0.004278944
307	C	0.175	-0.006601287
308	T	0.190	-0.006812163
309	T	-0.298	-0.01685226
310	G	-0.265	-0.02037607
311	G	-0.436	-0.04103585
312	A	0.074	-0.05213318
313	T	0.305	-0.05452078
314	C	0.268	-0.05096828
315	T	0.234	-0.04688288
316	G	0.332	-0.04573335
317	G	-0.050	-0.04144757
318	G	0.203	-0.03045317
319	C	0.426	-0.03791787
320	T	0.119	-0.03805896
321	T	-0.137	-0.05645215
322	C	-0.058	-0.07617321
323	T	-0.405	-0.08412998
324	A	-0.527	-0.07816426
325	A	-0.155	-0.05797063
326	G	0.150	-0.03436523
327	A	-0.440	-0.01168579
328	G	-0.380	-0.02616377
329	T	0.068	-0.05039777
330	A	-0.344	-0.07488905
331	T	-0.268	-0.09758864
332	A	-0.258	-0.1151419
333	G	-0.224	-0.1001646
334	T	0.052	-0.09619711
335	T	-0.222	-0.1143088
336	A	-0.219	-0.1219028
337	A	-0.205	-0.1252745
338	T	-0.141	-0.1360555
339	G	-0.079	-0.1374674
340	C	0.381	-0.1227018
341	T	0.348	-0.1249187
342	T	0.489	-0.1325707
343	C	0.289	-0.1053252
344	T	-0.388	-0.07951888
345	A	-0.470	-0.07236712
346	A	-0.514	-0.06377489
347	A	-0.492	-0.05925927
348	A	-0.229	-0.06275195
349	C	0.428	-0.04380364
350	T	0.330	-0.04960688
351	T	-0.153	-0.0322756
352	T	-0.123	-0.03426672
353	A	-0.245	-0.02935019
354	A	-0.403	-0.01841925
355	T	-0.450	-0.009458172
356	A	-0.054	-0.007924172
357	T	-0.226	-0.008704766
358	G	-0.094	-0.01622967
359	C	0.431	-0.01460214
360	C	0.445	0.0116907
361	T	0.297	0.0122572
362	G	-0.069	0.04274327
363	T	-0.123	0.06872661
364	A	-0.370	0.08596392
365	C	0.381	0.07337792
366	A	-0.132	0.05437901
367	T	0.332	0.06198117
368	T	-0.283	0.05343526
369	T	-0.047	0.05385963
370	G	0.207	0.05323748
371	C	0.207	0.05425817
372	T	0.430	0.05695315
373	G	0.323	0.06986371
374	G	0.248	0.08302604
375	G	0.341	0.08208263
376	T	0.452	0.08280688
377	A	-0.451	0.07193248
378	T	0.460	0.06814401
379	C	0.339	0.05732885
380	T	0.322	0.06820054
381	T	0.025	0.06600323
382	G	-0.277	0.06190848
383	T	0.089	0.0436446
384	T	-0.397	0.06248867
385	A	-0.231	0.07722754
386	A	-0.423	0.0712734
387	T	-0.417	0.06040043
388	A	0.031	0.05013253
389	T	0.186	0.03857985
390	G	0.327	0.0335476
391	C	0.400	0.02391383
392	G	0.468	-0.002556231
393	G	-0.050	0.01371096
394	A	-0.190	0.004599241
395	A	-0.469	0.006010178
396	T	-0.022	0.006725553
397	T	0.311	0.01986503
398	T	-0.263	0.0225549
399	A	-0.251	0.01072122
400	C	0.319	0.01685797
401	T	0.423	0.02257093
402	T	0.017	0.03506102
403	C	-0.140	0.06201039
404	A	0.102	0.06571296
405	G	-0.046	0.06526086
406	T	0.087	0.06121567
407	T	0.033	0.05224918
408	G	-0.394	0.03760899
409	G	0.068	0.05570029
410	T	0.169	0.05992145
411	C	0.384	0.06631948
412	T	0.345	0.05332007
413	C	0.446	0.03421994
414	C	-0.191	0.03542026
415	A	-0.288	0.03451691
416	T	-0.200	0.03789129
417	G	-0.048	0.03866485
418	G	-0.023	0.03812299
419	G	0.444	0.05562358
420	G	0.150	0.04376908
421	G	0.171	0.04488604
422	C	0.197	0.0583827
423	A	0.114	0.05526748
424	G	0	0.05557126
 425	T	0.528	0.0476061
426	G	-0.055	0.05232282
427	A	-0.265	0.04030982
428	T	-0.438	0.03067811
429	T	-0.299	0.01955183
430	T	-0.225	0.02053002
431	T	-0.280	0.0226807
432	G	0.427	0.03910492
433	C	0.448	0.05316583
434	A	0	0.06787434
 435	T	0.419	0.06493753
436	T	-0.277	0.06954643
437	T	-0.010	0.07762349
438	C	0.519	0.08742562
439	T	-0.066	0.07781165
440	A	-0.384	0.06345587
441	A	-0.186	0.03678868
442	C	0.320	0.0253299
443	G	0	0.03554859
 444	T	0.037	0.05906037
445	G	0.090	0.07377703
446	T	-0.159	0.07712287
447	T	-0.219	0.08589893
448	C	0.324	0.07021895
449	C	0.400	0.06260961
450	C	0.447	0.06502949
451	A	0.350	0.0519199
452	G	0.297	0.0721579
453	G	0.430	0.08708758
454	T	0.511	0.08233246
455	G	-0.193	0.09361798
456	A	-0.459	0.1209733
457	T	-0.325	0.1262438
458	A	-0.422	0.1174566
459	C	0.061	0.1220318
460	T	0.314	0.112141
461	G	0.171	0.09321882
462	A	-0.118	0.09323573
463	T	0	0.1034057
 464	G	-0.074	0.1010677
465	C	0.204	0.09510407
466	T	0.077	0.07439623
467	A	0	0.07842298
 468	C	0.370	0.08180867
469	T	0.466	0.07094035
470	G	0.367	0.06006938
471	G	0.294	0.07917016
472	T	0.490	0.09808954
473	G	-0.017	0.09445613
474	T	0.038	0.1184198
475	T	0.146	0.1206938
476	T	-0.279	0.1154768
477	T	-0.515	0.1027935
478	A	-0.159	0.1059843
479	G	0.105	0.08892951
480	C	0.250	0.07564592
481	A	0.210	0.06309824
482	G	-0.215	0.07177748
483	T	0.479	0.0855756
484	C	0.405	0.08577154
485	T	0.082	0.08050126
486	T	0.163	0.07543188
487	C	0.417	0.05327538
488	G	0.146	0.02998798
489	A	-0.441	0.02668945
490	G	0.344	0.03188671
491	C	0.134	0.01874609
492	A	0.147	0.03837721
493	G	-0.234	0.05063593
494	T	-0.016	0.05164109
495	A	-0.545	0.05599102
496	A	-0.499	0.04029078
497	G	-0.196	0.01789718
498	G	0.355	0.02838931
499	C	0.441	0.01085133
500	T	0.376	0.005081022
501	C	0.298	0.01434428
502	C	0.205	0.02265587
503	A	-0.414	0.02521828
504	G	-0.254	0.005752028
505	A	-0.123	0.01315878
506	T	0.205	0.01288468
507	G	-0.274	0.02391187
508	T	0.348	0.02887415
509	A	-0.123	0.04989637
510	T	-0.127	0.05867568
511	T	0.244	0.08158712
512	T	-0.252	0.09280693
513	A	-0.506	0.08819728
514	A	0.120	0.06233881
515	G	-0.081	0.03250278
516	T	0.221	0.009154528
517	G	0.379	0.002979466
518	C	0.429	0.006176653
519	T	0.499	0.02889075
520	T	-0.476	0.02701162
521	T	-0.204	0.03316278
522	C	0.335	0.01374678
523	C	0.487	0.01278144
524	T	0.305	-0.015228
525	A	0.438	-0.02511487
526	G	0.264	-0.0329294
527	G	0.187	-0.05509656
528	T	-0.140	-0.05947818
529	G	-0.344	-0.05526887
530	A	-0.472	-0.05730556
531	A	-0.513	-0.04056643
532	A	-0.370	-0.03425193
533	A	0.100	-0.03335378
534	G	0.307	-0.03338209
535	T	0.312	-0.03526431
536	G	-0.314	-0.01537631
537	T	0.073	-0.003049559
538	T	-0.416	0.0003740656
539	A	-0.304	-0.01109056
540	A	-0.547	-0.01291931
541	A	-0.439	-0.01314137
542	G	-0.377	-0.009573841
543	A	-0.464	-0.01047043
544	T	-0.392	0.001005378
545	A	-0.371	0.02533332
546	A	0.055	0.0526691
547	C	0.453	0.0759725
548	C	0.423	0.1009757
549	T	0.407	0.09783216
550	C	0.428	0.07707669
551	T	0.439	0.06903746
552	G	0.159	0.07024852
553	C	0.189	0.05320248
554	C	0.445	0.0503137
555	A	0.120	0.04427895
556	C	0.247	0.07478173
557	C	0.431	0.1034484
558	T	0.378	0.112168
559	G	0.158	0.1360445
560	G	0.227	0.1505122
561	C	0.434	0.1677191
562	C	0.402	0.1489619
563	T	0.232	0.1187289
564	G	0.429	0.09991512
565	G	0	0.09475115
 566	A	-0.356	0.09259784
567	G	0.055	0.07484434
568	G	-0.275	0.0574549
569	T	-0.471	0.0580135
570	A	-0.508	0.05904403
571	A	-0.498	0.06759828
572	G	0.428	0.06540131
573	G	0.477	0.05779484
574	T	-0.098	0.05287815
575	G	0.299	0.06070656
576	T	0.070	0.0549223
577	T	0.178	0.0271703
578	T	-0.545	0.001314803
579	A	-0.513	-0.01275476
580	G	-0.178	-0.01886457
581	A	0.242	-0.01302054
582	G	0.359	0.007344084
583	A	-0.128	0.01622347
584	G	-0.396	0.03411366
585	G	0.207	0.06244847
586	C	0.478	0.08758538
587	T	0.394	0.09333557
588	T	0.177	0.06776407
589	C	0.187	0.04875319
590	A	0.221	0.05253041
591	C	0.409	0.0286711
592	C	0.041	0.01875849
593	T	-0.453	0.02129468
594	T	-0.424	0.02903712
595	A	-0.217	0.03606755
596	G	0.234	0.03519543
597	G	0.187	0.03812908
598	G	0.294	0.04040533
599	C	0.339	0.05777758
600	A	0.296	0.06967387
601	C	0.434	0.0531585
602	T	0.295	0.03329131
603	G	-0.314	0.01178013
604	G	-0.389	-0.004828344
605	A	-0.130	-0.02038716
606	A	0.022	-0.03391297
607	G	-0.464	-0.05995756
608	T	-0.246	-0.0616462
609	T	0.260	-0.05962179
610	G	-0.297	-0.0540712
611	G	-0.288	-0.05231854
612	A	-0.206	-0.07185461
613	G	0.336	-0.09452423
614	C	0.432	-0.1183842
615	T	0.427	-0.1429066
616	G	-0.016	-0.1672627
617	A	-0.320	-0.1851986
618	G	-0.157	-0.1905364
619	T	-0.293	-0.1747179
620	A	-0.354	-0.1522423
621	A	-0.310	-0.132494
622	G	-0.211	-0.1380865
623	T	-0.424	-0.119928
624	A	-0.012	-0.1099844
625	G	-0.388	-0.1294244
626	T	-0.247	-0.1263898
627	T	-0.161	-0.1098529
628	A	-0.390	-0.08899048
629	T	-0.538	-0.1080363
630	A	-0.468	-0.1159983
631	C	-0.445	-0.1238737
632	A	-0.482	-0.1082885
633	A	-0.139	-0.08983068
634	G	0.125	-0.09434424
635	C	0.192	-0.0857466
636	C	0.329	-0.07932747
637	A	0.501	-0.08224932
638	G	-0.156	-0.07859501
639	A	0.116	-0.07393507
640	T	0.071	-0.08040124
641	G	-0.362	-0.0697028
642	A	-0.200	-0.05934162
643	T	0.240	-0.06631093
644	C	0.460	-0.06550158
645	T	-0.273	-0.06355021
646	A	0.177	-0.05964812
647	C	0.175	-0.05632315
648	T	0.482	-0.04818087
649	T	0.269	-0.03835405
650	G	-0.302	-0.02786524
651	T	-0.018	-0.01906452
652	A	-0.148	-0.01668808
653	T	-0.403	-0.033446
654	A	-0.094	-0.03654628
655	T	-0.275	-0.04797125
656	T	-0.218	-0.04919355
657	A	-0.046	-0.05065118
658	C	0.084	-0.04094537
659	T	-0.384	-0.05882443
660	A	-0.364	-0.07423138
661	A	-0.475	-0.05141566
662	T	-0.343	-0.04063278
663	A	-0.338	-0.05318935
664	A	-0.222	-0.05602041
665	T	0.175	-0.05197913
666	C	0.460	-0.05285957
667	T	0.473	-0.04939543
668	G	0.405	-0.03150899
669	T	-0.034	-0.02273556
670	T	-0.255	-0.01413899
671	T	-0.248	0.006161291
672	A	0.032	0.0181937
673	T	-0.408	0.01273063
674	T	0.110	0.002467259
675	T	-0.331	0.01026454
676	T	-0.032	0.01259451
677	T	0.457	0.03045265
678	C	0.522	0.05378603
679	A	-0.226	0.07800012
680	T	0.391	0.08041603
681	T	0.399	0.08445381
682	G	-0.330	0.08655034
683	T	0.092	0.07627072
684	A	0.423	0.06475205
685	T	-0.122	0.05762668
686	A	0.180	0.05251731
687	C	0.374	0.04746849
688	T	0.166	0.04709575
689	T	-0.221	0.05353544
690	T	-0.244	0.04274594
691	T	-0.135	0.04016212
692	T	-0.290	0.04432804
693	C	0.095	0.02739688
694	C	0.402	0.01287856
695	T	0.435	0.01960989
696	G	-0.144	-0.002061297
697	G	0.304	-0.02558089
698	C	0.527	-0.01908277
699	T	0.144	-0.02872142
700	A	0.037	-0.03875701
701	T	-0.262	-0.0352972
702	G	-0.418	-0.04675214
703	A	-0.410	-0.04570761
704	G	0.020	-0.04515677
705	A	-0.202	-0.04976948
706	G	-0.234	-0.04213883
707	A	-0.414	-0.03692293
708	T	0.101	-0.0137704
709	A	-0.084	-0.03232442
710	C	0.058	-0.05565326
711	A	-0.011	-0.08347942
712	C	-0.301	-0.09214029
713	A	-0.353	-0.1146757
714	A	-0.122	-0.1463057
715	A	-0.216	-0.1636924
716	C	0.102	-0.1799958
717	A	-0.012	-0.1866995
718	T	-0.185	-0.1834476
719	A	0.407	-0.1803087
720	T	0.183	-0.1741152
721	T	-0.368	-0.1539546
722	T	0	-0.1536043
 723	T	0.031	-0.1541585
724	C	0.450	-0.1712616
725	A	-0.498	-0.1832226
726	G	-0.343	-0.1881891
727	A	-0.454	-0.1734824
728	A	-0.421	-0.1476489
729	T	-0.416	-0.1293457
730	A	-0.484	-0.116663
731	A	-0.411	-0.1192534
732	A	-0.484	-0.1283383
733	A	-0.477	-0.1279568
734	T	-0.314	-0.1166698
735	A	-0.309	-0.1143984
736	G	0.218	-0.112029
737	C	0.442	-0.1004992
738	A	-0.223	-0.1104835
739	A	-0.432	-0.106778
740	A	-0.446	-0.1119635
741	T	-0.467	-0.0823955
742	A	-0.100	-0.07107188
743	C	0.459	-0.044204
744	C	0.525	-0.01721647
745	T	0.232	-0.009452097
746	A	0.283	0.009403653
747	T	-0.299	0.03688034
748	A	-0.188	0.06068612
749	T	0	0.07972022
 750	G	0.175	0.07938468
751	C	0.480	0.08592609
752	T	0.259	0.08734237
753	T	0	0.0856789
 754	T	-0.319	0.1056176
755	G	0.150	0.1243027
756	A	0.284	0.1458363
757	C	0.447	0.1488802
758	A	0.018	0.1385327
759	C	0.405	0.1112687
760	T	0.441	0.08090143
761	T	-0.168	0.06385203
762	G	0.119	0.05673957
763	C	0.467	0.07171713
764	T	0.277	0.09052754
765	A	0.131	0.1048556
766	T	-0.325	0.1115813
767	G	-0.100	0.1033299
768	T	0.263	0.09566809
769	G	0.389	0.09099509
770	T	0.414	0.1089593
771	C	0.165	0.1181593
772	C	0.242	0.1197856
773	A	-0.370	0.1193202
774	A	-0.431	0.1261514
775	A	-0.413	0.09930963
776	A	-0.446	0.069521
777	T	-0.313	0.06798566
778	A	0.055	0.07319372
779	T	0.180	0.05913219
780	C	0.413	0.04789293
781	C	0.458	0.03595396
782	C	0.390	0.04391417
783	A	0.216	0.05880095
784	T	0.014	0.06205723
785	G	-0.149	0.06360992
786	G	0.255	0.06468639
787	C	0.444	0.07303561
788	C	0.336	0.05662555
789	T	0.433	0.05317261
790	T	0.237	0.05891673
791	T	-0.453	0.07326052
792	T	-0.511	0.09308471
793	G	-0.217	0.1102559
794	A	0.285	0.113555
795	G	0.017	0.1063559
796	A	-0.082	0.09933656
797	G	-0.250	0.07633816
798	G	-0.070	0.06784216
799	T	0.375	0.05870666
800	C	0.368	0.04346195
801	C	0.438	0.03371557
802	T	0.448	0.01172067
803	T	0.433	-0.01256814
804	G	-0.282	-0.008341862
805	G	-0.480	-0.01250589
806	T	-0.248	-0.0059923
807	A	0.045	0.02017779
808	G	0.187	0.03459638
809	G	0.236	0.03859811
810	G	0.161	0.04172064
811	G	-0.050	0.05440988
812	A	0.188	0.07053743
813	G	-0.277	0.07962696
814	T	0.118	0.08711797
815	T	-0.075	0.07060878
816	T	-0.473	0.04873469
817	A	-0.461	0.02031538
818	G	-0.448	0.002396722
819	A	-0.332	-0.01033603
820	T	0.471	-0.001519344
821	C	0.299	0.01178603
822	T	0.445	0.007373406
823	C	0.383	-0.005533634
824	T	-0.050	-0.02412557
825	G	-0.089	-0.04115038
826	T	0.385	-0.05904045
827	T	0.423	-0.0553333
828	C	0.433	-0.06819196
829	T	0.040	-0.07166755
830	G	0.168	-0.08512517
831	T	-0.152	-0.08760405
832	A	-0.331	-0.06733674
833	A	-0.470	-0.05443992
834	G	-0.124	-0.03356914
835	C	0.025	-0.009242578
836	A	0	-0.0273632
 837	A	-0.054	-0.04903058
838	T	-0.389	-0.0758742
839	A	-0.367	-0.1031827
840	A	-0.407	-0.1071814
841	T	-0.308	-0.09083942
842	A	-0.410	-0.09752533
843	T	0.068	-0.1090043
844	T	-0.222	-0.119109
845	G	-0.388	-0.1150616
846	A	-0.311	-0.1088104
847	A	-0.155	-0.1108857
848	T	0.175	-0.08833595
849	G	-0.048	-0.08117158
850	G	0.219	-0.09074311
851	G	0.445	-0.1040702
852	A	-0.108	-0.1054494
853	A	-0.393	-0.09411073
854	A	-0.413	-0.06719435
855	T	-0.490	-0.04528657
856	A	-0.178	-0.04796695
857	C	0.433	-0.04361538
858	A	0.171	-0.03808795
859	C	0.056	-0.04994264
860	A	0.110	-0.04542477
861	T	0.170	-0.04736396
862	G	0.368	-0.05423155
863	T	-0.218	-0.06091721
864	G	0.389	-0.05193899
865	G	-0.241	-0.04260943
866	A	-0.430	-0.03504347
867	A	-0.400	-0.03459468
868	T	-0.044	-0.0150475
869	G	0.308	-0.01033006
870	C	0.471	-0.008480966
871	T	0.333	-0.002453997
872	T	-0.493	-0.009667341
873	A	-0.169	-0.03288953
874	G	-0.234	-0.02804112
875	T	-0.311	-0.02175066
876	T	-0.078	-0.01551284
877	A	-0.450	-0.007121156
878	G	-0.531	-0.006985937
879	A	-0.369	-0.01086563
880	C	0.462	-0.01356491
881	C	0.249	0.005037875
882	T	0.461	0.02783016
883	C	0.460	0.03089656
884	A	0.517	0.02342465
885	T	-0.242	0.01075815
886	T	-0.354	0.009252309
887	T	-0.297	0.01180837
888	A	-0.408	0.04422881
889	A	-0.309	0.05649843
890	C	0.326	0.05592359
891	C	0.257	0.06161322
892	C	0.309	0.05465356
893	C	0.438	0.05983469
894	T	0.373	0.07796499
895	T	-0.342	0.09989665
896	C	0.303	0.08822886
897	C	0.354	0.08392973
898	C	0.298	0.06341129
899	T	-0.302	0.05556048
900	A	-0.283	0.05074198
901	T	-0.097	0.07181729
902	C	0.423	0.09179382
903	T	0.415	0.1091701
904	C	0.544	0.1255945
905	A	0.223	0.1394478
906	A	-0.252	0.1412295
907	C	-0.128	0.1482112
908	A	-0.300	0.1419595
909	T	-0.284	0.1308646
910	T	0.048	0.1301126
911	C	0.332	0.1450461
912	A	0.088	0.140357
913	T	0.112	0.1264241
914	G	-0.195	0.1045481
915	T	0.209	0.1059736
916	C	0.363	0.1031529
917	C	0.431	0.09941618
918	T	0.285	0.08679018
919	C	0.258	0.0839089
920	A	0.116	0.0585934
921	G	0.133	0.0381143
922	C	0.383	0.03914737
923	C	0.481	0.03277849
924	G	0.109	0.05271358
925	A	0.083	0.06271084
926	G	0.349	0.06680885
927	G	0.134	0.06528348
928	A	0.153	0.07233127
929	C	-0.091	0.07133243
930	A	-0.401	0.06820803
931	A	-0.257	0.07075531
932	A	-0.373	0.07621734
933	G	-0.216	0.05526575
934	A	0.019	0.05410322
935	C	0.323	0.05610272
936	T	-0.265	0.05796622
937	T	-0.432	0.05002575
938	A	-0.219	0.02668684
939	A	-0.332	0.008409559
940	C	0.337	-0.008314909
941	T	0.034	-0.02779582
942	G	0.179	-0.04667382
943	A	0.283	-0.06514022
944	C	0.314	-0.0796586
945	T	0.080	-0.07890704
946	T	-0.295	-0.0586661
947	T	0.290	-0.03575348
948	C	0.538	-0.02725267
949	T	-0.238	-0.005658478
950	A	0.247	0.002823372
951	T	0.322	0.002946028
952	G	0.176	0.004983247
953	T	-0.120	0.01056918
954	G	-0.363	0.0234055
955	A	-0.103	0.03438949
956	A	-0.425	0.01913058
957	A	-0.539	0.004573075
958	A	-0.254	-0.01473689
959	T	-0.455	-0.03968414
960	G	-0.311	-0.05534549
961	T	-0.067	-0.06341897
962	A	0.246	-0.04778362
963	T	0.476	-0.04844378
964	C	-0.101	-0.06162147
965	A	0.474	-0.0524859
966	G	0.291	-0.06334124
967	T	0.327	-0.0795668
968	G	-0.200	-0.0975158
969	A	-0.253	-0.1028075
970	T	0.191	-0.1065783
971	T	0.018	-0.1149706
972	C	-0.151	-0.1047197
973	A	-0.430	-0.09000854
974	G	-0.438	-0.08926201
975	A	-0.514	-0.07821604
976	A	-0.186	-0.08494554
977	G	-0.178	-0.09175286
978	G	0.205	-0.1028299
979	G	0.269	-0.1144259
980	G	0.116	-0.09874155
981	T	0.053	-0.1001029
982	T	-0.099	-0.09746424
983	T	-0.196	-0.09433496
984	T	-0.398	-0.08467617
985	A	-0.289	-0.06189402
986	A	-0.483	-0.07912549
987	T	-0.372	-0.09040648
988	T	-0.097	-0.09527589
989	G	-0.069	-0.08397299
990	T	-0.231	-0.07682706
991	T	-0.102	-0.07481596
992	T	-0.526	-0.07948987
993	A	-0.285	-0.08628365
994	A	-0.108	-0.1082009
995	G	0.105	-0.1312393
996	G	0.400	-0.1424328
997	C	0.430	-0.1394554
998	T	0.375	-0.1241051
999	G	0.427	-0.1146491
1000	G	0.108	-0.1052275
1001	G	0.475	-0.1053899
1002	A	-0.360	-0.08956173
1003	T	-0.342	-0.06788007
1004	A	-0.306	-0.050329
1005	A	-0.069	-0.04660186
1006	C	-0.209	-0.05358711
1007	A	-0.449	-0.06593239
1008	A	-0.336	-0.05170966
1009	T	-0.395	-0.05297357
1010	T	-0.496	-0.04712731
1011	A	-0.467	-0.06103068
1012	A	-0.241	-0.07100048
1013	G	0.148	-0.0939167
1014	G	0.391	-0.1186979
1015	T	0.106	-0.1210701
1016	T	-0.096	-0.1110286
1017	T	-0.294	-0.1114822
1018	G	0.022	-0.08407752
1019	C	0.321	-0.05686167
1020	C	0.464	-0.06095555
1021	T	0.050	-0.06751053
1022	T	-0.454	-0.06226735
1023	T	-0.497	-0.03597797
1024	T	-0.071	-0.02464976
1025	G	-0.325	-0.02495245
1026	T	0.078	-0.02231713
1027	G	-0.339	0.001700491
1028	T	0.081	0.003181053
1029	T	-0.302	-0.01321032
1030	A	-0.417	-0.01514767
1031	A	0.351	-0.01460757
1032	C	0.429	-0.001356309
1033	T	0.461	0.01550197
1034	C	0.516	0.02834725
1035	T	0.528	0.01829991
1036	A	-0.437	-0.01046709
1037	T	-0.278	-0.01869822
1038	A	-0.041	0.006205528
1039	C	0.391	0.03577268
1040	A	0.026	0.03800936
1041	T	-0.405	0.03876314
1042	T	-0.411	0.02358876
1043	T	0.300	0.01740063
1044	G	-0.194	0.006034025
1045	T	-0.375	0.005067619
1046	T	0.329	0.0216819
1047	C	0.123	0.001726306
1048	T	0.327	-0.01923632
1049	T	0.244	-0.03364966
1050	C	0.433	-0.0471493
1051	A	0	-0.05144583
 1052	A	-0.456	-0.02729693
1053	T	-0.213	-0.003580303
1054	A	0.342	-0.01499371
1055	T	0.448	-0.03200802
1056	C	0	-0.04725323
 1057	T	-0.301	-0.04831114
1058	A	-0.406	-0.04871045
1059	A	-0.537	-0.06656442
1060	A	-0.282	-0.06627517
1061	G	-0.333	-0.06808552
1062	G	0.114	-0.08840702
1063	G	-0.286	-0.08616886
1064	A	-0.240	-0.09503513
1065	T	0	-0.09821067
 1066	G	0.084	-0.1285224
1067	T	0.391	-0.1275653
1068	C	0.334	-0.1187756
1069	T	0.480	-0.1117746
1070	A	-0.407	-0.1053709
1071	T	-0.153	-0.1166686
1072	A	-0.461	-0.1220452
1073	G	-0.439	-0.106792
1074	A	-0.424	-0.09903274
1075	A	-0.270	-0.07746083
1076	A	-0.185	-0.06664335
1077	G	-0.433	-0.04833519
1078	A	-0.320	-0.05079273
1079	T	0.195	-0.04120416
1080	T	0.043	-0.04860129
1081	C	0.143	-0.03685744
1082	A	-0.536	-0.02597424
1083	A	0.030	-0.02584049
1084	G	-0.175	-0.0486178
1085	G	0.010	-0.0693814
1086	C	0.547	-0.06829146
1087	T	0.087	-0.05973502
1088	A	-0.172	-0.06063433
1089	T	0.186	-0.0598354
1090	G	-0.158	-0.05812296
1091	G	0.152	-0.0532088
1092	T	0.063	-0.0406944
1093	C	0.252	-0.03651693
1094	T	0.035	-0.0354054
1095	G	0.019	-0.03236018
1096	A	-0.477	-0.02210375
1097	G	0.375	-0.02411527
1098	C	0.433	-0.002255859
1099	T	0.395	0.008785947
1100	T	-0.394	0.01082042
1101	G	-0.184	0.01175236
1102	A	-0.372	-0.01498914
1103	C	0.120	-0.02661182
1104	G	-0.490	-0.03117176
1105	A	-0.413	-0.02404561
1106	G	-0.369	-0.03172467
1107	A	-0.113	-0.05019629
1108	G	0.215	-0.05764113
1109	T	-0.299	-0.07592338
1110	G	-0.284	-0.08538377
1111	A	0.292	-0.08795469
1112	C	0.371	-0.06899048
1113	A	0.078	-0.06734773
1114	C	0.163	-0.06724132
1115	A	0.383	-0.06477157
1116	T	-0.109	-0.03749507
1117	T	0.040	-0.02141098
1118	A	-0.308	0.0005750875
1119	G	-0.284	0.003088119
1120	A	-0.317	0.02583306
1121	T	0.414	0.05192156
1122	T	-0.404	0.07467687
1123	A	-0.438	0.08502887
1124	A	-0.174	0.08328512
1125	T	-0.332	0.08494571
1126	G	-0.267	0.1070781
1127	A	-0.062	0.1101289
1128	T	0.129	0.103469
1129	C	0.428	0.1035352
1130	T	0.436	0.1097221
1131	C	0.474	0.09365939
1132	T	0.478	0.09256558
1133	C	0.330	0.08529083
1134	T	0.331	0.09121715
1135	C	0.201	0.09220093
1136	C	0.237	0.08890621
1137	T	0.421	0.06183996
1138	G	0.358	0.06078133
1139	G	0.217	0.06070912
1140	G	0.159	0.06448761
1141	C	-0.246	0.08068836
1142	A	0.423	0.1035648
1143	T	0.390	0.1181882
1144	G	0.158	0.1294919
1145	G	0.080	0.1257361
1146	G	0.361	0.09764727
1147	A	-0.130	0.08410195
1148	A	-0.144	0.06146858
1149	G	-0.192	0.03813283
1150	G	-0.118	0.0155768
1151	A	-0.253	0.0007677969
1152	A	-0.423	-0.008179828
1153	A	-0.451	-0.007807047
1154	A	-0.438	-0.003917797
1155	T	-0.441	-0.02092945
1156	A	-0.053	-0.03322573
1157	T	0.185	-0.01551517
1158	C	0.464	-0.01969667
1159	C	0.405	-0.01859673
1160	T	0.491	-0.008223766
1161	C	0.308	0.003909641
1162	A	-0.462	-0.007382578
1163	C	0.040	0.01090411
1164	A	-0.245	0.01609491
1165	G	-0.416	0.01521797
1166	G	-0.390	0.02713591
1167	A	-0.272	0.02483334
1168	G	-0.048	0.03455641
1169	C	0.433	0.04641098
1170	T	0.482	0.06625883
1171	G	-0.326	0.08645076
1172	A	-0.234	0.09890908
1173	G	0.320	0.1032394
1174	C	0.289	0.0967474
1175	T	0.425	0.09673699
1176	G	0.490	0.09827899
1177	C	0.469	0.07571346
1178	A	0	0.07617958
 1179	T	0.455	0.06636272
1180	A	0.021	0.05818556
1181	T	-0.220	0.05679481
1182	T	0.262	0.06110193
1183	T	-0.327	0.05619987
1184	G	-0.112	0.04721893
1185	A	-0.072	0.03791722
1186	C	0.197	0.02536025
1187	A	0.205	0.03114006
1188	C	0.345	0.02306475
1189	C	0.324	0.007379684
1190	C	0.257	0.005446778
1191	C	0.405	-0.01147753
1192	T	0.540	-0.03700294
1193	G	-0.413	-0.06689169
1194	A	-0.447	-0.06856082
1195	T	-0.273	-0.07054675
1196	A	-0.507	-0.06595396
1197	A	-0.460	-0.05253583
1198	A	-0.252	-0.06389127
1199	G	-0.429	-0.05467692
1200	C	-0.336	-0.04624604
1201	A	0.135	-0.05313652
1202	T	0.081	-0.04763456
1203	T	-0.141	-0.03995962
1204	A	-0.492	-0.05726121
1205	G	-0.181	-0.05693662
1206	G	0.227	-0.08093962
1207	T	-0.116	-0.08297087
1208	T	-0.326	-0.09215987
1209	A	-0.487	-0.07016678
1210	T	-0.053	-0.0447349
1211	G	0.391	-0.01903274
1212	C	0.168	0.007649725
1213	T	0.209	0.01634704
1214	G	-0.100	0.03423722
1215	A	-0.032	0.03757504
1216	C	0.157	0.04258098
1217	A	-0.292	0.03372485
1218	C	0.373	0.02549126
1219	C	0.450	0.02604432
1220	A	-0.208	0.04391629
1221	C	0.334	0.05106121
1222	A	-0.510	0.05986452
1223	T	0.340	0.07356877
1224	T	0.246	0.06668702
1225	G	0.289	0.07874071
1226	T	0.366	0.08896993
1227	C	0.549	0.08652596
1228	T	0.346	0.08845568
1229	A	-0.182	0.09501518
1230	C	0.319	0.1006032
1231	A	-0.322	0.1087135
1232	G	-0.176	0.1089852
1233	A	-0.147	0.1237031
1234	T	-0.182	0.1165308
1235	G	-0.123	0.09241568
1236	A	0.079	0.09859964
1237	T	0.046	0.09060586
1238	C	0.509	0.1056016
1239	T	0.322	0.1007459
1240	T	-0.546	0.09381347
1241	T	-0.101	0.09966034
1242	G	0.273	0.09381953
1243	C	0.313	0.07582056
1244	A	0.229	0.05574778
1245	C	0.419	0.04725281
1246	C	0.078	0.03458742
1247	T	0.227	0.04513117
1248	T	0.166	0.06057548
1249	C	0.177	0.08057017
1250	T	0.143	0.1008747
1251	G	-0.320	0.1063887
1252	A	-0.010	0.1153325
1253	T	0.078	0.1228448
1254	T	-0.031	0.09710125
1255	T	0.184	0.08993024
1256	G	0.024	0.1045671
1257	C	0.476	0.09611993
1258	T	0.179	0.08794996
1259	T	-0.026	0.07285224
1260	A	-0.295	0.07234127
1261	G	-0.454	0.06612727
1262	T	-0.085	0.07616046
1263	A	0.014	0.08513964
1264	T	0.318	0.06530636
1265	C	0.492	0.04695811
1266	C	0.467	0.03128952
1267	A	0.052	0.02785386
1268	T	0.365	0.0204243
1269	T	0.287	0.01504989
1270	G	-0.314	0.01487062
1271	T	0.092	0.02189434
1272	C	-0.077	0.03305515
1273	A	-0.371	0.03263496
1274	A	0.012	0.02702243
1275	A	-0.169	0.02148759
1276	C	0.213	0.02140602
1277	A	0.220	0.02106199
1278	C	0.399	0.03013529
1279	T	0.514	0.04345542
1280	T	-0.468	0.04796801
1281	A	-0.409	0.0410882
1282	A	-0.357	0.04120426
1283	A	-0.430	0.04723794
1284	T	-0.248	0.03581075
1285	A	-0.093	0.01655116
1286	T	-0.036	0.01216847
1287	G	0.409	-0.005559675
1288	G	0.381	-0.0165812
1289	G	0.463	-0.0168468
1290	T	0	-0.03062823
 1291	T	-0.203	-0.03727236
1292	A	-0.298	-0.04791283
1293	A	-0.465	-0.06232261
1294	G	0.204	-0.08500614
1295	G	0.440	-0.09757983
1296	C	0.462	-0.07883102
1297	T	0.271	-0.0693927
1298	A	0.471	-0.05619202
1299	C	0.245	-0.03920921
1300	T	0	-0.0160053
 1301	A	-0.329	-0.02505102
1302	T	-0.454	-0.02740338
1303	A	-0.474	-0.03195041
1304	A	-0.430	-0.04601807
1305	A	-0.380	-0.07030495
1306	A	-0.428	-0.07030495
1307	A	-0.382	-0.06923882
1308	T	-0.126	-0.05580951
1309	T	-0.240	-0.04715688
1310	A	-0.326	-0.05590183
1311	T	0.112	-0.05988455
1312	T	0.131	-0.0710589
1313	T	-0.107	-0.0811729
1314	A	0.064	-0.1001554
1315	C	0.112	-0.09699006
1316	T	0.494	-0.09834516
1317	T	-0.382	-0.07364297
1318	A	-0.112	-0.04511528
1319	A	0.264	-0.02530631
1320	T	-0.068	-0.01018002
1321	T	-0.313	-0.007060959
1322	A	0	-0.002192334
 1323	T	-0.169	0.02011476
1324	T	0.131	0.02650331
1325	T	-0.188	0.02362563
1326	A	-0.074	0.03450649
1327	C	0.313	0.03495611
1328	T	0.105	0.04480283
1329	T	-0.051	0.05346967
1330	A	-0.136	0.04133774
1331	T	0.347	0.02821108
1332	G	-0.043	0.01734065
1333	C	0.461	0.03597952
1334	C	0.458	0.0270289
1335	A	0.159	0.008581959
1336	T	0.053	-0.001884534
1337	T	-0.280	-0.006332659
1338	T	-0.272	-0.02097916
1339	T	0.331	-0.002310847
1340	T	0.077	0.006405028
1341	T	-0.332	0.01991581
1342	T	0.021	0.02900298
1343	T	0.126	0.0195934
1344	C	0.446	0.006486744
1345	A	0.170	-0.003775906
1346	G	-0.323	-0.005418375
1347	T	-0.307	-0.02883559
1348	A	0.146	-0.02603178
1349	C	0.213	-0.03395328
1350	T	-0.398	-0.03952406
1351	A	-0.326	-0.03002362
1352	A	-0.403	-0.03261967
1353	A	-0.455	-0.02758051
1354	A	-0.468	-0.01663396
1355	C	0.427	-0.02699218
1356	T	0.410	-0.03490764
1357	G	0.243	-0.01842195
1358	C	0.215	-0.01128297
1359	A	0.012	-0.009397906
1360	T	-0.314	-0.01406288
1361	T	-0.380	-0.02464809
1362	T	-0.188	-0.001588625
1363	T	-0.402	-0.005228187
1364	A	0.046	-0.005814563
1365	G	0.207	-0.0232355
1366	G	0.279	-0.02507781
1367	T	0.463	-0.02059587
1368	T	-0.029	-0.0106277
1369	G	-0.119	0.004795697
1370	T	0.077	0.01216354
1371	G	0	0.006847541
 1372	T	-0.175	0.006020572
1373	G	0.194	0.003856228
1374	C	0.249	0.005979884
1375	T	0.187	0.01233159
1376	C	0.297	0.008473275
1377	A	-0.168	0.0127019
1378	G	0.414	0.01343453
1379	A	-0.423	0.01454134
1380	G	0.127	0.01959296
1381	T	-0.343	0.0268174
1382	A	-0.457	0.02809146
1383	A	-0.182	0.02023468
1384	T	-0.084	0.01792215
1385	T	0.037	0.02526493
1386	G	-0.232	0.01963563
1387	G	0.257	0.006862947
1388	G	0.383	-0.002809272
1389	C	0.174	-0.01961602
1390	C	0.283	-0.02742433
1391	A	0.215	-0.04338312
1392	A	-0.437	-0.0392824
1393	G	-0.244	-0.02324352
1394	A	-0.165	-0.02738487
1395	T	-0.366	-0.02666783
1396	T	0.208	-0.03156351
1397	C	0.439	-0.0296721
1398	C	0.320	-0.0256986
1399	A	0.212	-0.01496357
1400	G	-0.103	-0.007469063
1401	T	0.115	0.003984638
1402	G	-0.102	0.02605567
1403	A	-0.408	0.02326842
1404	A	-0.485	0.008186025
1405	A	-0.343	-0.009759444
1406	T	0	-0.03368604
 1407	A	-0.323	-0.05347051
1408	C	0.428	-0.05368807
1409	C	0.344	-0.05916619
1410	T	0.281	-0.05490607
1411	G	-0.401	-0.05495492
1412	A	-0.029	-0.07413511
1413	A	-0.283	-0.09487226
1414	T	-0.330	-0.1045612
1415	G	0.160	-0.1040975
1416	G	0.155	-0.08573594
1417	T	0.404	-0.09969316
1418	G	0.473	-0.1049172
1419	C	0.168	-0.1007137
1420	T	-0.098	-0.09414688
1421	A	-0.399	-0.09516041
1422	A	-0.481	-0.1064945
1423	A	-0.417	-0.1062821
1424	A	-0.444	-0.1297458
1425	A	-0.420	-0.1299396
1426	T	-0.029	-0.129466
1427	A	-0.368	-0.1011608
1428	A	-0.405	-0.1059375
1429	A	-0.224	-0.09708867
1430	T	0.010	-0.09675711
1431	T	0.226	-0.1113887
1432	C	0.483	-0.1247446
1433	A	-0.330	-0.1505552
1434	A	-0.269	-0.152339
1435	T	-0.274	-0.1439945
1436	G	-0.275	-0.1269184
1437	A	-0.375	-0.1081241
1438	A	-0.362	-0.09517441
1439	A	-0.316	-0.07228966
1440	T	-0.322	-0.04659428
1441	T	0.338	-0.02420969
1442	C	0.296	-0.03805925
1443	C	0.504	-0.01491584
1444	T	-0.181	-0.012888
1445	T	0	-0.004952444
 1446	T	-0.319	0.009715269
1447	A	-0.307	0.008732831
1448	A	-0.272	-0.003380962
1449	G	-0.421	-0.006206306
1450	T	0.416	-0.002375494
1451	C	0.435	0.0207066
1452	C	0.447	0.01791273
1453	T	0.201	0.03167728
1454	T	-0.067	0.0437753
1455	T	0.314	0.0702794
1456	C	0.377	0.07777223
1457	T	0.296	0.07958938
1458	C	-0.472	0.05673092
1459	A	0.372	0.0305482
1460	G	-0.340	0.04479648
1461	T	0.029	0.0585811
1462	G	0.480	0.08334376
1463	G	0.195	0.1058511
1464	T	0.096	0.1275433
1465	T	-0.421	0.1352891
1466	A	-0.147	0.1130965
1467	G	0.464	0.08393345
1468	A	-0.364	0.06018829
1469	T	0.064	0.04613779
1470	T	0.024	0.04705462
1471	G	0.531	0.05040449
1472	T	-0.082	0.05291858
1473	T	0.396	0.05064037
1474	T	-0.434	0.07250743
1475	A	-0.333	0.0684589
1476	C	0.273	0.09185449
1477	T	0.441	0.08821669
1478	C	0.472	0.05630735
1479	C	0.412	0.04461698
1480	T	0.422	0.05689414
1481	C	-0.174	0.05697793
1482	A	-0.293	0.05007436
1483	A	-0.497	0.02144058
1484	A	-0.312	0.03581894
1485	T	-0.248	0.04722435
1486	T	-0.038	0.06080014
1487	C	0.421	0.05828917
1488	C	0.457	0.06184033
1489	T	0.223	0.06279658
1490	T	0.227	0.08666067
1491	G	0.242	0.09707023
1492	C	0.407	0.07509742
1493	T	-0.087	0.04545764
1494	A	-0.541	0.02278123
1495	A	-0.178	0.003879984
1496	C	0.489	-0.005439266
1497	A	-0.418	-0.0112673
1498	A	-0.368	0.01207539
1499	A	-0.451	0.03157433
1500	T	0.095	0.0330123
1501	T	0.429	0.04579395
1502	C	0.458	0.05857088
1503	T	0.450	0.06037641
1504	T	0.031	0.04265698
1505	C	0.427	0.02375107
1506	C	0.329	0.02028869
1507	T	0	-0.001222806
 1508	A	-0.429	-0.02606931
1509	A	-0.507	-0.03186444
1510	T	-0.252	-0.01234931
1511	A	-0.192	0.001065034
1512	G	0.123	0.001933316
1513	A	-0.360	0.007762628
1514	G	0.453	0.008045753
1515	G	0.126	0.01754663
1516	T	-0.266	-0.0007050406
1517	C	0.161	-0.01973235
1518	C	0.370	-0.04240817
1519	T	0.479	-0.06707842
1520	G	-0.109	-0.07478968
1521	T	-0.381	-0.08656711
1522	T	0.116	-0.09733646
1523	A	-0.445	-0.1093837
1524	G	-0.387	-0.1042032
1525	A	-0.272	-0.08785069
1526	G	0.083	-0.08581648
1527	T	0.250	-0.08522851
1528	C	0.516	-0.09683091
1529	A	-0.232	-0.08823433
1530	A	-0.359	-0.104508
1531	T	-0.147	-0.1128981
1532	T	-0.488	-0.1159897
1533	A	-0.179	-0.1322809
1534	G	-0.266	-0.1528217
1535	T	-0.338	-0.1776176
1536	T	-0.215	-0.1866313
1537	A	0.050	-0.1824508
1538	A	-0.015	-0.2007196
1539	G	-0.385	-0.1985039
1540	A	-0.263	-0.1980307
1541	T	0.015	-0.2064351
1542	T	-0.187	-0.2168555
1543	T	-0.173	-0.2231603
1544	A	-0.247	-0.2341895
1545	T	-0.085	-0.2134552
1546	T	-0.067	-0.1863283
1547	T	-0.142	-0.1674537
1548	A	-0.365	-0.1556408
1549	T	-0.360	-0.1616281
1550	A	-0.286	-0.1569813
1551	A	-0.313	-0.1561183
1552	T	-0.397	-0.1403864
1553	T	-0.247	-0.1371962
1554	A	-0.468	-0.1245748
1555	G	-0.374	-0.1076121
1556	A	-0.372	-0.09169717
1557	A	-0.541	-0.07621768
1558	A	-0.249	-0.07921071
1559	C	0.048	-0.07988033
1560	T	0.164	-0.08189374
1561	C	0.431	-0.07997873
1562	C	0.509	-0.07598067
1563	T	0.456	-0.08268113
1564	A	-0.110	-0.05892235
1565	T	-0.370	-0.03270363
1566	T	-0.118	-0.007196416
1567	T	-0.310	0.01735121
1568	G	0.287	0.01668108
1569	C	0.152	0.01942896
1570	A	0.388	0.01749358
1571	C	0.157	0.0160958
1572	G	0.245	0.01105537
1573	C	0.511	0.01783465
1574	A	-0.283	0.02944643
1575	A	-0.194	0.03996928
1576	T	-0.311	0.04688603
1577	T	-0.024	0.04586206
1578	G	0.060	0.03842368
1579	A	-0.356	0.01785272
1580	C	0.395	0.03043515
1581	T	0.478	0.04201743
1582	C	0.529	0.03752172
1583	T	0.471	0.04183556
1584	T	-0.419	0.0335178
1585	T	-0.159	0.01854096
1586	C	-0.529	-0.0006287594
1587	A	-0.419	-0.002777969
1588	A	-0.533	0.004312625
1589	A	-0.324	-0.01067672
1590	G	0.121	-0.0172344
1591	T	0.385	-0.01184969
1592	C	0.385	-0.001540703
1593	T	0.398	0.008250325
1594	T	0.271	0.02189986
1595	T	-0.202	0.02600658
1596	C	0.292	0.02256121
1597	A	0	-0.001209044
 1598	G	-0.261	-0.02743767
1599	T	-0.172	-0.04073617
1600	A	0.021	-0.02055217
1601	G	-0.326	-0.005077544
1602	G	-0.225	0.0255598
1603	T	0.088	0.05092993
1604	T	0.472	0.08186396
1605	A	0.031	0.07867721
1606	A	-0.493	0.08313039
1607	G	-0.022	0.06505205
1608	T	0.018	0.05516555
1609	T	0.289	0.04923061
1610	T	0.497	0.03222436
1611	G	-0.225	0.04051219
1612	T	0.285	0.02364331
1613	T	-0.281	0.008493062
1614	T	-0.309	0.003327375
1615	T	0.046	0.005214281
1616	C	0.226	-0.008098869
1617	T	0.335	-0.007372556
1618	G	0.450	-0.01423759
1619	C	0.392	-0.02979372
1620	A	0.456	-0.04793713
1621	G	-0.426	-0.03582691
1622	T	0.264	-0.007469006
1623	T	-0.192	0.007368628
1624	T	0.068	0.02091045
1625	T	0.208	0.01570161
1626	G	-0.273	0.0001689188
1627	A	0.063	-0.005225675
1628	T	-0.247	-0.02159011
1629	T	-0.484	-0.01322277
1630	A	-0.427	-0.004317616
1631	C	-0.112	-0.01250799
1632	A	-0.404	-0.01741365
1633	A	-0.303	-0.02708566
1634	A	-0.444	-0.04515816
1635	T	-0.409	-0.05346363
1636	A	-0.107	-0.07550428
1637	C	0.419	-0.074318
1638	T	0.414	-0.0915901
1639	T	0.452	-0.09143144
1640	C	0.451	-0.09555875
1641	A	0.122	-0.1168323
1642	T	0	-0.1241938
 1643	T	-0.397	-0.1367215
1644	T	-0.238	-0.1242844
1645	T	-0.014	-0.09348383
1646	T	-0.024	-0.0651348
1647	G	-0.215	-0.07236183
1648	T	0.069	-0.05918298
1649	T	0.025	-0.05435476
1650	A	-0.127	-0.04912479
1651	C	0.126	-0.03068129
1652	A	-0.248	-0.03630329
1653	A	-0.388	-0.05903985
1654	A	-0.288	-0.0818012
1655	G	-0.187	-0.1055918
1656	T	-0.063	-0.114671
1657	T	-0.472	-0.1202883
1658	A	-0.508	-0.1058611
1659	A	-0.337	-0.09098761
1660	G	0.150	-0.06861133
1661	C	0.500	-0.06121729
1662	T	0.479	-0.0498718
1663	T	-0.343	-0.03137639
1664	T	0.017	-0.02317589
1665	A	-0.149	-0.03754935
1666	G	-0.277	-0.04309125
1667	T	0.180	-0.05326644
1668	T	-0.287	-0.04782752
1669	T	-0.308	-0.03305234
1670	A	-0.314	-0.03134999
1671	A	-0.308	-0.0224476
1672	T	0.160	-0.01801357
1673	T	-0.057	0.01083199
1674	C	0.461	0.02294693
1675	T	0.078	0.04113115
1676	T	0.477	0.02904721
1677	G	0.222	0.002085369
1678	G	0.338	-0.02264585
1679	T	0.375	-0.02396838
1680	C	0.332	-0.03482714
1681	A	-0.434	-0.04070502
1682	T	-0.305	-0.03418696
1683	A	-0.199	-0.04182807
1684	T	-0.074	-0.01763332
1685	C	0.084	-0.01460732
1686	A	-0.234	-0.008769944
1687	A	0.097	0.002463484
1688	A	0.078	-0.009566172
1689	C	0.451	0.006314463
1690	A	-0.121	-0.001643569
1691	T	0.244	-0.003255153
1692	T	-0.236	-0.01414268
1693	T	-0.361	-0.03157118
1694	T	-0.311	-0.05564893
1695	A	-0.386	-0.08034493
1696	A	-0.330	-0.08770462
1697	A	-0.337	-0.07823706
1698	T	-0.068	-0.05636009
1699	T	-0.063	-0.04570928
1700	C	0.486	-0.04839892
1701	A	-0.211	-0.05800976
1702	T	-0.127	-0.05195423
1703	T	0.050	-0.04316391
1704	G	-0.224	-0.04189509
1705	A	0.450	-0.05280181
1706	G	0.207	-0.03661578
1707	T	0.026	-0.04641315
1708	C	0.129	-0.04073022
1709	T	-0.335	-0.02799796
1710	A	-0.432	-0.02486214
1711	A	-0.414	-0.02468305
1712	A	0.096	-0.02226761
1713	T	-0.131	-0.02190258
1714	C	0.394	-0.01695741
1715	A	0.141	-0.01264707
1716	T	-0.160	-0.02920194
1717	G	-0.223	-0.03112378
1718	A	-0.040	-0.02412191
1719	G	0.378	-0.02664317
1720	T	0.119	-0.006584541
1721	T	0.101	-0.01489954
1722	G	0.396	-0.01891682
1723	A	-0.069	-0.01172086
1724	T	-0.054	-0.02926823
1725	T	0.045	-0.03047448
1726	A	-0.211	-0.03143727
1727	T	-0.380	-0.03298689
1728	A	-0.252	-0.05266214
1729	T	-0.325	-0.06462102
1730	T	0.089	-0.06512977
1731	A	0.074	-0.05821936
1732	G	-0.043	-0.04742736
1733	A	-0.273	-0.0296048
1734	T	0.096	-0.03654717
1735	T	-0.030	-0.06112407
1736	T	0.417	-0.07172629
1737	G	0.184	-0.0834207
1738	T	0.078	-0.1007751
1739	G	0.256	-0.1120669
1740	T	-0.432	-0.1238013
1741	A	-0.373	-0.1142385
1742	A	-0.462	-0.09933017
1743	T	-0.463	-0.08286539
1744	A	-0.532	-0.06313805
1745	A	-0.513	-0.05812793
1746	A	0.378	-0.05913605
1747	G	0.362	-0.05065069
1748	C	0.184	-0.05273188
1749	A	0.347	-0.05041972
1750	T	-0.262	-0.06140626
1751	T	-0.408	-0.07651992
1752	A	-0.219	-0.1064403
1753	A	-0.272	-0.1245553
1754	C	-0.158	-0.1328722
1755	A	-0.430	-0.1534668
1756	A	-0.430	-0.1399509
1757	T	0.351	-0.1369651
1758	C	0.265	-0.130713
1759	A	0.146	-0.1148231
1760	T	0.378	-0.09495057
1761	G	-0.165	-0.06971766
1762	A	0.057	-0.06812307
1763	C	0.345	-0.07512582
1764	A	-0.109	-0.0701695
1765	G	-0.199	-0.0960891
1766	T	-0.255	-0.08572493
1767	T	-0.513	-0.06372493
1768	A	-0.539	-0.06407928
1769	A	-0.394	-0.04550287
1770	G	-0.187	-0.03150534
1771	A	-0.402	-0.01100178
1772	T	0	0.005539484
 1773	G	-0.278	-0.01701677
1774	A	-0.262	-0.03290345
1775	T	0.044	-0.02441823
1776	T	0.103	-0.02604183
1777	C	0.293	-0.02462689
1778	T	0.429	-0.02418588
1779	T	0.138	-0.02966959
1780	T	0.343	-0.02328752
1781	T	-0.482	-0.02661574
1782	A	0.069	-0.009462925
1783	T	0.295	0.01108692
1784	G	-0.231	0.03620279
1785	T	0.322	0.05757823
1786	G	0.289	0.0645862
1787	T	0.225	0.06587151
1788	T	0.099	0.04902226
1789	A	-0.370	0.04422164
1790	G	-0.242	0.03743254
1791	T	0.418	0.02779112
1792	T	0.326	0.03500506
1793	C	-0.119	0.02722275
1794	A	0.071	0.02232357
1795	T	0.170	0.02712032
1796	T	0.094	0.01465871
1797	G	-0.305	0.02186708
1798	G	0.293	0.006815172
1799	G	0.143	-0.01474405
1800	G	0.264	-0.02018223
1801	C	0.289	-0.04370702
1802	A	0.036	-0.04056567
1803	G	-0.361	-0.05578755
1804	A	-0.539	-0.05888922
1805	A	-0.431	-0.05491778
1806	G	-0.480	-0.03520372
1807	A	-0.263	-0.03845353
1808	C	0.333	-0.03938137
1809	A	0.044	-0.02193475
1810	G	0.272	-0.01024149
1811	C	0.292	-0.009752303
1812	A	-0.055	0.001212028
1813	T	-0.251	0.005851341
1814	A	-0.412	-0.006810253
1815	A	-0.394	-0.01854997
1816	T	-0.405	-0.042901
1817	A	-0.430	-0.0585055
1818	C	0.389	-0.07224691
1819	A	-0.261	-0.06893616
1820	G	0	-0.06780497
 1821	A	-0.243	-0.06372553
1822	T	0.388	-0.05886703
1823	G	0.314	-0.05242283
1824	C	0.296	-0.06980917
1825	C	0.438	-0.07687509
1826	C	0.445	-0.0880274
1827	A	0.186	-0.08394606
1828	G	0.445	-0.07424392
1829	T	-0.157	-0.0705817
1830	G	-0.111	-0.06408814
1831	T	-0.231	-0.06591052
1832	A	-0.515	-0.05711823
1833	A	-0.210	-0.0401352
1834	A	-0.403	-0.06402086
1835	G	-0.255	-0.0677567
1836	A	-0.502	-0.07647795
1837	A	-0.301	-0.07690905
1838	G	-0.324	-0.1008519
1839	T	-0.057	-0.1193149
1840	T	-0.222	-0.1153776
1841	A	-0.181	-0.116377
1842	G	-0.084	-0.1195459
1843	C	0.422	-0.1185195
1844	A	0.254	-0.1230935
1845	G	-0.134	-0.1061627
1846	A	-0.204	-0.1051174
1847	T	-0.452	-0.1031217
1848	T	-0.123	-0.07632894
1849	C	0.112	-0.06833795
1850	A	-0.374	-0.05023573
1851	A	-0.381	-0.03092476
1852	A	-0.279	-0.006686947
1853	T	-0.257	0.01755708
1854	T	-0.377	0.02267049
1855	A	-0.276	0.01864241
1856	T	0.422	0.01921766
1857	C	0.406	0.03852228
1858	C	0.344	0.02733297
1859	A	0.218	0.004429787
1860	G	0.298	-0.01716771
1861	T	0.384	-0.02326184
1862	G	-0.077	-0.02819971
1863	G	-0.167	-0.01791809
1864	T	0.342	-0.003435525
1865	T	0.045	0.001433225
1866	C	0.176	0.02822088
1867	A	0.362	0.05337407
1868	C	0.272	0.06252279
1869	T	0.474	0.06146792
1870	C	-0.160	0.07853342
1871	A	-0.186	0.1018838
1872	A	-0.203	0.08609717
1873	C	0.436	0.05964601
1874	T	-0.442	0.03405476
1875	A	-0.310	0.01118423
1876	G	-0.436	0.005367822
1877	A	-0.329	-0.01616287
1878	A	-0.362	-0.02619735
1879	A	-0.123	-0.03758222
1880	C	0.339	-0.04140278
1881	T	0.268	-0.04142321
1882	C	0.482	-0.0521459
1883	T	0.423	-0.06839537
1884	A	0.013	-0.07691512
1885	A	-0.290	-0.1062552
1886	T	0.168	-0.1108509
1887	T	0.470	-0.1125002
1888	T	-0.082	-0.1176761
1889	T	-0.439	-0.1417728
1890	T	-0.474	-0.1265339
1891	A	-0.512	-0.1193329
1892	A	0.112	-0.1132605
1893	A	-0.304	-0.1023936
1894	G	-0.399	-0.0899869
1895	A	-0.532	-0.07353375
1896	A	0.219	-0.07104481
1897	T	0.044	-0.07065478
1898	G	-0.167	-0.08445583
1899	A	-0.157	-0.08337321
1900	T	0	-0.07012549
 1901	G	-0.464	-0.04633071
1902	T	-0.308	-0.03698368
1903	A	-0.239	-0.04258737
1904	A	-0.369	-0.04133505
1905	A	-0.334	-0.03602977
1906	A	0.045	-0.008843047
1907	T	-0.079	0.0208563
1908	T	-0.242	0.03216461
1909	T	0.018	0.03188548
1910	G	0.034	0.04217798
1911	C	0.403	0.05756837
1912	T	0.419	0.0430154
1913	G	0.281	0.05268186
1914	G	0.041	0.06861792
1915	G	0.458	0.07958768
1916	C	0.437	0.09452289
1917	A	0.470	0.1234374
1918	C	0.467	0.1451894
1919	T	0.291	0.1665634
1920	T	-0.042	0.1930874
1921	G	-0.270	0.1971145
1922	T	0.395	0.1884784
1923	G	0.437	0.1871509
1924	T	0.474	0.1798857
1925	G	-0.313	0.1693538
1926	T	-0.069	0.1749933
1927	A	-0.039	0.1734911
1928	C	-0.245	0.1665675
1929	T	0.354	0.1702896
1930	C	0.342	0.1655492
1931	G	0.193	0.1417526
1932	C	0.477	0.1400413
1933	G	0.460	0.1238434
1934	T	0.388	0.1121343
1935	G	0.444	0.1068371
1936	C	0.479	0.101785
1937	A	-0.206	0.1179998
1938	T	-0.230	0.1102134
1939	A	-0.122	0.1068825
1940	T	-0.474	0.08581106
1941	G	-0.318	0.1110051
1942	T	0.214	0.1172188
1943	T	0.355	0.1287921
1944	C	0.197	0.1292084
1945	T	0.400	0.134295
1946	T	-0.110	0.1343263
1947	G	-0.303	0.1233161
1948	T	0.382	0.1034891
1949	G	-0.047	0.07721492
1950	T	0.092	0.0767677
1951	T	0.121	0.07066533
1952	G	-0.204	0.06097473
1953	T	0.248	0.07680617
1954	T	0.145	0.09214767
1955	G	0.330	0.1091099
1956	G	-0.199	0.1286774
1957	T	0.492	0.1289641
1958	G	0.129	0.1222537
1959	T	0.330	0.100708
1960	A	-0.232	0.1097953
1961	T	0.516	0.08462211
1962	A	0.343	0.0804887
1963	T	-0.158	0.08396295
1964	T	-0.156	0.05893758
1965	G	-0.380	0.0682264
1966	T	0.373	0.07828378
1967	T	0.249	0.05974506
1968	C	0.169	0.06034784
1969	T	0.300	0.06261944
1970	G	0.260	0.07444687
1971	C	0.420	0.07840953
1972	T	0.151	0.099269
1973	T	-0.309	0.09809697
1974	T	0	0.081502
 1975	G	-0.334	0.06348872
1976	T	0.488	0.05832619
1977	T	-0.405	0.04784606
1978	T	-0.242	0.03631219
1979	T	-0.192	0.05270144
1980	G	-0.417	0.05949607
1981	T	0.249	0.06275535
1982	T	0.414	0.0562132
1983	G	-0.471	0.05505154
1984	T	-0.184	0.03751307
1985	T	0.321	0.02027038
1986	C	0.524	-0.001852803
1987	T	0.457	-0.02508483
1988	T	0.467	-0.03445208
1989	C	0.455	-0.03702952
1990	A	-0.401	-0.04344365
1991	T	-0.245	-0.04089458
1992	A	-0.397	-0.04305783
1993	T	0.181	-0.01587305
1994	A	-0.025	-0.007170472
1995	C	0.365	-0.009410597
1996	A	0.060	0.009290778
1997	T	-0.275	0.001982878
1998	T	0.164	0.001893847
1999	C	0.212	0.03306488
2000	A	-0.392	0.0257546
2001	A	-0.251	0.01268512
2002	A	-0.447	0.006997997
2003	T	-0.322	-0.002126097
2004	A	-0.148	-0.01054432
2005	A	-0.392	-0.01154719
2006	G	-0.205	-0.01371369
2007	A	-0.252	-0.006651106
2008	G	0.419	0.01016783
2009	C	0.464	-0.004919575
2010	T	0.035	-0.009482362
2011	T	-0.263	-0.01572908
2012	T	0.180	-0.02402805
2013	T	0.015	-0.02215283
2014	C	0.411	-0.02089446
2015	T	0.525	-0.02320499
2016	G	-0.418	-0.01179626
2017	A	-0.096	0.007757238
2018	C	0.342	0.02879908
2019	T	0.165	0.0487588
2020	T	0.198	0.04457627
2021	G	0.423	0.04835958
2022	G	-0.471	0.04410889
2023	T	-0.019	0.03912911
2024	A	0.140	0.0158528
2025	G	-0.301	-0.01398323
2026	T	-0.171	-0.02821175
2027	A	0.166	-0.03163872
2028	G	-0.204	-0.04592087
2029	T	-0.215	-0.05525651
2030	A	0.204	-0.05873969
2031	G	0.138	-0.06190119
2032	G	-0.027	-0.04438182
2033	T	0.374	-0.04213006
2034	C	0.225	-0.04484074
2035	A	0.315	-0.03591162
2036	G	-0.281	-0.03137137
2037	G	-0.271	-0.03074728
2038	A	-0.341	-0.02191546
2039	T	-0.412	-0.02724733
2040	A	-0.325	-0.0227387
2041	A	-0.490	-0.02114092
2042	A	-0.419	-0.02048377
2043	G	-0.373	-0.02627937
2044	A	-0.276	-0.01218199
2045	G	-0.283	0.007560197
2046	C	0.300	0.0153526
2047	T	0.424	0.01257602
2048	G	0.141	0.02669419
2049	G	-0.024	0.008358131
2050	G	0.255	-0.01408946
2051	G	0.451	-0.01238824
2052	T	0.343	-0.01097228
2053	G	0.443	-0.0082969
2054	T	-0.188	0.01640194
2055	G	-0.190	0.03236528
2056	C	0.284	0.05291097
2057	T	-0.250	0.07401641
2058	A	-0.150	0.09079494
2059	T	-0.019	0.1178559
2060	C	0.246	0.1239478
2061	C	0.416	0.1340477
2062	C	0.454	0.1129455
2063	C	0.049	0.0886252
2064	T	0.424	0.09327851
2065	A	-0.212	0.09839778
2066	C	-0.492	0.08234316
2067	T	0.370	0.06390894
2068	T	-0.236	0.04639916
2069	G	-0.185	0.03206599
2070	T	0.449	0.05231699
2071	G	0.098	0.04765933
2072	A	0.331	0.0236013
2073	G	0.185	0.03499246
2074	T	0.117	0.03528218
2075	T	0.492	0.03048056
2076	G	-0.081	0.03553312
2077	T	0.040	0.02843515
2078	A	-0.374	0.02087178
2079	T	-0.353	0.0155643
2080	A	0.290	0.005750678
2081	T	0.139	0.02787724
2082	A	-0.258	0.03541974
2083	A	-0.138	0.01430037
2084	T	-0.216	0.01595771
2085	T	-0.015	0.01404921
2086	T	0.459	0.008722834
2087	G	-0.339	0.0008754031
2088	T	-0.485	-0.001053816
2089	T	0.114	0.006922747
2090	A	-0.140	0.0144624
2091	G	-0.173	0.002040597
2092	G	0.408	0.01492151
2093	A	0.188	0.02228974
2094	T	0.211	0.03681724
2095	T	-0.120	0.04539197
2096	C	0.110	0.05199041
2097	T	0.495	0.04218747
2098	T	-0.251	0.03705891
2099	T	-0.305	0.05085428
2100	T	-0.183	0.05894776
2101	G	-0.246	0.05517002
2102	T	0.278	0.03586906
2103	G	-0.152	0.04152996
2104	T	0.270	0.0541487
2105	C	0.440	0.04741345
2106	C	0.358	0.0427262
2107	A	0.095	0.03452201
2108	C	0.330	0.01295289
2109	C	0.275	-0.00535455
2110	T	0.089	0.001479138
2111	T	-0.079	0.007249253
2112	T	0.502	-0.002486591
2113	T	-0.174	-0.004553716
2114	T	-0.422	0.01710182
2115	T	0.302	0.02712527
2116	T	0.042	0.04578883
2117	A	-0.136	0.06660392
2118	A	-0.158	0.06358245
2119	G	-0.158	0.08001727
2120	T	-0.081	0.07080713
2121	T	-0.101	0.06326951
2122	T	-0.290	0.04958002
2123	A	-0.435	0.06052404
2124	G	-0.282	0.05481748
2125	A	-0.396	0.05949245
2126	T	0.430	0.0589284
2127	G	0.064	0.06218126
2128	G	-0.200	0.03706551
2129	C	0.429	0.02992213
2130	T	0.441	0.02869666
2131	G	0.015	0.002903006
2132	G	0.413	0.003458903
2133	C	0.419	-0.006115659
2134	T	0.181	0.0016795
2135	C	0.373	-0.001367312
2136	T	-0.024	0.01709986
2137	G	0.199	0.02183458
2138	A	-0.079	0.01688889
2139	C	0.445	0.03903786
2140	T	0.147	0.04167392
2141	G	0.425	0.04428998
2142	C	0.071	0.02727067
2143	T	0.024	0.04133202
2144	A	-0.301	0.05906477
2145	T	-0.403	0.03875002
2146	A	-0.461	0.03111693
2147	A	-0.522	0.03253264
2148	C	0.060	0.02713942
2149	A	-0.442	0.03035523
2150	A	0.091	0.02589737
2151	G	-0.255	0.005697088
2152	G	0.509	-0.002702372
2153	T	0.050	-0.005264997
2154	A	-0.449	-0.01002032
2155	T	0.273	-0.03637085
2156	G	-0.197	-0.03739745
2157	T	-0.313	-0.0422846
2158	A	-0.113	-0.05189052
2159	T	0.514	-0.05718351
2160	C	0.366	-0.05529826
2161	A	-0.220	-0.04344624
2162	C	0.197	-0.04124924
2163	A	0.060	-0.04047146
2164	G	0.241	-0.04313221
2165	C	0.522	-0.03513271
2166	T	0.039	-0.04525087
2167	A	-0.272	-0.03173593
2168	T	-0.293	-0.06163946
2169	G	0.117	-0.07716346
2170	T	-0.231	-0.07468283
2171	A	-0.397	-0.09132096
2172	A	0.115	-0.06964052
2173	T	0.269	-0.05062702
2174	G	-0.235	-0.03649805
2175	T	-0.144	-0.04433102
2176	A	-0.241	-0.0466018
2177	A	-0.024	-0.04357762
2178	G	-0.391	-0.05840902
2179	A	-0.497	-0.07365553
2180	A	-0.024	-0.09135556
2181	T	-0.186	-0.1194754
2182	G	-0.232	-0.1075198
2183	C	0.176	-0.08375951
2184	A	-0.447	-0.07053351
2185	A	-0.446	-0.07212146
2186	A	-0.369	-0.06896499
2187	A	-0.259	-0.0550402
2188	T	0.496	-0.05628336
2189	C	0.295	-0.07834258
2190	T	0.338	-0.08409214
2191	A	0.263	-0.09003411
2192	C	0.293	-0.09230067
2193	T	-0.123	-0.1011374
2194	A	-0.277	-0.09462776
2195	T	-0.427	-0.07299895
2196	A	-0.325	-0.06057742
2197	G	-0.377	-0.04678488
2198	T	0.421	-0.04714523
2199	T	0.487	-0.04522892
2200	G	0.129	-0.03509085
2201	T	0.066	-0.007402353
2202	A	-0.130	0.01636196
2203	C	0.047	0.03930115
2204	T	0.075	0.02963615
2205	A	-0.436	0.03127846
2206	T	-0.419	0.02071052
2207	A	-0.334	0.006145709
2208	A	-0.313	0.01093212
2209	A	-0.306	0.01998183
2210	T	-0.182	0.04068649
2211	T	0.194	0.04498755
2212	C	0.372	0.05310209
2213	A	0.254	0.05317934
2214	G	-0.244	0.02881068
2215	C	0.238	0.0002434969
2216	A	-0.122	-0.007480722
2217	C	0.439	-0.001787272
2218	C	0.390	-0.005338772
2219	T	0.474	-0.01880537
2220	G	0.186	-0.03629024
2221	T	0.347	-0.03101706
2222	T	0	-0.02136678
 2223	A	-0.202	-0.02143331
2224	C	0.447	0.00238485
2225	T	0.165	0.01451107
2226	G	0.385	0.0214097
2227	T	-0.289	0.0281471
2228	A	-0.065	0.03266501
2229	T	-0.374	0.01944092
2230	A	-0.357	0.02486886
2231	A	-0.426	0.0025767
2232	T	-0.117	-0.003088175
2233	T	0.248	-0.0301803
2234	A	-0.244	-0.05442124
2235	A	-0.383	-0.08478374
2236	G	-0.484	-0.09903417
2237	A	-0.268	-0.09894989
2238	T	-0.110	-0.1032334
2239	A	-0.336	-0.1112885
2240	C	0.448	-0.1189254
2241	T	0.081	-0.1389348
2242	G	0.037	-0.1653332
2243	C	0.410	-0.1676109
2244	A	0.517	-0.1820647
2245	T	-0.168	-0.1856525
2246	T	-0.070	-0.1769426
2247	T	-0.475	-0.1765633
2248	G	-0.304	-0.1627277
2249	A	-0.427	-0.1537842
2250	A	-0.384	-0.1564141
2251	G	-0.496	-0.1563229
2252	A	-0.269	-0.1454483
2253	C	0.350	-0.1358311
2254	A	-0.137	-0.1303927
2255	A	-0.460	-0.1268567
2256	T	0.202	-0.149495
2257	A	-0.474	-0.1632659
2258	A	-0.459	-0.1722067
2259	A	-0.362	-0.1955393
2260	A	-0.528	-0.1978429
2261	A	-0.489	-0.1815617
2262	A	-0.079	-0.1673759
2263	G	-0.414	-0.1553106
2264	C	0.325	-0.1487424
2265	T	0.534	-
2266	A	-0.328	-
2267	A	-0.380	-
2268	T	-0.136	-
2269	T	0.039	-
2270	C	0.063	-
2271	A	-0.223	-
2272	A	-0.276	-
2273	A	-0.359	-
2274	T	-0.248	-
2275	A	-0.336	-
2276	C	0.443	-
2277	G	0.352	-
2278	T	0.383	-
2279	G	-0.089	-
2280	T	-0.093	-
