1	C	0.294	-
2	A	-0.243	-
3	T	0.070	-
4	G	-0.188	-
5	A	-0.143	-0.03887102
6	G	-0.145	-0.07335992
7	A	-0.092	-0.04031578
8	C	0.403	-0.04843018
9	T	-0.119	0.00771332
10	A	-0.222	0.06499992
11	G	-0.050	0.04023292
12	G	0.086	0.08444113
13	A	-0.010	0.09354473
14	C	0.373	0.1492353
15	C	0.428	0.1715352
16	A	-0.393	0.1782798
17	G	0.349	0.1682743
18	C	0.494	0.2144333
19	T	0.437	0.2166645
20	T	0	0.1254178
 21	C	0.016	0.1269623
22	A	-0.013	0.04510867
23	C	0.451	-0.04166303
24	T	0.395	-0.1327615
25	G	-0.483	-0.1574318
26	A	-0.378	-0.1931365
27	A	-0.469	-0.2213464
28	A	-0.373	-0.3181577
29	T	-0.473	-0.3391607
30	A	-0.246	-0.2497774
31	T	-0.340	-0.1665609
32	A	-0.295	-0.0808391
33	A	-0.517	0.0038074
34	T	0.185	0.0980906
35	C	0.410	0.1377894
36	T	0.453	0.14544
37	T	0.388	0.1454715
38	C	0.473	0.2270033
39	C	0.469	0.251596
40	T	0.150	0.2540518
41	T	-0.263	0.2383252
42	A	-0.295	0.2369068
43	G	0.298	0.2242479
44	C	0.431	0.2158392
45	C	0.434	0.1664341
46	C	0.296	0.2362747
47	C	0.374	0.2760881
48	A	0.346	0.2600831
49	C	0.385	0.1995104
50	C	-0.343	0.1958731
51	T	0.434	0.1929404
52	T	0.103	0.1489378
53	C	0.138	0.09879216
54	A	-0.174	0.03614296
55	G	0.398	0.1123877
56	C	0.267	0.1025085
57	A	-0.065	0.1383352
58	A	-0.154	0.1699885
59	A	-0.241	0.1929804
60	C	0.418	0.1703975
61	T	0.335	0.191763
62	C	0.461	0.2515897
63	A	0.454	0.2308011
64	T	0.055	0.2034502
65	T	0.172	0.1314547
66	C	0.481	0.08936323
67	C	0.532	0.05263347
68	A	-0.362	0.03021537
69	A	-0.514	0.06164439
70	A	-0.301	0.08724019
71	A	-0.085	0.07021259
72	G	0.093	0.03227009
73	G	0.230	0.03702569
74	C	0.369	0.05669479
75	C	0.428	0.03421069
76	C	0.310	0.01092574
77	A	0.152	-0.0118184
78	G	-0.315	-0.0677012
79	A	-0.318	-0.1477879
80	G	-0.526	-0.2448085
81	A	-0.318	-0.2863709
82	A	-0.133	-0.270741
83	G	-0.328	-0.2272035
84	A	-0.431	-0.1785253
85	A	-0.541	-0.1202612
86	A	-0.104	-0.09939453
87	C	0.309	-0.04774183
88	T	0.120	-0.02341674
89	T	0.168	0.03075866
90	C	0.056	0.04772166
91	A	-0.109	0.06124282
92	A	0.383	0.05275932
93	C	-0.084	0.08092932
94	T	0.110	0.1128392
95	A	-0.371	0.05944225
96	T	0.030	0.05806305
97	G	0.224	0.05709315
98	C	0.401	0.07281585
99	C	0.487	0.05231369
100	G	-0.477	0.03919489
101	A	-0.123	-0.00430117
102	G	0.373	-0.04401687
103	C	0.072	-0.09761087
104	G	-0.094	-0.126827
105	A	-0.503	-0.04530827
106	A	-0.404	0.00856093
107	G	-0.172	-0.06990497
108	T	-0.134	-0.05620896
109	C	0.195	-0.0335974
110	T	0.337	0.0551186
111	C	0.415	0.1405389
112	A	-0.411	0.1578234
113	G	0.209	0.1439281
114	G	0.131	0.1046541
115	T	0.384	0.0442752
116	C	0.449	-0.0227411
117	C	0	0.00963292
 118	A	-0.272	0.03401362
119	A	-0.197	0.01443386
120	T	-0.266	-0.03614744
121	G	-0.254	-0.1114929
122	A	-0.087	-0.1527788
123	G	0.453	-0.1773708
124	G	-0.063	-0.1515441
125	A	-0.121	-0.1344021
126	G	-0.303	-0.1518684
127	A	-0.412	-0.1704797
128	A	-0.518	-0.2279072
129	A	0.061	-0.2458111
130	C	-0.094	-0.2052267
131	A	-0.429	-0.1981738
132	A	-0.273	-0.1127166
133	G	-0.121	-0.02788702
134	A	-0.243	-0.04937254
135	C	0.284	-0.0234949
136	A	-0.233	0.01228256
137	G	0.441	-0.00819504
138	T	0.329	-0.03583334
139	G	-0.153	-0.05701304
140	C	0.164	-0.1302937
141	A	-0.071	-0.147896
142	G	-0.478	-0.2325089
143	A	-0.397	-0.3175701
144	A	-0.454	-0.2585387
145	G	-0.448	-0.2313114
146	A	-0.409	-0.1932619
147	T	-0.404	-0.1213517
148	G	-0.521	-0.048432
149	C	0.436	0.0393038
150	C	0.436	0.1272867
151	T	0.308	0.1822768
152	C	0.240	0.2405059
153	T	0.331	0.2520993
154	C	0.422	0.1837413
155	T	0.431	0.1597046
156	C	0.140	0.1493286
157	T	0.177	0.1375248
158	G	-0.405	0.0629201
159	A	-0.246	-0.0304646
160	A	0.196	-0.0883127
161	C	0.205	-0.110824
162	G	0.122	-0.08244458
163	A	-0.414	-0.00337748
164	A	-0.511	0.06480242
165	G	-0.147	0.09014092
166	G	-0.084	0.1219014
167	T	0.461	0.1238505
168	C	0.385	0.20057
169	T	0.434	0.2851337
170	C	0.449	0.3375237
171	C	0.522	0.3758857
172	T	0.142	0.2986829
173	A	0.352	0.298403
174	C	0.334	0.2153019
175	T	0.376	0.1303169
176	G	0.299	0.0421385
177	G	-0.310	0.0130576
178	A	0.382	-0.0338523
179	A	-0.396	-0.0242838
180	G	-0.400	-0.0619364
181	A	-0.359	-0.1127262
182	A	-0.148	-0.07178611
183	C	-0.116	-0.105259
184	A	0.430	-0.03243203
185	C	0	0.05093797
 186	A	-0.208	0.1182357
187	G	0.099	0.1740052
188	T	0.047	0.2328741
189	T	0.332	0.2286478
190	C	0.433	0.1973031
191	C	0.313	0.210064
192	T	0.408	0.2258855
193	C	0.472	0.2395733
194	C	0.387	0.1805342
195	A	-0.313	0.1155332
196	T	-0.081	0.06647742
197	G	0.257	0.06384902
198	G	0.184	0.00242212
199	A	-0.258	-0.01262558
200	G	-0.216	0.04635512
201	A	-0.176	0.1000722
202	C	0.382	0.1084566
203	A	-0.141	0.0609911
204	G	0.237	0.0468567
205	T	0.276	0.0227297
206	C	0.455	0.0130031
207	T	0.341	-0.0443116
208	C	-0.289	0.0099059
209	A	-0.399	-0.009804
210	A	-0.457	0.0093057
211	G	-0.273	-0.0034179
212	A	-0.190	0.0160292
213	C	0.400	0.0024937
214	C	0.040	-0.0081511
215	T	0.467	0.04471431
216	C	0.328	0.04175431
217	T	0.535	0.07049835
218	T	-0.425	0.06980625
219	T	-0.506	0.07846685
220	T	0.070	0.06655715
221	G	-0.303	0.03897587
222	G	0.097	-0.04342063
223	A	0.393	0.03652417
224	A	0.126	0.06629367
225	C	0.348	0.03211506
226	A	0.052	0.02462796
227	T	-0.288	-0.00842578
228	T	0.374	-0.07872808
229	T	-0.208	-0.1006632
230	T	-0.271	-0.1194159
231	A	-0.378	-0.09544703
232	T	-0.233	-0.02263943
233	A	-0.309	-0.01086903
234	T	-0.092	-0.02406233
235	T	0.160	-0.02883513
236	G	0.292	0.05825497
237	C	0.439	0.07085357
238	T	0.491	0.1075439
239	T	-0.340	0.08237393
240	G	-0.318	0.01785833
241	T	0.492	-0.00139297
242	T	-0.107	-0.05775867
243	T	0.057	-0.07496847
244	T	-0.344	-0.02809747
245	G	-0.484	0.04165453
246	A	0.100	0.04059753
247	T	-0.123	0.08825143
248	G	0.319	0.0449983
249	C	0.128	0.1197363
250	C	0.378	0.1283713
251	C	0.481	0.1048595
252	A	0.368	0.0867242
253	G	-0.375	0.06076221
254	T	0.403	0.06383141
255	T	-0.397	-0.01153079
256	T	-0.135	-0.1037764
257	A	-0.305	-0.1431396
258	T	0.060	-0.1279693
259	G	0.159	-0.2145099
260	G	-0.374	-0.2215697
261	A	-0.440	-0.2578223
262	A	-0.024	-0.2710403
263	T	-0.223	-0.320371
264	T	-0.462	-0.3761049
265	A	-0.468	-0.3838828
266	A	-0.497	-0.3857771
267	A	-0.437	-0.4293089
268	A	-0.433	-0.4069429
269	A	-0.398	-0.3364869
270	T	-0.452	-0.249058
271	A	-0.459	-0.1575356
272	A	-0.459	-0.0900532
273	A	0	-0.0017801
 274	A	0.242	0.0873344
275	C	0.405	0.1737268
276	C	0.417	0.2638268
277	T	0.237	0.3129599
278	C	0.449	0.3235488
279	T	0.492	0.2571889
280	C	0.411	0.2558591
281	A	0.441	0.1866654
282	C	0.031	0.1229721
283	T	0.105	0.09586553
284	G	-0.421	0.04897822
285	A	0.392	0.04344332
286	A	-0.274	-0.01195458
287	A	-0.399	-0.01509231
288	T	0.178	0.00118439
289	A	0.024	0.03888693
290	T	0.355	-
291	G	-0.112	-
292	C	0	-
 293	A	0.268	-
294	A	-0.044	-
