1	G	-0.060	-
2	G	0.407	-
3	G	0.363	-
4	G	0.190	-
5	C	0.399	-
6	G	0.405	0.1894609
7	G	0.145	0.2311439
8	A	-0.525	0.2140642
9	G	0.148	0.2193749
10	C	0.371	0.2105453
11	C	0.237	0.1919993
12	T	0.397	0.188556
13	G	0.219	0.1948703
14	C	0.421	0.2686097
15	G	0.093	0.2433474
16	G	0.195	0.2224317
17	T	0.367	0.2408343
18	C	0.214	0.2431984
19	G	0.285	0.2587519
20	G	-0.129	0.2430763
21	G	0.141	0.2311232
22	T	0.439	0.249314
23	C	0.423	0.2517652
24	T	0.390	0.2219602
25	C	0.249	0.1948517
26	G	-0.037	0.2392757
27	G	0.396	0.2630945
28	C	0.394	0.2519557
29	G	-0.112	0.2341088
30	A	-0.012	0.2313736
31	C	0.359	0.2399192
32	C	0.403	0.2766887
33	C	0.317	0.2541593
34	G	0.227	0.2399833
35	C	0.360	0.27472
36	C	0.343	0.3158943
37	G	0.366	0.3290575
38	G	0.148	0.2669013
39	G	0.238	0.2232445
40	A	0.269	0.2480008
41	C	0.440	0.1782014
42	T	0.504	0.1139139
43	T	-0.280	0.04427855
44	T	-0.162	0.04884591
45	C	0.499	0.06890218
46	T	-0.407	0.02731736
47	A	-0.363	-0.02820173
48	A	-0.399	-0.1067072
49	T	0.198	-0.06216455
50	C	0.459	-0.09417555
51	A	-0.188	-0.1019125
52	G	-0.170	-0.07481764
53	A	-0.359	-0.04320202
54	G	0.209	0.007704618
55	T	-0.515	0.02812944
56	C	0.414	-0.0003060182
57	G	-0.109	0.05915262
58	T	-0.015	0.08941116
59	G	0.160	0.08942107
60	G	0.423	0.04022053
61	G	0.146	0.05188407
62	G	0.465	-0.01104547
63	A	0.162	-0.03647702
64	T	-0.359	-0.04173168
65	T	-0.331	-0.04782404
66	T	-0.386	-0.06617585
67	T	-0.277	-0.08330102
68	A	-0.388	-0.09160275
69	C	-0.073	-0.06850038
70	G	0.093	-0.0728402
71	G	0.221	-0.07526684
72	G	-0.041	-0.02492784
73	T	0.374	-0.03749665
74	G	0.416	-0.02195147
75	G	-0.407	-0.05612897
76	A	-0.358	-0.02921289
77	G	0.166	-0.01362944
78	T	-0.415	0.006393727
79	T	-0.217	-0.009863455
80	A	-0.449	-0.06197155
81	C	0.389	-0.06557918
82	T	0.392	-0.07765309
83	C	0.178	-0.08368855
84	C	0.195	-0.006478818
85	G	-0.156	0.03801664
86	A	-0.446	0.09820627
87	A	-0.491	0.03811436
88	A	0.100	-0.03548773
89	C	0.433	-0.09876618
90	C	0.271	-0.1563755
91	T	0.212	-0.1350312
92	T	-0.271	-0.08497622
93	T	-0.416	-0.009522673
94	A	-0.517	0.01215724
95	A	-0.438	-0.0428814
96	G	0.078	-0.1039231
97	G	0.103	-0.1055367
98	C	0.338	-0.03754995
99	C	0.339	0.04204451
100	G	-0.171	0.07063451
101	A	-0.399	0.09500851
102	G	0.194	0.047103
103	T	0.476	0.02400327
104	G	0.458	-0.0156956
105	T	-0.203	-0.07105596
106	G	-0.169	-0.06911351
107	A	-0.448	-0.0310549
108	T	-0.150	-0.08453235
109	A	-0.098	-0.1031682
110	G	-0.269	-0.1610776
111	A	-0.150	-0.1337755
112	T	0.018	-0.1588082
113	A	-0.393	-0.1276041
114	T	0.271	-0.1298042
115	T	-0.178	-0.1147427
116	T	0.097	-0.06491344
117	G	-0.445	-0.03089671
118	C	-0.105	0.01126159
119	A	-0.174	0.03889122
120	A	0.067	0.04105722
121	C	0.278	0.1030071
122	C	0.223	0.119812
123	A	0.482	0.1486712
124	T	-0.089	0.1811532
125	T	0.295	0.204883
126	C	0.503	0.1930975
127	T	0.282	0.1314298
128	T	-0.127	0.1330798
129	C	0.252	0.1376145
130	C	0.086	0.1337894
131	A	-0.062	0.0730381
132	A	-0.400	0.02286407
133	T	0.241	0.03186216
134	C	0.532	0.01920962
135	A	-0.131	-0.03024493
136	A	-0.372	-0.08340155
137	T	-0.048	-0.09239039
138	T	0.381	-0.0299843
139	T	-0.267	-0.07336457
140	T	-0.291	-0.16841
141	A	-0.498	-0.1996595
142	G	-0.160	-0.1216869
143	A	0.286	-0.1192412
144	A	-0.235	-0.1193212
145	A	-0.513	-0.05528397
146	A	-0.475	-0.01319279
147	T	0.484	0.03930143
148	T	-0.021	0.06671206
149	T	0.380	0.05992443
150	C	0.437	0.1121245
151	C	0.171	0.2023958
152	A	0.079	0.2860515
153	C	0.140	0.241967
154	C	0.211	0.20959
155	A	0.338	0.1355531
156	C	0.479	0.05384467
157	C	0.444	-0.009131873
158	T	0	-0.06455882
 159	C	-0.378	-0.1062043
160	A	-0.434	-0.146055
161	A	-0.461	-0.2160727
162	A	-0.521	-0.3041929
163	A	-0.530	-0.362756
164	A	-0.317	-0.3362663
165	G	-0.226	-0.27878
166	A	-0.431	-0.2050589
167	A	-0.489	-0.117419
168	A	-0.199	-0.1009958
169	T	0.291	-0.09476745
170	C	0.254	-0.04880755
171	C	0.376	-0.06474882
172	T	0.502	-0.05674336
173	G	-0.341	-0.04986509
174	A	-0.461	-0.07691518
175	T	0.188	-0.1410065
176	G	-0.402	-0.213427
177	A	-0.343	-0.2780432
178	A	-0.413	-0.3322698
179	G	-0.496	-0.2653821
180	A	-0.413	-0.1915981
181	A	-0.542	-0.1698612
182	A	-0.334	-0.09238834
183	C	-0.093	-0.01679479
184	A	0.394	-0.0225247
185	T	0.349	-0.01920061
186	C	0.427	0.01840094
187	C	0.450	0.01937048
188	T	0.488	0.04115201
189	G	-0.476	0.08298744
190	A	-0.460	0.05091055
191	G	0	0.05214373
 192	A	-0.531	-0.01683445
193	A	-0.094	-0.07335455
194	G	0.366	-0.1507377
195	G	0.041	-0.08510745
196	T	0.363	-0.004731818
197	T	-0.331	0.008494818
198	G	-0.171	0.08663109
199	A	-0.363	0.1340573
200	C	0.245	0.1087077
201	A	0.423	0.09000411
202	T	0.145	0.03739975
203	G	0.327	0.02350147
204	C	0.427	0.03573925
205	T	0.087	0.05922279
206	G	-0.163	0.0757807
207	A	-0.215	0.07914161
208	A	-0.484	0.06710805
209	T	-0.036	-0.002274045
210	G	-0.104	-0.08862214
211	C	0.427	-0.1457208
212	C	0.460	-0.1595609
213	T	0.013	-0.1248341
214	T	-0.435	-0.1291147
215	A	-0.522	-0.103709
216	A	-0.540	-0.0992515
217	A	-0.316	-0.1746414
218	G	0.166	-0.1974536
219	A	-0.531	-0.1956159
220	A	0.242	-0.1888301
221	C	-0.055	-0.1702619
222	T	-0.402	-0.1472825
223	T	0.209	-0.1445431
224	C	0.033	-0.1830335
225	A	-0.360	-0.1309479
226	A	-0.318	-0.144843
227	T	-0.287	-0.1581407
228	T	-0.285	-0.1149948
229	G	-0.256	-0.1249928
230	G	0.041	-0.09494793
231	G	0.089	-0.04516838
232	A	-0.201	-0.02223975
233	T	0.072	-0.007976836
234	G	0.099	-0.02686984
235	C	0.363	-0.03340329
236	C	0.186	-0.07516028
237	A	-0.066	-0.1205349
238	G	-0.130	-0.1454553
239	A	-0.493	-0.1949739
240	T	-0.328	-0.1753693
241	G	-0.417	-0.1949322
242	A	-0.409	-0.2218902
243	A	-0.476	-0.2338723
244	A	-0.472	-0.2718014
245	G	0.315	-0.2576195
246	T	0.148	-0.1982864
247	G	-0.109	-0.1890505
248	T	-0.197	-0.1126033
249	A	-0.548	-0.09575445
250	A	-0.337	-0.07366109
251	C	0.324	-0.1173557
252	T	-0.316	-0.1299199
253	A	0.431	-0.1448163
254	G	-0.290	-0.1084787
255	A	-0.229	-0.01598841
256	A	-0.165	0.01746595
257	T	0.010	-0.05885068
258	T	-0.273	-0.04741714
259	T	0.201	-0.05815568
260	C	0.469	-0.01113905
261	T	0.030	0.05357659
262	A	-0.515	0.07923695
263	T	-0.190	0.03625491
264	G	0.313	0.02141627
265	G	0.226	-0.03717927
266	C	0.482	-0.1102233
267	T	0.117	-0.1395831
268	T	-0.462	-0.08254718
269	A	-0.436	-0.07652427
270	A	-0.442	-0.06995109
271	A	-0.334	-0.0728
272	T	-0.292	-0.1382307
273	A	0.111	-0.1856426
274	A	-0.124	-0.1330851
275	C	0.385	-0.07574036
276	G	0.195	0.002254182
277	A	-0.237	0.06928609
278	G	-0.404	0.1076292
279	A	0.115	0.05912282
280	G	0.193	0.03500891
281	C	0.415	0.01053636
282	T	0.403	0.01879127
283	G	0.129	0.07801245
284	G	-0.421	0.1406023
285	A	-0.389	0.1534211
286	G	0.116	0.1080626
287	T	0.285	0.02286082
288	G	0.414	-0.04975073
289	C	0.283	-0.05821381
290	A	0.256	0.02089765
291	G	-0.304	0.08545065
292	T	-0.522	0.05963001
293	A	-0.395	-0.005539718
294	G	0.035	-0.03812757
295	C	0.448	-0.04532012
296	A	0.320	-0.03076285
297	T	-0.167	-0.01187535
298	G	-0.430	-0.006499718
299	A	0.055	0.01590892
300	T	0.204	0.04905264
301	C	0.416	0.04818364
302	A	-0.097	0.06120927
303	T	-0.462	0.05062536
304	G	-0.149	0.1178275
305	G	0.400	0.1431473
306	C	0.439	0.1177407
307	T	0.463	0.1066507
308	C	-0.284	0.1538264
309	A	0.308	0.2314628
310	C	0.334	0.2844942
311	T	-0.074	0.2852329
312	G	0.294	0.2662012
313	C	0.421	0.2509022
314	T	0.391	0.3155806
315	G	0.434	0.2844853
316	C	0.408	0.2175518
317	C	0.229	0.2376561
318	T	0.295	0.246084
319	C	0.427	0.2124275
320	G	-0.033	0.1815154
321	A	-0.401	0.1812538
322	C	0.146	0.1829437
323	C	0.387	0.1821052
324	T	0.051	0.1744637
325	C	0.051	0.1607789
326	C	0.431	0.2021394
327	C	0.427	0.2526429
328	G	0.220	0.204866
329	G	0.211	0.1662359
330	G	0.276	0.1695865
331	C	0.421	0.1442088
332	T	0.153	0.1196087
333	C	-0.378	0.06162097
334	A	-0.037	0.03363273
335	G	0.088	0.01940445
336	A	-0.228	0.03079645
337	G	0.160	0.03563591
338	A	-0.210	0.06284245
339	T	-0.087	0.1299472
340	T	0.054	0.1507416
341	C	0.402	0.1478214
342	T	0.474	0.2116468
343	C	0.452	0.2372815
344	T	0.359	0.2643942
345	T	0.191	0.2981129
346	G	0.056	0.3199487
347	C	0.473	0.3055989
348	C	0.442	0.3003776
349	T	0.087	0.2958275
350	C	0.283	0.2879539
351	A	0.295	0.2926135
352	G	0.244	0.3246679
353	C	0.417	0.2815783
354	C	0.402	0.2533171
355	T	0.272	0.225509
356	C	0.242	0.1601764
357	C	0.408	0.09253773
358	T	0	0.03813064
 359	G	0.131	0.01822918
360	A	-0.218	0.01864845
361	G	-0.435	0.008642909
362	T	-0.448	0.004489182
363	A	-0.354	-0.002801273
364	G	0.198	0.005142882
365	C	0.407	-0.0003716182
366	T	0.162	0.06393547
367	G	0.196	0.1250403
368	G	0.328	0.1999032
369	G	0.087	0.246647
370	A	0.071	0.2257088
371	C	0.489	0.1761734
372	C	0.237	0.1362406
373	A	0.374	0.07012226
374	C	0.160	0.004320627
375	A	-0.032	0.02936547
376	G	-0.137	-0.01316039
377	A	-0.276	-0.02133985
378	G	-0.530	-0.02617294
379	A	-0.395	-0.02267239
380	T	0.362	-0.008505755
381	G	-0.396	0.01818336
382	G	0.399	0.06969682
383	G	0.183	0.1102822
384	G	0.413	0.1982315
385	T	0.315	0.274929
386	C	0.261	0.259141
387	T	0.429	0.2569499
388	C	0.169	0.2610185
389	T	0.437	0.2628903
390	C	0.448	0.2443089
391	T	0.189	0.2349615
392	G	-0.420	0.2475163
393	T	0.443	0.2453995
394	T	0.204	0.2391562
395	G	0.208	0.1732233
396	C	0.213	0.1721613
397	C	0.399	0.192151
398	C	0.406	0.2650735
399	A	0.100	0.2003258
400	G	-0.288	0.1695893
401	G	0.436	0.1894352
402	C	0.409	0.2072394
403	T	0.381	0.2084863
404	T	-0.268	0.1549816
405	G	-0.133	0.1206171
406	T	0.427	0.1157303
407	C	0.408	0.07275693
408	T	0.413	0.008868291
409	G	-0.182	-0.0246217
410	G	-0.277	0.03288339
411	A	-0.341	0.08459985
412	A	-0.035	0.08527485
413	C	-0.293	0.08711612
414	A	0.013	0.08092612
415	C	0.364	0.1355205
416	C	0.435	0.1874169
417	T	0.434	0.2628752
418	G	0.429	0.2715408
419	G	0.345	0.2625482
420	G	0.417	0.2444457
421	C	0.293	0.1698497
422	T	0.488	0.09205029
423	C	0.059	0.01183193
424	A	-0.392	-0.0459508
425	A	-0.186	-0.07213322
426	A	-0.456	-0.07456458
427	T	-0.420	-0.06242985
428	A	-0.447	-0.0672204
429	A	-0.206	-0.03801269
430	T	0.057	0.03763613
431	C	0.391	0.09405195
432	C	0.427	0.1355352
433	T	0.435	0.1901128
434	C	0.380	0.2702593
435	C	0.439	0.2848127
436	T	0.434	0.2662944
437	G	0	0.2068762
 438	C	0.179	-
439	C	0.433	-
440	T	-0.046	-
441	T	-0.146	-
442	G	-0.262	-
