1	A	0.292	-
2	C	0.215	-
3	T	0.430	-
4	C	0.416	-
5	C	0.358	-
6	C	0.326	-
7	A	-0.375	0.1868029
8	T	0.010	0.1968497
9	C	0.169	0.2128549
10	A	-0.407	0.1729744
11	C	0.337	0.1046905
12	T	0.440	0.04554546
13	T	0.212	-0.003106846
14	C	0.423	-0.001935846
15	C	0.424	-0.008130062
16	T	-0.088	-0.003857138
17	G	-0.471	0.04198917
18	A	-0.410	0.0492774
19	A	-0.305	0.05078602
20	A	-0.360	0.02452563
21	C	-0.070	-0.01363198
22	A	0.225	-0.03614752
23	G	0.188	0.004143292
24	C	0.432	0.06379614
25	C	0.460	0.09851352
26	A	-0.129	0.09136214
27	G	-0.072	0.08251475
28	A	0.131	0.05210462
29	G	0.435	0.01888585
30	C	0.304	-0.02179446
31	G	0.041	-0.06673362
32	A	-0.398	-0.1257803
33	G	-0.475	-0.110279
34	A	-0.465	-0.128256
35	A	-0.206	-0.1355763
36	G	-0.340	-0.1842258
37	A	-0.151	-0.174501
38	T	-0.307	-0.1623716
39	G	0.072	-0.1501724
40	A	-0.306	-0.1105425
41	T	0.036	-0.09707048
42	G	-0.196	-0.1076853
43	C	0.430	-0.1046652
44	A	0.198	-0.07038987
45	T	-0.24	-0.01552248
46	G	0.039	0.01215824
47	T	-0.290	0.06397632
48	G	-0.344	0.0852403
49	A	-0.300	0.1003728
50	G	0.293	0.09746238
51	C	0.405	0.118834
52	C	0.432	0.1707731
53	C	0.367	0.1883555
54	T	0.312	0.2189476
55	G	0	0.2540447
 56	C	0.392	0.2527705
57	C	0.476	0.2605714
58	C	0.435	0.1932728
59	T	0.268	0.1337599
60	T	0.107	0.1073197
61	G	0.111	0.1052911
62	G	-0.317	0.1385525
63	G	0.395	0.1333163
64	A	-0.469	0.1151002
65	A	-0.341	0.1117282
66	G	0.023	0.1075906
67	C	0.286	0.09837451
68	T	0.432	0.07008258
69	T	0.324	0.123477
70	C	0.239	0.1225413
71	C	0.391	0.1518456
72	A	0.214	0.1667625
73	G	-0.012	0.1766277
74	G	-0.256	0.1347982
75	T	0.376	0.06390655
76	T	0.383	0.02139609
77	G	-0.088	-0.01731875
78	G	-0.147	-0.05467905
79	G	0.151	-0.08026405
80	A	-0.257	-0.04781578
81	A	-0.489	-0.05238363
82	A	-0.228	-0.1199022
83	T	-0.263	-0.167838
84	G	-0.094	-0.2003137
85	A	-0.118	-0.1934219
86	G	0.409	-0.2342533
87	G	-0.315	-0.1871345
88	A	-0.501	-0.1304679
89	A	-0.239	-0.07950899
90	T	-0.510	-0.02945053
91	G	-0.058	-0.05368255
92	A	-0.379	-0.06861908
93	G	0.355	-0.1105121
94	C	0.247	-0.07880261
95	C	0.434	-0.0380659
96	T	0.387	-0.002108362
97	G	-0.409	0.06470002
98	A	-0.312	0.07516418
99	C	-0.135	0.1220393
100	A	0.096	0.09473003
101	C	0.028	0.09831895
102	C	0.227	0.09743395
103	C	0.358	0.09902149
104	A	0.077	0.165763
105	G	0.230	0.1833046
106	G	0	0.1695247
 107	G	0.294	0.1337437
108	C	0.422	0.1079065
109	C	0.408	0.05404618
110	C	0.458	0.002466338
111	A	-0.084	-0.0346202
112	G	-0.314	-0.01941797
113	A	-0.368	0.01058126
114	G	-0.307	0.02165503
115	A	-0.472	-0.006607677
116	G	-0.312	-0.05936698
117	A	-0.404	-0.1031219
118	C	0.427	-0.107964
119	C	0.389	-0.09094362
120	C	0.438	-0.06832891
121	A	0.055	-0.02798829
122	G	-0.277	-0.02845545
123	G	-0.110	-0.03217306
124	A	-0.147	0.02711563
125	C	-0.093	0.02557071
126	A	-0.074	0.01159471
127	G	0.217	-0.01700405
128	A	-0.478	-0.01521858
129	G	-0.360	0.02532404
130	G	0.366	0.0395466
131	C	0.407	0.07805229
132	A	0.208	0.09949644
133	G	0.066	0.07986795
134	G	0.078	0.09127442
135	T	0.249	0.1163261
136	C	0.074	0.1787766
137	A	0.353	0.1834431
138	G	0.185	0.1466186
139	G	-0.329	0.1153122
140	A	0.365	0.07630501
141	G	-0.153	0.07943378
142	G	0.451	0.06667579
143	C	0.427	0.08945415
144	A	-0.070	0.088981
145	G	-0.198	0.1073373
146	A	-0.440	0.1609329
147	C	0.119	0.1626891
148	A	0.083	0.1786963
149	C	0.370	0.1263916
150	G	0.347	0.1198463
151	C	0.424	0.1544175
152	G	0.367	0.1784921
153	C	0.388	0.2449051
154	T	0.054	0.2357234
155	G	-0.228	0.2174849
156	C	0.342	0.1541127
157	T	0.378	0.08783521
158	G	0.114	0.03346921
159	G	0.422	0.01917159
160	G	0	-0.01721068
 161	T	-0.153	0.01838073
162	A	-0.453	0.05346227
163	A	-0.514	0.02714542
164	T	-0.282	-0.008887377
165	G	0.181	-0.003669992
166	A	-0.084	-0.02340199
167	C	0.517	-0.01952455
168	G	0.227	-0.02355855
169	A	0	0.03798676
 170	C	-0.089	0.1124299
171	A	0.182	0.1694401
172	G	0.166	0.121477
173	C	0.050	0.1131465
174	A	-0.206	0.04330726
175	C	0.346	0.0375438
176	C	0.453	0.04932734
177	A	0.458	0.07677222
178	G	-0.442	0.03378045
179	T	-0.193	0.05270691
180	A	-0.390	0.07322285
181	A	0.152	0.1059048
182	T	0.153	0.1082197
183	C	0.266	0.07910972
184	A	-0.376	0.05041709
185	C	0.412	0.06662994
186	G	0.317	0.109898
187	G	0.218	0.1517127
188	C	0.376	0.1569386
189	T	0.074	0.1745899
190	A	0.085	0.1885942
191	C	-0.231	0.1916636
192	T	0.369	0.1679241
193	C	0.153	0.1128254
194	C	0.220	0.05530002
195	T	0.382	0.004965015
196	T	0.449	-0.02589355
197	G	-0.336	-0.04699531
198	T	0.103	-0.02737745
199	T	-0.399	-0.0174033
200	A	-0.529	0.01172047
201	A	-0.277	0.005898008
202	G	-0.326	-0.03485515
203	T	-0.188	-0.06527032
204	A	0.023	-0.05361409
205	C	0.499	-0.09156178
206	T	0.531	-0.07464632
207	T	0.144	-0.02077632
208	A	-0.147	-0.01912109
209	C	0.053	0.0157796
210	T	-0.185	0.03620707
211	A	-0.389	0.009430754
212	A	-0.179	-0.06057478
213	G	0.171	-0.1340585
214	T	-0.255	-0.145188
215	G	0.127	-0.1040359
216	C	0.076	-0.07829692
217	A	-0.324	-0.03558261
218	A	-0.411	0.02942724
219	G	-0.423	0.04095503
220	A	0	0.02015744
 221	C	0.387	0.05337998
222	T	0.388	0.0785269
223	C	0.369	0.07583541
224	C	0.455	0.07067902
225	A	-0.029	0.06837248
226	A	-0.099	0.1040834
227	G	0.175	0.1182303
228	C	0.454	0.05435678
229	T	0.041	0.003706162
230	A	-0.391	-0.05551522
231	A	-0.441	-0.1099089
232	G	0.040	-0.1324738
233	C	0.183	-0.163744
234	A	-0.442	-0.1941313
235	A	-0.270	-0.2625123
236	T	-0.399	-0.2894724
237	T	-0.251	-0.2532895
238	A	-0.322	-0.1862346
239	A	-0.505	-0.1670693
240	T	-0.219	-0.1851309
241	A	-0.434	-0.1654855
242	G	-0.308	-0.1273286
243	A	0.078	-0.06587508
244	C	0.430	-0.08296623
245	C	0.290	-0.02077015
246	T	-0.050	0.01138972
247	T	-0.187	0.01423572
248	T	0.225	0.05317408
249	T	0.398	0.1020788
250	C	-0.474	0.06645507
251	T	0.485	-0.0032637
252	T	-0.087	-0.03301813
253	G	-0.182	-0.0007216615
254	T	0.071	0.04349765
255	T	0.327	0.06407126
256	T	-0.384	0.03710551
257	A	-0.475	0.0963732
258	A	-0.096	0.02830728
259	T	0.368	0.02601248
260	C	0.387	0.02703925
261	C	0.493	0.03135635
262	T	0.048	0.0006105846
263	T	0.296	0.0001862769
264	A	-0.399	0.01261128
265	C	-0.117	0.03576255
266	C	-0.168	0.01223501
267	A	0.127	0.02049847
268	C	-0.072	0.02340455
269	A	-0.389	0.01800158
270	A	-0.314	-0.007522492
271	T	0.204	0.01955712
272	T	0.063	-0.003579108
273	C	0.495	-0.01118349
274	C	0.531	-0.003780877
275	A	-0.021	0.01886243
276	T	-0.035	0.01572189
277	A	-0.047	0.01814689
278	G	-0.418	-0.02009734
279	G	-0.267	-0.06558295
280	A	0.223	-0.1130059
281	C	0.221	-0.1578525
282	A	-0.430	-0.1281996
283	A	-0.282	-0.1096779
284	T	-0.292	-0.09355535
285	T	-0.528	-0.03759097
286	A	-0.121	-0.01185437
287	G	-0.051	-0.03808798
288	G	0.363	-0.09053937
289	G	0.205	-0.07774714
290	G	0.162	-0.08051168
291	A	0.309	-0.03490037
292	T	0.066	7.170769e-05
293	G	-0.117	-0.02995645
294	A	-0.460	-0.04291102
295	G	-0.264	-0.06337842
296	A	-0.318	-0.06370265
297	A	0.299	-0.05632988
298	T	-0.073	-0.107701
299	T	-0.511	-0.09785164
300	A	-0.220	-0.09770748
301	G	0.097	-0.03545456
302	C	0.201	-0.009263808
303	A	0.258	0.05132019
304	G	-0.358	0.0321931
305	G	0.194	0.07301479
306	A	-0.115	0.1248155
307	C	0.349	0.1529179
308	T	0.076	0.1763857
309	T	0.469	0.1952485
310	G	0.051	0.1408151
311	T	0.457	0.143183
312	C	0.161	0.1428047
313	A	0.144	0.1647014
314	C	0.402	0.1466329
315	T	0.446	0.1706418
316	A	-0.449	0.1508471
317	A	-0.327	0.1652215
318	T	0.190	0.122776
319	G	0.169	0.07008128
320	G	0.114	0.0342069
321	T	0.388	-0.02647902
322	G	0.211	-0.07868656
323	C	0.238	-0.0837591
324	A	-0.094	-0.07823072
325	G	-0.523	-0.0949502
326	A	-0.321	-0.1079845
327	A	-0.386	-0.1155938
328	G	-0.232	-0.1576859
329	A	-0.515	-0.1676276
330	A	-0.255	-0.1903869
331	G	-0.027	-0.1526598
332	T	0	-0.1016287
 333	T	0.015	-0.06953148
334	A	-0.158	-0.04821687
335	G	0.082	-0.05321595
336	G	-0.057	-0.02100878
337	G	0.395	-0.01746955
338	G	0.140	-0.04596753
339	A	0.095	-0.07740899
340	G	-0.109	-0.0484381
341	A	-0.297	-0.006593023
342	G	-0.096	-0.04506585
343	G	-0.209	-0.02302616
344	A	-0.397	-0.04430262
345	A	-0.408	-0.02179639
346	T	0.391	0.004800392
347	C	0.385	0.01727033
348	A	-0.417	0.04828525
349	G	0.228	0.06919617
350	G	0.119	0.1081083
351	C	0.432	0.1668529
352	A	0.441	0.2333048
353	G	0.052	0.1952234
354	G	0.105	0.1419999
355	T	0.175	0.1644546
356	T	0.295	0.1839881
357	C	0.365	0.1541158
358	C	0.455	0.12608
359	A	-0.103	0.07969065
360	G	-0.306	0.0709923
361	A	-0.125	0.06961888
362	G	0.482	0.04344549
363	T	-0.269	0.003941108
364	G	0.068	-0.03307735
365	A	-0.161	-0.05227451
366	A	-0.060	-0.02375543
367	G	0.088	0.02672418
368	G	-0.164	0.05527903
369	A	-0.217	0.03622049
370	G	-0.115	0.04764111
371	G	0.205	0.0787784
372	G	0.267	0.0553944
373	C	0.349	0.02892904
374	C	0.245	-0.001155154
375	A	0.235	0.02487492
376	G	-0.120	0.061863
377	G	0.472	0.09371908
378	A	-0.465	0.1006776
379	T	-0.404	0.1145379
380	A	-0.302	0.1123248
381	G	0.173	0.07481869
382	G	0.263	0.02048038
383	C	0.298	-0.001040769
384	C	0.296	-0.06696515
385	T	0.447	-0.05244846
386	T	0.320	-0.03869369
387	G	-0.242	-0.03626854
388	A	-0.471	-0.03042862
389	G	-0.400	-0.03594008
390	A	-0.384	-0.02524
391	A	-0.276	-0.025409
392	A	-0.225	-0.04121
393	T	-0.271	-0.06675037
394	G	0.249	-0.07106075
395	G	0.191	-0.003136754
396	G	0.437	0.04945855
397	C	0.293	0.108056
398	A	0.242	0.1186745
399	G	-0.011	0.1059504
400	G	-0.298	0.08771478
401	T	0.411	0.02740186
402	T	0.283	-0.02084852
403	C	0.377	-0.03463098
404	T	-0.138	-0.02607806
405	G	-0.390	-0.02245468
406	A	-0.508	-0.03186562
407	A	-0.534	-0.01015569
408	A	-0.435	-0.01298923
409	G	0.258	-0.007410077
410	G	0.405	-0.01885046
411	G	0.289	0.006357846
412	G	-0.133	0.04196138
413	A	-0.015	0.08902145
414	G	0.374	0.1019503
415	G	0.355	0.1115652
416	G	0.228	0.05792353
417	C	0.189	-0.005871162
418	A	0.072	-0.05904308
419	T	0.103	-0.06712408
420	G	-0.366	-0.09751178
421	A	-0.310	-0.1558917
422	G	-0.438	-0.2171673
423	A	-0.424	-0.2034946
424	A	-0.401	-0.2286918
425	A	-0.238	-0.2417508
426	A	-0.410	-0.2358291
427	G	-0.384	-0.2374004
428	T	-0.440	-0.181553
429	A	0.406	-0.1822446
430	C	-0.138	-0.1798752
431	A	-0.097	-0.1463687
432	G	0.180	-0.1198743
433	A	-0.386	-0.06577734
434	G	0.415	-0.03529583
435	A	-0.447	0.02801371
436	T	-0.393	0.006952862
437	G	0.033	0.01199745
438	A	0.105	-0.02204889
439	C	0.292	-0.0723892
440	A	0.012	-0.07266735
441	G	0.382	-0.1295477
442	C	0.132	-0.07547274
443	A	-0.072	-0.0184092
444	A	-0.540	-0.05427868
445	A	-0.474	-0.03766898
446	G	-0.390	-0.09766252
447	A	-0.324	-0.1197046
448	G	0.255	-0.1807113
449	A	0.348	-0.1951783
450	G	-0.432	-0.2145187
451	A	0.321	-0.1742807
452	G	-0.487	-0.1028974
453	A	-0.274	-0.0856612
454	G	-0.410	-0.09719828
455	A	-0.055	-0.107502
456	G	-0.324	-0.1326268
457	A	-0.017	-0.1201651
458	G	0.453	-0.1322736
459	G	-0.166	-0.09901931
460	A	-0.474	-0.07503515
461	A	0.121	-0.02970492
462	G	0.021	0.002013323
463	G	-0.270	0.04490232
464	G	0.164	0.08096597
465	A	-0.055	0.07429451
466	C	0.037	0.09619389
467	A	0.178	0.166539
468	G	0.357	0.1660733
469	G	0.233	0.1740931
470	G	0.451	0.2167264
471	G	0.367	0.2055617
472	G	0.118	0.2189511
473	T	0.440	0.1855604
474	T	0.115	0.1368967
475	G	0.125	0.07998344
476	T	0.283	0.03467013
477	C	0.019	-0.01579095
478	A	0.118	-0.03520618
479	A	-0.396	-0.04763778
480	A	-0.454	-0.06268325
481	A	-0.382	-0.04986602
482	T	-0.355	-0.03720702
483	T	-0.204	-0.05903594
484	A	0.114	-0.06636958
485	G	-0.043	-0.1020087
486	G	0.244	-0.09494419
487	G	0.281	-0.05259455
488	A	0.290	0.001614831
489	G	0	0.03968006
 490	A	-0.076	0.06663752
491	G	-0.344	0.07955722
492	A	-0.304	0.08382499
493	A	0.096	0.03875999
494	T	0.322	-0.02032508
495	G	0.138	-0.05386239
496	T	0.146	-0.02681508
497	G	0.282	0.01253235
498	G	0.012	0.06975788
499	A	-0.340	0.06901335
500	A	-0.486	0.02328102
501	T	-0.145	-0.03281698
502	G	0.351	-0.08512575
503	G	0.435	-0.116732
504	T	0.399	-0.1662065
505	G	-0.314	-0.1965818
506	A	-0.498	-0.1526395
507	A	-0.407	-0.09199262
508	G	-0.541	-0.06370577
509	A	-0.264	-0.06419415
510	G	-0.360	-0.1080344
511	A	-0.382	-0.1323462
512	G	0.230	-0.09543499
513	C	0.302	-0.04103599
514	T	0.222	-0.001253838
515	G	0.345	0.06502362
516	T	-0.134	0.05063039
517	G	0.083	0.06167001
518	A	0.165	0.07790316
519	C	0.209	0.08693162
520	T	0.109	0.08250478
521	A	0.320	0.07999801
522	G	-0.451	0.07092785
523	G	-0.217	0.08129008
524	A	-0.171	0.05522146
525	G	0.347	0.006848154
526	T	0.244	0.002324308
527	C	0.189	-0.01665162
528	A	0.227	-0.01603308
529	G	0	0.04924215
 530	G	-0.255	0.09970969
531	A	-0.463	0.1403454
532	G	0.150	0.1349885
533	A	-0.136	0.1505084
534	C	0.328	0.1643333
535	C	0.396	0.1260352
536	C	0.439	0.1049891
537	G	0.356	0.1125984
538	G	0.277	0.1307545
539	C	0.446	0.1356738
540	T	0.369	0.1792695
541	G	-0.270	0.186005
542	T	-0.273	0.1747014
543	A	-0.156	0.175135
544	T	-0.227	0.1318315
545	C	0.214	0.07680385
546	C	0.430	0.02855308
547	C	0.416	-0.02237869
548	C	0.249	0.03090523
549	T	0.444	0.08621592
550	C	-0.206	0.1116576
551	A	-0.437	0.1654374
552	A	-0.180	0.1834049
553	C	-0.292	0.1601925
554	T	0.422	0.1616092
555	T	0.445	0.1477364
556	C	0.174	0.1022698
557	C	0.471	0.1294691
558	T	0.447	0.1981082
559	G	0.128	0.1957641
560	T	0.434	0.1856518
561	G	0.069	0.1610272
562	T	-0.146	0.1296885
563	G	0.147	0.1255796
564	A	0.454	0.1143005
565	T	-0.211	0.0638128
566	A	-0.424	-
567	T	0.102	-
568	T	0.038	-
569	G	0.120	-
570	G	0.324	-
571	G	-0.208	-
