1	T	-0.321	-
2	G	-0.082	-
3	T	0.432	-
4	T	-0.080	-
5	A	0.206	-
6	C	0.453	-
7	T	0.288	-
8	G	-0.021	-
9	T	0.120	-
10	T	-0.412	-
11	A	-0.275	-
12	A	-0.013	-
13	C	0.215	-
14	T	0.477	-
15	T	0.363	-
16	T	0.325	-
17	C	0.323	0.05325521
18	A	-0.365	0.05097859
19	A	0.313	0.04047088
20	T	0.015	0.02506964
21	C	0.467	0.02972726
22	A	0.082	0.02198646
23	T	0.148	0.0116041
24	G	-0.398	0.01449316
25	T	-0.366	0.02806224
26	T	-0.029	0.01390362
27	A	-0.370	0.02135103
28	T	-0.104	0.02746847
29	G	-0.239	0.02787441
30	C	0.508	0.03357732
31	A	0.452	0.01238317
32	T	0.189	-0.009966976
33	C	-0.067	-0.01895678
34	A	-0.424	-0.03806907
35	T	-0.398	-0.02899194
36	A	-0.439	-0.04904782
37	A	-0.091	-0.06475696
38	C	0.078	-0.09079843
39	G	-0.056	-0.08743581
40	T	0.100	-0.08151916
41	T	0.386	-0.07699972
42	T	0.439	-0.07871293
43	T	-0.360	-0.08588241
44	T	-0.159	-0.08474335
45	T	-0.067	-0.08872623
46	G	0	-0.08631508
 47	T	0.409	-0.09979421
48	T	-0.242	-0.09846309
49	T	-0.396	-0.1139667
50	A	0.020	-0.1131115
51	A	-0.326	-0.1121518
52	T	-0.056	-0.1114143
53	G	-0.368	-0.1065267
54	A	-0.518	-0.1048682
55	A	-0.417	-0.09580826
56	C	0.196	-0.08443361
57	A	0.349	-0.07885378
58	G	-0.244	-0.08922252
59	A	-0.424	-0.1149145
60	T	-0.273	-0.1162326
61	A	-0.331	-0.1092794
62	T	-0.240	-0.1020113
63	G	-0.157	-0.09093658
64	A	0.050	-0.09082219
65	G	0.497	-0.07038169
66	C	-0.337	-0.04810687
67	A	-0.038	-0.03963957
68	A	-0.391	-0.01964175
69	A	-0.373	-0.02864197
70	G	-0.273	-0.004090088
71	G	-0.034	0.02526853
72	A	0.386	0.04983071
73	C	0.329	0.05647088
74	G	0.290	0.05954324
75	T	0.033	0.07473529
76	T	-0.433	0.08722288
77	A	-0.405	0.09951221
78	A	0.076	0.1013121
79	T	0.179	0.1022055
80	C	0.376	0.1087757
81	C	0.413	0.1151891
82	C	0.452	0.0893897
83	G	0.360	0.1003569
84	G	0.308	0.09822697
85	T	0.353	0.1020257
86	A	-0.362	0.1130089
87	T	0.466	0.1338313
88	C	0.479	0.1440796
89	T	0.417	0.1356071
90	T	0.422	0.1344214
91	C	0.453	0.1367625
92	T	0.272	0.1405735
93	C	0	0.1521811
 94	T	0.144	0.1540465
95	A	-0.270	0.1441034
96	G	-0.209	0.1432681
97	T	0.065	0.1445869
98	T	0.268	0.1372372
99	G	-0.379	0.1363438
100	T	0.034	0.1213486
101	A	-0.111	0.1017531
102	G	-0.262	0.09622912
103	T	0	0.1013043
 104	T	0.434	0.09744541
105	G	0.313	0.08540732
106	T	0.098	0.08366379
107	G	0.289	0.0836515
108	T	0.370	0.08292706
109	G	0.163	0.06835271
110	T	-0.038	0.07168688
111	G	-0.341	0.08089129
112	G	-0.261	0.09605232
113	T	0.151	0.1159313
114	T	0.421	0.1111905
115	C	0.163	0.09673106
116	T	0.421	0.1175261
117	C	-0.149	0.1049775
118	G	-0.358	0.1005318
119	A	0.165	0.112453
120	G	-0.190	0.1215812
121	T	0.335	0.1093737
122	G	0.070	0.1115701
123	G	0.358	0.1122446
124	C	0.422	0.1083757
125	T	0.429	0.09259777
126	G	-0.223	0.1017419
127	C	0.113	0.1079047
128	G	0.457	0.109239
129	C	0.244	0.1194088
130	A	0.466	0.1038776
131	T	-0.095	0.08659856
132	G	-0.223	0.08972021
133	T	0.327	0.08876724
134	G	-0.391	0.1059457
135	A	-0.262	0.1160907
136	A	0.142	0.1107833
137	C	0.310	0.1173643
138	A	0.019	0.0950117
139	C	0.388	0.08541787
140	G	0.121	0.07607792
141	T	0.157	0.0682566
142	G	-0.166	0.05811504
143	T	0.474	0.07025007
144	G	0.170	0.0669159
145	A	-0.296	0.05141112
146	T	0.084	0.05652654
147	T	-0.376	0.04776968
148	T	-0.166	0.05774122
149	C	0.269	0.07117119
150	T	0.389	0.06958378
151	C	0.435	0.07197084
152	A	-0.013	0.08406475
153	G	-0.015	0.07575316
154	T	0.033	0.06540445
155	G	-0.424	0.06576139
156	T	-0.255	0.06827089
157	A	0.040	0.06227969
158	C	0.156	0.05878651
159	T	0.084	0.05709672
160	G	0.189	0.02920766
161	T	0	0.01614422
 162	A	-0.069	0.02675105
163	C	0.418	0.01831769
164	T	0.168	0.04002157
165	G	0.243	0.05820228
166	T	0.233	0.06474572
167	G	0.273	0.04328407
168	A	-0.310	0.02704148
169	T	0.149	0.03513773
170	T	-0.139	0.03995837
171	T	-0.041	0.02470029
172	G	0.031	0.03657056
173	T	0.473	0.0290228
174	T	-0.082	0.02269349
175	T	0.039	0.02164563
176	T	-0.223	0.0117986
177	T	-0.473	0.01240895
178	A	-0.273	0.02355024
179	T	0.064	0.03938052
180	T	-0.202	0.03871737
181	G	0.361	0.04664881
182	C	0.452	0.04589016
183	T	0.491	0.03902649
184	T	-0.340	0.03703055
185	G	-0.117	0.04489165
186	T	0.261	0.04576229
187	T	0.148	0.06310488
188	T	-0.485	0.07473159
189	T	-0.021	0.06933178
190	G	-0.512	0.04660716
191	T	-0.174	0.04292453
192	T	0.120	0.02692044
193	T	-0.250	0.03687088
194	C	0.209	0.06133676
195	C	0.378	0.08178735
196	C	0.468	0.09446287
197	C	0.396	0.1095487
198	T	0.438	0.08478626
199	C	0.217	0.05587655
200	A	0	0.0333654
 201	G	0.205	0.05178049
202	T	-0.043	0.0636997
203	G	0.178	0.05398512
204	T	0.449	0.06135315
205	C	0.353	0.08789885
206	T	-0.152	0.09582355
207	G	-0.298	0.1233541
208	T	-0.207	0.1424246
209	A	-0.504	0.1442244
210	A	0.114	0.1500124
211	C	0.357	0.1509016
212	C	0.421	0.1486238
213	C	0.495	0.1287023
214	T	0.310	0.1076169
215	T	-0.480	0.09408774
216	A	-0.530	0.09127709
217	G	-0.273	0.1009276
218	C	0.285	0.09375405
219	A	0.288	0.1005722
220	G	-0.068	0.1050867
221	G	0.399	0.1060092
222	C	0.417	0.09887736
223	T	0.248	0.09621395
224	C	0.423	0.1007058
225	T	0.473	0.0913748
226	G	0.181	0.09368424
227	A	-0.053	0.07508954
228	C	0.240	0.05186304
229	C	0.301	0.03632112
230	T	-0.208	0.02931059
231	A	-0.320	0.02224071
232	G	-0.021	0.03163457
233	T	0.122	0.03945566
234	C	0.328	0.0410741
235	A	-0.038	0.01661221
236	G	0.188	0.0186016
237	G	0.332	0.02283416
238	C	0.481	0.002582335
239	T	0.111	0.004059982
240	A	-0.242	0.005048659
241	G	-0.146	0.003902953
242	A	-0.525	0.002882512
243	A	-0.426	-0.00392345
244	G	-0.517	-0.001042294
245	A	-0.431	-0.01639971
246	A	-0.106	-0.01866947
247	G	0.256	-0.02205138
248	C	0.070	-0.007571706
249	A	-0.161	0.003884544
250	T	-0.264	0.004746603
251	A	-0.218	-0.001179603
252	A	-0.545	-0.01345894
253	G	0.355	-0.03232379
254	G	0.075	-0.04457003
255	A	-0.289	-0.05222097
256	T	0.467	-0.04537859
257	C	0.281	-0.02556429
258	T	0.384	-0.01933236
259	T	0.439	0.001973518
260	T	-0.049	0.01279865
261	T	0.044	0.02350041
262	A	-0.282	0.03960429
263	T	0.224	0.02644809
264	T	-0.323	0.02114466
265	G	0.171	0.03034054
266	C	0.367	0.03448766
267	T	0.151	0.05323607
268	T	0.126	0.07209907
269	T	-0.455	0.09450049
270	G	-0.452	0.09564666
271	T	-0.084	0.104497
272	G	0.220	0.1237681
273	C	0.343	0.1225232
274	T	0.431	0.108911
275	G	0.065	0.08534518
276	G	0.199	0.05623127
277	G	-0.058	0.04358773
278	T	-0.153	0.04033704
279	G	0.115	0.05141019
280	A	-0.553	0.04964922
281	G	0.076	0.07135101
282	G	0.382	0.0794351
283	G	-0.020	0.0783789
284	C	0.372	0.08674784
285	T	0.422	0.09006319
286	G	0.215	0.09705137
287	G	0.394	0.1030728
288	C	0.376	0.1025278
289	C	0.365	0.09711844
290	C	0.425	0.09980232
291	T	-0.181	0.101824
292	A	-0.416	0.1122968
293	A	-0.550	0.1057602
294	A	-0.479	0.1055993
295	C	-0.066	0.09807469
296	A	0.094	0.07909013
297	T	0.164	0.08300592
298	C	0.414	0.07642044
299	T	0.446	0.07063849
300	G	0.331	0.07647446
301	C	0.435	0.06159608
302	C	0.239	0.05997846
303	T	-0.218	0.06130585
304	A	-0.248	0.05787273
305	A	-0.102	0.04198241
306	T	0.036	0.03227206
307	C	0.435	0.009782474
308	C	0.499	0.002028768
309	T	0.421	-0.0007737029
310	T	-0.022	1.5e-07
311	T	-0.063	0.0002999147
312	C	-0.409	0.002246447
313	A	-0.529	0.01242389
314	A	-0.420	0.01797856
315	C	-0.147	0.01078933
316	G	0.186	0.001319859
317	G	0.178	-0.01255958
318	G	-0.133	-0.01235802
319	C	0.367	-0.009555024
320	C	0.260	-0.005676544
321	C	0.277	0.01386034
322	A	-0.163	0.02885354
323	G	0.035	0.02936897
324	G	-0.339	0.03144568
325	A	-0.444	0.02987121
326	A	-0.511	0.003437915
327	A	-0.524	-0.0003636853
328	A	-0.469	0.007400959
329	G	0	0.02956466
 330	C	0.440	0.05964849
331	C	0.353	0.08474034
332	A	0.169	0.09352399
333	G	0.124	0.09154428
334	A	-0.140	0.08071369
335	C	0.442	0.09068472
336	T	0.334	0.09379546
337	G	-0.086	0.07520211
338	G	0.416	0.07434337
339	C	0.406	0.09083284
340	A	0.054	0.1038275
341	T	0.505	0.1185678
342	C	0.446	0.1443024
343	A	-0.476	0.14718
344	T	-0.152	0.1511735
345	G	0.200	0.1519306
346	T	0.343	0.1564964
347	C	0.493	0.1357581
348	C	0.432	0.137295
349	A	0.151	0.1476415
350	C	0.118	0.1510458
351	A	-0.190	0.167792
352	G	0.205	0.1687989
353	C	0.473	0.1702495
354	A	-0.371	0.1776193
355	T	0.248	0.1788883
356	C	0.396	0.1623648
357	G	0.477	0.149865
358	C	0.161	0.1294776
359	T	0.430	0.1132171
360	T	-0.414	0.1346673
361	A	-0.388	0.1514881
362	A	-0.443	0.1585472
363	T	0.155	0.161562
364	A	-0.264	0.1363374
365	T	0.405	0.1228074
366	C	0.521	0.1293486
367	G	0.240	0.1326474
368	T	0.429	0.1485528
369	T	0.477	0.1559518
370	G	0.383	0.1535502
371	G	0.164	0.1764876
372	T	0.459	0.171628
373	T	-0.154	0.165846
374	G	-0.370	0.1568591
375	T	-0.187	0.1459365
376	C	-0.106	0.1379386
377	A	0.252	0.1481019
378	T	0.419	0.1534901
379	C	0.440	0.175111
380	C	0.446	0.1791759
381	A	-0.364	0.1961372
382	G	-0.027	0.1928268
383	A	0.373	0.1683192
384	C	0.231	0.1730441
385	A	0.350	0.1581422
386	C	0.457	0.1320917
387	C	0.391	0.1141647
388	T	0.408	0.1152921
389	C	0.083	0.09528297
390	A	0.200	0.08928423
391	A	0.172	0.1049068
392	C	-0.209	0.09705985
393	T	0.158	0.08931988
394	T	-0.068	0.06726417
395	G	-0.205	0.04012203
396	T	0.291	0.01380406
397	G	0.293	0.006910203
398	C	0.312	0.02189641
399	T	0.292	0.03490639
400	G	-0.311	0.03745095
401	C	0.400	0.04234886
402	A	-0.077	0.03371134
403	G	-0.408	0.03200714
404	A	-0.225	0.01524255
405	G	0.202	0.006555138
406	G	-0.221	0.001425341
407	A	-0.358	-0.002417024
408	A	0.160	-0.01178599
409	A	-0.454	-0.009506465
410	T	-0.369	-0.009987141
411	A	-0.497	-0.003302709
412	A	-0.503	-0.006018856
413	G	-0.454	-0.0205635
414	T	0.211	-0.01422436
415	T	0.145	-0.01104406
416	C	0.414	-0.02286268
417	C	0.460	-0.02412956
418	T	0.397	-0.0409793
419	T	0.056	-0.0515338
420	C	0.399	-0.03455612
421	T	-0.178	-0.03859591
422	C	0.113	-0.05130674
423	A	-0.090	-0.04077865
424	C	0.069	-0.02190594
425	G	-0.146	-0.02990677
426	G	-0.132	-0.03140768
427	A	0.141	-0.02963789
428	T	0.158	-0.02731939
429	C	-0.297	-0.02607383
430	A	-0.203	-0.02501618
431	T	0.508	-0.03455494
432	C	0.420	-0.03078915
433	A	-0.108	-0.0299385
434	T	-0.354	-0.03321597
435	G	-0.172	-0.04132844
436	A	-0.436	-0.04571826
437	T	0.168	-0.05299417
438	G	-0.362	-0.04117761
439	G	-0.229	-0.0311792
440	A	0.136	-0.0231574
441	T	0.282	-0.02116498
442	A	-0.111	-0.00582595
443	T	-0.505	-0.006848362
444	T	-0.309	-0.02374477
445	G	-0.418	-0.03998439
446	A	-0.460	-0.04689007
447	A	-0.418	-0.04046901
448	A	-0.112	-0.06425071
449	C	0.273	-0.08084374
450	C	0.443	-0.09186769
451	T	0.348	-0.0821942
452	C	0.121	-0.07478496
453	A	-0.092	-0.04904587
454	G	0.151	-0.04382696
455	G	0.223	-0.01832758
456	G	0.453	0.003033335
457	T	0.181	0.007500835
458	G	0.137	0.009272071
459	C	0.375	0.01490621
460	A	-0.167	0.02767582
461	G	-0.432	0.05201049
462	A	-0.393	0.06683983
463	A	-0.532	0.08039348
464	C	0.015	0.0983503
465	T	-0.299	0.1038156
466	A	-0.143	0.09343339
467	A	-0.483	0.09257471
468	C	-0.025	0.08965774
469	A	0.079	0.09824633
470	C	0.438	0.1128615
471	C	0.346	0.1218889
472	T	0.504	0.1112226
473	G	0.496	0.08480266
474	T	0.288	0.06827057
475	T	0.343	0.04862166
476	C	0.080	0.03239019
477	A	-0.071	0.04098054
478	T	0.517	0.0458634
479	C	0.085	0.04480046
480	A	0	0.04483634
 481	T	0.191	0.05353101
482	C	0.073	0.06332345
483	G	-0.079	0.07399374
484	T	0.414	0.09499118
485	G	0.249	0.09690131
486	G	0.413	0.1011336
487	A	0.404	0.07928692
488	T	0.458	0.0594136
489	G	-0.138	0.03928595
490	T	-0.445	0.01043307
491	T	-0.380	-0.00310005
492	A	-0.530	-0.003235521
493	A	-0.176	0.006996453
494	A	0.124	0.01603003
495	G	-0.266	-0.01018089
496	A	-0.429	-0.02165134
497	A	-0.531	-0.02353398
498	T	0.310	-0.02210445
499	T	0.033	-0.02163191
500	G	0.218	-0.02048834
501	G	0.230	-0.04180784
502	G	0.039	-0.06425949
503	T	0.223	-0.09033526
504	A	-0.303	-0.09425258
505	A	-0.329	-0.09571634
506	C	-0.180	-0.07855487
507	A	-0.484	-0.05741223
508	T	-0.171	-0.05749829
509	G	0.338	-0.05096567
510	C	0.428	-0.04910143
511	C	0.236	-0.05813684
512	A	-0.373	-0.04655776
513	A	-0.304	-0.04003626
514	G	-0.064	-0.0204834
515	C	0.240	-0.01765011
516	G	0.089	-0.009097835
517	G	-0.041	-0.009534629
518	T	-0.310	-0.002597688
519	A	-0.513	-0.008148418
520	A	-0.472	-0.01180089
521	G	0.271	-0.01432154
522	C	0.409	-0.01370331
523	C	0.444	-0.01889342
524	T	0.273	-0.01644351
525	T	-0.383	-0.0206396
526	G	-0.308	-0.03512213
527	G	-0.113	-0.04003375
528	A	-0.182	-0.03586919
529	T	0.127	-0.01127692
530	G	-0.207	0.01179331
531	G	0.133	0.02779389
532	G	0.407	0.008635718
533	C	0.324	-0.007477729
534	C	0.204	-0.01874495
535	A	0.465	-0.02494783
536	T	-0.149	-0.02427509
537	G	0.099	-0.01303199
538	A	-0.389	-0.03037993
539	G	-0.308	-0.03095846
540	A	-0.356	-0.04122126
541	A	-0.400	-0.0367917
542	T	-0.314	-0.01926432
543	A	-0.153	-0.003238438
544	T	0.261	0.004277915
545	C	0.377	0.0006462971
546	C	0.462	-0.01322932
547	T	0.479	-0.02197844
548	C	0.480	-0.03215406
549	T	-0.410	-0.05389173
550	A	-0.458	-0.07303159
551	A	-0.424	-0.08217047
552	A	-0.521	-0.08651038
553	A	-0.491	-0.06959691
554	A	-0.090	-0.06196967
555	G	-0.318	-0.03771808
556	C	0.389	-0.01777976
557	A	0.095	0.005335126
558	C	0.424	0.03033919
559	G	0.212	0.04150657
560	C	0.236	0.04893664
561	A	0.142	0.0443092
562	G	-0.305	0.02692767
563	T	-0.344	-0.002720238
564	A	-0.505	-0.01255721
565	T	-0.212	-0.02051059
566	T	-0.331	-0.005543965
567	G	-0.326	0.02028006
568	T	-0.106	0.03429641
569	G	0.318	0.06023959
570	C	0.425	0.07468147
571	C	0.358	0.08972316
572	C	0.434	0.1115179
573	C	0.369	0.1056602
574	T	0.429	0.1087514
575	C	0.449	0.1062843
576	T	0.065	0.1015184
577	C	0.098	0.08783601
578	A	0.103	0.08528507
579	C	-0.213	0.08350316
580	A	-0.545	0.1053379
581	A	0.145	0.1274218
582	C	0.209	0.1403943
583	C	0.097	0.1576224
584	A	0.419	0.1734385
585	A	0.052	0.1886009
586	C	0.360	0.1908303
587	A	0	0.1873953
 588	C	0.420	0.1896011
589	A	0.422	0.1893328
590	C	0.190	0.1887868
591	A	0.200	0.1860951
592	C	0.340	0.1826734
593	A	0.050	0.1868537
594	T	-0.228	0.1967735
595	G	0.055	0.2049633
596	A	-0.366	0.2237985
597	C	0.397	0.253664
598	C	0.245	0.2619649
599	T	0.228	0.2506904
600	G	0.253	0.2360587
601	T	0.211	0.2115019
602	C	0.408	0.2131354
603	C	0.394	0.1924839
604	C	0.308	0.1796394
605	C	0.433	0.1604984
606	T	0.425	0.1406603
607	G	0.350	0.1364763
608	G	0.337	0.1344529
609	C	0.332	0.1205552
610	A	0.207	0.1241533
611	C	0.435	0.1430242
612	C	0.382	0.1522531
613	C	0.427	0.1508995
614	C	0.470	0.1484954
615	C	0.427	0.1412725
616	A	-0.173	0.1232572
617	A	-0.399	0.1144091
618	A	-0.415	0.1069671
619	T	0.108	0.08184566
620	T	-0.341	0.07511881
621	T	-0.436	0.0717871
622	A	-0.229	0.06193721
623	A	-0.251	0.06557456
624	G	0.047	0.05638468
625	A	0.131	0.04160753
626	G	-0.132	0.02490021
627	T	0.173	0.01639646
628	G	0.412	0.01175567
629	G	0.369	0.003829903
630	A	-0.412	-0.003830538
631	T	0.316	-0.01697747
632	T	0	-0.02378027
 633	G	-0.383	-0.006418268
634	C	-0.046	0.001665821
635	A	-0.041	0.02132088
636	A	-0.445	0.0153612
637	A	0.165	0.03605391
638	T	0.195	0.06107679
639	C	0.099	0.08024011
640	T	0.549	0.09768505
641	T	0.038	0.109305
642	T	-0.164	0.1175733
643	T	-0.235	0.1308675
644	G	-0.081	0.1299715
645	G	0.278	0.1159156
646	A	0.112	0.1077989
647	G	0.166	0.1231128
648	A	0.023	0.1279083
649	C	0.196	0.1233546
650	C	0.416	0.1466895
651	A	-0.124	0.143114
652	T	0.252	0.1307063
653	G	-0.094	0.1298954
654	G	0.362	0.1152481
655	C	0.414	0.09906934
656	C	0.421	0.08155009
657	C	0.341	0.05544339
658	T	0.443	0.06492977
659	G	0.413	0.08328847
660	C	0.319	0.1037181
661	T	0.142	0.09752636
662	A	-0.065	0.08934395
663	C	0.093	0.08831927
664	A	0.108	0.08773306
665	T	0.479	0.07990391
666	G	-0.154	0.08156282
667	T	0.409	0.08432541
668	A	-0.168	0.08505554
669	G	-0.463	0.06807892
670	A	-0.472	0.0624574
671	A	-0.332	0.06039231
672	A	-0.354	0.05525134
673	A	-0.496	0.05001754
674	A	-0.338	0.05199125
675	C	0.360	0.04992884
676	C	0.459	0.04452693
677	T	0.459	0.04666513
678	G	-0.291	0.05529869
679	T	0	0.07089186
 680	T	0.077	0.08108536
681	C	0.146	0.08342662
682	T	-0.242	0.06639004
683	G	0.252	0.05799345
684	C	0.510	0.03219712
685	T	-0.099	0.02479245
686	A	-0.324	0.02628848
687	T	-0.285	0.02651171
688	T	0.291	0.03352438
689	C	0.239	0.05713665
690	C	0.243	0.08070035
691	T	0.408	0.09645656
692	G	0.372	0.08814649
693	G	0.229	0.06650604
694	G	0.392	0.04213399
695	C	0.436	0.03904675
696	C	0.464	0.02961722
697	C	0.439	0.02138158
698	A	0.187	0.02243326
699	C	-0.100	0.02957935
700	A	-0.440	0.02604591
701	A	-0.467	0.02140782
702	T	-0.420	0.03439204
703	A	-0.412	0.05313439
704	A	-0.465	0.05621607
705	A	-0.094	0.04253548
706	C	0.448	0.02032674
707	C	0.304	0.01044189
708	C	0.197	0.01353233
709	A	0.078	-0.002609756
710	G	-0.276	-0.0247112
711	A	-0.369	-0.03490261
712	A	-0.396	-0.03413481
713	A	-0.320	-0.03627258
714	T	-0.202	-0.04043555
715	T	0.182	-0.04184746
716	A	0	-0.04961366
 717	T	0.132	-0.04765902
718	G	0.352	-0.03237422
719	T	0.341	-0.03053701
720	T	0.313	-0.03257375
721	T	-0.180	-0.0318191
722	T	-0.173	-0.04522583
723	G	-0.515	-0.06618762
724	A	-0.092	-0.06720009
725	G	0.513	-0.07102104
726	T	-0.175	-0.06225176
727	T	-0.522	-0.04241874
728	A	0.046	-0.01940056
729	C	0.462	0.005889471
730	T	0.392	0.01969079
731	G	0.298	0.03754444
732	T	0.139	0.03666638
733	G	-0.364	0.04381832
734	A	-0.373	0.04654985
735	T	0.051	0.05179912
736	T	-0.357	0.03672162
737	T	-0.482	0.01372635
738	A	-0.439	0.007918471
739	A	-0.549	0.005997235
740	A	-0.264	0.01158415
741	C	0.270	0.006518088
742	T	0.067	-0.01768465
743	C	0.376	-0.01867968
744	C	0.397	-0.01473191
745	C	0.413	-0.02731289
746	T	0.463	-0.04336743
747	C	0.148	-0.0530239
748	T	0.404	-0.0532694
749	C	0.152	-0.04459028
750	T	0.243	-0.02541119
751	T	0.225	-0.01358831
752	C	0.531	-0.02895528
753	T	-0.171	-0.02439316
754	T	-0.468	-0.02650269
755	A	-0.378	-0.009652047
756	A	-0.238	0.01943425
757	A	-0.325	0.03926895
758	T	-0.264	0.04400869
759	G	-0.309	0.05370784
760	G	-0.209	0.04263755
761	A	-0.387	0.0415484
762	A	-0.381	0.03422787
763	C	-0.083	0.03158993
764	A	0.063	0.02208073
765	G	0.289	0.001973579
766	C	0.435	-0.0007960059
767	T	0.287	0.001974318
768	C	0.028	0.0009807882
769	A	-0.470	-0.006215271
770	T	-0.202	0.006589729
771	T	-0.553	0.02500682
772	G	0.133	0.04216185
773	G	0.439	0.05504229
774	G	0.409	0.0693367
775	G	0.431	0.08887876
776	C	0.397	0.1112505
777	T	0	0.1245176
 778	T	0.360	0.1335592
779	T	0.164	0.1412961
780	C	0.373	0.1366169
781	T	-0.174	0.1359308
782	G	-0.278	0.1417169
783	G	0.058	0.1377545
784	A	0.337	0.1396568
785	T	0.191	0.1301251
786	C	0.286	0.1311072
787	T	0.264	0.1232722
788	G	0.157	0.1264195
789	T	0.204	0.1099559
790	T	0.199	0.08340432
791	T	0.160	0.05925897
792	C	0.399	0.0416107
793	C	0.451	0.01879126
794	A	0.241	0.007954203
795	T	-0.080	-0.01769056
796	T	-0.118	-0.01145833
797	T	-0.242	-0.0161095
798	T	0.040	-0.006822268
799	T	0.486	-0.003546032
800	C	0.300	-0.01351954
801	T	0.352	-0.02790483
802	T	-0.295	-0.03097246
803	T	-0.437	-0.03070384
804	A	-0.469	-0.02562687
805	A	-0.446	-0.04106937
806	A	-0.426	-0.03373405
807	A	-0.463	-0.02548314
808	A	-0.411	-0.02588125
809	T	-0.168	-0.03455596
810	A	-0.378	-0.05053685
811	A	-0.368	-0.06554259
812	A	-0.510	-0.05364536
813	T	0.376	-0.04011013
814	T	0.215	-0.02704692
815	G	0.141	-0.03279041
816	T	-0.167	-0.05937417
817	G	-0.280	-0.07175408
818	A	-0.151	-0.09082511
819	G	0.087	-0.0932282
820	C	0.295	-0.06926641
821	A	0.436	-0.06584867
822	T	-0.367	-0.06234094
823	G	0.454	-0.06441096
824	C	0.479	-0.0552427
825	A	0.146	-0.03074026
826	T	0.104	-0.01299696
827	T	-0.092	0.01054668
828	G	-0.268	0.01876131
829	T	0.324	0.04056522
830	G	0.341	0.04155266
831	G	0.201	0.02615566
832	T	-0.154	0.01226296
833	G	-0.417	0.02964628
834	A	-0.120	0.0515086
835	T	-0.295	0.06652007
836	G	-0.377	0.0674982
837	C	0.377	0.06457126
838	A	-0.352	0.04946
839	G	-0.327	0.05161211
840	A	-0.496	0.02967911
841	G	-0.151	0.004166174
842	G	0.421	-0.01621777
843	C	0.434	-0.02294886
844	A	0.421	-0.02442387
845	G	-0.089	-0.02186093
846	G	0.230	-0.02852455
847	C	0.409	-0.03425979
848	A	-0.308	-0.02750376
849	T	-0.331	-0.009902141
850	T	0.423	0.01451321
851	C	0.462	0.02975056
852	T	0.358	0.02561968
853	G	0.120	0.02218701
854	T	0.196	-0.003345641
855	G	-0.076	0.003080918
856	A	-0.294	0.001737065
857	G	-0.291	0.01777472
858	A	-0.387	0.01387684
859	T	-0.546	-0.004248368
860	A	-0.123	-0.005579926
861	C	-0.142	-0.004563456
862	A	-0.181	0.009935476
863	A	0.097	0.01616509
864	G	0.146	0.01208448
865	C	0.431	0.02663145
866	T	0.443	0.02496262
867	C	0.412	-0.002825671
868	C	0.397	-0.03074146
869	A	-0.436	-0.05203858
870	G	-0.494	-0.05676055
871	A	-0.490	-0.06915023
872	A	-0.134	-0.06178585
873	G	-0.373	-0.04760705
874	G	0.048	-0.03466494
875	A	-0.284	-0.02679482
876	T	-0.194	0.003976212
877	T	0.389	0.01780515
878	C	0.456	0.02595192
879	T	0.403	0.02755289
880	C	0.442	0.03299271
881	C	0.271	0.02575099
882	T	0.186	0.006978929
883	C	-0.387	-0.008452776
884	A	-0.521	-0.01360151
885	A	-0.486	-0.02597946
886	T	-0.365	-0.004659694
887	G	-0.039	0.01855219
888	T	-0.225	0.03749069
889	G	0.173	0.04322298
890	T	0.187	0.06560269
891	C	0.148	0.07061615
892	A	-0.119	0.09178706
893	G	0.499	0.1083866
894	T	0.346	0.1062745
895	G	0.134	0.1078078
896	T	-0.127	0.09231162
897	T	0.282	0.06783268
898	G	-0.099	0.04775706
899	G	-0.207	0.02841391
900	G	-0.080	0.02877888
901	A	0.237	0.03164856
902	T	-0.023	0.03378991
903	G	0.288	0.03371176
904	C	0.294	0.03456888
905	A	0.153	0.02853397
906	C	0.060	0.03420829
907	A	0.387	0.04360126
908	C	0.218	0.0551965
909	T	0.435	0.04458661
910	T	0.370	0.01940476
911	C	0.317	0.02319944
912	C	0.508	0.02346832
913	T	-0.123	0.03829453
914	A	-0.390	0.04328756
915	A	-0.411	0.05067987
916	A	-0.471	0.06825593
917	T	-0.375	0.08077887
918	A	-0.423	0.07745119
919	A	-0.413	0.09109091
920	A	-0.368	0.08728555
921	T	-0.010	0.09097635
922	C	-0.430	0.1004522
923	A	0.366	0.1043621
924	T	0.506	0.1036338
925	C	0.542	0.1057686
926	A	-0.480	0.09129194
927	T	-0.356	0.09475179
928	T	0.475	0.07946052
929	G	0.143	0.05272738
930	T	0.376	0.04590535
931	C	0.452	0.04469482
932	T	0.151	0.05009973
933	C	0.390	0.05944023
934	C	0.344	0.06395529
935	G	0.124	0.08918588
936	T	0.440	0.1123218
937	C	0.159	0.1341571
938	T	0.420	0.1430498
939	T	0.475	0.1666274
940	C	0.193	0.1653663
941	T	0.362	0.1422457
942	C	0.291	0.1295454
943	C	-0.056	0.1390962
944	A	0.487	0.1408038
945	T	-0.202	0.1263993
946	T	-0.400	0.130733
947	A	-0.355	0.1326041
948	A	-0.431	0.112647
949	T	-0.227	0.09687263
950	A	-0.153	0.07797366
951	G	-0.222	0.06887014
952	C	0.434	0.06163199
953	G	0.373	0.06074202
954	C	0.374	0.05991543
955	T	0.291	0.04655632
956	C	0.371	0.02087044
957	T	0.323	0.002047762
958	T	-0.279	-0.02336344
959	T	0.110	-0.04747518
960	C	-0.155	-0.04622822
961	A	-0.298	-0.0491651
962	G	-0.014	-0.04074912
963	T	0.291	-0.02462912
964	G	0.440	-0.01698839
965	T	-0.226	-0.01829566
966	G	-0.384	-0.0096123
967	A	-0.252	0.003489082
968	C	0.035	0.02302108
969	A	-0.121	0.02049849
970	T	0.410	0.01589705
971	G	0.131	-0.004306506
972	G	-0.033	-0.02369009
973	A	-0.397	-0.04167595
974	A	-0.446	-0.04135739
975	A	-0.501	-0.02067698
976	A	-0.528	-0.01358974
977	G	-0.014	0.004623435
978	C	0.387	0.02619829
979	A	0.083	0.02809702
980	G	0.147	0.03213029
981	G	-0.095	0.0114299
982	A	-0.475	0.005978844
983	T	0.067	0.01416502
984	G	0.291	0.02332644
985	G	0.442	0.03715035
986	C	0.348	0.03145815
987	A	0.216	0.02853935
988	T	-0.312	0.01809218
989	A	-0.367	0.02781149
990	C	-0.240	0.0263777
991	A	0.334	0.03284023
992	C	0.423	0.04594715
993	C	0.351	0.07237603
994	C	0.463	0.08591178
995	C	0.435	0.08355475
996	A	0.050	0.08171277
997	C	0.428	0.08094689
998	T	-0.263	0.08936057
999	G	-0.411	0.1104907
1000	A	-0.106	0.1160242
1001	A	0.059	0.1078473
1002	G	0.505	0.08489261
1003	G	-0.314	0.06739794
1004	A	0.310	0.05399038
1005	T	-0.224	0.07646261
1006	G	0.296	0.09711132
1007	T	-0.446	0.1173582
1008	A	-0.226	0.1216776
1009	G	-0.055	0.1085349
1010	G	0.370	0.09048855
1011	C	0.445	0.07300111
1012	G	0.307	0.07124134
1013	G	0.021	0.082961
1014	A	0.121	0.07739059
1015	G	0.190	0.09122553
1016	G	0.242	0.1166098
1017	C	0.255	0.1315327
1018	A	0.013	0.1427147
1019	G	-0.338	0.1150428
1020	A	-0.246	0.1121057
1021	T	-0.239	0.09751976
1022	C	0.451	0.09533311
1023	T	0.334	0.09246611
1024	C	0.448	0.1195957
1025	T	0.481	0.1393981
1026	C	-0.022	0.1450632
1027	A	-0.261	0.1380592
1028	A	-0.131	0.131401
1029	C	0.375	0.1239528
1030	C	0.448	0.1192562
1031	A	0.238	0.1097559
1032	G	0.206	0.1093525
1033	G	0.451	0.101711
1034	C	0.401	0.1048499
1035	A	0.439	0.1163708
1036	T	-0.435	0.1331172
1037	A	-0.414	0.1485895
1038	T	-0.185	0.1523137
1039	T	-0.298	0.1505449
1040	G	0.199	0.1364559
1041	C	0.475	0.1294809
1042	T	0.446	0.1107551
1043	T	0.137	0.1057099
1044	C	0.132	0.1076702
1045	T	0.219	0.1226096
1046	G	0.054	0.1209223
1047	T	-0.138	0.1205539
1048	A	-0.201	0.1153167
1049	C	0.177	0.1087086
1050	T	-0.017	0.08991466
1051	G	0.362	0.08034539
1052	C	0.405	0.0728308
1053	T	0.230	0.08801811
1054	C	0.279	0.09803479
1055	T	-0.112	0.1051166
1056	T	0.391	0.1156458
1057	C	-0.144	0.1156055
1058	T	0.211	0.1122763
1059	T	-0.155	0.1057007
1060	T	-0.194	0.1093856
1061	T	-0.195	0.1159723
1062	G	0.376	0.1199694
1063	C	0.317	0.1311245
1064	T	0.436	0.1441212
1065	C	0.060	0.1582854
1066	T	-0.017	0.147761
1067	A	-0.187	0.1412322
1068	A	0.075	0.1234404
1069	G	0.184	0.1254183
1070	G	0.080	0.1240696
1071	T	-0.074	0.1228066
1072	A	0.055	0.1412471
1073	T	0.059	0.1248282
1074	G	0.197	0.1157528
1075	G	0.362	0.09512245
1076	G	0.222	0.1053454
1077	T	0.262	0.1232703
1078	T	0.356	0.1370571
1079	C	0.355	0.1273585
1080	C	0.433	0.1034383
1081	C	0.303	0.08001589
1082	T	0.280	0.06779314
1083	C	-0.180	0.0655874
1084	A	-0.239	0.08431154
1085	A	-0.242	0.09262259
1086	C	0.472	0.08383776
1087	C	0.185	0.0901066
1088	T	0.236	0.1038299
1089	C	0.514	0.09057424
1090	T	-0.166	0.07932058
1091	T	-0.452	0.06371161
1092	A	-0.490	0.06034185
1093	G	0.192	0.06278088
1094	C	0.415	0.06650755
1095	T	0.273	0.06184505
1096	A	0.046	0.05998111
1097	G	-0.495	0.05525367
1098	A	-0.360	0.04507297
1099	G	-0.354	0.03104485
1100	A	-0.092	0.02131271
1101	C	0.449	0.01744024
1102	C	0.358	0.02914903
1103	A	-0.114	0.02346726
1104	G	0.294	0.02204668
1105	C	0.392	0.02676724
1106	A	-0.394	0.01908947
1107	A	-0.323	0.03623891
1108	A	-0.332	0.05998791
1109	T	0.248	0.08218647
1110	G	0.305	0.07653441
1111	T	0.389	0.07166547
1112	C	0.197	0.07621594
1113	A	0.291	0.08203826
1114	G	0.273	0.1044666
1115	G	-0.042	0.1063197
1116	G	-0.196	0.1230167
1117	A	-0.511	0.1385764
1118	A	-0.370	0.1350818
1119	G	0.155	0.1306452
1120	C	0.279	0.1460547
1121	A	0.136	0.149101
1122	C	0.397	0.1524628
1123	C	0.253	0.1760733
1124	C	0.416	0.1930681
1125	G	0.354	0.2080165
1126	G	0.264	0.2018297
1127	T	0	0.1860498
 1128	G	0.249	0.1622226
1129	T	0.428	0.1533213
1130	C	0.244	0.146076
1131	T	0.267	0.1265308
1132	G	-0.297	0.1198704
1133	G	0.212	0.1203849
1134	C	0.436	0.1324144
1135	T	0.330	0.1390081
1136	C	0.207	0.1434665
1137	C	0.409	0.1488851
1138	C	0.397	0.1552369
1139	C	0.506	0.1500095
1140	T	0.407	0.1428975
1141	T	0.254	0.1353106
1142	C	0.175	0.1382088
1143	C	0.037	0.1428617
1144	A	-0.230	0.1565049
1145	A	-0.421	0.146174
1146	A	-0.105	0.1250295
1147	T	0.045	0.1093871
1148	C	-0.391	0.09805791
1149	A	-0.269	0.1099773
1150	A	-0.179	0.1048425
1151	C	-0.102	0.07981118
1152	A	-0.146	0.06587171
1153	C	0.307	0.04563545
1154	C	0.463	0.03437538
1155	A	0.352	0.01255679
1156	G	0.219	-0.01460656
1157	T	0.011	-0.03956621
1158	G	0.158	-0.06190041
1159	T	0.453	-0.07692633
1160	C	0.422	-0.07866203
1161	T	0.463	-0.06719259
1162	T	-0.101	-0.049892
1163	G	-0.290	-0.05004906
1164	T	-0.287	-0.04651346
1165	T	-0.117	-0.04630211
1166	A	0.107	-0.03749196
1167	C	0.038	-0.04295443
1168	A	-0.414	-0.05525246
1169	G	-0.143	-0.06667643
1170	A	-0.480	-0.09102701
1171	C	0.026	-0.09568263
1172	A	-0.344	-0.09961431
1173	A	-0.416	-0.09510651
1174	G	-0.440	-0.08388324
1175	A	-0.504	-0.0813675
1176	A	-0.335	-0.09268869
1177	G	-0.021	-0.1044212
1178	T	0.159	-0.1127565
1179	C	0.167	-0.1056156
1180	A	-0.110	-0.08982401
1181	G	0.165	-0.06996116
1182	A	-0.384	-0.05242272
1183	G	0.030	-0.05597248
1184	G	-0.364	-0.06105313
1185	A	-0.520	-0.03818381
1186	A	-0.534	-0.02859134
1187	A	-0.520	-0.00625975
1188	G	0.305	-0.002150712
1189	G	0.219	0.02080758
1190	G	0.372	0.03892605
1191	C	0.393	0.04815688
1192	G	0.243	0.05912652
1193	G	0.068	0.05312661
1194	G	0.023	0.05375026
1195	G	0.180	0.04993115
1196	T	0.141	0.05722106
1197	C	0.246	0.07078053
1198	C	0.388	0.07415988
1199	C	0.478	0.06977103
1200	A	-0.012	0.05286885
1201	G	-0.134	0.06901235
1202	C	0.362	0.09681414
1203	A	0.182	0.1157059
1204	G	0.278	0.1320758
1205	G	0.166	0.1293309
1206	G	0.436	0.1160244
1207	C	0.199	0.09721256
1208	A	-0.126	0.08438278
1209	G	-0.131	0.07450215
1210	A	-0.539	0.06620931
1211	A	0	0.06718788
 1212	G	0.029	0.07485729
1213	C	0.415	0.08254956
1214	C	0.350	0.0768776
1215	T	0.280	0.07824322
1216	A	-0.533	0.07777289
1217	A	-0.544	0.08861906
1218	G	0.184	0.09804965
1219	C	0.424	0.0833823
1220	T	0.107	0.07416212
1221	A	0.035	0.05931433
1222	C	0.212	0.05254772
1223	T	-0.233	0.03863399
1224	A	-0.266	0.0384964
1225	T	-0.043	0.05271755
1226	G	-0.092	0.05930664
1227	A	-0.213	0.0744944
1228	G	0.057	0.07794034
1229	G	0.441	0.08711164
1230	C	0.402	0.08616593
1231	A	0.053	0.08871564
1232	C	0.434	0.09341219
1233	T	0.462	0.1237747
1234	C	0.355	0.1524568
1235	A	0.186	0.1501436
1236	C	-0.135	0.1376576
1237	A	-0.131	0.1281611
1238	A	-0.226	0.1383892
1239	G	-0.063	0.1433026
1240	T	-0.036	0.1618654
1241	G	0.194	0.1824206
1242	G	0.356	0.1949734
1243	C	0.092	0.2118035
1244	A	-0.023	0.2147921
1245	G	0.117	0.2105854
1246	C	0.341	0.1862858
1247	T	0.382	0.1617282
1248	C	0.437	0.1508527
1249	C	0.440	0.1296669
1250	T	0.498	0.1046429
1251	G	0.430	0.08656703
1252	T	0.105	0.08155352
1253	T	0	0.09407602
 1254	A	-0.215	0.1006072
1255	C	0.383	0.1155295
1256	T	0.379	0.1268748
1257	C	0.397	0.1407264
1258	C	0.432	0.1439937
1259	C	0.383	0.129615
1260	T	0.479	0.1230955
1261	C	-0.112	0.1241754
1262	T	-0.085	0.1294363
1263	T	-0.384	0.1329184
1264	A	-0.432	0.1238594
1265	A	-0.316	0.1016522
1266	A	-0.285	0.07692126
1267	T	-0.388	0.04670767
1268	T	-0.258	0.02853076
1269	A	0.015	0.02380089
1270	T	0.289	0.01519636
1271	G	0.091	0.005674512
1272	T	0.281	-0.002097841
1273	G	0.321	-0.007002782
1274	G	0.434	-0.01212693
1275	G	0.305	-0.01120225
1276	A	-0.132	-0.01107281
1277	A	-0.129	-0.02715122
1278	A	0.013	-0.03230105
1279	T	0.296	-0.022619
1280	C	0.459	-0.02043285
1281	T	0.074	-0.005589888
1282	T	-0.317	0.01617599
1283	A	-0.400	0.03622217
1284	A	-0.528	0.0573952
1285	C	-0.187	0.07697385
1286	G	-0.055	0.08716203
1287	G	-0.292	0.07459
1288	A	-0.539	0.06788198
1289	A	0.119	0.0523203
1290	G	0.212	0.03478633
1291	G	0.223	0.01048624
1292	G	0.463	-0.007141726
1293	C	0.388	-0.01234214
1294	A	-0.066	0.004412626
1295	A	-0.287	0.01753693
1296	T	0.243	0.01961701
1297	G	-0.310	0.01814413
1298	G	0.072	0.02399169
1299	G	0.423	0.03717731
1300	C	0.396	0.05694801
1301	C	0.331	0.08536501
1302	C	0.407	0.08817059
1303	C	0.362	0.07852537
1304	A	-0.137	0.07921122
1305	G	-0.137	0.08662069
1306	G	-0.247	0.09169078
1307	A	-0.274	0.07823696
1308	A	-0.391	0.07215172
1309	T	-0.293	0.07039422
1310	A	-0.309	0.06701143
1311	C	0.440	0.07167631
1312	C	0.459	0.08736772
1313	T	0.366	0.07871187
1314	G	0.409	0.07915863
1315	C	0.273	0.06574205
1316	A	0.130	0.05962226
1317	G	0.271	0.05943996
1318	C	0.437	0.06201831
1319	G	-0.091	0.0546142
1320	T	-0.383	0.0344762
1321	A	-0.269	0.04398764
1322	G	-0.287	0.04988945
1323	T	0.291	0.04878913
1324	G	-0.245	0.05519766
1325	A	0.016	0.07967637
1326	C	0.403	0.09132928
1327	C	0.273	0.1098304
1328	T	0.091	0.1108656
1329	C	0.246	0.1100545
1330	A	-0.051	0.1036484
1331	G	-0.295	0.09883916
1332	A	-0.383	0.08159413
1333	T	0.215	0.06802804
1334	C	0.389	0.04535543
1335	C	0.419	0.0297211
1336	T	0.155	0.03592035
1337	G	-0.322	0.06173638
1338	A	0.185	0.07045929
1339	T	0.063	0.09324146
1340	A	-0.285	0.06861743
1341	C	-0.056	0.06458373
1342	T	0.440	0.05192217
1343	C	0.102	0.03062999
1344	A	0.319	0.01761943
1345	C	0.475	0.006128726
1346	C	0.432	0.008594726
1347	A	0.148	0.02433211
1348	T	0.246	0.03086843
1349	G	-0.312	0.03928545
1350	A	-0.330	0.04328274
1351	A	-0.499	0.03181745
1352	A	-0.093	0.009855421
1353	C	0.118	0.004920418
1354	T	0.494	-0.0004689059
1355	C	0.027	-0.01780123
1356	T	0.487	-0.01467304
1357	A	-0.545	-0.002134279
1358	A	-0.382	-0.005860253
1359	G	-0.413	-0.02075653
1360	A	-0.320	-0.03109983
1361	T	-0.169	-0.03000262
1362	A	-0.298	-0.03867118
1363	C	0.330	-0.06332606
1364	T	0.483	-0.06215827
1365	G	-0.073	-0.06718105
1366	A	-0.097	-0.05584974
1367	T	0.351	-0.03368557
1368	T	0	-0.008360685
 1369	G	-0.327	-0.006496362
1370	G	-0.012	0.001610226
1371	A	-0.505	0.0002438735
1372	A	-0.403	0.005167288
1373	G	0.169	-0.003367535
1374	C	0.141	0.02508252
1375	G	-0.183	0.04830694
1376	A	-0.066	0.07352152
1377	C	-0.249	0.09528879
1378	T	0.357	0.1019026
1379	T	0.180	0.1062586
1380	G	-0.406	0.1081513
1381	T	0.188	0.08758286
1382	G	0.075	0.09737316
1383	G	0.072	0.1062079
1384	C	0.422	0.08029055
1385	T	0.361	0.08989334
1386	G	-0.030	0.1080676
1387	C	0.394	0.1174372
1388	T	0.447	0.1386843
1389	G	0.194	0.1519723
1390	G	0.197	0.146628
1391	C	0.421	0.1483775
1392	T	0.407	0.1665145
1393	G	0.443	0.173848
1394	T	0.419	0.1868925
1395	G	0.055	0.1854053
1396	T	-0.150	0.1810027
1397	G	0.394	0.1861843
1398	T	-0.215	0.1928764
1399	G	0.259	0.2016268
1400	T	0.202	0.212229
1401	G	-0.529	0.2100436
1402	A	0.326	0.2062647
1403	C	0.290	0.2157477
1404	T	0.306	0.210631
1405	C	0.216	0.2002339
1406	T	0.048	0.2056405
1407	G	-0.011	0.2066069
1408	C	0.200	0.2069782
1409	C	0.433	0.2073699
1410	G	0.183	0.2058963
1411	G	0.194	0.2020565
1412	G	0.306	0.2123497
1413	G	0.031	0.2243397
1414	A	-0.229	0.2115137
1415	C	0.416	0.2122192
1416	C	0.372	0.1904363
1417	C	0.433	0.1940832
1418	T	0.348	0.221904
1419	G	0.233	0.2263997
1420	G	0.291	0.2269993
1421	C	0.220	0.226371
1422	A	0.094	0.218567
1423	G	0.378	0.2205187
1424	C	0.229	0.2186098
1425	C	0.434	0.2056904
1426	C	0.420	0.1958262
1427	C	0.393	0.1968153
1428	C	0.289	0.1954619
1429	C	0.405	0.1988297
1430	T	0.257	0.2101382
1431	G	-0.041	0.2285326
1432	T	-0.191	0.229062
1433	A	-0.480	0.2206602
1434	G	0.326	0.2172882
1435	C	0.416	0.2085996
1436	T	0.479	0.2061942
1437	G	0.310	0.2117696
1438	T	0.284	0.2099697
1439	C	-0.048	0.2148349
1440	T	0.114	0.2167482
1441	T	-0.076	0.2217347
1442	G	-0.238	0.220232
1443	A	0.098	0.2205417
1444	T	0.216	0.2128497
1445	G	0.148	0.1883218
1446	C	0.421	0.1752312
1447	C	0.415	0.1591015
1448	T	0.395	0.1590091
1449	C	0.434	0.1741274
1450	T	0.087	0.1940176
1451	C	0.318	0.195019
1452	T	0.053	0.1940346
1453	G	0.151	0.1933391
1454	T	0.481	0.1987462
1455	C	0.159	0.1946291
1456	A	0.259	0.1980091
1457	C	0.443	0.1950364
1458	C	0.399	0.1951489
1459	C	0.383	0.1906356
1460	A	0.431	0.1828173
1461	C	0.131	0.168722
1462	A	-0.544	0.1651807
1463	T	-0.039	0.1649387
1464	C	-0.291	0.1625279
1465	A	-0.044	0.1607953
1466	T	0.322	0.1538155
1467	C	0.195	0.1607689
1468	T	0.360	0.1566919
1469	G	0.382	0.1605857
1470	C	0.455	0.1682844
1471	C	0.494	0.1598251
1472	T	0.144	0.1676453
1473	A	0.066	0.1697499
1474	C	0.013	0.1688881
1475	T	-0.072	0.1642696
1476	T	-0.392	0.1600077
1477	A	-0.167	0.136752
1478	A	-0.262	0.1247204
1479	C	0.027	0.1286624
1480	G	0.412	0.1202452
1481	C	0.333	0.1168969
1482	C	0.336	0.1126724
1483	C	0.196	0.1145795
1484	A	0.323	0.1152963
1485	G	0.179	0.1008259
1486	C	0.185	0.08027743
1487	T	0.413	0.05453276
1488	C	0.193	0.03226008
1489	T	0.425	0.03169999
1490	G	0.331	0.03500324
1491	C	0.414	0.04693496
1492	T	0.242	0.06216258
1493	C	0.238	0.08272226
1494	A	-0.359	0.08219132
1495	G	-0.277	0.09163954
1496	A	-0.410	0.0867576
1497	A	-0.325	0.08506334
1498	A	-0.405	0.08839319
1499	A	-0.188	0.08147334
1500	C	0.387	0.08406625
1501	G	0.219	0.06479719
1502	T	-0.131	0.05571019
1503	T	-0.315	0.05259665
1504	A	-0.419	0.0422306
1505	T	-0.262	0.02436201
1506	G	0.125	0.008693721
1507	T	0.178	-0.0001444206
1508	C	0.419	-0.004049479
1509	C	0.444	-0.02172874
1510	T	0.306	-0.02537242
1511	G	-0.185	-0.009755244
1512	T	0.058	0.00170205
1513	G	-0.138	0.01642618
1514	T	0.355	0.02330745
1515	C	0.446	0.02265665
1516	G	0.101	0.01505374
1517	A	0.285	-0.006262435
1518	G	-0.331	-0.009895879
1519	G	-0.129	-0.002648703
1520	A	0.079	0.01817739
1521	G	0.060	0.04103444
1522	A	-0.413	0.05599374
1523	G	-0.107	0.03754068
1524	A	0.030	0.02315577
1525	C	0.281	0.0001909147
1526	G	-0.358	-0.007701909
1527	A	0.114	-0.003600791
1528	C	0.171	0.00966315
1529	G	0.112	0.004235282
1530	C	0.090	0.001799253
1531	A	-0.091	-0.01511407
1532	A	-0.427	-0.03114153
1533	A	-0.446	-0.02530144
1534	A	-0.337	-0.02086897
1535	T	0.096	0.002159382
1536	T	0.115	0.01101303
1537	C	0.392	0.01521281
1538	T	0.357	0.01702976
1539	G	0.245	0.04211844
1540	A	-0.501	0.05214465
1541	A	-0.310	0.06331658
1542	G	-0.361	0.06699294
1543	T	0.176	0.09004476
1544	C	0.446	0.09861961
1545	C	0.265	0.1061917
1546	A	-0.125	0.1108143
1547	T	-0.220	0.1202369
1548	T	-0.219	0.130656
1549	T	-0.098	0.1417439
1550	C	0.299	0.147837
1551	C	0.435	0.1607675
1552	C	0.451	0.1687957
1553	T	0.171	0.1783657
1554	C	0.222	0.1776867
1555	T	0.122	0.1713621
1556	G	0.439	0.1769906
1557	G	0.233	0.1968851
1558	C	0.410	0.2180016
1559	T	0.406	0.2358804
1560	C	0.425	0.2421066
1561	C	0.406	0.2398944
1562	T	0.429	0.2292632
1563	G	0.269	0.2259852
1564	G	0.410	0.2232776
1565	C	0.262	0.2166967
1566	A	-0.050	0.2234344
1567	T	-0.239	0.2127099
1568	A	0.102	0.1936798
1569	C	0.369	0.1758992
1570	C	0.440	0.1794077
1571	C	0.369	0.1839773
1572	T	0.142	0.1925763
1573	C	0.437	0.1890504
1574	G	0.174	0.1781323
1575	C	0.407	0.165019
1576	T	0.246	0.1585456
1577	C	0.388	0.1591653
1578	C	0.371	0.1599192
1579	T	-0.096	0.1449316
1580	T	-0.237	0.145861
1581	T	-0.313	0.126782
1582	T	-0.443	0.1141203
1583	C	0.131	0.1250842
1584	T	-0.064	0.1256429
1585	G	-0.211	0.1268028
1586	A	-0.153	0.120485
1587	G	0.291	0.1154976
1588	C	0.377	0.1156721
1589	C	0.415	0.1064304
1590	C	0.319	0.08605007
1591	A	-0.137	0.08741031
1592	G	-0.035	0.08173139
1593	C	0.186	0.08633819
1594	T	0.446	0.08790095
1595	C	0.431	0.08418375
1596	G	-0.080	0.09047141
1597	T	0.301	0.1002903
1598	G	-0.238	0.1019161
1599	G	-0.168	0.118857
1600	T	0.322	0.1013193
1601	G	-0.220	0.1089041
1602	T	0.141	0.124547
1603	G	0.154	0.1417604
1604	C	0.270	0.143534
1605	C	0.375	0.1451682
1606	A	-0.171	0.1456224
1607	G	-0.255	0.1479687
1608	A	0.220	0.1492589
1609	G	0.214	0.1502904
1610	C	0.403	0.1433874
1611	C	0.441	0.1419007
1612	T	0.244	0.1406444
1613	G	0.117	0.1552677
1614	T	0.096	0.1511182
1615	G	-0.257	0.1618361
1616	T	0.132	0.1790819
1617	G	-0.465	0.173188
1618	G	0.193	0.1852136
1619	T	0.320	0.1833807
1620	C	0.432	0.1746253
1621	C	0.351	0.1758139
1622	C	0.433	0.1582037
1623	C	0.430	0.1510241
1624	T	0.399	0.1459172
1625	G	-0.093	0.1327223
1626	A	0	0.1121424
 1627	C	-0.048	0.08947177
1628	T	0.395	0.09077174
1629	T	0.389	0.08674618
1630	C	0.416	0.09147533
1631	T	0.159	0.1019087
1632	G	0.126	0.1219341
1633	C	0.418	0.1276734
1634	A	0.121	0.1507879
1635	C	0.188	0.1602531
1636	A	0.079	0.1539731
1637	G	-0.143	0.1264907
1638	T	0.311	0.1032178
1639	G	-0.223	0.0836535
1640	T	-0.415	0.07519971
1641	A	-0.429	0.07350232
1642	G	-0.227	0.07626701
1643	A	-0.485	0.08027375
1644	A	-0.367	0.0726366
1645	C	0.485	0.0554939
1646	T	0.107	0.03366416
1647	T	0.278	0.02857787
1648	T	0.451	0.02195928
1649	C	0.423	0.02362628
1650	T	0.327	0.01337093
1651	C	0.320	0.002826315
1652	C	0.514	-0.01706645
1653	A	0.107	-0.03165094
1654	A	-0.502	-0.01977732
1655	T	-0.439	-0.02527549
1656	A	-0.231	-0.0069432
1657	G	0.143	-0.006104376
1658	T	0.341	-0.002167994
1659	C	0	-0.005159435
 1660	A	0.136	0.01657021
1661	C	-0.307	0.02836967
1662	A	-0.187	0.01649094
1663	A	-0.353	0.020701
1664	T	0.243	0.01845129
1665	G	-0.065	0.01321614
1666	G	0.182	0.008562674
1667	C	0.069	-0.007398709
1668	A	-0.236	-0.009038679
1669	A	-0.488	-0.01546506
1670	A	-0.416	-0.01336168
1671	G	0.260	0.0007812
1672	G	0.124	0.02336096
1673	G	0.399	0.03697911
1674	A	-0.387	0.03498761
1675	G	-0.295	0.03871952
1676	A	-0.329	0.0399871
1677	A	0.253	0.02927075
1678	C	0.033	0.02664319
1679	T	0.081	0.02109231
1680	G	0.251	0.02050004
1681	G	0.201	-0.001995985
1682	G	0.273	-0.008433982
1683	G	0.264	-0.02168089
1684	G	-0.215	-0.02949155
1685	G	0.264	-0.0225349
1686	C	0.296	-0.01296593
1687	T	0.178	-0.01383855
1688	G	-0.021	-0.02208206
1689	G	0.327	-0.01442209
1690	C	0.231	-0.02275609
1691	A	0.075	0.001020062
1692	G	0.468	0.02140236
1693	G	0.043	0.041449
1694	T	-0.228	0.041992
1695	A	-0.397	0.04758925
1696	A	-0.375	0.05103701
1697	T	-0.373	0.04908113
1698	T	-0.521	0.05502822
1699	A	-0.283	0.05890007
1700	G	-0.267	0.06533589
1701	A	-0.195	0.08045266
1702	A	0	0.08192507
 1703	T	-0.162	0.0732071
1704	T	-0.446	0.05624178
1705	T	-0.019	0.04598051
1706	C	0.384	0.02715546
1707	T	0.116	0.009163662
1708	C	0.421	-0.001016485
1709	T	0.397	-0.02703078
1710	C	0.352	-0.02714623
1711	C	0.271	-0.02250189
1712	C	0.223	-0.008067735
1713	T	0.198	0.004874903
1714	C	0.184	0.03147073
1715	T	0.404	0.04643743
1716	C	0.405	0.06918281
1717	T	0.483	0.06612205
1718	C	0.298	0.07031247
1719	T	0.314	0.05673211
1720	T	0	0.05523282
 1721	T	-0.398	0.06563722
1722	T	-0.370	0.07357073
1723	A	-0.312	0.07781308
1724	A	-0.380	0.06902081
1725	T	-0.270	0.06737537
1726	A	-0.416	0.0690789
1727	C	0.039	0.07394252
1728	T	-0.070	0.06104246
1729	T	0.093	0.05071064
1730	T	0.064	0.04858626
1731	C	0.530	0.03967179
1732	A	-0.012	0.03328081
1733	T	0.489	0.01636143
1734	T	-0.371	0.01315987
1735	T	-0.053	0.01855499
1736	T	-0.461	0.02221729
1737	G	-0.213	0.03338929
1738	A	-0.092	0.05572714
1739	A	0.249	0.0642276
1740	T	0.529	0.08574245
1741	G	-0.182	0.1020851
1742	T	0.365	0.1130453
1743	C	0.455	0.1252825
1744	T	0.517	0.1380711
1745	T	-0.166	0.1401364
1746	A	-0.127	0.152438
1747	T	0.126	0.1640455
1748	T	-0.118	0.1451513
1749	T	0.186	0.1316271
1750	G	-0.170	0.1036261
1751	T	0.374	0.112967
1752	T	0.482	0.1188606
1753	C	0.439	0.1432632
1754	A	0.379	0.138482
1755	T	0.361	0.1278291
1756	G	-0.081	0.1065203
1757	T	0.419	0.08517999
1758	G	0.175	0.07810969
1759	T	0.101	0.05732158
1760	A	0	0.03034105
 1761	T	0.473	0.02093469
1762	G	0	0.03386466
 1763	T	0.511	0.05133014
1764	T	0.458	0.06153964
1765	T	-0.111	0.07643149
1766	T	-0.472	0.07788866
1767	A	-0.462	0.09344414
1768	A	-0.053	0.09671878
1769	C	0.146	0.09690864
1770	T	0.367	0.09883475
1771	T	-0.376	0.08559222
1772	A	-0.454	0.06514104
1773	A	-0.474	0.06021632
1774	A	-0.196	0.0469412
1775	A	-0.422	0.028604
1776	A	-0.341	0.02265385
1777	A	-0.461	0.01137638
1778	T	0.197	0.002793968
1779	T	0.272	-0.005161032
1780	C	0.466	-0.02340047
1781	T	0.473	-0.04551694
1782	T	0.387	-0.03992208
1783	T	0.236	-0.02713515
1784	C	0.358	-0.007058206
1785	T	0.486	0.01055853
1786	G	0.488	0.01355674
1787	A	0.504	0.0134245
1788	T	-0.070	0.02110309
1789	A	-0.334	0.02738265
1790	T	-0.248	0.03581944
1791	T	-0.031	0.03580944
1792	T	-0.448	0.03533056
1793	T	-0.100	0.04303385
1794	T	-0.383	0.04621379
1795	A	0.182	0.04177211
1796	A	-0.270	0.04345138
1797	T	-0.108	0.01565711
1798	T	-0.293	0.01068311
1799	T	0.078	-0.0007209765
1800	T	-0.037	-0.01174048
1801	G	0.219	-0.0170958
1802	T	0.545	-0.02714177
1803	G	0.248	-0.02850304
1804	T	0.363	-0.02925859
1805	C	-0.115	-0.02943317
1806	A	-0.240	-0.02480773
1807	T	-0.187	-0.01664504
1808	A	-0.196	-0.007183044
1809	A	-0.439	0.01609846
1810	G	-0.079	0.02330175
1811	A	-0.353	0.04809963
1812	A	0.046	0.03990319
1813	T	0.330	0.03646633
1814	G	-0.478	0.04477286
1815	T	0.304	0.05475724
1816	T	0	0.05864955
 1817	T	-0.138	0.07189356
1818	T	0.176	0.08010638
1819	C	0.144	0.05561667
1820	C	0.442	0.03572414
1821	T	0.479	0.01335047
1822	C	-0.076	0.02973617
1823	T	-0.176	0.04973626
1824	A	0.028	0.05595512
1825	C	0.289	0.0662763
1826	A	0.343	0.09097668
1827	G	0.144	0.1082117
1828	T	0.459	0.1057297
1829	A	-0.096	0.09182589
1830	T	-0.387	0.0692938
1831	T	0.174	0.06878571
1832	T	0.046	0.06720866
1833	G	0.211	0.0814213
1834	T	0.412	0.08916669
1835	C	0.499	0.09101442
1836	A	-0.287	0.1003202
1837	T	-0.427	0.09198724
1838	A	-0.397	0.06575707
1839	C	0.441	0.05625568
1840	C	0.439	0.04716618
1841	A	0.023	0.03813784
1842	G	0.154	0.02289855
1843	T	0.400	0.02290646
1844	T	0.506	0.02582381
1845	T	-0.438	0.01291178
1846	A	-0.425	0.009473638
1847	T	-0.436	0.01728734
1848	A	-0.496	0.02601714
1849	A	0.251	0.01674191
1850	C	0.483	0.008549618
1851	C	0.125	-0.01446147
1852	A	0.239	-0.03188338
1853	C	0.461	-0.02757864
1854	A	0.159	-0.02458429
1855	G	-0.412	-0.01067389
1856	A	-0.399	-0.02139623
1857	A	-0.485	-0.03276852
1858	A	-0.278	-0.03218078
1859	T	-0.228	-0.02826228
1860	G	0.343	-0.04004634
1861	C	0.243	-0.06216813
1862	A	0.020	-0.05543648
1863	G	-0.213	-0.0498216
1864	A	-0.121	-0.04588895
1865	G	0.470	-0.03588275
1866	A	-0.269	-0.04738275
1867	T	-0.067	-0.07225066
1868	T	-0.369	-0.0763351
1869	T	-0.093	-0.07729563
1870	T	-0.141	-0.08250724
1871	A	-0.325	-0.09126192
1872	T	0.075	-0.0785119
1873	T	0.077	-0.0505994
1874	T	0.052	-0.03166455
1875	C	0.043	-0.02238515
1876	T	0.287	-0.01085403
1877	A	0	-0.02353862
 1878	T	-0.245	-0.01820701
1879	T	-0.209	-0.01937532
1880	G	-0.235	-0.001613706
1881	G	-0.302	-0.01033021
1882	A	-0.155	-0.02061409
1883	A	-0.139	-0.006708941
1884	A	-0.362	0.001412147
1885	C	-0.013	0.01567638
1886	A	0.206	0.01271573
1887	T	0.283	0.007809641
1888	T	-0.138	0.01898617
1889	A	0.020	0.02626918
1890	C	0.549	0.03026626
1891	T	0.157	0.02722161
1892	A	0.037	0.02437728
1893	C	0.163	0.006592162
1894	A	-0.087	-0.005179544
1895	G	0.424	-0.006733397
1896	C	-0.019	-0.01223054
1897	T	0.390	7.263235e-05
1898	A	-0.418	0.007569221
1899	T	0.121	0.008859897
1900	G	0.203	0.001394956
1901	T	0.208	0.007683632
1902	T	0.115	0.002829453
1903	T	-0.193	-0.008398694
1904	T	-0.308	-0.01966229
1905	A	0.054	-0.02093005
1906	C	0.323	-0.01721484
1907	T	0.213	-0.03008069
1908	T	-0.051	-0.03081598
1909	T	-0.053	-0.01992182
1910	T	-0.317	-0.02246037
1911	G	-0.400	-0.02899084
1912	A	-0.298	-0.04445572
1913	A	-0.396	-0.05739781
1914	C	0.183	-0.08457186
1915	A	-0.047	-0.08051116
1916	G	-0.111	-0.07526648
1917	A	-0.393	-0.07252969
1918	A	-0.148	-0.07143863
1919	T	-0.178	-0.06251798
1920	T	-0.174	-0.05119225
1921	T	-0.099	-0.04074659
1922	T	-0.181	-0.03962235
1923	T	0.147	-0.06468388
1924	A	0.112	-0.07649097
1925	C	0.132	-0.06254462
1926	T	0.407	-0.05283754
1927	T	0.077	-0.04814048
1928	G	-0.309	-0.05196627
1929	T	-0.100	-0.0277631
1930	A	-0.459	-0.02428513
1931	T	-0.533	-0.04251733
1932	A	-0.279	-0.04043173
1933	G	0.299	-0.0494989
1934	G	0.296	-0.0312914
1935	G	0.245	-0.04005867
1936	T	0.418	-0.04094808
1937	G	0.191	-0.04878846
1938	C	0.047	-0.04772995
1939	T	0.092	-0.03833007
1940	T	-0.528	-0.03311045
1941	A	-0.188	-0.03370026
1942	C	0.423	-0.03056897
1943	T	0.276	-0.03808138
1944	A	-0.157	-0.03306037
1945	A	-0.530	-0.03517157
1946	T	0.524	-0.04273351
1947	G	-0.277	-0.04171401
1948	T	-0.436	-0.02483865
1949	T	0.023	-0.03073691
1950	A	-0.420	-0.05068647
1951	A	0.225	-0.07495962
1952	A	-0.446	-0.08553882
1953	T	-0.209	-0.08371944
1954	A	-0.441	-0.08760064
1955	G	-0.063	-0.09549726
1956	T	0.138	-0.1079077
1957	T	0.324	-0.08623974
1958	T	0.092	-0.08430339
1959	G	0.239	-0.1004495
1960	G	0.152	-0.1165395
1961	A	0.248	-0.1218404
1962	G	-0.381	-0.1162924
1963	T	-0.357	-0.1374753
1964	A	-0.424	-0.143802
1965	T	0.040	-0.1297933
1966	A	-0.480	-0.1420171
1967	T	-0.378	-0.1382941
1968	A	-0.528	-0.1329235
1969	A	-0.113	-0.1161485
1970	C	0.480	-0.09592164
1971	A	0.059	-0.09183523
1972	T	-0.221	-0.09700297
1973	T	-0.329	-0.09176803
1974	T	0.207	-0.1118388
1975	A	-0.122	-0.1089009
1976	C	-0.125	-0.1163358
1977	A	-0.270	-0.1311991
1978	T	-0.337	-0.1452553
1979	T	-0.341	-0.1433179
1980	A	-0.196	-0.1453044
1981	A	-0.493	-0.1470545
1982	G	0.039	-0.161505
1983	G	-0.392	-0.1633071
1984	A	-0.293	-0.1654343
1985	C	0.407	-0.1429426
1986	T	0.123	-0.1272231
1987	C	0.478	-0.1259389
1988	A	-0.302	-0.1344547
1989	T	-0.238	-0.142821
1990	G	0.316	-0.1491255
1991	G	-0.357	-0.1710927
1992	T	0.192	-0.1774069
1993	A	-0.013	-0.179636
1994	G	-0.353	-0.1707258
1995	G	-0.229	-0.1666334
1996	T	-0.315	-0.168371
1997	T	-0.425	-0.165798
1998	A	-0.483	-0.1408944
1999	A	-0.450	-0.1286555
2000	A	-0.541	-0.1092948
2001	A	-0.451	-0.1011534
2002	C	0.236	-0.113999
2003	C	0.420	-0.1222189
2004	C	0.524	-0.1426488
2005	T	-0.230	-0.1489925
2006	A	-0.505	-0.1583192
2007	A	-0.543	-0.1767637
2008	A	-0.538	-0.1708442
2009	G	-0.337	-0.1836548
2010	G	-0.201	-0.1879756
2011	G	0.032	-0.1907623
2012	T	-0.198	-0.197434
2013	A	-0.400	-0.2020737
2014	A	-0.108	-0.2015416
2015	G	0.353	-0.1977435
2016	G	0.455	-0.1908849
2017	G	0.266	-0.1829362
2018	G	-0.016	-0.1805966
2019	T	-0.028	-0.1840864
2020	T	-0.155	-0.1950931
2021	T	-0.216	-0.2033199
2022	A	-0.518	-0.2011988
2023	A	-0.555	-0.1993955
2024	A	-0.311	-0.1859652
2025	G	-0.156	-0.1581586
2026	G	-0.243	-0.144507
2027	A	-0.160	-0.1376295
2028	A	-0.447	-0.1269874
2029	A	-0.456	-0.1087677
2030	T	-0.473	-0.09209646
2031	A	-0.407	-0.07601828
2032	A	-0.354	-0.08028543
2033	A	-0.217	-0.1022007
2034	T	-0.271	-0.1152184
2035	A	-0.371	-0.1147233
2036	T	0.117	-0.1206865
2037	T	0.046	-0.1217608
2038	C	0.244	-0.1026896
2039	A	-0.158	-0.072257
2040	A	-0.444	-0.05775274
2041	A	-0.087	-0.0478349
2042	C	0.406	-0.04763375
2043	T	0.126	-0.05059099
2044	G	0.032	-0.06149681
2045	A	0.394	-0.03523504
2046	G	0.420	-0.01091787
2047	T	0.166	0.009663897
2048	C	0.438	0.02315208
2049	T	0.208	0.03527355
2050	T	-0.289	0.02719264
2051	A	-0.176	0.02267111
2052	T	0	0.02363691
 2053	T	-0.231	0.02603826
2054	G	-0.192	0.02399718
2055	C	0.432	0.001769415
2056	C	0.516	0.0006409735
2057	A	-0.062	0.01598046
2058	A	0.026	0.02912649
2059	T	-0.149	0.02691431
2060	T	-0.344	0.01495449
2061	T	-0.531	0.01401034
2062	T	0.445	0.01492339
2063	G	0.370	0.01576263
2064	G	0.226	0.01973557
2065	T	0.051	0.01949469
2066	G	0.057	0.02334284
2067	T	-0.492	0.0350051
2068	A	-0.425	0.03117734
2069	A	-0.338	0.03117734
2070	A	0.199	0.03252342
2071	T	-0.023	0.03281848
2072	G	-0.511	0.01308372
2073	A	-0.196	-0.01083302
2074	G	0.076	-0.02476701
2075	T	0.359	-0.03709465
2076	T	0.331	-0.01991762
2077	T	-0.279	-0.02273041
2078	G	0	-0.02177941
 2079	T	0.425	-0.04634612
2080	G	0.449	-0.06977115
2081	T	0.301	-0.08723912
2082	C	0.429	-0.1002
2083	A	0.339	-0.1148592
2084	T	0.107	-0.1158141
2085	T	-0.306	-0.1179034
2086	T	0	-0.1199999
 2087	C	-0.185	-0.1369329
2088	A	-0.182	-0.1509928
2089	A	-0.238	-0.1486615
2090	T	-0.296	-0.1316381
2091	T	-0.536	-0.1257459
2092	A	-0.392	-0.1245029
2093	C	0.434	-0.1231016
2094	A	-0.439	-0.1097013
2095	A	-0.498	-0.1100122
2096	A	-0.390	-0.1260802
2097	G	-0.426	-0.1463621
2098	A	-0.367	-0.1635935
2099	T	-0.389	-0.1840588
2100	A	-0.441	-0.1817239
2101	A	-0.524	-0.1711051
2102	A	-0.496	-0.1653474
2103	A	-0.409	-0.1553879
2104	G	-0.376	-0.1621579
2105	T	-0.501	-0.1666331
2106	A	-0.431	-0.1728137
2107	T	0.382	-0.1606931
2108	G	0.277	-0.1566741
2109	C	0.402	-0.1532361
2110	C	0.378	-0.1734726
2111	A	0.175	-0.1644312
2112	T	-0.010	-0.1490389
2113	A	-0.120	-0.131281
2114	T	-0.240	-0.1291187
2115	A	-0.284	-0.1042604
2116	A	-0.265	-0.08713832
2117	T	0.418	-0.07978058
2118	T	0.468	-0.06615823
2119	T	-0.110	-0.04486387
2120	A	0.338	-0.03581155
2121	T	-0.415	-0.01213161
2122	G	-0.334	0.01024536
2123	T	-0.448	0.02239704
2124	A	0.115	0.02538345
2125	A	-0.399	0.009015747
2126	A	-0.276	-0.003854365
2127	A	-0.253	-0.01648379
2128	T	-0.132	-0.009807706
2129	T	0.024	-0.01035421
2130	T	0.213	-0.007985797
2131	G	-0.352	-0.01290074
2132	T	0.477	-0.0173163
2133	T	0.192	-0.01492139
2134	T	-0.190	-0.03387639
2135	T	-0.061	-0.05852047
2136	T	0.227	-0.06262091
2137	G	-0.102	-0.08325083
2138	T	0.428	-0.08445036
2139	G	0.259	-0.07690255
2140	G	-0.018	-0.05599014
2141	T	0.483	-0.06722964
2142	G	-0.279	-0.05658263
2143	T	-0.035	-0.05330127
2144	A	-0.050	-0.03285142
2145	C	0.402	-0.01497589
2146	A	-0.029	-0.001052635
2147	T	-0.040	0.004110394
2148	A	-0.407	0.01448739
2149	A	-0.434	-0.005229429
2150	T	-0.184	-0.01483784
2151	A	-0.225	-0.009936921
2152	G	-0.369	0.005739312
2153	T	-0.250	0.001147853
2154	T	-0.362	-0.002133324
2155	A	-0.456	-0.02746244
2156	T	-0.077	-0.03030141
2157	C	0.262	-0.04171321
2158	A	-0.266	-0.04645668
2159	A	-0.037	-0.03784731
2160	G	-0.164	-0.02450516
2161	T	0.441	-0.02822124
2162	C	0.475	-0.03973087
2163	T	0.497	-0.02612098
2164	G	0.389	-0.03833492
2165	T	0	-0.0355591
 2166	T	-0.192	-0.03677189
2167	G	-0.134	-0.04611028
2168	A	-0.024	-0.04622748
2169	C	0.471	-0.04808004
2170	A	0.071	-0.04391704
2171	G	-0.213	-0.04705604
2172	A	-0.432	-0.04115128
2173	A	0.163	-0.05183591
2174	G	-0.406	-0.07118694
2175	T	0.322	-0.07806838
2176	A	0.013	-0.08309171
2177	T	0.418	-0.06508498
2178	A	-0.176	-0.07865573
2179	T	0.011	-0.08558488
2180	T	0.433	-0.09174035
2181	T	-0.455	-0.1031863
2182	T	-0.313	-0.1011182
2183	A	-0.476	-0.1092936
2184	A	-0.501	-0.1148405
2185	A	-0.229	-0.1265472
2186	A	-0.432	-0.1496328
2187	G	-0.108	-0.1585632
2188	A	-0.469	-0.1447979
2189	A	-0.255	-0.1277635
2190	T	-0.440	-0.1238972
2191	A	-0.395	-0.1060876
2192	T	-0.500	-0.128164
2193	A	-0.208	-0.1378834
2194	C	0.447	-0.1600267
2195	A	-0.019	-0.1659987
2196	T	0.239	-0.1705362
2197	G	0.288	-0.169598
2198	T	0	-0.1433629
 2199	G	0.070	-0.1446893
2200	A	-0.470	-0.1306867
2201	T	-0.322	-0.1178219
2202	G	-0.422	-0.1179541
2203	A	-0.313	-0.1184473
2204	A	-0.232	-0.1224672
2205	T	0.254	-0.1040844
2206	C	0.146	-0.1016591
2207	C	0.294	-0.08262129
2208	A	0.198	-0.06080064
2209	T	-0.427	-0.03595729
2210	A	-0.316	-0.01601529
2211	A	-0.334	-0.02704771
2212	T	-0.379	-0.03388137
2213	A	-0.142	-0.04848478
2214	T	0.465	-0.06968087
2215	C	0.436	-0.07443543
2216	T	-0.358	-0.07234571
2217	G	0	-0.0696455
 2218	A	-0.064	-0.06490991
2219	A	-0.234	-0.06077621
2220	A	-0.449	-0.04724765
2221	C	-0.245	-0.02920115
2222	T	0.155	-0.02589421
2223	T	-0.173	-0.02518191
2224	T	0.206	-0.02177421
2225	G	0.346	-0.01704256
2226	C	0.343	0.004193085
2227	T	0.469	0.02514509
2228	G	0.072	0.03984356
2229	A	-0.252	0.05962494
2230	G	-0.256	0.078778
2231	A	-0.432	0.05828076
2232	T	-0.161	0.05423653
2233	A	0.141	0.07952435
2234	T	-0.378	0.08391329
2235	G	-0.161	0.09042678
2236	A	-0.281	0.09077811
2237	G	0.146	0.09607725
2238	T	0.381	0.09596205
2239	G	0.366	0.07999484
2240	G	0.170	0.07538702
2241	G	0.410	0.05564772
2242	G	0.359	0.03395666
2243	C	0.294	0.01172566
2244	A	0.395	-0.0007472853
2245	C	0.165	0.01101058
2246	A	0.292	0.01930237
2247	C	0.508	0.03325437
2248	T	-0.231	0.03700808
2249	T	0.299	0.03469734
2250	C	0.501	0.02428543
2251	A	0.149	0.0270404
2252	T	0.156	0.03375306
2253	T	-0.222	0.03582
2254	G	-0.269	0.01721015
2255	T	-0.249	-0.0061135
2256	A	-0.387	-0.02643935
2257	A	-0.330	-0.04303224
2258	A	-0.464	-0.06874762
2259	T	-0.391	-0.08887038
2260	T	-0.411	-0.1031625
2261	A	0.045	-0.1233452
2262	C	0.472	-0.134726
2263	A	0.029	-0.1474986
2264	G	0.217	-0.169308
2265	C	-0.304	-0.1672016
2266	A	-0.240	-0.1864335
2267	A	-0.212	-0.2043439
2268	G	-0.285	-0.2207516
2269	G	0.066	-0.2313192
2270	A	-0.211	-0.2373867
2271	A	-0.486	-0.2343519
2272	A	-0.411	-0.2356695
2273	G	-0.324	-0.2285019
2274	A	-0.393	-0.2324544
2275	A	-0.463	-0.2311499
2276	A	-0.324	-0.2313555
2277	T	-0.191	-0.2168515
2278	T	-0.290	-0.2277803
2279	A	-0.221	-0.2491171
2280	A	-0.141	-0.2465467
2281	G	-0.233	-0.2401807
2282	G	-0.159	-0.2389028
2283	A	-0.354	-0.2428742
2284	A	-0.107	-0.2463752
2285	A	-0.408	-0.2379849
2286	G	-0.202	-0.2355452
2287	A	-0.428	-0.2219794
2288	A	-0.166	-0.2040954
2289	G	-0.294	-0.2000998
2290	T	-0.143	-0.2052273
2291	T	-0.464	-0.1890745
2292	A	-0.420	-0.1725914
2293	A	-0.398	-0.1652075
2294	G	0.081	-0.1500056
2295	A	-0.326	-0.129403
2296	G	-0.253	-0.1332965
2297	A	0.117	-0.1319837
2298	G	0.434	-0.1307528
2299	T	-0.260	-0.1242836
2300	G	-0.375	-0.1010336
2301	A	-0.331	-0.09555744
2302	G	0	-0.07409097
 2303	A	0.149	-0.0661402
2304	G	0.249	-0.04663838
2305	T	0.121	-0.05016973
2306	G	-0.275	-0.05574476
2307	A	-0.498	-0.05241587
2308	G	0.155	-0.0332269
2309	T	0.096	-0.02270806
2310	G	-0.073	-0.020228
2311	G	0.324	-0.03048863
2312	A	0.409	-0.0268531
2313	T	-0.354	-0.03333986
2314	A	-0.096	-0.05023627
2315	T	-0.191	-0.06574531
2316	T	0.060	-0.06133057
2317	C	0.435	-0.04576093
2318	A	0.078	-0.02442119
2319	C	0.321	-0.02127293
2320	A	0.067	-0.03474375
2321	C	0.234	-0.03900154
2322	A	-0.286	-0.05426563
2323	A	-0.483	-0.0598481
2324	T	-0.030	-0.05966181
2325	T	0.187	-0.06968157
2326	G	-0.062	-0.07028684
2327	T	-0.313	-0.07314667
2328	G	-0.267	-0.06926067
2329	A	-0.202	-0.0689984
2330	A	-0.473	-0.04960823
2331	A	-0.457	-0.05990066
2332	T	-0.093	-0.05063016
2333	G	-0.110	-0.06788464
2334	T	0.154	-0.08440711
2335	T	0.393	-0.07363486
2336	T	0.107	-0.09423395
2337	A	-0.308	-0.0930596
2338	T	0.105	-0.1013914
2339	T	-0.397	-0.09657806
2340	A	-0.465	-0.09193653
2341	G	-0.492	-0.1030392
2342	T	-0.184	-0.1137467
2343	T	0.076	-0.09956556
2344	A	-0.170	-0.08767779
2345	C	0.457	-0.07319371
2346	C	0.418	-0.06834336
2347	T	0.304	-0.0614121
2348	T	-0.446	-0.04235713
2349	T	0.123	-0.0315343
2350	T	-0.526	-0.02321786
2351	G	-0.126	-0.01797756
2352	T	0.445	-0.01499362
2353	G	-0.379	-0.01401527
2354	A	0.107	-0.007266568
2355	T	-0.048	-0.001502538
2356	G	-0.122	-0.001812509
2357	T	-0.325	-0.0008493324
2358	A	-0.407	0.0005979029
2359	G	-0.176	0.01330929
2360	T	0.419	0.01885643
2361	G	0.090	0.03580884
2362	T	0.224	0.0345897
2363	G	-0.037	0.02863687
2364	G	-0.237	0.02991431
2365	T	0.190	0.0344719
2366	T	0.274	0.02660302
2367	C	0.171	0.02628146
2368	T	0.332	0.03461658
2369	C	0.495	0.02152537
2370	A	0.140	0.0385119
2371	T	-0.078	0.04711811
2372	T	0.300	0.03796199
2373	T	-0.407	0.02747351
2374	T	-0.432	0.02470131
2375	A	-0.443	0.02108657
2376	A	0.247	0.02274293
2377	A	0.264	-0.001183485
2378	C	0.405	-0.01178984
2379	C	0.415	-0.03385281
2380	T	0.216	-0.0274045
2381	T	0.348	-0.01802927
2382	G	-0.291	-0.03180521
2383	G	-0.143	-0.04699747
2384	A	-0.537	-0.06564833
2385	A	0.157	-0.06098168
2386	G	0	-0.0852468
 2387	G	0.198	-0.1003759
2388	T	0.400	-0.1062102
2389	G	-0.359	-0.12666
2390	A	-0.479	-0.1233614
2391	A	-0.420	-0.1227094
2392	A	-0.530	-0.1238984
2393	A	-0.119	-0.1364341
2394	T	-0.394	-0.155075
2395	G	-0.270	-0.1763441
2396	T	-0.525	-0.2004281
2397	A	0.181	-0.2136176
2398	C	0.080	-0.2232132
2399	A	-0.277	-0.2122667
2400	A	-0.241	-0.2080441
2401	A	-0.462	-0.1808708
2402	C	0.490	-0.1843742
2403	T	-0.329	-0.1953113
2404	A	-0.374	-0.2138681
2405	T	-0.277	-0.2366316
2406	A	-0.394	-0.2197271
2407	A	-0.295	-0.212612
2408	A	-0.410	-0.1972253
2409	T	-0.483	-0.1678096
2410	A	-0.178	-0.1695545
2411	T	-0.369	-0.1579608
2412	G	-0.317	-0.1477157
2413	A	-0.403	-0.1327281
2414	A	-0.232	-0.1364537
2415	T	0.022	-0.1496878
2416	G	0.080	-0.1562799
2417	T	0	-0.1581491
 2418	T	0.386	-0.1413982
2419	C	0.038	-0.14524
2420	A	-0.371	-0.1286785
2421	A	-0.432	-0.1041074
2422	A	-0.373	-0.1066209
2423	C	0.214	-0.1068577
2424	A	-0.237	-0.08494822
2425	C	0.103	-0.06047222
2426	T	0.469	-0.04682391
2427	G	-0.179	-0.04564644
2428	A	0	-0.04833821
 2429	C	0.078	-0.03900268
2430	A	-0.015	-0.04027294
2431	G	0.054	-0.04570838
2432	A	-0.369	-0.05954708
2433	A	-0.501	-0.07468044
2434	A	-0.305	-0.08949179
2435	T	0.107	-0.1136469
2436	T	0.360	-0.1292034
2437	C	0.233	-0.1306679
2438	T	0.461	-0.1295094
2439	A	-0.362	-0.1332608
2440	A	-0.402	-0.1361646
2441	T	0.449	-0.1330782
2442	A	0.421	-0.1434039
2443	T	-0.019	-0.1716964
2444	G	-0.138	-0.1799337
2445	A	-0.460	-0.1941208
2446	A	0	-0.2081191
 2447	T	-0.446	-0.2166033
2448	T	-0.417	-0.2203898
2449	A	-0.448	-0.213487
2450	A	-0.434	-0.206873
2451	A	-0.503	-0.2095656
2452	A	-0.434	-0.2035398
2453	A	-0.490	-0.2273578
2454	A	-0.421	-0.2408529
2455	T	-0.393	-0.2627093
2456	A	-0.501	-0.2526031
2457	A	0.116	-0.2400024
2458	C	-0.132	-0.2586777
2459	G	-0.248	-0.272485
2460	A	-0.492	-0.2743407
2461	A	-0.459	-0.258789
2462	A	-0.482	-0.2558275
2463	A	-0.397	-0.2495774
2464	A	-0.304	-0.2364472
2465	A	-0.073	-0.2195891
2466	C	-0.134	-0.1902006
2467	A	-0.276	-0.1791652
2468	A	-0.396	-0.1666711
2469	C	0.312	-0.148136
2470	A	-0.449	-0.1409588
2471	A	-0.225	-0.1384132
2472	T	-0.281	-0.139829
2473	A	-0.019	-0.1244524
2474	T	0.026	-0.1227828
2475	A	-0.185	-
2476	T	-0.047	-
2477	T	-0.082	-
2478	T	0.389	-
2479	T	-0.359	-
2480	A	0.212	-
2481	T	0	-
 2482	C	0.156	-
2483	T	0.550	-
2484	T	-0.059	-
2485	A	-0.078	-
2486	C	0.195	-
2487	T	-0.246	-
2488	A	-0.335	-
2489	A	-0.441	-
2490	T	0.021	-
2491	T	0.172	-
