1	C	0.282	-
2	C	0.484	-
3	A	0.023	-
4	T	-0.532	-
5	A	-0.045	-
6	T	-0.167	0.1117036
7	G	-0.177	0.07758767
8	T	-0.078	0.06292884
9	G	0.369	0.08269244
10	C	0.468	0.1296847
11	C	0.520	0.1531237
12	T	0.193	0.1471591
13	A	-0.126	0.1947226
14	C	0.308	0.1685175
15	T	0.260	0.1698246
16	G	0.031	0.09284356
17	A	0.235	0.01183789
18	A	-0.238	-0.03372678
19	T	0.392	-0.05852827
20	A	-0.392	-0.07453819
21	T	0.384	-0.1310189
22	T	-0.454	-0.146363
23	T	-0.451	-0.1475771
24	A	-0.353	-0.093957
25	A	-0.424	-0.1083957
26	A	0.116	-0.04012558
27	A	-0.417	-0.03395333
28	T	-0.152	0.04258717
29	A	0.220	0.06038825
30	T	0.404	0.09236888
31	G	0.219	0.1558977
32	G	0.426	0.161022
33	C	0.458	0.1983635
34	T	0.463	0.187143
35	A	-0.238	0.1267415
36	G	0.030	0.1263197
37	T	0.337	0.1185521
38	G	0.177	0.1122701
39	T	0.031	0.05804647
40	G	-0.287	0.05550222
41	A	-0.503	0.08053934
42	C	0.399	0.1150361
43	T	0.126	0.1156145
44	G	0.350	0.133793
45	G	-0.191	0.09993362
46	G	0.433	0.08075354
47	A	0.062	0.1249718
48	G	0.444	0.0687093
49	C	0.344	0.0423323
50	T	0.395	0.02372805
51	G	-0.375	0.0280433
52	A	-0.517	0.0299758
53	A	0.026	0.06503868
54	G	-0.275	0.06383801
55	T	-0.190	0.01648576
56	T	0.127	-0.05217274
57	T	-0.140	-0.04549991
58	C	0.456	-0.02681674
59	C	0.483	-0.05221058
60	A	0.429	-0.03176096
61	T	-0.223	-0.01591687
62	T	-0.427	-0.03937754
63	T	-0.295	-0.04077271
64	T	-0.293	-0.08781112
65	A	-0.277	-0.1357905
66	T	-0.030	-0.1364841
67	T	0	-0.08437964
 68	T	-0.153	-0.08438931
69	A	-0.156	-0.04769447
70	G	-0.108	-0.03840473
71	A	-0.092	-0.01130655
72	C	0.421	-0.03906509
73	T	0.401	-0.03044709
74	T	-0.428	0.000312825
75	A	0.145	0.05070333
76	A	-0.181	0.07128974
77	C	0.047	0.08094006
78	T	-0.363	0.07053631
79	A	0.103	0.0002978083
80	G	0.215	0.01232156
81	C	0.447	-0.02956553
82	T	0.138	-0.0223905
83	C	0.023	-0.05254368
84	A	0.296	-0.05733909
85	A	-0.440	-0.09765934
86	A	-0.283	-0.1529712
87	T	-0.357	-0.2318886
88	T	-0.095	-0.2525658
89	T	-0.314	-0.2418713
90	A	-0.420	-0.2371873
91	A	-0.380	-0.1644036
92	A	-0.448	-0.1250409
93	T	-0.499	-0.05771606
94	A	-0.109	-0.06131967
95	G	0.151	-0.07240117
96	C	0.352	-0.04053142
97	C	0.432	-0.02704358
98	A	0.188	0.003892325
99	C	0.450	0.01157833
100	A	-0.138	0.04764757
101	T	-0.447	0.06768399
102	G	-0.038	0.04626518
103	T	-0.218	-0.0271479
104	A	-0.077	-0.05083176
105	A	-0.406	-0.1266451
106	C	0.323	-0.08095342
107	T	0.392	-0.009208175
108	T	0.095	0.03176674
109	A	-0.448	0.06643499
110	T	-0.095	0.08983933
111	G	-0.459	0.1200348
112	G	0.409	0.1250228
113	C	0.413	0.08685522
114	T	0.453	0.06669644
115	T	0.197	0.09622695
116	G	0.203	0.09007064
117	G	-0.044	0.1306445
118	T	0.383	0.1023911
119	A	-0.066	0.1047968
120	T	-0.146	0.08813992
121	T	-0.094	0.0873945
122	G	-0.169	0.1056557
123	G	0.027	0.1059968
124	A	0.070	0.07799579
125	C	0.442	0.05184688
126	A	0.253	0.04761296
127	G	0.188	0.01155403
128	C	0.422	0.0324897
129	A	-0.040	0.05526572
130	T	0.047	0.04614819
131	A	-0.379	0.04673161
132	G	-0.197	0.06859527
133	A	-0.526	0.09438277
134	A	0.081	0.03816769
135	C	0.300	0.02186668
136	A	-0.038	-0.009134067
137	T	0.449	-0.0044799
138	C	0.515	-0.0283044
139	T	0.497	-0.02074298
140	A	-0.251	-0.0607189
141	T	-0.236	-0.1258595
142	A	-0.324	-0.1370492
143	G	-0.323	-0.1653628
144	A	-0.482	-0.2363481
145	A	-0.436	-0.3210685
146	A	-0.398	-0.3312281
147	A	-0.480	-0.3273606
148	T	-0.173	-0.3365703
149	C	0.109	-0.3372567
150	A	-0.336	-0.3114449
151	A	-0.518	-0.2751048
152	A	-0.373	-0.2131539
153	A	-0.189	-0.1390427
154	G	-0.435	-0.1101408
155	C	-0.332	-0.1479366
156	A	-0.173	-0.1352955
157	G	0	-0.1300846
 158	T	0.345	-0.1256071
159	G	0.408	-0.1493103
160	G	0.173	-0.1474248
161	G	-0.344	-0.1547687
162	T	-0.184	-0.1576168
163	A	-0.456	-0.1546536
164	A	-0.319	-0.1921058
165	A	-0.474	-0.2450618
166	A	-0.412	-0.2554241
167	A	-0.420	-0.2627621
168	A	-0.207	-0.2815356
169	T	0.035	-0.2650361
170	G	-0.104	-0.2267232
171	A	-0.226	-0.1719997
172	G	0.049	-0.1463466
173	G	-0.432	-0.1514268
174	A	-0.409	-0.1552167
175	A	-0.258	-0.1735904
176	T	0.139	-0.2005049
177	C	0.182	-0.2080656
178	A	-0.104	-0.2379123
179	G	-0.481	-0.2233928
180	A	-0.252	-0.1892588
181	A	-0.184	-0.1326107
182	G	-0.427	-0.1621618
183	A	-0.317	-0.1461494
184	A	-0.308	-0.1252937
185	G	-0.257	-0.04999783
186	T	0	-0.04444242
 187	A	0.421	-0.0553525
188	T	-0.214	-0.05318633
189	T	0.374	-0.06032367
190	T	0.145	-0.07712308
191	C	0.422	-0.05229792
192	A	-0.186	-0.02299558
193	G	-0.315	-0.05726677
194	A	-0.401	-0.06734693
195	A	-0.403	-0.1200148
196	A	-0.510	-0.1007358
197	T	0.039	-0.1097782
198	G	0.351	-0.1049702
199	T	0.010	-0.1105947
200	G	-0.335	-0.09625618
201	A	-0.257	-0.05672862
202	A	0.376	-0.0029927
203	C	0.313	0.008886383
204	T	-0.128	0.01710713
205	A	-0.383	0.0265194
206	T	-0.228	0.06852198
207	T	0.071	0.1257186
208	G	0.134	0.1094437
209	T	0.182	0.08329598
210	C	0.450	0.08318673
211	A	0.123	0.09474257
212	G	0.168	0.06999457
213	C	0.429	0.05481517
214	T	0.181	0.03115117
215	G	0	0.01469836
 216	T	-0.129	-0.02915172
217	G	-0.244	-0.02336463
218	A	-0.525	-0.002608717
219	A	-0.111	-0.02995488
220	G	-0.149	-0.07778463
221	G	-0.014	-0.08899722
222	T	-0.075	-0.1006726
223	T	0.192	-0.04712088
224	C	0.417	0.0209462
225	C	0.100	0.06821745
226	A	-0.392	0.1195746
227	A	-0.134	0.1518918
228	G	-0.269	0.1804065
229	T	0.397	0.1385938
230	G	0.290	0.102142
231	C	0.456	0.05718602
232	C	0.466	0.05545694
233	T	0.372	0.06868527
234	T	0.266	0.1100933
235	C	-0.309	0.08398445
236	T	-0.020	0.0916332
237	A	-0.438	0.08075353
238	G	-0.413	0.08206462
239	A	0.024	0.03735937
240	T	0.227	-0.009687633
241	G	0.084	0.002506367
242	G	0.382	-0.02804416
243	C	0.325	-0.01308591
244	G	0.482	-0.005956742
245	T	-0.163	-0.01582543
246	A	-0.298	-0.05925643
247	T	-0.162	-0.02690628
248	T	-0.386	-0.02538153
249	T	-0.259	-0.02807653
250	A	-0.327	-0.06337387
251	T	-0.094	-0.08236129
252	A	-0.294	-0.09814371
253	C	0.472	-0.1118595
254	C	0.400	-0.04423629
255	T	0.293	0.01390963
256	C	0.058	0.07907829
257	A	-0.391	0.1235025
258	A	-0.487	0.1761532
259	A	-0.327	0.1113622
260	T	0.424	0.06906457
261	C	0.438	0.03083066
262	T	0.454	0.02466322
263	C	0.438	0.08897463
264	T	0.337	0.1608216
265	G	-0.304	0.1666501
266	G	-0.106	0.1699028
267	A	-0.165	0.1125365
268	A	-0.015	0.07380167
269	C	0.380	0.06656917
270	T	0.374	0.03384196
271	G	-0.257	0.07804204
272	G	0.463	0.07570079
273	G	-0.249	0.06672246
274	T	-0.010	0.03599816
275	A	0.352	-0.02906417
276	G	-0.055	-0.09080467
277	C	0.225	-0.07959742
278	A	-0.134	-0.08934501
279	G	-0.273	-0.07304845
280	A	-0.383	-0.08515066
281	A	-0.400	-0.1175262
282	G	-0.366	-0.1222506
283	A	-0.122	-0.1060903
284	C	0.346	-0.05813286
285	A	-0.054	-0.01036736
286	T	-0.155	0.04203173
287	T	-0.036	0.09983431
288	G	-0.111	0.1711271
289	C	0.419	0.1546027
290	C	0.440	0.1479901
291	T	0.299	0.1702209
292	G	0.244	0.1764323
293	G	0.293	0.1463668
294	G	0.489	0.1401905
295	G	-0.321	0.08206568
296	A	0.267	0.01226409
297	C	0.212	-0.04323799
298	T	-0.080	-0.09799616
299	A	-0.397	-0.1483682
300	T	-0.185	-0.2118787
301	A	-0.277	-0.1842005
302	T	-0.396	-0.1967994
303	A	-0.366	-0.1786161
304	A	-0.412	-0.1650797
305	T	-0.311	-0.1146846
306	T	-0.273	-0.07970491
307	C	0.011	-0.05655324
308	A	0.116	-0.04887432
309	G	0.430	-0.06127024
310	C	0.081	0.003010592
311	T	0.207	0.03873359
312	C	0.233	0.05329642
313	T	0	0.08537971
 314	G	-0.304	0.05753887
315	A	-0.514	0.01089721
316	T	0.359	0.007840625
317	G	0.117	-0.04290587
318	G	-0.098	-0.1076784
319	G	0.396	-0.1133964
320	G	-0.217	-0.08173214
321	A	-0.128	-0.06108531
322	T	0.044	-0.1133998
323	A	-0.401	-0.10207
324	T	-0.543	-0.1335348
325	A	-0.068	-0.1665355
326	C	0.075	-0.1408531
327	A	-0.267	-0.1632236
328	A	-0.268	-0.2111642
329	T	0.253	-0.2207034
330	G	-0.475	-0.1646673
331	A	0	-0.1602779
 332	C	0.090	-0.1740858
333	A	-0.397	-0.164608
334	A	-0.530	-0.1254389
335	A	-0.515	-0.1789022
336	C	0.129	-0.1564562
337	A	-0.015	-0.1998046
338	G	-0.090	-0.2508418
339	A	-0.153	-0.243118
340	G	0.201	-0.2242378
341	G	-0.388	-0.2123529
342	T	-0.206	-0.2550751
343	A	-0.520	-0.2549757
344	A	-0.522	-0.2681273
345	A	-0.304	-0.2374253
346	G	-0.303	-0.2185522
347	T	-0.373	-0.1637719
348	T	-0.383	-0.1276021
349	A	-0.014	-0.07870587
350	A	-0.248	-0.02428237
351	C	0.214	-0.01638353
352	C	0.427	0.03585613
353	T	0.269	0.09820413
354	C	0.227	0.1301725
355	T	0.066	0.1542226
356	A	0.131	0.1634084
357	C	-0.209	0.1372373
358	C	0.322	0.1327034
359	T	0.374	0.121071
360	G	0	0.09933945
 361	T	0.273	0.0810254
362	G	-0.137	0.07275494
363	G	-0.099	0.1032647
364	T	0.373	0.08875294
365	T	0.129	0.07073727
366	C	-0.033	0.08346636
367	A	-0.153	0.06361516
368	G	0.031	0.04880241
369	G	0.156	0.03737127
370	A	0.148	0.000724475
371	G	0.158	-0.006933883
372	G	0.152	0.03117893
373	A	0.035	0.06215143
374	G	-0.315	0.07039956
375	G	-0.236	0.09291447
376	A	-0.066	0.1150703
377	G	0.037	0.1377671
378	C	0.424	0.158085
379	G	0.218	0.1898878
380	C	0.130	0.1960428
381	C	0.426	0.2484901
382	C	0.414	0.2877859
383	C	0.431	0.3083474
384	C	0.396	0.2866612
385	T	0.417	0.2846832
386	G	-0.241	0.274879
387	C	0.393	0.2402023
388	C	0.405	0.2397369
389	T	0.284	0.2355367
390	T	0.163	0.2318167
391	C	0.194	0.233894
392	T	0.013	0.2279707
393	G	0.010	0.1499042
394	T	0.409	0.07636008
395	C	0.380	0.07283417
396	C	0.351	0.09287258
397	C	0.442	0.09130375
398	T	-0.312	0.1149679
399	A	-0.543	0.1478648
400	A	-0.477	0.1267677
401	C	0.242	0.1291164
402	C	0.404	0.09020992
403	T	0.175	0.02980008
404	G	0.297	0.011769
405	C	0.405	0.05707417
406	T	0.155	0.0946697
407	C	0.408	0.04740745
408	A	-0.114	0.02540512
409	G	-0.282	0.05362828
410	A	-0.529	0.03035345
411	A	0	0.002217425
 412	C	-0.026	-0.007953767
413	A	-0.325	-0.07469677
414	T	0.140	-0.0615218
415	C	0.514	-0.05943855
416	A	0.017	-0.0548583
417	T	0.067	-0.03616147
418	T	0.033	-0.0548465
419	G	-0.392	-0.05470667
420	A	0.043	-0.06451864
421	C	-0.257	-0.08135689
422	A	-0.474	-0.06959989
423	A	0.224	-0.04136803
424	T	-0.250	-0.01268976
425	G	-0.323	0.03560858
426	A	0.022	0.05722778
427	G	0.312	0.1162119
428	C	0.158	0.1625332
429	T	0.406	0.1310855
430	G	0.377	0.154644
431	T	0.187	0.2189237
432	C	0.302	0.2498273
433	C	0.450	0.2300105
434	A	0.081	0.2128853
435	T	-0.153	0.1407967
436	G	0.032	0.06687501
437	C	0.447	0.01665068
438	T	0.393	-0.03728391
439	T	0.074	-0.1005709
440	G	-0.046	-0.1057705
441	A	-0.458	-0.0564406
442	G	-0.509	-0.02152319
443	A	-0.415	-0.02365978
444	A	-0.344	-0.054092
445	G	-0.309	-0.02663213
446	A	0.019	-0.01449566
447	T	0.438	0.01101759
448	C	0.451	0.02725751
449	T	0.422	0.06559042
450	G	0.028	0.1321494
451	C	0.404	0.1690496
452	A	0.098	0.1674597
453	G	-0.152	0.1214525
454	A	-0.314	0.05348521
455	G	0.044	-0.02312096
456	C	0.454	-0.0589434
457	C	0.133	-0.1276952
458	A	0	-0.1734473
 459	T	-0.113	-0.1960572
460	G	-0.364	-0.210397
461	A	-0.496	-0.2416309
462	A	-0.401	-0.3103007
463	A	-0.420	-0.3594007
464	A	-0.450	-0.4009051
465	T	-0.424	-0.4218923
466	A	-0.486	-0.4360504
467	A	-0.330	-0.4007731
468	A	-0.369	-0.3854895
469	G	-0.455	-0.3413441
470	A	-0.498	-0.2697325
471	G	-0.364	-0.2057127
472	A	-0.534	-0.1432334
473	A	-0.073	-0.09374475
474	C	-0.218	-
475	T	0.108	-
476	T	0.409	-
477	C	0.344	-
478	A	0.263	-
479	C	0.263	-
