1	G	-0.035	-
2	T	0.472	-
3	T	0.250	-
4	G	0.011	-
5	T	-0.158	-
6	A	-0.176	0.07973503
7	C	-0.202	0.05524334
8	A	0.224	0.03102626
9	T	0.540	0.01633747
10	G	-0.214	0.05760213
11	T	-0.210	0.09049188
12	A	0.455	0.1361598
13	G	-0.329	0.1663294
14	T	0.181	0.1602432
15	T	0.074	0.1206912
16	C	0.506	0.1174986
17	A	0.236	0.1119266
18	T	0.371	0.07829063
19	C	0.159	0.1368875
20	A	0.151	0.1345246
21	T	0.065	0.1393299
22	T	-0.252	0.06698842
23	G	-0.276	0.03067151
24	A	0.051	-0.01030057
25	C	0.374	-0.01915314
26	C	0.153	-0.05970031
27	A	0.131	-0.07382447
28	A	-0.361	-0.03076322
29	G	-0.199	-0.01804438
30	A	-0.120	0.003480767
31	C	0.053	-0.00098415
32	A	-0.334	0.0245916
33	T	-0.104	0.03363193
34	T	0.263	0.06481041
35	G	-0.124	0.09818899
36	T	0.310	0.1012797
37	G	0.320	0.07856288
38	G	0.460	0.09657487
39	C	0.240	0.108855
40	A	0.012	0.124659
41	C	0.201	0.1734033
42	A	-0.083	0.1706368
43	T	-0.219	0.1896603
44	G	-0.118	0.127842
45	A	0.043	0.06345013
46	C	0.453	0.0318964
47	T	0.460	-0.004576267
48	G	0.276	-0.007857917
49	T	0.548	-0.000753
50	T	-0.281	0.013102
51	T	-0.532	-0.008442417
52	A	-0.366	-0.05550833
53	C	-0.236	-0.1083847
54	G	-0.122	-0.1191268
55	T	-0.134	-0.1556449
56	A	0.047	-0.1088878
57	G	-0.215	-0.05545508
58	A	-0.111	0.01176583
59	G	-0.173	-0.01109517
60	T	0.148	-0.0008893333
61	T	0.110	0.00671675
62	C	0.279	0.03754692
63	A	0.108	0.0397435
64	C	0.440	0.05834558
65	T	-0.510	0.03868133
66	A	0	0.03916333
 67	C	-0.043	0.03555097
68	T	0.417	0.04943372
69	A	-0.188	0.05517739
70	T	0.112	-0.01666044
71	T	-0.409	0.02592264
72	T	0.153	-0.002586025
73	G	0.067	0.03228206
74	C	0.446	-0.03096169
75	A	0.177	-0.03071019
76	G	-0.421	-0.06479786
77	T	0	0.008638975
 78	T	-0.342	0.006549225
79	T	0.375	0.03821567
80	C	-0.341	0.042074
81	A	-0.185	0.06001275
82	A	-0.297	0.08481958
83	G	0.471	0.07485592
84	C	0.128	0.1178394
85	A	0.447	0.1180222
86	T	0.492	0.1674737
87	C	0.392	0.2116701
88	T	-0.124	0.2633052
89	A	-0.119	0.2522581
90	C	0.173	0.2585509
91	T	0.377	0.2610436
92	G	0.252	0.2546887
93	T	0.344	0.2581509
94	G	0.322	0.2586437
95	T	0.338	0.2790271
96	G	0.204	0.2720932
97	T	0.477	0.2111229
98	C	0.416	0.2298153
99	T	0.434	0.212564
100	T	-0.118	0.1633617
101	G	0.125	0.1000966
102	G	0.090	0.06840493
103	A	-0.354	0.000960175
104	A	0.476	-0.02735059
105	C	0.137	-0.03626293
106	A	-0.267	0.007465992
107	T	-0.420	0.03082466
108	A	-0.176	0.06522065
109	T	-0.332	0.1284652
110	T	0.076	0.08790159
111	C	0.327	0.07913013
112	C	0.406	0.1345782
113	C	0.405	0.1465435
114	C	0.503	0.1277275
115	C	0.404	0.118488
116	A	-0.010	0.08544873
117	T	0.032	0.0228089
118	G	0.397	-0.04679602
119	G	-0.276	-0.09869135
120	A	-0.401	-0.1625909
121	T	-0.443	-0.1847808
122	A	-0.319	-0.1722936
123	A	-0.424	-0.2166087
124	A	-0.428	-0.2707405
125	G	-0.217	-0.2115611
126	A	-0.263	-0.1401356
127	G	0.138	-0.1095015
128	T	0.139	-0.06559529
129	G	-0.499	0.001861958
130	A	-0.252	0.03031724
131	C	0.433	0.03186499
132	C	0.455	0.01890441
133	G	-0.075	0.0005674917
134	T	0.207	0.02704149
135	C	0.385	0.08917707
136	A	-0.087	0.09288999
137	T	-0.198	0.06198729
138	A	-0.419	0.03362929
139	T	-0.081	0.005283667
140	A	0.457	-0.0393805
141	T	0.246	-0.1010643
142	G	-0.207	-0.07913545
143	T	0.062	-0.04739653
144	T	0.114	0.02944413
145	A	-0.415	0.03623238
146	T	-0.328	-0.003714575
147	A	-0.354	-0.06056382
148	T	0.175	-0.05434841
149	G	0.182	-0.05094354
150	C	0.503	-0.08337304
151	T	0	-0.06582363
 152	A	-0.022	-0.01068054
153	A	-0.436	0.05713179
154	G	-0.132	0.08060229
155	C	0.103	0.08281579
156	A	-0.274	0.07958729
157	A	-0.205	0.06458154
158	T	0.332	0.02982225
159	C	0.458	0.05084692
160	T	0.457	0.02904083
161	T	0.208	0.059124
162	C	0.464	0.1083805
163	T	-0.180	0.1570502
164	A	-0.439	0.1722831
165	A	-0.183	0.1382887
166	A	-0.394	0.0553181
167	C	0.464	0.02697552
168	C	0.316	-0.00131365
169	T	0.378	-0.01830215
170	C	0.515	0.0065986
171	T	0.050	-0.01220557
172	T	-0.538	-0.006754983
173	A	-0.131	-0.04844079
174	C	0.124	-0.1111295
175	A	-0.383	-0.173216
176	A	-0.140	-0.2316702
177	A	-0.409	-0.2692823
178	T	-0.329	-0.1906786
179	A	-0.035	-0.18357
180	T	-0.435	-0.1901126
181	T	-0.366	-0.1320741
182	A	-0.185	-0.07887339
183	A	-0.400	-0.03385014
184	C	0.405	-0.01906306
185	T	-0.046	0.0007253333
186	G	0.046	0.01014767
187	A	0.312	0.01095575
188	T	0.497	-0.01346725
189	T	0.130	-0.009744667
190	G	-0.151	-0.08604158
191	T	0.201	-0.1177881
192	T	-0.322	-0.09124475
193	T	-0.356	-0.1537017
194	A	-0.478	-0.2342547
195	T	-0.355	-0.2321352
196	A	-0.510	-0.2168235
197	A	-0.427	-0.1964197
198	C	0.364	-0.1410442
199	A	-0.436	-0.08134862
200	A	-0.468	-0.03840984
201	A	0.156	0.005110908
202	T	0.032	0.08411274
203	C	0.446	0.1477201
204	T	0.342	0.1212581
205	G	0.359	0.1674691
206	T	0.036	0.1880332
207	G	0.166	0.1605437
208	C	0.437	0.1261718
209	A	0.336	0.09313678
210	G	0.047	0.07412578
211	C	0.117	0.06861978
212	A	-0.221	0.04214541
213	G	-0.173	0.0005979917
214	T	-0.380	-0.07027693
215	T	0.050	-0.1152936
216	C	0.114	-0.1314628
217	T	0.293	-0.1370185
218	A	-0.281	-0.1083902
219	T	-0.332	-0.06399783
220	T	-0.412	0.00046725
221	A	-0.204	0.01308934
222	T	-0.146	-0.01851874
223	T	0.050	-0.07047091
224	T	0.121	-0.07522749
225	C	0.359	-0.06128191
226	C	0.393	-0.04709416
227	A	0.201	0.003081425
228	T	-0.265	0.04692592
229	T	-0.329	0.0403823
230	T	-0.338	-0.007814617
231	T	-0.164	-0.04510874
232	A	-0.242	-0.1114923
233	C	0.398	-0.1344043
234	A	0.379	-0.1350643
235	G	-0.027	-0.1267937
236	A	-0.456	-0.1336237
237	A	-0.088	-0.1580812
238	G	-0.403	-0.1729586
239	T	-0.073	-0.2220823
240	A	-0.273	-0.2698188
241	T	-0.230	-0.2435098
242	A	-0.420	-0.1734553
243	A	-0.458	-0.1313459
244	T	-0.421	-0.09572293
245	A	-0.191	-0.1178071
246	A	-0.193	-0.1249482
247	G	0.288	-0.1442241
248	G	0.383	-0.1346544
249	C	0.416	-0.05926707
250	T	0.024	-0.05030757
251	A	-0.338	0.007778767
252	G	-0.358	0.006686683
253	A	-0.461	-0.01615527
254	A	-0.305	-0.03735593
255	G	0.446	-0.1054302
256	C	-0.313	-0.1227018
257	A	0.505	-0.1227385
258	T	-0.206	-0.08155403
259	T	0.013	-0.03661493
260	C	0.129	-0.03383002
261	A	-0.400	-0.05780243
262	G	-0.183	-0.05982768
263	A	-0.338	-0.117096
264	G	0.135	-0.06599127
265	C	0.077	-0.07872623
266	G	-0.272	-0.05731807
267	A	0.158	-0.01840409
268	C	-0.337	0.03597874
269	A	-0.181	0.05114208
270	C	0.406	0.07780591
271	A	-0.138	0.03262156
272	T	0.386	0.02098731
273	T	0.066	-0.003726942
274	C	0.469	-0.009328608
275	T	-0.156	-0.02192728
276	G	0.455	-0.07058019
277	A	-0.464	-0.07766744
278	A	-0.411	-0.1054285
279	G	-0.137	-0.0827921
280	A	-0.405	-0.09815735
281	T	-0.332	-0.07323035
282	A	-0.177	-0.08253635
283	C	-0.223	-0.003285517
284	A	0.053	0.03952773
285	C	0.338	0.02459615
286	T	0.284	0.02143007
287	A	0.142	0.01213023
288	T	0.343	-0.01200477
289	C	0.486	-0.02203668
290	T	0.102	-0.039977
291	G	-0.317	-0.1017215
292	A	-0.443	-0.1560949
293	A	-0.444	-0.1904947
294	A	-0.466	-0.1826499
295	A	-0.344	-0.2163018
296	G	-0.162	-0.2447618
297	A	-0.402	-0.2268522
298	G	-0.367	-0.2032489
299	A	-0.270	-0.2070893
300	C	0.437	-0.1517177
301	A	0.082	-0.1515569
302	T	-0.239	-0.1599102
303	G	-0.102	-0.1639659
304	A	-0.159	-0.1667623
305	G	-0.490	-0.1699319
306	G	0.197	-0.1723086
307	A	-0.342	-0.1411672
308	A	-0.262	-0.1013387
309	A	-0.451	-0.09955641
310	T	-0.401	-0.05368258
311	T	-0.308	0.01940009
312	C	0.409	0.03853709
313	C	0.456	0.1042695
314	T	0.238	0.1505925
315	G	-0.080	0.2043213
316	T	0.390	0.281609
317	G	0.386	0.2740913
318	T	0.427	0.1952599
319	C	0.446	0.1151187
320	T	0.293	0.1075484
321	C	0.193	0.1333973
322	C	0.526	0.1242261
323	A	-0.398	0.1250922
324	A	-0.536	0.1207287
325	A	-0.505	0.05139933
326	T	0.147	0.03999283
327	G	0.229	0.06580225
328	G	0.280	-0.0112315
329	C	0.396	-0.01498925
330	A	0.374	0.01213708
331	G	-0.385	0.0313315
332	A	0.156	0.05076075
333	C	0.503	0.06014167
334	T	-0.398	0.03676033
335	A	-0.443	0.02231992
336	A	-0.211	-0.01140528
337	A	-0.274	-0.01553378
338	C	0.380	-0.07364703
339	T	0.342	-0.1366655
340	C	0	-0.09272078
 341	A	0.223	-0.04037594
342	C	-0.029	0.007080892
343	A	-0.435	0.06040147
344	A	-0.540	0.04424506
345	T	-0.252	0.05314698
346	G	0.129	0.02527589
347	G	0.184	-0.004015858
348	G	0.358	-0.01833633
349	G	0.364	0.05276667
350	C	0.186	0.1205741
351	A	0.448	0.1416432
352	T	-0.334	0.1007557
353	G	-0.127	0.08997853
354	A	-0.201	0.02903236
355	C	0.418	-0.03227297
356	T	0.273	-0.06665589
357	T	0	-0.06749681
 358	G	-0.361	-0.03962572
359	T	0.054	-0.0005708917
360	T	-0.373	0.05094986
361	A	-0.370	0.05357302
362	T	-0.225	0.04969961
363	C	0.438	0.08544519
364	A	0	0.1312792
 365	C	0.340	0.1145912
366	C	0.416	0.1410447
367	T	0.449	0.1843578
368	G	0.226	0.2079613
369	C	0.428	0.1728229
370	T	0.188	0.159367
371	G	-0.145	0.106428
372	G	-0.055	0.03558389
373	A	0.148	0.01145581
374	A	0.057	-0.02564752
375	T	0.017	-0.07207444
376	G	-0.161	-0.1111403
377	T	-0.294	-0.1431958
378	T	-0.433	-0.1057828
379	T	0.160	-0.08520446
380	C	-0.218	-0.05810321
381	A	-0.128	-0.03391792
382	A	-0.280	-0.0007675
383	G	-0.530	0.02877725
384	T	0.393	0.1005057
385	G	0.395	0.062075
386	G	0.382	0.1131199
387	C	0.307	0.09818225
388	C	0.236	0.08911825
389	T	0.060	0.1228808
390	G	0.427	0.1029556
391	A	-0.301	0.06209509
392	T	0.393	0.01979559
393	T	-0.307	-0.01969091
394	T	-0.388	-0.02422874
395	G	-0.124	0.001618758
396	A	0.154	0.001944675
397	C	-0.094	0.04825626
398	A	-0.124	-0.01844241
399	A	-0.166	-0.01541366
400	G	0.181	-0.01701191
401	G	0.370	-0.04208149
402	C	0.431	-0.08177441
403	A	0.254	-0.08726242
404	G	-0.406	-0.1207055
405	A	-0.271	-0.1314444
406	G	-0.408	-0.185831
407	A	-0.425	-0.1907832
408	A	-0.322	-0.1986795
409	T	-0.160	-0.2254619
410	G	-0.526	-0.2079348
411	G	-0.295	-0.1680014
412	A	-0.470	-0.1688393
413	A	0.310	-0.1579506
414	C	0.336	-0.1591952
415	A	-0.066	-0.1854465
416	G	-0.196	-0.1351497
417	T	0.208	-0.09685447
418	G	-0.418	-0.04773264
419	A	-0.295	-0.05694747
420	T	-0.336	-0.08321597
421	A	-0.475	-0.07668005
422	T	0.077	-0.1042219
423	T	0.164	-0.09482222
424	G	0.118	-0.0328933
425	T	0.200	0.00840895
426	T	0.021	0.06115387
427	T	0.011	0.1273864
428	G	-0.526	0.130631
429	G	0.320	0.1511341
430	C	0.325	0.1774932
431	T	0.200	0.1854205
432	C	0.295	0.2150466
433	T	0.319	0.2486491
434	G	0.116	0.3275002
435	T	0.410	0.3217831
436	C	0.435	0.3305247
437	C	0.295	0.3555552
438	C	0.376	0.2957302
439	C	0.414	0.2295151
440	A	0.419	0.1947442
441	C	0.252	0.1775938
442	C	0.429	0.1624177
443	C	0.500	0.1593866
444	A	-0.421	0.1447693
445	A	-0.475	0.1455061
446	A	-0.300	0.1358747
447	T	0.204	0.1307188
448	C	0.252	0.125272
449	T	0.258	0.05345225
450	C	0.201	0.08215938
451	A	0.423	0.09140672
452	T	0.303	0.09252405
453	C	0.190	0.06020397
454	T	0.364	-0.0007063667
455	T	-0.360	0.01233147
456	G	-0.077	0.03662905
457	A	-0.364	0.02569788
458	A	-0.287	0.0277523
459	T	-0.183	-0.02830062
460	T	-0.478	-0.0726987
461	C	0.415	-0.04160637
462	C	0.492	-0.06177967
463	C	0.292	-0.06562326
464	A	0.328	-0.03108051
465	T	-0.482	-0.03970226
466	G	-0.168	-0.02362901
467	T	0.012	-0.05084687
468	G	-0.319	-0.1126526
469	T	-0.410	-0.1132348
470	T	0.126	-0.1526679
471	G	-0.286	-0.1393867
472	C	-0.285	-0.159521
473	G	0.088	-0.2048119
474	A	-0.248	-0.1895097
475	G	0.285	-0.1232947
476	A	-0.144	-0.09742452
477	G	-0.322	-0.07506401
478	G	-0.409	-0.08238017
479	A	-0.531	-0.1351095
480	A	-0.135	-0.1417636
481	C	0.384	-0.1637694
482	C	0.437	-0.1179678
483	C	-0.018	-0.09935217
484	A	-0.372	-0.05829912
485	A	-0.543	-0.04537629
486	A	-0.328	-0.02893382
487	G	0.021	-0.04420391
488	G	0.405	-0.1136574
489	G	-0.099	-0.1401871
490	A	0.082	-0.1039511
491	G	-0.376	-0.07898118
492	G	0.061	-0.08517542
493	T	0.201	-0.1238916
494	A	-0.396	-0.139876
495	A	-0.336	-0.1299994
496	T	0.061	-0.1721029
497	T	-0.244	-0.1840623
498	G	-0.402	-0.1980831
499	A	-0.442	-0.231728
500	A	0.213	-0.2326993
501	T	0.019	-0.2361545
502	C	-0.422	-0.2299899
503	A	-0.519	-0.1860051
504	T	-0.106	-0.1524251
505	G	-0.202	-0.07856352
506	A	-0.407	-0.05590102
507	G	-0.378	-0.04013892
508	G	0.135	0.01722067
509	G	0.283	0.09312592
510	C	0	0.1056679
 511	A	0.443	0.1563869
512	G	0.485	0.203766
513	G	0.208	0.2709352
514	T	0.265	0.2932684
515	C	0.391	0.2887839
516	T	0.043	0.3260497
517	T	0.405	0.3074855
518	G	0.160	0.2271089
519	C	0.427	0.2436302
520	C	0.403	0.2613107
521	C	0.229	0.1973399
522	C	0.447	0.2156214
523	T	0.220	0.1828942
524	G	-0.479	0.1933854
525	C	0.406	0.1643484
526	T	0.478	0.1451904
527	G	-0.376	0.104372
528	T	0.263	0.03617603
529	T	0.013	-0.0061853
530	C	0.286	0.01256387
531	T	0.079	0.01666378
532	C	0.173	-0.05769713
533	A	-0.260	-0.03176033
534	T	-0.371	-0.07511017
535	A	-0.287	-0.109964
536	A	-0.254	-0.1697087
537	C	0.455	-0.2151912
538	A	-0.414	-0.2571032
539	G	-0.065	-0.2801857
540	T	-0.257	-0.2902036
541	G	-0.404	-0.2754331
542	A	-0.430	-0.2500031
543	A	-0.466	-0.2546221
544	T	-0.328	-0.2118114
545	A	-0.537	-0.1937972
546	A	-0.491	-0.144448
547	G	-0.110	-0.08647911
548	T	0.050	-0.05267794
549	C	0.400	-
550	T	0.099	-
551	C	0.150	-
552	A	0.335	-
553	C	0.290	-
554	G	-0.024	-
