1	C	0.265	-
2	A	0.084	-
3	G	-0.378	-
4	A	-0.300	-
5	A	-0.438	-
6	T	-0.418	-
7	A	-0.504	-0.1451819
8	A	0	-0.2004429
 9	C	0.511	-0.2309927
10	T	0	-0.1928156
 11	A	-0.353	-0.1951466
12	C	0.394	-0.1836889
13	A	-0.484	-0.176507
14	A	-0.410	-0.1607045
15	A	-0.507	-0.1412741
16	A	-0.343	-0.1657515
17	C	0.155	-0.1675462
18	A	-0.333	-0.1707729
19	A	-0.277	-0.2361545
20	A	-0.317	-0.2293799
21	A	-0.283	-0.1828969
22	T	0.272	-0.1436848
23	T	0.168	-0.1463559
24	T	-0.025	-0.1766378
25	G	-0.398	-0.1377843
26	A	-0.520	-0.08988591
27	A	-0.389	-0.04936113
28	G	0.240	-0.01990113
29	A	0.041	-0.03155091
30	G	-0.380	-0.06987491
31	G	-0.268	-0.07172061
32	A	0.210	-0.0610599
33	G	0.392	0.007000671
34	T	0.249	0.06467717
35	C	0.128	0.02201931
36	C	0.108	-0.003862007
37	A	-0.367	0.001037564
38	A	-0.050	0.01133478
39	G	-0.249	0.01603064
40	G	0.432	0.002340279
41	C	0.418	0.00907085
42	A	-0.357	0.005473014
43	T	-0.321	0.01261673
44	T	-0.311	0.06735273
45	T	-0.123	0.08975595
46	T	0.276	0.1214646
47	C	0.201	0.1271465
48	T	0.343	0.08590238
49	G	0.078	0.07437495
50	G	0.208	0.09580092
51	T	0.398	0.1523196
52	T	0.262	0.1921173
53	C	0.194	0.1749118
54	C	0.511	0.193545
55	A	-0.159	0.1634086
56	T	-0.518	0.1386385
57	A	-0.021	0.1104847
58	C	0.479	0.09333561
59	T	0.433	0.06577104
60	T	0.035	0.04558084
61	T	0.461	-0.02667295
62	T	-0.078	0.01643905
63	T	-0.268	0.07436819
64	T	-0.185	0.08382372
65	C	0.158	0.08301908
66	A	-0.123	0.07715801
67	T	-0.088	0.06791886
68	T	-0.499	0.01632908
69	C	0.444	0.04323806
70	T	0.292	0.03980777
71	C	0.111	0.06412141
72	C	0.468	0.02345756
73	T	0.351	0.0128707
74	G	-0.093	-0.0045316
75	T	-0.260	0.05923619
76	T	0.298	0.04411683
77	G	-0.316	0.04395704
78	G	0.155	0.02621619
79	A	-0.410	-0.01696689
80	T	-0.271	-0.03994558
81	A	-0.332	-0.01700005
82	C	0.392	0.03154809
83	C	0.232	0.03911295
84	A	0.290	0.08790181
85	T	-0.137	0.09078295
86	T	-0.136	0.1412987
87	T	0.029	0.1873292
88	C	0.227	0.2413009
89	T	0.419	0.2018527
90	C	0.404	0.1540421
91	C	0.366	0.1316092
92	T	0.195	0.1531468
93	G	0.296	0.1726769
94	T	0.372	0.1895177
95	C	0.423	0.1437762
96	T	-0.159	0.09852546
97	G	-0.436	0.08285725
98	A	-0.023	0.03934061
99	T	0.164	0.05642004
100	C	0.137	0.05062425
101	C	0.265	0.03436468
102	A	-0.412	0.001930486
103	A	-0.214	0.04115634
104	T	0.185	0.09633391
105	G	-0.242	0.1305066
106	C	0.434	0.1290369
107	T	0.215	0.1505271
108	G	0.145	0.1343194
109	A	-0.030	0.1830132
110	G	0.389	0.169645
111	C	0.335	0.1564133
112	T	0.454	0.1472422
113	C	0.143	0.08949966
114	A	0.437	0.06504437
115	G	0.038	0.06400451
116	T	0.268	0.05992926
117	G	-0.401	0.002461971
118	G	0	-0.04893146
 119	T	-0.371	-0.09516446
120	A	-0.373	-0.07755739
121	A	-0.126	-0.09183124
122	T	0.130	-0.07133538
123	G	-0.087	-0.05903202
124	A	-0.414	2.447857e-05
125	A	-0.383	0.02557412
126	G	-0.192	0.03243212
127	T	0.390	0.07349405
128	G	0.238	0.08625643
129	C	0.325	0.05624371
130	C	0.441	0.04013602
131	A	0.425	0.04247309
132	C	0.357	0.03570131
133	A	-0.275	0.01496581
134	T	0.201	-0.02682269
135	T	0.051	-0.02690219
136	G	-0.289	-0.02847719
137	T	-0.313	-0.0549556
138	G	-0.382	-0.08534231
139	A	-0.478	-0.1117121
140	A	-0.483	-0.06949944
141	A	-0.194	-0.05123308
142	G	0.236	-0.03410789
143	G	0.303	0.01739354
144	G	0.070	0.0073244
145	G	0	0.006888543
 146	A	-0.011	0.002618257
147	G	0.315	0.009125257
148	C	0.456	0.03783847
149	C	0.291	0.02342984
150	T	0.431	0.02485005
151	A	-0.454	0.04775553
152	G	-0.388	0.05902896
153	A	-0.538	0.08797115
154	A	-0.391	0.09551465
155	C	0.207	0.05756627
156	G	0.035	0.06183256
157	G	0.323	0.04912727
158	G	0.391	0.0691812
159	G	0.157	0.100002
160	C	0.393	0.1154951
161	T	0.421	0.1266369
162	G	-0.074	0.1199333
163	C	0.351	0.0879462
164	C	0.253	0.03930284
165	A	-0.173	0.04266849
166	G	0.043	0.03637863
167	A	-0.321	0.02954156
168	G	-0.235	0.03232606
169	A	0.113	0.06995515
170	G	-0.412	0.06457001
171	A	-0.357	0.07397251
172	C	0.438	0.06428465
173	A	0.069	0.02998929
174	G	0.297	0.04133493
175	T	0.460	0.03639043
176	C	0.452	-0.001830286
177	T	0.275	0.003626071
178	G	0.385	-0.0002465714
179	T	-0.308	-0.04212129
180	A	-0.436	-0.06656164
181	A	-0.162	-0.1060918
182	T	-0.305	-0.1389886
183	T	-0.421	-0.1712999
184	G	-0.336	-0.1544311
185	A	-0.412	-0.1569679
186	A	-0.148	-0.1230747
187	A	-0.272	-0.1030571
188	G	-0.255	-0.08401557
189	T	0	-0.0980575
 190	T	0	-0.1043238
 191	C	0.511	-0.1116202
192	T	0.349	-0.09458836
193	T	0.165	-0.09881107
194	T	-0.156	-0.09448886
195	C	0.104	-0.08784529
196	A	-0.501	-0.09919271
197	A	-0.509	-0.1183746
198	G	-0.438	-0.1408076
199	A	-0.173	-0.1595232
200	G	-0.207	-0.1600631
201	A	-0.211	-0.1220016
202	A	-0.162	-0.1379015
203	G	-0.158	-0.1040763
204	G	-0.268	-0.09416564
205	A	0.197	-0.05767284
206	C	0.087	-0.04774301
207	T	0.158	-0.04222586
208	T	0.376	-0.01337472
209	C	-0.118	-0.01202422
210	T	-0.028	-0.005381029
211	A	-0.370	0.001838257
212	T	0.072	0.01015319
213	C	-0.034	0.01592132
214	A	-0.129	0.01587968
215	G	0.192	0.0004465357
216	G	-0.143	0.002667536
217	T	-0.065	-0.01063304
218	C	-0.167	0.04508854
219	T	0.314	0.03990903
220	G	0.168	0.01624512
221	C	0.157	0.004762479
222	T	0.160	-0.01645895
223	G	-0.087	-0.02660474
224	A	-0.214	-0.03225493
225	G	0.409	-0.007231
226	G	0	-0.04608829
 227	G	-0.365	-0.04701329
228	A	-0.290	-0.028239
229	A	-0.105	-0.01456486
230	T	-0.285	0.02169157
231	A	-0.144	0.064035
232	G	0.182	0.05527264
233	G	-0.229	0.06159074
234	A	0.155	0.1081567
235	G	0.420	0.159919
236	C	0.351	0.1962324
237	T	0.420	0.2285424
238	C	0.378	0.2703119
239	C	0.286	0.2720525
240	A	0.088	0.3022773
241	C	0.285	0.3087826
242	C	0.433	0.3128491
243	T	0.403	0.3160238
244	G	0.166	0.3209017
245	C	0.439	0.2616224
246	T	0.207	0.2535924
247	G	0.193	0.2607718
248	A	0.246	0.2544968
249	C	0.477	0.2102527
250	T	0.396	0.16497
251	T	0.488	0.1462813
252	T	-0.451	0.129077
253	T	0.174	0.145876
254	T	0.188	0.1602495
255	T	0.198	0.157299
256	A	-0.185	0.1519264
257	T	-0.230	0.161183
258	G	-0.094	0.109372
259	T	0.198	0.1570912
260	T	0.442	0.1765344
261	T	0.394	0.195839
262	G	0.205	0.2094414
263	C	0.402	0.2173613
264	T	0.525	0.2000966
265	G	-0.236	0.1759405
266	A	0.216	0.1427277
267	C	0.446	0.1161976
268	T	0.459	0.06912121
269	C	0.388	0.02228728
270	T	-0.074	-0.001300936
271	G	-0.472	-0.06599679
272	A	-0.433	-0.07105594
273	A	-0.266	-0.05801622
274	A	0.070	-0.09682284
275	G	-0.264	-0.1586001
276	A	-0.450	-0.2253013
277	A	0.071	-0.2423294
278	T	-0.380	-0.1861437
279	G	-0.307	-0.1466267
280	C	0.399	-0.1111502
281	A	-0.096	-0.1307167
282	A	-0.405	-0.1289187
283	A	-0.545	-0.1282513
284	A	-0.313	-0.1471172
285	C	0.314	-0.1504178
286	A	0.120	-0.1520937
287	T	0.230	-0.2167959
288	G	-0.202	-0.1800451
289	A	-0.239	-0.1767993
290	A	-0.440	-0.1666729
291	G	-0.192	-0.1756846
292	A	-0.426	-0.215929
293	A	-0.331	-0.2183151
294	A	-0.506	-0.2085579
295	T	0.417	-0.1738689
296	T	-0.360	-0.1490233
297	G	-0.403	-0.08656791
298	A	-0.439	-0.07684916
299	A	-0.249	-0.05757244
300	T	0.086	-0.04273387
301	G	0.367	0.01577499
302	G	0.282	0.001177057
303	T	0.108	0.03189279
304	G	0.433	0.09473636
305	T	-0.056	0.1341007
306	T	-0.156	0.1334369
307	A	-0.123	0.1342964
308	T	0.312	0.07753814
309	T	0.213	0.04559436
310	T	0.069	0.06043736
311	C	0.476	0.01254979
312	T	0.111	0.008779171
313	T	-0.258	0.0102196
314	T	0.098	0.0008921
315	T	-0.427	0.001701671
316	G	-0.164	0.01911781
317	T	0.316	0.03247187
318	A	-0.236	0.03258959
319	A	-0.109	0.0438463
320	T	-0.136	0.08801259
321	T	-0.254	0.1079616
322	T	0.323	0.1398587
323	C	0.457	0.1446975
324	T	0.256	0.1251473
325	C	0.477	0.1101202
326	A	0.269	0.093538
327	G	0.359	0.1334121
328	T	0.378	0.1364176
329	G	0.019	0.09795543
330	G	-0.096	0.09035407
331	A	0.042	0.09492243
332	A	-0.447	0.09269329
333	A	-0.341	0.06913072
334	T	0.421	0.009439864
335	A	-0.211	-0.02106846
336	T	-0.214	-0.02008434
337	T	0.350	-0.02691404
338	G	0.320	-0.05927241
339	T	0.446	-0.04984441
340	T	-0.060	-0.05006834
341	T	-0.475	-0.09653619
342	T	-0.049	-0.08640244
343	C	0.032	-0.08661409
344	A	-0.192	-0.123714
345	A	-0.410	-0.1693502
346	A	-0.315	-0.2225951
347	A	-0.344	-0.2531832
348	T	-0.228	-0.2541099
349	T	-0.070	-0.2847535
350	A	-0.217	-0.3178626
351	T	-0.168	-0.3345863
352	T	-0.318	-0.3128764
353	G	-0.298	-0.2692275
354	A	-0.488	-0.2729317
355	T	-0.488	-0.2583741
356	A	-0.478	-0.2465015
357	A	-0.430	-0.206394
358	G	-0.426	-0.1736963
359	A	-0.106	-0.1493374
360	T	0.295	-0.1122991
361	G	-0.396	-0.06408844
362	T	-0.024	0.007849707
363	A	0.096	0.04811089
364	C	0.343	0.04134311
365	C	0.289	0.06499287
366	A	0.022	0.08527559
367	G	0.219	0.09419066
368	T	0.186	0.1208656
369	C	0.518	0.132923
370	T	0.085	0.1492015
371	A	-0.525	0.1525978
372	A	-0.095	0.1661891
373	C	0.177	0.1858204
374	C	0.420	0.1556652
375	A	-0.022	0.141527
376	G	0.144	0.07553411
377	G	0.324	0.04658021
378	G	0.391	0.05416529
379	C	0.479	0.04582274
380	T	0.297	0.001768736
381	T	-0.202	-0.05514591
382	T	-0.011	-0.07153104
383	C	-0.405	-0.1133255
384	A	-0.319	-0.1663802
385	A	-0.419	-0.2298736
386	G	-0.212	-0.2981665
387	A	-0.439	-0.3176579
388	A	-0.376	-0.3140724
389	G	-0.252	-0.3139997
390	A	-0.441	-0.2850323
391	A	-0.418	-0.293379
392	A	-0.497	-0.2291948
393	A	-0.476	-0.176996
394	T	0.024	-0.1306889
395	G	-0.152	-0.1271199
396	C	-0.010	-0.1319365
397	A	0	-0.08352412
 398	A	-0.436	-0.03524555
399	T	0.479	0.03191766
400	C	0.518	0.100265
401	T	0.209	0.1230992
402	A	-0.326	0.1440307
403	T	-0.319	0.1370084
404	A	0.236	0.1721336
405	G	0.257	0.1724962
406	C	0.442	0.1021157
407	T	0.480	0.06345351
408	T	0.344	0.03392116
409	G	0.140	0.02217694
410	T	-0.108	0.04970337
411	T	0.491	0.04925394
412	T	-0.431	0.03376537
413	T	-0.505	0.01956759
414	A	-0.022	0.01258709
415	A	-0.204	0.0213793
416	G	-0.490	0.03407244
417	A	0.065	0.05816987
418	G	0.230	0.007153086
419	T	0.040	0.03225852
420	G	0.243	0.04879252
421	G	0.382	0.03666465
422	G	0.467	0.04317708
423	G	0.318	0.09357451
424	A	0.228	0.1066177
425	T	-0.222	0.1130708
426	T	-0.080	0.1328903
427	A	-0.274	0.1369876
428	T	-0.192	0.1322019
429	G	-0.113	0.08226136
430	T	0.214	0.05807558
431	T	0.248	0.07080629
432	G	0.320	0.1157464
433	G	0.317	0.1376051
434	C	0.301	0.1596726
435	T	0.315	0.1884349
436	T	-0.231	0.2115362
437	C	-0.019	0.2239677
438	C	0.406	0.2375936
439	C	0.406	0.237756
440	T	0.226	0.2437781
441	G	0.034	0.2494699
442	G	0.210	0.2637392
443	G	0.210	0.3023637
444	C	0.388	0.2806538
445	C	0.439	0.2254257
446	A	0.322	0.1745117
447	G	0.402	0.135616
448	T	0.381	0.1119308
449	C	0.515	0.06248779
450	T	0.309	0.07723393
451	A	-0.323	0.08069629
452	A	-0.366	0.04426934
453	A	-0.306	0.05655576
454	T	-0.318	0.04394548
455	A	-0.297	0.01473436
456	A	-0.482	-0.05290714
457	T	0.416	-0.1058471
458	T	0.437	-0.09339336
459	A	-0.070	-0.03366771
460	C	0.495	0.01227414
461	T	0.225	0.05359957
462	T	-0.027	0.09017564
463	T	-0.431	0.1311236
464	A	-0.432	0.1120539
465	A	-0.149	0.08446435
466	T	0.469	0.1103803
467	C	0.337	0.04356759
468	T	0.260	0.03288027
469	G	0.215	0.03372419
470	G	0.091	0.07209662
471	A	0.149	0.07309798
472	A	0.051	0.05957619
473	C	0.291	-0.005516521
474	A	-0.440	-0.05784966
475	A	0.075	-0.09645516
476	C	-0.016	-0.1432266
477	A	0.105	-0.1801066
478	T	-0.417	-0.1727271
479	A	-0.338	-0.1744246
480	T	-0.441	-0.2086824
481	A	-0.395	-0.1932179
482	A	-0.280	-0.2274461
483	A	-0.439	-0.2455221
484	T	-0.425	-0.2806523
485	T	0.253	-0.2313125
486	C	0.027	-0.1787716
487	A	-0.187	-0.164665
488	T	-0.223	-0.1371396
489	A	-0.403	-0.1297626
490	A	-0.269	-0.06823302
491	A	-0.386	-0.01497809
492	T	0.272	-0.04779781
493	T	0.396	-0.03357839
494	G	-0.244	-0.00530475
495	T	-0.010	0.01900518
496	T	-0.177	0.05455466
497	G	0.421	0.07245459
498	C	0.320	0.124937
499	C	-0.206	0.1105699
500	A	0.226	0.09703089
501	C	0.208	0.1476135
502	C	0.116	0.1740871
503	A	0.094	0.2180385
504	C	-0.018	0.1488504
505	G	0.348	0.1136011
506	A	0.071	0.1448769
507	C	0.207	0.154589
508	T	0.464	0.130827
509	C	0.360	0.1103733
510	T	0.438	0.06771595
511	T	-0.546	0.09155109
512	A	-0.172	0.09196716
513	G	0.231	0.1181713
514	G	0.362	0.1311366
515	G	-0.124	0.1209674
516	A	-0.169	0.1065819
517	A	-0.502	0.08566114
518	T	0.315	0.1544891
519	C	0.354	0.2017248
520	C	0.438	0.2081403
521	T	0.388	0.1712251
522	C	0.321	0.1856508
523	G	0.158	0.1977851
524	A	0.145	0.2078686
525	C	0.416	0.1695477
526	T	0.488	0.1205397
527	T	0.321	0.1124493
528	T	-0.154	0.06957995
529	T	0.077	0.02195152
530	C	0	-0.003861407
 531	A	-0.361	-0.0116856
532	A	-0.221	-0.01118331
533	A	-0.331	-0.01920324
534	C	0.325	-0.0100091
535	A	-0.211	0.0280289
536	T	-0.345	0.05651631
537	T	-0.202	0.08500531
538	G	0.035	0.1407176
539	C	0.423	0.1832135
540	C	0.376	0.208
541	T	0.449	0.1814721
542	C	0.378	0.225218
543	T	0.476	0.283397
544	C	0.398	0.3031401
545	T	0.418	0.2658692
546	C	0.373	0.2060433
547	A	0.015	0.1443072
548	G	-0.046	0.0815726
549	C	0.400	0.05655086
550	C	0.469	0.004199079
551	A	0.074	-0.05989656
552	T	-0.486	-0.07911385
553	A	-0.413	-0.08920321
554	A	-0.488	-0.08325634
555	A	-0.428	-0.06977725
556	T	0.027	-0.07610454
557	T	-0.256	-0.1070124
558	T	-0.498	-0.09787603
559	A	0.149	-0.03791681
560	C	0.232	0.02042147
561	A	0.098	0.05929269
562	C	0.142	0.06563684
563	T	0.312	0.08872021
564	G	0.036	0.1356959
565	C	0.201	0.2016144
566	G	0.353	0.2073284
567	C	0.402	0.2220705
568	C	0.055	0.2486078
569	A	-0.339	0.2709759
570	C	0.350	0.2694205
571	T	0.401	0.2444065
572	C	0.424	0.2449328
573	G	0.229	0.2196934
574	C	0.438	0.2258998
575	C	0.469	0.2164012
576	C	0.455	0.2485108
577	A	0.290	0.2493983
578	T	-0.313	0.2393662
579	G	0.209	0.1938003
580	T	0	0.1797273
 581	G	0.489	0.1268505
582	T	-0.077	0.1208783
583	G	0.110	0.06905486
584	T	0.363	0.01710015
585	T	0.260	0.002302364
586	T	-0.213	-0.05012571
587	T	0.032	-0.07012592
588	G	-0.301	-0.1221118
589	T	0.386	-0.1326423
590	T	-0.269	-0.1498131
591	T	-0.436	-0.1820258
592	T	-0.520	-0.1790658
593	A	-0.524	-0.1438584
594	A	-0.280	-0.119688
595	G	-0.238	-0.1178399
596	A	-0.224	-0.1652342
597	A	-0.130	-0.1296766
598	G	-0.087	-0.07609697
599	C	0.302	-0.007814257
600	T	0.279	0.0564981
601	G	0.370	0.1054747
602	T	-0.275	0.1561876
603	A	-0.277	0.1640281
604	G	0.227	0.1533092
605	T	0.313	0.1572952
606	C	0.435	0.1211087
607	T	0.375	0.1022154
608	C	0.405	0.1047517
609	T	0.471	0.1125302
610	T	-0.114	0.1706741
611	G	-0.280	0.1290317
612	T	-0.031	0.08924944
613	T	-0.204	0.08881351
614	A	0.014	0.03779473
615	C	0.406	0.03979851
616	A	-0.166	0.01223324
617	T	0.536	0.0303576
618	G	-0.355	0.02105181
619	T	-0.243	0.03495572
620	A	0.429	0.02497136
621	G	-0.338	0.007344943
622	T	0.433	-0.04984299
623	T	0.085	-0.06813813
624	T	0.139	-0.1446548
625	G	-0.410	-0.1535943
626	G	0.162	-0.1361933
627	A	-0.344	-0.1539952
628	A	-0.231	-0.09694206
629	G	-0.394	-0.1241355
630	A	-0.422	-0.09184079
631	A	-0.534	-0.08695829
632	A	-0.480	-0.02129543
633	T	0	-0.001536214
 634	G	0.179	-0.007856429
635	C	0.460	0.008709786
636	T	0.053	0.046486
637	A	0.538	0.04382143
638	G	0.207	0.06697471
639	A	0.508	0.1061059
640	T	0.439	0.08595314
641	G	-0.432	0.05681543
642	T	0	0.041997
 643	T	0.134	0.07569693
644	T	-0.460	0.02702
645	T	-0.210	-0.02422786
646	T	0.067	-0.08264936
647	G	-0.282	-0.1461684
648	A	-0.227	-0.1351439
649	T	0.252	-0.1517314
650	C	0.524	-0.1741546
651	T	-0.143	-0.1710909
652	A	-0.510	-0.1869458
653	A	-0.309	-0.2300725
654	A	-0.449	-0.2374578
655	G	-0.278	-0.2505014
656	A	-0.232	-0.2838407
657	A	-0.179	-0.2942052
658	G	-0.417	-0.2565164
659	A	-0.432	-0.2480121
660	A	-0.536	-0.2180024
661	A	-0.385	-0.1774804
662	G	-0.410	-0.1276484
663	A	-0.214	-0.07957857
664	T	0.379	-0.0334225
665	C	0.384	0.001977707
666	A	-0.391	0.02050299
667	A	0.110	0.0656247
668	G	0.117	0.1231768
669	T	0.419	0.1633073
670	C	0.440	0.1587801
671	C	0.466	0.09323234
672	T	0.078	0.05618663
673	A	-0.172	0.1203443
674	G	0.095	0.1500338
675	T	0.420	0.1727452
676	C	0.151	0.1305858
677	A	-0.277	0.08007191
678	A	-0.537	0.02133227
679	A	-0.134	0.03715671
680	C	0.507	0.05730785
681	T	0.526	0.03646971
682	T	0.435	-0.02071907
683	T	-0.171	-0.06160536
684	A	-0.266	-0.07400321
685	G	-0.355	-0.07279207
686	T	0.299	-0.07448693
687	A	0.109	-0.1314102
688	T	-0.196	-0.1553352
689	T	-0.380	-0.1767051
690	T	-0.421	-0.1404781
691	T	-0.451	-0.1027591
692	A	-0.521	-0.07887759
693	A	-0.158	-0.1274895
694	A	-0.289	-0.1585659
695	G	0.191	-0.1335214
696	G	0.136	-0.1159325
697	G	0.336	-0.07777451
698	C	0.261	-0.01733573
699	A	-0.021	-0.001688014
700	T	-0.380	0.008431529
701	A	-0.325	0.009530814
702	G	0.154	-0.01044932
703	A	-0.134	-0.02335404
704	C	0.113	-0.06396283
705	A	0.395	-0.0717449
706	T	-0.301	-0.07922367
707	T	-0.016	-0.0732006
708	A	-0.274	-0.04992874
709	T	-0.088	-0.05165924
710	T	-0.044	-0.07318303
711	T	-0.232	-0.09354517
712	G	0.152	-0.1079361
713	A	-0.126	-0.07686796
714	G	-0.296	-0.04375207
715	T	0	0.01114164
 716	A	0.130	0.02263653
717	T	-0.435	0.03981811
718	A	-0.172	0.07738304
719	T	0.193	0.09684039
720	G	0.133	0.1250335
721	T	0.447	0.1615025
722	C	0.494	-
723	G	0.072	-
724	T	0.196	-
725	C	0.293	-
726	T	0.425	-
727	G	0.268	-
728	C	0.214	-
