1	G	0.426	-
2	C	0.474	-
3	T	0.239	-
4	A	-0.256	-
5	G	-0.356	-
6	A	-0.054	0.07303007
7	A	-0.471	0.07253289
8	T	-0.081	0.06729507
9	T	0.135	0.05233463
10	C	0.301	0.07892812
11	T	0.447	0.06926321
12	C	0.420	0.02723974
13	C	0.416	0.02472546
14	C	0.075	0.008483591
15	A	0.035	-0.01724523
16	T	-0.462	-0.08970514
17	A	-0.517	-0.09816541
18	A	-0.499	-0.09666268
19	A	-0.260	-0.1412447
20	G	-0.147	-0.1273155
21	A	-0.495	-0.1130332
22	C	0.354	-0.03059865
23	C	0.437	0.03338471
24	A	-0.073	0.1007803
25	T	0.228	0.1222655
26	T	0.192	0.1334268
27	T	0.444	0.1586445
28	G	0.186	0.1398414
29	C	0.241	0.07431247
30	A	-0.024	0.05790985
31	C	-0.024	0.04628376
32	A	-0.218	0.02072618
33	T	0.148	-0.03979173
34	C	-0.283	-0.090146
35	A	-0.254	-0.1099435
36	A	0.100	-0.1237018
37	C	-0.088	-0.1423155
38	T	-0.221	-0.1148519
39	A	-0.367	-0.1060733
40	T	0.024	-0.03425757
41	T	-0.175	0.01972452
42	T	-0.229	0.03515343
43	G	0.083	0.07586046
44	G	0.244	0.1176951
45	C	0.506	0.1534418
46	T	0.339	0.1114302
47	A	0.270	0.09697127
48	C	0.359	0.07265818
49	C	0.238	0.0159445
50	T	0.025	0.002564582
51	G	-0.437	-0.03707317
52	A	-0.334	-0.1084698
53	A	-0.497	-0.09653545
54	A	-0.540	-0.08951517
55	A	0.097	-0.07954945
56	G	0.070	-0.03340104
57	G	-0.445	-0.02438758
58	A	0.401	-0.01180095
59	G	0.436	0.01712351
60	C	0.348	0.02237787
61	T	0.533	-0.01588994
62	T	-0.338	0.01370773
63	T	-0.195	0.09632473
64	T	-0.178	0.09718727
65	C	-0.482	0.06553566
66	A	-0.323	0.06512921
67	G	0.396	0.04094203
68	C	0.463	0.06168057
69	C	0.410	0.05030385
70	A	0.088	0.03101094
71	C	0.343	0.04454721
72	T	0.267	0.04785094
73	G	-0.110	0.0136098
74	A	-0.321	-0.01990013
75	G	-0.391	-0.02089595
76	A	-0.333	-0.04678552
77	A	-0.287	-0.08005785
78	T	0.019	-0.119856
79	T	0.094	-0.08491294
80	C	0.399	-0.01536921
81	A	-0.196	0.05018725
82	G	-0.022	0.08545928
83	A	-0.170	0.0971601
84	G	0.273	0.05888178
85	C	0.443	0.003648164
86	C	0.330	-0.007372109
87	T	0.054	0.0001705273
88	T	-0.158	-0.02868996
89	T	-0.401	-0.02625605
90	A	-0.513	-0.0307706
91	A	0.278	-0.06071233
92	T	-0.113	-0.05341533
93	G	-0.339	-0.03479555
94	A	-0.143	0.001340818
95	T	0.224	0.01404909
96	T	0.114	0.06715298
97	C	0.410	0.0214408
98	T	0.259	0.02980483
99	G	0.239	0.08293637
100	G	-0.261	0.1345761
101	A	0.071	0.1233236
102	G	-0.224	0.1271098
103	A	-0.021	0.1154969
104	C	0.244	0.04228655
105	C	0.424	-0.0007599
106	T	0.100	-0.002020355
107	C	0.156	-0.0001606
108	T	0.282	0.02021185
109	T	-0.546	0.02214365
110	A	-0.234	0.01220419
111	G	-0.275	-0.004160445
112	G	0.091	0.003986373
113	T	0	0.03512574
 114	G	0	0.01263635
 115	T	0.135	0.08071645
116	G	0.244	0.09814265
117	G	0.189	0.1186233
118	G	0.498	0.0613857
119	G	0.035	0.07891906
120	A	0.202	0.1185052
121	C	-0.042	0.1471722
122	T	-0.050	0.1529168
123	A	-0.538	0.1376702
124	T	0.192	0.1163455
125	C	0.435	0.1409042
126	C	0.450	0.1663241
127	C	0.307	0.2111249
128	T	0.022	0.2408018
129	A	0.264	0.2782473
130	G	0.305	0.2494827
131	C	0.482	0.2554116
132	T	0.450	0.2242157
133	T	0.276	0.1709771
134	T	-0.126	0.2111195
135	G	-0.123	0.2027617
136	T	0.500	0.1461916
137	G	0.107	0.06160536
138	A	-0.277	0.01194586
139	C	0.463	-0.04963877
140	T	0.172	-0.05835959
141	G	-0.316	-0.0237955
142	A	-0.448	-0.03547386
143	A	-0.096	-0.04526532
144	G	-0.401	-0.001448227
145	A	-0.222	-0.005413045
146	C	0.256	0.0148695
147	T	0.372	0.04940375
148	T	0	0.06877393
 149	G	0.204	0.09687543
150	C	0.420	0.1687686
151	C	0.395	0.2278794
152	A	0.062	0.2432002
153	G	-0.234	0.2305867
154	G	0.212	0.2530113
155	T	0.389	0.2397911
156	C	0.428	0.1927097
157	C	0.425	0.1444107
158	T	0.233	0.1617791
159	G	0.246	0.228522
160	G	0.058	0.2226444
161	A	-0.097	0.2096157
162	A	-0.135	0.190617
163	G	0.253	0.1626013
164	C	0.499	0.153108
165	A	0.148	0.133427
166	T	0.246	0.170295
167	C	0.219	0.2169959
168	T	0.117	0.2366523
169	G	0.129	0.2206823
170	G	0.030	0.2192734
171	G	0.464	0.1848152
172	A	0.415	0.1487008
173	A	0.080	0.131208
174	G	0.078	0.1013288
175	T	0.483	0.07482385
176	G	-0.230	0.05567325
177	T	-0.151	0.002343255
178	T	0.026	0.006427073
179	T	-0.211	0.002733118
180	T	-0.162	-0.02118727
181	G	-0.180	-0.08645255
182	G	-0.122	-0.07641218
183	T	0.460	-0.05092555
184	T	0.039	-0.06277627
185	G	-0.184	-0.05854273
186	A	-0.234	-0.008338455
187	G	-0.120	-0.01640045
188	G	0.129	-0.01387787
189	A	-0.103	-0.06384644
190	G	-0.165	-0.03229353
191	A	0.389	-0.06126616
192	G	-0.269	-0.02478071
193	T	-0.094	-0.003324436
194	T	-0.088	-0.01231832
195	G	0.386	-0.02383723
196	A	-0.503	0.02651705
197	A	0.167	-0.03535377
198	T	0.115	-0.04768477
199	G	0.030	-0.02610008
200	T	-0.230	-0.05199025
201	T	0.388	-0.1271724
202	T	-0.290	-0.1215556
203	G	-0.404	-0.1613069
204	A	0.142	-0.1934786
205	A	-0.373	-0.2401194
206	G	-0.440	-0.2549768
207	A	-0.441	-0.3318886
208	A	-0.270	-0.3429669
209	G	-0.238	-0.3405226
210	A	-0.482	-0.3665837
211	A	-0.393	-0.3194726
212	A	-0.457	-0.2371221
213	A	-0.412	-0.1878117
214	T	-0.377	-0.1575711
215	A	-0.143	-0.1501114
216	T	0.144	-0.07920639
217	C	0.465	-0.06305366
218	A	0.100	-0.0514703
219	G	0.062	-0.02740657
220	A	-0.156	0.04082488
221	G	0.297	0.01940243
222	T	-0.216	-0.04146294
223	G	-0.329	-0.09322157
224	A	-0.148	-0.06219512
225	C	0.372	-0.02794573
226	A	-0.379	0.003291545
227	T	-0.524	0.006700091
228	T	-0.103	0.06092391
229	C	0.441	0.09598765
230	C	0.439	0.1321817
231	T	0.187	0.09720223
232	G	0.334	0.1564194
233	C	0.380	0.2103342
234	T	0.055	0.251628
235	G	0.250	0.2498597
236	C	-0.012	0.2314803
237	T	0.271	0.2244754
238	G	0.068	0.2288147
239	G	0.350	0.2254154
240	C	0.422	0.2427906
241	T	0.237	0.2346154
242	C	0.110	0.2566116
243	C	0.382	0.252497
244	C	0.342	0.2204867
245	C	0.247	0.1553582
246	T	0.160	0.07976573
247	C	0.229	0.01606791
248	T	0.226	0.01754664
249	G	-0.283	-0.01721491
250	A	-0.365	-0.03068936
251	T	-0.409	-0.019176
252	G	-0.463	-0.012805
253	T	0.126	0.004146091
254	A	0	0.01940636
 255	C	0.194	0.07693091
256	C	0.373	0.1277689
257	G	0.230	0.1752051
258	C	0.416	0.2155765
259	C	0.394	0.2433834
260	C	0.348	0.2672161
261	T	0.193	0.2912091
262	T	0.112	0.270206
263	G	-0.019	0.2373576
264	T	0.432	0.2341897
265	G	0.262	0.2340469
266	C	0.458	0.2234443
267	T	0.142	0.2287781
268	T	-0.131	0.2648671
269	T	0.381	0.2803338
270	C	0.392	0.2343231
271	T	0.232	0.2014156
272	C	0.251	0.185817
273	C	0.509	0.13381
274	T	0.150	0.1689731
275	A	-0.073	0.1435345
276	C	-0.099	0.1251522
277	T	0.287	0.1314035
278	G	-0.429	0.1085028
279	C	0.255	0.03699526
280	A	0.101	0.05754326
281	C	0.190	0.04244191
282	T	0.300	0.01833773
283	T	0	-0.001699755
 284	G	-0.276	0.05126106
285	C	0.376	0.06757106
286	G	-0.239	0.06468885
287	A	-0.364	0.07559466
288	T	0.066	0.08693866
289	C	0.153	0.110507
290	C	0.435	0.1628896
291	A	0.069	0.1712543
292	G	0.310	0.2420953
293	C	0.425	0.2725056
294	A	0.259	0.2531147
295	G	0.299	0.2370145
296	C	0.468	0.150032
297	C	0.539	0.1063197
298	T	-0.030	0.04800145
299	A	-0.146	-0.02797974
300	C	-0.023	-0.0816871
301	A	-0.521	-0.1273406
302	A	-0.410	-0.1803059
303	A	-0.330	-0.2158415
304	G	-0.410	-0.1739485
305	A	-0.331	-0.1882535
306	A	-0.202	-0.1486692
307	C	-0.113	-0.07496
308	A	0.148	0.005298455
309	T	0.430	0.07756164
310	G	-0.304	0.1045977
311	T	0.411	0.1181792
312	G	0.289	0.129785
313	C	0.471	0.1091655
314	T	0.463	0.06115395
315	T	-0.112	0.003684955
316	T	-0.182	-0.01311686
317	C	-0.075	-0.07948005
318	G	-0.340	-0.150938
319	A	-0.379	-0.2316748
320	A	-0.201	-0.3226659
321	T	-0.488	-0.2936416
322	G	-0.318	-0.2628766
323	A	-0.496	-0.2341342
324	A	-0.416	-0.1663415
325	A	-0.536	-0.1055654
326	G	0.206	-0.08437719
327	C	0.156	-0.002063191
328	C	0.241	0.05388945
329	C	0.404	0.1217992
330	T	0.289	0.199455
331	G	0.031	0.2594008
332	C	0.416	0.2767484
333	T	0.296	0.2817465
334	C	0.250	0.2763001
335	C	0.438	0.2804259
336	A	0.122	0.2934469
337	G	0.397	0.3316625
338	C	0.211	0.3312104
339	A	0.181	0.3378795
340	C	0.450	0.3010345
341	T	0.432	0.2455105
342	C	0.451	0.2253695
343	A	0.411	0.2282968
344	C	0.370	0.2521508
345	T	-0.155	0.2272221
346	A	-0.172	0.1651327
347	G	-0.099	0.116451
348	C	0.429	0.03696454
349	T	0.473	0.0050608
350	A	-0.093	0.001970255
351	G	-0.232	0.04811925
352	T	-0.103	0.1089841
353	T	-0.422	0.1278575
354	A	0.060	0.05236035
355	A	0.336	-0.03126728
356	C	0.352	-0.03709755
357	C	0.496	-0.03030083
358	T	0.108	-0.0111721
359	T	-0.400	0.04158863
360	A	-0.446	-0.007054909
361	G	-0.157	-0.06972973
362	G	-0.157	-0.1278036
363	A	0.107	-0.1552885
364	G	0.157	-0.1673178
365	T	-0.474	-0.1540665
366	A	-0.353	-0.1622553
367	T	-0.286	-0.1904164
368	T	0.194	-0.1336114
369	A	-0.023	-0.1501109
370	T	-0.255	-0.1989315
371	T	-0.536	-0.1831673
372	T	-0.467	-0.1459131
373	C	0.467	-0.08812993
374	A	-0.074	-0.0799092
375	A	-0.379	-0.03602589
376	A	-0.301	-0.03591725
377	G	0.056	0.007918655
378	C	0.349	0.07272793
379	T	0.284	0.02158013
380	C	0.458	0.04074808
381	T	-0.253	0.1119125
382	T	-0.054	0.1731385
383	G	0.245	0.2013286
384	G	-0.095	0.1858699
385	A	0.136	0.1765085
386	G	0.403	0.1772235
387	C	0.372	0.2277277
388	C	0.366	0.2337063
389	T	0.179	0.1910108
390	C	0.181	0.1841487
391	G	0.466	0.1945765
392	G	0.301	0.1848656
393	T	0.011	0.1909205
394	T	-0.223	0.1736191
395	T	-0.171	0.1926871
396	T	0.251	0.2023243
397	C	0.296	0.1819654
398	C	0.439	0.1918655
399	T	0.176	0.235474
400	C	0.388	0.2256979
401	A	0.287	0.225625
402	T	0.242	0.1630298
403	C	0.410	0.09667873
404	T	0.491	0.007485545
405	G	-0.331	-0.05447527
406	T	-0.171	-0.1238054
407	T	-0.437	-0.1324896
408	A	-0.433	-0.1564949
409	A	-0.542	-0.2070178
410	A	-0.505	-0.2351643
411	A	-0.373	-0.1645925
412	T	0.192	-0.1264222
413	G	-0.021	-0.06113435
414	G	-0.145	-0.05176345
415	G	0.181	-0.0448409
416	A	0.444	-0.03644417
417	C	0.247	-0.03381872
418	C	0.280	-0.0847229
419	A	-0.330	-0.09856027
420	T	-0.465	-0.1150773
421	A	-0.412	-0.1097825
422	A	-0.344	-0.1349782
423	A	-0.367	-0.1870665
424	T	-0.173	-0.1996658
425	A	-0.326	-0.1614848
426	C	0.239	-0.08338273
427	T	0.167	-0.03141836
428	T	-0.325	0.04080191
429	A	0.142	0.09207027
430	A	0.089	0.1281295
431	C	0.393	-
432	T	0.158	-
433	C	0.449	-
434	A	0.196	-
435	G	0.223	-
