1	A	-0.447	-
2	T	-0.515	-
3	T	-0.047	-
4	A	-0.154	-
5	G	0.230	-
6	C	0.434	-
7	C	0.446	0.01412511
8	C	0.338	0.02075049
9	T	0.015	0.02766018
10	A	0	-0.007173877
 11	T	-0.203	0.01163432
12	G	0.069	0.02855793
13	C	0.016	0.03138939
14	A	-0.360	-0.02150084
15	A	-0.425	-0.06697392
16	T	-0.499	-0.08610168
17	T	0.089	-0.1152098
18	C	0.450	-0.1340411
19	T	0.471	-0.1042218
20	T	-0.241	-0.08142473
21	T	-0.252	-0.01620881
22	T	-0.233	0.004622962
23	T	-0.378	0.04973133
24	A	-0.448	0.06678822
25	T	0.457	0.01999006
26	T	0.312	0.001448985
27	C	0.486	0.001463292
28	A	-0.154	-0.0073224
29	C	0.086	-0.02293548
30	T	0.311	0.008724723
31	T	-0.157	0.07404518
32	C	0.230	0.06552118
33	A	-0.241	0.02881318
34	A	-0.366	-0.02822435
35	G	-0.436	-0.05235312
36	A	0.033	-0.08710349
37	C	0.401	-0.1037544
38	C	0.346	-0.1042583
39	A	-0.164	-0.1346178
40	T	-0.254	-0.1127486
41	T	-0.468	-0.07874995
42	T	-0.365	-0.04518195
43	A	0.094	-0.05025812
44	G	-0.164	-0.04744128
45	T	-0.164	-0.05806458
46	G	0.043	-0.05505835
47	G	0.075	-0.02051012
48	A	0	0.01810408
 49	G	-0.032	0.02934123
50	C	0.437	-0.004069354
51	A	0.208	-0.02437297
52	G	-0.125	-0.04997843
53	G	0.194	-0.07327478
54	A	0.033	-0.04278678
55	A	-0.219	-0.01319416
56	G	-0.339	0.005442431
57	A	-0.428	0.003719738
58	A	-0.497	-0.0007094923
59	A	-0.259	-0.005354108
60	C	0.471	0.002510585
61	T	0.384	0.03219462
62	G	0.209	0.07575431
63	C	0.415	0.1351621
64	A	0.150	0.1742641
65	G	-0.185	0.1732841
66	G	0.296	0.1695632
67	C	0.419	0.1422267
68	C	0.347	0.08951427
69	T	0.432	0.09267427
70	T	0.080	0.06865935
71	T	-0.510	0.06013921
72	T	-0.307	0.04966398
73	G	0.116	0.01212805
74	G	-0.300	-0.04512572
75	A	0.250	-0.08875148
76	G	0.103	-0.1587644
77	G	0.039	-0.1368295
78	T	-0.321	-0.06252914
79	A	-0.191	-0.003166292
80	T	-0.324	-0.02053437
81	T	-0.220	-0.01036998
82	T	-0.477	-0.02324075
83	C	0.365	-0.05278828
84	C	0.455	-0.09031322
85	T	0.463	-0.07843507
86	T	-0.109	-0.08469245
87	G	-0.168	-0.04781792
88	T	0.083	-0.06720145
89	G	-0.281	-0.03680248
90	A	-0.447	-0.04998463
91	T	-0.167	-0.06833025
92	T	-0.272	-0.08127302
93	C	0.154	-0.07717174
94	T	-0.472	-0.08433112
95	G	-0.082	-0.1293499
96	G	0.193	-0.09685621
97	T	0.217	-0.03453467
98	C	0.295	0.0008787154
99	C	-0.056	0.05029633
100	A	-0.261	0.05229572
101	A	-0.502	0.1160959
102	T	0.141	0.131955
103	C	0.362	0.147513
104	C	0.292	0.1649188
105	A	0.369	0.1192232
106	C	0.180	0.1415988
107	C	0.357	0.1949141
108	A	0.124	0.2569258
109	C	0.396	0.2799677
110	C	0.443	0.2552704
111	A	-0.298	0.2637446
112	C	0.234	0.258009
113	C	0.431	0.2669554
114	G	0.304	0.2730657
115	T	0.440	0.2959362
116	C	0.041	0.3034277
117	T	0.403	0.2955355
118	C	0.295	0.2776899
119	A	0.297	0.2232154
120	C	0.436	0.1559818
121	G	0.421	0.09294762
122	C	0.493	0.03763177
123	T	0.341	0.05337177
124	T	-0.530	0.05015838
125	A	-0.473	0.06158715
126	G	-0.442	0.06986485
127	A	-0.515	0.06062923
128	A	-0.278	0.065937
129	C	0.245	0.01589769
130	C	0.361	-0.001795615
131	C	0.443	0.05087123
132	T	0.404	0.1144638
133	G	0.316	0.189545
134	C	0.490	0.2629065
135	A	-0.157	0.277546
136	A	0.111	0.2936828
137	T	0.154	0.2937524
138	C	0.353	0.2458344
139	C	0.533	0.2120349
140	T	0.438	0.2142154
141	T	-0.087	0.1939093
142	C	0.455	0.2155696
143	A	0.362	0.2424783
144	G	-0.179	0.2623746
145	A	-0.034	0.2572819
146	C	0.345	0.2472371
147	T	0.226	0.2445785
148	G	0.124	0.2351499
149	C	0.460	0.22441
150	A	0.412	0.2156487
151	T	0.286	0.2661949
152	C	0.403	0.2999272
153	T	0.403	0.2487925
154	T	-0.210	0.207913
155	G	0.316	0.2009536
156	C	0.248	0.1874623
157	T	0.478	0.1734539
158	A	0.403	0.1717704
159	T	-0.319	0.1714938
160	G	-0.305	0.1701585
161	T	0.034	0.182641
162	T	0.285	0.1435111
163	G	0.230	0.1557467
164	C	0.264	0.1524973
165	C	0.399	0.1473902
166	C	0.386	0.204714
167	A	-0.048	0.2404872
168	G	-0.192	0.2533367
169	G	0.407	0.2637689
170	C	0.435	0.2349616
171	T	0.337	0.2411117
172	G	0.425	0.188766
173	G	0.160	0.1503783
174	T	0.201	0.1635418
175	C	0.421	0.1637423
176	T	-0.143	0.1513221
177	T	0.344	0.1504502
178	G	-0.281	0.1579028
179	G	-0.112	0.1585655
180	A	0.122	0.1551012
181	C	-0.190	0.1565242
182	T	0.245	0.1464733
183	C	0.424	0.1820385
184	C	0.434	0.1930144
185	T	0.434	0.2245819
186	G	0.115	0.1920391
187	G	0.219	0.1551372
188	C	0.290	0.1615248
189	C	0.318	0.175517
190	T	0.487	0.1658265
191	C	0.129	0.1452483
192	A	-0.535	0.1381282
193	A	-0.356	0.1384968
194	G	-0.107	0.1487564
195	C	0.427	0.1232333
196	A	0.298	0.1214879
197	C	0.166	0.1074505
198	T	0.341	0.1169901
199	T	0.119	0.1831039
200	C	0.353	0.2468941
201	A	-0.041	0.2808227
202	C	0.295	0.2645434
203	C	0.305	0.2669528
204	A	0.253	0.2765579
205	G	0.323	0.2690815
206	C	0.472	0.2919429
207	C	0.334	0.2957819
208	T	0.216	0.3327807
209	C	0.329	0.3414539
210	A	0.291	0.3492652
211	G	0.244	0.3170406
212	C	0.417	0.29013
213	C	0.402	0.2388135
214	T	0.439	0.178639
215	C	0.408	0.1370616
216	C	0.406	0.1272066
217	T	-0.165	0.1224379
218	G	-0.025	0.1273191
219	A	-0.194	0.1277956
220	A	-0.448	0.1186684
221	G	-0.324	0.09726649
222	T	0.201	0.09606357
223	T	0.229	0.07110285
224	C	0.307	0.06663993
225	T	0.423	0.03691059
226	G	0.284	0.0339679
227	G	0.161	0.0596769
228	G	0.392	0.08462582
229	A	0.082	0.0633671
230	T	-0.223	0.08037033
231	T	-0.412	0.07342618
232	A	-0.232	0.07210487
233	C	-0.113	0.05918979
234	A	0	0.02271656
 235	G	-0.074	-0.04973413
236	G	0.450	-0.05263918
237	C	0.217	0.001321592
238	A	0.406	0.04409775
239	T	0.116	0.03249282
240	G	-0.312	0.04314176
241	A	-0.548	0.05302184
242	A	0.044	0.03881379
243	C	0.477	-0.03557036
244	C	0.143	-0.02219367
245	A	-0.383	-0.02235228
246	C	0.024	-0.001495669
247	C	0.128	0.04493048
248	A	-0.259	0.1265027
249	A	-0.516	0.09709386
250	G	0.391	0.02556109
251	C	0.403	-0.02561337
252	C	0.387	-0.03640991
253	C	0.290	-0.04103558
254	A	0.511	-0.07700628
255	G	-0.337	-0.08004274
256	A	-0.452	-0.08025858
257	A	-0.521	-0.119536
258	A	-0.524	-0.172459
259	A	-0.035	-0.2414112
260	G	-0.339	-0.242835
261	A	-0.298	-0.2459861
262	A	-0.519	-0.1916725
263	A	-0.119	-0.1216829
264	G	-0.284	-0.08949974
265	T	-0.508	-0.04462482
266	C	0.272	-0.003965077
267	C	0.470	0.05445969
268	G	0.368	0.1147502
269	T	0.457	0.1952793
270	T	-0.103	0.2044452
271	T	0.059	0.1907915
272	C	0.492	0.2042006
273	T	0.420	0.1512388
274	T	0.484	0.08587869
275	C	0.527	0.03638431
276	T	0	-0.01258846
 277	A	-0.461	-0.01568046
278	A	-0.334	-0.02498794
279	A	-0.416	-0.06643053
280	A	-0.379	-0.122994
281	A	-0.275	-0.1745201
282	T	-0.178	-0.1853659
283	G	-0.143	-0.1853659
284	G	-0.061	-0.1177089
285	A	-0.045	-0.09682103
286	G	-0.314	-0.03445111
287	A	-0.184	-0.02649418
288	G	0.386	-0.0379928
289	G	0	-0.0396648
 290	G	0.418	0.001453431
291	A	-0.063	-0.02608778
292	T	0.394	-0.01974193
293	T	-0.275	-0.01446393
294	T	-0.424	-0.03295632
295	A	-0.200	-0.09361208
296	T	0.391	-0.1169509
297	T	-0.419	-0.1355159
298	G	0.036	-0.145655
299	A	-0.246	-0.1980217
300	A	-0.425	-0.159208
301	T	-0.401	-0.108678
302	A	-0.303	-0.05974605
303	T	0.176	-0.1267453
304	A	-0.194	-0.120304
305	T	-0.286	-0.1436452
306	A	0.228	-0.1246939
307	T	0.232	-0.07697008
308	C	0.435	-0.01808408
309	A	-0.479	0.01782423
310	T	-0.336	-0.008969923
311	A	-0.266	0.01437562
312	G	0	0.0406425
 313	C	0.195	-0.01324104
314	A	0.363	-0.03948027
315	T	0.163	-0.1118848
316	G	-0.171	-0.104705
317	T	0.108	-0.05280842
318	C	0.055	-0.0006841923
319	A	-0.471	0.03670265
320	A	-0.108	0.01641342
321	G	-0.505	-0.01545018
322	A	-0.386	-0.05685695
323	C	0.338	-0.07456525
324	A	0.410	-0.09068164
325	G	0.486	-0.1286241
326	C	-0.068	-0.05816352
327	T	-0.050	-0.01950829
328	A	-0.374	0.02731525
329	A	-0.401	0.09549278
330	G	-0.100	0.1086071
331	A	-0.437	0.07700648
332	T	0.444	0.009969015
333	C	0.393	-0.006541215
334	A	0.103	-0.04240254
335	T	0.499	-0.03570546
336	C	0.509	-0.01867646
337	T	0	-0.02352269
 338	T	-0.385	0.043023
339	A	-0.283	0.02729469
340	G	-0.516	0.022607
341	T	-0.287	0.04632862
342	A	-0.180	0.03134138
343	G	-0.163	0.008366385
344	T	0.427	0.008366385
345	C	0.239	0.02414038
346	T	0.332	0.008916846
347	C	0.411	0.030132
348	A	0.304	0.021567
349	T	0.210	0.02118046
350	T	0	0.03378423
 351	T	-0.180	-0.03431838
352	T	-0.481	-0.092318
353	T	-0.240	-0.1360828
354	A	-0.399	-0.1768591
355	G	-0.185	-0.1699403
356	A	0	-0.1476038
 357	A	-0.458	-0.1847152
358	A	-0.514	-0.1344589
359	A	-0.236	-0.078222
360	G	-0.118	-0.02110677
361	T	0.394	0.05311677
362	C	0.500	0.04537562
363	A	-0.482	0.01563854
364	A	0.472	0.02547892
365	C	0.249	0.03003069
366	T	0.501	0.02918869
367	T	0.565	0.06698392
368	T	-0.286	0.02619415
369	A	-0.386	0.02831054
370	T	-0.330	0.05318408
371	A	-0.454	0.01680446
372	T	-0.247	-0.03486231
373	A	0.372	-0.09327469
374	G	-0.135	-0.1620128
375	G	0.528	-0.136474
376	T	-0.159	-0.1371017
377	A	0	-0.1382273
 378	T	-0.421	-0.1296424
379	A	-0.257	-0.0824987
380	A	-0.327	-0.1398931
381	T	0.045	-0.09227593
382	T	-0.394	-0.1555218
383	T	-0.344	-0.1764846
384	A	-0.343	-0.2083871
385	C	0.365	-0.2073453
386	A	-0.373	-0.2265225
387	T	0.483	-0.1942003
388	A	-0.293	-0.2131003
389	T	-0.431	-0.1641286
390	A	-0.414	-0.1593107
391	A	-0.408	-0.1606642
392	A	-0.507	-0.2107662
393	A	0.092	-0.1809378
394	T	-0.199	-0.1829231
395	G	0.241	-0.1741115
396	T	-0.282	-0.1292186
397	A	-0.360	-0.1229753
398	T	-0.285	-0.1258069
399	T	0.014	-0.1235737
400	C	0.457	-0.164288
401	A	-0.179	-0.167577
402	T	0.151	-0.2069408
403	T	-0.333	-0.1778731
404	T	-0.445	-0.1119627
405	T	-0.478	-0.1047071
406	A	-0.436	-0.1044727
407	A	-0.242	-0.1261123
408	G	-0.269	-0.1091818
409	T	0.095	-0.08744768
410	G	0.495	-0.0774773
411	T	-0.191	-0.03466438
412	A	0.017	-0.01712676
413	T	0.176	0.01648501
414	G	0.040	0.02797124
415	T	0.434	0.07177124
416	T	-0.203	0.0941354
417	T	0.111	0.08088117
418	T	-0.250	0.1097612
419	G	0	0.1151528
 420	A	-0.093	0.08439222
421	T	0.299	0.04640258
422	G	0.386	-0.01315949
423	C	0.323	-0.0131008
424	A	0.184	-0.05538726
425	T	0.087	-0.0446028
426	T	-0.223	-0.06330395
427	G	-0.453	-0.08266911
428	T	-0.339	-0.1204479
429	A	-0.203	-0.1780805
430	A	-0.438	-0.224417
431	T	-0.109	-0.2749615
432	T	-0.243	-0.3058764
433	A	-0.345	-0.3284931
434	A	-0.191	-0.3077102
435	T	-0.362	-0.3054088
436	G	-0.278	-0.3238857
437	T	-0.473	-0.3108134
438	A	-0.314	-0.2959109
439	A	-0.517	-0.2785777
440	A	-0.182	-0.2861936
441	T	-0.309	-0.3040631
442	G	-0.443	-0.3153789
443	A	-0.268	-0.3061264
444	T	0.083	-0.2492945
445	C	-0.017	-0.1941075
446	A	-0.444	-0.1223108
447	A	-0.423	-0.1140511
448	A	-0.510	-0.1218646
449	A	-0.158	-0.1283788
450	T	0.265	-0.08284382
451	G	0.402	-0.08471697
452	C	0.415	-0.06769218
453	T	-0.075	-0.05910611
454	T	-0.411	-0.0045628
455	A	-0.528	0.01773228
456	A	0.323	0.005463354
457	C	0.059	-0.03799626
458	A	0.203	-0.07798349
459	T	-0.332	-0.08824295
460	T	0.285	-0.06797005
461	T	-0.220	-0.002083823
462	C	-0.317	0.07455325
463	A	-0.299	0.07792656
464	A	-0.116	0.1068435
465	T	0.282	0.09868318
466	C	0.188	0.1087924
467	C	0.445	0.08254404
468	T	0.468	0.08351358
469	C	0.367	0.06856988
470	T	0.435	0.09158465
471	C	0.097	0.1114223
472	C	-0.201	0.1015256
473	A	-0.056	0.05590612
474	A	-0.207	0.01775119
475	T	-0.512	0.006695346
476	A	0	-0.03312742
 477	C	0.141	-0.05825065
478	T	0.153	-0.08092084
479	T	-0.405	-0.05670153
480	T	-0.050	-0.03445354
481	T	0.324	0.01008792
482	A	-0.150	0.07782046
483	T	0.108	0.07514981
484	G	-0.197	0.08557619
485	G	0.113	0.09011904
486	A	0.233	0.1551085
487	C	0.371	0.166089
488	C	0.368	0.1428734
489	T	-0.034	0.1674679
490	T	0.276	0.1742352
491	C	0.212	0.1724158
492	C	0.439	0.1505185
493	T	0.091	0.1125546
494	G	0.022	0.07631808
495	G	0.169	0.08202231
496	A	0.196	0.116598
497	A	-0.220	0.1293508
498	T	-0.170	0.1481196
499	T	-0.260	0.1104639
500	T	-0.099	0.06333506
501	G	0.442	0.03723845
502	C	0.414	0.03463537
503	T	0.442	0.02069777
504	G	0.456	0.03998728
505	T	-0.049	0.08875274
506	A	-0.520	0.1463237
507	A	-0.316	0.1153823
508	G	0.135	0.06616621
509	T	0.015	0.03690277
510	T	0.029	-0.01494062
511	C	0.463	-0.027858
512	T	0.488	-0.0002925308
513	T	-0.501	0.07443593
514	T	-0.197	0.1316873
515	T	0.034	0.143823
516	G	-0.231	0.1305552
517	T	0.289	0.1310653
518	G	0.308	0.113433
519	T	0.450	0.08006811
520	C	0.427	0.1440075
521	T	0.293	0.1921858
522	G	-0.156	0.2182741
523	G	0.036	0.232668
524	T	0.233	0.195816
525	A	0.054	0.1570102
526	T	0.329	0.1547941
527	C	0.428	0.137565
528	T	0.373	0.1399059
529	T	-0.044	0.1856585
530	G	-0.190	0.1974373
531	A	-0.195	0.1804371
532	C	0.421	0.1464805
533	T	0.203	0.09034401
534	C	0.323	0.03958093
535	C	0.437	-0.02701653
536	A	0.189	-0.05631797
537	C	0.012	-0.06467512
538	A	-0.387	-0.0377202
539	T	-0.400	-0.03724328
540	A	-0.230	-0.01724282
541	A	-0.492	-0.01983551
542	T	-0.425	-0.07297812
543	A	-0.298	-0.121112
544	G	0.154	-0.1410553
545	T	0.428	-0.1055542
546	C	0.463	-0.08129078
547	T	0.290	-0.09154424
548	T	-0.252	-0.06473108
549	G	-0.436	-0.03583865
550	A	-0.246	0.01600712
551	G	0.074	0.02631312
552	A	-0.084	0.007696123
553	T	-0.364	0.009161123
554	T	-0.143	0.02153689
555	C	-0.049	0.01776358
556	A	0.375	-
557	T	0.288	-
558	C	0.185	-
559	C	0.482	-
560	A	0.451	-
561	T	-0.301	-
