1	G	0.055	-
2	A	0.166	-
3	C	0.442	-
4	A	-0.140	-
5	C	0.369	-
6	T	0.230	0.09731741
7	C	0.477	0.06992388
8	G	-0.241	0.09285555
9	A	0.011	0.08689838
10	G	-0.331	0.1432372
11	T	0.350	0.1200201
12	A	-0.223	0.07262806
13	G	-0.273	-0.008442025
14	C	0.441	-0.02928727
15	C	0.371	-0.04502266
16	C	0.535	-0.02583316
17	T	0.091	-0.04810439
18	A	-0.338	-0.06357514
19	T	-0.495	-0.03808033
20	A	-0.492	-0.1185321
21	G	-0.176	-0.1199021
22	A	-0.101	-0.1351513
23	G	0.083	-0.1383622
24	A	-0.408	-0.1418999
25	G	0.032	-0.08277752
26	A	-0.523	-0.0546211
27	T	0.354	-0.02850643
28	C	0.352	-0.03841643
29	T	0.052	-0.01804837
30	A	-0.380	0.01858701
31	T	0.214	0.01216639
32	G	-0.154	0.01383681
33	T	0.136	-0.03957502
34	G	-0.220	-0.09570836
35	G	0.327	-0.09759862
36	T	0.030	-0.09194112
37	G	-0.044	-0.1443665
38	A	-0.503	-0.1198603
39	G	-0.286	-0.1422728
40	A	-0.320	-0.1460529
41	A	0.030	-0.1428128
42	A	-0.312	-0.125113
43	T	-0.414	-0.1011412
44	T	0.139	-0.02477177
45	A	-0.132	0.02417731
46	T	-0.265	0.08479539
47	G	0.366	0.1117697
48	G	0.243	0.131008
49	C	0.242	0.2026179
50	C	0.412	0.1553925
51	T	0.301	0.1756099
52	C	0.406	0.1679754
53	C	0.353	0.09596803
54	T	-0.082	0.06096703
55	G	0.444	0.02284553
56	C	-0.426	-0.0044067
57	T	0.110	-0.03461752
58	A	-0.357	-0.07988302
59	G	-0.497	-0.09979035
60	A	-0.176	-0.1025055
61	A	-0.214	-0.1146256
62	G	0.085	-0.05457272
63	C	-0.061	-0.03523988
64	T	-0.136	-0.01224686
65	A	0.114	0.0007425583
66	G	-0.114	-0.02995819
67	T	0.299	-0.00780105
68	G	0.293	0.003116933
69	A	0.342	-0.00625475
70	G	-0.081	-0.03154242
71	A	-0.341	-0.07897242
72	A	-0.545	-0.1150157
73	A	0.051	-0.1787413
74	C	0.216	-0.2244573
75	T	-0.173	-0.2323882
76	G	-0.439	-0.1931485
77	A	-0.454	-0.1260084
78	A	-0.547	-0.04454052
79	A	-0.465	-0.03511575
80	C	-0.254	-0.04001117
81	T	0.246	0.01112617
82	T	0.389	0.09143575
83	C	0.464	0.09672242
84	T	0.432	0.1235944
85	T	0.164	0.1360085
86	G	0.157	0.1804284
87	C	0.439	0.1781252
88	C	0.523	0.1697803
89	A	-0.390	0.1675541
90	A	-0.224	0.1332406
91	C	-0.316	0.09760857
92	A	0.278	0.06557433
93	G	0.219	-0.001125008
94	C	0.289	-0.05404751
95	C	0.437	-0.05642734
96	A	0.020	-0.03516159
97	T	-0.263	0.0001334083
98	G	-0.226	0.004461408
99	T	-0.360	0.002130325
100	G	-0.111	-0.006823342
101	A	-0.419	-0.02499468
102	G	0.030	-0.01916252
103	T	0.107	0.002769733
104	G	0.330	0.04967523
105	G	0.191	0.08778568
106	G	0.182	0.1086688
107	C	0.219	0.1064896
108	C	0.090	0.07364302
109	A	0	0.02505568
 110	T	0.336	-0.02370673
111	C	0.096	-0.06198948
112	T	0.139	-0.09623857
113	T	-0.445	-0.1257259
114	G	-0.363	-0.1555968
115	A	-0.476	-0.1936336
116	A	-0.254	-0.2428531
117	A	-0.268	-0.2237077
118	G	-0.228	-0.2192944
119	T	-0.134	-0.1487883
120	A	-0.267	-0.08348017
121	G	-0.456	-0.03143792
122	A	-0.254	0.02387367
123	T	0.326	0.06049408
124	C	0.192	0.06802492
125	C	0.400	0.1169351
126	T	0.420	0.1753155
127	C	0.148	0.2429285
128	T	0.408	0.3004885
129	A	0.171	0.3050237
130	G	-0.138	0.2864916
131	C	0.452	0.2782169
132	C	0.432	0.2358793
133	T	0.354	0.203013
134	C	0.436	0.1768216
135	G	0.380	0.1818472
136	G	-0.030	0.2275677
137	T	0.301	0.2289151
138	C	-0.088	0.2133908
139	A	-0.245	0.2006668
140	A	0.094	0.1657873
141	G	0.231	0.1062805
142	C	0.410	0.07491287
143	C	0.468	0.05532537
144	T	0.246	0.0372236
145	T	0.202	0.0324841
146	C	0.017	-0.01853467
147	A	-0.333	-0.03783758
148	G	-0.406	-0.09562442
149	A	0.066	-0.1008427
150	T	-0.305	-0.09724758
151	G	-0.302	-0.09943442
152	A	-0.517	-0.07688934
153	T	0	-0.01965884
 154	G	-0.283	0.04997208
155	C	0.406	0.081536
156	A	0.289	0.1438542
157	G	0.175	0.2048887
158	C	0.288	0.2772205
159	C	0.353	0.2732516
160	C	0.429	0.2743311
161	C	0.444	0.2057951
162	C	0.442	0.1682718
163	T	0.429	0.1661641
164	C	0.350	0.1618822
165	C	-0.047	0.1388512
166	A	-0.270	0.1421135
167	A	-0.416	0.1416925
168	C	-0.160	0.08936669
169	A	0.150	0.04691738
170	G	0.236	0.02844747
171	C	0.077	-0.0008352667
172	T	0.468	-0.01319943
173	T	0.439	0.02149223
174	G	-0.185	0.04885232
175	A	-0.079	0.05323598
176	C	0.128	0.06569423
177	G	-0.399	0.09739094
178	A	-0.418	0.07337336
179	A	0	0.007973358
 180	T	0.167	-0.01295264
181	C	0.203	-0.01834842
182	G	0.386	-0.008029333
183	C	0.457	0.003489
184	T	0.180	0.002907417
185	A	-0.344	-0.0291695
186	A	-0.436	-0.04313025
187	G	-0.144	-0.05561502
188	T	0.252	-0.09677144
189	T	-0.260	-0.1252191
190	A	-0.425	-0.1086464
191	G	-0.384	-0.05559111
192	G	0	0.02199072
 193	T	0.053	0.04019618
194	T	-0.107	0.05808268
195	T	0.116	0.04667926
196	C	0.378	0.06243826
197	C	0.291	0.1044636
198	G	0.494	0.1359036
199	G	0.073	0.1561192
200	A	0.467	0.2008047
201	A	-0.397	0.2084455
202	A	-0.236	0.1750796
203	T	0.119	0.1256635
204	T	0.377	0.0983527
205	T	0.296	0.1091594
206	C	0.428	0.08884883
207	T	0.207	0.1329127
208	G	-0.021	0.1218327
209	A	-0.301	0.07798333
210	C	0.166	0.003100917
211	A	0.203	-0.050082
212	T	0.223	-0.1207239
213	G	0.131	-0.1343333
214	G	-0.369	-0.1511898
215	A	-0.406	-0.1538096
216	A	-0.521	-0.1654474
217	A	-0.342	-0.2051399
218	A	-0.418	-0.2622415
219	G	0.044	-0.2963464
220	G	-0.223	-0.2337293
221	A	-0.332	-0.2088742
222	A	0.027	-0.1254458
223	G	-0.272	-0.08656528
224	G	-0.461	-0.08206778
225	A	-0.278	-0.1274929
226	G	0.381	-0.1398291
227	C	-0.108	-0.1287786
228	A	0.479	-0.1290123
229	T	0.124	-0.1470217
230	T	-0.365	-0.1238482
231	T	-0.500	-0.1027679
232	G	-0.371	-0.1281761
233	A	-0.200	-0.07596673
234	A	0.024	-0.08243998
235	T	-0.488	-0.08905093
236	T	-0.183	-0.07398052
237	T	-0.025	-0.0591661
238	G	0.076	-0.03137145
239	T	0.517	0.0059773
240	T	0.402	0.0358374
241	T	0.045	0.06184507
242	C	-0.184	0.08382332
243	A	-0.322	0.05485811
244	T	-0.038	0.05123413
245	A	0.248	-0.01387837
246	C	0.382	-0.05427613
247	A	-0.176	-0.04697201
248	C	0.079	-0.04291668
249	T	-0.372	-0.03272026
250	A	0.033	-0.01135307
251	C	-0.263	-0.02283607
252	A	-0.082	-0.02905566
253	G	0.132	0.01109043
254	T	-0.135	0.04204201
255	T	-0.200	0.05413984
256	T	0.218	0.02003241
257	T	0.110	0.03243066
258	G	0.308	0.0004676667
259	C	0.305	-0.05006317
260	T	0.451	-0.07775692
261	G	-0.227	-0.1004764
262	A	-0.375	-0.1543939
263	T	-0.114	-0.1810277
264	T	-0.466	-0.1748962
265	A	-0.473	-0.1831217
266	A	-0.467	-0.2430622
267	A	-0.472	-0.2570348
268	A	-0.428	-0.2108027
269	A	-0.209	-0.1663645
270	A	0.381	-0.08777925
271	T	0.206	-0.05061429
272	G	-0.267	0.02843113
273	A	-0.395	0.07270651
274	T	0.178	0.1373248
275	T	0.418	0.1886117
276	C	0.476	0.2024815
277	A	-0.027	0.1957344
278	T	0.480	0.2014774
279	C	0.058	0.2634036
280	T	0.346	0.2540786
281	T	0.406	0.2552997
282	C	0.548	0.1947889
283	T	0.125	0.170131
284	A	-0.198	0.09181773
285	C	0.347	0.04973593
286	A	0.066	-0.02366758
287	G	0.433	-0.09075183
288	A	-0.249	-0.1034186
289	G	-0.323	-0.07920474
290	A	-0.459	-0.02448707
291	A	-0.446	-0.01265016
292	A	-0.534	-0.01585559
293	A	-0.398	-0.08920426
294	C	0.396	-0.06310964
295	T	0.415	-0.07268472
296	C	0.457	-0.05758322
297	C	0.489	-0.04325506
298	A	0.028	-0.03379372
299	A	-0.446	-0.03653789
300	G	0.063	-0.1083482
301	A	-0.438	-0.1867486
302	A	-0.277	-0.193005
303	G	-0.274	-0.1973434
304	A	-0.420	-0.1858681
305	A	-0.431	-0.1459699
306	A	-0.465	-0.1787351
307	A	-0.524	-0.1502014
308	T	0.382	-0.1151081
309	C	0.437	-0.1127665
310	T	0.166	-0.09914077
311	G	0.031	-0.04426144
312	G	-0.329	0.01966023
313	A	-0.096	0.04880523
314	A	0.143	0.04577656
315	A	-0.246	0.03268939
316	T	-0.257	0.05345722
317	T	0.226	0.0869537
318	T	0.301	0.1233043
319	T	-0.175	0.1332004
320	G	0.346	0.08945501
321	G	0.280	0.1396866
322	C	0.415	0.1301162
323	C	0.433	0.07348151
324	T	0.106	0.01607501
325	G	0.022	0.01241626
326	A	-0.381	-0.06052791
327	T	0.356	-0.07699428
328	A	-0.372	-0.1383441
329	T	-0.452	-0.2064007
330	A	-0.387	-0.2561359
331	T	-0.219	-0.2720255
332	A	-0.529	-0.2550125
333	C	0.083	-0.2468295
334	A	-0.320	-0.198832
335	G	-0.382	-0.1762956
336	A	-0.489	-0.1718965
337	G	-0.167	-0.1674281
338	A	-0.177	-0.08855995
339	C	0.454	-0.087225
340	C	0.203	-0.03166
341	A	-0.182	-0.006893767
342	G	-0.334	0.00539815
343	A	-0.165	-0.0218501
344	T	0.417	-0.01274376
345	G	0.099	-0.05321994
346	G	0.346	-0.06739879
347	T	-0.085	-0.07362304
348	T	-0.342	-0.03970411
349	A	-0.494	-0.0271592
350	A	-0.068	-0.02569287
351	C	-0.031	0.001475383
352	A	0.033	-0.007374783
353	G	-0.257	0.01614798
354	T	0.072	0.06227932
355	T	-0.014	0.06481065
356	C	0.434	0.07742658
357	T	0.425	0.1031211
358	G	0.239	0.1146578
359	G	0.196	0.1778974
360	G	0.211	0.2115922
361	A	-0.464	0.1702926
362	A	0.083	0.08965994
363	C	0.277	0.01586327
364	C	0.172	-0.04124814
365	C	0.501	-0.09658681
366	T	0.476	-0.1028632
367	A	-0.510	-0.02374814
368	A	-0.532	-0.01105025
369	A	-0.460	-0.05416025
370	G	-0.445	-0.05422908
371	A	-0.467	-0.1002756
372	A	0.135	-0.1647957
373	C	0.484	-0.1032934
374	C	0.235	-0.01547837
375	A	-0.240	0.0601133
376	T	0.171	0.09724072
377	T	-0.050	0.1195404
378	T	-0.297	0.1445466
379	G	0.227	0.1393516
380	C	0.521	0.1280093
381	T	0.446	0.1765748
382	A	0	0.1474726
 383	C	-0.199	0.1500746
384	T	0.435	0.1889655
385	T	0.422	0.1367324
386	C	0.099	0.09014957
387	T	0.342	0.05019261
388	G	-0.177	0.08531219
389	A	-0.019	0.1169746
390	C	0.169	0.09237552
391	A	-0.399	0.03356928
392	G	-0.037	-0.006904592
393	T	-0.032	-0.06804401
394	C	0.421	-0.02892367
395	G	0.180	-0.005643958
396	G	0.140	0.009011542
397	G	-0.283	0.07017937
398	A	-0.386	0.08844303
399	A	-0.391	0.1354382
400	G	0.291	0.09122133
401	C	0.259	0.04401483
402	C	0.344	0.02225658
403	A	0.334	0.008246833
404	C	0.181	0.02524875
405	T	0.531	0.03363192
406	G	-0.109	0.03948842
407	A	-0.386	0.04197567
408	T	-0.120	0.005850142
409	A	-0.451	0.002393892
410	C	-0.182	-0.008642917
411	A	-0.290	-0.06649975
412	C	0.361	-0.092254
413	A	0.289	-0.07092767
414	G	-0.088	-0.036739
415	C	0.293	0.02528008
416	A	0.048	0.062735
417	G	-0.163	0.1043453
418	A	-0.418	0.05402033
419	A	-0.130	0.06098742
420	T	0.289	0.06836428
421	C	0.292	0.07978811
422	T	0.267	0.105756
423	G	0.208	0.1505921
424	A	-0.242	0.1744213
425	G	0.373	0.1452743
426	G	0	0.1026669
 427	C	0.430	0.03984925
428	C	0.360	-0.017296
429	C	0.374	-0.07242908
430	A	-0.132	-0.08752633
431	A	-0.480	-0.1364617
432	T	-0.221	-0.1552591
433	A	-0.460	-0.2095671
434	A	-0.418	-0.2494265
435	A	-0.452	-0.2649466
436	A	-0.423	-0.2196781
437	T	-0.214	-0.1778879
438	T	-0.225	-0.1845732
439	A	-0.221	-0.1539806
440	T	-0.117	-0.1409664
441	G	0.188	-0.1082951
442	C	0.410	-0.06656802
443	C	0.021	-0.01237885
444	A	-0.301	0.01581032
445	A	-0.093	0.01755715
446	T	-0.262	0.0094274
447	G	-0.060	-0.01573343
448	G	0.077	-0.07231568
449	A	0.436	-0.05549302
450	T	0.112	-0.0002743583
451	C	-0.200	-3.161667e-05
452	A	-0.215	0.01254005
453	A	-0.113	0.04971468
454	C	-0.268	0.02252455
455	A	0.223	-0.04645745
456	T	0.360	-0.05584928
457	C	-0.090	-0.07653545
458	A	-0.111	-0.09302912
459	T	0.385	-0.1180623
460	T	-0.248	-0.1129534
461	A	-0.391	-0.1541722
462	G	0	-0.1971572
 463	A	-0.448	-0.153983
464	A	-0.413	-0.1676197
465	A	-0.413	-0.2280975
466	A	-0.206	-0.1685565
467	A	-0.271	-0.1688957
468	T	-0.154	-0.1925429
469	G	0.427	-0.1657935
470	T	-0.275	-0.1070515
471	A	-0.340	-0.07258667
472	T	0.465	-0.0595849
473	A	-0.395	-0.04484591
474	T	-0.283	-0.03830047
475	A	-0.127	-0.1164611
476	T	0.291	-0.1299158
477	C	0	-0.07546639
 478	A	-0.050	-0.07437089
479	T	-0.094	-0.002800975
480	G	-0.076	0.03297836
481	A	-0.510	0.07787686
482	A	-0.436	0.08903061
483	G	0.312	0.1266424
484	C	0.478	0.1526307
485	T	0.463	0.1239521
486	T	0.145	0.1328069
487	C	0.411	0.1807625
488	C	0.425	0.2171432
489	C	0.451	0.1885404
490	C	0.261	0.1167845
491	A	-0.438	0.0975822
492	G	0.029	0.1145411
493	G	0.064	0.1144551
494	A	0	0.1028635
 495	G	-0.030	0.05343937
496	A	-0.382	0.04574378
497	G	0.232	0.09782595
498	T	0.349	0.1232355
499	C	0.410	0.1508853
500	A	0.286	0.1741642
501	G	-0.141	0.2003863
502	C	0.168	0.2111043
503	A	0.186	0.1469914
504	C	0.334	0.1236959
505	C	0.396	0.07236651
506	C	0.279	0.01410418
507	T	0.284	-0.01037432
508	G	-0.253	-0.06488299
509	A	-0.536	-0.1077691
510	A	0.069	-0.1197173
511	G	-0.205	-0.1215833
512	G	-0.412	-0.1266407
513	A	-0.435	-0.1126359
514	A	-0.485	-0.08937118
515	A	-0.328	-0.06809668
516	T	0.191	-0.07573489
517	C	0.374	-0.02145314
518	C	0.218	0.04586336
519	C	0.452	0.04784311
520	A	0.025	0.1175608
521	T	-0.281	0.1861908
522	T	-0.022	0.1568301
523	C	0.445	0.1663353
524	A	0.394	0.1329278
525	T	-0.411	0.07876527
526	T	0.351	0.05043322
527	C	0.495	0.03577105
528	A	-0.160	0.002684083
529	T	0.488	-0.04445342
530	T	-0.182	-0.0904255
531	T	-0.197	-0.05168698
532	A	-0.314	-0.06163373
533	G	-0.457	-0.07203098
534	A	-0.419	-0.08296698
535	T	-0.120	-0.1626256
536	G	-0.156	-0.1652277
537	C	0.053	-0.1518867
538	A	0.231	-0.1554216
539	T	0.370	-
540	G	-0.292	-
541	A	-0.467	-
542	A	-0.213	-
543	T	-0.037	-
544	T	-0.356	-
