1	A	-0.223	-
2	C	0.285	-
3	G	0.206	-
4	T	0.403	-
5	C	0.403	-
6	G	0.428	0.2072732
7	G	0.355	0.2008988
8	C	0.394	0.2131941
9	C	0.438	0.2312231
10	T	0.102	0.2008113
11	C	-0.293	0.1852636
12	A	-0.014	0.1851857
13	C	-0.299	0.1758388
14	C	0.433	0.1748731
15	C	0.423	0.154204
16	G	0.038	0.1607345
17	G	0.216	0.1943186
18	G	0.427	0.2100088
19	C	0.243	0.2319442
20	A	0.382	0.2180125
21	G	0.190	0.2052701
22	G	0.181	0.2341537
23	C	0.109	0.2453343
24	A	0.173	0.2359932
25	T	-0.036	0.2471192
26	G	0.265	0.1986251
27	G	0.270	0.2040446
28	G	0.384	0.2113472
29	G	0.350	0.2388626
30	C	0.315	0.2437201
31	G	0.376	0.2561126
32	G	-0.199	0.2761097
33	T	0.255	0.2616475
34	C	0.268	0.1877291
35	G	0.440	0.1432533
36	G	0.231	0.1047355
37	G	0.112	0.1083691
38	C	0.505	0.1535948
39	T	0.096	0.1603025
40	T	-0.502	0.1672505
41	A	-0.182	0.1547297
42	G	-0.146	0.1333162
43	C	0.420	0.1516071
44	G	0.343	0.1162502
45	C	0.336	0.1438463
46	C	0.352	0.2221629
47	G	0.289	0.2685298
48	C	-0.025	0.3027879
49	A	0.331	0.3025554
50	C	0.081	0.3055681
51	C	0.427	0.271244
52	C	0.437	0.256774
53	C	0.373	0.2677013
54	G	0.264	0.3052797
55	C	0.417	0.2529461
56	C	0.379	0.2536587
57	G	-0.075	0.229703
58	G	0.178	0.2296062
59	C	0.420	0.2319379
60	C	0.425	0.2426508
61	A	-0.296	0.2181224
62	G	0.090	0.2201253
63	A	0.140	0.2428408
64	G	0.436	0.2556563
65	C	0.401	0.2546858
66	C	0.393	0.2557188
67	A	0.123	0.3193164
68	C	0.403	0.3430069
69	C	0.196	0.3642323
70	G	0.332	0.3447122
71	T	0.409	0.3425329
72	C	0.437	0.2851913
73	T	0.466	0.2578188
74	C	0.374	0.2368193
75	T	0.395	0.2418
76	C	0.202	0.2482261
77	C	0.375	0.2470067
78	A	-0.294	0.2424892
79	G	-0.205	0.2234159
80	A	0.151	0.2240804
81	C	0.256	0.2196596
82	G	0.409	0.2306092
83	C	0.394	0.1742724
84	G	0.383	0.2084086
85	G	0.237	0.2418542
86	C	0.382	0.2626283
87	C	0.341	0.2638544
88	C	0.333	0.2636015
89	C	-0.300	0.2636853
90	A	0.114	0.2668727
91	G	0.196	0.2807843
92	C	0.401	0.2430766
93	G	0.271	0.2472656
94	C	0.406	0.2234665
95	C	0.395	0.2691628
96	C	0.422	0.2379289
97	A	0.404	0.2317344
98	C	-0.070	0.1745444
99	T	0.392	0.1662427
100	G	0.047	0.1305421
101	G	0.247	0.1213879
102	G	-0.260	0.08442953
103	G	0.121	0.03739137
104	A	-0.285	0.07332116
105	T	0.171	0.006818158
106	G	-0.022	0.0028189
107	G	0.285	-0.01781152
108	C	-0.021	0.03764465
109	A	-0.159	0.0173334
110	A	0.361	0.0496224
111	A	-0.405	0.03833546
112	G	0	0.03002303
 113	A	0	0.02591619
 114	C	0.405	0.04115464
115	G	-0.121	0.09016972
116	A	0.102	0.08947489
117	C	0.036	0.1431829
118	A	-0.121	0.1709541
119	T	0.236	0.161452
120	C	0.161	0.1553437
121	C	0.428	0.2008311
122	G	0.352	0.2159768
123	G	0.238	0.2505705
124	T	0.333	0.2910423
125	G	-0.114	0.2302802
126	C	0.332	0.2300754
127	G	0.424	0.2276468
128	C	0.284	0.2304785
129	C	0.451	0.2433655
130	G	0.363	0.2326662
131	A	-0.492	0.2572157
132	G	0.158	0.2617927
133	G	0.399	0.2498397
134	C	0.386	0.2616372
135	T	0.393	0.2573521
136	G	0.204	0.1895019
137	C	0.180	0.1966682
138	T	0.387	0.1428746
139	C	0.280	0.10242
140	A	0.425	0.09976957
141	C	0.399	0.03517407
142	A	-0.450	-0.01142968
143	A	-0.406	-0.03793992
144	A	-0.486	-0.04156634
145	A	-0.086	-0.1040173
146	T	0.354	-0.1739248
147	G	-0.381	-0.2430273
148	T	-0.354	-0.2408857
149	A	-0.137	-0.1935307
150	C	0.343	-0.1173256
151	A	-0.468	-0.07723658
152	A	-0.413	-0.09748358
153	A	-0.429	-0.07162161
154	A	-0.424	-0.02363511
155	C	0.161	0.01719197
156	G	0.427	0.02401097
157	C	0.395	0.1014481
158	A	0.111	0.1053206
159	G	-0.071	0.1458968
160	C	0.221	0.1631232
161	G	0.352	0.1798991
162	C	0.425	0.1410637
163	C	0.460	0.09706866
164	T	-0.366	0.1124687
165	G	0.057	0.1184238
166	C	-0.217	0.1119722
167	A	0.362	0.1020228
168	G	-0.038	0.0852236
169	G	-0.132	0.07154235
170	T	0.296	0.1277755
171	G	0	0.1185771
 172	T	0.144	0.09521113
173	G	0.232	0.02331297
174	C	0.223	-0.01179832
175	T	0.296	-0.02206248
176	C	0.308	-0.03061682
177	A	-0.052	-0.05015523
178	G	-0.498	-0.09287715
179	A	-0.499	-0.1259371
180	A	-0.459	-0.1601814
181	G	-0.256	-0.1675462
182	A	0.194	-0.1701629
183	G	-0.234	-0.1303473
184	G	-0.368	-0.05438383
185	A	-0.163	0.02092425
186	A	-0.187	0.08650542
187	C	0.207	0.08606333
188	T	0.276	0.06113633
189	C	0.425	0.07932181
190	C	0.413	0.09244006
191	G	0.403	0.08692139
192	C	0.327	0.1267494
193	A	-0.261	0.1044588
194	G	-0.105	0.09472052
195	A	-0.016	0.03354227
196	G	-0.211	-0.01816623
197	T	-0.229	-0.0292354
198	G	0.290	-0.09956107
199	G	-0.059	-0.1155126
200	A	0.159	-0.102958
201	G	-0.309	-0.06125943
202	G	-0.207	-0.00801735
203	T	0.271	0.04680082
204	A	-0.516	0.05875248
205	A	-0.452	0.109478
206	G	0.045	0.09737791
207	T	0.484	0.09093282
208	C	0.427	0.08245149
209	T	0.427	0.05473134
210	C	0.434	0.09452923
211	C	0.549	0.1444705
212	G	0.014	0.1538699
213	A	-0.386	0.1470833
214	C	-0.309	0.111442
215	A	-0.061	0.04988454
216	T	-0.038	-0.01440954
217	G	0.146	-0.05323904
218	G	0.158	-0.02598884
219	G	0.402	0.02232216
220	A	0	0.02938616
 221	G	-0.310	0.04119841
222	A	-0.337	0.04255958
223	G	0.083	-0.01239908
224	A	0.341	-0.04890308
225	G	0.193	-0.1073913
226	G	-0.224	-0.1297575
227	G	0.080	-0.1139639
228	A	-0.022	-0.06615458
229	G	-0.513	-0.055785
230	A	-0.279	-0.05205358
231	G	-0.299	-0.03147575
232	G	-0.268	0.02393517
233	A	-0.121	0.05319923
234	T	0.236	0.07777158
235	C	0.207	0.1338018
236	C	0.386	0.1176553
237	C	0.440	0.1033558
238	C	0.440	0.095116
239	T	0.431	0.08061175
240	C	0.272	0.04488558
241	T	0.159	0.03902275
242	A	-0.473	0.04397692
243	G	-0.470	0.03676
244	A	-0.367	0.01627408
245	A	-0.295	-0.002544417
246	A	-0.192	0.00936925
247	C	0.137	0.03184658
248	C	0.445	0.09321567
249	T	0.353	0.1208856
250	G	0.194	0.161304
251	G	0.205	0.2171828
252	C	0.415	0.2679433
253	C	0.429	0.2826618
254	T	0.262	0.2443149
255	G	-0.138	0.2163705
256	G	0.117	0.2366403
257	G	0.375	0.2126215
258	C	0.416	0.1709039
259	T	0.313	0.1031
260	C	-0.014	0.09176536
261	A	0.018	0.1355818
262	C	0.438	0.1471332
263	A	-0.082	0.1491075
264	T	-0.085	0.1468569
265	G	-0.384	0.1258895
266	A	0.126	0.143151
267	T	0.387	0.1777401
268	C	0.256	0.169811
269	C	0.398	0.1936666
270	T	0.389	0.2346775
271	G	0.062	0.2724493
272	T	0.192	0.271706
273	C	0.433	0.2248363
274	C	0.342	0.1762436
275	T	0.203	0.1420634
276	G	0.406	0.1373697
277	G	0.068	0.1496217
278	T	0.118	0.1711531
279	A	-0.175	0.1699458
280	T	-0.326	0.1703655
281	G	-0.011	0.1705646
282	T	0.333	0.1609622
283	C	0.209	0.1690921
284	C	0.451	0.1927343
285	C	0.418	0.2437701
286	A	0.347	0.3042668
287	G	0.205	0.3118389
288	T	0.291	0.3012959
289	G	0.166	0.3181916
290	T	0.401	0.3171953
291	C	0.437	0.2945875
292	C	0.399	0.2925905
293	A	0.079	0.2410054
294	G	0.206	0.2428733
295	C	0.411	0.2498821
296	A	0.439	0.2217893
297	G	0.147	0.2188355
298	G	0.324	0.224138
299	A	-0.413	0.2145126
300	A	0.313	0.1546817
301	C	0.250	0.08937231
302	T	0.064	0.08560648
303	T	0.401	0.09080447
304	C	0.462	0.1013533
305	T	-0.035	0.1663195
306	T	-0.511	0.1782719
307	G	-0.371	0.1444126
308	G	0.393	0.10506
309	G	0.209	0.05152863
310	T	0.450	0.0002695417
311	C	0.366	0.027369
312	C	0.457	0.03869458
313	A	-0.155	0.02858208
314	A	-0.407	-0.01909425
315	G	-0.240	-0.015942
316	A	-0.152	-0.02317417
317	C	0.289	-0.01682583
318	A	-0.375	-0.0186175
319	A	-0.493	0.02595275
320	A	-0.178	0.08550992
321	T	0.247	0.09208717
322	C	0.363	0.1156376
323	T	0.442	0.1291776
324	C	0.435	0.1872915
325	C	0.378	0.2236972
326	A	0.307	0.2637305
327	G	-0.161	0.2585202
328	C	0.130	0.2580835
329	T	0.451	0.2550137
330	T	0.322	0.2526811
331	C	-0.056	0.2373344
332	T	0.302	0.2480016
333	G	0.185	0.2984125
334	G	0.358	0.2912529
335	C	0.405	0.2355124
336	T	0.407	0.2360942
337	C	0.194	0.2677282
338	C	0.435	0.2729934
339	C	0.443	0.2736644
340	T	0.044	0.2803014
341	G	-0.217	0.2759704
342	C	0.329	0.2807793
343	T	0.323	0.2936479
344	G	0.365	0.2920973
345	G	0.193	0.2910225
346	G	0.438	0.2961071
347	C	0.353	0.3252383
348	A	0.465	0.2892458
349	C	0.349	0.2170175
350	T	0.416	0.1778957
351	C	0.430	0.1470361
352	G	0.105	0.1278856
353	G	0.132	0.08977008
354	T	-0.102	0.08075758
355	A	-0.543	0.07984442
356	G	-0.104	0.05747842
357	G	-0.176	-0.009361167
358	T	0.208	-0.056991
359	G	-0.103	-0.1042393
360	C	0.357	-0.1308882
361	C	0.338	-0.09624158
362	T	0.148	-0.120907
363	G	-0.371	-0.1305713
364	A	-0.466	-0.1583886
365	T	-0.434	-0.1596327
366	A	-0.422	-0.2244346
367	A	-0.127	-0.2364517
368	A	-0.400	-0.2392497
369	T	-0.292	-0.1714854
370	A	-0.125	-0.09794683
371	T	-0.118	-0.09209967
372	T	-0.420	-0.07781858
373	T	0.193	-0.03154642
374	G	0.114	0.03779625
375	C	0.441	0.1000756
376	A	0.416	0.139647
377	G	-0.364	0.1656973
378	G	-0.251	0.2249125
379	A	0.427	0.1660027
380	T	0.432	0.1109913
381	T	0.454	0.0557715
382	C	0.349	-0.0110205
383	T	0.194	-0.01485808
384	G	0.290	-0.009011
385	T	-0.512	-0.0318985
386	A	-0.545	-0.04235292
387	A	-0.221	-0.08953592
388	G	-0.385	-0.1481702
389	A	-0.410	-0.1976745
390	A	-0.180	-0.2567187
391	T	0.153	-0.2371936
392	C	0.306	-0.2173663
393	A	-0.111	-0.1629149
394	G	-0.354	-0.0915845
395	A	-0.399	-0.04770575
396	A	-0.418	-0.071995
397	T	-0.278	-0.09460917
398	T	-0.307	-0.08062825
399	C	0.432	-0.05763192
400	C	0.470	-0.01024767
401	A	0.116	0.05790075
402	G	-0.472	0.1124113
403	T	-0.118	0.1665477
404	T	0.474	0.2040822
405	G	0.164	0.1739277
406	T	0.214	0.1704342
407	G	0.417	0.1422822
408	C	0.236	0.1816511
409	T	0.370	0.1751172
410	A	0.142	0.1455329
411	T	0.070	0.1010153
412	C	0.428	0.05587175
413	T	-0.221	0.02840728
414	G	0	0.04377169
 415	A	-0.196	0.04885236
416	G	0.119	0.07344919
417	G	-0.370	0.04538553
418	A	-0.327	-0.01621981
419	G	0.088	0.03232378
420	T	0.420	0.04166803
421	C	0.431	0.02939777
422	C	0.437	-0.01806156
423	G	-0.266	-0.03021164
424	A	-0.310	-0.04279197
425	C	0.360	-0.09339008
426	A	0.112	-0.1209043
427	G	-0.343	-0.1490481
428	A	-0.450	-0.1925952
429	A	-0.515	-0.2020697
430	A	-0.478	-0.2166327
431	A	-0.518	-0.2902506
432	G	0.090	-0.3123927
433	C	0.094	-0.3155893
434	A	-0.084	-0.2431099
435	G	-0.380	-0.1912985
436	A	-0.485	-0.1669121
437	A	-0.522	-0.1256762
438	G	-0.153	-0.1611783
439	A	-0.382	-0.1790261
440	G	0.419	-0.198869
441	G	0.105	-0.1391812
442	T	-0.185	-0.06734738
443	T	-0.024	-0.004996208
444	A	-0.335	0.02790221
445	T	-0.119	0.04986062
446	A	-0.322	-0.002708542
447	C	0.336	-0.01895517
448	C	0.376	0.01493
449	A	0.225	0.04147012
450	G	0.241	0.05297246
451	T	-0.118	0.05749814
452	G	-0.211	0.04064456
453	G	-0.089	0.03703464
454	A	0.221	0.02389281
455	G	0.294	0.01918697
456	G	-0.197	0.02765814
457	G	-0.065	0.02540048
458	A	-0.525	0.05150022
459	A	0.292	0.08252685
460	G	0.219	0.09970943
461	G	0.169	0.1088298
462	T	0.342	0.1320045
463	G	-0.145	0.123034
464	G	0.102	0.1828564
465	T	0.283	0.160387
466	C	0.427	0.1446738
467	T	0.403	0.1462503
468	T	0.080	0.1508826
469	G	-0.173	0.1640265
470	G	0.192	0.1254713
471	G	0.023	0.08003719
472	G	0.030	0.02812111
473	T	0.188	-0.005537308
474	C	0.398	-0.04867213
475	T	0.011	-0.05554063
476	G	-0.360	-0.06162305
477	A	-0.261	-0.05393582
478	A	-0.195	-0.04082407
479	C	0	-0.03782007
 480	A	-0.437	-0.0476299
481	G	-0.255	-0.011918
482	T	0.119	0.03839858
483	T	0.115	0.091006
484	C	0.187	0.1320794
485	G	0.224	0.1369586
486	T	0.280	0.1625295
487	C	0.440	0.2172435
488	C	0.243	0.2366529
489	A	0.369	0.2322737
490	C	0.297	0.2018847
491	T	0.058	0.1986428
492	G	-0.130	0.1808584
493	C	0.400	0.1685454
494	T	0.352	0.1575992
495	G	0.062	0.124204
496	C	-0.176	0.1124643
497	T	0.185	0.1263568
498	C	0.067	0.135866
499	A	0.292	0.1181441
500	G	0.111	0.109588
501	G	-0.031	0.1209677
502	T	0.156	0.146033
503	A	0.225	0.1305992
504	G	-0.016	0.1138783
505	G	0.188	0.09727042
506	T	0.250	0.04631767
507	G	0.199	0.07680067
508	G	0.124	0.100856
509	T	0	0.1011211
 510	T	-0.133	0.1363079
511	T	0.093	0.1147575
512	C	-0.499	0.1243275
513	A	0.334	0.09940885
514	C	0.444	0.1253029
515	C	0.228	0.1515032
516	C	0.405	0.1961293
517	A	-0.070	0.1651304
518	G	0.364	0.2352397
519	G	-0.099	0.2378253
520	G	0.434	0.2280992
521	T	0.314	0.209919
522	C	0.402	0.2071409
523	A	-0.278	0.1897537
524	G	0.341	0.1826717
525	T	0.365	0.2042197
526	T	0.328	0.1972434
527	T	0.010	0.1877098
528	T	0.372	0.1541949
529	G	-0.279	0.1835368
530	T	0.279	0.1772932
531	C	0.158	0.1168915
532	T	0.351	0.06955362
533	T	0.2	0.06101148
534	C	0	-0.01141736
 535	T	0.073	-0.01002052
536	G	0.266	-0.07889286
537	G	-0.359	-0.07491836
538	A	-0.239	-0.08111569
539	G	-0.092	-0.06123652
540	A	-0.496	-0.01520502
541	T	-0.262	-0.04271572
542	A	-0.546	-
543	G	0.206	-
544	G	0.276	-
545	C	0.438	-
546	C	0.552	-
547	A	-0.256	-
