1	A	-0.429	-
2	G	-0.354	-
3	A	-0.494	-
4	C	0.264	-
5	A	-0.148	-
6	A	-0.531	-
7	A	-0.493	-
8	A	-0.454	-
9	G	-0.318	-0.08809335
10	T	0.241	-0.08159141
11	C	0.170	-0.04555407
12	A	0.108	-0.01040741
13	A	-0.278	-0.01513768
14	C	0.417	-0.01992324
15	T	0.170	0.01877798
16	A	-0.080	0.04515939
17	C	0.176	0.090884
18	T	0.448	0.1278198
19	G	-0.312	0.1231298
20	C	0.294	0.1376986
21	T	0.138	0.1540285
22	G	0.179	0.1803853
23	A	-0.234	0.180199
24	G	0.165	0.1848548
25	G	-0.019	0.1747963
26	C	0.368	0.1390628
27	A	0.346	0.08802974
28	T	0.156	0.08647902
29	G	0.433	0.04866118
30	G	0.402	0.01656368
31	G	0.195	0.01008709
32	C	0.413	0.02821755
33	T	0.253	0.01331149
34	T	-0.261	0.03093659
35	A	-0.466	0.03957798
36	A	-0.469	0.01042314
37	T	-0.340	0.01053598
38	A	-0.386	0.01420976
39	A	-0.439	-0.02296169
40	A	0.063	-0.05502258
41	T	0.091	-0.1023415
42	G	-0.102	-0.1440492
43	T	0.298	-0.1527637
44	T	0.524	-0.1459581
45	G	-0.178	-0.1160165
46	A	0.158	-0.07933659
47	C	0.499	-0.0384337
48	T	-0.266	0.0143283
49	A	-0.381	-0.003377494
50	A	-0.437	-0.03125418
51	A	-0.496	-0.0332699
52	A	-0.418	-0.03876768
53	T	-0.344	-0.04319079
54	A	0.069	-0.05100718
55	T	0.319	-0.07185957
56	C	0.349	-0.1006714
57	C	0.510	-0.1160855
58	A	-0.255	-0.1001379
59	A	-0.409	-0.06509886
60	C	-0.139	-0.01204231
61	T	0.199	-0.001962306
62	C	0.444	0.001007694
63	A	-0.318	0.008889817
64	A	-0.216	0.01002209
65	C	-0.019	0.01398087
66	G	-0.544	0.01409326
67	A	-0.094	0.04754332
68	C	0.192	0.04809748
69	C	0.458	0.02900221
70	A	-0.237	0.002281039
71	A	-0.291	-0.02242979
72	T	0.211	-0.03169813
73	C	0.340	-0.01377568
74	C	0.420	-0.03580145
75	T	0.512	-0.001640667
76	G	0.346	0.01011762
77	T	-0.399	0.005989839
78	A	-0.482	-0.02667249
79	T	-0.281	-0.04153866
80	A	0	-0.04535077
 81	A	-0.485	-0.04260283
82	T	0.106	-0.04451699
83	T	-0.415	-0.04240044
84	T	0.070	-0.04677988
85	T	0.117	-0.05587549
86	C	0.118	-0.006986883
87	A	-0.129	0.02587117
88	A	-0.504	0.06663323
89	A	-0.359	0.05103328
90	C	0.260	0.09358273
91	T	0.305	0.07001089
92	C	0.458	0.08332084
93	T	0.433	0.06851972
94	G	0.182	0.08595383
95	T	0.480	0.08581094
96	C	0.108	0.1000605
97	A	0.451	0.1525147
98	A	-0.280	0.1798386
99	T	0.280	0.1711382
100	A	-0.318	0.1658573
101	A	-0.176	0.1639042
102	C	-0.195	0.1583721
103	T	0.431	0.1728358
104	T	0.116	0.1729553
105	G	0.126	0.1366228
106	C	0.439	0.1133974
107	T	0.132	0.1427855
108	G	0.103	0.1529618
109	G	0.210	0.1918444
110	G	0.423	0.22482
111	T	0.333	0.2578024
112	C	0.443	0.2284235
113	C	0.482	0.2061384
114	A	-0.545	0.2048657
115	A	0.033	0.1962178
116	C	0.248	0.2129831
117	C	0.463	0.2280983
118	T	0.381	0.2409859
119	G	0.417	0.2240129
120	C	0.397	0.2299832
121	A	-0.097	0.2299862
122	G	-0.285	0.2227587
123	A	0.103	0.2713856
124	C	0.283	0.2720636
125	C	0.433	0.2618396
126	C	0.375	0.2150865
127	T	0.442	0.1727642
128	G	0.118	0.1402769
129	G	0.441	0.1404185
130	C	0.443	0.1440513
131	T	0.352	0.1504214
132	G	0.329	0.133246
133	C	0.046	0.1217058
134	A	0.064	0.08148359
135	T	-0.378	0.04318842
136	G	-0.380	-0.0005544667
137	A	-0.167	-0.03101563
138	C	0.400	-0.07881547
139	A	-0.032	-0.1328766
140	G	-0.170	-0.1817677
141	A	-0.205	-0.2243931
142	T	0.076	-0.234604
143	G	-0.290	-0.2243304
144	A	-0.313	-0.1774423
145	A	-0.344	-0.1516467
146	G	-0.429	-0.1188112
147	A	-0.419	-0.1353796
148	A	-0.529	-0.1538099
149	A	-0.527	-0.1620152
150	T	-0.437	-0.145841
151	G	-0.137	-0.1625399
152	C	0.249	-0.1439039
153	A	0.465	-0.1244743
154	C	0.084	-0.1235993
155	T	0.423	-0.1011675
156	C	0.102	-0.09165926
157	A	-0.364	-0.04291065
158	G	-0.318	0.01046185
159	A	0.085	0.05854724
160	C	-0.224	0.09134924
161	A	0.045	0.1043246
162	C	0.036	0.08836329
163	A	-0.328	0.07334309
164	G	-0.026	0.03365232
165	A	-0.247	0.003631206
166	T	0.347	-0.004853961
167	C	0.432	-0.01447802
168	C	0.428	-0.03499249
169	C	0.452	-0.03332566
170	C	0.482	-0.03687702
171	T	0.178	-0.01900973
172	A	-0.186	0.0155931
173	C	-0.290	0.01704892
174	A	-0.438	0.03445906
175	A	-0.516	-0.01060189
176	A	-0.491	-0.01888872
177	A	-0.283	-0.03598406
178	G	-0.194	-0.03677911
179	A	-0.018	-0.04009694
180	C	0.358	-0.03301133
181	C	0.293	-0.02760753
182	A	0	0.004809856
 183	T	0.065	0.04003647
184	G	-0.463	0.07593297
185	T	0.283	0.09462863
186	T	0.120	0.1115647
187	T	0.438	0.1337297
188	C	0.422	0.1521923
189	T	0.306	0.1254784
190	T	-0.088	0.1294253
191	C	0.292	0.1522977
192	T	0.195	0.1709952
193	C	0.129	0.2138631
194	A	-0.154	0.2107653
195	G	0.021	0.1945597
196	C	0.204	0.1823201
197	T	0.313	0.1798595
198	T	-0.122	0.1858476
199	G	0.365	0.1925237
200	C	0.411	0.1930581
201	T	0.402	0.1949459
202	C	0.308	0.2079203
203	A	0.227	0.2069894
204	G	-0.171	0.191403
205	T	0.218	0.1827888
206	C	0.378	0.1886959
207	C	0.413	0.2204258
208	A	0.031	0.2115455
209	G	0.302	0.2109945
210	C	0.229	0.1860751
211	T	0.362	0.1954354
212	G	-0.171	0.1811659
213	A	-0.259	0.1900981
214	G	0.049	0.2043788
215	C	0.420	0.2059038
216	C	0.448	0.2007133
217	A	0.205	0.2061898
218	G	0.401	0.2053257
219	C	-0.046	0.2054325
220	T	0.476	0.1805231
221	T	-0.028	0.2156373
222	T	-0.010	0.2535188
223	C	0.475	0.2734184
224	C	0.406	0.2710158
225	A	0.320	0.2647352
226	C	0.129	0.2617526
227	T	0.286	0.2224719
228	G	0.231	0.2148191
229	G	-0.085	0.1707065
230	A	0.460	0.1667189
231	C	0.422	0.189282
232	T	0.407	0.1462941
233	C	0.376	0.1178064
234	C	0.335	0.09058772
235	T	0.151	0.09795033
236	G	-0.305	0.09551433
237	A	-0.184	0.08130332
238	A	-0.317	0.06789711
239	T	-0.100	0.01901099
240	G	0.395	-0.01701462
241	T	-0.298	-0.02074951
242	G	-0.106	-0.04915734
243	A	-0.169	-0.04520295
244	G	0.262	-0.03378467
245	G	0.242	0.003379106
246	A	-0.024	0.03847966
247	G	-0.326	0.07844955
248	A	-0.419	0.1063748
249	A	-0.225	0.1073693
250	C	0.340	0.1443138
251	A	-0.134	0.1595144
252	C	0.406	0.1731727
253	A	0.357	0.1632102
254	G	0.363	0.1396528
255	G	0.447	0.1420567
256	C	0.401	0.1839078
257	T	0.401	0.1983327
258	C	0.413	0.197139
259	C	0.366	0.2033502
260	C	0.166	0.2223055
261	A	0.076	0.2112463
262	G	0.083	0.1806559
263	G	-0.181	0.1317038
264	A	0.019	0.07951881
265	C	0.426	0.04865209
266	C	-0.159	0.04901226
267	A	-0.247	0.0516977
268	T	0.452	0.05628242
269	C	0.206	0.07354731
270	C	0.207	0.08648114
271	A	-0.193	0.1085157
272	G	-0.517	0.1429219
273	A	-0.491	0.1614222
274	A	-0.153	0.1571138
275	G	0.408	0.1642283
276	C	0.461	0.1991992
277	A	0.448	0.1821834
278	T	0.477	0.1793454
279	C	0.309	0.1934376
280	T	0.479	0.1988411
281	C	0.438	0.2119639
282	T	0.352	0.2138129
283	C	0.348	0.1939061
284	A	-0.031	0.1466488
285	T	0.382	0.09441137
286	C	0.145	0.06424822
287	A	0.155	0.04659056
288	C	0.461	0.04801806
289	C	-0.096	0.03603744
290	A	-0.281	0.02131606
291	T	-0.458	-0.01271389
292	A	-0.511	-0.05392583
293	A	-0.442	-0.06974817
294	A	-0.478	-0.09827995
295	G	-0.094	-0.1000231
296	C	0.159	-0.1159988
297	T	0.334	-0.1180923
298	C	0.264	-0.08873176
299	T	0.173	-0.07732509
300	G	-0.260	-0.03698759
301	A	-0.392	0.008248244
302	A	-0.316	0.04194569
303	A	-0.131	0.08895686
304	C	0.114	0.08986047
305	A	-0.131	0.1050405
306	C	0.423	0.1028476
307	T	0.432	0.1100272
308	G	-0.075	0.1012453
309	G	0.267	0.1139921
310	C	0.302	0.1492434
311	T	0.164	0.1546545
312	G	0.367	0.1719955
313	G	-0.077	0.1822331
314	G	0.433	0.2139494
315	T	0.295	0.2132864
316	G	0.393	0.1986732
317	C	0.015	0.2299892
318	A	-0.030	0.2268915
319	G	0.241	0.2065318
320	A	-0.219	0.19103
321	G	0.180	0.1629806
322	G	0.298	0.1693103
323	C	0.439	0.1172571
324	T	0.411	0.07930786
325	C	0.169	0.03566092
326	A	0.487	0.02299521
327	C	0.211	0.04192719
328	A	-0.064	0.05295264
329	C	-0.114	0.08277414
330	A	-0.137	0.07625995
331	A	0.036	0.04367989
332	G	-0.503	-0.001622883
333	T	-0.387	-0.009495328
334	A	-0.392	-0.02783611
335	A	-0.212	-0.06415549
336	T	0.309	-0.09164877
337	C	0.440	-0.08640119
338	C	0.317	-0.09962875
339	C	0.063	-0.07827064
340	A	-0.287	-0.1025686
341	A	-0.376	-0.0876604
342	C	0.269	-0.07960912
343	A	-0.161	-0.05501166
344	C	-0.165	-0.05126532
345	A	-0.283	-0.04589771
346	T	0.030	-0.04806577
347	T	-0.352	-0.0839281
348	C	0.247	-0.1017613
349	A	-0.401	-0.09939113
350	G	-0.235	-0.05753891
351	A	-0.242	-0.05772174
352	G	0.050	-0.05245847
353	G	-0.145	-0.04825062
354	C	0.406	-0.05378079
355	T	0.401	-0.05546174
356	G	-0.327	-0.03150674
357	A	-0.257	-0.05046411
358	G	-0.244	-0.03545127
359	G	0.376	-0.04757449
360	T	0.266	-0.02279138
361	G	-0.066	-0.01696802
362	G	-0.090	0.01414132
363	G	-0.382	0.005234928
364	A	0	-0.008250406
 365	G	0.078	-0.01592479
366	G	-0.093	-0.02314763
367	A	-0.131	-0.003740739
368	T	-0.453	-0.008705017
369	T	0.203	-0.004684572
370	G	0.155	0.01337043
371	C	0.414	0.02272486
372	T	0.246	0.05093174
373	T	0.158	0.03867897
374	G	-0.466	0.00712235
375	A	-0.387	-0.002277839
376	G	0.104	-0.02241112
377	G	0.287	0.01183333
378	C	0.338	0.01941483
379	C	0.258	-0.00477595
380	A	0.078	-0.05197878
381	G	0.125	-0.09247984
382	G	-0.220	-0.1270446
383	A	-0.489	-0.07979689
384	A	-0.263	-0.05052684
385	T	-0.493	-0.03225789
386	T	0.162	-0.03501584
387	C	0.339	-0.02922051
388	A	-0.280	-0.01900773
389	A	-0.435	-0.009148056
390	G	-0.482	-0.03446222
391	A	-0.463	-0.02833494
392	C	0.384	0.015251
393	C	0.139	0.04447472
394	A	0.433	0.09148572
395	G	0.237	0.1023052
396	C	0.443	0.096365
397	C	0.442	0.1071194
398	T	0.255	0.103751
399	A	-0.330	0.102199
400	G	-0.110	0.1126494
401	G	0.294	0.08830886
402	C	0.263	0.07907935
403	A	0.352	0.03260896
404	G	0.357	-0.004650372
405	C	0.232	-0.04979804
406	A	-0.086	-0.05065748
407	T	-0.495	-0.05210737
408	A	-0.510	-0.01537309
409	G	-0.275	-0.0009222611
410	C	-0.053	0.006741406
411	A	-0.026	0.001066183
412	A	-0.403	-0.002071817
413	G	-0.432	0.005053572
414	A	-0.369	0.01940707
415	C	0.427	0.04397949
416	C	0.229	0.06181799
417	C	0.330	0.1081733
418	C	0.149	0.09860127
419	A	0.432	0.07659011
420	T	0.160	0.050164
421	C	0.296	0.04421506
422	T	0.485	0.04098678
423	C	0.491	0.03768783
424	T	0.355	0.002769944
425	A	-0.174	-0.02779189
426	C	0.323	-0.0230205
427	A	-0.448	-0.03379556
428	A	-0.449	-0.03337551
429	A	-0.502	-0.01851267
430	A	-0.510	-0.02383412
431	A	-0.490	-0.05081512
432	G	-0.428	-0.1020489
433	T	-0.201	-0.1446791
434	A	-0.320	-0.1586085
435	C	0.416	-0.1929473
436	A	-0.044	-0.1904261
437	C	0.440	-0.1883067
438	C	0.428	-0.1500228
439	C	0.200	-0.1200146
440	C	0	-0.08994054
 441	A	-0.430	-0.06280234
442	A	-0.411	-0.05036515
443	A	-0.425	-0.02346976
444	A	-0.294	-0.02151954
445	T	-0.402	-0.001551811
446	T	-0.411	-0.01439553
447	A	0.186	-0.01693064
448	T	0.029	-0.003501422
449	C	0.050	0.008955689
450	T	0.059	0.04235219
451	G	0.022	0.07494102
452	G	0.163	0.1239422
453	G	0.451	0.1633561
454	T	0.315	0.193521
455	G	0.209	0.2118415
456	T	0.382	0.1928703
457	G	0.442	0.1953384
458	G	0.224	0.2022915
459	T	0.170	0.2230422
460	G	0.174	0.2515482
461	G	0.456	0.270428
462	C	0.414	0.2171525
463	A	0.140	0.1847224
464	C	-0.081	0.1594089
465	A	-0.154	0.1495057
466	T	0.074	0.1498941
467	G	0.175	0.1586338
468	C	0.433	0.1758877
469	C	0.535	0.1726571
470	T	0.503	0.1257516
471	A	-0.507	0.08826547
472	T	-0.268	0.06536442
473	A	-0.246	0.04764378
474	G	0.204	0.033993
475	T	0.449	0.01827828
476	C	0.381	0.01248159
477	T	0.480	-0.01459783
478	C	0.116	-0.05725817
479	A	-0.387	-0.09057908
480	A	-0.259	-0.06425669
481	T	-0.271	-0.0240223
482	T	-0.400	-0.004510244
483	A	-0.400	-0.003467411
484	A	-0.208	-0.008321411
485	T	0.071	-0.009150856
486	T	-0.054	-0.0604268
487	G	-0.232	-0.08301974
488	G	-0.096	-0.07781397
489	G	-0.033	-0.04355263
490	A	0.455	-0.0053818
491	T	0.104	0.01901435
492	G	0.223	0.05827568
493	C	0.361	0.04785152
494	T	0.366	0.06131737
495	G	-0.442	0.07301085
496	A	-0.289	0.1065322
497	G	-0.293	0.1255029
498	G	0.356	0.1219117
499	T	0.415	0.1223581
500	G	0.038	0.1407066
501	G	0.306	0.1230718
502	G	-0.396	0.1029677
503	A	0.313	0.08444182
504	C	0.156	0.08476893
505	T	0.371	0.08925427
506	A	0.245	0.1254153
507	T	-0.098	0.1300477
508	T	0.463	0.1260933
509	C	0.435	0.1402961
510	T	-0.094	0.1352868
511	T	0	0.167089
 512	T	0.033	0.1511857
513	G	-0.436	0.126554
514	A	-0.209	0.1071694
515	G	0.357	0.07922249
516	C	0.440	0.1027992
517	C	0.343	0.08107341
518	C	0.293	0.03256046
519	A	0.216	0.0530056
520	G	0.176	0.05753106
521	G	0.027	0.06218511
522	A	-0.287	0.1083208
523	G	0.022	0.1398912
524	T	-0.257	0.142881
525	T	0.326	0.1335397
526	T	0.072	0.118986
527	G	-0.438	0.1026624
528	A	0.273	0.1111589
529	G	0.081	0.1032591
530	G	0.116	0.1023047
531	C	0.394	0.1376959
532	T	0.359	0.1416169
533	G	0.410	0.1609762
534	C	0.272	0.1248761
535	A	0.082	0.1038069
536	G	0	0.1044027
 537	T	0.368	0.09638063
538	G	0.034	0.1125888
539	T	0.010	0.1298551
540	G	0.349	0.1136461
541	G	0.092	0.09539133
542	T	0.090	0.08871183
543	A	-0.323	0.08339444
544	T	-0.306	0.09781315
545	G	-0.427	0.1027504
546	A	0.129	0.1007468
547	T	0.373	0.1220409
548	C	0.427	0.1334461
549	G	0.102	0.1324349
550	C	0.030	0.1486657
551	A	0.290	0.1507315
552	C	0.176	0.1930206
553	C	0.341	0.2340693
554	A	0.088	0.2765413
555	C	0.332	0.2554843
556	C	0.417	0.2406698
557	A	0.215	0.2401352
558	C	0.331	0.2575032
559	A	0.384	0.2672432
560	C	0.127	0.2653301
561	T	0.437	0.2678405
562	C	0.432	0.2622219
563	C	0.337	0.2342961
564	A	-0.249	0.1906461
565	G	0.106	0.1563663
566	C	0.418	0.1546923
567	C	0.415	0.1614817
568	T	0.205	0.1248184
569	G	0.256	0.1100828
570	G	0.221	0.08841833
571	G	0.240	0.04578361
572	A	-0.413	6.994444e-06
573	G	-0.452	-0.004389506
574	A	-0.199	-0.02145517
575	C	0.185	-0.06443273
576	A	0.453	-0.06788973
577	G	-0.275	-0.08148229
578	A	-0.137	-0.09789626
579	T	0.047	-0.08404865
580	T	-0.335	-0.07275326
581	G	-0.486	-0.02427982
582	A	-0.328	-0.005164261
583	G	-0.200	-0.00738715
584	A	-0.355	-0.04412993
585	C	0.352	-0.09259971
586	C	-0.038	-0.1068318
587	A	-0.039	-0.1145557
588	T	0.470	-0.1222536
589	C	0.443	-0.1212637
590	T	0.458	-0.08195466
591	C	-0.108	-0.06482883
592	T	-0.239	-0.07696233
593	A	-0.475	-0.05228567
594	A	-0.418	-0.07188801
595	A	-0.531	-0.09538789
596	A	-0.276	-0.1085811
597	C	-0.090	-0.1401363
598	A	-0.317	-0.1677555
599	A	0.220	-0.1814749
600	C	-0.020	-0.1631285
601	A	-0.419	-0.1272024
602	A	0.088	-0.07882548
603	C	0	-0.03077698
 604	A	-0.461	0.01215741
605	A	-0.276	0.03704963
606	C	-0.097	0.04498518
607	A	-0.053	0.05908237
608	G	0.211	0.02524498
609	G	0.221	0.02912367
610	C	0.406	0.06292028
611	C	0.394	0.05042741
612	A	0.446	0.04210396
613	G	0.241	0.07248803
614	G	0.171	0.09963558
615	T	0.051	0.1323153
616	G	-0.063	0.1510396
617	C	-0.388	0.1641061
618	A	0.049	0.1456339
619	G	0.189	0.1459625
620	T	-0.136	0.1469455
621	G	-0.149	0.148974
622	G	0.085	0.1462452
623	C	0.211	0.1100817
624	T	0.491	0.08557328
625	C	0.283	0.06379659
626	A	0.446	0.06786143
627	T	-0.110	0.07331779
628	G	0.412	0.08655779
629	C	0.412	0.1176506
630	T	0.482	0.1504577
631	T	0.192	0.1573993
632	G	-0.479	0.1714694
633	T	-0.389	0.1534532
634	A	-0.455	0.1149975
635	A	-0.315	0.07366117
636	T	0.147	0.06652811
637	C	0.427	0.02584578
638	C	0.423	0.01537433
639	C	0.440	0.005228167
640	A	0.210	0.008178444
641	G	0.465	0.017693
642	C	0.166	0.05447244
643	A	-0.408	0.0687445
644	A	-0.297	0.1039536
645	T	-0.239	0.1195196
646	T	-0.319	0.1197709
647	T	0.224	0.07781589
648	G	0.300	0.04080472
649	G	0.245	0.02993612
650	G	-0.308	0.01551118
651	A	0.272	0.01092534
652	G	-0.198	0.03605174
653	G	0.318	0.06484141
654	C	0.427	0.08728329
655	C	0.432	0.1184996
656	G	-0.331	0.09124902
657	A	-0.225	0.08308424
658	G	0.014	0.07916957
659	G	0.205	0.09300349
660	C	0.084	0.08112133
661	A	0.043	0.1137656
662	G	0.221	0.1184109
663	G	0.164	0.1085464
664	T	0.242	0.09763883
665	G	-0.266	0.1076601
666	G	0.153	0.1041835
667	A	0.175	0.08688587
668	T	-0.059	0.05221887
669	C	0.058	0.07381671
670	A	0.389	0.09588476
671	C	0.402	0.06346514
672	C	0.250	0.03431587
673	T	0.235	-0.003003356
674	G	-0.151	0.0005231444
675	A	-0.288	-0.02398324
676	G	-0.296	-0.0200743
677	A	-0.418	-0.008722883
678	T	0.473	-0.03602756
679	C	0.440	-0.06567633
680	A	-0.362	-0.1056825
681	G	-0.360	-0.1271189
682	A	-0.429	-0.1199008
683	A	-0.203	-0.08604011
684	G	-0.288	-0.06467798
685	T	0.245	-0.06725164
686	T	0.145	-0.03897079
687	T	-0.432	-0.04770096
688	G	-0.144	-0.04781907
689	A	-0.317	-0.004201122
690	G	-0.135	0.03742982
691	A	0.365	0.08472021
692	C	0.458	0.1078208
693	C	0.096	0.1257478
694	T	-0.343	0.08286393
695	A	0.090	0.06712066
696	C	0.315	0.1157948
697	C	0.438	0.1483879
698	T	0.422	0.188486
699	G	0.389	0.2179897
700	G	0.421	0.2188624
701	G	0.212	0.1982866
702	C	0.034	0.1991495
703	A	-0.526	0.1944703
704	A	-0.138	0.163429
705	C	0.443	0.1337443
706	C	0.442	0.1063641
707	T	0.403	0.09930116
708	G	0.395	0.1007439
709	G	0.381	0.09723927
710	T	0.087	0.07510371
711	G	0.111	0.09847299
712	A	-0.427	0.1517138
713	A	-0.468	0.1863689
714	A	-0.218	0.1911836
715	T	-0.054	0.1901703
716	C	0.295	0.1500064
717	C	0.415	0.1557832
718	T	0.358	0.1116871
719	G	-0.185	0.08907131
720	T	0.455	0.05509931
721	C	0.431	0.05512464
722	T	0.485	0.05426548
723	C	0.530	0.04344981
724	T	0.423	0.02877522
725	A	-0.319	0.007053733
726	C	0.499	0.005446956
727	T	-0.412	-0.03885166
728	A	-0.319	-0.05503743
729	A	-0.499	-0.1055427
730	A	-0.427	-0.1518205
731	A	-0.483	-0.2046745
732	A	-0.413	-0.2450761
733	T	-0.318	-0.2640613
734	A	-0.095	-0.2644329
735	C	0.386	-0.2876237
736	A	-0.438	-0.2706481
737	A	-0.477	-0.245762
738	A	-0.453	-0.2047639
739	A	-0.401	-0.181844
740	A	-0.465	-0.1438464
741	A	-0.196	-0.1290974
742	T	0.082	-0.1001682
743	T	-0.325	-0.1059947
744	A	0.081	-0.1112758
745	G	-0.106	-0.06732301
746	C	0.128	-0.03312457
747	A	0.238	-0.01348357
748	G	-0.014	0.02955621
749	G	0.200	0.07834782
750	G	-0.147	0.1012072
751	C	0.202	0.1162751
752	A	-0.200	0.1357843
753	T	0.291	0.1284277
754	G	0.352	0.1534777
755	G	0.138	0.1611651
756	T	-0.100	0.1728669
757	G	0.373	0.1844244
758	G	0.412	0.2009549
759	C	0.214	0.207778
760	A	0.353	0.2129285
761	C	0.025	0.1990341
762	G	-0.050	0.1656991
763	C	0.344	0.1533646
764	A	0.267	0.1577396
765	C	0.449	0.1856133
766	C	0.193	0.1895962
767	T	0.497	0.1714315
768	G	-0.024	0.1838451
769	T	0.295	0.1753606
770	A	-0.450	0.1973036
771	A	-0.308	0.1801321
772	T	0.130	0.1496723
773	C	0.217	0.1586696
774	C	0.401	0.1571891
775	C	0.445	0.1514512
776	A	0.085	0.1428131
777	G	0.437	0.147115
778	C	0.200	0.148723
779	T	0.420	0.165155
780	A	-0.359	0.2026614
781	C	-0.204	0.2143001
782	T	0.428	0.2047966
783	C	0.422	0.1763268
784	G	0.090	0.1413803
785	G	0.342	0.1337225
786	G	0.052	0.1240007
787	A	0.324	0.131575
788	G	-0.154	0.1347647
789	G	0.366	0.1478355
790	C	0.340	0.1317393
791	C	0.046	0.106655
792	A	-0.110	0.1027501
793	A	-0.183	0.1146273
794	G	-0.052	0.1068013
795	G	0.262	0.08629903
796	C	0.336	0.05515897
797	A	0.477	0.07013075
798	G	-0.124	0.07287464
799	A	-0.493	0.07703953
800	A	-0.022	0.0842248
801	G	0.352	0.07295119
802	C	0.304	0.08508806
803	A	0.201	0.06639902
804	T	-0.316	0.07547279
805	T	-0.236	0.03527046
806	G	0.114	0.02578857
807	C	0.415	0.02772867
808	T	0.415	0.06091306
809	T	0.175	0.05340241
810	G	-0.313	0.04130863
811	T	0.034	0.04627263
812	A	-0.388	0.05380163
813	C	0.426	0.08566774
814	A	-0.386	0.1202371
815	C	0.307	0.1036384
816	A	-0.089	0.09211158
817	G	0.103	0.07948463
818	G	-0.157	0.07992702
819	A	0.134	0.1056694
820	G	0.393	0.09693004
821	G	0.337	0.1394062
822	C	0.257	0.1236309
823	G	0.385	0.1460324
824	G	-0.183	0.1530978
825	A	0.208	0.1549101
826	G	0.187	0.129419
827	G	0.183	0.1117435
828	T	0.149	0.1258971
829	T	-0.122	0.1183018
830	G	0.375	0.1012428
831	C	0.142	0.07575072
832	A	0.016	0.03038311
833	G	0.434	0.02991833
834	T	-0.056	0.005881106
835	G	-0.355	0.006423383
836	A	-0.475	-0.009781172
837	G	0.389	-0.03451806
838	C	0.256	-0.009278117
839	T	0.029	-0.04620217
840	G	-0.201	-0.02791662
841	A	-0.430	-0.01970913
842	G	-0.192	-0.06510146
843	A	-0.224	-0.05615409
844	T	0.197	-0.05070864
845	C	-0.108	-0.03752453
846	A	-0.295	-0.03678003
847	C	0.331	-0.03219037
848	G	-0.288	-0.01995544
849	C	0.471	0.0144395
850	C	0.164	0.05467844
851	A	-0.382	0.07498556
852	T	0.104	0.068617
853	T	-0.257	0.041985
854	G	-0.238	0.05452478
855	C	0.402	0.09608628
856	C	0.339	0.1018502
857	C	0.250	0.1278682
858	T	0.417	0.08956167
859	C	0.293	0.05824967
860	C	0.173	0.06075606
861	A	-0.339	0.02462983
862	G	-0.281	0.03593013
863	T	0.117	0.03265952
864	C	0.452	-0.01720798
865	T	0.435	-0.06299315
866	G	0.179	-0.08558859
867	A	-0.218	-0.1015276
868	G	-0.399	-0.101395
869	C	-0.337	-0.08670382
870	A	-0.545	-0.07347087
871	A	-0.053	-0.08176176
872	C	-0.297	-0.1178415
873	A	-0.494	-0.1544151
874	A	-0.484	-0.151712
875	G	-0.156	-0.1644137
876	A	0.130	-0.1307075
877	G	0.296	-0.09260013
878	C	0.437	-0.06137568
879	A	-0.100	-0.006432906
880	A	-0.431	0.01877508
881	A	-0.531	0.06240408
882	A	-0.205	0.0668398
883	C	0.484	0.06675136
884	T	-0.049	0.04940424
885	T	0.388	0.01524802
886	T	0.286	-0.02495364
887	G	0.224	-0.0724742
888	T	0.443	-0.08795781
889	C	0.399	-0.08535003
890	T	0.487	-0.07570664
891	C	-0.415	-0.08421248
892	A	-0.486	-0.1359
893	A	-0.468	-0.1559863
894	A	-0.484	-0.1959893
895	A	-0.427	-0.2223169
896	A	-0.417	-0.2580794
897	A	-0.379	-0.3013072
898	T	-0.384	-0.3301214
899	A	-0.358	-0.3828736
900	A	-0.359	-0.3864297
901	A	-0.446	-0.3860222
902	A	-0.410	-0.3840647
903	A	-0.331	-0.3807309
904	A	-0.187	-0.3794722
905	T	-0.419	-0.3828228
906	A	-0.335	-0.3855767
907	T	-0.118	-0.3878322
908	A	-0.461	-0.3968867
909	A	-0.479	-0.4008613
910	A	-0.479	-0.3837819
911	A	-0.433	-0.3785854
912	A	-0.424	-0.3479163
913	A	-0.404	-0.3386446
914	T	-0.477	-0.3386248
915	A	-0.429	-0.307347
916	A	-0.424	-0.3100491
917	A	-0.521	-0.3141673
918	A	-0.430	-0.2993175
919	C	-0.138	-0.2790912
920	A	-0.317	-0.2817786
921	A	0.220	-0.2769909
922	C	-0.020	-0.2729766
923	A	-0.419	-0.2684073
924	A	0.227	-0.2709644
925	C	-0.167	-0.2589769
926	A	-0.535	-0.2113403
927	A	-0.211	-0.1866926
928	C	-0.114	-0.1851525
929	A	-0.481	-0.182981
930	A	-0.338	-0.1879921
931	A	-0.332	-0.1843097
932	A	-0.395	-0.1562696
933	A	-0.475	-0.1876912
934	A	-0.208	-0.2045303
935	T	0.336	-0.1976342
936	G	0.013	-0.2151525
937	A	-0.111	-0.2048724
938	G	-0.278	-0.1655684
939	A	0.130	-0.1287269
940	C	0.045	-0.1242823
941	A	0.085	-0.1241945
942	G	-0.337	-0.1151591
943	A	-0.470	-0.1161723
944	A	-0.411	-0.1369197
945	A	-0.527	-0.1556667
946	A	0.070	-0.1572466
947	C	0.225	-0.1470006
948	T	0.325	-0.1695196
949	G	-0.252	-0.2005485
950	A	-0.394	-0.1900246
951	A	-0.312	-0.1863476
952	A	-0.227	-0.1762458
953	T	-0.037	-0.1771285
954	A	-0.324	-0.1214309
955	T	-0.139	-0.1090307
956	T	-0.093	-0.09445023
957	T	-0.274	-0.1164082
958	T	-0.512	-0.1151581
959	A	0.275	-0.1119996
960	A	-0.271	-0.1059586
961	G	-0.288	-0.118675
962	T	-0.427	-0.1245367
963	T	0.475	-0.09177605
964	T	0.293	-0.06229777
965	C	0.488	-0.03098534
966	A	-0.070	-0.02118384
967	T	-0.230	-0.006821011
968	T	-0.337	-0.04491468
969	A	-0.203	-0.01975873
970	T	-0.456	-0.02390184
971	T	-0.142	0.0007146833
972	G	0.265	-0.002914817
973	C	0.391	0.001198739
974	T	0.469	-0.02120646
975	T	-0.098	-0.03807317
976	G	-0.254	-0.02961087
977	T	-0.410	-0.02143564
978	T	0.181	-0.02049503
979	A	-0.363	-0.02157542
980	G	0.015	-0.02799059
981	T	0.410	-0.06778964
982	T	0.367	-0.112289
983	G	0.084	-0.1662999
984	A	-0.373	-0.1787644
985	T	-0.077	-0.1824006
986	T	-0.190	-0.1501405
987	A	-0.186	-0.1393581
988	A	-0.475	-0.09738214
989	A	-0.258	-0.0760025
990	G	-0.451	-0.0722785
991	T	-0.409	-0.06913572
992	A	-0.502	-0.05638008
993	A	-0.322	-0.01579436
994	T	-0.319	0.004775111
995	T	0.170	0.03825433
996	C	0.375	0.05311839
997	T	0.392	0.07658677
998	G	0.400	0.08279061
999	C	0.477	0.08703488
1000	T	0.423	0.1115368
1001	T	0.314	0.1280674
1002	C	0.356	0.1653007
1003	C	0.292	0.1671618
1004	A	0.412	0.1357628
1005	C	0.080	0.08952393
1006	T	-0.053	0.04410654
1007	T	-0.146	0.006410317
1008	T	-0.374	-0.04042107
1009	A	0.031	-0.07432235
1010	T	-0.204	-0.09976935
1011	T	0.347	-0.125189
1012	T	-0.286	-0.1498347
1013	T	-0.395	-0.1561419
1014	T	-0.456	-0.1740477
1015	A	-0.425	-0.1854176
1016	A	-0.278	-0.1927743
1017	A	-0.365	-0.1525164
1018	G	-0.186	-0.1368859
1019	A	-0.143	-0.1204155
1020	C	-0.100	-0.1109198
1021	A	-0.151	-0.09718162
1022	C	0.298	-0.08600357
1023	T	-0.241	-0.06701184
1024	A	-0.257	-0.03258568
1025	A	-0.278	-0.005728178
1026	T	0.349	0.03981204
1027	T	0.312	0.03443043
1028	G	0.091	0.02590104
1029	C	0.518	0.01518504
1030	T	-0.038	0.003259489
1031	A	-0.193	-0.03922162
1032	C	-0.115	-0.04895079
1033	A	0.194	-0.06202084
1034	C	0.205	-0.04392647
1035	T	0.453	-0.04864508
1036	G	-0.283	-0.05238274
1037	A	-0.297	-0.05748038
1038	A	-0.293	-0.1039507
1039	T	-0.365	-0.1165483
1040	A	-0.465	-0.1363401
1041	A	-0.416	-0.1557118
1042	A	-0.493	-0.1584737
1043	A	0.046	-0.1690426
1044	C	0.264	-0.1781299
1045	C	0.245	-0.1573518
1046	T	0	-0.1418509
 1047	T	-0.318	-0.1417783
1048	A	-0.265	-0.13288
1049	A	-0.550	-0.1031072
1050	T	-0.463	-0.0868366
1051	G	0.144	-
1052	G	0.015	-
1053	A	0.290	-
1054	G	0.090	-
1055	T	-0.018	-
1056	T	-0.292	-
1057	T	-0.205	-
1058	C	0.070	-
1059	A	-0.123	-
