1	A	-0.509	-
2	A	-0.199	-
3	A	-0.386	-
4	G	-0.016	-
5	A	-0.468	-
6	G	-0.273	-
7	A	-0.202	-
8	C	0.511	-
9	T	0.428	-
10	T	0.013	-
11	T	-0.353	0.0250868
12	G	0.351	0.05828242
13	G	0.209	0.0873219
14	G	0.159	0.1198627
15	T	0.450	0.1288977
16	A	-0.010	0.1695726
17	G	-0.180	0.1858697
18	G	-0.139	0.1911011
19	C	0.382	0.1742419
20	T	0.444	0.170648
21	G	0.316	0.1753292
22	G	0.187	0.1992328
23	C	0.410	0.1899466
24	T	0.296	0.1718651
25	A	0.173	0.1684862
26	C	0.385	0.1377944
27	A	0.068	0.1320348
28	G	-0.092	0.1432335
29	G	0.157	0.1630105
30	C	0.353	0.1492096
31	C	0.111	0.1206084
32	A	0.148	0.1232499
33	G	0.156	0.1080504
34	G	-0.170	0.07489103
35	T	0.088	0.08513741
36	T	-0.193	0.05717722
37	G	-0.131	0.02666189
38	T	0.054	0.04590422
39	G	0.276	0.065629
40	G	0.093	0.06914715
41	G	-0.155	0.07687829
42	T	0.371	0.06399948
43	A	-0.131	0.05162734
44	G	-0.286	0.02122281
45	T	0.511	0.01970215
46	G	-0.413	0.003889762
47	A	-0.254	0.02591638
48	T	0.472	0.04949876
49	C	0.321	0.06257796
50	T	0.230	0.05808587
51	C	0.515	0.06133981
52	A	-0.159	0.07807933
53	T	-0.111	0.0752801
54	T	-0.481	0.07648686
55	G	-0.202	0.09853562
56	T	-0.243	0.086784
57	G	0.268	0.1253233
58	G	0.363	0.1475572
59	G	0.329	0.1115105
60	G	0.181	0.09232787
61	G	0.161	0.08001145
62	C	0.195	0.06619216
63	T	0.312	0.07376764
64	G	-0.106	0.08690607
65	C	0.177	0.1253597
66	G	0.264	0.1530786
67	C	0.395	0.1531451
68	T	0.211	0.1241681
69	G	-0.284	0.08810573
70	G	-0.081	0.08151669
71	T	-0.027	0.07526543
72	T	0.225	0.06432683
73	T	0	0.05908977
 74	G	0.164	0.04894574
75	C	0.325	0.05200332
76	A	0.379	0.06291075
77	T	-0.241	0.05452184
78	T	-0.339	0.0430747
79	T	-0.393	0.05180379
80	T	0.190	0.07861198
81	T	0.050	0.1023083
82	C	-0.068	0.1216578
83	A	0.085	0.1039826
84	G	0.099	0.09633982
85	G	-0.042	0.1098158
86	A	0.406	0.1082269
87	G	0.088	0.09150706
88	G	0.155	0.1224259
89	C	0.395	0.1579985
90	T	0.278	0.1954339
91	C	0.416	0.1959357
92	T	0.378	0.1995918
93	T	-0.145	0.2126112
94	G	-0.160	0.218782
95	T	0.447	0.2370794
96	G	0.292	0.2512247
97	T	0.028	0.2081128
98	C	0.407	0.184729
99	C	0.407	0.154428
100	T	0.392	0.1212474
101	C	0.201	0.129469
102	T	0.127	0.1230252
103	G	0.205	0.1252096
104	G	0.215	0.1524941
105	C	0.484	0.1682597
106	A	0.254	0.13752
107	A	-0.499	0.1145661
108	G	-0.402	0.09425186
109	A	-0.480	0.07725149
110	A	-0.301	0.06988035
111	T	0.451	0.05119616
112	C	0.281	0.04224088
113	C	0.424	0.05479731
114	C	0.427	0.06336798
115	T	0.170	0.06090174
116	G	-0.198	0.04270412
117	A	-0.189	0.01984602
118	A	-0.397	0.01953898
119	C	0.050	0.0416424
120	A	0.252	0.0650589
121	T	0	0.09107567
 122	G	0.013	0.08570138
123	G	0.391	0.0933169
124	C	0.385	0.08980305
125	T	0.163	0.05725462
126	T	0.102	0.04544751
127	G	-0.225	0.0541276
128	G	-0.505	0.04571932
129	A	0.061	0.08081922
130	C	0.010	0.07056797
131	T	0.244	0.07722692
132	C	0.338	0.09250559
133	C	0.441	0.110752
134	A	0.350	0.1113832
135	G	-0.256	0.1134456
136	T	-0.077	0.0925443
137	G	-0.016	0.0896087
138	T	-0.366	0.07505318
139	G	0.339	0.07637366
140	G	-0.164	0.08303094
141	G	0.392	0.1020369
142	C	0.320	0.1007088
143	C	0.396	0.0987134
144	C	0.404	0.08837201
145	T	0.428	0.09218144
146	C	-0.275	0.1179542
147	T	0.040	0.1043048
148	A	-0.530	0.0930567
149	G	-0.477	0.1249167
150	T	0.201	0.1208579
151	G	0.410	0.1426975
152	C	0.216	0.1348686
153	T	0.296	0.1323132
154	C	0.223	0.125148
155	C	0.430	0.115456
156	C	0.284	0.1168661
157	A	-0.364	0.1289098
158	G	-0.252	0.1334985
159	G	0.302	0.1399392
160	T	0.253	0.152563
161	G	0.293	0.1274519
162	A	0.227	0.09452794
163	G	0.267	0.0998717
164	G	0.246	0.1076602
165	C	0.200	0.1076273
166	T	0.458	0.0900295
167	T	-0.022	0.0731252
168	G	0.136	0.07570711
169	A	-0.395	0.07887878
170	T	-0.212	0.08550082
171	T	-0.325	0.07595034
172	T	-0.281	0.06343618
173	C	0.329	0.05633832
174	C	0.459	0.04766455
175	C	0.223	0.0202147
176	T	0.061	0.00259879
177	T	-0.070	-0.02680007
178	T	-0.309	-0.03397087
179	G	-0.185	-0.04657887
180	C	0.441	-0.04030182
181	T	0.053	-0.03314966
182	T	0.031	-0.03158771
183	T	0.078	-0.006382948
184	C	0.085	-0.005938043
185	A	-0.330	-0.01860519
186	T	-0.169	-0.02828977
187	G	-0.159	-0.05422347
188	T	-0.173	-0.07651484
189	G	-0.128	-0.06315056
190	A	-0.263	-0.0533947
191	A	-0.062	-0.06882822
192	G	-0.292	-0.05117998
193	T	0.247	-0.04261552
194	T	0.338	-0.02545229
195	C	0.193	-0.009794995
196	T	0.019	0.0229251
197	T	-0.483	0.0398021
198	A	-0.538	0.06756381
199	G	-0.029	0.0638301
200	T	0.019	0.05448286
201	G	0.117	0.05283539
202	C	0.423	0.04496656
203	G	0.210	0.05712682
204	C	0.439	0.02634406
205	C	0.413	0.03004182
206	T	0.356	0.04149763
207	C	0.185	0.05847902
208	C	0.423	0.1021288
209	A	-0.251	0.1475374
210	C	-0.324	0.1553339
211	A	-0.298	0.1501089
212	A	-0.227	0.1566524
213	C	-0.037	0.1540226
214	A	-0.398	0.1558937
215	C	0.416	0.1556126
216	T	0.434	0.1451357
217	C	0.376	0.1527619
218	C	0.433	0.1330292
219	T	0.415	0.09158045
220	G	0.134	0.08884898
221	G	-0.090	0.07816179
222	A	0.255	0.08752902
223	C	0.368	0.1093995
224	A	0.250	0.1285673
225	C	0.433	0.1690332
226	C	0.193	0.15735
227	T	0.516	0.1236326
228	T	-0.229	0.09389943
229	T	-0.446	0.05471377
230	T	-0.308	0.02674729
231	T	-0.548	0.004667576
232	A	-0.101	-0.006878333
233	G	0.231	-0.0009214762
234	G	0.365	0.00194319
235	C	0.451	0.01075657
236	T	0.170	0.005597667
237	T	-0.273	0.01659529
238	G	-0.247	0.01336005
239	C	-0.389	0.005117714
240	A	-0.172	0.02393709
241	A	-0.329	0.0334579
242	T	-0.333	0.06796733
243	C	0.380	0.06682414
244	C	0.428	0.0596995
245	C	0.435	0.05869503
246	C	0.324	0.0521566
247	C	0.424	0.0525165
248	C	0.448	0.08693646
249	A	-0.402	0.09395489
250	G	-0.051	0.1161718
251	A	-0.109	0.112127
252	T	0.175	0.1335678
253	G	-0.125	0.1523559
254	G	0.081	0.1366392
255	A	0.344	0.1224241
256	C	0.313	0.1209342
257	A	0.178	0.1272954
258	C	0.449	0.1244416
259	T	-0.100	0.1234339
260	G	0.076	0.1402871
261	A	-0.257	0.1256806
262	G	0.121	0.1308734
263	A	0.061	0.1371013
264	C	0.050	0.163076
265	A	0.130	0.1811197
266	C	0.403	0.1539188
267	T	0.458	0.1494157
268	C	0.364	0.1425841
269	T	0.427	0.1057327
270	C	-0.048	0.1055326
271	A	-0.358	0.1103568
272	A	0	0.1433308
 273	C	0.306	0.1555903
274	C	0.419	0.1736402
275	T	0.460	0.1917471
276	C	-0.227	0.2041042
277	A	0.219	0.1775623
278	C	0.034	0.1526052
279	A	-0.324	0.1280383
280	T	-0.104	0.09408701
281	G	0.178	0.07621558
282	C	0.435	0.06985972
283	C	0.378	0.05473572
284	C	0.440	0.04413076
285	C	0.430	0.042654
286	T	0.389	0.03848076
287	G	-0.153	0.05309167
288	T	-0.065	0.01986052
289	G	-0.151	0.006255648
290	A	-0.285	0.02464229
291	G	-0.423	0.02614565
292	A	-0.491	0.03880865
293	A	-0.317	0.03830184
294	T	0.084	0.03887594
295	C	0.388	0.01357651
296	C	0.373	0.005738848
297	A	0.079	-0.009424776
298	G	-0.478	-0.01160159
299	A	-0.250	-0.01586953
300	T	0.061	-0.01758005
301	C	-0.073	-0.01100981
302	C	0.444	0.02038076
303	A	0.424	0.06456295
304	G	0.390	0.1001794
305	G	-0.090	0.1145885
306	T	0.265	0.09911827
307	G	0.071	0.09378365
308	T	-0.199	0.09757013
309	G	-0.155	0.1381013
310	A	-0.186	0.1592515
311	G	-0.147	0.167293
312	T	0.235	0.1742028
313	C	0.436	0.1636708
314	C	0.430	0.1623262
315	T	0.386	0.1651339
316	C	0.063	0.1779355
317	T	0.260	0.1709588
318	G	0.159	0.1746762
319	C	0.372	0.1901604
320	T	0.193	0.2061501
321	G	0.230	0.2111624
322	T	0.071	0.2283737
323	G	0.222	0.214848
324	C	0.396	0.211993
325	C	0.449	0.2139077
326	T	0.178	0.2187701
327	T	0.119	0.2215788
328	G	0.149	0.187446
329	G	0.126	0.1541564
330	A	0.180	0.1157812
331	C	-0.081	0.1193499
332	T	0.214	0.1223638
333	T	-0.048	0.1411609
334	G	0.376	0.1258407
335	C	0.470	0.1015854
336	C	0.488	0.08801164
337	T	0.122	0.06883679
338	T	-0.455	0.06900945
339	T	-0.539	0.08249393
340	G	-0.433	0.09702898
341	G	0.268	0.07557721
342	G	0.293	0.0898444
343	G	0.466	0.08563059
344	T	-0.098	0.09036917
345	G	-0.112	0.05714964
346	T	0.164	0.02007907
347	T	-0.224	-0.01758631
348	T	0.122	-0.009317786
349	C	0.432	0.03385774
350	C	0.431	0.08167812
351	T	-0.269	0.09713412
352	G	0.217	0.07171621
353	C	0.125	0.05165726
354	T	0.051	0.04243126
355	T	-0.321	0.05851215
356	T	-0.307	0.06813178
357	T	-0.302	0.08123159
358	C	0.296	0.1071725
359	C	0.450	0.1080088
360	C	0.464	0.08361063
361	A	-0.108	0.05572006
362	G	-0.265	0.08696858
363	A	-0.127	0.0879892
364	C	0.272	0.06488082
365	A	0.238	0.043628
366	G	0.089	0.03768543
367	C	0.439	0.02763605
368	C	0.320	0.05396758
369	A	0.140	0.020955
370	T	-0.079	0.00570091
371	A	-0.154	-0.0096619
372	C	0.386	0.00357829
373	T	0.239	0.02812291
374	G	-0.359	0.04669248
375	A	-0.395	0.04709872
376	G	-0.446	0.054091
377	A	-0.518	0.05328545
378	A	0.250	0.02575473
379	G	-0.396	0.01680626
380	G	0.130	-0.007945743
381	A	0.141	-0.02263592
382	G	0.169	-0.03481516
383	C	0.249	-0.07235164
384	A	0.262	-0.09075802
385	G	0.281	-0.0684283
386	C	0.385	-0.04204569
387	A	0.072	-0.002216829
388	G	-0.138	0.0063676
389	G	0.132	-0.02412959
390	A	-0.379	-0.01387416
391	A	-0.388	-0.03895169
392	T	-0.410	-0.04327166
393	A	-0.402	-0.07101323
394	T	-0.147	-0.08055163
395	A	0.109	-0.1158869
396	C	0.158	-0.1072617
397	T	0.390	-0.1035044
398	G	-0.338	-0.08612966
399	A	-0.389	-0.09124423
400	T	-0.181	-0.1144733
401	A	-0.396	-0.1043717
402	A	0.050	-0.1013799
403	A	-0.413	-0.08575327
404	T	0.049	-0.08133427
405	A	-0.479	-0.09667651
406	C	0.462	-0.1247991
407	T	0.464	-0.1530681
408	C	0.437	-0.183101
409	A	-0.245	-0.1775325
410	A	-0.355	-0.1452642
411	C	-0.167	-0.1254242
412	A	-0.325	-0.1114187
413	T	-0.081	-0.1252434
414	A	-0.309	-0.1090054
415	T	-0.469	-0.1102057
416	A	-0.481	-0.09481746
417	A	-0.434	-0.1109945
418	A	-0.240	-0.1516226
419	G	-0.221	-0.1785119
420	T	0.287	-0.1572313
421	T	0.235	-0.1216541
422	G	-0.101	-0.1292252
423	G	-0.239	-0.09566341
424	T	-0.072	-0.1098875
425	G	0.024	-0.1021548
426	A	-0.156	-0.09059318
427	G	0.122	-0.05935228
428	T	-0.388	-0.04457647
429	T	-0.127	-0.01640804
430	G	0.201	0.01664306
431	C	0.391	0.02507753
432	A	-0.326	0.03632825
433	A	0.379	0.02582034
434	T	-0.380	0.04361115
435	T	-0.146	0.04704482
436	A	-0.226	0.02234929
437	T	0.174	0.01884652
438	G	-0.124	0.002451905
439	T	0.350	0.02659414
440	C	0.472	0.04467748
441	T	0.465	0.05659719
442	G	0.471	0.051065
443	T	-0.322	0.06208222
444	G	0.134	0.02523003
445	A	0	0.02230603
 446	T	-0.494	0.005587362
447	A	-0.230	0.007334505
448	T	-0.221	0.0241265
449	T	0.118	0.05091546
450	T	0.252	0.04277579
451	C	0.451	0.03366436
452	C	0.275	0.02222665
453	A	-0.094	0.01376693
454	A	-0.394	0.02963895
455	T	-0.442	0.007477619
456	A	-0.497	-0.01688833
457	A	-0.189	-0.01173829
458	C	0.527	-0.02314629
459	C	0.438	-0.0269681
460	A	0.180	-0.0244271
461	T	0.280	-0.03945424
462	G	0.224	-0.07612205
463	G	0.293	-0.104837
464	T	0.010	-0.09738596
465	G	-0.331	-0.06788
466	A	-0.511	-0.04858588
467	A	-0.386	-0.003019352
468	A	-0.469	0.0203287
469	G	-0.301	0.01901331
470	G	0.171	0.02121212
471	A	-0.063	0.0365025
472	A	-0.318	0.04492012
473	G	-0.327	0.0397335
474	A	0.061	0.008061695
475	C	0.225	-0.01365685
476	A	-0.036	-0.0175077
477	C	0.458	-0.006596752
478	T	0.300	-0.009541181
479	G	0.499	0.005198343
480	T	0.484	0.02385137
481	A	0.501	0.01977512
482	T	0.457	0.01661822
483	T	0.115	0.008909176
484	T	-0.371	0.01887841
485	T	-0.445	0.0005121952
486	A	-0.412	-0.03188914
487	A	-0.282	-0.04847512
488	A	-0.447	-0.09042631
489	T	-0.160	-0.08437508
490	G	0.090	-0.1063639
491	T	0.086	-0.1294208
492	A	-0.129	-0.173504
493	G	-0.480	-0.1938588
494	A	-0.118	-0.2251075
495	C	-0.324	-0.2136727
496	A	-0.455	-0.1715897
497	A	-0.385	-0.1310647
498	A	-0.422	-0.1103214
499	C	0.427	-0.0742027
500	T	0.038	-0.06502556
501	G	0	-0.0598133
 502	A	-0.424	-0.04817367
503	T	0.030	-0.02558224
504	T	-0.540	0.01011519
505	T	-0.131	0.0283628
506	C	0.438	0.0467107
507	T	0.438	0.05363446
508	C	0.153	0.05005875
509	T	0.310	0.04786856
510	G	0.032	0.007263462
511	G	0.199	-0.0194426
512	A	0.330	-0.01251903
513	G	0.344	0.02639588
514	T	0.269	0.02831309
515	C	0.264	0.04020537
516	G	0.061	0.02398709
517	G	-0.309	-0.02148053
518	A	-0.460	-0.05044268
519	A	-0.468	-0.08378182
520	A	-0.425	-0.1174175
521	A	-0.522	-0.1081504
522	A	0.145	-0.1185015
523	C	0.392	-0.1265883
524	T	0.070	-0.1439656
525	G	-0.290	-0.1409844
526	A	-0.471	-0.1470911
527	A	-0.516	-0.164547
528	A	-0.169	-0.1363776
529	G	-0.547	-0.1095346
530	A	-0.395	-0.1027481
531	C	0.227	-0.1084009
532	T	-0.017	-0.1003894
533	T	0.160	-0.09234369
534	C	-0.020	-0.09898088
535	T	0.331	-0.0802415
536	T	0.136	-0.04631188
537	G	-0.305	-0.02384678
538	G	0.281	0.0102515
539	A	0.103	0.005212314
540	T	-0.325	0.03969074
541	A	-0.543	0.05629464
542	A	-0.354	0.0491252
543	C	0.314	0.0576361
544	A	0.253	0.05813072
545	T	0.464	0.08158032
546	C	0.421	0.08691456
547	A	0	0.09360122
 548	T	0.199	0.09479956
549	T	-0.275	0.05616175
550	T	0.176	0.04732812
551	T	-0.047	0.0501856
552	T	0.076	0.05906198
553	G	0.160	0.06300364
554	C	0.171	0.02539264
555	T	0.472	0.001609119
556	C	0.443	-0.02759169
557	A	0.277	-0.06501955
558	C	-0.280	-0.07543336
559	A	-0.529	-0.06630569
560	A	-0.082	-0.06002221
561	C	-0.265	-0.05282174
562	A	-0.357	-0.07228021
563	T	-0.271	-0.08236196
564	A	-0.475	-0.1093338
565	A	-0.246	-0.1380725
566	T	-0.149	-0.1650693
567	G	-0.364	-0.2065489
568	A	-0.218	-0.245275
569	C	0.391	-0.2460416
570	A	-0.143	-0.2212997
571	T	0.328	-0.2335968
572	A	-0.455	-0.2313466
573	T	-0.135	-0.2261083
574	A	-0.405	-0.2212249
575	G	-0.432	-0.2007032
576	T	-0.094	-0.1678665
577	A	-0.427	-0.1376636
578	A	-0.536	-0.1129405
579	A	-0.296	-0.08664013
580	C	-0.010	-0.1071239
581	A	-0.340	-0.1194242
582	A	-0.218	-0.1419465
583	A	-0.247	-0.1428261
584	C	-0.169	-0.148456
585	T	-0.044	-0.1375982
586	T	0.443	-0.106938
587	C	0.485	-0.08178878
588	C	0.155	-0.04068068
589	A	0.333	-0.01244571
590	T	-0.038	0.007552624
591	G	-0.401	0.0106425
592	A	-0.144	0.04810917
593	A	-0.474	0.06349007
594	T	-0.253	0.06766826
595	A	-0.177	0.0568126
596	G	0.211	0.03998371
597	C	0.433	0.002985667
598	C	0.435	-0.03945105
599	C	0.056	-0.03142252
600	T	0.123	-0.04101481
601	A	0.054	-0.01893408
602	C	0.446	0.01354559
603	A	0.104	0.04168178
604	T	-0.159	0.0863883
605	T	-0.397	0.1140255
606	A	-0.397	0.1095157
607	A	-0.333	0.09007511
608	T	-0.406	0.06323245
609	T	0.323	0.05788207
610	G	0.132	0.053904
611	T	0.424	0.06845343
612	G	0.280	0.09045614
613	G	0.446	0.0649433
614	C	0.464	0.03746088
615	A	0.326	0.02260845
616	T	-0.272	0.02236059
617	A	-0.196	0.01819464
618	T	-0.130	0.02160083
619	T	0.323	0.02171864
620	G	-0.026	-0.008549505
621	C	0.429	-0.008120743
622	C	0.516	-0.01166536
623	T	-0.089	-0.007902362
624	T	-0.472	-0.009617124
625	A	-0.471	-0.01373965
626	A	-0.402	-0.02067727
627	A	-0.485	0.01668588
628	A	-0.262	0.03047964
629	T	-0.403	0.03954542
630	G	-0.311	0.02147985
631	T	0.141	0.04228742
632	T	0.350	0.02512272
633	T	0.359	-0.01873032
634	C	0.410	-0.03444896
635	T	0.378	-0.03141396
636	C	0.181	-0.01500191
637	A	0.512	-0.005828914
638	G	0.092	0.01092575
639	T	0.060	0.03680999
640	C	-0.055	0.03770499
641	A	0.410	0.05928918
642	G	0.068	0.04279604
643	A	-0.404	0.03464023
644	G	-0.419	0.03608656
645	T	-0.408	0.0340837
646	A	-0.127	0.01443494
647	G	-0.209	0.002090157
648	A	-0.133	-0.03925184
649	G	0.281	-0.04475949
650	G	-0.384	-0.03041284
651	A	0.141	-0.01384599
652	G	-0.205	-0.0111846
653	T	0.179	0.006264381
654	T	0.390	0.046896
655	C	0.368	0.08404329
656	A	-0.034	0.1104933
657	G	-0.077	0.09384238
658	G	-0.355	0.08357619
659	A	-0.022	0.06643505
660	C	0.361	0.0361741
661	C	0.292	0.04484
662	T	0.466	0.02111557
663	G	0.435	0.02580786
664	G	0.449	0.03928819
665	T	0.360	0.04634271
666	T	0.146	0.01504943
667	T	-0.476	-0.005206952
668	A	-0.425	-0.02072688
669	A	-0.493	-0.02247193
670	A	-0.353	-0.00802519
671	T	-0.202	-0.01232495
672	A	-0.356	-0.006747667
673	G	-0.106	-0.002826857
674	T	0.462	-0.03366938
675	C	0.538	-0.06138271
676	A	-0.289	-0.07140781
677	A	-0.459	-0.07145376
678	T	-0.403	-0.02797976
679	T	-0.392	0.001136714
680	A	0.280	0.03122433
681	T	0.271	0.05455076
682	C	0.409	0.07807576
683	T	0.548	0.07422986
684	G	-0.212	0.0828626
685	A	-0.132	0.07778041
686	T	0.150	0.0710406
687	G	0.145	0.1007121
688	G	0.436	0.10287
689	C	0.186	0.1336359
690	A	0.138	0.1407451
691	T	0.135	0.1284524
692	C	0.291	0.09230762
693	A	-0.437	0.07552551
694	A	0.074	0.03539046
695	C	0.355	0.02998041
696	C	0.396	0.01561141
697	T	0.333	0.02729137
698	T	-0.414	0.04027089
699	T	0.242	0.03961237
700	G	-0.243	0.05517741
701	T	0.022	0.0517263
702	T	-0.487	0.05544115
703	T	0.056	0.06181496
704	T	-0.294	0.07443853
705	G	-0.326	0.06462084
706	A	-0.434	0.03243617
707	T	0.395	0.01354617
708	C	0.418	-0.00609929
709	C	0.422	0.0136409
710	A	0.513	-0.01339505
711	G	0.065	-0.02552681
712	T	0.213	-0.03361017
713	C	0.425	0.005134067
714	A	-0.172	0.007660467
715	G	-0.131	0.04426918
716	T	-0.320	0.07557013
717	T	0	0.07811894
 718	G	-0.078	0.03804337
719	G	0	0.0389637
 720	A	-0.325	0.03940604
721	A	-0.497	0.0367777
722	A	-0.147	0.0500234
723	C	0.325	0.03053287
724	A	0.109	0.02075182
725	C	0.474	0.04289111
726	T	0.331	0.06820511
727	A	-0.381	0.07352387
728	T	-0.446	0.06896929
729	T	0.437	0.09566275
730	T	0.431	0.08247466
731	C	0.457	0.1073378
732	T	0.343	0.1310478
733	G	-0.195	0.1444752
734	T	0.219	0.1217873
735	A	0.292	0.1056149
736	G	0.400	0.0944578
737	G	-0.208	0.08774518
738	A	-0.095	0.1250948
739	T	0.481	0.1463412
740	C	-0.276	0.1435708
741	T	0.196	0.1304594
742	A	0	0.1165525
 743	T	0.134	0.1174597
744	G	-0.150	0.1441918
745	A	-0.229	0.1546748
746	T	0.240	0.1482395
747	G	0.190	0.1168322
748	G	0.403	0.1042448
749	G	0	0.1087994
 750	A	0.379	0.09028564
751	C	0.156	0.1084275
752	A	0.165	0.1107353
753	C	0.363	0.1329873
754	T	0.365	0.1280489
755	T	0.439	0.1182359
756	C	0.157	0.1142001
757	A	-0.259	0.1071417
758	G	-0.473	0.0916484
759	A	0	0.0759685
 760	T	0.093	0.07674984
761	C	0.104	0.0637787
762	C	0.245	0.07888837
763	C	0.467	0.08248665
764	A	0.031	0.0723087
765	T	-0.356	0.07542741
766	T	-0.314	0.05858357
767	G	0.091	0.04209771
768	A	-0.135	0.05181118
769	G	0.074	0.05991199
770	G	0.016	0.03689789
771	A	0.107	0.0109801
772	C	0.473	-0.01643547
773	T	0.241	-0.04881723
774	G	0.149	-0.0842807
775	T	0.431	-0.08131998
776	A	0.086	-0.05831798
777	G	-0.188	-0.04886193
778	T	-0.055	-0.07191374
779	G	-0.302	-0.08551355
780	A	-0.483	-0.1046917
781	A	-0.451	-0.1197179
782	A	-0.471	-0.1256824
783	A	-0.434	-0.1276255
784	A	-0.277	-0.1190139
785	A	0.093	-0.1195542
786	C	0.126	-0.1286907
787	T	-0.115	-0.132791
788	A	-0.392	-0.1300172
789	A	-0.420	-0.149666
790	T	-0.328	-0.1562535
791	A	-0.299	-0.1513306
792	T	-0.018	-0.1523294
793	C	0.432	-0.1493842
794	C	0.422	-0.144867
795	C	0.137	-0.1556276
796	A	0.239	-0.1374753
797	T	0	-0.138837
 798	G	-0.130	-0.1437334
799	A	-0.468	-0.1414094
800	T	-0.441	-0.1407976
801	A	-0.379	-0.1324748
802	A	-0.472	-0.1225445
803	A	-0.409	-0.1133846
804	A	-0.340	-0.1363422
805	A	-0.503	-0.1472973
806	C	0.474	-0.1410024
807	T	0.097	-0.1482702
808	A	-0.218	-0.1370736
809	G	-0.343	-0.1118126
810	A	-0.407	-0.07288198
811	A	-0.153	-0.03040641
812	A	-0.090	0.00782759
813	C	0.174	0.05161697
814	A	-0.049	0.06001407
815	A	0.192	0.05854307
816	G	0.270	0.07035873
817	C	0.086	0.02397064
818	T	0.235	0.0007705619
819	A	0.399	0.01645799
820	C	0.349	0.03181836
821	C	0.450	0.06073312
822	T	0.422	0.08996779
823	G	0.447	0.1145097
824	T	-0.233	0.1019242
825	G	-0.371	0.08395705
826	A	-0.255	0.07652683
827	A	-0.499	0.06952131
828	A	-0.389	0.06653459
829	G	0.110	0.05622522
830	T	-0.020	0.03104799
831	G	0.199	0.01680941
832	C	0.46	0.01239289
833	T	0.424	-0.02061883
834	T	-0.090	-0.02701645
835	T	-0.426	-0.01696365
836	G	0.036	-0.009928557
837	C	0.123	0.004863671
838	A	0.024	0.04650772
839	A	0.018	0.07145734
840	T	-0.128	0.06618872
841	G	0.050	0.06832264
842	T	0.357	0.07966102
843	G	-0.270	0.0551486
844	T	0.313	0.04033584
845	G	-0.022	0.03936254
846	G	-0.223	0.06720321
847	A	0.055	0.08579485
848	T	0.374	0.08196035
849	T	0.134	0.08464977
850	C	0	0.08016904
 851	A	0.023	0.110065
852	T	0.437	0.1043471
853	C	-0.054	0.06523194
854	T	0.113	0.05499556
855	G	-0.110	0.02092266
856	A	0.158	0.004390529
857	C	0.426	0.003619148
858	A	0.042	0.00406331
859	G	0.080	-0.00335731
860	A	-0.075	-0.00122569
861	G	0.498	0.01678955
862	T	-0.069	0.02594169
863	T	-0.463	0.02439354
864	A	-0.485	0.02600457
865	A	-0.402	0.02733614
866	A	-0.369	0.02701776
867	A	-0.239	0.01895506
868	C	0.064	-0.01873156
869	T	0.218	-0.01844954
870	T	0.179	-0.0288238
871	T	0.378	-0.04812909
872	G	0.216	-0.08116066
873	T	0.404	-0.0609408
874	T	-0.020	-0.02410142
875	T	0.141	0.0185682
876	T	-0.117	0.02240158
877	G	-0.011	0.04933106
878	A	-0.364	0.0644291
879	T	0.048	0.05164432
880	T	-0.137	0.02948332
881	G	-0.480	0.0060388
882	A	-0.194	-0.03261015
883	G	0.354	-0.05689444
884	C	0.310	-0.09308563
885	T	0.410	-0.1120713
886	A	-0.321	-0.1351678
887	G	0.195	-0.1087816
888	T	0.077	-0.0908044
889	T	-0.203	-0.05168401
890	A	-0.246	-0.04231539
891	G	-0.313	-0.05697487
892	A	-0.433	-0.05807182
893	A	-0.293	-0.05275986
894	A	-0.355	-0.0651694
895	T	-0.419	-0.1043237
896	A	-0.343	-0.1070165
897	C	0.436	-0.09279108
898	T	0.366	-0.1099586
899	C	0.456	-0.1271781
900	T	0.245	-0.1225342
901	T	-0.444	-0.08739245
902	T	-0.503	-0.06819386
903	T	-0.083	-0.02572653
904	T	0.094	-0.02369972
905	G	-0.512	-0.02147096
906	T	0.354	-0.007055386
907	A	-0.023	-0.01321534
908	G	-0.164	-0.03603057
909	A	-0.284	-0.05238907
910	A	-0.106	-0.06104735
911	T	0.491	-0.06194435
912	C	0.090	-0.05961597
913	T	0.458	-0.02235392
914	A	-0.251	-0.03056793
915	T	-0.308	-0.04157991
916	G	-0.116	-0.02625172
917	A	-0.472	-0.04074328
918	A	-0.042	-0.0367651
919	G	0.022	-0.04085534
920	G	0.274	-0.0508762
921	G	0.226	-0.06469105
922	A	-0.396	-0.09887748
923	T	0.278	-0.1278506
924	A	-0.255	-0.1329229
925	T	-0.136	-0.1034407
926	T	-0.190	-0.09107606
927	T	0.049	-0.1044372
928	C	0.060	-0.07797626
929	A	-0.250	-0.06758956
930	A	-0.494	-0.08386972
931	A	-0.396	-0.0773563
932	G	-0.226	-0.06916706
933	A	-0.518	-0.0376731
934	C	0.351	-0.02644272
935	C	0.367	-0.03123372
936	A	-0.048	-0.03958263
937	T	-0.397	-0.04590596
938	T	0.082	-0.05406821
939	G	0.175	-0.06691353
940	A	-0.319	-0.06060415
941	G	0.411	-0.05914967
942	G	0.398	-0.06124981
943	C	0.265	-0.0730562
944	C	0.514	-0.07337443
945	T	-0.356	-0.1148981
946	A	-0.312	-0.1471501
947	T	-0.322	-0.1430262
948	A	-0.121	-0.1093573
949	G	-0.209	-0.1075603
950	T	-0.117	-0.1240366
951	G	-0.463	-0.1147427
952	A	-0.440	-0.142711
953	A	-0.474	-0.1597367
954	A	-0.525	-0.1578908
955	A	-0.520	-0.1679355
956	A	-0.309	-0.1298321
957	G	0.037	-0.1032605
958	C	0.309	-0.08214091
959	A	0.120	-0.0698341
960	A	-0.170	-0.06448561
961	C	-0.123	-0.07650799
962	T	-0.175	-0.06218442
963	A	0.040	-0.06335456
964	T	0.304	-0.06285004
965	C	0.303	-0.05702466
966	C	0.443	-0.04845851
967	C	0.245	-0.05769666
968	A	0.120	-0.03691177
969	C	0.137	-0.04700112
970	G	-0.097	-0.06316746
971	A	-0.370	-0.07142346
972	T	-0.163	-0.08494584
973	A	-0.465	-0.08390908
974	A	-0.463	-0.09016565
975	A	-0.402	-0.09634518
976	A	-0.340	-0.1204367
977	A	-0.503	-0.1327296
978	C	0.474	-0.1413164
979	T	0.097	-0.1397387
980	A	-0.218	-0.1331172
981	G	-0.343	-0.1103051
982	A	-0.407	-0.07072501
983	A	-0.153	-0.0399922
984	A	-0.090	-0.009893105
985	C	0.174	-0.0009226762
986	A	-0.202	0.01338356
987	A	0.185	0.006353038
988	G	0.065	0.007354657
989	C	0.153	-0.04143477
990	T	0.276	-0.07119828
991	A	0.382	-0.07589209
992	T	0.460	-0.05953894
993	C	0.482	-0.04722675
994	T	0.167	-0.01897737
995	G	-0.275	0.007880324
996	T	-0.102	0.02060237
997	A	-0.487	0.02724514
998	A	-0.482	0.003623952
999	A	-0.550	0.01476672
1000	A	-0.527	0.0151931
1001	A	-0.317	0.01033891
1002	C	0	-0.01878242
 1003	A	-0.149	-0.05833309
1004	C	0.439	-0.07640432
1005	C	0.473	-0.09389428
1006	T	0.441	-0.05954256
1007	T	-0.062	-0.05573653
1008	G	-0.310	-0.0470462
1009	C	0.299	-0.01642015
1010	G	0.162	0.02629457
1011	A	0.174	0.05726133
1012	T	-0.229	0.07710332
1013	G	-0.369	0.0573978
1014	T	0.102	0.05544894
1015	G	-0.200	0.02696209
1016	T	0.446	-0.008138914
1017	G	-0.022	-0.009616629
1018	G	-0.305	-0.005511143
1019	A	0.160	0.0286921
1020	T	0.346	0.01055849
1021	T	0.122	-0.01324622
1022	C	0.099	-0.007692319
1023	A	-0.413	0.02324516
1024	G	-0.190	0.04495615
1025	T	-0.158	0.04424049
1026	T	-0.263	0.03293834
1027	C	0.410	0.0055502
1028	A	0.023	0.009388395
1029	C	0.407	0.04561278
1030	A	-0.081	0.05888044
1031	G	-0.337	0.06574787
1032	A	0.290	0.04808349
1033	G	0.420	0.02135978
1034	C	0.086	0.03182192
1035	T	0.087	0.0196294
1036	A	-0.437	0.01996716
1037	A	-0.129	0.0238293
1038	A	0.058	0.0009672143
1039	C	0.455	-0.00974871
1040	C	0.439	-0.03616352
1041	T	0.491	-0.01321877
1042	T	-0.247	0.02001166
1043	T	-0.461	0.0128197
1044	T	-0.194	-0.01726158
1045	T	-0.446	-0.002624529
1046	T	-0.151	0.01427833
1047	T	-0.182	0.05864014
1048	T	-0.069	0.06655973
1049	G	-0.201	0.06008324
1050	G	-0.146	0.03033324
1051	T	0.400	0.0001491
1052	T	0.360	-0.03500852
1053	C	0.139	-0.02319919
1054	A	-0.211	-0.02129166
1055	G	0.393	-0.03815547
1056	C	0.442	-0.03424671
1057	C	0.493	-0.005247281
1058	A	0.037	0.002605129
1059	G	-0.077	0.02931089
1060	T	-0.169	0.0597936
1061	T	-0.194	0.08864522
1062	G	-0.247	0.0928136
1063	G	0	0.06488912
 1064	A	-0.421	0.06575431
1065	A	-0.548	0.08284389
1066	A	-0.364	0.05150603
1067	C	0.457	0.0472965
1068	A	-0.017	0.02267173
1069	C	0.491	0.01306176
1070	A	0.438	0.003241924
1071	T	0.459	0.006242924
1072	T	0.488	0.03891164
1073	T	-0.225	0.05497184
1074	T	0.157	0.07680546
1075	T	0.147	0.08492808
1076	G	-0.264	0.0937808
1077	T	0.354	0.09500927
1078	A	-0.023	0.05689384
1079	G	-0.164	0.07803329
1080	A	-0.284	0.03512424
1081	A	-0.106	0.003669624
1082	T	0.491	-0.016758
1083	C	0.090	-0.04947738
1084	T	0.458	-0.03303809
1085	A	-0.251	-0.05613614
1086	T	-0.362	-0.07405619
1087	G	-0.338	-0.059442
1088	A	-0.343	-0.080032
1089	A	0.426	-0.07145899
1090	G	-0.409	-0.06362208
1091	G	-0.222	-0.07027137
1092	A	0.030	-0.08591127
1093	T	-0.199	-0.1273798
1094	T	0.119	-0.1210311
1095	A	-0.327	-0.1230234
1096	T	-0.228	-0.08752105
1097	T	0.042	-0.06908691
1098	T	-0.078	-0.0558335
1099	C	0.156	-0.05088902
1100	A	0	-0.0886045
 1101	G	-0.423	-0.08642831
1102	A	-0.434	-0.06903755
1103	A	-0.379	-0.05970998
1104	T	0.223	-0.03484583
1105	C	0.416	-0.02240621
1106	C	0.494	0.01593855
1107	A	0.024	0.003535881
1108	T	-0.060	-0.02042659
1109	T	-0.239	-0.02434717
1110	G	-0.365	-0.02932664
1111	A	-0.364	-0.0349444
1112	A	0.143	-0.03763874
1113	C	0.226	-0.04017831
1114	T	0.323	-0.04474798
1115	C	0.380	-0.07661979
1116	T	0.478	-0.1203765
1117	A	-0.489	-0.1500597
1118	T	-0.460	-0.1283147
1119	A	-0.160	-0.103401
1120	G	0.052	-0.1032376
1121	T	-0.117	-0.1095658
1122	G	-0.480	-0.1117199
1123	A	-0.488	-0.1335866
1124	A	-0.475	-0.1398881
1125	A	-0.445	-0.1445649
1126	A	-0.502	-0.1421216
1127	A	-0.129	-0.1441592
1128	C	0.481	-0.1026319
1129	C	0.463	-0.07684842
1130	A	-0.235	-0.04468851
1131	A	-0.498	-0.0362148
1132	A	-0.409	-0.04818528
1133	T	-0.316	-0.0349037
1134	A	0.093	-0.02748623
1135	T	0.224	-0.02754966
1136	C	0.431	-0.0263639
1137	C	0.435	-0.01864466
1138	T	0.382	-0.03647175
1139	G	0.080	-0.03680466
1140	G	0.514	-0.06476399
1141	G	0.230	-0.07225813
1142	A	-0.369	-0.06461199
1143	T	-0.201	-0.06856428
1144	A	-0.332	-0.07318556
1145	A	-0.476	-0.0915376
1146	A	-0.421	-0.1167672
1147	A	-0.340	-0.1599674
1148	A	-0.503	-0.2018641
1149	C	0.474	-0.2388799
1150	T	-0.124	-0.2361813
1151	A	-0.393	-0.241918
1152	G	-0.338	-0.2284892
1153	A	-0.492	-0.1890476
1154	A	-0.413	-0.1773973
1155	A	-0.291	-0.1481949
1156	G	-0.304	-0.1216707
1157	A	-0.475	-0.07791855
1158	A	-0.444	-0.06560093
1159	G	-0.394	-0.03280026
1160	A	0.137	-0.06775055
1161	T	0.394	-0.04933012
1162	C	0.512	-0.03194979
1163	T	0.458	-0.01096879
1164	T	0.043	-0.002514505
1165	T	0.280	0.0223025
1166	G	0.080	0.05323026
1167	T	0.497	0.06439146
1168	G	-0.081	0.0910141
1169	A	0.185	0.1099123
1170	T	-0.259	0.1517774
1171	G	0.262	0.1363556
1172	C	-0.028	0.1175714
1173	A	0.102	0.0931774
1174	T	-0.314	0.07073489
1175	G	0.107	0.08682922
1176	G	0.357	0.09203451
1177	A	-0.070	0.1036842
1178	T	0.083	0.1009194
1179	T	-0.047	0.09483296
1180	C	0.484	0.07111877
1181	A	-0.186	0.09959644
1182	T	0	0.0817171
 1183	T	0	0.06306568
 1184	T	-0.012	0.03747897
1185	C	0.381	0.03807654
1186	T	0.390	0.04558978
1187	C	0.325	0.04542292
1188	A	0.439	0.06360996
1189	G	-0.209	0.07082594
1190	A	-0.312	0.06192134
1191	G	0.338	0.03820953
1192	T	-0.112	0.0642103
1193	T	-0.420	0.07208977
1194	A	-0.434	0.06374949
1195	A	-0.302	0.07094843
1196	A	0.265	0.03463843
1197	C	0.354	-0.004530905
1198	C	0.311	-0.03921933
1199	T	0.235	-0.07345862
1200	T	-0.234	-0.05859557
1201	T	-0.013	-0.0437099
1202	G	0.359	-0.04760971
1203	T	0.165	-0.03142343
1204	T	-0.175	0.009672952
1205	T	0.138	0.0530729
1206	T	-0.381	0.08073248
1207	T	-0.432	0.06175462
1208	A	-0.403	0.04139651
1209	T	-0.279	0.00727561
1210	T	0.102	-0.003291157
1211	C	0	0.01201594
 1212	A	0.256	-0.003336962
1213	G	0.227	-0.0396321
1214	C	0.442	-0.05366306
1215	C	0.476	-0.05090072
1216	T	0.278	-0.0664612
1217	G	-0.132	-0.02846091
1218	T	-0.073	0.0002983238
1219	T	-0.405	0.04278409
1220	G	0.013	0.08077932
1221	G	0.086	0.07372818
1222	A	-0.335	0.05875261
1223	A	-0.402	0.02764594
1224	A	-0.129	0.009463419
1225	C	-0.117	-0.03325291
1226	A	-0.187	-0.06249658
1227	T	0.416	-0.08657553
1228	C	0.171	-0.07673692
1229	C	0.488	-0.08519096
1230	T	0.518	-0.06416886
1231	T	-0.045	-0.04090195
1232	T	-0.314	-0.05014048
1233	T	-0.396	-0.01663491
1234	T	-0.154	-0.01380267
1235	A	-0.454	-0.02247205
1236	T	-0.137	-0.03265267
1237	T	-0.227	-0.04214015
1238	G	0.073	-0.08649429
1239	A	-0.250	-0.1117122
1240	A	0.036	-0.1448043
1241	T	0.502	-0.1892149
1242	C	-0.107	-0.19092
1243	T	0.367	-0.166875
1244	A	-0.343	-0.1514949
1245	A	-0.311	-0.1240294
1246	G	-0.330	-0.1219134
1247	A	-0.387	-0.1229432
1248	A	-0.514	-0.1063643
1249	A	-0.357	-0.1294044
1250	G	-0.206	-0.1392281
1251	A	-0.414	-0.157282
1252	A	-0.081	-0.1872469
1253	C	0.190	-0.161432
1254	A	-0.073	-0.1621456
1255	T	0.422	-0.1251519
1256	T	-0.409	-0.1007352
1257	T	-0.159	-0.1006684
1258	C	0.120	-0.1000025
1259	A	-0.410	-0.08348634
1260	A	-0.457	-0.0715011
1261	A	-0.342	-0.06538192
1262	G	-0.127	-0.02860306
1263	C	0.434	-0.0095242
1264	C	0.352	0.003054657
1265	C	0.433	0.0227388
1266	A	0.201	-0.001877043
1267	T	-0.329	0.0144609
1268	T	-0.373	-0.0008662905
1269	G	-0.167	-0.01793429
1270	A	-0.106	0.01060071
1271	T	-0.077	0.01314871
1272	G	0.358	0.03424895
1273	C	0.319	0.02251685
1274	C	0.454	-0.01744105
1275	A	0.339	-0.05617443
1276	G	-0.094	-0.07619197
1277	T	-0.066	-0.0700373
1278	A	-0.481	-0.03279654
1279	G	-0.237	-0.03071949
1280	T	0.189	-0.04506878
1281	G	-0.403	-0.05265363
1282	A	0.100	-0.05539896
1283	A	-0.373	-0.07853301
1284	A	-0.404	-0.09135975
1285	A	-0.460	-0.09217799
1286	A	0.013	-0.09130727
1287	T	0.330	-0.07122504
1288	T	0.452	-0.04534084
1289	G	-0.329	-0.01671218
1290	A	-0.469	-0.0135586
1291	A	-0.265	-0.04430213
1292	T	-0.135	-0.04192789
1293	A	-0.127	-0.06879827
1294	T	0.050	-0.07348456
1295	C	0.437	-0.07057956
1296	C	0.357	-0.06817299
1297	C	0.326	-0.08807993
1298	A	0.477	-0.1260774
1299	C	0.120	-0.1365154
1300	A	-0.171	-0.134566
1301	A	-0.456	-0.1317062
1302	T	-0.353	-0.1376258
1303	A	-0.464	-0.1519992
1304	A	-0.472	-0.1553802
1305	A	-0.343	-0.167695
1306	A	-0.410	-0.1915288
1307	A	-0.404	-0.2049824
1308	A	-0.467	-0.2166585
1309	T	0.233	-0.2577191
1310	T	-0.288	-
1311	G	-0.409	-
1312	A	-0.389	-
1313	A	-0.437	-
1314	A	-0.198	-
1315	C	-0.208	-
1316	A	-0.063	-
1317	A	0.075	-
1318	G	0.081	-
1319	A	-0.385	-
