1	T	-0.419	-
2	G	0.219	-
3	G	0.370	-
4	C	0.429	-
5	T	0.295	-
6	G	0.021	-
7	G	0.163	-
8	T	0.423	-
9	T	-0.299	-
10	G	-0.128	-
11	C	0.474	-
12	T	0.115	-
13	A	-0.165	-
14	C	0.306	-
15	C	0.447	0.1874536
16	T	0.364	0.2085545
17	C	0.313	0.2110174
18	C	0.439	0.2123525
19	G	0.427	0.2103264
20	G	0	0.2132552
 21	G	0.421	0.2203874
22	C	0.465	0.2230635
23	G	-0.249	0.2253927
24	A	-0.308	0.2427697
25	C	0.186	0.2471853
26	C	0.070	0.2276316
27	A	0.363	0.2244346
28	G	0.287	0.2201395
29	G	0.398	0.2136035
30	G	0.192	0.2106702
31	G	0.290	0.1945525
32	C	0.408	0.1904498
33	C	0.370	0.1904781
34	T	0.380	0.1852675
35	G	0.227	0.1996736
36	G	0.241	0.191436
37	G	0.490	0.1828456
38	G	0.204	0.2024033
39	A	0	0.2254204
 40	C	-0.092	0.2290989
41	T	0.022	0.2382793
42	T	-0.289	0.2340411
43	C	0.116	0.2358629
44	G	0.362	0.2316751
45	T	-0.102	0.2389321
46	G	0.194	0.2423109
47	C	0.440	0.2437259
48	C	0.276	0.2417012
49	T	0.417	0.244973
50	G	0.182	0.2465122
51	G	0.216	0.226775
52	G	0.317	0.2168122
53	C	0.359	0.2217439
54	C	0.292	0.2114569
55	A	0.336	0.1964627
56	G	0.240	0.1801782
57	G	0.340	0.1825992
58	G	0.277	0.1770878
59	T	0.403	0.1739238
60	C	0.388	0.1886756
61	T	0.449	0.1922623
62	C	0.311	0.1858598
63	T	0.475	0.1904348
64	T	0.272	0.1781711
65	T	-0.331	0.1691899
66	C	0.201	0.1777086
67	C	0.347	0.1726078
68	T	-0.298	0.1572182
69	T	-0.527	0.1397533
70	T	-0.449	0.1205102
71	C	-0.219	0.11306
72	G	-0.043	0.08830201
73	C	0.271	0.06446877
74	G	0.325	0.04903391
75	G	0.298	0.02696401
76	G	0.254	0.02454126
77	C	0.409	0.01535913
78	A	0.062	-0.00371589
79	C	-0.078	-0.002419993
80	A	0.463	0.01225832
81	G	0.169	0.001069421
82	T	-0.086	-0.01090903
83	G	-0.213	0.01147418
84	A	-0.221	0.03525766
85	G	0.024	0.03452418
86	G	-0.377	0.02558739
87	A	-0.413	0.02440671
88	G	-0.044	0.02752347
89	A	-0.251	0.01245274
90	C	0.379	0.007896469
91	T	0.045	0.00803409
92	G	-0.077	0.01031637
93	C	0.310	0.006942714
94	G	0.094	0.01411762
95	A	-0.122	0.007826379
96	G	0	0.00566369
 97	G	0.350	0.0232125
98	T	0.162	0.0391665
99	G	-0.470	0.05595277
100	A	-0.478	0.05445055
101	G	-0.077	0.06052641
102	G	0.361	0.06848631
103	T	-0.111	0.07617089
104	G	0.166	0.09184665
105	C	0.258	0.09365586
106	G	0.475	0.1069992
107	T	-0.035	0.1072689
108	C	0.129	0.1046603
109	C	0.281	0.1114015
110	G	0.106	0.1295636
111	G	0.422	0.1289723
112	G	0.248	0.11794
113	T	0.265	0.1170173
114	G	-0.019	0.14652
115	G	-0.201	0.1731801
116	A	-0.182	0.1856171
117	T	0.178	0.1812544
118	C	0.203	0.1794674
119	C	0.432	0.1874298
120	C	0.432	0.1967047
121	G	-0.069	0.1892721
122	G	0.234	0.1984849
123	G	0.290	0.206078
124	C	0.403	0.1997828
125	T	-0.017	0.2134765
126	G	0.030	0.1903148
127	C	0.135	0.1716915
128	G	0.384	0.1724002
129	G	0.294	0.1821855
130	C	0.283	0.2040055
131	G	0.234	0.224298
132	A	-0.163	0.2259851
133	C	0.397	0.2286368
134	T	0.527	0.2241832
135	G	0.259	0.2069436
136	T	0.231	0.2172528
137	C	0.350	0.2226908
138	A	0.098	0.2271988
139	C	0.503	0.2234735
140	A	-0.249	0.217354
141	T	-0.291	0.2131911
142	T	0.286	0.2227968
143	C	0.264	0.2252011
144	T	0.431	0.2310089
145	C	0.405	0.2182574
146	C	0.227	0.2101548
147	C	0.279	0.2251139
148	C	0.303	0.2183516
149	G	-0.067	0.2099433
150	G	0.229	0.1973063
151	C	0.392	0.1830243
152	C	0.420	0.1749802
153	A	0.295	0.1759499
154	G	-0.194	0.1715113
155	A	-0.089	0.1987539
156	C	0.414	0.2087943
157	C	0.454	0.1915356
158	G	0.462	0.1675383
159	G	-0.086	0.1623258
160	A	0	0.1616307
 161	G	0.270	0.1617915
162	G	0.201	0.1650863
163	T	0.283	0.1663361
164	G	-0.106	0.1735533
165	G	-0.182	0.1744372
166	A	0.116	0.1583453
167	G	0.126	0.1329561
168	C	0.375	0.1134943
169	A	0.540	0.131936
170	G	0	0.1350351
 171	A	-0.214	0.1029132
172	A	-0.431	0.1014149
173	C	0.280	0.1009458
174	T	0.385	0.1194455
175	G	0.231	0.1046945
176	G	0.375	0.08445356
177	G	0.339	0.06005215
178	G	0.141	0.06552891
179	G	0.254	0.07896367
180	C	-0.074	0.09873963
181	G	-0.315	0.1089867
182	A	-0.268	0.1172924
183	C	0.340	0.09644429
184	G	0	0.07164346
 185	A	-0.517	0.05615167
186	G	0.411	0.05855832
187	C	0.449	0.08010687
188	T	0.450	0.08213836
189	T	-0.427	0.08081556
190	G	-0.316	0.08453704
191	A	-0.506	0.08107273
192	C	0.442	0.08213749
193	T	0.282	0.08426439
194	G	0.390	0.07489468
195	G	0.413	0.08943377
196	G	0.367	0.0951157
197	A	-0.229	0.1016186
198	T	-0.178	0.08063957
199	T	-0.449	0.09475653
200	G	-0.144	0.09711519
201	C	0.193	0.06574629
202	A	0.339	0.05025816
203	G	0.347	0.0393024
204	C	0.339	0.06195212
205	T	0.275	0.08753005
206	G	0.370	0.1077048
207	G	0.203	0.08691221
208	A	-0.016	0.06096483
209	C	0.347	0.03343014
210	G	-0.150	0.0009944897
211	T	-0.079	-0.02351851
212	A	-0.268	-0.01694087
213	T	0.409	-0.0003859
214	T	-0.449	0.02905917
215	T	-0.498	0.04543403
216	A	0	0.05382024
 217	G	0.132	0.05669531
218	G	0.229	0.0567372
219	T	0.424	0.05825
220	T	0.078	0.06004886
221	C	-0.160	0.05136969
222	A	-0.469	0.05881793
223	A	-0.407	0.0742213
224	A	-0.526	0.06564698
225	A	-0.343	0.08433674
226	C	-0.038	0.1038377
227	A	0.301	0.118844
228	T	0.404	0.09487339
229	C	0.330	0.1218712
230	C	0.436	0.1272462
231	T	0.422	0.1417833
232	C	0.348	0.142166
233	C	0.383	0.1355127
234	T	0.327	0.1306239
235	C	0.118	0.1404966
236	C	0.419	0.1479148
237	T	0.429	0.1768604
238	G	0.098	0.1964027
239	G	0.391	0.2285647
240	C	0.485	0.2500096
241	T	0.166	0.2468094
242	T	-0.285	0.2445373
243	T	0.333	0.2346243
244	C	-0.342	0.2384742
245	T	0.421	0.2124419
246	T	0.143	0.1934217
247	C	0.036	0.1691757
248	C	0.283	0.1628401
249	G	0.365	0.1677595
250	C	0.054	0.1702481
251	T	0.369	0.168803
252	C	0.159	0.1382821
253	C	0.406	0.1219396
254	A	0.278	0.100665
255	C	-0.131	0.08254272
256	T	0.235	0.06672938
257	C	0.117	0.07577238
258	T	0.442	0.0773201
259	T	-0.318	0.1027245
260	T	-0.128	0.09993996
261	G	-0.354	0.09950193
262	G	0.200	0.106701
263	T	0.469	0.1059787
264	C	0.190	0.1061068
265	A	0.377	0.1177083
266	G	-0.455	0.1133158
267	G	-0.375	0.1101402
268	A	-0.225	0.09568207
269	A	-0.039	0.08883262
270	G	-0.291	0.08802579
271	A	-0.023	0.09068648
272	C	0.378	0.09551945
273	T	0.394	0.09530303
274	G	0.340	0.1207008
275	G	0.130	0.1365962
276	G	0.244	0.1483508
277	G	0.262	0.1327843
278	C	0.368	0.115559
279	G	0.391	0.1052595
280	G	0.242	0.1066042
281	G	0.066	0.1370747
282	G	-0.013	0.1542489
283	T	0.080	0.166012
284	A	-0.154	0.175288
285	C	0.312	0.2002302
286	C	0.257	0.2161318
287	C	0.435	0.2094035
288	C	0.418	0.2032086
289	C	0.332	0.1880342
290	C	-0.013	0.1694205
291	A	-0.251	0.1448205
292	A	-0.029	0.1172978
293	C	-0.108	0.1031336
294	C	0.416	0.09456239
295	C	0.428	0.08505512
296	A	0.122	0.09726832
297	T	0.115	0.1123362
298	G	0.229	0.1156247
299	C	0.431	0.1279895
300	C	0.437	0.1238588
301	C	0.183	0.1315805
302	T	0.214	0.1165531
303	C	-0.099	0.09189426
304	A	-0.409	0.06938988
305	A	-0.468	0.0616996
306	A	-0.536	0.07894453
307	T	-0.041	0.08532825
308	T	0.142	0.09775553
309	G	-0.033	0.09245501
310	C	0.421	0.08299891
311	T	0.423	0.09363546
312	G	0.175	0.09613977
313	G	0.203	0.08084594
314	C	0.192	0.07609773
315	C	0.481	0.07126663
316	T	0	0.07975994
 317	A	-0.296	0.08915122
318	G	-0.320	0.09623042
319	A	-0.236	0.1030972
320	G	0.248	0.1239027
321	G	0.155	0.1298815
322	G	0.252	0.1165646
323	C	0.262	0.1000224
324	A	0.154	0.08997238
325	C	0.431	0.05720324
326	A	0.188	0.03662345
327	G	-0.214	0.0241651
328	C	0.294	0.02448079
329	G	0.297	0.03017197
330	C	0.429	0.02015938
331	C	0.486	0.0218019
332	T	0.106	0.03831239
333	T	-0.209	0.03936111
334	T	0.134	0.04505195
335	C	-0.362	0.04489881
336	T	-0.428	0.0376317
337	A	-0.336	0.02893135
338	A	-0.324	0.01644299
339	A	-0.529	0.02657709
340	A	-0.173	0.006833883
341	G	-0.185	-0.008403014
342	C	0.212	0.01442095
343	T	0.357	0.0189973
344	G	0.190	0.02517323
345	C	0.047	0.01344409
346	A	0.181	-0.009631845
347	G	-0.290	-0.02975498
348	T	-0.071	-0.03596936
349	T	0.244	-0.04743353
350	G	-0.055	-0.04936222
351	G	0	-0.04833347
 352	G	-0.099	-0.05381033
353	T	0.447	-0.05888836
354	T	-0.141	-0.03218243
355	G	-0.253	-0.03339581
356	C	0.447	-0.0418215
357	C	0.426	-0.05389802
358	T	0.476	-0.06462598
359	C	0.089	-0.07001133
360	T	-0.182	-0.08244971
361	A	-0.477	-0.09069074
362	A	-0.390	-0.08663585
363	A	-0.197	-0.07078124
364	A	-0.418	-0.0646019
365	T	-0.398	-0.04727754
366	A	-0.495	-0.03332006
367	A	-0.471	-0.02879812
368	T	0.245	-0.05005963
369	G	-0.208	-0.03208339
370	A	-0.430	-0.02915753
371	A	-0.137	-0.05294991
372	G	0.046	-0.07426657
373	C	0.034	-0.08593577
374	T	-0.313	-0.1040945
375	A	-0.057	-0.1055587
376	A	-0.172	-0.0767658
377	C	0.387	-0.05784453
378	C	0.423	-0.0532445
379	C	0.447	-0.02689033
380	T	0.404	-0.006807603
381	T	0.031	0.004854362
382	G	-0.168	0.002940638
383	C	0.379	-0.02429267
384	T	-0.168	-0.03133491
385	A	-0.242	-0.02898736
386	A	-0.191	-0.03779612
387	T	0.138	-0.05215926
388	T	-0.436	-0.05700222
389	G	-0.224	-0.03812191
390	T	0.357	-0.02617733
391	G	0.158	-0.01446057
392	G	-0.064	-0.01221919
393	G	0.345	-0.04366885
394	G	0.184	-0.07731609
395	A	-0.157	-0.1073443
396	A	-0.527	-0.09517832
397	A	-0.544	-0.07841252
398	A	-0.412	-0.0850667
399	G	-0.361	-0.07117742
400	A	-0.392	-0.05726901
401	T	-0.369	-0.06498501
402	A	-0.105	-0.08284783
403	G	0.234	-0.0836559
404	C	0.289	-0.08104049
405	C	0.167	-0.09450259
406	A	0.452	-0.09015283
407	G	-0.488	-0.07295813
408	A	-0.528	-0.0733911
409	A	-0.466	-0.07046427
410	G	0.384	-0.04990969
411	C	0.317	-0.01622058
412	A	0.186	0.0008294414
413	G	0.233	0.02307203
414	C	0.160	0.03311771
415	A	-0.415	0.03418337
416	A	-0.379	0.04756632
417	A	-0.460	0.04850632
418	T	-0.148	0.05051549
419	T	-0.032	0.05174694
420	T	0.284	0.05880314
421	C	0.434	0.06126856
422	T	0.333	0.0748195
423	G	0.269	0.0781847
424	C	0.438	0.08552053
425	T	0.449	0.05742553
426	G	-0.050	0.02916794
427	T	0.232	0.008224186
428	G	-0.070	-0.01339085
429	G	-0.361	-0.01202888
430	A	0.018	0.01609836
431	C	-0.078	0.0205347
432	G	0.292	0.02711981
433	T	0.324	0.03609308
434	C	0.371	0.04670239
435	C	0.524	0.04192308
436	G	-0.095	0.03627429
437	A	-0.431	0.0380266
438	T	-0.253	0.04384325
439	A	-0.429	0.03615504
440	T	-0.501	0.01335529
441	A	-0.420	-0.001689048
442	A	-0.392	-0.02416939
443	A	0.200	-0.02173298
444	C	0.400	-0.01889936
445	T	-0.251	-0.0157011
446	G	-0.269	0.003527697
447	A	0.111	0.009739559
448	T	0.274	0.007991041
449	C	0.146	-0.008783545
450	C	0.270	-0.03209789
451	T	0.383	-0.04400641
452	C	0.437	-0.02750667
453	T	0.215	-0.01321029
454	T	-0.211	0.01900768
455	G	-0.486	0.04582143
456	A	-0.419	0.04581554
457	G	0	0.0484134
 458	A	-0.279	0.03152699
459	T	0.111	0.02854333
460	G	0.479	0.05009112
461	G	0.472	0.06850968
462	T	0.274	0.07033006
463	T	-0.114	0.0774065
464	A	-0.151	0.08531412
465	A	-0.440	0.06540774
466	T	0.047	0.04196506
467	G	0.161	0.0176354
468	C	0.504	0.006845583
469	T	0.275	0.02397562
470	T	-0.420	0.05237962
471	A	-0.317	0.07835789
472	G	-0.289	0.08901548
473	T	0.313	0.1133029
474	T	0.373	0.1234808
475	G	0.264	0.1172758
476	G	0.164	0.1158633
477	C	0.479	0.1205891
478	T	0.375	0.1285663
479	A	-0.306	0.147528
480	T	-0.295	0.1749339
481	A	-0.267	0.184991
482	C	-0.097	0.1936328
483	C	0.285	0.1838152
484	T	0.337	0.1795443
485	G	0.333	0.20829
486	C	0.309	0.2275287
487	C	0.424	0.2547264
488	C	0.406	0.253935
489	C	0.299	0.2378358
490	C	0.431	0.2308065
491	C	0.411	0.2114907
492	G	0.116	0.1783709
493	C	0.398	0.1727912
494	C	0.353	0.1860314
495	C	0.339	0.2019846
496	C	0.411	0.2112195
497	C	0.219	0.2209065
498	G	0.151	0.2153513
499	C	0.412	0.2083315
500	C	0.240	0.1921959
501	G	0.499	0.1728525
502	C	0.291	0.1633872
503	T	-0.093	0.1549571
504	T	0.061	0.1515981
505	T	-0.396	0.1533002
506	T	-0.480	0.1430176
507	T	0.213	0.1420107
508	T	0.077	0.1252565
509	T	0.166	0.1040001
510	T	0	0.08830231
 511	C	0.183	0.06531252
512	C	0.124	0.05347021
513	T	0.133	0.04326759
514	T	-0.133	0.03318221
515	T	-0.251	0.02196259
516	A	0.150	0.01733687
517	T	0.161	0.0117108
518	C	0.201	0.01880196
519	C	0.481	0.02040098
520	G	0.113	0.03229328
521	T	0.087	0.05250197
522	T	-0.087	0.035929
523	T	-0.262	0.03227236
524	T	-0.116	0.01843673
525	T	-0.254	0.02551294
526	T	-0.123	0.0153556
527	T	-0.144	0.0117249
528	T	0.120	0.001038517
529	T	-0.085	0.002459914
530	T	0.365	0.005486707
531	T	0.127	-0.01622481
532	C	0.112	-0.00863419
533	T	0.107	-0.03384984
534	T	-0.051	-0.05899971
535	T	0.105	-0.06394386
536	T	-0.267	-0.06102961
537	T	-0.028	-0.04696414
538	T	-0.234	-0.02431566
539	C	0.205	-0.01388528
540	T	-0.110	-0.01278035
541	T	0.018	-0.004871938
542	G	-0.176	0.01481848
543	A	-0.092	0.02505996
544	G	-0.164	0.04242216
545	A	-0.479	0.04193302
546	C	0.381	0.03468174
547	A	-0.529	0.0328183
548	A	-0.248	0.04328889
549	G	-0.030	0.05499393
550	G	0.172	0.06324124
551	T	0.320	0.07877242
552	C	0.394	0.09087286
553	T	0.186	0.1148376
554	T	-0.222	0.1022252
555	G	0.105	0.1170566
556	C	0.427	0.117469
557	T	0.417	0.1239826
558	C	0.418	0.1334636
559	T	0.350	0.1252471
560	G	-0.082	0.1278515
561	T	0.058	0.1186981
562	G	0.411	0.1473235
563	G	0.288	0.1640065
564	C	0.344	0.17317
565	C	0.183	0.1735824
566	C	0.322	0.1574912
567	A	0.460	0.1567022
568	C	-0.160	0.1441255
569	G	0.319	0.164363
570	C	0.030	0.167371
571	T	0.012	0.1518089
572	G	0.182	0.1283418
573	G	-0.402	0.1012461
574	A	-0.403	0.08191205
575	G	0.116	0.08410726
576	T	0.300	0.07705153
577	G	0.235	0.04994329
578	C	0.235	0.02835601
579	A	0.184	0.004585148
580	G	-0.146	0.01058591
581	T	0.371	0.01461553
582	G	-0.178	0.01270953
583	T	0.364	0.03117932
584	C	0.192	0.02996563
585	A	-0.024	0.03695094
586	T	-0.263	0.0305721
587	G	-0.367	0.01333168
588	A	-0.209	0.03494823
589	T	-0.018	0.06348472
590	C	-0.146	0.0717411
591	A	-0.375	0.07390817
592	T	-0.337	0.06871099
593	A	-0.344	0.05894073
594	G	0.357	0.05932835
595	C	0.439	0.06044263
596	T	0.405	0.05869314
597	C	0.375	0.07538394
598	A	0.283	0.07661783
599	C	0.233	0.0858779
600	T	-0.172	0.1012611
601	A	-0.317	0.111147
602	G	0.224	0.1338912
603	C	0.423	0.1556414
604	C	0.355	0.1702587
605	C	0.363	0.1844027
606	T	0.085	0.2010586
607	G	-0.047	0.1977645
608	A	0.195	0.202288
609	A	-0.114	0.1728649
610	C	0.320	0.1484579
611	T	0.305	0.1198497
612	C	0.399	0.08885204
613	C	0.461	0.07962291
614	T	0.421	0.08255132
615	G	0.023	0.1030372
616	T	0.292	0.1285963
617	G	0.421	0.131277
618	C	0.405	0.130283
619	T	0.264	0.1315696
620	C	0.107	0.1261253
621	A	-0.433	0.1231942
622	A	-0.213	0.1388139
623	G	-0.495	0.1383348
624	T	-0.268	0.154495
625	A	-0.424	0.1557361
626	A	-0.523	0.1588288
627	T	0.016	0.1607889
628	C	0.318	0.1600027
629	C	0.421	0.1607046
630	T	0.423	0.1678575
631	C	0.302	0.1743903
632	C	0.394	0.157338
633	C	0.393	0.1254323
634	G	0.205	0.09833684
635	C	0	0.08884042
 636	C	0.405	0.08884429
637	T	0.181	0.0949242
638	C	0.354	0.107776
639	G	0.356	0.1230375
640	G	0.395	0.1434533
641	C	0.456	0.1631859
642	C	0.438	0.1626246
643	T	0.442	0.1549225
644	C	0.231	0.132374
645	C	0.481	0.1119227
646	C	-0.073	0.09156362
647	A	-0.520	0.06047345
648	A	-0.521	0.02821903
649	A	-0.167	0.01428886
650	G	-0.433	0.009036379
651	T	-0.037	-0.01177859
652	G	-0.123	-0.002616724
653	C	0.173	-0.007882621
654	T	0.167	-0.03782572
655	A	0.048	-0.06233621
656	G	0	-0.08302569
 657	G	0.094	-0.08905876
658	A	-0.232	-0.089268
659	T	-0.169	-0.08792338
660	T	-0.288	-0.1003004
661	A	-0.506	-0.08113466
662	T	-0.542	-0.07466538
663	A	-0.198	-0.04967714
664	G	-0.152	-0.04231856
665	G	-0.198	-0.03214256
666	C	0.447	-0.02247633
667	A	0.201	-0.003222472
668	T	-0.511	0.005615803
669	G	-0.315	-0.002648662
670	A	-0.143	-0.006191838
671	G	0.263	0.006531197
672	C	0.436	0.01835839
673	T	0.270	0.02437517
674	A	0.122	0.02571634
675	C	0.482	0.0253313
676	T	-0.332	0.04519942
677	T	0.202	0.05301738
678	T	0.045	0.045888
679	A	-0.138	0.04035424
680	C	0.243	0.04719931
681	C	0.435	0.02581221
682	C	0.430	0.03416762
683	A	-0.072	0.06605628
684	G	-0.054	0.0702949
685	C	0.368	0.0653539
686	C	0.437	0.07008511
687	T	-0.057	0.05170025
688	G	-0.130	0.03508804
689	T	-0.299	0.01605825
690	T	0.069	-0.01605589
691	T	-0.315	-0.008682369
692	T	-0.405	-0.02986716
693	T	-0.312	-0.04752409
694	T	0	-0.03466502
 695	T	-0.173	-0.05063571
696	C	0.444	-0.07158468
697	T	0.412	-0.07467709
698	G	-0.192	-0.06877392
699	T	-0.286	-0.05757957
700	G	0.400	-0.06586332
701	C	-0.097	-0.09156939
702	A	-0.211	-0.0954451
703	A	-0.429	-0.09233648
704	A	-0.448	-0.09121276
705	T	-0.118	-0.08130387
706	A	-0.411	-0.08154153
707	A	-0.466	-0.06350204
708	A	0.234	-0.06922729
709	T	-0.219	-0.07375877
710	G	-0.172	-0.07757184
711	C	0.340	-0.08589815
712	A	0.099	-0.09231777
713	C	0.270	-0.09796722
714	A	0.128	-0.0874931
715	T	-0.307	-0.1082538
716	G	-0.169	-0.1061386
717	T	-0.040	-0.1110891
718	A	-0.266	-0.09839713
719	T	0.356	-0.06590082
720	T	-0.322	-0.06554782
721	T	0.118	-0.04594733
722	T	-0.478	-0.03598599
723	A	-0.131	-0.04330413
724	G	-0.283	-0.04653523
725	A	0.202	-0.02580148
726	T	0.226	-0.04359372
727	T	-0.356	-0.04047604
728	A	0.017	-0.05289409
729	G	-0.201	-0.06517064
730	T	-0.035	-0.06916192
731	T	-0.355	-0.07715192
732	T	-0.060	-0.08932385
733	C	0.493	-0.09788833
734	A	-0.108	-0.09757581
735	T	0.156	-0.07690412
736	T	-0.177	-0.07621357
737	T	0.022	-0.05213792
738	T	-0.313	-0.04241337
739	T	0.428	-0.04135978
740	A	-0.175	-0.04250037
741	T	0.189	-0.06353947
742	T	-0.089	-0.04920866
743	G	-0.227	-0.04700162
744	T	-0.423	-0.02681313
745	T	-0.401	-0.01208121
746	A	-0.393	-0.003023845
747	A	-0.515	0.00748081
748	C	0.365	0.005003569
749	A	0.277	0.003957569
750	G	0.138	0.003319638
751	C	0.219	0.01659988
752	A	0.150	0.02244057
753	T	-0.253	0.02375588
754	T	0.169	0.02348371
755	T	-0.383	0.03828226
756	T	0.059	0.04338588
757	T	0.081	0.0419802
758	C	0.384	0.05021923
759	C	0.391	0.06576207
760	A	-0.092	0.06963676
761	C	0.243	0.08040344
762	C	0.421	0.1135157
763	A	-0.138	0.08979303
764	G	0.138	0.08692041
765	A	0.207	0.06731292
766	T	0.191	0.07177875
767	G	-0.275	0.06752004
768	C	0.421	0.0620078
769	T	0.253	0.07075087
770	T	0.337	0.09292797
771	A	-0.130	0.1095246
772	T	0.011	0.117493
773	G	0.027	0.09067669
774	G	-0.289	0.06465317
775	A	-0.081	0.0535487
776	T	0.445	0.04566641
777	T	-0.322	0.01637141
778	G	0.193	0.008693617
779	A	-0.430	-0.001477383
780	C	0.348	-0.008645969
781	A	0.027	-0.00212459
782	A	-0.412	0.003903652
783	C	0.423	0.004904031
784	T	0.259	-0.003841624
785	C	0.540	-0.01229795
786	T	0.312	0.003381876
787	A	-0.393	0.002403676
788	C	-0.363	0.01660336
789	A	-0.414	0.008947948
790	T	0.015	0.01027
791	C	-0.427	-0.01205907
792	A	-0.361	0.007235276
793	A	-0.156	0.01370872
794	G	0	0.03372297
 795	T	0.381	0.02610745
796	G	-0.100	0.01242537
797	T	0.450	0.01929202
798	T	0	-0.01088201
 799	G	0.092	-0.03355729
800	C	0.324	-0.03509667
801	T	-0.016	-0.04551286
802	G	0.439	-0.04339123
803	T	-0.511	-0.02900662
804	A	-0.043	-0.01417032
805	G	-0.202	-0.03140862
806	G	0.237	-0.02713234
807	C	0.381	-0.02909148
808	T	0.149	-0.03618655
809	A	0.128	-0.03618655
810	G	-0.369	-0.04101131
811	G	-0.213	-0.01924448
812	A	-0.451	-0.05101807
813	A	-0.397	-0.03614048
814	T	0.495	-0.03039426
815	C	0.010	-0.0529144
816	A	-0.331	-0.04664968
817	A	0.053	-0.07802988
818	C	0.015	-0.07483568
819	A	-0.484	-0.09105528
820	A	-0.303	-0.1015922
821	A	-0.418	-0.12762
822	A	-0.362	-0.1484387
823	C	0	-0.1619114
 824	T	0.241	-0.1648138
825	T	0.530	-0.1563738
826	T	-0.471	-0.1444546
827	T	0.431	-0.1255868
828	T	0.258	-0.1158593
829	G	-0.328	-0.148402
830	T	0.164	-0.1658658
831	A	-0.470	-0.1713437
832	T	-0.418	-0.1901905
833	A	-0.513	-0.190174
834	A	-0.507	-0.1578426
835	A	-0.517	-0.1588493
836	A	-0.222	-0.1585066
837	G	-0.240	-0.1575384
838	G	0.043	-0.1412472
839	G	-0.124	-0.1608101
840	A	0.131	-0.1634506
841	C	0.095	-0.132183
842	A	-0.115	-0.1535982
843	G	-0.447	-0.1691525
844	A	-0.496	-0.1632632
845	A	-0.490	-0.1630702
846	A	-0.492	-0.1321781
847	G	0.016	-0.1051918
848	C	0.452	-0.07986277
849	A	-0.333	-0.05471701
850	A	-0.408	-0.03032821
851	A	-0.334	-0.03115742
852	T	0.472	-0.02414274
853	A	-0.326	-0.01844123
854	T	0.453	-0.02705051
855	T	0.435	-0.03728478
856	T	-0.189	-0.02529286
857	T	-0.192	-0.01873954
858	A	-0.158	0.008887634
859	G	0.170	0.03239529
860	A	0.424	0.04146874
861	C	0.363	0.05150167
862	T	0.221	0.06047645
863	C	0.221	0.05634559
864	T	0.189	0.07757659
865	G	-0.246	0.09348491
866	C	-0.037	0.08877443
867	A	0.209	0.06078394
868	G	-0.374	0.07325377
869	G	-0.164	0.0703337
870	T	0.442	0.05929946
871	C	0.074	0.05165325
872	A	0.353	0.06582608
873	G	0.185	0.08426408
874	G	-0.227	0.06473942
875	A	-0.201	0.05757832
876	G	0.276	0.03360818
877	G	0.332	0.01321353
878	C	0.282	0.002878448
879	A	0.053	-0.003668
880	A	-0.470	0.006402924
881	G	-0.339	-0.002784379
882	A	0.035	-0.01496359
883	T	0.369	-0.01092876
884	C	0.115	-0.005945459
885	A	-0.411	-0.02121946
886	A	0.218	-0.01858202
887	G	0.376	-0.03404781
888	G	-0.395	-0.04969147
889	A	0.217	-0.05706557
890	T	-0.331	-0.06578367
891	T	-0.370	-0.06784822
892	T	-0.078	-0.09235378
893	T	0	-0.1081812
 894	T	0.045	-0.0940931
895	T	-0.303	-0.06294354
896	T	-0.144	-0.03846475
897	T	-0.257	-0.02687316
898	T	-0.020	-0.03344023
899	T	0	-0.02518658
 900	T	0.150	-0.02124861
901	C	-0.095	-0.04248682
902	T	-0.268	-0.0477832
903	A	-0.441	-0.02050237
904	A	-0.454	-0.01479733
905	A	0.216	-0.000208369
906	T	-0.377	0.02651653
907	G	-0.176	0.02009023
908	T	0.461	0.00551171
909	C	0.432	-0.0009070069
910	C	0.370	0.01474089
911	T	0.371	0.03505737
912	C	0.178	0.05833179
913	T	0.354	0.07691731
914	A	-0.297	0.07691731
915	G	-0.396	0.07631828
916	T	0.222	0.07392817
917	T	0.395	0.07504914
918	C	0.382	0.08440452
919	A	0.091	0.08909128
920	T	0.404	0.068155
921	A	-0.264	0.08390328
922	T	-0.422	0.1007648
923	T	-0.140	0.08693536
924	T	0.149	0.07706129
925	T	0.445	0.06700037
926	C	0.417	0.06321606
927	T	0.518	0.0665435
928	C	0	0.06650878
 929	A	0.133	0.08030474
930	T	-0.164	0.09751368
931	G	-0.235	0.09196146
932	A	-0.170	0.06443053
933	A	-0.318	0.0423256
934	G	-0.390	0.02403987
935	A	0.079	-0.002559507
936	T	0.312	-0.007934541
937	C	0.060	0.008143334
938	G	0.146	0.02033933
939	A	0.078	0.008339921
940	G	0.261	-0.005292603
941	G	0.275	-0.03387598
942	A	0.353	-0.04315895
943	T	0.102	-0.0260794
944	C	0.102	-0.031691
945	T	0.061	-0.02915286
946	T	-0.402	-0.02624707
947	A	-0.258	-0.01601972
948	A	-0.438	-0.001144307
949	T	-0.366	0.002784762
950	T	-0.420	-0.009480828
951	G	0.043	-0.02979903
952	T	0.213	-0.04407518
953	T	-0.198	-0.05613025
954	T	0.049	-0.07027384
955	G	-0.411	-0.09437853
956	G	0.249	-0.1153643
957	T	0.495	-0.1420456
958	T	-0.029	-0.1565686
959	T	-0.090	-0.1731564
960	T	-0.151	-0.1887832
961	T	0.126	-0.1606177
962	T	0.112	-0.1627012
963	T	-0.276	-0.1609489
964	T	-0.276	-0.1335011
965	T	-0.276	-0.1146095
966	T	-0.353	-0.1064538
967	T	-0.203	-0.0974215
968	T	-0.331	-0.07603157
969	T	-0.437	-0.07183374
970	T	-0.333	-0.06783694
971	T	-0.419	-0.06642112
972	G	-0.318	-0.06972619
973	A	-0.378	-0.05954179
974	G	-0.391	-0.04385386
975	A	0.413	-0.02762166
976	C	-0.318	-0.02245514
977	A	-0.387	-0.01525824
978	C	0.429	0.006036207
979	A	0.127	0.0310411
980	G	0.279	0.05553617
981	T	0.475	0.07772414
982	C	0.422	0.09326224
983	T	0.171	0.1201779
984	T	-0.295	0.1383983
985	G	0.290	0.1528008
986	C	0.399	0.1485387
987	T	0.266	0.1673313
988	C	0.364	0.1929599
989	T	0.319	0.2150137
990	C	0.276	0.2071824
991	T	0.321	0.2054338
992	C	0.340	0.2053641
993	T	0.448	0.1945743
994	C	0.433	0.2005586
995	G	0.289	0.1992963
996	C	0.247	0.1876948
997	C	0.449	0.1850637
998	C	0.091	0.1786247
999	A	0.084	0.1876484
1000	A	-0.543	0.1628862
1001	G	0.226	0.1428939
1002	C	0.364	0.148082
1003	T	0.248	0.149842
1004	G	0.186	0.1275791
1005	G	-0.369	0.1029207
1006	A	-0.389	0.07394884
1007	G	0.116	0.07191839
1008	T	0.300	0.07066246
1009	G	0.243	0.0582953
1010	C	0.138	0.05907568
1011	A	0.345	0.0470943
1012	G	-0.015	0.04126182
1013	T	-0.033	0.0351423
1014	G	-0.427	0.0453744
1015	G	-0.180	0.06189789
1016	T	0.416	0.05890872
1017	G	0.415	0.04984992
1018	T	-0.326	0.03258061
1019	G	-0.438	0.03474044
1020	A	-0.518	0.04922949
1021	T	0.281	0.05096359
1022	C	0.412	0.03908421
1023	T	0.075	0.03393493
1024	C	0.312	0.03984676
1025	G	-0.100	0.04773456
1026	G	0.280	0.04970414
1027	T	-0.086	0.06440616
1028	T	0.381	0.07849108
1029	C	-0.064	0.1087445
1030	A	0.140	0.1302917
1031	C	0.101	0.1297283
1032	T	-0.252	0.1142835
1033	G	0.249	0.131002
1034	C	0.050	0.1612442
1035	A	-0.339	0.1842272
1036	A	-0.228	0.1853183
1037	C	0.151	0.1811036
1038	C	0.414	0.1928848
1039	T	0.367	0.1865284
1040	C	0.403	0.1774086
1041	T	0.411	0.1501795
1042	G	0.374	0.1440541
1043	C	0.449	0.12438
1044	C	0.444	0.1307672
1045	T	0.400	0.1116033
1046	C	-0.032	0.09305095
1047	C	0.158	0.08658712
1048	C	0.438	0.08354709
1049	G	0.147	0.09038663
1050	T	0.313	0.1172492
1051	G	0.289	0.138985
1052	C	0.416	0.1471198
1053	T	0.128	0.1455865
1054	C	-0.364	0.1393515
1055	A	-0.509	0.1419095
1056	A	-0.263	0.1428769
1057	G	-0.189	0.1430042
1058	C	0.120	0.1408585
1059	A	-0.415	0.135706
1060	A	-0.436	0.128835
1061	T	-0.439	0.1415807
1062	T	0.161	0.1513869
1063	C	0.249	0.1461273
1064	T	0.439	0.1532023
1065	C	0.402	0.1501143
1066	C	0.387	0.1348597
1067	T	0.370	0.126125
1068	G	0.186	0.1352469
1069	C	0.477	0.1617013
1070	C	0.439	0.1789002
1071	T	0.378	0.1791658
1072	C	0.387	0.199606
1073	A	0.295	0.2070008
1074	G	0.200	0.2296762
1075	C	0.336	0.2512038
1076	C	0.442	0.2648925
1077	T	0.285	0.2495411
1078	C	0.353	0.2477774
1079	C	0.224	0.2508608
1080	A	-0.152	0.2260644
1081	G	0.163	0.2176463
1082	G	0.392	0.1911429
1083	G	0.402	0.1764386
1084	G	-0.010	0.1674667
1085	A	-0.256	0.1654124
1086	G	0.403	0.1630522
1087	C	0.335	0.153571
1088	T	0.241	0.1575205
1089	G	0.187	0.1658929
1090	G	-0.043	0.1663499
1091	G	-0.283	0.1540767
1092	A	0.197	0.1526994
1093	C	0.529	0.1455817
1094	T	-0.316	0.1464413
1095	A	0.143	0.1624705
1096	C	-0.398	0.1626736
1097	A	-0.239	0.1542669
1098	G	0.217	0.1521358
1099	G	0.379	0.1613408
1100	T	0.309	0.1839934
1101	G	0.112	0.1841426
1102	C	0.409	0.1875819
1103	G	0.443	0.1938998
1104	C	0.350	0.203942
1105	A	0.087	0.22226
1106	C	0.245	0.2275095
1107	C	0.146	0.2189447
1108	A	0.248	0.1893468
1109	C	0.312	0.1969505
1110	C	0.169	0.1988464
1111	A	0.148	0.2072905
1112	C	0.340	0.2057906
1113	G	0.256	0.190339
1114	C	0.400	0.1883889
1115	C	0.407	0.1941714
1116	C	0.434	0.1995041
1117	G	0.425	0.1829206
1118	G	0.479	0.1646826
1119	C	0.488	0.1481763
1120	T	-0.131	0.1287216
1121	A	-0.050	0.1119632
1122	A	-0.329	0.09465024
1123	T	-0.096	0.06931769
1124	T	0.198	0.05101245
1125	T	-0.153	0.03963893
1126	T	-0.283	0.02072045
1127	T	-0.230	-0.003796824
1128	G	0.323	-0.02831344
1129	C	0.477	-0.05343579
1130	A	0.267	-0.06581565
1131	T	-0.071	-0.08569903
1132	T	-0.085	-0.08749958
1133	T	-0.128	-0.09570641
1134	T	-0.477	-0.1007669
1135	T	-0.240	-0.1013582
1136	A	-0.355	-0.09866768
1137	G	-0.485	-0.08931294
1138	T	-0.218	-0.09987962
1139	A	-0.160	-0.1038644
1140	G	-0.399	-0.08619334
1141	A	-0.370	-0.07267234
1142	G	-0.454	-0.0586041
1143	A	-0.327	-0.07167183
1144	T	0.048	-0.08099514
1145	G	-0.141	-0.08723686
1146	G	0.372	-0.08222954
1147	G	0.241	-0.071026
1148	G	0.341	-0.06571549
1149	T	-0.148	-0.04195725
1150	T	0.027	-0.02372766
1151	T	-0.057	0.004488028
1152	C	-0.402	0.01174482
1153	A	0.082	0.0208099
1154	C	0.359	0.04037904
1155	C	0.108	0.06370239
1156	A	0.176	0.09032959
1157	G	-0.055	0.1025883
1158	G	0.207	0.1222838
1159	T	0.086	0.1341217
1160	T	0.073	0.1522965
1161	G	0.239	0.1299643
1162	G	0.025	0.1132259
1163	C	0.211	0.08778067
1164	C	0.288	0.09245964
1165	A	0.462	0.09150817
1166	T	-0.275	0.09847852
1167	G	0.044	0.1270609
1168	C	0.406	0.139013
1169	T	0.276	0.1333339
1170	G	0.401	0.1211955
1171	G	-0.099	0.1233512
1172	T	0.243	0.1401643
1173	C	0.391	0.1393087
1174	T	0.385	0.152092
1175	T	-0.274	0.1635866
1176	G	-0.244	0.1496362
1177	A	-0.396	0.159378
1178	A	-0.013	0.1569222
1179	C	0	0.138503
 1180	T	0.144	0.1086247
1181	C	0.426	0.1140711
1182	C	0.429	0.1159667
1183	T	0.194	0.1041897
1184	G	-0.243	0.1000413
1185	A	0.239	0.09633578
1186	C	0.431	0.1148763
1187	C	0.182	0.1215399
1188	T	0.456	0.1126214
1189	C	0.407	0.09738126
1190	A	-0.164	0.1221703
1191	C	0.307	0.1459626
1192	A	0.140	0.1614101
1193	T	-0.245	0.1613724
1194	G	-0.403	0.1546272
1195	A	-0.117	0.1641172
1196	T	0.099	0.1651747
1197	C	0.065	0.1621095
1198	T	0.156	0.170813
1199	G	0.294	0.191129
1200	C	0.438	0.1984994
1201	C	0.436	0.1968485
1202	T	0.133	0.185668
1203	G	-0.056	0.1591047
1204	C	0.444	0.1385696
1205	C	0.445	0.1588432
1206	T	0.051	0.1516403
1207	T	-0.014	0.147817
1208	G	-0.195	0.1533219
1209	G	0.419	0.177627
1210	C	0.456	0.1891362
1211	C	0.340	0.2016704
1212	T	0.446	0.2067393
1213	C	0.346	0.1868997
1214	C	0.453	0.1690377
1215	C	0.383	0.1352865
1216	A	-0.141	0.1290324
1217	G	-0.313	0.1135659
1218	A	-0.188	0.1173491
1219	C	0.423	0.1081441
1220	T	0.099	0.09637372
1221	G	0.029	0.1091314
1222	C	-0.086	0.1096231
1223	T	0.301	0.1027887
1224	G	0.216	0.07608661
1225	G	0.462	0.04474599
1226	G	0.212	0.04412971
1227	A	-0.418	0.0270653
1228	T	-0.223	0.0282113
1229	T	-0.540	0.02708092
1230	A	0.255	0.02830599
1231	C	-0.315	0.04807441
1232	A	0.053	0.07708434
1233	G	0.177	0.08578697
1234	G	0.104	0.05784541
1235	T	0.421	0.06016473
1236	G	0	0.07037091
 1237	T	-0.393	0.08647548
1238	G	-0.354	0.08108745
1239	A	-0.452	0.08819566
1240	G	0.322	0.08404548
1241	C	-0.048	0.09255128
1242	C	0.379	0.1250239
1243	A	0.420	0.124994
1244	C	0.419	0.1310378
1245	C	0.431	0.1387637
1246	C	0.527	0.1430286
1247	T	0.064	0.1230656
1248	A	-0.387	0.1080432
1249	C	0.166	0.1070294
1250	C	0.325	0.10917
1251	C	0.380	0.1199974
1252	A	0.144	0.1480219
1253	G	0.422	0.1553915
1254	C	0.342	0.173339
1255	C	0.459	0.1706343
1256	T	0.522	0.1832428
1257	T	-0.224	0.1678236
1258	A	-0.365	0.140452
1259	T	0.479	0.1141166
1260	T	-0.191	0.08349874
1261	T	-0.525	0.06010312
1262	A	-0.258	0.07270404
1263	G	0.074	0.08733104
1264	G	0.483	0.08655135
1265	T	0.313	0.06241735
1266	A	0.418	0.03144294
1267	T	-0.141	0.02374346
1268	T	0.068	-0.001561334
1269	T	0.243	-0.01810809
1270	C	0.317	-0.04556644
1271	T	-0.067	-0.08159913
1272	A	-0.373	-0.08322537
1273	T	-0.344	-0.08666506
1274	A	-0.456	-0.1095145
1275	A	-0.150	-0.1007445
1276	C	0.429	-0.06594062
1277	C	0.037	-0.06022757
1278	A	0.143	-0.06181129
1279	G	-0.374	-0.08095493
1280	A	-0.517	-0.1022122
1281	A	-0.078	-0.1304364
1282	A	-0.311	-0.1346125
1283	G	-0.137	-0.1540158
1284	A	-0.337	-0.1596128
1285	A	-0.522	-0.1580591
1286	A	-0.271	-0.1598989
1287	A	-0.464	-0.1494141
1288	G	-0.183	-0.1338345
1289	T	0.062	-0.1256173
1290	T	0.483	-0.1129401
1291	C	-0.092	-0.1345236
1292	A	0.028	-0.1257546
1293	T	-0.071	-0.1282314
1294	A	-0.302	-0.111297
1295	A	-0.399	-0.1061797
1296	A	-0.262	-0.114098
1297	A	-0.494	-0.1185409
1298	T	0.081	-0.1287105
1299	T	0.362	-0.1279733
1300	T	-0.121	-0.09915887
1301	T	-0.069	-0.07566846
1302	T	0.107	-0.07149377
1303	G	-0.218	-0.07854391
1304	T	0.216	-0.0906961
1305	T	-0.196	-0.1207952
1306	G	0.291	-0.1233558
1307	G	0.071	-0.1228997
1308	T	0.116	-0.1196572
1309	G	-0.369	-0.1217257
1310	A	-0.307	-0.124764
1311	A	-0.440	-0.1278837
1312	A	-0.432	-0.1162883
1313	A	-0.315	-0.1241228
1314	T	0.313	-0.1218367
1315	C	0.409	-0.1084034
1316	A	-0.343	-0.1031378
1317	A	-0.387	-0.1167042
1318	A	-0.289	-0.1228279
1319	A	-0.389	-0.1359871
1320	T	-0.167	-0.1395088
1321	A	0.042	-0.1606661
1322	T	0.022	-0.1560694
1323	G	-0.362	-0.1444573
1324	A	-0.487	-0.1218484
1325	T	-0.352	-0.0933364
1326	A	-0.158	-0.08716743
1327	A	-0.145	-0.08788429
1328	C	0.428	-0.09144771
1329	T	0.268	-0.1194538
1330	G	0.083	-0.1477955
1331	A	-0.285	-0.1498224
1332	G	-0.395	-0.1407482
1333	T	-0.164	-0.1156617
1334	A	-0.298	-0.1074427
1335	G	-0.322	-0.1145548
1336	T	0.205	-0.104714
1337	T	0.453	-0.09154081
1338	T	0.286	-0.06737347
1339	C	0.518	-0.04449526
1340	T	-0.261	-0.01825384
1341	T	-0.453	-0.01628909
1342	A	-0.419	0.0002449828
1343	A	-0.498	-0.01857847
1344	A	-0.412	-0.02608286
1345	T	-0.402	-0.01891546
1346	A	-0.124	0.005795159
1347	C	0.437	0.02965371
1348	A	-0.150	0.02923681
1349	A	-0.373	0.0337093
1350	G	0.327	0.03107654
1351	T	0.404	0.01406364
1352	T	0.338	-0.004583066
1353	G	0.175	-0.0273872
1354	C	0.408	-0.03026476
1355	T	-0.101	-0.01037203
1356	A	0.333	-0.00140341
1357	C	-0.116	0.006873659
1358	A	0.050	0.03764435
1359	G	0.291	0.05774156
1360	T	0.430	0.08682821
1361	T	0.296	0.09422842
1362	T	-0.176	0.07350693
1363	G	-0.168	0.06313535
1364	A	-0.398	0.05755266
1365	A	-0.288	0.04821081
1366	T	-0.087	0.04904619
1367	G	-0.374	0.04927506
1368	T	0.435	0.05845857
1369	T	0.315	0.05976795
1370	T	-0.193	0.05571616
1371	G	-0.179	0.03763899
1372	T	0.393	0.04273086
1373	T	0.170	0.02593835
1374	C	0.440	0.0061108
1375	C	0.089	-0.02727506
1376	T	-0.163	-0.05073951
1377	A	-0.451	-0.03448899
1378	A	-0.535	-0.01301113
1379	T	0.056	-0.01269323
1380	C	0.428	-0.01759148
1381	C	0.345	-0.007546872
1382	C	0.442	-0.004491079
1383	C	0.446	-0.03541132
1384	A	-0.218	-0.06284722
1385	G	-0.190	-0.07009353
1386	T	0.030	-0.06933063
1387	G	-0.436	-0.08742546
1388	A	-0.283	-0.08611732
1389	A	-0.537	-0.09409311
1390	A	-0.384	-0.0871418
1391	C	0.294	-0.08245271
1392	A	0.454	-0.06432114
1393	G	-0.389	-0.03968018
1394	T	-0.430	-0.04803985
1395	A	0.204	-0.05490074
1396	T	-0.286	-0.05051199
1397	T	-0.461	-0.05400678
1398	A	-0.479	-0.08272543
1399	A	-0.403	-0.09272823
1400	G	-0.157	-0.1045429
1401	A	-0.131	-0.1225806
1402	G	0.208	-0.1100029
1403	G	0.209	-0.1164733
1404	T	0.291	-0.09736283
1405	G	-0.027	-0.07097207
1406	G	0.074	-0.08253812
1407	A	0.179	-0.1074736
1408	G	-0.185	-0.110978
1409	C	0.229	-0.08398274
1410	C	0.472	-0.08814961
1411	T	0.340	-0.06475748
1412	T	-0.386	-0.03334706
1413	T	-0.508	-0.01503
1414	A	-0.532	0.01237356
1415	A	-0.492	0.0003521414
1416	G	-0.071	-0.007977031
1417	A	-0.471	-0.03220307
1418	G	0.016	-0.04502976
1419	G	0.380	-0.06522758
1420	T	-0.040	-0.07081599
1421	G	-0.269	-0.07547639
1422	A	-0.490	-0.06950766
1423	T	0.352	-0.05821632
1424	T	0.083	-0.05212321
1425	G	0.392	-0.0598409
1426	G	0.449	-0.08137049
1427	G	0.051	-0.0536038
1428	T	0.391	-0.0202879
1429	T	-0.505	-0.01535501
1430	A	-0.372	-0.002504972
1431	T	-0.494	-0.006619659
1432	G	-0.162	0.02556103
1433	A	-0.294	0.02602869
1434	G	-0.189	0.02906283
1435	G	-0.061	0.0243773
1436	T	0.352	0.04801499
1437	C	0.141	0.05720078
1438	G	0.406	0.03718137
1439	T	0.248	0.02103534
1440	G	-0.283	-0.007054417
1441	C	0.418	-0.03887556
1442	C	0.457	-0.05348317
1443	A	-0.389	-0.06878112
1444	T	-0.119	-0.05355562
1445	T	-0.190	-0.04070504
1446	C	0.461	-0.02464696
1447	A	0.030	-0.03324613
1448	T	0.468	-0.03866058
1449	G	-0.176	-0.04933955
1450	T	0.416	-0.04273444
1451	G	-0.224	-0.06958061
1452	T	-0.227	-0.07286033
1453	T	-0.384	-0.08027402
1454	A	-0.422	-0.09556968
1455	A	-0.473	-0.0970273
1456	T	-0.372	-0.1210072
1457	G	-0.052	-0.145751
1458	G	-0.064	-0.1188863
1459	A	0	-0.1222839
 1460	T	-0.028	-0.115016
1461	A	-0.411	-0.123084
1462	A	-0.451	-0.1171379
1463	A	-0.498	-0.1276269
1464	T	0.130	-0.1191643
1465	A	-0.426	-0.1196211
1466	G	0.046	-0.1165487
1467	G	0.191	-0.09655472
1468	T	-0.195	-0.08383213
1469	T	-0.325	-0.07716458
1470	A	-0.276	-0.0518433
1471	T	-0.260	-0.02735492
1472	C	0.389	-0.009600179
1473	A	-0.218	-0.005061031
1474	T	0.019	0.002312314
1475	G	0.227	0.01665389
1476	G	0.202	0.02558796
1477	G	0.164	0.02614569
1478	A	0.068	0.03607593
1479	G	0.403	0.02380279
1480	T	-0.135	0.05206117
1481	G	0.351	0.06543941
1482	G	-0.015	0.0562868
1483	G	-0.228	0.0742327
1484	A	0.261	0.08410695
1485	C	0.337	0.1092401
1486	T	0.462	0.1173181
1487	G	0.067	0.1050331
1488	G	0.213	0.1165636
1489	T	0.387	0.1139191
1490	T	-0.152	0.09380561
1491	T	-0.435	0.07040723
1492	G	-0.210	0.07815016
1493	G	-0.225	0.08463607
1494	A	0.393	0.07179605
1495	G	0.434	0.07646867
1496	C	-0.074	0.05443978
1497	T	0.325	0.0494755
1498	T	-0.039	0.0519824
1499	G	0.452	0.04721381
1500	C	-0.025	0.02674098
1501	A	0.032	0.01335632
1502	G	0.116	0.01102795
1503	T	-0.056	0.01195278
1504	G	-0.355	0.007698845
1505	A	-0.475	0.01529391
1506	G	0.389	0.02800431
1507	C	0.256	0.04447624
1508	T	0.030	0.06700497
1509	G	0	0.05263253
 1510	A	-0.286	0.04338429
1511	G	-0.159	0.05265497
1512	A	-0.156	0.03527873
1513	T	0.122	0.05022272
1514	T	-0.255	0.04893206
1515	G	0.074	0.06301669
1516	C	0	0.05327453
 1517	A	0.240	0.05294333
1518	C	0.264	0.06923349
1519	C	0.067	0.09643039
1520	A	-0.066	0.1175798
1521	C	0.266	0.1158303
1522	T	0.427	0.1141078
1523	G	-0.023	0.1271967
1524	C	0.166	0.1451651
1525	A	0.194	0.1529858
1526	C	-0.178	0.1558732
1527	T	0.393	0.1626704
1528	C	0.414	0.1553575
1529	C	0.382	0.1619835
1530	A	-0.249	0.1647083
1531	G	0.106	0.1709427
1532	C	0.415	0.1708024
1533	C	0.433	0.1583995
1534	T	0.137	0.1535843
1535	G	0.338	0.1395974
1536	G	0.206	0.1124774
1537	G	0.410	0.09883643
1538	C	0.521	0.1076252
1539	G	-0.060	0.1077707
1540	A	-0.076	0.1064784
1541	C	0.040	0.1271783
1542	A	-0.089	0.13084
1543	G	-0.063	0.1294057
1544	A	0.153	0.1321915
1545	G	0.180	0.1407975
1546	T	0.236	0.1222572
1547	G	-0.095	0.09209604
1548	A	-0.072	0.062137
1549	G	-0.472	0.04158169
1550	A	-0.519	0.01486231
1551	C	0.032	-0.0003989276
1552	T	0.231	-0.02990317
1553	C	0.170	-0.06277493
1554	C	0.157	-0.07539713
1555	A	0.421	-0.08700266
1556	T	0.500	-0.1049011
1557	C	0.373	-0.1131294
1558	T	0.463	-0.1220839
1559	C	0	-0.1398183
 1560	A	-0.431	-0.1607671
1561	A	-0.458	-0.1858073
1562	A	-0.435	-0.1984915
1563	A	-0.458	-0.2125869
1564	A	-0.436	-0.2101927
1565	A	-0.235	-0.208841
1566	A	-0.445	-0.2265325
1567	A	-0.432	-0.2479649
1568	A	-0.426	-0.268351
1569	A	-0.412	-0.2884921
1570	A	-0.478	-0.3199174
1571	A	-0.327	-0.3531388
1572	T	-0.323	-0.3825816
1573	A	-0.360	-0.4124477
1574	A	-0.426	-0.4286542
1575	A	-0.489	-0.430646
1576	T	-0.463	-0.4286852
1577	A	-0.480	-0.4189391
1578	A	-0.402	-0.4178599
1579	A	-0.480	-0.419019
1580	A	-0.480	-0.4268194
1581	T	-0.389	-0.4229789
1582	A	-0.420	-0.4227546
1583	A	-0.426	-0.4237302
1584	A	-0.489	-0.4268249
1585	T	-0.463	-0.4271425
1586	A	-0.480	-0.4309632
1587	A	-0.402	-0.4205919
1588	A	-0.469	-0.4091692
1589	A	-0.488	-0.3787641
1590	T	-0.402	-0.3670322
1591	A	-0.152	-0.3640128
1592	A	-0.427	-0.3461459
1593	A	-0.469	-0.3467406
1594	A	-0.462	-0.3480309
1595	T	-0.333	-0.3504277
1596	A	-0.425	-0.3530413
1597	A	-0.454	-0.3415509
1598	A	-0.502	-0.3186824
1599	A	-0.487	-0.2868893
1600	A	-0.438	-0.2617772
1601	G	-0.022	-0.2300975
1602	A	-0.029	-0.2085785
1603	G	0.455	-0.1773034
1604	G	-0.149	-0.1453966
1605	A	-0.375	-0.1194465
1606	A	0.037	-0.1089382
1607	G	-0.419	-0.0852957
1608	A	-0.517	-0.07339942
1609	A	-0.550	-0.0512597
1610	A	-0.465	-0.02786121
1611	G	-0.087	-0.0117594
1612	G	0.236	0.01122046
1613	C	0.432	0.04095391
1614	C	0.264	0.07278984
1615	A	0.437	0.1021166
1616	G	0.221	0.1059064
1617	G	0.436	0.1100224
1618	C	0.436	0.1066668
1619	T	0.350	0.1280875
1620	C	0.151	0.1466796
1621	A	0.258	0.1557076
1622	G	-0.124	0.1611961
1623	T	0.180	0.1665571
1624	G	0.344	0.1740298
1625	G	0.041	0.1919172
1626	C	0.211	0.1956962
1627	T	0.359	0.2021138
1628	C	0.435	0.1961262
1629	A	0.411	0.1888526
1630	T	0.087	0.1803095
1631	G	0.089	0.1833873
1632	C	0.357	0.1810246
1633	C	0.471	0.1806412
1634	T	0.163	0.1770439
1635	G	0.299	0.1754491
1636	T	-0.260	0.1580939
1637	A	-0.362	0.1694419
1638	A	-0.333	0.1781759
1639	T	0.052	0.1662884
1640	T	0.022	0.1730073
1641	C	0.422	0.1689135
1642	C	0.258	0.1573512
1643	A	0.053	0.1540497
1644	G	0.190	0.1414426
1645	C	0.310	0.1360046
1646	A	0.368	0.1225082
1647	C	0.425	0.1165461
1648	C	0.246	0.1085237
1649	T	0.105	0.1107617
1650	T	-0.245	0.115838
1651	G	0.204	0.1290828
1652	G	0.433	0.1553473
1653	G	0	0.1782926
 1654	A	0.236	0.1764666
1655	G	0.093	0.1616682
1656	G	0.024	0.1401238
1657	C	0.340	0.1312007
1658	C	0.046	0.1433337
1659	A	-0.070	0.1496053
1660	A	-0.301	0.1545779
1661	G	0.184	0.1572363
1662	G	0.239	0.1553348
1663	C	0.228	0.1547007
1664	A	0.446	0.1387489
1665	C	0.123	0.1542333
1666	G	0.399	0.1484492
1667	C	0.331	0.1472144
1668	A	0	0.1610407
 1669	G	-0.406	0.1615777
1670	A	-0.202	0.1653079
1671	T	0	0.1555266
 1672	C	0.405	0.1449738
1673	A	0.372	0.1355132
1674	C	0.454	0.1337987
1675	C	0.445	0.1543997
1676	T	0.370	0.1523251
1677	G	0.227	0.1495159
1678	A	-0.356	0.128353
1679	G	0.204	0.1166498
1680	G	0.036	0.1120447
1681	T	0.397	0.1108006
1682	C	0.400	0.1046699
1683	A	0.251	0.1029799
1684	G	0.201	0.1246154
1685	G	-0.259	0.1343531
1686	A	0.034	0.1493451
1687	G	-0.228	0.1490409
1688	T	-0.120	0.1472808
1689	T	0.295	0.1458892
1690	C	0.124	0.1443876
1691	G	0.157	0.1417736
1692	A	-0.385	0.1236213
1693	G	0.106	0.126606
1694	A	-0.010	0.1187209
1695	C	0.363	0.1075132
1696	C	0.154	0.1040307
1697	A	-0.049	0.09713028
1698	G	0.220	0.08330377
1699	C	0.080	0.07102901
1700	C	0.434	0.07942989
1701	T	0.396	0.06306854
1702	G	0.320	0.05958764
1703	G	0.414	0.05383964
1704	C	0.402	0.04915368
1705	C	0.294	0.05216771
1706	A	-0.298	0.05580778
1707	A	-0.270	0.07813399
1708	C	-0.024	0.08125013
1709	A	-0.288	0.08713389
1710	T	0.296	0.08839882
1711	G	0.200	0.09957492
1712	G	-0.149	0.1182452
1713	A	-0.154	0.1256583
1714	G	-0.015	0.1115821
1715	A	-0.440	0.1138109
1716	A	-0.329	0.08590606
1717	A	-0.286	0.06382803
1718	T	0.160	0.03231023
1719	C	0.212	0.003722717
1720	C	0.263	-0.02310442
1721	C	0.261	-0.02705132
1722	A	0.197	-0.02869939
1723	T	0.160	-0.03113969
1724	C	0.399	-0.0168009
1725	T	0.478	-0.04244683
1726	C	0.492	-0.06490687
1727	T	0.435	-0.07446297
1728	A	-0.328	-0.08211635
1729	C	0.499	-0.09386282
1730	T	-0.412	-0.09129575
1731	A	-0.319	-0.0862122
1732	A	-0.499	-0.08255372
1733	A	-0.427	-0.08022937
1734	A	-0.483	-0.07900503
1735	A	-0.413	-0.07314072
1736	T	-0.318	-0.06762758
1737	A	-0.095	-0.07336714
1738	C	0.127	-0.06926659
1739	A	-0.447	-0.06795418
1740	A	-0.450	-0.07159369
1741	A	-0.426	-0.08458673
1742	A	-0.376	-0.09488121
1743	A	-0.356	-0.08764807
1744	T	-0.365	-0.1038104
1745	T	-0.181	-0.07531988
1746	A	-0.180	-0.05188553
1747	G	0.227	-0.01970653
1748	C	0.247	0.007611776
1749	C	0.433	0.01424416
1750	G	0.421	0.03056262
1751	G	0.030	0.03750159
1752	G	0.279	0.03874746
1753	C	0.437	0.04867629
1754	A	0.372	0.07975777
1755	T	0.115	0.09101236
1756	G	0.136	0.1041379
1757	G	-0.118	0.1047894
1758	T	0.030	0.1036514
1759	G	0.413	0.1049241
1760	G	0.360	0.1095559
1761	C	0.433	0.1254299
1762	G	0.365	0.1273536
1763	G	-0.291	0.129127
1764	A	0.060	0.1235778
1765	T	-0.116	0.1208919
1766	G	-0.059	0.1080458
1767	C	0.415	0.09278304
1768	C	0.454	0.06740456
1769	T	-0.124	0.05686904
1770	G	-0.045	0.06500611
1771	T	-0.357	0.06951994
1772	A	-0.389	0.07916498
1773	A	-0.329	0.08273975
1774	T	-0.047	0.0657923
1775	C	0.279	0.0581705
1776	C	0.283	0.03449437
1777	C	0.298	0.03243688
1778	A	0.272	0.05570278
1779	T	0.343	0.05761841
1780	C	-0.341	0.06087528
1781	T	-0.163	0.04508071
1782	A	-0.297	0.04121933
1783	C	0.067	0.02772815
1784	T	0.351	0.0380077
1785	T	0.267	0.0458916
1786	G	0.161	0.05661063
1787	G	0.134	0.06063963
1788	G	-0.077	0.06185228
1789	A	0.139	0.04904275
1790	G	-0.252	0.0285653
1791	G	0.305	0.004341576
1792	C	0.383	-0.002980841
1793	T	0.115	-0.006756117
1794	G	-0.022	-0.01149615
1795	A	-0.517	0.0149633
1796	G	0.303	0.02591516
1797	G	0.062	0.03462997
1798	C	0.174	0.04197587
1799	A	0.182	0.03312059
1800	C	-0.046	0.02812731
1801	G	-0.272	0.03772466
1802	A	-0.293	0.04216672
1803	G	-0.418	0.06125259
1804	A	-0.314	0.0459629
1805	A	-0.419	0.04210166
1806	T	0.086	0.0145898
1807	C	0.162	0.004526528
1808	A	0.206	-0.006143783
1809	C	0.425	0.006563866
1810	T	0.154	0.03125362
1811	T	-0.045	0.01703735
1812	G	0.280	0.0100725
1813	G	0.094	-0.003665676
1814	A	0.122	-0.006653966
1815	C	0.439	-0.006282317
1816	C	0.263	0.00832189
1817	C	0.475	0.01257234
1818	A	-0.304	0.02371251
1819	G	-0.364	0.02745775
1820	A	-0.492	0.03798634
1821	A	0.091	0.03438294
1822	G	-0.193	0.03527491
1823	G	0.346	0.04053008
1824	C	0.198	0.03184094
1825	A	-0.109	0.0365715
1826	A	-0.139	0.03394724
1827	A	-0.224	0.03335579
1828	G	0.096	0.02183876
1829	G	-0.036	0.0004774138
1830	T	0.151	-0.01626438
1831	T	-0.170	-0.0216339
1832	G	-0.095	-0.04293686
1833	A	-0.205	-0.03999876
1834	G	-0.113	-0.02490758
1835	G	-0.017	-0.01436644
1836	T	0.188	-0.03205756
1837	G	0.358	-0.01085642
1838	G	0.173	-0.01389276
1839	A	0.291	-0.007532038
1840	G	-0.121	-0.001929579
1841	G	0.262	-0.0148621
1842	T	-0.239	-0.01728517
1843	T	-0.496	-0.0147136
1844	A	-0.045	-0.02134462
1845	C	0.107	-0.01240021
1846	A	-0.141	0.007369617
1847	G	-0.218	0.01523438
1848	T	0.072	0.02232531
1849	G	-0.186	0.04194313
1850	A	-0.421	0.04996167
1851	G	0.421	0.03944263
1852	C	0.257	0.03750929
1853	C	0.383	0.04184784
1854	A	0.053	0.03579481
1855	A	-0.514	0.04571508
1856	A	-0.294	0.04336508
1857	G	0.170	0.04545601
1858	T	-0.228	0.07615736
1859	C	0.410	0.09203181
1860	G	0.402	0.1015215
1861	T	0.132	0.0978065
1862	G	0	0.1090295
 1863	C	0.455	0.1208558
1864	C	0.214	0.1424165
1865	A	-0.116	0.1717429
1866	C	0.302	0.1685441
1867	T	0.299	0.1745896
1868	G	0.115	0.1758111
1869	C	0.166	0.1848838
1870	A	0.194	0.2031578
1871	C	-0.178	0.2176813
1872	T	0.393	0.201085
1873	C	0.414	0.194647
1874	C	0.382	0.167247
1875	A	-0.249	0.1399664
1876	G	0.106	0.1456834
1877	C	0.415	0.1599858
1878	C	0.438	0.1583113
1879	T	0.428	0.1430906
1880	G	0.328	0.1507182
1881	G	0.433	0.1414691
1882	G	0.418	0.1400418
1883	C	0.316	0.1404481
1884	A	0.015	0.1460156
1885	A	0.126	0.1457078
1886	C	-0.310	0.1648653
1887	A	-0.415	0.1692098
1888	G	-0.384	0.1684848
1889	A	-0.388	0.1578758
1890	G	0.298	0.1539015
1891	C	0.414	0.1362994
1892	A	0.406	0.1070644
1893	G	-0.226	0.07548456
1894	G	0.104	0.044459
1895	A	0.034	0.01910111
1896	C	0.258	-0.009651272
1897	T	0.127	-0.0385882
1898	C	0.327	-0.06705807
1899	C	0.185	-0.07552953
1900	G	0.377	-0.0836858
1901	T	0.519	-0.08082053
1902	T	0.393	-0.07451146
1903	T	0.075	-0.06763015
1904	C	-0.364	-0.06508701
1905	A	-0.403	-0.08821401
1906	A	-0.432	-0.1093123
1907	A	-0.477	-0.1394274
1908	A	-0.470	-0.1474218
1909	A	-0.407	-0.1615848
1910	A	-0.400	-0.1729276
1911	A	-0.420	-0.1740301
1912	A	-0.509	-0.1684512
1913	A	-0.229	-0.1672645
1914	A	-0.110	-0.1781541
1915	G	-0.227	-0.1937329
1916	G	-0.232	-0.1950276
1917	A	-0.184	-0.196518
1918	A	-0.314	-0.186379
1919	G	-0.372	-0.161464
1920	A	-0.197	-0.1546875
1921	G	-0.466	-0.1339193
1922	A	-0.458	-0.1250078
1923	G	-0.305	-0.1066308
1924	A	-0.294	-0.07820094
1925	C	0.226	-0.05619822
1926	C	0.289	-0.03303732
1927	T	0.362	-0.01547867
1928	G	-0.129	0.00694171
1929	A	-0.074	0.02571688
1930	G	0.482	0.04321519
1931	C	0.350	0.04249823
1932	T	0.369	0.05424143
1933	T	0.357	0.07083143
1934	G	-0.207	0.07538261
1935	C	0.170	0.07828774
1936	A	-0.218	0.1111991
1937	C	0.062	0.1336627
1938	A	0.417	0.1417299
1939	C	0.237	0.1549648
1940	A	0.251	0.1405323
1941	G	0	0.1237969
 1942	C	0.420	0.1044951
1943	C	0.434	0.0954013
1944	T	0.280	0.09274764
1945	G	-0.252	0.07940451
1946	C	0.156	0.07435858
1947	T	0.166	0.0753353
1948	A	-0.240	0.07759571
1949	G	-0.112	0.09494116
1950	C	0.487	0.07523989
1951	C	0.192	0.08955244
1952	A	-0.071	0.1018547
1953	T	0.089	0.1043892
1954	G	-0.192	0.09227818
1955	T	-0.195	0.08821539
1956	G	-0.197	0.1032571
1957	A	-0.393	0.1020787
1958	T	-0.151	0.0987889
1959	G	0.095	0.08017373
1960	C	0.204	0.07582328
1961	C	0.397	0.0611039
1962	C	0.423	0.04712966
1963	T	0.295	0.04173273
1964	G	-0.401	0.0611169
1965	T	0.196	0.05715894
1966	G	0.418	0.06499646
1967	C	0.490	0.08318407
1968	T	-0.113	0.08935331
1969	A	0.133	0.1105279
1970	C	0.436	0.1235817
1971	C	0.386	0.1365384
1972	T	0.339	0.1447617
1973	C	-0.259	0.1499937
1974	A	-0.379	0.156994
1975	A	-0.270	0.1620652
1976	G	-0.238	0.1628639
1977	A	-0.397	0.1604663
1978	C	0.449	0.1638717
1979	T	0.372	0.1905797
1980	C	0.420	0.1920016
1981	T	0.455	0.1683611
1982	G	0.268	0.133574
1983	C	0.421	0.1460075
1984	A	0.182	0.1576131
1985	G	0.178	0.137187
1986	A	-0.155	0.1122797
1987	G	0	0.08600231
 1988	T	0.298	0.07668152
1989	C	0.351	0.07836124
1990	C	0.420	0.09460821
1991	C	0.353	0.1157414
1992	C	0.394	0.141423
1993	A	0.373	0.1392361
1994	C	0.237	0.131456
1995	C	-0.266	0.12376
1996	A	-0.517	0.09374003
1997	G	0.246	0.07402321
1998	C	0.469	0.05345924
1999	A	-0.156	0.05721341
2000	A	-0.336	0.03448086
2001	G	-0.422	0.03680224
2002	A	-0.530	0.02924976
2003	A	-0.330	0.01896255
2004	G	0.200	0.01515679
2005	G	0.374	-0.003896655
2006	C	0.347	-0.01433584
2007	C	0.385	-0.04204315
2008	C	0.147	-0.05731171
2009	T	0.196	-0.05380674
2010	T	-0.414	-0.03448081
2011	G	-0.303	-0.003049297
2012	A	-0.174	0.002921497
2013	T	0.291	0.0003530828
2014	T	-0.481	0.01770374
2015	T	-0.087	0.04485281
2016	T	-0.219	0.07474574
2017	G	0	0.1081557
 2018	G	0.240	0.1351598
2019	A	-0.132	0.1143312
2020	T	0.050	0.08671519
2021	A	-0.409	0.08046029
2022	T	-0.069	0.07020991
2023	C	0.339	0.07321146
2024	T	0.293	0.07054515
2025	C	0.393	0.07550708
2026	A	0.420	0.08665498
2027	G	0.395	0.07855171
2028	C	0.347	0.05746467
2029	C	0.451	0.06220312
2030	T	0.443	0.05169095
2031	C	0.438	0.04304981
2032	C	0.452	0.03157012
2033	A	-0.403	0.01043302
2034	G	-0.426	0.001559155
2035	A	0.166	-0.01598728
2036	A	0.088	-0.01260225
2037	C	0.234	-0.0128501
2038	T	0.119	-0.02331248
2039	G	-0.271	-0.03268429
2040	T	0.019	-0.03290229
2041	A	-0.409	-0.03680953
2042	A	-0.319	-0.04542553
2043	G	-0.343	-0.04606822
2044	A	-0.392	-0.06008031
2045	A	-0.469	-0.05812331
2046	A	-0.332	-0.05730304
2047	T	-0.372	-0.07166823
2048	A	-0.389	-0.07432302
2049	A	-0.457	-0.07643895
2050	A	-0.310	-0.09205092
2051	T	-0.076	-0.1038484
2052	T	0.035	-0.1278805
2053	T	0.022	-0.1472365
2054	C	0.387	-0.144322
2055	T	0.306	-0.1350278
2056	C	0.145	-
2057	T	0.328	-
2058	T	0.044	-
2059	C	0.500	-
2060	T	0.462	-
2061	T	0.036	-
2062	T	-0.480	-
2063	A	-0.488	-
2064	A	-0.286	-
2065	A	-0.253	-
2066	A	-0.462	-
2067	A	-0.441	-
2068	T	-0.186	-
2069	T	0.289	-
