1	C	0.427	-
2	A	0.047	-
3	G	0.183	-
4	G	-0.116	-
5	C	0.296	-
6	C	0.436	0.2452787
7	T	0.308	0.1665914
8	G	0.406	0.1643641
9	C	0.403	0.1491002
10	T	0.351	0.1417976
11	C	0.366	0.08245331
12	T	-0.165	0.06577897
13	A	-0.517	0.05655472
14	A	0.020	0.02385301
15	C	0	0.007309342
 16	A	-0.204	-0.05721891
17	A	-0.415	-0.05519374
18	T	0.236	-0.009058325
19	G	0.197	0.01049817
20	T	0.013	0.005373808
21	G	0.205	-0.02812394
22	A	-0.423	-0.01609449
23	C	0.390	0.02761676
24	G	0.388	0.03706101
25	T	-0.282	0.027854
26	G	-0.040	0.04308888
27	A	-0.401	0.05498997
28	T	-0.059	0.1259981
29	G	0.108	0.1316044
30	T	0.349	0.139373
31	G	0.087	0.1926839
32	T	0.196	0.2178569
33	C	0.347	0.2168489
34	C	0.428	0.1930655
35	T	0.457	0.1516417
36	T	0.481	0.1214995
37	C	0.357	0.07612346
38	T	0.261	0.02216912
39	A	-0.414	0.01015504
40	G	-0.345	0.001654542
41	A	-0.388	-0.008367708
42	C	-0.012	-0.02263354
43	A	-0.457	-0.06057578
44	A	-0.451	-0.1092637
45	G	0.203	-0.1101592
46	G	0.326	-0.09640212
47	C	0.337	-0.09757862
48	C	0.310	-0.1187439
49	A	-0.098	-0.1003561
50	A	-0.322	-0.06934731
51	T	-0.424	-0.1140976
52	A	-0.180	-0.1257512
53	T	-0.402	-0.1576043
54	T	-0.266	-0.1385311
55	A	-0.236	-0.1640479
56	A	-0.078	-0.1213003
57	T	-0.333	-0.08589906
58	G	0.187	-0.1053461
59	A	-0.044	-0.09695289
60	T	0.539	-0.08490189
61	G	-0.404	-0.04845464
62	A	0.190	-0.005198825
63	C	0	0.05354659
 64	A	-0.413	0.05027567
65	T	-0.301	0.04945282
66	A	-0.121	0.01112586
67	T	0.200	0.07507744
68	C	0.440	0.04430669
69	T	0.371	0.02433811
70	G	0.147	0.02482102
71	C	-0.054	0.03977969
72	A	0.079	0.05705582
73	C	0.363	0.08348666
74	A	-0.179	0.03984548
75	G	-0.239	0.01716693
76	G	-0.407	0.00485385
77	A	-0.122	-0.03578505
78	A	0.085	-0.08380009
79	G	0.517	-0.1452867
80	C	-0.083	-0.1611528
81	A	0.099	-0.1065203
82	C	0	-0.04536701
 83	A	-0.542	0.002019825
84	A	-0.497	0.03267194
85	A	-0.374	0.008195608
86	G	-0.369	0.04843687
87	C	0.415	0.06111008
88	T	0.326	0.02224392
89	C	0.446	0.0595323
90	T	0.453	0.1371176
91	G	0.223	0.2009495
92	G	0.399	0.2528619
93	T	0.251	0.2536171
94	T	-0.466	0.2607532
95	A	-0.094	0.2158907
96	C	0.433	0.168922
97	C	0.391	0.1799837
98	A	0.253	0.1201919
99	C	0.425	0.09657439
100	T	0.411	0.165942
101	G	-0.092	0.2001133
102	G	-0.110	0.1433149
103	A	0.356	0.1247436
104	A	-0.318	0.1144986
105	G	-0.031	0.07364578
106	C	0.366	0.07120462
107	C	0.315	0.08478022
108	G	-0.247	0.1244793
109	T	0.168	0.1304308
110	C	0.130	0.1932613
111	T	-0.065	0.2344955
112	T	0.382	0.2196204
113	G	0.070	0.1632668
114	C	0.366	0.1554755
115	C	0.428	0.1060575
116	C	0.435	0.0509919
117	C	0.463	0.04461746
118	C	0.187	0.0157107
119	A	-0.360	0.04202808
120	T	-0.341	0.04718724
121	A	-0.424	0.04214424
122	A	-0.530	0.04020866
123	A	-0.141	0.04332316
124	C	0.035	0.05172941
125	C	0.386	0.03684941
126	A	0.428	0.06304257
127	G	0.367	0.06872282
128	C	0.412	0.1012437
129	C	0.500	0.1238795
130	T	0.288	0.125144
131	T	-0.539	0.06642978
132	A	-0.026	0.06363212
133	G	-0.356	0.06525928
134	G	-0.140	0.04209645
135	A	0.129	0.01054553
136	T	0.050	-0.009727467
137	G	-0.317	0.02569087
138	C	0.394	0.04460395
139	C	0.387	0.1031054
140	A	0.134	0.1229149
141	C	0.121	0.1229812
142	T	0.045	0.147061
143	G	-0.114	0.1815461
144	A	0.200	0.1257429
145	T	0.345	0.07604448
146	G	0.097	0.05628973
147	C	0.130	0.05796023
148	T	0.339	0.0832464
149	G	0.095	0.1142356
150	T	-0.275	0.1391001
151	A	-0.209	0.07774965
152	T	-0.102	0.02729758
153	G	0.141	-0.007427333
154	G	0.348	-0.06681408
155	C	0.257	-0.06234358
156	A	0.498	-0.04859192
157	G	-0.390	0.006748917
158	A	-0.507	-0.01452842
159	A	-0.285	-0.05490542
160	T	-0.372	-0.1287517
161	G	0.149	-0.1654775
162	G	-0.110	-0.1932911
163	A	0.454	-0.1545229
164	G	-0.357	-0.1263511
165	T	-0.342	-0.08680639
166	A	-0.537	-0.07509097
167	A	-0.183	-0.1194966
168	C	0.164	-0.138294
169	A	0.074	-0.1996909
170	G	-0.169	-0.1993071
171	A	0.188	-0.1728789
172	G	-0.232	-0.1316759
173	A	-0.383	-0.1045168
174	G	-0.335	-0.09961293
175	A	-0.281	-0.07611138
176	A	-0.353	-0.03515221
177	T	-0.025	-0.08294946
178	T	-0.043	-0.07941587
179	T	0.142	-0.08476962
180	G	0.223	-0.09304537
181	C	0.356	-0.1058077
182	A	0.321	-0.1192367
183	G	-0.385	-0.1424729
184	A	-0.189	-0.1763327
185	A	-0.447	-0.2146788
186	T	-0.434	-0.2261134
187	A	-0.435	-0.2538512
188	A	-0.514	-0.2896918
189	A	-0.304	-0.2687443
190	G	-0.449	-0.2169819
191	A	-0.317	-0.1773983
192	A	0.086	-0.1501018
193	G	0.023	-0.131409
194	G	-0.108	-0.1038531
195	G	-0.133	-0.04175988
196	A	0.431	0.01833562
197	C	0.027	0.03713043
198	A	-0.107	0.006836292
199	A	-0.210	0.04026828
200	T	-0.183	0.06806862
201	G	0.440	0.1121626
202	C	0.271	0.1135919
203	A	-0.092	0.1388454
204	G	-0.277	0.1606918
205	T	0.425	0.1663929
206	C	0.225	0.2044626
207	A	0.395	0.2037085
208	C	0.448	0.185816
209	C	0.330	0.1889676
210	A	0.154	0.2412957
211	G	-0.142	0.207125
212	G	0.273	0.1916453
213	T	0.431	0.1267776
214	C	0.056	0.04689683
215	A	-0.054	-0.02623258
216	G	0.350	-0.07477275
217	C	0.014	-0.06591638
218	A	0.039	-0.08485371
219	T	-0.382	-0.1125356
220	T	-0.510	-0.158439
221	A	-0.547	-0.1460611
222	A	-0.427	-0.1563928
223	G	-0.036	-0.1381176
224	G	0.045	-0.1044586
225	G	0.099	-0.04074882
226	A	-0.493	0.01839202
227	A	0.094	0.08121418
228	G	0.226	0.1356702
229	G	0.234	0.1715698
230	C	0.443	0.2023436
231	T	0.381	0.1993454
232	T	0.199	0.2478371
233	G	0.206	0.2510911
234	G	0.225	0.2627134
235	C	0.394	0.2332862
236	T	0.415	0.1822428
237	G	0.063	0.1660477
238	C	0.088	0.1827041
239	A	0.133	0.2004596
240	T	0.366	0.2114683
241	C	-0.118	0.2150151
242	A	-0.169	0.2154367
243	T	0.187	0.2221864
244	C	0.399	0.2097039
245	T	0.419	0.2315134
246	G	0.357	0.22606
247	C	0.437	0.2478903
248	C	0.420	0.2480721
249	A	0.144	0.2632364
250	C	-0.061	0.2630567
251	T	0.395	0.2152852
252	C	0.300	0.2084516
253	T	0.143	0.2078758
254	G	-0.166	0.1840674
255	C	0.369	0.1766933
256	T	0.397	0.2135985
257	G	-0.153	0.1710056
258	C	0.275	0.154854
259	T	0.430	0.1383414
260	G	0.134	0.1828294
261	C	0.056	0.1763241
262	T	0.381	0.1801276
263	G	-0.116	0.1965596
264	A	0.107	0.1990213
265	C	-0.055	0.1935763
266	T	0.367	0.1698196
267	C	0.291	0.1792209
268	T	0.442	0.1616399
269	G	0.043	0.1896084
270	C	0.305	0.2075059
271	C	0.365	0.2278396
272	A	-0.150	0.2043717
273	G	0.168	0.1708104
274	T	0.170	0.1457691
275	G	0.219	0.1444245
276	G	0.321	0.137379
277	G	0.188	0.1418208
278	G	0.085	0.1386011
279	A	-0.111	0.1585501
280	C	0.142	0.1413512
281	A	0.027	0.1230525
282	G	0.220	0.112445
283	C	0.418	0.1282254
284	A	-0.189	0.1577173
285	C	0.408	0.1795822
286	A	-0.036	0.1992149
287	T	0	0.2173875
 288	G	0.194	0.2118261
289	C	0.378	0.191456
290	T	0.439	0.2401489
291	T	0.150	0.2121199
292	C	0.377	0.2245531
293	C	0.245	0.2119641
294	T	0.154	0.2328757
295	T	0.173	0.2354465
296	C	0.395	0.2208318
297	T	0.071	0.2256538
298	A	0.112	0.2124106
299	C	-0.151	0.2139797
300	G	0.445	0.2362698
301	C	0.409	0.2095842
302	T	0.263	0.1858034
303	T	0.208	0.1888454
304	G	0.219	0.1830118
305	C	0.264	0.1972488
306	C	0.421	0.166462
307	T	-0.146	0.1228122
308	G	0.109	0.065636
309	A	0.108	0.05241522
310	G	0.042	0.04334197
311	C	0.019	-0.02303012
312	A	0.076	-0.05816778
313	G	-0.114	-0.02474512
314	A	-0.422	-0.01524653
315	G	0.050	0.01105638
316	T	0.110	0.03168572
317	T	-0.531	0.04871762
318	A	0	0.07306747
 319	G	0.254	0.1152029
320	C	0.223	0.1754405
321	C	0.424	0.2014086
322	A	0.290	0.2247318
323	G	0.224	0.2919788
324	G	0.368	0.3009272
325	C	0.390	0.269928
326	C	0.300	0.2873743
327	C	0.361	0.2905621
328	T	0.390	0.3006292
329	C	0.274	0.2943557
330	T	0.107	0.2976988
331	G	-0.117	0.3045542
332	T	0.433	0.3116792
333	C	0.462	0.2955836
334	T	0.411	0.2268516
335	T	0.148	0.1752971
336	G	0.408	0.1443203
337	C	0.473	0.1176328
338	A	0.386	0.1151362
339	T	0.168	0.03722125
340	G	-0.434	-0.03909233
341	A	-0.343	-0.08264525
342	G	-0.264	-0.08442758
343	A	-0.437	-0.08810508
344	T	0.403	-0.08816492
345	T	-0.472	-0.1380763
346	G	-0.504	-0.1365578
347	A	-0.373	-0.1291682
348	G	0.386	-0.073491
349	T	0.429	-0.06060925
350	G	0.385	-0.07556008
351	T	-0.430	-0.0028625
352	G	-0.416	0.06067292
353	A	-0.254	0.1273943
354	T	0.403	0.1141222
355	T	-0.282	0.09158458
356	C	0.223	0.05358432
357	T	0.399	0.09466137
358	G	0.257	0.1293723
359	G	0.426	0.1355527
360	G	0.227	0.06676029
361	G	0.158	0.05515504
362	A	-0.070	-0.008919375
363	T	0.062	-0.04378176
364	G	0	-0.03700434
 365	C	-0.180	-0.07635633
366	A	-0.421	-0.05484683
367	A	-0.422	-0.08081742
368	A	-0.545	-0.07187255
369	T	-0.018	-0.08580761
370	C	0.339	-0.1256969
371	A	-0.045	-0.08645944
372	G	0.485	-0.01433394
373	G	-0.152	0.05909356
374	A	0.036	0.1381821
375	T	-0.104	0.1669288
376	G	-0.478	0.1497214
377	T	0.290	0.175226
378	C	0.443	0.1039078
379	T	0.458	0.1432176
380	C	0.403	0.1222458
381	T	0.326	0.1050174
382	G	0.132	0.1028157
383	G	0.260	0.05817242
384	G	-0.370	0.04436317
385	A	0.318	-0.008395583
386	A	-0.214	-0.02006225
387	G	-0.311	-0.01724683
388	A	-0.505	-0.03386749
389	A	-0.245	-0.06368748
390	T	0.278	-0.02192848
391	T	-0.174	-0.01803198
392	G	0.263	-0.0001253167
393	C	0.360	0.03970635
394	A	-0.066	0.07854532
395	T	-0.097	0.1309564
396	T	0.131	0.09385457
397	G	0.365	0.1279249
398	T	0	0.1509416
 399	G	0.166	0.1603003
400	T	-0.039	0.1349806
401	A	0.383	0.1513193
402	G	-0.167	0.1132247
403	G	0.234	0.08452327
404	T	0.540	0.1133578
405	T	0.472	0.1082678
406	A	-0.370	0.08490564
407	T	0.098	0.04085681
408	T	-0.326	0.02221023
409	T	0.021	-0.02232577
410	C	0.346	-0.1093199
411	A	0.105	-0.1861191
412	A	-0.319	-0.1836773
413	T	-0.145	-0.2319905
414	T	-0.390	-0.202689
415	T	-0.299	-0.2477512
416	A	-0.503	-0.3151948
417	A	-0.449	-0.2954545
418	G	-0.341	-0.2512093
419	A	-0.480	-0.2029813
420	A	0.025	-0.1395588
421	G	-0.519	-0.1210307
422	T	-0.463	-0.04601082
423	A	0.342	-0.001120833
424	G	0.211	-0.01057117
425	C	0.433	0.01119208
426	T	0.370	-0.001576125
427	G	-0.077	0.004777958
428	C	0.396	0.01810063
429	A	0.089	-0.04695696
430	A	-0.454	-0.04034221
431	G	-0.219	-0.05757604
432	A	-0.127	-0.05017862
433	A	-0.443	-0.0370925
434	G	-0.303	-0.1022518
435	A	-0.438	-0.1530024
436	T	0.290	-0.1426189
437	T	0.226	-0.1243152
438	C	0.458	-0.1217917
439	C	0.079	-0.05144033
440	A	-0.385	-0.05351074
441	A	-0.519	0.000116925
442	A	-0.330	-0.04077566
443	C	0	-0.06058677
 444	A	-0.097	-0.1108094
445	C	0.400	-0.09624328
446	A	-0.328	-0.02516362
447	T	0.205	0.05567188
448	T	-0.199	0.1219213
449	T	-0.011	0.1275288
450	T	-0.143	0.09335163
451	G	0.254	0.03199704
452	C	0.467	0.03129529
453	C	0.450	0.05029671
454	T	0.464	0.08217671
455	C	0.067	0.1039042
456	A	-0.507	0.1536996
457	A	-0.335	0.1413002
458	G	-0.336	0.1191274
459	T	0.433	0.0940834
460	C	0.182	0.05760056
461	A	0.249	0.06053924
462	C	0.453	0.08938474
463	C	0.105	0.1583627
464	T	0.201	0.1807963
465	C	0.149	0.169364
466	A	0.027	0.1449689
467	A	0.102	0.1318158
468	G	-0.161	0.1030301
469	T	0.492	0.04909118
470	T	-0.067	0.04342693
471	T	0.295	0.04937402
472	C	-0.109	0.07340802
473	T	0.091	0.09161811
474	A	0.108	0.1397141
475	A	-0.541	0.1363468
476	T	0.133	0.1642967
477	C	0.221	0.1534292
478	T	0.315	0.1858987
479	T	0.321	0.2105231
480	C	0.415	0.2095684
481	C	0.451	0.2601678
482	T	0.267	0.2405597
483	G	0.165	-
484	C	0.279	-
485	T	0.387	-
486	G	0.096	-
487	G	0.065	-
488	A	-0.101	-
