1	T	0.529	-
2	G	-0.133	-
3	A	-0.220	-
4	A	-0.514	-
5	A	-0.486	-
6	T	-0.042	0.009758091
7	T	0.385	-0.05309127
8	T	0.151	-0.01976591
9	C	0.513	-0.01031718
10	A	0.014	0.06282964
11	T	-0.089	0.1088261
12	T	-0.161	0.1065278
13	C	0.232	0.03093064
14	T	-0.116	-0.02916318
15	G	0.290	-0.08292947
16	A	0.019	-0.05508269
17	T	-0.068	-0.0053586
18	T	-0.446	0.009340945
19	T	-0.509	0.01345622
20	T	-0.078	0.06617104
21	C	0.320	0.05943831
22	T	0.457	0.07944457
23	G	0	0.07326262
 24	G	0.277	0.09868562
25	C	0.463	0.1160254
26	T	0.216	0.1450759
27	G	0.239	0.1380725
28	A	-0.136	0.07742027
29	A	-0.166	0.05111964
30	G	-0.318	0.01407345
31	A	0.241	-0.01892818
32	C	0.243	-0.03455627
33	T	-0.209	-0.03944727
34	A	-0.289	-0.03798682
35	T	-0.129	-0.006276182
36	T	0.100	0.055347
37	C	0.044	0.005438
38	T	0.185	0.006376273
39	C	-0.120	0.06528882
40	T	0.182	0.0842748
41	T	0.359	0.1243923
42	T	-0.307	0.1013565
43	G	0.253	0.07139025
44	T	0.438	0.06229658
45	G	-0.080	0.1101189
46	T	0.311	0.1305265
47	A	-0.152	0.1370002
48	T	-0.285	0.2031999
49	G	0.085	0.2079229
50	T	0.405	0.1880279
51	C	0.406	0.213214
52	C	0.430	0.185865
53	A	0.420	0.1877826
54	C	0.305	0.2191857
55	C	0.219	0.1969821
56	A	0.196	0.1994433
57	C	0.010	0.1689081
58	A	-0.131	0.1715125
59	G	0.059	0.1733824
60	T	-0.158	0.1213372
61	T	0.432	0.06299748
62	A	0.070	0.01192194
63	C	0.459	0.03106376
64	T	0.441	0.08057485
65	T	-0.266	0.1144808
66	T	-0.421	0.1420253
67	A	-0.365	0.1145132
68	T	0.221	0.1149959
69	C	0.413	0.07791393
70	C	0.432	0.02753584
71	C	0.144	0.07233811
72	T	0.130	0.15002
73	T	0.076	0.216827
74	C	0.051	0.209248
75	A	-0.113	0.2090901
76	T	0.226	0.1822735
77	C	0.432	0.1801339
78	T	0.369	0.188769
79	G	0.138	0.2082698
80	T	0.411	0.2294894
81	G	0.137	0.2430639
82	G	0.121	0.2567756
83	A	0.225	0.2537063
84	T	0.290	0.2201034
85	G	0.284	0.227211
86	G	0.036	0.198624
87	G	0.376	0.226087
88	C	0.398	0.2455259
89	A	0	0.2505222
 90	G	0.216	0.2241103
91	T	0.096	0.2393604
92	C	0.440	0.2737536
93	T	0.334	0.2067906
94	C	0.280	0.1591984
95	G	0	0.1125972
 96	C	0.452	0.1190668
97	T	0.414	0.09287355
98	G	-0.359	0.06898427
99	T	-0.124	0.07635482
100	A	-0.512	0.089828
101	T	0.287	0.123827
102	T	-0.191	0.07829931
103	G	0.177	0.04747066
104	C	0.416	0.113796
105	C	0.428	0.1609108
106	C	0.373	0.2298919
107	A	-0.048	0.2080016
108	G	0.075	0.2055251
109	G	0.369	0.1423373
110	C	0.393	0.1151031
111	T	0.246	0.1034858
112	G	0.046	0.09161311
113	G	-0.218	0.1012834
114	A	-0.517	0.1244933
115	G	0.116	0.09179804
116	T	0.300	0.04162131
117	G	0.243	-0.01633569
118	C	0.058	0.01807895
119	A	0.330	0.0728575
120	G	0.010	0.1549138
121	T	-0.158	0.1173169
122	G	-0.391	0.04713286
123	G	0.425	-0.01021941
124	C	0.384	-0.017192
125	A	0.384	-0.03326545
126	T	-0.297	0.0032454
127	G	-0.471	0.02905213
128	A	-0.387	0.0850814
129	T	-0.018	0.06905013
130	C	0.153	0.07194431
131	T	0.411	0.08186185
132	C	0.125	0.1476891
133	A	0.224	0.2285764
134	G	0.248	0.2935253
135	C	0.415	0.2733921
136	T	0.493	0.2530419
137	C	0.426	0.2316462
138	A	0.418	0.22024
139	C	0.326	0.1718156
140	T	-0.239	0.1721753
141	G	-0.069	0.1702137
142	C	0.176	0.1424724
143	A	0	0.1221057
 144	A	-0.307	0.0809202
145	G	0.252	0.06408656
146	C	0.394	0.1230563
147	T	0.188	0.168696
148	C	0.202	0.131932
149	T	-0.034	0.131932
150	G	0.141	0.1991779
151	C	0.408	0.2106172
152	T	0.432	0.1899386
153	T	-0.227	0.2098757
154	C	0	0.2258618
 155	C	0.432	0.2386856
156	T	0.378	0.2360406
157	G	0.166	0.2079953
158	G	0.408	0.179253
159	G	0.378	0.2367279
160	T	0.106	0.2711033
161	T	0.112	0.272292
162	C	0.100	0.2709229
163	A	0.115	0.2635718
164	C	0.404	0.2042326
165	G	0.378	0.1606203
166	C	0.445	0.1892561
167	C	0.363	0.21853
168	A	0.086	0.2347055
169	T	-0.244	0.2593696
170	T	-0.100	0.2562849
171	C	0.421	0.2388877
172	T	0.434	0.241815
173	C	0.278	0.2486904
174	C	0.387	0.2752544
175	T	0.370	0.3327171
176	G	0.186	0.3687251
177	C	0.477	0.352628
178	C	0.439	0.3510192
179	T	0.378	0.3623627
180	C	0.387	0.3519338
181	A	0.295	0.3403262
182	G	0.244	0.3605146
183	C	0.417	0.3171248
184	C	0.402	0.2891794
185	T	0.272	0.2349558
186	C	0.242	0.1601764
187	C	0.408	0.09253773
188	T	0	0.03813064
 189	G	0.131	0.01822918
190	A	-0.218	0.02058036
191	G	-0.435	0.01366918
192	T	-0.448	0.02828136
193	A	-0.354	0.02497945
194	G	0.198	0.02917214
195	C	0.428	-0.02089768
196	T	0.196	-0.02138323
197	G	0.403	-0.01932177
198	G	0.372	0.0003168636
199	G	0.046	0.04386186
200	A	-0.418	0.007144318
201	T	-0.223	0.006738318
202	T	-0.412	-0.03115132
203	A	-0.232	-0.03775741
204	C	0.124	-0.05629559
205	A	-0.205	-0.02225764
206	G	0.424	0.05304964
207	G	-0.220	0.111846
208	C	0.330	0.188968
209	A	0.168	0.2506764
210	C	0.420	0.278091
211	C	0.409	0.3228246
212	C	0.423	0.301089
213	G	0.435	0.3559345
214	C	0.445	0.3420094
215	C	0.426	0.3628022
216	A	0.286	0.3638553
217	C	0.185	0.3665242
218	C	0.383	0.3547927
219	A	0.177	0.3514275
220	C	0.397	0.300212
221	G	0.432	0.2305457
222	C	0.438	0.1573551
223	C	0.294	0.1070879
224	C	0.398	0.07585323
225	A	-0.117	0.01957123
226	G	-0.339	-0.05458177
227	A	-0.518	-0.1290448
228	A	-0.367	-0.1933544
229	T	0.039	-0.2380426
230	G	-0.441	-0.3078803
231	A	-0.418	-0.331685
232	A	-0.386	-0.3102735
233	A	-0.268	-0.2555499
234	C	-0.197	-0.251557
235	A	-0.369	-0.2925343
236	T	-0.379	-0.26879
237	A	-0.104	-0.2630639
238	T	0.083	-0.2417742
239	A	-0.323	-0.2545211
240	T	-0.411	-0.2823841
241	G	-0.180	-0.224839
242	G	-0.355	-0.2175304
243	A	-0.152	-0.2134871
244	A	-0.408	-0.1925317
245	A	-0.503	-0.125116
246	T	0.263	-0.04757009
247	G	-0.298	-0.01274073
248	T	-0.059	0.03094936
249	T	0.313	0.06266482
250	C	0.417	0.1117919
251	T	0.441	0.1576045
252	G	0.202	0.106556
253	T	0.125	0.1441056
254	G	0.196	0.1480803
255	C	0.131	0.07697081
256	A	0	0.003452445
 257	A	-0.297	-0.06919092
258	T	0.114	-0.1215336
259	C	-0.016	-0.0944651
260	A	-0.468	-0.08785074
261	A	-0.390	-0.1085142
262	A	-0.357	-0.08632422
263	A	-0.372	-0.02309876
264	C	0.422	-0.0532224
265	A	0.268	-0.0285163
266	G	-0.095	0.01574131
267	C	0.244	0.05128013
268	A	0.397	0.05632631
269	G	-0.217	0.05691331
270	T	0.255	-0.01038669
271	G	0.018	-0.002936145
272	G	0	-0.009212482
 273	T	-0.301	-0.03476032
274	A	-0.366	-0.113873
275	A	-0.317	-0.1293048
276	C	0.350	-0.1401839
277	A	-0.164	-0.1568229
278	G	-0.036	-0.1788346
279	A	-0.472	-0.1990927
280	G	-0.386	-0.1853453
281	G	0.135	-0.1471585
282	A	-0.164	-0.1963251
283	G	-0.242	-0.1544436
284	A	-0.524	-0.1312136
285	T	-0.215	-0.04705209
286	G	0.102	0.01643255
287	T	-0.190	0.01878536
288	A	0.295	0.06020636
289	G	0.218	0.08678549
290	G	0.453	0.1059281
291	C	0.311	0.1185676
292	T	0.161	0.1419799
293	C	0.290	0.2051165
294	T	0.050	0.1754734
295	G	-0.314	0.1886694
296	A	-0.076	0.1675991
297	G	0.360	0.1623608
298	T	0.504	0.1274365
299	G	-0.030	0.1145482
300	T	0.363	0.1493663
301	C	0.221	0.2164597
302	T	0.253	0.2507581
303	C	-0.222	0.2080055
304	A	0.149	0.1958713
305	C	0.433	0.1832823
306	T	0.423	0.1617628
307	G	0.301	0.1830214
308	G	-0.110	0.1514215
309	A	0.370	0.1639534
310	G	-0.168	0.1108994
311	A	0.127	0.08060216
312	C	0.455	0.01975671
313	T	-0.093	0.02362462
314	G	-0.084	0.06788653
315	A	-0.434	0.07258816
316	A	0.099	0.09518283
317	G	-0.245	0.06211883
318	T	0.343	-0.0084619
319	C	0.376	-0.02569604
320	C	0.422	-0.04830035
321	A	0.079	-0.0104774
322	C	-0.236	-0.0401223
323	A	-0.321	-0.04587848
324	G	-0.283	-0.03731475
325	A	-0.333	-0.0696661
326	T	-0.018	-0.1220398
327	A	-0.226	-0.1046968
328	T	-0.308	-0.1217035
329	G	0.437	-0.1403915
330	C	0.020	-0.1631053
331	A	-0.153	-0.1622773
332	A	0.270	-0.1227714
333	C	-0.423	-0.06759016
334	A	-0.526	0.003718291
335	A	-0.533	-0.02426862
336	A	-0.324	-0.02058555
337	G	0.416	-0.01712883
338	C	0.380	-0.02371637
339	C	0.475	0.03389235
340	T	0.129	0.1221624
341	T	0.061	0.2106846
342	T	-0.115	0.2711464
343	G	0.198	0.2723526
344	T	0.209	0.2790776
345	C	0.444	0.2096324
346	T	0.440	0.1617805
347	C	0.341	0.1731598
348	C	0.429	0.1917994
349	C	0.454	0.1335679
350	T	-0.288	0.09489937
351	G	-0.396	0.06635255
352	A	0.186	0.0085081
353	T	0.089	-0.04307181
354	G	-0.442	-0.1030825
355	T	-0.215	-0.1678774
356	T	0.130	-0.1001016
357	T	-0.195	-0.02422326
358	T	-0.226	-0.03153108
359	T	-0.230	-0.003150818
360	G	-0.257	0.07249082
361	C	0.457	0.1157498
362	C	0.438	0.1027112
363	T	0.106	0.1216929
364	C	0.401	0.1815401
365	C	0.389	0.2025157
366	T	0.260	0.2155254
367	G	-0.013	0.2195058
368	C	0.012	0.1985826
369	T	0.431	0.2066368
370	G	0	0.2065188
 371	G	-0.114	0.128716
372	T	0.501	0.1271307
373	C	0.208	0.1628315
374	A	0.194	0.2024421
375	T	0.400	0.1708005
376	G	-0.466	0.1682847
377	T	0.243	0.1612018
378	G	0.379	0.1341437
379	C	0.448	0.08191684
380	T	0.083	0.06888665
381	T	-0.027	0.06116692
382	T	-0.192	0.09893392
383	C	0.203	0.07095651
384	A	-0.366	0.06343178
385	C	0.051	-0.0006467636
386	A	0.315	-0.04900614
387	C	-0.050	-0.07207051
388	A	-0.064	-0.08347787
389	T	0.296	-0.1353865
390	C	-0.256	-0.08953296
391	A	-0.448	-0.1091913
392	A	-0.281	-0.162142
393	G	-0.318	-0.1490474
394	A	-0.367	-0.1077511
395	G	0.137	-0.1321712
396	A	-0.164	-0.1185779
397	G	-0.266	-0.08291853
398	G	0.093	-0.09737362
399	A	0.389	-0.1060275
400	C	0.028	-0.1025965
401	A	-0.106	-0.1309405
402	T	-0.055	-0.06907844
403	T	-0.440	-0.05787071
404	T	-0.413	-0.02725949
405	A	-0.329	-0.05019431
406	A	-0.173	-0.05716986
407	C	0.515	-0.06610823
408	A	-0.143	-0.08212669
409	T	0.430	-
410	T	0.137	-
411	T	-0.048	-
412	G	-0.204	-
413	A	-0.231	-
