1	T	0.280	-
2	G	-0.234	-
3	G	-0.084	-
4	G	0.140	-
5	A	0	-
 6	C	0.423	-
7	C	0.473	-
8	T	0.524	-
9	T	-0.403	-
10	T	-0.063	-
11	C	0.181	-
12	A	-0.131	-
13	G	-0.440	0.1279492
14	A	0	0.1256522
 15	T	0.221	0.1420635
16	C	0.217	0.1582928
17	C	0.341	0.1626689
18	A	0.433	0.1689384
19	C	0.441	0.1603038
20	C	0.446	0.1584818
21	T	0.168	0.1480873
22	G	-0.095	0.167771
23	A	0	0.181756
 24	C	0.065	0.1852157
25	T	0.419	0.2007587
26	T	0	0.2352705
 27	G	0.220	0.252567
28	G	0.192	0.2489613
29	C	0.337	0.2471471
30	C	0.254	0.2357781
31	A	0.163	0.2338212
32	G	0.199	0.2222807
33	G	0.425	0.2084878
34	C	0.254	0.2174812
35	C	0.108	0.2362658
36	A	0.300	0.233936
37	C	0.271	0.2248567
38	C	0.272	0.1964374
39	C	0.456	0.1889469
40	C	0.449	0.1885781
41	T	0.127	0.1927152
42	T	0.170	0.1676428
43	C	0.045	0.1661929
44	T	0.382	0.1542787
45	T	0.141	0.1620538
46	C	0.088	0.1532369
47	C	0.402	0.1445694
48	C	0.392	0.1202598
49	T	-0.060	0.1184081
50	T	-0.170	0.1018578
51	T	-0.319	0.1008101
52	G	-0.194	0.08697209
53	T	0.211	0.08676828
54	G	0.300	0.08878302
55	G	-0.314	0.07756236
56	T	0.216	0.08955434
57	A	-0.146	0.08931007
58	G	0.401	0.0961505
59	T	0.196	0.09812316
60	G	0.029	0.09400904
61	A	-0.523	0.08455854
62	T	0.252	0.07191005
63	G	-0.158	0.06274343
64	G	0.245	0.09422428
65	G	0.096	0.09411755
66	G	0.444	0.07166128
67	G	0.179	0.06851093
68	G	-0.121	0.09339317
69	T	0.357	0.09637259
70	C	0.376	0.1039515
71	T	0.319	0.0759627
72	T	0.139	0.0520057
73	C	0.295	0.06543572
74	A	0.147	0.09443737
75	G	-0.389	0.09330757
76	G	-0.408	0.1025544
77	A	0.498	0.106308
78	T	-0.197	0.1194881
79	A	-0.372	0.09184816
80	C	0.218	0.09813774
81	A	0.332	0.1198819
82	C	0.293	0.1127301
83	A	0.050	0.113131
84	G	-0.326	0.1141398
85	A	-0.426	0.1214176
86	A	0.378	0.1122433
87	C	0.230	0.1212401
88	C	0.222	0.1524108
89	A	0.081	0.1762426
90	C	0.343	0.1662643
91	T	0.439	0.1876846
92	G	-0.274	0.2070209
93	C	0.343	0.2148944
94	C	0.444	0.2202117
95	C	0.171	0.2251685
96	T	0.386	0.2282553
97	C	0.345	0.2538351
98	T	0.328	0.2808662
99	G	0.056	0.248233
100	C	0.381	0.2348483
101	T	0.421	0.2366665
102	C	0.210	0.2327158
103	C	0.239	0.209576
104	T	0.359	0.1948442
105	T	0.129	0.2134468
106	C	0.422	0.2167173
107	C	0.470	0.193364
108	C	0.422	0.2004996
109	A	0.130	0.19546
110	C	0.338	0.1994156
111	T	0.276	0.204311
112	G	-0.470	0.2156816
113	T	-0.117	0.2167756
114	T	0.270	0.2124769
115	C	-0.020	0.2154986
116	T	-0.258	0.2230441
117	G	0.056	0.2186595
118	G	0.209	0.2272797
119	G	0.428	0.2120442
120	A	-0.163	0.1906354
121	G	0.357	0.1574089
122	C	0.255	0.1565447
123	T	0.448	0.1391177
124	C	0.455	0.1398216
125	T	0.352	0.1678014
126	C	0.409	0.1889497
127	T	0.309	0.1962797
128	C	0.289	0.1898938
129	C	0.435	0.2053904
130	T	0.245	0.2174123
131	C	0.354	0.2239228
132	T	0.026	0.2153112
133	G	-0.085	0.2357226
134	C	-0.441	0.2113014
135	G	0.108	0.2004724
136	A	-0.114	0.1713841
137	G	0.294	0.1674706
138	G	0.257	0.1708845
139	C	0.432	0.1508122
140	T	0.460	0.1463348
141	T	-0.186	0.1184897
142	T	0.144	0.1142158
143	C	0.368	0.09601626
144	C	0.378	0.09121461
145	T	0.204	0.1027042
146	G	0.367	0.1234828
147	G	-0.277	0.1473762
148	A	-0.025	0.1372134
149	A	-0.307	0.1240333
150	C	0.354	0.103957
151	C	0.441	0.09023935
152	T	-0.112	0.08967482
153	G	0.192	0.08911047
154	A	-0.434	0.1076958
155	T	0.324	0.0935137
156	T	-0.227	0.08701589
157	G	0.229	0.07416787
158	G	0.325	0.0793396
159	C	0.454	0.08188587
160	G	0.180	0.1086087
161	A	-0.156	0.1248037
162	A	-0.456	0.1430286
163	G	-0.227	0.1185215
164	A	-0.099	0.093609
165	C	0.417	0.1149944
166	C	0.445	0.1156532
167	G	0.296	0.145841
168	T	-0.224	0.1419652
169	T	0.199	0.1583212
170	T	0.044	0.135128
171	C	0.338	0.1301875
172	T	0.433	0.1209002
173	C	0.416	0.11154
174	C	0.395	0.1354316
175	T	0.166	0.1633888
176	G	-0.283	0.1801283
177	A	-0.206	0.1805369
178	G	0.443	0.1566783
179	C	0.209	0.1349637
180	T	0.350	0.1164974
181	C	0.223	0.1251292
182	T	0.197	0.1174379
183	T	-0.373	0.1257823
184	T	0.197	0.1253843
185	T	0.212	0.1178065
186	C	-0.063	0.1183186
187	T	0.465	0.106772
188	C	0.270	0.0805395
189	T	0.208	0.08288712
190	G	-0.088	0.07469685
191	A	-0.202	0.04580262
192	G	-0.118	0.03013489
193	A	-0.183	0.02927977
194	C	0	0.03276873
 195	A	0	0.04018031
 196	T	0.261	0.07461258
197	C	0.328	0.07461627
198	A	0.236	0.06065731
199	C	0.430	0.05759855
200	C	0.095	0.03339471
201	A	-0.515	0.01423175
202	T	-0.221	0.02076886
203	A	-0.419	0.03011089
204	G	-0.307	0.05031847
205	A	-0.197	0.04470004
206	T	0.328	0.03140723
207	G	0.314	0.01569016
208	G	0.390	0.02765243
209	C	0.521	0.03217504
210	T	0.197	0.0354817
211	A	-0.150	0.04210316
212	T	-0.142	0.0408427
213	G	-0.164	0.05401146
214	A	-0.228	0.08549223
215	G	0.377	0.09122628
216	T	0.154	0.1005981
217	C	0.322	0.1097169
218	A	-0.264	0.1079775
219	A	-0.529	0.09984192
220	G	-0.408	0.09619992
221	T	0.311	0.08951058
222	G	0.379	0.05985573
223	C	0.414	0.03610542
224	C	0.409	0.04528541
225	C	0.397	0.06685122
226	C	0.437	0.09017179
227	C	0.302	0.1054667
228	A	-0.072	0.09474796
229	T	-0.175	0.1052916
230	C	-0.070	0.1048409
231	A	-0.242	0.1258141
232	A	0.116	0.134069
233	C	0.219	0.1532526
234	C	0.216	0.1537432
235	A	-0.249	0.1548437
236	T	-0.420	0.1478771
237	T	0.088	0.1389096
238	C	0.417	0.1388934
239	C	0.442	0.1385061
240	T	0.169	0.1248534
241	G	0.099	0.1336859
242	C	0.428	0.1532174
243	T	0.310	0.1627116
244	C	0.280	0.167677
245	T	-0.314	0.1575134
246	G	0.090	0.1427804
247	C	0.323	0.1338414
248	C	0.407	0.1456919
249	T	0.233	0.1787292
250	G	0.175	0.1775195
251	G	0.397	0.1777091
252	G	0.427	0.1787089
253	G	-0.052	0.179432
254	G	0.156	0.1812936
255	C	0.331	0.1737521
256	T	0.176	0.1477159
257	T	-0.113	0.1416695
258	G	-0.147	0.1422028
259	G	-0.163	0.1382432
260	A	-0.016	0.1155077
261	G	0.058	0.1076691
262	T	0.438	0.1161828
263	C	0.057	0.1189431
264	C	0.422	0.09176972
265	C	0.468	0.06974064
266	T	0.188	0.06336321
267	T	0.147	0.07330271
268	C	0.232	0.07639463
269	T	-0.366	0.0761416
270	G	0.123	0.09592952
271	A	-0.300	0.09819727
272	T	-0.012	0.09736196
273	G	-0.267	0.08185283
274	G	0.204	0.06589552
275	A	0.454	0.05251257
276	C	0.247	0.04860198
277	G	-0.309	0.04769413
278	A	-0.145	0.04356325
279	A	-0.217	0.0203119
280	T	0.415	0.002099246
281	G	0.412	-0.02107379
282	G	0.169	0.003293669
283	G	0.400	0.008502438
284	T	-0.088	0.01278771
285	A	-0.185	0.02303698
286	T	-0.419	0.05207448
287	T	-0.356	0.05380118
288	G	0.090	0.0327344
289	A	-0.044	0.01595797
290	C	0.399	0.02915833
291	T	0.360	0.04241264
292	C	-0.416	0.03039556
293	A	-0.325	0.002857946
294	A	-0.370	-0.006450208
295	C	0.267	-0.001559862
296	T	0.258	-0.001391554
297	G	-0.189	0.0168702
298	G	0.253	0.02294752
299	C	0.487	0.04855183
300	T	0.248	0.07709575
301	T	-0.092	0.08759532
302	T	-0.188	0.1022669
303	G	0.033	0.1038841
304	T	0.199	0.08571821
305	A	-0.530	0.119154
306	T	-0.300	0.1497388
307	G	0.170	0.1715389
308	C	0.296	0.1674481
309	T	0.405	0.1628664
310	G	0.386	0.1606837
311	G	-0.027	0.13651
312	G	0.246	0.1002043
313	C	0.385	0.08587086
314	A	0.363	0.1053261
315	C	0.336	0.1082058
316	C	0.441	0.1237276
317	A	-0.111	0.1329012
318	C	0.453	0.1680286
319	T	0.469	0.1729541
320	T	0.196	0.1558558
321	T	0.160	0.1458914
322	G	0.139	0.1117144
323	C	-0.246	0.09896841
324	A	-0.374	0.09933577
325	A	-0.456	0.0867903
326	A	-0.123	0.058322
327	C	0.412	0.0538645
328	A	-0.113	0.04299485
329	G	0.437	0.04177216
330	C	0.437	0.06301312
331	T	0.382	0.05866112
332	T	-0.172	0.05311597
333	A	-0.274	0.05428643
334	C	0.037	0.05751093
335	A	-0.483	0.04213874
336	G	0.054	0.0649922
337	G	-0.017	0.09532447
338	A	-0.079	0.1300679
339	T	-0.354	0.1408305
340	G	0.247	0.1316316
341	G	0.054	0.1328453
342	A	0.409	0.1042423
343	C	0.440	0.07469457
344	T	0.339	0.05996718
345	G	0.325	0.07206995
346	C	0.227	0.0811655
347	A	0.244	0.08293647
348	G	-0.259	0.1201323
349	T	0.348	0.1378737
350	C	0.413	0.1526197
351	C	0.447	0.1393465
352	T	0.156	0.1474773
353	C	0.173	0.1215107
354	A	-0.082	0.1067198
355	C	-0.306	0.08244676
356	A	-0.330	0.05693361
357	A	0	0.047563
 358	C	0.141	0.03505493
359	G	-0.037	0.04211181
360	A	0.083	0.05248604
361	T	0.483	0.07244047
362	C	0.516	0.07224735
363	T	0.365	0.0628575
364	T	-0.424	0.05494035
365	C	-0.142	0.04998451
366	A	-0.427	0.05631786
367	A	-0.330	0.05100392
368	A	-0.221	0.05090188
369	G	-0.222	0.07339438
370	C	0.096	0.07125743
371	A	0	0.06975412
 372	C	0.410	0.07521435
373	G	0.514	0.08566157
374	C	0.258	0.08187838
375	T	0.343	0.07572915
376	C	0.169	0.08303046
377	G	0.241	0.083037
378	G	0.027	0.07533492
379	A	0.338	0.08946902
380	G	-0.220	0.1093974
381	T	-0.309	0.1258354
382	T	0.254	0.1418025
383	G	-0.055	0.1345428
384	T	0.102	0.1314453
385	G	0.104	0.1306898
386	G	0.355	0.1247067
387	C	0.385	0.1298684
388	C	0.356	0.1297123
389	C	0.555	0.1361551
390	T	-0.424	0.1322616
391	A	-0.343	0.1248607
392	C	-0.059	0.09995152
393	G	0.187	0.1000169
394	G	0.205	0.09506625
395	G	0.192	0.0866338
396	G	-0.092	0.09694063
397	A	-0.080	0.09229675
398	C	0.390	0.09736156
399	C	0.358	0.09907745
400	C	0.393	0.0956351
401	G	0.338	0.09829891
402	G	0.337	0.09310348
403	T	0.139	0.1265674
404	G	-0.165	0.1567852
405	A	-0.309	0.150212
406	A	-0.218	0.1263672
407	T	-0.437	0.1016228
408	T	0.035	0.08944873
409	C	0.212	0.09519866
410	A	-0.017	0.08544635
411	G	0.235	0.08669781
412	C	0.400	0.08945473
413	T	0.295	0.08370531
414	G	0.425	0.06608827
415	C	0.420	0.03332142
416	C	0.445	0.02682008
417	T	0.442	0.02340827
418	G	-0.230	0.05430885
419	T	-0.432	0.07490396
420	A	-0.437	0.07960165
421	T	-0.124	0.08795169
422	G	0.057	0.06493469
423	A	-0.334	0.05986872
424	G	0.423	0.04274814
425	G	0.430	0.03800287
426	T	0.243	0.04423468
427	G	-0.119	0.04769037
428	A	-0.514	0.03291587
429	T	-0.029	-0.001385285
430	G	-0.253	-0.03438182
431	T	0.494	-0.04444617
432	T	0.316	-0.04860178
433	G	-0.315	-0.03960575
434	T	0.252	-0.0311343
435	T	-0.386	-0.04231636
436	T	-0.149	-0.01221897
437	T	-0.209	-0.01436874
438	G	0.276	-0.02048397
439	C	0.457	-0.01630424
440	C	0.515	-0.002276973
441	T	0.036	0.02112615
442	T	-0.446	0.01965523
443	A	-0.415	0.03463334
444	A	-0.492	0.03261184
445	A	-0.540	0.03316953
446	T	-0.203	0.06325542
447	G	0.096	0.06923153
448	G	-0.233	0.1008863
449	T	0.448	0.1175147
450	C	0.367	0.1436833
451	C	0.271	0.1370684
452	C	0.352	0.1112152
453	C	0.245	0.07096192
454	T	0.093	0.05173127
455	A	-0.067	0.0567835
456	G	0.135	0.06362257
457	C	0.441	0.0971038
458	C	0.331	0.1263275
459	T	0.466	0.1467638
460	C	0.407	0.1597363
461	T	0.437	0.1851697
462	C	0.282	0.1833437
463	C	0.471	0.1823986
464	C	0.104	0.1876274
465	A	-0.214	0.1576161
466	A	-0.531	0.1530809
467	A	-0.463	0.1619244
468	G	-0.315	0.1660819
469	A	-0.237	0.1707145
470	C	0.378	0.171079
471	C	0.219	0.1676815
472	C	0.327	0.166706
473	C	0.433	0.1630805
474	T	0.427	0.1573435
475	C	0.400	0.1282889
476	C	0.342	0.1101717
477	T	0.407	0.1068227
478	T	-0.428	0.09499371
479	A	0.127	0.09984698
480	C	0.323	0.128795
481	T	0.040	0.1419639
482	C	0.255	0.1559929
483	T	0.451	0.1506595
484	T	0.243	0.1584709
485	C	0.441	0.1424041
486	C	0.313	0.1237769
487	C	0.287	0.09459079
488	A	-0.472	0.06000425
489	A	0	0.04100102
 490	G	0.017	0.04212779
491	A	-0.521	0.07046048
492	A	-0.405	0.06707601
493	T	0.288	0.06246978
494	G	0.027	0.07070582
495	T	0.127	0.0758174
496	C	0.239	0.07273443
497	C	0.422	0.08056755
498	C	-0.090	0.06632273
499	A	-0.050	0.05813838
500	A	-0.331	0.06045135
501	T	-0.498	0.095786
502	T	-0.151	0.09504048
503	C	0.436	0.1056069
504	C	0.308	0.1284562
505	T	0.039	0.1609887
506	T	0.203	0.1664377
507	T	0.254	0.1676383
508	C	0.388	0.1700668
509	C	0.370	0.1787443
510	C	0.446	0.1824147
511	A	0.070	0.1873106
512	C	0.100	0.1784006
513	T	0.347	0.1753668
514	T	0.446	0.1759164
515	G	-0.019	0.1727476
516	T	0.292	0.1422676
517	G	0.072	0.1145314
518	C	0.440	0.09461822
519	C	0.430	0.08003834
520	A	0.058	0.05157715
521	C	0.190	0.04715088
522	T	0.465	0.02951547
523	C	0.518	0.01326928
524	A	0.037	0.0185541
525	T	-0.282	0.01132475
526	T	-0.410	-0.01013825
527	T	-0.483	-0.04702556
528	T	-0.233	-0.03127673
529	C	-0.355	-0.05059123
530	A	-0.412	-0.04557353
531	A	-0.477	-0.04984168
532	G	-0.175	-0.05485003
533	A	-0.485	-0.04947168
534	G	0.273	-0.06714807
535	A	-0.087	-0.07486103
536	G	0.024	-0.07910437
537	G	0.208	-0.06350552
538	A	-0.087	-0.04587172
539	G	-0.210	-0.0136371
540	A	-0.513	0.009375746
541	T	0.390	0.02727398
542	G	-0.209	0.04456068
543	G	0.202	0.07192376
544	C	0.329	0.0866725
545	C	0.300	0.09738127
546	C	0.198	0.1304346
547	A	-0.269	0.1216477
548	G	0.264	0.1283403
549	C	0.407	0.1440618
550	C	0.442	0.148437
551	C	0.175	0.15462
552	T	0.427	0.1651953
553	C	0.114	0.1923123
554	T	0.231	0.1922436
555	T	0.093	0.2101813
556	C	0.298	0.2165304
557	T	-0.094	0.2197537
558	C	0.103	0.2202781
559	T	0.374	0.2295927
560	T	0.045	0.2565063
561	C	0.086	0.2631079
562	C	0.433	0.2642111
563	C	0.322	0.2522411
564	C	0.073	0.2464089
565	A	0.064	0.2155283
566	C	0.191	0.1903623
567	C	0.388	0.1656532
568	T	0.256	0.1768999
569	C	0.367	0.1743777
570	C	0.413	0.1921887
571	C	0.314	0.1909305
572	T	0.440	0.1877632
573	C	0.430	0.1897681
574	C	0.436	0.180404
575	C	0.436	0.144611
576	C	0.131	0.1445252
577	C	0.024	0.1538191
578	A	-0.374	0.1683701
579	A	-0.539	0.1775011
580	A	-0.410	0.1755523
581	C	0.386	0.1719729
582	T	0.233	0.1715067
583	G	0.368	0.1497813
584	T	0.070	0.1544303
585	G	0.291	0.1536996
586	T	0.097	0.1529958
587	G	-0.157	0.152954
588	A	-0.497	0.13616
589	C	0.319	0.1328914
590	C	0.314	0.1346345
591	C	0.443	0.1673391
592	T	0.429	0.2009523
593	C	0.337	0.2222737
594	A	0.163	0.1999247
595	G	0.355	0.1760629
596	C	-0.151	0.1496037
597	A	0.434	0.1593935
598	C	0.421	0.1619406
599	C	0.412	0.1594334
600	C	0.435	0.1812601
601	A	0	0.209173
 602	G	0.046	0.2121089
603	G	0.069	0.1971316
604	G	0.475	0.1935918
605	C	0.333	0.1832295
606	T	0.143	0.1602602
607	C	-0.194	0.1483311
608	A	-0.387	0.1371118
609	G	-0.319	0.1261735
610	G	0.325	0.09869708
611	G	0.358	0.09650562
612	G	0.032	0.07378832
613	G	0.410	0.05995033
614	C	0.228	0.04534187
615	T	0.396	0.03737338
616	G	-0.074	0.03899073
617	C	0.351	0.03330085
618	C	0.159	0.02788362
619	A	-0.259	0.03800762
620	G	-0.146	0.05527027
621	A	0.064	0.0839842
622	G	-0.435	0.1086412
623	A	-0.279	0.08848862
624	T	0.364	0.05515416
625	G	-0.178	0.05792795
626	G	0.075	0.05773814
627	A	-0.379	0.06173752
628	G	-0.160	0.0645746
629	A	0.111	0.04919965
630	G	0.327	0.01933457
631	G	0.193	0.00381615
632	A	0.406	0.0298618
633	G	0.254	0.05180411
634	G	0.359	0.06078855
635	C	0.321	0.09380694
636	A	-0.198	0.1185407
637	A	-0.508	0.1213653
638	A	0.104	0.1293212
639	C	0.405	0.1165335
640	C	0.332	0.1476176
641	C	0.469	0.1591439
642	A	-0.474	0.1669719
643	A	-0.425	0.1703468
644	G	-0.243	0.175025
645	C	0.417	0.1697015
646	C	0.423	0.1761256
647	A	0.297	0.1832606
648	G	0.422	0.155102
649	C	0.363	0.1464496
650	T	0.437	0.1491497
651	C	0.028	0.1421156
652	C	-0.257	0.1265193
653	T	0.428	0.1085368
654	G	0.139	0.1017793
655	G	0.315	0.1261706
656	G	0.415	0.1485324
657	G	0.314	0.1491985
658	T	0.268	0.1374391
659	C	0.421	0.128155
660	C	0.544	0.1167076
661	T	-0.410	0.0994225
662	A	-0.423	0.09578869
663	C	-0.438	0.095028
664	A	-0.078	0.09644795
665	G	0	0.1103029
 666	G	-0.135	0.08272295
667	G	0.294	0.06008838
668	A	0.159	0.03228242
669	G	0.156	0.0007719538
670	G	-0.226	-0.01884797
671	G	0.111	-0.03975085
672	A	0.182	-0.03818539
673	G	0	-0.04488147
 674	G	-0.026	-0.01205301
675	G	0.269	0.01445284
676	C	0.418	0.04903011
677	A	0.065	0.06645663
678	T	0.102	0.07285582
679	G	-0.288	0.07603803
680	T	-0.449	0.06851744
681	A	-0.407	0.07642817
682	A	-0.404	0.08420502
683	A	-0.195	0.1076561
684	T	-0.274	0.1167435
685	C	0.461	0.1235053
686	T	0.370	0.1393206
687	T	0.443	0.135663
688	G	0.265	0.1337776
689	C	0.460	0.1345643
690	C	0.374	0.1459352
691	T	0.166	0.1558711
692	C	-0.052	0.1814524
693	A	0.098	0.2135174
694	C	0.365	0.241435
695	C	0.358	0.2549408
696	C	0.383	0.2525432
697	T	0.348	0.2758763
698	C	0.358	0.2747287
699	T	0.411	0.2776977
700	T	-0.121	0.2686936
701	C	0.220	0.2604667
702	C	0.438	0.2584511
703	C	0.360	0.2629239
704	T	0.361	0.2511016
705	C	0.376	0.2599278
706	C	0.384	0.2600413
707	C	0.318	0.2283141
708	A	-0.052	0.2302637
709	G	-0.257	0.2315332
710	C	0.331	0.2280304
711	C	0.431	0.2269489
712	C	0.448	0.2157768
713	T	0.209	0.2285004
714	G	0.051	0.2361318
715	C	0.408	0.2240237
716	T	0.490	0.2187927
717	G	-0.141	0.2207607
718	T	0.176	0.2228803
719	C	0.101	0.2159064
720	A	-0.459	0.2131767
721	G	0.408	0.2120909
722	C	0.416	0.2192924
723	T	0.257	0.2146996
724	G	0.330	0.2138723
725	G	0.120	0.2131899
726	C	0.209	0.2089889
727	C	0.418	0.220341
728	A	0.123	0.1998699
729	G	0.224	0.1599865
730	C	0.412	0.1703815
731	C	0.431	0.1772661
732	C	0.202	0.1919511
733	C	0.247	0.2053594
734	A	-0.081	0.1710881
735	T	-0.070	0.1460287
736	C	0.212	0.1515708
737	C	0.410	0.1433333
738	C	0.430	0.1438449
739	T	0.099	0.1521968
740	G	0.346	0.1532988
741	G	-0.123	0.1552121
742	A	-0.546	0.1595623
743	G	0.129	0.156513
744	C	0.355	0.1370899
745	C	0.483	0.1178754
746	A	-0.110	0.09662682
747	A	-0.482	0.1074358
748	A	-0.235	0.1035242
749	C	0.401	0.0844935
750	T	0.115	0.05412573
751	G	0.134	0.02785619
752	C	0.426	0.02873963
753	T	0.447	0.007157865
754	T	0.173	0.02531171
755	C	0.337	0.05791175
756	C	0.333	0.04473125
757	A	-0.073	0.0364729
758	T	-0.296	0.01287275
759	G	-0.305	-0.001462981
760	C	0.199	-0.001139019
761	A	-0.172	0.008776723
762	G	-0.282	0.006576915
763	G	-0.379	0.01573534
764	A	-0.252	0.01816488
765	G	0.122	0.01086734
766	G	-0.214	0.006252069
767	G	0.348	0.008786877
768	A	0.301	-0.02101143
769	G	-0.213	-0.04561212
770	G	0.141	-0.0317993
771	G	-0.130	-0.02039118
772	A	-0.483	0.007568973
773	A	-0.473	-0.0001175654
774	G	0.022	-0.005783527
775	C	0.343	-0.01240503
776	C	0.354	-0.01471399
777	T	0.197	-0.01977603
778	G	0.236	-0.03848472
779	C	0.327	-0.0238536
780	T	0.239	-0.03838572
781	C	-0.436	-0.0519451
782	A	-0.306	-0.06383672
783	G	0.285	-0.08823937
784	T	0	-0.1018648
 785	G	0.421	-0.08501413
786	G	0	-0.05122171
 787	G	-0.319	-0.04355091
788	A	-0.454	-0.05142195
789	A	-0.439	-0.07126991
790	A	-0.384	-0.06957787
791	A	-0.363	-0.06830695
792	G	0.165	-0.0651388
793	A	-0.029	-0.06010057
794	T	-0.051	-0.02663007
795	G	-0.522	-0.005319758
796	A	-0.493	-0.008753296
797	A	-0.484	-0.01676326
798	G	-0.045	-0.02295241
799	C	0.404	-0.01139699
800	T	0.222	-0.002980873
801	G	0.139	0.01785002
802	G	-0.161	0.03411043
803	T	0.241	0.05465897
804	C	0.269	0.06924302
805	C	0.409	0.06107598
806	C	0.370	0.06562194
807	C	0.433	0.05195763
808	C	0.247	0.05891944
809	C	0.196	0.07253121
810	G	-0.208	0.08211805
811	C	0.260	0.06874497
812	G	0.300	0.03556885
813	T	-0.100	0.01122916
814	G	0.086	0.01496932
815	T	-0.016	0.02796055
816	C	0.149	0.02314378
817	A	0.015	0.02202901
818	G	-0.046	0.01023408
819	T	0.088	0.01141289
820	G	-0.406	0.008265892
821	A	-0.341	-0.003545131
822	A	-0.139	-0.02535709
823	C	-0.235	-0.02910821
824	A	-0.392	-0.05449263
825	A	-0.457	-0.06244456
826	A	-0.410	-0.05256387
827	T	0.236	-0.0489143
828	T	0.175	-0.04033975
829	G	0.115	-0.04148118
830	G	0.240	-0.03854551
831	G	0.102	-0.02215417
832	C	0.401	-0.0370269
833	C	0.351	-0.02755224
834	A	-0.059	-0.03137563
835	A	-0.370	-0.03475763
836	T	-0.305	-0.03783967
837	T	-0.399	-0.0153064
838	T	0.093	-0.0156949
839	G	0.156	-0.01752036
840	G	0.181	-0.0180044
841	T	0.206	-0.03902455
842	G	0.120	-0.0605622
843	T	0.091	-0.08276913
844	G	0.379	-0.09697843
845	A	-0.298	-0.1141521
846	T	-0.159	-0.1321634
847	T	-0.441	-0.1401939
848	A	-0.227	-0.1243563
849	G	-0.315	-0.1146704
850	T	0.192	-0.1012867
851	G	-0.467	-0.09519268
852	A	-0.458	-0.08528741
853	A	0.223	-0.07805145
854	G	-0.370	-0.07688695
855	A	-0.444	-0.06559003
856	A	-0.336	-0.05094762
857	T	-0.266	-0.05030735
858	T	-0.045	-0.02372262
859	C	-0.116	-0.001523431
860	A	-0.268	0.01443225
861	C	0.041	0.01804087
862	A	-0.053	0.01510063
863	T	-0.051	0.004166608
864	C	0.252	0.02971418
865	T	0.413	0.06368861
866	G	0.369	0.07113692
867	G	0.236	0.09779095
868	C	0.414	0.1305089
869	C	0.472	0.1594668
870	A	0.396	0.1833931
871	G	0.392	0.2011822
872	C	0.417	0.2175735
873	A	-0.026	0.2379867
874	G	-0.133	0.2482785
875	A	-0.391	0.2494445
876	G	-0.091	0.2566571
877	T	0.196	0.2622852
878	C	0.425	0.2571187
879	C	0.417	0.2600849
880	T	0.322	0.2666627
881	C	0.406	0.2585853
882	C	0.416	0.2562089
883	C	0.355	0.2542131
884	C	0.417	0.2468943
885	C	0.309	0.2308476
886	C	0.262	0.2371143
887	A	0.308	0.2518657
888	G	-0.023	0.2835456
889	C	0.136	0.2980353
890	C	0.398	0.2986078
891	C	0.279	0.2956654
892	C	0.447	0.2962887
893	A	0.407	0.2989728
894	G	0.203	0.2922071
895	C	0.410	0.2935516
896	C	0.344	0.2902024
897	C	0.202	0.2839628
898	A	0	0.2886735
 899	G	0.136	0.2935595
900	C	0.249	0.2907359
901	C	0.431	0.308066
902	T	0.285	0.3191785
903	G	0.211	0.324401
904	G	0.348	0.3238066
905	C	0.433	0.2934318
906	T	0.392	0.259821
907	C	0.230	0.2347757
908	C	0.451	0.2034448
909	T	0.268	0.1778749
910	G	0.254	0.1682155
911	C	0.432	0.1632732
912	T	0.389	0.1643636
913	C	0.235	0.1702784
914	C	0.426	0.165486
915	C	0.425	0.142933
916	C	0.534	0.1186356
917	A	0.263	0.1148532
918	T	-0.342	0.1035274
919	T	-0.466	0.1044732
920	A	-0.447	0.09951589
921	G	-0.403	0.09547401
922	A	-0.320	0.09840128
923	A	-0.048	0.08445374
924	G	-0.128	0.05416805
925	C	0.165	0.04783747
926	T	0.403	0.03695857
927	A	0.307	0.03173865
928	T	-0.301	0.0236808
929	T	-0.420	0.01789715
930	T	0.250	0.0233615
931	T	0.139	0.04815127
932	C	0.416	0.08032923
933	T	0.101	0.08596888
934	C	0.345	0.09387273
935	T	0.344	0.108109
936	G	-0.107	0.1003441
937	A	-0.355	0.1236122
938	C	0.224	0.130599
939	G	-0.047	0.1300219
940	G	0.291	0.1337188
941	C	0.215	0.1608948
942	T	0.383	0.1661267
943	C	0.406	0.146311
944	C	0.301	0.1246332
945	A	0.370	0.09793469
946	T	-0.300	0.09010996
947	T	-0.198	0.08658719
948	T	0.049	0.0896738
949	G	-0.250	0.110324
950	T	0.476	0.143085
951	C	0.346	0.1308984
952	T	0.388	0.144996
953	C	0.403	0.1328527
954	T	0.405	0.1117937
955	G	-0.284	0.08065552
956	T	-0.264	0.0580114
957	A	-0.424	0.05316648
958	G	-0.277	0.05432717
959	T	-0.101	0.06256973
960	G	0.254	0.06115489
961	G	0.424	0.06785646
962	G	0.429	0.09282803
963	G	0.496	0.0900563
964	G	-0.091	0.09256577
965	A	0.318	0.09038984
966	T	-0.024	0.08694373
967	T	-0.331	0.07972838
968	T	-0.425	0.1042621
969	G	-0.182	0.1281939
970	A	0.175	0.1511442
971	C	0.400	0.1669317
972	A	-0.086	0.1766252
973	G	-0.235	0.1798478
974	C	0.223	0.1778359
975	T	0.398	0.1651062
976	C	0.404	0.1550087
977	C	0.412	0.1655908
978	C	0.332	0.1434757
979	T	0.313	0.1376499
980	G	0.217	0.1485089
981	G	0.353	0.17631
982	C	0.357	0.1970264
983	C	0.172	0.2068779
984	A	0.133	0.2080024
985	G	0.150	0.2201193
986	C	0.338	0.2451741
987	C	0.372	0.2528081
988	T	0.098	0.2470938
989	G	0.233	0.2475738
990	G	0.183	0.2351269
991	G	-0.256	0.214744
992	A	-0.175	0.1957742
993	G	-0.049	0.2005921
994	G	0.297	0.1787557
995	C	0.355	0.1614051
996	C	0.432	0.1344267
997	T	0.430	0.1184826
998	G	0.228	0.1038951
999	G	0.416	0.09599857
1000	C	0.422	0.08826319
1001	T	0.250	0.1008353
1002	C	0.416	0.1018248
1003	T	0.088	0.1013877
1004	G	-0.197	0.09012698
1005	A	-0.179	0.08863841
1006	G	0.343	0.09734398
1007	T	-0.214	0.09638498
1008	G	-0.093	0.09984394
1009	A	-0.528	0.09099548
1010	G	-0.281	0.07758891
1011	A	-0.228	0.07584225
1012	G	0.132	0.05720165
1013	G	0.171	0.05885618
1014	C	0.424	0.06411876
1015	C	0.259	0.05624838
1016	C	0.171	0.03456783
1017	A	-0.548	0.04887225
1018	A	-0.214	0.04466625
1019	G	0.176	0.03146518
1020	G	0.272	0.05443306
1021	C	0.445	0.07687821
1022	C	0.201	0.1070732
1023	A	0.081	0.1314534
1024	G	0.183	0.1549729
1025	G	-0.068	0.1544941
1026	C	0.465	0.1598644
1027	T	0.387	0.1612167
1028	G	0.212	0.1645822
1029	T	-0.475	0.1713507
1030	G	0.174	0.184213
1031	T	-0.288	0.1861539
1032	G	0	0.1767192
 1033	C	0.382	0.1822294
1034	C	0.489	0.1809313
1035	C	0.256	0.1771011
1036	A	0.352	0.17665
1037	C	0.382	0.1642423
1038	A	0.120	0.1729625
1039	C	0.311	0.1474626
1040	C	0.460	0.1465335
1041	C	0.347	0.1548592
1042	T	0.347	0.1748844
1043	T	-0.214	0.1737195
1044	G	-0.164	0.1880269
1045	A	-0.068	0.1948376
1046	C	0.415	0.196344
1047	C	0.412	0.1901343
1048	T	0.102	0.1636983
1049	G	0.069	0.1360175
1050	A	-0.139	0.1160459
1051	T	0.158	0.1187948
1052	G	-0.197	0.1179723
1053	C	0.362	0.1018997
1054	C	0.428	0.1046624
1055	A	0.045	0.08708169
1056	C	0.143	0.1025736
1057	G	0.083	0.1256729
1058	G	0.177	0.1414537
1059	G	0.422	0.142832
1060	G	0.328	0.1307296
1061	G	-0.431	0.113084
1062	A	-0.367	0.09003939
1063	T	-0.136	0.08382251
1064	G	0.191	0.0725687
1065	C	0.289	0.07355797
1066	C	0.042	0.06931951
1067	A	0.418	0.06047312
1068	T	-0.109	0.06846465
1069	G	0.188	0.07813762
1070	C	0.436	0.09157316
1071	T	0.341	0.1015584
1072	C	0.451	0.09657612
1073	C	0.097	0.08079129
1074	A	-0.356	0.1031042
1075	A	-0.529	0.1330963
1076	A	-0.300	0.1450632
1077	C	-0.134	0.1545318
1078	A	-0.171	0.1585147
1079	G	0.252	0.1548743
1080	G	0.198	0.1272954
1081	G	0.253	0.1228399
1082	C	0.395	0.1065598
1083	C	0.432	0.08180469
1084	C	0.436	0.07930538
1085	A	0.292	0.05321
1086	G	-0.081	0.04884587
1087	G	0.148	0.07489722
1088	C	0.412	0.1119314
1089	A	0.174	0.1419455
1090	C	0.438	0.1567626
1091	C	0.393	0.1561224
1092	T	-0.052	0.1284388
1093	G	-0.298	0.1275863
1094	T	-0.225	0.1274945
1095	A	-0.234	0.1145757
1096	T	-0.207	0.1071359
1097	G	0.276	0.1058622
1098	G	-0.227	0.1011795
1099	G	-0.016	0.1220018
1100	C	0.320	0.1094068
1101	C	0.433	0.09625624
1102	C	0.479	0.1018815
1103	T	0.251	0.1016735
1104	G	-0.188	0.1020689
1105	T	-0.467	0.1193865
1106	A	0.176	0.1251287
1107	G	0.250	0.1490168
1108	G	0.059	0.1406385
1109	T	0.239	0.1444415
1110	C	0.403	0.1388668
1111	C	0.170	0.1444734
1112	C	0.459	0.140308
1113	A	-0.178	0.1430715
1114	T	0.070	0.12356
1115	C	0.320	0.1107283
1116	C	0.432	0.1034834
1117	C	0.403	0.1197017
1118	T	0.397	0.1388925
1119	C	-0.148	0.1227036
1120	T	0.396	0.09625692
1121	T	-0.452	0.08544457
1122	C	-0.108	0.09334834
1123	T	0.131	0.08828369
1124	G	-0.081	0.1000206
1125	T	-0.124	0.0753255
1126	G	0.392	0.07083346
1127	T	-0.073	0.07454545
1128	G	0.145	0.04634092
1129	C	0.062	0.0301152
1130	A	0.233	0.01894827
1131	C	0.031	-0.01146015
1132	A	-0.244	-0.02398646
1133	G	-0.436	-0.04875188
1134	A	-0.221	-0.04362457
1135	T	0.444	-0.02886034
1136	C	0.271	-0.03025781
1137	C	0.476	-0.01555373
1138	A	-0.182	-0.001889004
1139	T	-0.295	-0.00916185
1140	A	0.167	0.001419354
1141	G	-0.412	0.007117046
1142	T	0.010	0.01538891
1143	T	0.113	0.01278091
1144	G	-0.392	0.02609281
1145	A	-0.474	0.05119654
1146	A	-0.247	0.07224993
1147	T	-0.319	0.09060608
1148	G	0.275	0.08856681
1149	G	0.095	0.09411835
1150	G	0.300	0.091398
1151	G	0.230	0.1145845
1152	G	0.203	0.139457
1153	C	0.201	0.126653
1154	C	0.294	0.1560879
1155	T	0.277	0.1728358
1156	G	0.165	0.1848463
1157	G	0.378	0.2157293
1158	G	0.408	0.2501489
1159	G	0.110	0.2673065
1160	A	0.255	0.2837941
1161	G	0.391	0.2692298
1162	C	0.416	0.2669441
1163	A	0.405	0.2725879
1164	C	0.420	0.2805577
1165	A	0.351	0.2888583
1166	G	-0.165	0.297976
1167	T	0.352	0.3038559
1168	T	0.446	0.3140931
1169	C	0.425	0.3051267
1170	A	0.410	0.2932355
1171	C	0.420	0.264677
1172	T	0.198	0.2746222
1173	A	0.109	0.2764624
1174	G	-0.103	0.2747329
1175	G	0.036	0.2703005
1176	C	0.447	0.2695312
1177	T	0.438	0.2679725
1178	C	0.419	0.2696576
1179	C	0.438	0.2920298
1180	C	0.446	0.2947962
1181	T	0.543	0.2963932
1182	G	-0.067	0.2907156
1183	A	0.068	0.2727612
1184	C	-0.334	0.2547017
1185	C	0.369	0.2391121
1186	T	0.303	0.2423046
1187	G	0.346	0.2505491
1188	G	0.300	0.2663451
1189	G	0.385	0.264329
1190	C	0.379	0.26067
1191	C	0.395	0.2574024
1192	C	0.415	0.2552795
1193	C	0.424	0.2487555
1194	C	0.487	0.234396
1195	C	0.277	0.2511958
1196	T	-0.056	0.2419396
1197	T	-0.049	0.2460899
1198	G	-0.207	0.2370872
1199	G	0.192	0.2435457
1200	G	0.111	0.240596
1201	C	0.446	0.2352956
1202	C	0.395	0.235421
1203	T	0.343	0.2305692
1204	T	0.334	0.2121369
1205	G	0.383	0.1910253
1206	G	0.277	0.1640027
1207	T	0.170	0.1427967
1208	C	0.369	0.1220931
1209	A	-0.171	0.1105979
1210	T	-0.226	0.128631
1211	C	0.135	0.138508
1212	T	0.471	0.1237468
1213	T	0.269	0.1146558
1214	G	0.163	0.1018786
1215	C	0.388	0.0788741
1216	A	0.253	0.07870649
1217	C	-0.084	0.08223503
1218	A	-0.133	0.07554907
1219	A	-0.277	0.06277441
1220	T	-0.063	0.05305284
1221	G	-0.260	0.01848327
1222	A	-0.355	0.003945458
1223	T	0.419	0.0007311115
1224	T	0.049	-0.02131239
1225	A	-0.191	-0.0322062
1226	T	-0.125	-0.0275132
1227	T	0.114	-0.016778
1228	G	-0.202	-0.03820285
1229	T	0.338	-0.05796785
1230	G	0.426	-0.04313437
1231	T	0.209	-0.05064537
1232	T	-0.054	-0.03221245
1233	T	-0.082	-0.04529058
1234	T	-0.529	-0.04223127
1235	A	-0.549	-0.02323373
1236	A	-0.309	-0.02613981
1237	G	-0.438	-0.02485501
1238	A	0.188	-0.02576578
1239	T	0.392	-0.01233497
1240	C	0.442	-0.01550422
1241	A	-0.168	0.008500785
1242	A	-0.260	-0.003146496
1243	C	0.301	-0.01831515
1244	A	-0.328	-0.01315073
1245	G	0.201	0.006860308
1246	A	-0.403	0.01232361
1247	G	-0.180	0.03967057
1248	A	0.138	0.06923272
1249	C	0.344	0.0934408
1250	T	0.083	0.1270961
1251	T	-0.215	0.1302381
1252	G	0.224	0.1070074
1253	T	0.032	0.09557599
1254	A	0.421	0.08898318
1255	T	0.035	0.1153248
1256	G	0.031	0.1116196
1257	T	0.343	0.1142757
1258	G	0.465	0.1217905
1259	T	0.059	0.1334623
1260	G	0.181	0.1219614
1261	T	0.218	0.1261871
1262	G	0.319	0.1169421
1263	C	0.436	0.1052736
1264	A	0.269	0.09620378
1265	T	-0.211	0.07332393
1266	G	0.145	0.06531968
1267	G	-0.339	0.0513281
1268	T	0.424	0.05468192
1269	G	0.205	0.05698723
1270	G	-0.259	0.05415546
1271	T	0.396	0.05024946
1272	A	-0.100	0.06431165
1273	G	-0.479	0.07324138
1274	A	0.248	0.07746015
1275	G	0.103	0.07913608
1276	G	-0.220	0.07757512
1277	A	-0.451	0.07281827
1278	A	-0.370	0.09655092
1279	G	-0.175	0.08815965
1280	C	0.057	0.1191602
1281	A	0.123	0.1173203
1282	G	0.091	0.1208314
1283	G	0.269	0.1454562
1284	G	0.363	0.133045
1285	G	0.425	0.1517254
1286	T	0.413	0.1533719
1287	C	0.328	0.1278127
1288	T	0.363	0.1056874
1289	G	0.396	0.09539039
1290	G	0.146	0.09694758
1291	T	0.405	0.09296128
1292	G	-0.073	0.08355174
1293	T	0.466	0.062339
1294	T	0.376	0.04491593
1295	T	0.296	0.04033358
1296	C	0.380	0.02831738
1297	C	0.074	0.0229895
1298	T	0.385	0.02323554
1299	A	-0.437	0.0218145
1300	A	-0.416	0.02474431
1301	A	-0.471	0.01871569
1302	A	-0.488	0.01752612
1303	G	-0.410	0.02674715
1304	A	-0.474	0.02875104
1305	A	-0.420	0.03295398
1306	A	-0.494	0.002970792
1307	A	-0.329	-0.02694502
1308	C	-0.027	-0.04893936
1309	A	-0.042	-0.0826399
1310	G	0.225	-0.1011844
1311	C	0.431	-0.126027
1312	T	0.376	-0.100579
1313	G	0.404	-0.07221222
1314	G	0.206	-0.03863775
1315	G	0.365	-0.003126946
1316	C	0.385	0.02134459
1317	A	0.457	0.05596467
1318	T	0.036	0.08771509
1319	G	-0.313	0.1195231
1320	T	-0.401	0.1456916
1321	A	-0.275	0.1377693
1322	A	-0.495	0.1373518
1323	T	-0.408	0.1398848
1324	A	-0.260	0.1300803
1325	G	0.224	0.130148
1326	G	0.321	0.1325439
1327	C	0.401	0.1365689
1328	G	0.435	0.1180342
1329	G	0.225	0.109048
1330	G	0.425	0.1060319
1331	C	0.404	0.1101353
1332	C	0.332	0.1394649
1333	T	0.350	0.1747257
1334	G	-0.233	0.1987632
1335	C	-0.053	0.2207208
1336	A	0.291	0.2479152
1337	C	0.176	0.2541557
1338	C	0.378	0.2546568
1339	C	0.466	0.2574742
1340	C	0.311	0.2591083
1341	A	-0.116	0.254248
1342	C	0.152	0.2580043
1343	T	0.378	0.2542121
1344	T	0.142	0.2544624
1345	C	0.449	0.2520086
1346	C	0.515	0.2572786
1347	T	0.349	0.280888
1348	T	0.075	0.2972644
1349	C	0.298	0.2939107
1350	A	-0.098	0.300411
1351	C	0.237	0.3030407
1352	C	0.394	0.2988667
1353	C	0.443	0.3036999
1354	C	0.308	0.321406
1355	T	0.323	0.3329009
1356	T	0.327	0.3290714
1357	C	0.411	0.3093303
1358	C	0.269	0.2835555
1359	T	0.487	0.2472604
1360	C	0.380	0.2209045
1361	A	0.372	0.2173506
1362	C	0.204	0.2216566
1363	C	0.345	0.2350706
1364	C	0.446	0.242291
1365	C	0.358	0.2396366
1366	T	0.436	0.2237642
1367	C	0.343	0.2215591
1368	C	0.451	0.1941914
1369	C	0.279	0.1944657
1370	A	-0.370	0.1854254
1371	G	-0.221	0.1777127
1372	A	-0.428	0.1679348
1373	G	-0.335	0.1435176
1374	A	-0.016	0.1457493
1375	C	0.410	0.1574485
1376	C	0.250	0.1601856
1377	T	0.425	0.1463729
1378	G	0.325	0.1405552
1379	T	0.031	0.1398646
1380	T	0.251	0.1448391
1381	G	-0.388	0.1431694
1382	C	0.334	0.1462659
1383	T	0.176	0.1582718
1384	G	0.068	0.1667724
1385	C	0.233	0.1918119
1386	A	-0.254	0.1901646
1387	G	0.430	0.1836032
1388	C	0.508	0.1492397
1389	T	0.417	0.1471902
1390	A	0.087	0.1223842
1391	C	0.207	0.1263204
1392	C	0.418	0.1424316
1393	C	0.473	0.145996
1394	C	0.407	0.1708137
1395	T	0.359	0.1585462
1396	C	-0.058	0.1349794
1397	A	0	0.120826
 1398	G	0.223	0.1006588
1399	G	-0.378	0.1197682
1400	A	-0.187	0.09846473
1401	A	-0.482	0.07583571
1402	T	0.197	0.07590194
1403	G	-0.219	0.09273735
1404	C	0.427	0.08826832
1405	C	0.450	0.08823093
1406	T	0.344	0.08434185
1407	G	0.257	0.06262878
1408	T	0.015	0.06481685
1409	A	-0.436	0.0766655
1410	G	-0.299	0.06947073
1411	A	-0.291	0.04373177
1412	T	0.242	0.06907862
1413	G	-0.123	0.0930295
1414	G	-0.080	0.1187069
1415	C	0.418	0.1059606
1416	T	0.525	0.1116194
1417	G	0.091	0.07452442
1418	T	0.417	0.03879146
1419	C	0.372	0.02740416
1420	G	-0.156	0.01468658
1421	C	0.416	0.03037528
1422	A	0.249	0.06112032
1423	C	-0.187	0.08856574
1424	A	-0.446	0.1077251
1425	G	0.280	0.113725
1426	C	0.435	0.1343488
1427	T	0.185	0.1531301
1428	G	-0.134	0.1556343
1429	G	-0.072	0.1248074
1430	A	-0.536	0.1082986
1431	A	-0.478	0.07828888
1432	G	0.048	0.04466781
1433	G	-0.073	0.03764285
1434	C	0.423	0.01643665
1435	T	0.363	0.01694727
1436	C	0.414	0.04047058
1437	G	0.207	0.07451669
1438	C	0.398	0.07345069
1439	C	0.412	0.065328
1440	C	0.408	0.0643645
1441	C	0.483	0.05967988
1442	G	-0.276	0.04214212
1443	A	-0.338	0.04523297
1444	G	-0.362	0.07839227
1445	A	-0.502	0.08973865
1446	A	-0.339	0.09771608
1447	G	-0.134	0.08919935
1448	C	0.263	0.08631792
1449	G	0.424	0.05121331
1450	G	0.439	0.03589973
1451	C	0.252	0.01969018
1452	T	0.224	0.01961837
1453	T	0.160	0.01205168
1454	C	-0.255	-0.0007187846
1455	A	-0.528	0.02170987
1456	A	-0.456	0.05128368
1457	G	0.383	0.08239722
1458	C	0.343	0.1156172
1459	A	0.133	0.1363579
1460	G	0.201	0.1306764
1461	C	0.288	0.1130561
1462	A	-0.498	0.08901402
1463	A	-0.191	0.0597471
1464	C	-0.022	0.03635348
1465	T	0.410	0.04212952
1466	G	0.211	0.04602364
1467	G	0.151	0.05681663
1468	C	0.306	0.06233867
1469	C	0.430	0.06909697
1470	T	0.446	0.05343248
1471	C	0.361	0.05644095
1472	C	0.199	0.0669106
1473	A	-0.282	0.07566841
1474	G	-0.195	0.04940845
1475	G	-0.200	0.05056722
1476	A	-0.321	0.04302106
1477	G	-0.355	0.03497619
1478	A	0.374	0.0026145
1479	C	0.261	-0.02198731
1480	G	0.024	-0.03425069
1481	G	-0.385	-0.033449
1482	A	-0.280	-0.04565431
1483	A	-0.024	-0.07277885
1484	C	0.421	-0.09573262
1485	C	0.406	-0.118654
1486	C	0.429	-0.1131781
1487	G	-0.394	-0.08626662
1488	A	-0.468	-0.06241423
1489	A	-0.387	-0.06411265
1490	G	-0.232	-0.06730642
1491	A	-0.430	-0.1000332
1492	A	-0.428	-0.1297569
1493	G	-0.166	-0.1451622
1494	T	0.327	-0.1377285
1495	C	0.113	-0.1072976
1496	A	-0.258	-0.09986869
1497	A	-0.235	-0.09853169
1498	G	-0.396	-0.1072509
1499	A	-0.140	-0.1233535
1500	T	0.504	-0.1200971
1501	T	0.419	-0.1141898
1502	T	-0.366	-0.1203035
1503	T	-0.438	-0.1258947
1504	T	-0.476	-0.09938375
1505	A	-0.511	-0.07521068
1506	A	-0.375	-0.07690137
1507	A	-0.191	-0.07825548
1508	T	0.510	-0.07214279
1509	G	0.169	-0.05336022
1510	T	0.456	-0.04555482
1511	C	0.179	-0.03807789
1512	T	0.010	-0.03994343
1513	G	-0.309	-0.06168513
1514	A	-0.314	-0.07576587
1515	A	-0.546	-0.06792464
1516	A	-0.377	-0.06865272
1517	G	0.258	-0.0559821
1518	G	0.200	-0.05175276
1519	A	-0.210	-0.05844845
1520	C	0.292	-0.06465099
1521	T	0.272	-0.08259852
1522	T	0.229	-0.08273971
1523	T	-0.032	-0.09934841
1524	T	-0.201	-0.1024991
1525	G	-0.188	-0.09657282
1526	G	-0.060	-0.07153313
1527	A	0.053	-0.05109417
1528	G	-0.162	-0.03766659
1529	G	-0.457	-0.01128078
1530	A	-0.147	-0.02619775
1531	A	-0.401	-0.03245443
1532	A	-0.549	-0.006937042
1533	A	-0.353	-0.008259812
1534	G	0.044	-0.02823962
1535	G	0.165	-0.04974373
1536	G	0.024	-0.05826444
1537	G	0.097	-0.03314567
1538	A	0.164	-0.01585087
1539	C	0.341	0.003416292
1540	C	0.216	0.01674496
1541	A	-0.197	0.03167412
1542	G	0.308	0.04926465
1543	C	-0.129	0.07194612
1544	A	0.037	0.1033082
1545	T	0.452	0.1270593
1546	C	0.258	0.1532113
1547	A	-0.247	0.1689131
1548	G	-0.329	0.1605637
1549	A	-0.253	0.1766856
1550	T	0.451	0.1878906
1551	C	0.261	0.1739616
1552	T	0.440	0.1661057
1553	C	0.400	0.174408
1554	T	0.225	0.195323
1555	G	0	0.1964404
 1556	C	0.442	0.1976472
1557	T	0.413	0.1948253
1558	C	0.067	0.1863904
1559	C	0.326	0.1597171
1560	T	0.452	0.1743474
1561	G	-0.051	0.1979296
1562	C	0.443	0.2159568
1563	T	0.388	0.2099148
1564	G	-0.197	0.2023231
1565	T	0.136	0.1753379
1566	C	0.432	0.1553211
1567	C	0.346	0.1553659
1568	T	0.337	0.167647
1569	G	-0.097	0.1638071
1570	G	-0.035	0.1556782
1571	G	0.233	0.1473473
1572	A	-0.435	0.1435326
1573	G	0.133	0.1343344
1574	C	0.283	0.1431037
1575	C	0.215	0.1357294
1576	T	0.294	0.1324964
1577	G	0.063	0.1559942
1578	G	-0.261	0.156439
1579	A	-0.120	0.1278683
1580	G	0.227	0.1048138
1581	C	0.319	0.09823569
1582	T	0.342	0.1077946
1583	G	0.202	0.1243314
1584	C	-0.148	0.1213136
1585	T	0.227	0.1559755
1586	G	0.213	0.1658558
1587	G	0.176	0.1549478
1588	G	0.251	0.1522217
1589	G	0.304	0.1548806
1590	C	0.413	0.1518037
1591	T	0.148	0.1571026
1592	G	-0.310	0.1758534
1593	G	-0.252	0.1839032
1594	T	0.166	0.1876198
1595	T	0.150	0.1915381
1596	C	0.394	0.1922868
1597	C	0.154	0.2123231
1598	C	0.465	0.2196904
1599	C	0.390	0.2251479
1600	A	0	0.2336439
 1601	T	0.144	0.2385936
1602	C	0.363	0.2317541
1603	T	-0.016	0.2091038
1604	G	-0.123	0.2119119
1605	T	0.367	0.2383325
1606	C	0.436	0.2593679
1607	C	0.415	0.2495217
1608	T	0.444	0.2512929
1609	G	0.221	0.2417599
1610	C	0.371	0.2531928
1611	C	0.419	0.246346
1612	C	0.355	0.2439841
1613	T	0.397	0.261338
1614	C	0.380	0.273028
1615	A	0.126	0.2713897
1616	C	-0.175	0.2851315
1617	T	0.221	0.289882
1618	C	0.376	0.2627014
1619	T	0.294	0.2339567
1620	A	-0.089	0.2070874
1621	C	0.196	0.2013263
1622	C	0.146	0.2047776
1623	T	0.452	0.2063856
1624	C	0.287	0.206771
1625	T	0.328	0.2043666
1626	C	0.451	0.2048261
1627	C	0.448	0.2066625
1628	T	0.320	0.1892633
1629	C	0.340	0.2031552
1630	C	0	0.2106193
 1631	A	-0.339	0.214448
1632	A	-0.310	0.1985247
1633	A	-0.282	0.2152349
1634	G	0.294	0.2121606
1635	G	0.311	0.2206778
1636	C	0.413	0.2194244
1637	C	0.429	0.2219833
1638	C	0.292	0.2168675
1639	C	0.409	0.2106096
1640	T	0.428	0.2046647
1641	T	-0.325	0.208472
1642	C	0.185	0.2040744
1643	C	0.415	0.217011
1644	C	0.476	0.2441983
1645	T	-0.119	0.2640332
1646	A	0.345	0.2830912
1647	C	0.116	0.2791717
1648	C	0.367	0.2783696
1649	T	0.419	0.271377
1650	C	0.354	0.2623039
1651	A	0.195	0.2606754
1652	G	0.288	0.2589377
1653	C	0.293	0.2486665
1654	C	0.419	0.2604114
1655	T	0.226	0.2409868
1656	C	0.336	0.2250078
1657	T	0.367	0.2104313
1658	C	0.204	0.2276013
1659	C	0.212	0.2229432
1660	C	0.192	0.2127466
1661	T	0.290	0.2140824
1662	T	0.231	0.2164592
1663	C	0.193	0.21455
1664	C	0.250	0.2075127
1665	C	0.363	0.1862619
1666	C	0.161	0.1609213
1667	T	-0.020	0.1324198
1668	T	-0.319	0.1215323
1669	C	0	0.1246528
 1670	T	0.097	0.1275242
1671	C	0.326	0.1373594
1672	T	0.224	0.1333764
1673	G	-0.148	0.1208847
1674	C	0.402	0.09224387
1675	C	0.481	0.07664913
1676	C	0.304	0.07349394
1677	A	0.012	0.07267302
1678	T	-0.264	0.06483233
1679	G	-0.365	0.0525959
1680	T	-0.321	0.03482816
1681	A	-0.056	0.03467754
1682	C	0.417	0.0430737
1683	C	0.441	0.05256939
1684	C	0.460	0.0509792
1685	A	0.109	0.05348355
1686	G	-0.131	0.06722185
1687	A	-0.453	0.05886789
1688	G	-0.173	0.05546666
1689	G	0.111	0.04935408
1690	C	0.228	0.06615821
1691	T	0.160	0.07044052
1692	G	-0.156	0.08376288
1693	G	-0.482	0.1034008
1694	A	-0.323	0.1003351
1695	G	0.218	0.08730132
1696	G	0.343	0.07931774
1697	C	0.285	0.07888208
1698	C	0.289	0.08135282
1699	G	0.209	0.09383482
1700	G	0.185	0.1218464
1701	G	0.392	0.1423581
1702	T	0.145	0.153588
1703	G	0.449	0.1613142
1704	C	-0.152	0.1728039
1705	A	-0.018	0.1959648
1706	G	0.189	0.2179493
1707	T	-0.136	0.2151524
1708	G	0.078	0.1917883
1709	G	0.234	0.1666821
1710	C	0.449	0.1517438
1711	T	0.173	0.1569257
1712	C	0.192	0.1618955
1713	A	0.274	0.1719649
1714	C	0.359	0.1459621
1715	G	0.403	0.136511
1716	C	0.429	0.1092671
1717	C	0.458	0.1226692
1718	T	0.445	0.1407214
1719	G	0.089	0.150883
1720	T	-0.395	0.1686668
1721	A	-0.389	0.1587071
1722	A	-0.308	0.1537977
1723	T	-0.103	0.1472133
1724	C	0.423	0.1248774
1725	C	0.338	0.1279618
1726	C	0.447	0.1097689
1727	A	-0.283	0.1081827
1728	G	-0.099	0.1091209
1729	A	-0.258	0.1092142
1730	A	0.195	0.07880721
1731	C	0.450	0.05301144
1732	T	0.453	0.05012579
1733	T	0.326	0.07325429
1734	T	-0.180	0.09146232
1735	G	0.106	0.1050196
1736	G	0.277	0.1174934
1737	G	-0.407	0.1075221
1738	A	0.272	0.1038358
1739	G	-0.198	0.07638972
1740	G	0.318	0.09317425
1741	C	0.427	0.1037505
1742	C	0.432	0.1114243
1743	G	-0.331	0.1061631
1744	A	-0.225	0.1038048
1745	G	0.014	0.1018302
1746	G	0.205	0.09890838
1747	C	0.084	0.114914
1748	A	0.043	0.1049875
1749	G	0.221	0.08321792
1750	G	0.164	0.084488
1751	T	0.242	0.05647884
1752	G	-0.266	0.08065727
1753	G	0.153	0.07823669
1754	A	0.175	0.07094742
1755	T	-0.059	0.06084234
1756	C	0.058	0.0646038
1757	A	0.389	0.06863084
1758	C	0.402	0.05602033
1759	C	0.250	0.05925753
1760	T	0.235	0.06172034
1761	G	-0.151	0.06533283
1762	A	-0.288	0.05058652
1763	G	-0.374	0.02726006
1764	A	-0.455	0.005723985
1765	T	0.430	-0.001866015
1766	C	0.255	0.007030715
1767	A	0.238	-0.01624632
1768	G	0.169	-0.02381338
1769	G	-0.233	-0.01649438
1770	A	-0.120	-0.01423573
1771	G	-0.313	-0.01243096
1772	T	0.289	-0.006065154
1773	T	0.148	-0.008165154
1774	C	0.137	-0.002925838
1775	A	-0.162	0.02477935
1776	A	-0.441	0.04945085
1777	G	-0.317	0.05302632
1778	A	-0.463	0.02106966
1779	C	0.384	-0.004232223
1780	C	-0.430	-0.02607388
1781	A	-0.255	-0.0247688
1782	G	0.249	0.0008972385
1783	C	0.447	0.01899393
1784	C	0.449	0.03637666
1785	T	0.415	0.006218469
1786	G	0.181	-0.01614315
1787	A	-0.015	-0.0420928
1788	C	0.432	-0.05126526
1789	C	0.267	-0.0394613
1790	A	-0.362	-0.01308611
1791	A	-0.400	0.02153589
1792	T	-0.402	0.02507755
1793	A	-0.329	0.03319855
1794	T	0.203	0.04919001
1795	G	0.433	0.05677978
1796	G	0.349	0.05823085
1797	T	0.138	0.05588862
1798	G	-0.494	0.03817132
1799	A	-0.433	0.04573259
1800	A	-0.537	0.05133732
1801	A	-0.400	0.0321442
1802	C	-0.134	0.01321485
1803	C	0.368	0.009841892
1804	C	0.436	-
1805	T	0.476	-
1806	G	-0.219	-
1807	T	0.159	-
1808	C	0.446	-
1809	T	0.485	-
1810	C	0.388	-
1811	T	-0.044	-
1812	A	0.377	-
1813	C	0.130	-
1814	T	-0.066	-
1815	A	-0.224	-
1816	T	-0.450	-
