1	G	-0.381	-
2	A	-0.282	-
3	A	-0.187	-
4	C	0.337	-
5	T	0.145	-
6	G	0.077	0.06714818
7	G	0.138	0.07532982
8	G	0.012	0.09951836
9	C	0.299	0.1460559
10	T	0.337	0.1560848
11	T	0.240	0.1463488
12	G	-0.291	0.1369546
13	A	-0.016	0.1381228
14	G	0.323	0.1603968
15	C	0.447	0.1317349
16	A	0.038	0.1260301
17	G	-0.025	0.1146804
18	T	0.151	0.1376835
19	G	0.257	0.1859382
20	G	-0.015	0.1704181
21	G	0.275	0.1353468
22	A	0.115	0.1358386
23	A	-0.038	0.1502943
24	G	0.514	0.157217
25	G	0.153	0.08692779
26	A	0.062	0.07355058
27	T	0.044	0.04036905
28	T	0.133	0.007783145
29	T	0.227	-0.006092918
30	G	-0.515	-0.01469628
31	G	-0.163	0.0010389
32	A	-0.089	0.03031732
33	G	-0.242	0.04335329
34	A	-0.190	0.03125493
35	G	0.419	-0.01158116
36	C	0.326	0.0009573818
37	G	0.384	-0.02769989
38	G	0.187	-0.01554654
39	A	0	-0.02045126
 40	G	-0.243	-0.0267049
41	G	-0.377	-0.09818481
42	A	-0.478	-0.1561215
43	A	0.043	-0.219656
44	T	-0.296	-0.2229235
45	G	-0.259	-0.2605554
46	A	-0.366	-0.2033382
47	A	-0.310	-0.1959198
48	G	-0.314	-0.1181864
49	G	0.151	-0.08269218
50	A	-0.413	-0.05913495
51	G	0.385	-0.01603123
52	A	-0.295	-0.02110932
53	G	0.376	0.02829686
54	C	0.434	0.03286423
55	A	-0.037	0.06246795
56	G	0.214	0.1094569
57	A	-0.422	0.1087131
58	G	0.232	0.1084679
59	A	-0.264	0.03313405
60	G	0.477	0.01966032
61	G	0.102	0.06457255
62	A	0.377	0.08511745
63	G	-0.298	0.1439482
64	A	-0.451	0.09223055
65	G	0.286	0.1476522
66	G	0.456	0.09556566
67	C	0.440	0.09477041
68	T	0.224	0.09786505
69	T	-0.336	0.1529772
70	G	0.345	0.1575021
71	G	-0.095	0.1325586
72	A	0.094	0.0955617
73	G	0.411	0.0362147
74	G	0.307	-0.02568685
75	T	-0.402	-0.03575357
76	G	0.011	-0.08373285
77	A	0.049	-0.1111304
78	T	-0.212	-0.1131195
79	G	-0.456	-0.1787658
80	A	-0.447	-0.2485846
81	G	-0.182	-0.20631
82	A	-0.397	-0.228833
83	T	0.072	-0.2381598
84	G	-0.310	-0.2554866
85	A	-0.460	-0.1740326
86	G	0.062	-0.1240105
87	A	-0.236	-0.06677758
88	G	-0.052	-0.008284855
89	G	-0.402	0.006952964
90	A	0.439	0.07934315
91	C	0.103	0.09167478
92	A	0.447	0.1057405
93	G	0.246	0.07830014
94	C	0.239	0.1160794
95	T	0.485	0.1670416
96	G	-0.324	0.1630405
97	T	0.217	0.1904722
98	T	-0.537	0.1913663
99	C	0.362	0.2081674
100	T	0.157	0.2144393
101	C	0.395	0.2094202
102	C	0.404	0.2591429
103	C	0.456	0.2308541
104	C	0.431	0.309793
105	T	0.308	0.2903066
106	C	0.430	0.2599522
107	A	0.222	0.2078306
108	C	-0.093	0.1981046
109	T	0.330	0.1293186
110	C	0.148	0.1030026
111	A	-0.176	0.07123627
112	A	-0.177	0.03880587
113	G	0.297	0.05988333
114	G	-0.299	0.06839254
115	T	0.141	0.07258926
116	A	-0.040	0.08923345
117	G	0.073	0.1223299
118	C	0.454	0.1466793
119	A	0	0.08253501
 120	C	0.376	0.09339974
121	T	0.331	0.05441855
122	C	0.187	0.08559207
123	T	0.090	0.1034403
124	G	-0.407	0.08074684
125	A	-0.180	0.1213807
126	G	-0.287	0.1273124
127	G	0.302	0.1080564
128	T	0.270	0.1062013
129	G	0.204	0.1140398
130	T	0.446	0.1654317
131	C	0.441	0.2021211
132	C	0.119	0.2446892
133	A	0.167	0.2112392
134	G	0.176	0.2190209
135	G	0.157	0.1825079
136	A	0.223	0.1272503
137	G	0.180	0.1068043
138	G	-0.065	0.1393079
139	C	0.355	0.1317801
140	G	-0.197	0.1372063
141	A	-0.160	0.161248
142	T	0.216	0.1051454
143	C	0.477	0.04789987
144	C	0.084	0.004032018
145	A	0.236	-0.03401955
146	C	0.422	0.02328691
147	A	-0.393	0.01848291
148	A	-0.448	0.03240145
149	A	-0.548	0.02823618
150	T	-0.062	0.06171553
151	C	0.433	0.07777307
152	A	-0.213	0.0739278
153	T	0.370	0.109728
154	C	0.431	0.1963025
155	C	0.453	0.2352005
156	C	0.412	0.2085996
157	A	0.379	0.1786824
158	C	0	0.210055
 159	T	0.503	0.1786607
160	G	-0.120	0.1548877
161	A	-0.355	0.1091907
162	G	0.104	0.09940576
163	T	0.131	0.1104048
164	G	0.024	0.07708713
165	T	0.169	-0.01411815
166	G	-0.049	0.01795731
167	C	0.305	0.01264367
168	T	0.500	0.02636458
169	T	-0.366	0.03459213
170	A	-0.499	0.07427341
171	C	0.232	0.08876523
172	A	-0.413	0.1010011
173	G	0.255	0.05798912
174	C	0.221	-0.0009129727
175	C	0.461	0.0715593
176	G	0.329	0.1383025
177	G	0.084	0.1453756
178	T	-0.167	0.219925
179	T	-0.147	0.216851
180	T	0.430	0.2144928
181	C	0.234	0.1886438
182	T	0.310	0.198889
183	C	0.406	0.227752
184	C	0.221	0.2662372
185	C	0.195	0.3132566
186	A	0.176	0.3085338
187	C	0.441	0.3048313
188	C	0.402	0.3046095
189	T	0.255	0.3055147
190	C	0.370	0.3174453
191	A	0.378	0.3195616
192	G	0.193	0.3213378
193	C	0.307	0.3099513
194	C	0.416	0.3033439
195	C	0.352	0.2673217
196	T	0.219	0.2302272
197	G	0.196	0.1647881
198	C	0.316	0.1520475
199	T	0.329	0.1225838
200	G	-0.140	0.1009718
201	C	-0.038	0.02735303
202	G	-0.341	0.02031221
203	A	0.053	-0.03693097
204	G	-0.016	-0.08373943
205	G	0.178	-0.08644861
206	A	-0.457	-0.06428425
207	A	0.141	-0.0541455
208	G	-0.433	-0.06758868
209	G	-0.198	-0.1142051
210	A	0.299	-0.1548205
211	C	0.102	-0.2133523
212	T	0.073	-0.2151198
213	A	-0.488	-0.2636349
214	A	-0.459	-0.2701246
215	G	-0.462	-0.276255
216	A	-0.465	-0.2980616
217	A	-0.476	-0.3322853
218	A	-0.391	-0.3135607
219	A	-0.504	-0.2316828
220	A	-0.265	-0.1513753
221	C	0.060	-0.09395604
222	A	-0.273	-0.04557497
223	G	0.279	0.01420485
224	C	0.411	0.03679403
225	C	0.424	0.04823894
226	T	0.168	0.08097588
227	G	0.066	0.09082637
228	C	0.180	0.138917
229	A	-0.143	0.1491801
230	T	-0.378	0.1499965
231	G	0.094	0.154419
232	G	0.168	0.1622426
233	G	0.255	0.1700452
234	C	0.392	0.1915531
235	C	0.420	0.229567
236	G	0.472	0.2784238
237	G	0.254	0.2900326
238	G	0.152	0.3031734
239	C	0.417	0.2712246
240	T	0.274	0.2321547
241	T	0.158	0.1948688
242	G	0.222	0.1493756
243	G	0.312	0.1161823
244	A	-0.095	0.07139426
245	T	-0.037	0.003411718
246	T	0.010	-0.04741174
247	T	-0.027	-0.04654765
248	C	-0.110	-0.02672319
249	A	-0.34	-0.01501492
250	A	-0.330	0.01207707
251	G	-0.284	0.04816745
252	T	0.168	0.04187375
253	T	0.440	0.002931127
254	C	0.441	-0.01622087
255	T	0.202	-0.02458215
256	C	0.359	-0.04019169
257	A	-0.058	-0.05880742
258	G	-0.455	-0.08475933
259	A	-0.321	-0.1374723
260	A	-0.431	-0.188805
261	A	-0.501	-0.2043126
262	A	-0.489	-0.2013434
263	A	-0.117	-0.1877733
264	G	-0.139	-0.1250544
265	T	-0.122	-0.0514694
266	T	0.031	-0.01219904
267	T	0.392	0.008600145
268	G	0.090	0.0460658
269	C	0.234	0.09245807
270	C	0.488	0.1446057
271	A	0	0.1960062
 272	A	-0.273	0.2309962
273	C	-0.076	0.2154106
274	T	0.392	0.2394161
275	C	0.433	0.2539415
276	C	0.442	0.2247782
277	T	0.416	0.2348223
278	G	0.220	0.2228477
279	C	0.354	0.1996345
280	T	0.393	0.1405203
281	C	0.167	0.1130905
282	T	0.110	0.04790373
283	A	-0.404	-0.02348127
284	G	-0.332	-0.08091236
285	A	-0.257	-0.1277041
286	T	0.132	-0.1291648
287	T	-0.274	-0.129719
288	G	-0.368	-0.145952
289	A	-0.410	-0.1537933
290	T	-0.160	-0.1335886
291	G	0.377	-0.1004743
292	G	0.161	-0.1554767
293	T	-0.068	-0.1665829
294	T	-0.491	-0.1615279
295	A	-0.110	-0.1051266
296	C	0.106	-0.101669
297	A	-0.472	-0.0972272
298	A	-0.396	-0.07568365
299	A	-0.313	-0.08859891
300	G	0.209	-0.073598
301	T	-0.122	-0.01997545
302	C	0.426	-0.02408711
303	T	0.398	0.05170889
304	G	-0.210	0.07968999
305	A	-0.326	0.0968229
306	C	0.479	0.0547499
307	A	0.061	0.03092745
308	G	0.360	-0.03873928
309	A	-0.088	-0.1038901
310	G	-0.124	-0.07496055
311	G	-0.253	-0.04933842
312	A	-0.384	-0.06966096
313	T	-0.339	-0.1096727
314	A	-0.318	-0.1896669
315	C	0.108	-0.2093499
316	A	-0.044	-0.179196
317	G	0.256	-0.1730074
318	T	-0.378	-0.1271673
319	T	-0.518	-0.0558505
320	A	-0.305	-0.02803523
321	C	0.206	-0.04862623
322	A	-0.185	-0.01715282
323	G	0.120	-0.07736673
324	G	0.444	-0.02511155
325	G	-0.012	0.053355
326	A	-0.118	0.09853482
327	C	0.301	0.1038089
328	A	-0.406	0.1174088
329	T	0.196	0.07584665
330	G	0.344	0.01640219
331	G	0.191	0.03514746
332	C	0.264	0.07913746
333	A	-0.035	0.06828455
334	A	-0.337	0.1065959
335	A	-0.209	0.04527283
336	G	0.193	-0.02714835
337	C	0.365	-0.08537517
338	C	0.182	-0.1459259
339	A	0.015	-0.1894703
340	G	-0.478	-0.1588313
341	A	-0.452	-0.1131127
342	A	-0.448	-0.1021214
343	A	-0.401	-0.1525652
344	A	-0.514	-0.1377873
345	A	0	-0.1620003
 346	C	0.293	-0.139059
347	G	0.314	-0.07181445
348	A	-0.189	0.008169545
349	G	0.345	0.08223209
350	G	-0.251	0.1268642
351	A	-0.225	0.1677078
352	C	0.287	0.1305851
353	C	0.430	0.09417863
354	G	0.413	0.132337
355	G	-0.023	0.1405549
356	G	0.449	0.1924102
357	A	-0.114	0.2129339
358	G	-0.085	0.2209422
359	T	0.230	0.2261614
360	C	0.435	0.2317045
361	C	0.319	0.2163458
362	A	0	0.1881693
 363	G	0.375	0.1747586
364	C	0.488	0.1354865
365	T	0.474	0.1233428
366	T	-0.192	0.0714269
367	T	0.139	0.002189627
368	C	-0.262	-0.04200619
369	A	-0.517	-0.06509083
370	A	0.096	-0.09293637
371	C	-0.135	-0.1088268
372	A	-0.442	-0.05181083
373	A	-0.486	-0.07539628
374	A	0.121	-0.06096574
375	G	0.182	0.004960718
376	C	0.299	0.045314
377	C	0.434	0.1043698
378	A	-0.120	0.114022
379	A	-0.103	0.1293448
380	T	0.207	0.1210665
381	C	0.540	0.143759
382	T	0.513	0.08419807
383	A	-0.336	-0.003638018
384	T	-0.317	0.04894453
385	T	0.030	0.100899
386	C	0.431	0.1217211
387	A	-0.355	0.1128071
388	A	-0.531	0.1057403
389	T	0.458	0.1680363
390	C	0.468	0.2123838
391	T	0.436	0.2372014
392	C	0.442	0.1994765
393	C	0.436	0.2040176
394	A	0.349	0.2492588
395	G	0.170	0.2469197
396	A	0.303	0.2480942
397	C	0.016	0.2533084
398	T	-0.305	0.2464986
399	A	-0.033	0.205129
400	C	0.432	0.2014044
401	C	0.481	0.1474375
402	C	0.494	0.1011791
403	T	0.367	0.1148636
404	T	-0.018	0.1848546
405	T	0.308	0.2284992
406	G	-0.423	0.1642868
407	T	-0.205	0.1129579
408	A	0.167	0.1056679
409	C	0.464	0.05204767
410	C	0.446	0.08124107
411	A	-0.273	0.08453362
412	A	-0.083	0.1621853
413	G	0.413	0.2085971
414	G	-0.222	0.1781976
415	A	0.302	0.110541
416	C	0.344	0.1134774
417	A	0.430	0.1173683
418	T	0.305	0.07775336
419	T	-0.167	-0.002695727
420	G	-0.279	-0.009513727
421	T	0.478	-0.05163182
422	T	-0.230	-0.06006282
423	A	-0.519	-0.081113
424	A	-0.471	-0.06487527
425	G	-0.297	-0.009350727
426	T	-0.160	0.04582064
427	A	0.251	0.04289564
428	C	0.199	0.1009635
429	C	0.483	0.09880518
430	T	0.443	0.09432818
431	T	0.327	0.1086865
432	C	0.446	0.08484509
433	T	0.407	0.01577564
434	T	-0.543	-0.002333455
435	A	-0.520	-0.02312573
436	A	-0.139	-0.02711918
437	A	-0.423	-0.06234706
438	G	-0.508	-0.1243955
439	A	0	-0.1175794
 440	C	0.254	-0.09153361
441	T	0.399	-0.03906317
442	G	-0.060	-0.03512943
443	A	-0.236	-0.01144152
444	G	0.482	-0.01131643
445	T	-0.256	-0.06032997
446	G	0.056	-0.1113699
447	C	-0.095	-0.1652246
448	A	-0.162	-0.1939351
449	A	-0.506	-0.2031382
450	A	-0.539	-0.2595545
451	A	-0.306	-0.2264765
452	G	-0.192	-0.2465436
453	A	-0.376	-0.2524314
454	G	-0.337	-0.2808186
455	T	-0.137	-
456	A	0.107	-
457	T	-0.163	-
458	G	-0.160	-
459	A	-0.474	-
