1	T	-0.045	-
2	C	0.419	-
3	T	-0.126	-
4	T	-0.425	-
5	A	-0.504	-
6	A	-0.344	-
7	C	0.148	-
8	A	-0.035	-
9	T	-0.105	-
10	A	-0.181	-
11	T	0.444	-
12	G	-0.283	-
13	T	0.127	-
14	T	0.222	-0.03090699
15	C	0.455	-0.03664596
16	A	0.018	-0.05357624
17	G	0.290	-0.05223374
18	T	-0.410	-0.04669806
19	T	-0.479	-0.04438149
20	A	-0.290	-0.04769653
21	T	-0.136	-0.05921774
22	C	0.436	-0.06831949
23	C	0.446	-0.07140414
24	A	0.044	-0.06762238
25	G	0.229	-0.0936132
26	G	0.015	-0.07370974
27	A	-0.514	-0.08514091
28	A	-0.280	-0.09310513
29	T	-0.206	-0.1104947
30	G	-0.054	-0.1184431
31	C	-0.088	-0.1267983
32	A	-0.270	-0.1030092
33	A	-0.439	-0.08809548
34	A	-0.437	-0.09373605
35	T	-0.174	-0.1036651
36	C	-0.290	-0.1349812
37	A	-0.192	-0.1645244
38	A	-0.075	-0.1661122
39	G	-0.283	-0.1724544
40	G	0.273	-0.1667425
41	G	-0.192	-0.144212
42	A	0	-0.1311082
 43	A	-0.031	-0.1185799
44	G	-0.203	-0.1030748
45	A	0.056	-0.08557224
46	C	0.255	-0.0736224
47	T	-0.062	-0.0601253
48	A	-0.448	-0.04296851
49	A	-0.414	-0.05266583
50	A	-0.440	-0.0536139
51	A	-0.380	-0.06195422
52	T	0	-0.07633684
 53	T	0.051	-0.06661815
54	T	0.175	-0.0621724
55	A	0.116	-0.04846661
56	C	0.086	-0.03803143
57	T	0.144	-0.05090562
58	T	0.379	-0.06298826
59	T	0.401	-0.08313992
60	G	0.064	-0.1014589
61	T	-0.061	-0.09353788
62	T	0.043	-0.0890768
63	C	-0.445	-0.0800287
64	A	-0.317	-0.0755582
65	A	-0.425	-0.04699263
66	A	-0.478	-0.03672484
67	A	-0.010	-0.02224604
68	C	0.398	-0.02612395
69	T	0.191	-0.03637235
70	T	0.292	-0.03649935
71	T	-0.391	-0.04372835
72	A	-0.541	-0.05168274
73	A	-0.507	-0.04891181
74	C	-0.257	-0.04569776
75	A	0.159	-0.05241083
76	A	-0.323	-0.05842344
77	G	-0.161	-0.05790333
78	A	-0.315	-0.05310958
79	C	0.419	-0.04901994
80	T	0.287	-0.02672912
81	C	0.456	-0.03204049
82	G	0.066	-0.04409249
83	A	-0.170	-0.03808691
84	T	0.082	-0.05757324
85	C	-0.057	-0.05068841
86	A	0.156	-0.05067252
87	C	0.478	-0.04350659
88	C	0.154	-0.02401691
89	A	-0.249	-0.02069313
90	T	-0.125	-0.003392521
91	T	-0.431	0.01819484
92	T	-0.182	0.02133234
93	T	-0.311	0.003524214
94	G	0.146	-0.0019225
95	G	-0.159	-0.0242155
96	A	0.061	-0.03062587
97	G	0.359	-0.02092394
98	G	-0.253	-0.02345624
99	T	-0.199	-0.01525066
100	A	-0.541	-0.003504879
101	A	-0.306	-0.01760237
102	C	0.288	-0.02311348
103	A	0.252	-1.903571e-06
104	T	0.160	0.01741849
105	C	0.443	0.02450149
106	G	-0.227	0.03476813
107	G	-0.079	0.0397787
108	A	0.134	0.04882331
109	G	-0.167	0.06337003
110	A	-0.112	0.06597288
111	T	0.100	0.03924092
112	G	0.011	0.06528178
113	G	0.172	0.06310149
114	C	0.485	0.0672822
115	A	0.083	0.09077274
116	A	0	0.08048524
 117	C	0.397	0.05419595
118	G	0.362	0.03187335
119	T	-0.232	-0.000318975
120	G	0.104	-0.006081296
121	A	-0.170	-0.02077114
122	C	0.399	-0.03839021
123	T	0.247	-0.03928875
124	T	0.133	-0.04191996
125	G	-0.388	-0.05709117
126	T	0.475	-0.0534337
127	G	-0.260	-0.07247213
128	A	-0.424	-0.1049808
129	T	0.350	-0.1249787
130	T	0	-0.1411421
 131	G	-0.483	-0.1703411
132	A	-0.464	-0.2004852
133	G	-0.458	-0.1867375
134	A	-0.388	-0.1939009
135	A	-0.490	-0.1741955
136	A	-0.358	-0.179574
137	G	-0.192	-0.1948974
138	A	-0.186	-0.2091013
139	A	-0.323	-0.1952147
140	G	0.114	-0.226893
141	A	-0.361	-0.2032428
142	A	-0.424	-0.1746622
143	A	-0.475	-0.1745972
144	T	-0.452	-0.1636461
145	T	-0.420	-0.1390719
146	A	-0.481	-0.1077591
147	A	0.152	-0.08228407
148	C	-0.096	-0.05377854
149	C	0.380	-0.03102532
150	C	0.248	-0.02507693
151	A	-0.181	-0.002047571
152	G	-0.263	0.005316304
153	A	0	-0.0001352679
 154	T	-0.411	-0.02233362
155	G	0.402	-0.01354241
156	C	0.375	-0.009651554
157	C	0.352	-0.004273875
158	T	0.306	0.000343875
159	G	0.204	0.007038268
160	T	0.412	0.02423766
161	G	0.255	0.01205898
162	G	0.409	0.03156684
163	C	0.146	0.02818766
164	A	-0.191	0.03390877
165	A	0.452	0.05701955
166	C	0.019	0.06054255
167	T	-0.476	0.0538538
168	A	-0.507	0.05708005
169	A	-0.114	0.05238113
170	G	-0.315	0.03746992
171	A	-0.325	0.02844626
172	A	-0.323	0.02010469
173	T	-0.232	0.01243888
174	T	0	0.01163267
 175	T	-0.188	0.01403699
176	T	0.450	0.01395563
177	G	0.286	0.01684385
178	C	0.408	0.02761527
179	T	0.465	0.01883938
180	T	-0.165	0.03201501
181	G	-0.187	0.05153939
182	A	-0.320	0.07027955
183	T	0.270	0.06675405
184	G	-0.041	0.0801418
185	T	0.099	0.08882718
186	G	0.073	0.098254
187	G	-0.010	0.08779297
188	C	0.390	0.1002114
189	C	0.322	0.1184894
190	T	0.406	0.09692036
191	G	0.227	0.09352382
192	G	0.109	0.08213132
193	T	0.206	0.07827643
194	G	0.388	0.1010271
195	C	0.070	0.1136275
196	A	0.017	0.123455
197	G	-0.213	0.1010225
198	C	0.059	0.08861467
199	A	-0.082	0.07171587
200	G	-0.059	0.07791051
201	C	-0.525	0.09358396
202	T	0.347	0.09099599
203	C	0.322	0.08659253
204	A	-0.153	0.05743874
205	T	0.191	0.03377964
206	G	0.089	0.04511221
207	C	0.357	0.03870698
208	C	0.471	0.03905573
209	T	0.165	0.05601624
210	G	-0.045	0.05583711
211	T	-0.357	0.0459954
212	A	-0.389	0.02661625
213	A	-0.373	0.01133834
214	T	0.246	-0.002425232
215	C	0.428	0.03034505
216	C	0.317	0.0108223
217	C	0.199	0.000236775
218	A	-0.409	0.01877695
219	A	-0.435	0.01138506
220	C	0.427	0.001041143
221	A	0.027	-0.02185168
222	C	0.398	-0.03538844
223	T	0.545	-0.04577344
224	T	0.012	-0.03474851
225	T	-0.489	-0.01930369
226	A	-0.483	0.001805707
227	G	-0.510	0.007674493
228	G	-0.444	-0.001505179
229	A	0.392	-0.02333514
230	G	-0.198	-0.03173657
231	G	0.026	-0.04352729
232	C	0.365	-0.045113
233	T	-0.015	-0.02230264
234	G	-0.199	-0.03201236
235	A	-0.283	-0.01660263
236	G	0.092	-0.01634077
237	G	-0.125	-0.03389119
238	C	0.262	-0.05284265
239	G	0.074	-0.04103737
240	G	0.201	-0.0169009
241	G	-0.208	0.01645763
242	A	-0.010	0.04462553
243	G	-0.182	0.04111903
244	G	0.082	0.05593938
245	A	-0.131	0.06169255
246	T	-0.453	0.03214088
247	T	0.203	0.02218859
248	G	0.155	0.02732433
249	C	0.458	0.03063129
250	T	0.405	0.03777109
251	T	0.053	0.0488808
252	G	-0.518	0.05524666
253	A	-0.158	0.05924437
254	G	0.192	0.05601187
255	C	0.424	0.06076005
256	C	0.343	0.07175118
257	C	0.293	0.07486477
258	A	0.216	0.0538817
259	G	0.187	0.06684181
260	G	-0.462	0.09865792
261	A	-0.294	0.1068095
262	G	-0.055	0.1176958
263	T	-0.190	0.0946227
264	T	0.292	0.0911406
265	C	0.185	0.09351987
266	C	0.441	0.1029079
267	A	0.186	0.09478634
268	G	0.111	0.09306201
269	A	-0.075	0.07223855
270	C	0.297	0.0465048
271	T	-0.095	0.02018669
272	A	-0.505	0.006402693
273	G	0.231	-0.009988807
274	C	0.437	0.009340682
275	C	0.431	0.01890146
276	T	0.460	0.007802257
277	G	-0.187	0.00951115
278	A	0.308	-0.007649671
279	G	0.120	0.00039115
280	C	-0.255	0.00013765
281	A	-0.386	0.005935614
282	A	0.144	0.0002169964
283	C	-0.159	-0.004879646
284	A	-0.376	-0.004822789
285	T	-0.443	0.01363047
286	A	-0.169	0.04907051
287	G	-0.271	0.06032733
288	C	0.079	0.05529362
289	A	-0.026	0.03364155
290	A	-0.366	0.01925923
291	G	-0.142	0.01011523
292	A	-0.187	-0.01150055
293	C	0.410	-0.03197252
294	C	0.434	-0.03846066
295	C	0.349	-0.04032734
296	T	-0.048	-0.0591843
297	A	-0.218	-0.0527289
298	T	0.298	-0.05137115
299	C	0.421	-0.05183783
300	T	0.487	-0.06275565
301	C	0.547	-0.07124932
302	T	0.296	-0.09209839
303	A	-0.174	-0.09645374
304	C	0.057	-0.09808588
305	A	-0.443	-0.09603873
306	A	-0.297	-0.09956648
307	A	-0.452	-0.1199738
308	A	-0.437	-0.1247428
309	A	-0.438	-0.1240502
310	A	-0.383	-0.1073001
311	T	0.021	-0.08643636
312	T	-0.338	-0.09710894
313	A	-0.456	-0.1071335
314	A	-0.475	-0.1268992
315	A	-0.509	-0.1471518
316	A	-0.504	-0.1443528
317	A	-0.148	-0.1230579
318	G	-0.412	-0.1144088
319	T	-0.085	-0.09038516
320	T	-0.286	-0.07207173
321	A	-0.160	-0.04418762
322	G	0.300	-0.01810877
323	C	0.368	0.003810518
324	T	0.420	0.02446166
325	G	0.365	0.03121215
326	G	0	0.03033761
 327	G	0.140	0.04106204
328	A	-0.066	0.059498
329	G	-0.019	0.09346593
330	T	0.374	0.1230913
331	G	0.421	0.1408014
332	G	0.299	0.1634019
333	T	0.229	0.1687374
334	G	0.215	0.1684154
335	G	0.327	0.169952
336	C	0.293	0.1724808
337	T	0.175	0.1734231
338	C	0.194	0.174282
339	A	0.210	0.1646279
340	T	-0.363	0.1748584
341	G	-0.155	0.1843737
342	A	0.040	0.189628
343	C	0.441	0.1771559
344	T	0.324	0.1486517
345	G	0.347	0.1471021
346	C	0.220	0.1315955
347	A	0.063	0.1291701
348	T	-0.295	0.1262697
349	T	-0.117	0.1117933
350	C	0.371	0.1062992
351	C	0.394	0.1019729
352	C	0.444	0.105561
353	A	0.095	0.110587
354	G	0.286	0.1339228
355	C	0.407	0.124706
356	T	0.080	0.1160601
357	A	-0.369	0.08334834
358	C	-0.423	0.05437762
359	T	0.378	0.03166152
360	T	-0.134	0.02378841
361	G	0.161	0.01526473
362	G	0.134	0.02582095
363	G	-0.077	0.02537091
364	A	0.139	0.02934659
365	G	0.054	0.004394339
366	G	0.295	-0.0246983
367	C	0.351	-0.04430371
368	T	0.290	-0.0472686
369	G	-0.413	-0.0577761
370	A	-0.201	-0.04567225
371	A	-0.473	-0.02203821
372	G	-0.486	-0.01045492
373	T	-0.288	-0.03433203
374	A	0	-0.0222481
 375	G	-0.174	-0.01538985
376	G	0	-0.0114435
 377	A	-0.130	0.005482686
378	G	0.482	0.01502161
379	G	-0.303	0.02259661
380	A	-0.370	0.02279811
381	T	-0.453	0.02646279
382	T	0.203	0.0340485
383	G	0.112	0.03744675
384	C	0.419	0.03254086
385	T	0.292	0.03312611
386	T	-0.099	0.03363608
387	G	-0.290	0.02812918
388	A	0.203	0.01114636
389	C	0.353	0.004691718
390	C	0.244	-0.009711532
391	C	0.396	-0.0171736
392	T	0.406	-0.0454291
393	G	0.266	-0.04800818
394	T	0.300	-0.04310696
395	C	0.454	-0.04058475
396	T	0.502	-0.062538
397	C	-0.318	-0.08054228
398	A	-0.338	-0.1118191
399	A	-0.457	-0.1411786
400	A	-0.472	-0.1547731
401	A	-0.443	-0.1577881
402	A	-0.475	-0.1780166
403	A	-0.355	-0.2009499
404	A	-0.403	-0.2260665
405	A	-0.338	-0.2497564
406	G	-0.308	-0.2642693
407	A	-0.376	-0.2805275
408	A	-0.233	-0.2751906
409	A	-0.383	-0.2776041
410	G	-0.411	-0.282471
411	A	-0.391	-0.2601034
412	A	-0.455	-0.2498446
413	A	-0.529	-0.2523066
414	A	-0.479	-0.2282752
415	A	-0.374	-0.1981336
416	G	-0.362	-0.1707238
417	A	-0.288	-0.1448666
418	A	-0.458	-0.121023
419	T	-0.266	-0.1020069
420	T	0	-0.09821878
 421	T	-0.188	-0.09454153
422	T	0.450	-0.09737696
423	G	0.386	-0.0850411
424	C	0.366	-0.08507342
425	T	0.307	-0.07404414
426	T	-0.051	-0.06223092
427	G	-0.526	-0.0497356
428	A	0.200	-0.02636742
429	C	0.400	0.002631539
430	C	0.291	0.02998211
431	C	0.368	0.05804136
432	C	0.264	0.06331686
433	A	0.193	0.08947433
434	T	-0.202	0.08478775
435	A	-0.273	0.07569147
436	C	-0.312	0.06167996
437	A	-0.037	0.06599396
438	A	-0.412	0.0634011
439	C	-0.082	0.06702864
440	A	-0.125	0.08108931
441	C	-0.179	0.1142013
442	A	0.174	0.1111187
443	C	0.437	0.09731216
444	C	0.403	0.09287656
445	T	0.496	0.07352956
446	G	-0.310	0.06920124
447	T	0.465	0.0644179
448	A	-0.131	0.06760711
449	T	-0.443	0.07351804
450	T	0.057	0.09031761
451	C	0.507	0.08554201
452	A	0.293	0.09521105
453	T	0.409	0.0920108
454	C	0.342	0.1055864
455	T	0.400	0.1183377
456	G	0.114	0.1187088
457	C	0.014	0.1053448
458	A	0.167	0.09829497
459	T	-0.173	0.08372444
460	T	0.143	0.1042435
461	T	0.059	0.09200261
462	G	-0.113	0.1059539
463	T	-0.107	0.1178237
464	G	0.157	0.125307
465	A	-0.171	0.1224431
466	A	-0.141	0.1165204
467	C	-0.171	0.09321848
468	G	0.254	0.09145605
469	T	0.177	0.06336673
470	C	0.184	0.0550558
471	A	0.063	0.0525508
472	C	0.205	0.05864048
473	C	0.089	0.0695357
474	A	0.263	0.07572705
475	T	0.122	0.07705353
476	C	0.259	0.0824025
477	A	-0.111	0.1031016
478	C	0.267	0.1128469
479	T	0.427	0.1110819
480	G	0.128	0.1039612
481	T	-0.243	0.1147806
482	G	0.292	0.09165771
483	A	-0.385	0.07790454
484	T	-0.118	0.05964625
485	T	-0.055	0.06365061
486	C	0.338	0.05859101
487	A	0.131	0.06371573
488	T	0.316	0.05832619
489	G	0.096	0.06900155
490	G	0.036	0.06080222
491	T	0.472	0.06477326
492	C	0.430	0.05844936
493	T	-0.220	0.03875968
494	A	-0.340	0.02895268
495	T	0.131	0.03352379
496	T	-0.392	0.02490158
497	A	-0.207	0.02533022
498	A	-0.326	0.01924001
499	C	0.175	0.03557894
500	A	0.064	0.0335904
501	T	0.232	0.04296219
502	C	0.112	0.03814476
503	T	0.421	0.02956519
504	A	0.029	0.03562397
505	C	0	0.010051
 506	T	0.090	0.001069789
507	T	-0.124	0.01105852
508	T	-0.146	0.0073352
509	T	-0.115	-0.01433001
510	T	0.051	-0.01642487
511	T	-0.373	-0.02727548
512	A	-0.288	-0.03460491
513	G	0.401	-0.04921301
514	C	0.282	-0.04115002
515	T	0.394	-0.06278288
516	C	0.181	-0.04922927
517	T	-0.143	-0.05768059
518	T	0.206	-0.07778134
519	A	-0.244	-0.09461427
520	T	0.179	-0.1086454
521	T	0.058	-0.1210697
522	T	-0.445	-0.1286394
523	T	-0.475	-0.140309
524	T	-0.451	-0.1586957
525	A	-0.511	-0.1623072
526	A	-0.531	-0.1675127
527	A	-0.233	-0.1896363
528	T	0.289	-0.2128789
529	G	-0.373	-0.2100448
530	T	0.492	-0.2037829
531	C	0.185	-0.1997662
532	A	-0.532	-0.2148464
533	A	-0.471	-0.2002766
534	A	-0.302	-0.192529
535	G	-0.472	-0.1798171
536	A	-0.358	-0.1495633
537	T	-0.442	-0.1264187
538	A	-0.463	-0.09229468
539	A	-0.475	-0.07932725
540	A	-0.434	-0.07077036
541	A	-0.217	-0.07153393
542	A	-0.368	-0.09192354
543	C	0.473	-0.08432054
544	T	0.356	-0.1159093
545	G	-0.031	-0.1277177
546	T	-0.215	-0.1221663
547	G	0.163	-0.09468361
548	G	0.396	-0.08943629
549	C	0.414	-0.08489896
550	C	0.402	-0.07899668
551	T	0.172	-0.04887711
552	G	0.504	-0.01711096
553	A	-0.148	0.01621504
554	A	-0.292	0.04749886
555	T	-0.255	0.07243596
556	A	-0.281	0.101496
557	T	-0.160	0.09457357
558	T	-0.392	0.07814996
559	A	-0.145	0.07018754
560	T	-0.377	0.06117214
561	C	0.298	0.03873707
562	A	-0.155	0.03185004
563	T	-0.345	0.02110446
564	A	-0.193	0.02258029
565	C	0.401	0.01361559
566	C	0.425	-0.01604899
567	T	0.458	-0.02380859
568	C	0.441	0.002623586
569	T	0.480	0.02056198
570	C	0.445	0.02751625
571	T	0.279	0.02341968
572	C	-0.102	0.05280714
573	A	-0.254	0.0746856
574	A	-0.468	0.08576342
575	A	-0.464	0.07218383
576	T	0.203	0.0744637
577	C	0.113	0.07388305
578	C	0.443	0.06754498
579	A	-0.078	0.03734263
580	A	-0.326	0.01358705
581	A	-0.365	-0.01395702
582	C	0.448	-0.0434192
583	T	0.247	-0.07532466
584	T	-0.086	-0.07828241
585	A	-0.275	-0.0799643
586	C	0.430	-0.05967566
587	T	0.466	-0.06350573
588	T	-0.067	-0.0397012
589	G	-0.082	-0.01420645
590	T	-0.091	-0.01118566
591	T	-0.361	-0.02709195
592	A	-0.370	-0.04087385
593	T	-0.444	-0.02844172
594	A	-0.239	-0.01189144
595	A	-0.313	0.01648231
596	G	-0.383	-0.004384507
597	T	-0.412	-0.006577364
598	A	0.362	-0.008101882
599	G	0.232	-0.009124989
600	G	0.465	-0.009562275
601	T	-0.361	-0.02550702
602	G	0.198	-0.01158933
603	C	0.249	0.005975004
604	A	0.288	0.02379425
605	A	-0.331	0.03949546
606	G	0.057	0.04053811
607	C	0.269	0.05496202
608	A	0.137	0.04875777
609	T	0.428	0.04695895
610	G	-0.136	0.06765198
611	T	0.185	0.08946123
612	G	-0.129	0.06899902
613	A	-0.303	0.0772993
614	C	0.418	0.07794695
615	T	0.020	0.1018639
616	G	0.322	0.09320382
617	C	0.409	0.07267225
618	T	0.407	0.04311146
619	T	0.078	0.04915236
620	C	-0.341	0.04759197
621	A	-0.040	0.04314779
622	T	-0.412	0.04667647
623	A	-0.363	0.02939217
624	A	0.195	0.03665917
625	T	0.197	0.01269932
626	G	-0.210	-0.0008212536
627	T	0.465	0.008558029
628	C	0.483	-0.01203469
629	T	0.308	-0.001318407
630	T	-0.044	0.002675057
631	T	-0.325	-0.004564157
632	T	-0.539	-0.01766212
633	A	-0.162	-0.01982233
634	G	0.013	-0.01654658
635	A	0.145	0.0001220786
636	G	0.235	0.0008404714
637	T	-0.055	0.006360007
638	T	0.067	-0.009015957
639	T	-0.485	-0.02728889
640	A	-0.507	-0.03067928
641	G	-0.041	-0.03809085
642	G	-0.158	-0.04215878
643	C	0.320	-0.04378228
644	C	0.434	-0.0376004
645	T	0.207	-0.02479271
646	G	0.040	-0.02286449
647	A	0.017	-0.02895431
648	G	-0.249	-0.04113859
649	C	0.426	-0.06184477
650	A	-0.392	-0.09006974
651	T	-0.208	-0.09420904
652	T	-0.234	-0.08371012
653	T	-0.313	-0.06476839
654	A	-0.305	-0.04663864
655	T	0.257	-0.04349398
656	G	0.369	-0.04025365
657	T	0.262	-0.05756729
658	A	0.128	-0.08880011
659	T	0.033	-0.08347893
660	T	-0.485	-0.08867244
661	G	-0.332	-0.09668558
662	A	-0.327	-0.1011123
663	A	-0.434	-0.131122
664	A	-0.554	-0.1209394
665	C	-0.171	-0.1076013
666	C	0.361	-0.08166258
667	C	0.045	-0.05583105
668	A	0	-0.04838205
 669	T	0.046	-0.05711547
670	T	-0.067	-0.05474372
671	A	-0.164	-0.0828424
672	T	-0.440	-0.09067186
673	T	0.356	-0.0812821
674	T	-0.105	-0.04729242
675	T	-0.206	-0.03329791
676	A	-0.373	-0.03741399
677	T	-0.414	-0.03625652
678	T	-0.107	-0.005919593
679	A	0.164	-0.01736438
680	C	0.491	-0.04001559
681	A	0.409	-0.05051808
682	G	-0.096	-0.04948536
683	T	0.013	-0.03488209
684	A	0.435	-0.01502417
685	T	-0.523	0.009040296
686	T	-0.090	0.0442179
687	C	0.296	0.03150144
688	C	0.466	0.03832382
689	T	0.058	0.05283008
690	T	-0.442	0.0620324
691	T	-0.402	0.0682999
692	T	0.295	0.06272083
693	A	-0.491	0.04215483
694	T	-0.273	0.03111872
695	T	-0.248	-0.0005835321
696	T	0.028	0.01761818
697	C	0.455	0.006752429
698	T	0.488	-0.01499971
699	C	0.509	-0.01145607
700	T	0.544	-0.01288507
701	T	0	-0.0254645
 702	T	0.085	-0.02859243
703	C	0.199	-0.02815469
704	A	-0.116	-0.01336665
705	T	-0.238	0.009359775
706	A	-0.263	0.002769418
707	T	-0.411	0.01548935
708	T	0.182	0.03160038
709	A	-0.478	0.02526488
710	C	0.413	0.01555163
711	A	-0.291	-0.004617764
712	G	-0.173	-0.01789034
713	T	-0.424	-0.03834242
714	A	-0.130	-0.07152874
715	G	-0.055	-0.07704335
716	C	0.378	-0.0720197
717	A	0.071	-0.0951137
718	G	-0.028	-0.0999487
719	C	0.234	-0.09335232
720	A	0.110	-0.0827171
721	T	-0.135	-0.06060445
722	T	0.178	-0.0622617
723	A	-0.426	-0.03726935
724	T	-0.243	-0.06297717
725	A	-0.108	-0.04190292
726	T	0.117	-0.0334343
727	T	-0.063	-0.01484963
728	G	-0.384	-0.005444668
729	A	-0.154	-0.0003485429
730	T	0.226	-0.02977751
731	T	-0.446	-0.03959529
732	T	-0.251	-0.04347404
733	T	-0.053	-0.05131751
734	G	0.033	-0.04334251
735	T	0.207	-0.03076144
736	T	0.136	-0.04417226
737	T	0.221	-0.04304791
738	T	-0.306	-0.04760176
739	T	0.298	-0.05993276
740	T	0.063	-0.05855048
741	C	0.095	-0.04873261
742	A	0.132	-0.02703729
743	T	0.086	-0.007114179
744	T	-0.445	0.001888
745	A	-0.203	0.026349
746	T	-0.137	0.04023579
747	G	0.014	0.04289706
748	T	0.333	0.04846933
749	G	0.216	0.03546072
750	T	-0.197	0.02955598
751	A	-0.394	0.02218119
752	T	-0.370	0.0177494
753	A	-0.454	-0.0049976
754	A	0.155	0.003837029
755	G	0.211	0.01599369
756	T	0.222	0.02753361
757	G	0.403	0.0413782
758	G	0.478	0.0624856
759	T	0.237	0.0575666
760	T	0.137	0.05304638
761	T	0.020	0.04925012
762	A	0.189	0.02260826
763	G	-0.156	0.002127264
764	A	-0.029	0.002801764
765	T	0.015	0.02792844
766	T	-0.430	0.02978366
767	A	-0.338	0.05649123
768	T	0.311	0.05504819
769	C	0.436	0.04931271
770	C	0.455	0.04974806
771	A	0.474	0.02310871
772	T	0.145	-0.0074719
773	G	-0.341	-0.008506757
774	A	-0.263	-0.01639218
775	A	-0.091	-0.01628859
776	T	-0.412	-0.03215723
777	T	-0.356	-0.03371562
778	T	-0.178	-0.04678003
779	C	0.308	-0.0618362
780	G	-0.318	-0.06081248
781	T	0.293	-0.06649666
782	T	0.115	-0.07119909
783	T	0.051	-0.08897172
784	C	0.235	-0.09453118
785	A	-0.342	-0.1108494
786	G	-0.377	-0.1282605
787	T	0.208	-0.1191488
788	A	-0.083	-0.1201186
789	T	0.023	-0.1160978
790	G	-0.254	-0.09759002
791	G	-0.200	-0.09471506
792	T	-0.394	-0.09804356
793	A	-0.406	-0.1126779
794	A	-0.402	-0.1169652
795	A	-0.497	-0.142013
796	G	0.179	-0.1564285
797	A	-0.061	-0.1670754
798	G	0.300	-0.1713369
799	G	0.017	-0.1595966
800	A	-0.342	-0.1275897
801	T	-0.086	-0.1311187
802	A	-0.290	-0.1140621
803	T	0.020	-0.1228083
804	T	0.106	-0.1300236
805	C	-0.276	-0.1402819
806	A	-0.271	-0.1404239
807	A	-0.101	-0.1388852
808	A	-0.438	-0.1424595
809	A	-0.407	-0.1425516
810	T	-0.288	-0.1517175
811	A	-0.246	-0.1516403
812	T	0.115	-0.1592477
813	T	-0.013	-0.1447076
814	T	0.518	-0.1189291
815	G	0.110	-0.1011963
816	T	0.394	-0.07346945
817	T	-0.221	-0.06818382
818	A	-0.456	-0.06019
819	T	-0.487	-0.04335514
820	A	-0.398	-0.03080448
821	A	-0.363	-0.01616923
822	A	-0.502	0.003658093
823	A	-0.499	0.0343607
824	A	-0.077	0.05988291
825	G	-0.059	0.08152945
826	G	0.087	0.09470702
827	G	0.424	0.1036115
828	A	0.379	0.08732956
829	G	0.410	0.09252099
830	C	0.485	0.07283267
831	A	0.168	0.0649126
832	T	0.329	0.06754685
833	C	0.195	0.06589374
834	T	0.079	0.0801376
835	G	0.308	0.08353717
836	G	0.116	0.1048267
837	C	0.452	0.1367936
838	A	0.426	0.155732
839	G	0.359	0.1743489
840	C	0.484	0.1602319
841	A	0.235	0.128585
842	T	0.062	0.1039967
843	T	0.255	0.07179224
844	G	-0.157	0.04358634
845	A	-0.443	0.03046941
846	G	-0.382	0.03520352
847	A	-0.533	0.03727895
848	A	0	0.03586714
 849	C	-0.268	0.0151761
850	C	0.093	0.009000807
851	A	0.395	-0.01040915
852	C	0.453	-0.01517897
853	T	0.461	-0.01904408
854	C	-0.307	-0.02997122
855	T	-0.461	-0.02865172
856	A	-0.308	-0.02023852
857	A	-0.491	-0.02645893
858	G	-0.304	-0.005392932
859	G	-0.198	0.01629146
860	T	0.462	0.038664
861	T	0.253	0.05563145
862	C	0.040	0.06045416
863	A	-0.270	0.06509373
864	G	-0.056	0.06929939
865	G	-0.091	0.06786878
866	A	0.292	0.06087285
867	G	0.251	0.05555371
868	G	0.178	0.07322089
869	C	0.272	0.09720896
870	A	0.298	0.1210341
871	G	0.081	0.1512355
872	G	0.432	0.1699005
873	G	0.163	0.1877513
874	A	0.243	0.1773541
875	C	-0.058	0.1831628
876	T	0.135	0.1832541
877	T	-0.138	0.212412
878	C	0.211	0.1971665
879	G	0.355	0.2057748
880	C	0.257	0.2072648
881	C	0.313	0.2086773
882	T	0.186	0.2161772
883	C	0.210	0.2197669
884	C	0.358	0.2122849
885	C	0.354	0.2012544
886	C	0.218	0.1893537
887	T	0.301	0.2000437
888	G	0.171	0.2059346
889	G	0.416	0.2202097
890	G	0.042	0.2181598
891	T	0.545	0.2263697
892	T	-0.483	0.2200762
893	A	0.149	0.1995232
894	C	0.334	0.1806306
895	T	0.290	0.1704676
896	C	0.388	0.1718782
897	C	0.373	0.1809824
898	A	0.088	0.1827474
899	T	-0.227	0.1734694
900	T	0.099	0.1697555
901	C	0.463	0.1584173
902	T	0.408	0.1698557
903	T	0.341	0.1658953
904	C	0.077	0.1463368
905	T	0.091	0.1213583
906	T	0.035	0.1437919
907	T	-0.220	0.1319391
908	G	-0.271	0.1342743
909	T	0.028	0.1338678
910	G	0.226	0.1348943
911	C	0.465	0.1349085
912	C	0.407	0.1262557
913	T	0.094	0.1480628
914	A	0.114	0.1463761
915	G	-0.016	0.1179912
916	C	0.491	0.09133349
917	A	0.305	0.07999642
918	T	-0.504	0.07280788
919	A	-0.153	0.08401505
920	G	0.144	0.09318001
921	G	-0.182	0.1091632
922	G	0.399	0.1172948
923	C	0.279	0.1206212
924	C	0.417	0.1104428
925	T	0.373	0.09771034
926	G	-0.153	0.1014039
927	G	0.383	0.1108658
928	A	0.052	0.1076001
929	A	-0.331	0.1056272
930	T	-0.337	0.06991497
931	A	0.023	0.0590173
932	T	-0.123	0.06876426
933	C	0.405	0.06164226
934	A	0.291	0.03900573
935	C	0.227	0.03049544
936	A	-0.043	0.02104815
937	G	0.121	0.0239068
938	A	-0.058	0.02268397
939	T	0.108	0.008704486
940	G	0.511	0.03006741
941	C	0.359	0.02811331
942	A	0.022	0.03029219
943	C	-0.071	0.03921346
944	A	-0.508	0.03766589
945	A	0	0.02710814
 946	A	-0.232	0.0177715
947	G	-0.352	0.009187393
948	A	-0.488	-0.01867911
949	A	-0.420	-0.03281207
950	T	0.135	-0.02444584
951	C	0.359	-0.02979329
952	T	0.383	-0.04689305
953	T	-0.017	-0.0553843
954	T	0.444	-0.07550688
955	T	0.328	-0.1031281
956	C	0.113	-0.1135869
957	T	-0.081	-0.1110357
958	G	-0.381	-0.103579
959	A	-0.271	-0.1179739
960	A	-0.385	-0.1230782
961	T	0.164	-0.1287133
962	G	-0.488	-0.1059911
963	A	-0.168	-0.08598333
964	G	0.190	-0.0900524
965	T	-0.028	-0.09172058
966	G	-0.537	-0.09103347
967	A	-0.129	-0.07489059
968	T	-0.052	-0.07609527
969	G	-0.414	-0.08819864
970	A	-0.269	-0.1026402
971	A	0	-0.1108739
 972	G	-0.299	-0.1136454
973	G	-0.403	-0.1168823
974	A	-0.374	-0.1092771
975	A	-0.510	-0.1006004
976	T	0.147	-0.0687672
977	T	0.139	-0.04647195
978	G	0.021	-0.04916627
979	A	0.312	-0.0536731
980	G	0.402	-0.01970353
981	G	0.434	-0.01398675
982	C	0.410	-0.0221552
983	T	-0.010	-0.001365839
984	G	-0.291	-0.002339946
985	A	-0.312	-0.006516446
986	T	-0.458	-0.01340116
987	A	-0.362	0.006235089
988	C	-0.172	0.02768791
989	T	0.407	0.04592934
990	C	0.403	0.05214745
991	T	0.455	0.05279895
992	G	0.114	0.06919574
993	G	-0.154	0.04893116
994	T	0.413	0.0452097
995	T	0.030	0.02036545
996	T	-0.280	0.02102227
997	G	0.168	0.006117211
998	G	-0.297	0.01786306
999	T	-0.116	0.02753888
1000	A	-0.492	0.04880452
1001	A	0.146	0.04977181
1002	C	0.225	0.04128927
1003	C	0	0.007541807
 1004	A	0.321	-0.01501673
1005	C	0.157	-0.03275143
1006	C	0.480	-0.04999036
1007	T	-0.254	-0.04511834
1008	A	0.298	-0.06624427
1009	G	-0.261	-0.05330516
1010	G	0.429	-0.02937687
1011	T	-0.427	-0.02013337
1012	A	0.037	0.006252839
1013	T	-0.041	0.02410241
1014	G	0.136	0.05579384
1015	T	-0.335	0.05642963
1016	G	-0.409	0.04915725
1017	A	-0.537	0.05998214
1018	T	-0.228	0.04330825
1019	G	-0.040	0.02585046
1020	A	-0.367	-0.008627357
1021	G	-0.017	-0.01891918
1022	G	-0.177	-0.02150079
1023	C	0.393	0.001819893
1024	C	0.389	-0.006071857
1025	C	0.426	0.01804211
1026	T	0.441	-0.0002005679
1027	C	0.382	0.01704865
1028	T	0.395	0.01054589
1029	G	0.164	0.02252364
1030	C	0.022	0.05255006
1031	T	0.303	0.06872667
1032	G	-0.145	0.07363423
1033	A	-0.330	0.06992444
1034	G	-0.484	0.08551816
1035	A	-0.543	0.07265668
1036	T	0.225	0.07434936
1037	G	0.391	0.05454979
1038	G	0.208	0.02363143
1039	G	0.247	0.006154514
1040	A	-0.472	0.001648193
1041	A	0.441	-0.001630843
1042	C	-0.045	-0.006196629
1043	A	0	-0.001273307
 1044	C	0.431	0.000384625
1045	A	-0.084	-0.002962196
1046	G	-0.091	0.01961273
1047	G	-0.144	0.03375366
1048	A	0.068	0.03765984
1049	G	-0.378	0.05128251
1050	A	-0.130	0.04230562
1051	G	-0.161	0.04262162
1052	A	-0.476	0.0500347
1053	G	-0.062	0.05421848
1054	G	0.315	0.07110927
1055	G	0.291	0.05735964
1056	C	0.267	0.04898305
1057	A	0.302	0.03298091
1058	G	0.068	0.01054805
1059	G	0.209	-0.005458161
1060	T	0.486	-0.01517844
1061	T	0.064	-0.01618551
1062	T	-0.375	-0.03461652
1063	T	-0.161	-0.03646449
1064	G	-0.025	-0.03690588
1065	G	0.400	-0.03396606
1066	G	0.415	-0.002712457
1067	G	0.364	0.008787779
1068	A	0	0.01496871
 1069	G	0.056	-0.006677829
1070	A	-0.279	-0.003755329
1071	G	-0.448	-0.01671605
1072	T	-0.197	-0.03449746
1073	A	-0.532	-0.04077558
1074	A	-0.363	-0.04367722
1075	T	-0.172	-0.04418833
1076	G	-0.447	-0.02044093
1077	A	-0.429	-0.001723039
1078	G	-0.142	-0.006108936
1079	T	-0.078	-0.02571383
1080	T	0.398	-0.0434302
1081	C	0.259	-0.05183842
1082	A	0.488	-0.04911526
1083	G	-0.315	-0.04335545
1084	T	0.348	-0.03584451
1085	T	-0.060	-0.01098097
1086	T	-0.429	0.0094256
1087	T	0.033	0.04123514
1088	C	0.405	0.06438271
1089	A	0.050	0.07370968
1090	T	0.289	0.09223294
1091	T	0.362	0.1112517
1092	G	-0.148	0.1016047
1093	T	-0.148	0.119179
1094	G	-0.080	0.1140833
1095	A	0.129	0.1157949
1096	A	0.076	0.1103486
1097	A	0.217	0.1197002
1098	G	-0.069	0.1022249
1099	T	0.248	0.09103273
1100	T	0.374	0.1093807
1101	T	0.358	0.1105512
1102	G	0.284	0.09518935
1103	G	0.088	0.07854228
1104	A	0.071	0.08284839
1105	G	0.102	0.08632471
1106	A	-0.413	0.09161671
1107	G	0.413	0.084686
1108	C	0.255	0.0856777
1109	C	0.307	0.09124462
1110	C	0.335	0.104274
1111	T	-0.053	0.1085902
1112	G	-0.140	0.09403266
1113	G	-0.373	0.0731577
1114	A	0.084	0.04066349
1115	A	0.066	0.02100145
1116	T	-0.024	0.01346354
1117	T	-0.415	0.01364855
1118	T	0.410	0.02298061
1119	C	0.459	0.02775522
1120	T	0	0.03651293
 1121	A	-0.342	0.02283259
1122	G	-0.052	0.01765705
1123	G	0.284	0.01246573
1124	T	0.441	0.001960732
1125	G	0.338	0.01602652
1126	G	-0.477	0.03013278
1127	A	-0.336	0.05853449
1128	G	-0.535	0.06987787
1129	A	-0.192	0.06548228
1130	G	0.073	0.06920003
1131	G	0.093	0.09640389
1132	C	0.332	0.09476539
1133	C	0.236	0.0859905
1134	T	-0.167	0.09211471
1135	G	0.030	0.09664889
1136	A	0.110	0.08853214
1137	G	0.162	0.09251335
1138	G	0.041	0.08930331
1139	C	0.340	0.08582953
1140	C	0.254	0.1074492
1141	C	0.421	0.1302664
1142	A	0.402	0.1538967
1143	G	-0.056	0.1770045
1144	G	0.079	0.1705116
1145	G	0.346	0.1691287
1146	C	0.364	0.1686832
1147	T	0.214	0.1545691
1148	G	0.171	0.1458891
1149	T	-0.215	0.1595787
1150	G	-0.279	0.1670615
1151	T	0.396	0.1789427
1152	G	0.351	0.1872877
1153	G	0.241	0.1911846
1154	G	0.128	0.1849066
1155	C	0.302	0.1542702
1156	C	0.126	0.1416875
1157	T	0.454	0.1515072
1158	T	-0.108	0.1584524
1159	G	0.054	0.1549382
1160	A	0.320	0.1539857
1161	T	-0.158	0.1563118
1162	T	-0.410	0.1640365
1163	T	0.413	0.1684082
1164	C	0.320	0.1614735
1165	T	0.494	0.1300127
1166	C	0.275	0.1055803
1167	T	0.449	0.09739868
1168	C	0.078	0.09598502
1169	A	-0.436	0.1009587
1170	A	0.049	0.09645216
1171	G	0.218	0.07006549
1172	G	0.273	0.07228089
1173	C	0.247	0.05192226
1174	C	0.337	0.02332087
1175	A	0.279	0.01894591
1176	C	0.387	0.03157575
1177	A	-0.093	0.02094639
1178	G	-0.473	0.004374786
1179	A	-0.484	-0.02860582
1180	A	-0.332	-0.03901242
1181	G	0.012	-0.06322324
1182	A	0.088	-0.06604031
1183	G	0.441	-0.04515724
1184	T	0	-0.04097804
 1185	G	-0.283	-0.03647515
1186	G	-0.046	-0.05087218
1187	A	-0.515	-0.06330625
1188	A	-0.480	-0.08263425
1189	A	-0.281	-0.1037142
1190	G	-0.057	-0.131629
1191	T	0.115	-0.1391344
1192	G	-0.143	-0.1274623
1193	C	-0.428	-0.1017318
1194	A	-0.015	-0.09166526
1195	A	-0.228	-0.09082808
1196	A	0	-0.08362456
 1197	G	0.148	-0.08349317
1198	T	0.166	-0.07299463
1199	C	0.344	-0.07877563
1200	G	-0.129	-0.06134682
1201	T	-0.100	-0.03201311
1202	A	-0.203	-7.428571e-05
1203	G	-0.310	0.0287765
1204	T	-0.393	0.05000005
1205	A	-0.303	0.02837473
1206	A	-0.146	0.01549834
1207	C	0.235	0.01688719
1208	A	-0.051	0.02095741
1209	G	0.035	0.0458812
1210	T	0.290	0.06284345
1211	T	0.445	0.06440202
1212	C	0.293	0.04444995
1213	A	-0.445	0.01828641
1214	T	0.441	0.008810057
1215	C	0.306	-0.005774157
1216	T	0.413	-0.0006631429
1217	C	0.526	0.02757396
1218	T	0.537	0.03498275
1219	T	-0.489	0.03185486
1220	T	-0.504	0.04513254
1221	A	-0.389	0.0389311
1222	G	0.098	0.05476979
1223	T	0.469	0.06132596
1224	C	0.474	0.05749017
1225	A	0.191	0.04158146
1226	G	-0.391	0.03750099
1227	T	-0.388	0.06239442
1228	A	-0.394	0.05692021
1229	A	-0.508	0.05860274
1230	T	-0.060	0.0588041
1231	C	0.479	0.05414789
1232	A	-0.186	0.0507741
1233	T	-0.391	0.07353728
1234	T	0.224	0.07858231
1235	G	0.062	0.08904346
1236	C	0.392	0.07154213
1237	T	0.219	0.07002084
1238	G	0.182	0.05896002
1239	A	0	0.05319593
 1240	G	0.179	0.0604955
1241	T	0.251	0.08863
1242	C	0.288	0.1068809
1243	T	0.353	0.1105631
1244	C	0.419	0.09920238
1245	T	0.396	0.06383816
1246	C	0.442	0.05319855
1247	C	0.147	0.05272455
1248	A	-0.362	0.03843316
1249	T	-0.096	0.02749581
1250	G	-0.391	0.02658531
1251	C	0.427	0.02165638
1252	A	0.165	0.01828313
1253	G	0.030	0.02554652
1254	G	-0.187	0.02401681
1255	A	0.399	0.01861591
1256	T	0.116	-0.00793305
1257	G	-0.405	-0.03286094
1258	A	-0.378	-0.05640076
1259	A	-0.510	-0.05944323
1260	T	-0.484	-0.06340734
1261	A	-0.404	-0.05433023
1262	G	-0.175	-0.03361519
1263	A	-0.243	-0.01668631
1264	C	0.366	0.01244923
1265	C	0.081	0.003532014
1266	A	0.088	-0.01224209
1267	G	0.203	-0.03070868
1268	T	0.136	-0.04327039
1269	G	0.100	-0.06479936
1270	A	-0.454	-0.05828825
1271	G	-0.344	-0.04380496
1272	A	-0.239	-0.01839057
1273	G	0.311	0.004567321
1274	C	0.331	0.03581086
1275	T	0.401	0.06611439
1276	G	0.217	0.08258796
1277	C	0.377	0.1031036
1278	C	0.423	0.09775968
1279	C	0.177	0.1103661
1280	A	-0.276	0.1195121
1281	T	-0.486	0.1222538
1282	G	-0.539	0.1324374
1283	A	-0.203	0.1438935
1284	G	0.298	0.1426988
1285	G	0	0.1559516
 1286	T	0.332	0.1687859
1287	G	0.132	0.1467566
1288	T	0.390	0.1482907
1289	C	0.444	0.1333892
1290	T	0.285	0.1394539
1291	C	0.330	0.1241792
1292	C	0.217	0.1143034
1293	C	0.434	0.1121206
1294	T	0.344	0.1376967
1295	C	0.280	0.1622321
1296	C	0.422	0.1938394
1297	T	0.420	0.1985768
1298	C	-0.488	0.1939775
1299	C	0.026	0.1819388
1300	T	0.119	0.1640626
1301	G	-0.305	0.1512337
1302	T	0.374	0.1338696
1303	G	-0.015	0.1302878
1304	G	0.386	0.1273575
1305	T	-0.050	0.1250297
1306	G	0.147	0.1301677
1307	A	0.116	0.1273068
1308	T	0.439	0.1224245
1309	C	0.200	0.1241024
1310	T	0.345	0.1179991
1311	G	-0.070	0.1119282
1312	T	0.169	0.1438836
1313	G	-0.337	0.1596079
1314	T	-0.167	0.1705468
1315	A	-0.226	0.1974994
1316	C	-0.095	0.1664978
1317	C	0.343	0.1499863
1318	T	0.203	0.1251938
1319	G	0.265	0.108795
1320	C	0.361	0.1111847
1321	C	0.354	0.1135124
1322	C	0.207	0.1143459
1323	A	0.327	0.1096714
1324	G	0.251	0.0961403
1325	G	0.250	0.1034768
1326	C	0.406	0.08473376
1327	C	0.466	0.10872
1328	C	0.425	0.1267197
1329	T	0.448	0.1486894
1330	C	-0.493	0.1657856
1331	A	-0.477	0.1687113
1332	G	-0.307	0.1764758
1333	A	-0.509	0.1828906
1334	G	0.214	0.1752483
1335	G	0.181	0.1750809
1336	C	0.463	0.171305
1337	T	0.069	0.1596221
1338	A	-0.033	0.1401568
1339	G	0.134	0.1272443
1340	G	-0.354	0.1170986
1341	A	0.334	0.1041532
1342	G	0.336	0.1039522
1343	C	0.388	0.08673433
1344	T	0.383	0.1224028
1345	C	0.425	0.1365614
1346	C	0.421	0.1391628
1347	T	0.444	0.156973
1348	C	0.147	0.1333057
1349	C	0.349	0.1092102
1350	A	0.102	0.07771032
1351	A	0	0.06093026
 1352	G	-0.293	0.0610399
1353	G	-0.110	0.0585882
1354	T	0.122	0.08751513
1355	A	0.104	0.0914202
1356	G	0.420	0.09510856
1357	G	-0.033	0.09738995
1358	G	0.505	0.08210038
1359	G	-0.081	0.08094352
1360	A	-0.234	0.08333213
1361	T	-0.011	0.07300499
1362	A	-0.448	0.08139495
1363	G	-0.493	0.07571274
1364	A	-0.418	0.0715992
1365	A	-0.400	0.06390602
1366	A	-0.030	0.07080509
1367	T	0.066	0.08526009
1368	C	0.455	0.0947877
1369	C	0.443	0.1071319
1370	T	0.439	0.107622
1371	T	0.452	0.1185846
1372	C	-0.045	0.1128512
1373	A	0.393	0.1212015
1374	T	0.488	0.1226793
1375	C	0.155	0.1243253
1376	T	0.382	0.1439324
1377	C	0.190	0.1775242
1378	T	-0.013	0.2000671
1379	A	-0.215	0.2287458
1380	G	-0.100	0.2451917
1381	C	0.293	0.2587359
1382	C	0.389	0.2471891
1383	C	0.449	0.245546
1384	C	0.433	0.2418851
1385	T	0.273	0.2392416
1386	C	0.344	0.2448079
1387	T	0.152	0.2137266
1388	G	-0.193	0.2059583
1389	A	0.035	0.2084305
1390	C	0.100	0.2098121
1391	T	0.447	0.2224203
1392	T	0.212	0.2292311
1393	C	0.402	0.2530206
1394	C	0.430	0.2739646
1395	T	0.445	0.2504105
1396	G	0.131	0.2317629
1397	C	0.397	0.2034174
1398	C	0.337	0.1745061
1399	C	0.378	0.153967
1400	C	0.110	0.1344301
1401	A	-0.476	0.1250374
1402	T	0.270	0.1370984
1403	C	0.224	0.149467
1404	C	0.420	0.1448761
1405	T	0.543	0.1249426
1406	G	0.177	0.1327463
1407	A	0.450	0.127205
1408	C	0.485	0.1277497
1409	A	-0.365	0.120649
1410	T	-0.132	0.1219414
1411	A	-0.343	0.1205267
1412	G	-0.375	0.09564004
1413	T	-0.301	0.08914707
1414	A	-0.202	0.07660061
1415	G	-0.110	0.08315157
1416	G	0.144	0.05766261
1417	T	0.381	0.03911479
1418	G	-0.028	0.01648179
1419	G	-0.110	-0.00639885
1420	C	0.430	-0.001616779
1421	T	0.247	-0.004330243
1422	C	0.445	-0.004476207
1423	G	0.246	0.002333614
1424	G	0.167	0.009081339
1425	C	0.358	0.0231249
1426	A	-0.359	0.05042297
1427	A	0.196	0.05570065
1428	T	-0.240	0.07005251
1429	G	-0.293	0.09064408
1430	A	-0.443	0.1008429
1431	T	-0.294	0.08991838
1432	A	-0.212	0.1023545
1433	G	-0.097	0.1213767
1434	C	0.311	0.1204288
1435	T	0.374	0.1123651
1436	G	0.481	0.0789756
1437	G	-0.174	0.05555389
1438	A	0.056	0.03321139
1439	G	0.049	0.004462139
1440	G	0.388	-0.001435718
1441	G	-0.153	-0.007309379
1442	A	0.199	0.01307976
1443	C	0.466	0.03203151
1444	C	0.430	0.06143862
1445	A	0.075	0.08701062
1446	C	0.320	0.09251125
1447	G	0.421	0.1073415
1448	C	0.404	0.1131066
1449	A	0.021	0.1113132
1450	G	-0.489	0.1062812
1451	T	-0.409	0.1270528
1452	A	-0.457	0.1143822
1453	A	-0.446	0.09962131
1454	A	-0.524	0.07116788
1455	A	0.031	0.0722936
1456	C	0.330	0.07387431
1457	C	0.237	0.05637885
1458	C	0.380	0.05710689
1459	A	0.421	0.0670988
1460	T	-0.058	0.06967355
1461	C	0.318	0.04363905
1462	T	0.472	0.02920337
1463	G	0.324	0.02979946
1464	T	0.340	0.03912928
1465	G	0.406	0.05911264
1466	G	-0.298	0.08083025
1467	A	-0.364	0.09097321
1468	A	-0.407	0.1025874
1469	A	-0.122	0.09935746
1470	C	0.243	0.1030255
1471	A	-0.023	0.09346867
1472	C	0.450	0.06199506
1473	A	0.355	0.0635416
1474	T	0.392	0.08290265
1475	G	-0.307	0.08025261
1476	T	0	0.07463276
 1477	A	0.038	0.04732133
1478	T	-0.227	0.04445369
1479	T	0.150	0.02397919
1480	C	0.150	0.01859344
1481	A	-0.162	0.02232536
1482	G	-0.199	0.04232954
1483	A	-0.058	0.05959354
1484	G	0.433	0.06666079
1485	C	-0.030	0.08379011
1486	A	-0.500	0.07606586
1487	A	0.464	0.05864761
1488	C	0.483	0.02628089
1489	T	0.243	0.02173493
1490	T	0.315	0.015147
1491	T	-0.440	0.0263668
1492	T	0.260	0.04939455
1493	T	-0.166	0.04886133
1494	T	-0.449	0.0585703
1495	T	-0.259	0.06790813
1496	G	0.152	0.06173467
1497	G	0.361	0.06145862
1498	C	0.441	0.05655491
1499	C	0.455	0.05470321
1500	T	0.234	0.07496627
1501	G	-0.132	0.05784624
1502	A	-0.513	0.02664677
1503	A	-0.434	0.01171934
1504	G	-0.184	-0.001462979
1505	T	0.352	0.01262948
1506	C	0.416	0.009173979
1507	A	0.135	0.01312485
1508	C	0.422	0.03198754
1509	T	0.098	0.05011568
1510	G	-0.372	0.04468272
1511	C	-0.066	0.04390257
1512	A	0.295	0.02007086
1513	G	-0.082	0.0144789
1514	T	0.066	0.01364004
1515	G	-0.014	0.03346668
1516	G	-0.390	0.04056107
1517	A	-0.173	0.03985786
1518	A	-0.053	0.04277525
1519	C	-0.045	0.03551611
1520	A	0.163	0.01666129
1521	T	-0.055	0.02137747
1522	T	0.078	0.0208265
1523	T	0.248	0.0325162
1524	G	0	0.06176956
 1525	G	0.339	0.07204305
1526	G	-0.225	0.0707014
1527	A	0.299	0.07364183
1528	G	0.210	0.06972061
1529	C	0.422	0.08560393
1530	A	-0.315	0.1114221
1531	A	-0.454	0.1322959
1532	G	-0.102	0.1493661
1533	T	0.149	0.142638
1534	T	-0.111	0.1400912
1535	T	0.267	0.1574407
1536	C	0.406	0.1656558
1537	C	0.426	0.1723098
1538	C	0.446	0.1773684
1539	C	0.221	0.1755452
1540	A	0.258	0.1726954
1541	G	0	0.1723868
 1542	G	-0.043	0.1801402
1543	G	0.430	0.1676698
1544	C	0.332	0.1932674
1545	C	0.410	0.2198418
1546	C	0.424	0.2196882
1547	A	-0.234	0.2259753
1548	G	0.092	0.2320322
1549	C	0.429	0.2363588
1550	T	0.308	0.2370925
1551	C	0.434	0.2378335
1552	C	0.141	0.2347993
1553	T	0.288	0.2414785
1554	T	-0.305	0.2278615
1555	C	0.290	0.2389959
1556	C	0.427	0.2502707
1557	C	0.073	0.2451161
1558	G	0.401	0.2271915
1559	C	0.289	0.2206788
1560	T	-0.107	0.2193935
1561	A	0.325	0.2427433
1562	G	0.058	0.2500067
1563	G	0.388	0.2332794
1564	C	0.427	0.237107
1565	T	0.446	0.2386312
1566	C	0.361	0.2275803
1567	T	0.408	0.234704
1568	G	-0.123	0.2357555
1569	C	0.311	0.211
1570	C	0.272	0.1826101
1571	A	0.286	0.1705353
1572	T	-0.169	0.1422589
1573	G	0.228	0.1162053
1574	C	0.388	0.1029443
1575	C	0.419	0.09524616
1576	T	0.295	0.09521346
1577	C	-0.038	0.08133699
1578	C	0.415	0.06193435
1579	T	0.477	0.05233406
1580	G	-0.167	0.04241651
1581	T	0.487	0.03605287
1582	T	-0.276	0.05354005
1583	T	-0.402	0.05853509
1584	A	-0.366	0.06474551
1585	T	-0.264	0.06788019
1586	T	-0.390	0.05564401
1587	A	-0.439	0.03331734
1588	A	-0.478	0.01870117
1589	C	0.109	-0.01437779
1590	A	0.057	-0.04424969
1591	G	0	-0.05912264
 1592	G	-0.115	-0.06085046
1593	G	0.177	-0.06952861
1594	A	0.083	-0.07225579
1595	G	0.230	-0.09512975
1596	G	0.366	-0.1024011
1597	C	0.451	-0.103408
1598	G	0.446	-0.09782207
1599	T	0.373	-0.09589325
1600	G	-0.511	-0.08942832
1601	A	-0.397	-0.05756689
1602	C	-0.020	-0.02642989
1603	A	-0.506	-0.02294004
1604	A	-0.540	-0.009283857
1605	A	-0.454	0.009676107
1606	G	0.367	0.005990714
1607	G	0.234	-0.007388607
1608	G	-0.244	-0.006390236
1609	A	-0.152	-0.02274827
1610	A	-0.479	-0.04683695
1611	A	-0.430	-0.06785759
1612	A	-0.210	-0.08986463
1613	A	-0.210	-0.1053084
1614	T	-0.209	-0.08642484
1615	C	0.452	-0.06496402
1616	T	0.393	-0.06113458
1617	C	0.207	-0.02649776
1618	C	0.439	-0.0043445
1619	T	0.530	0.03030182
1620	G	-0.219	0.02334979
1621	A	-0.196	0.02300039
1622	T	0.111	0.04850814
1623	T	-0.227	0.06240904
1624	G	-0.307	0.07571354
1625	A	-0.136	0.08934176
1626	A	-0.169	0.1153499
1627	G	-0.058	0.1380989
1628	A	0.016	0.1624691
1629	C	0.203	0.1508065
1630	T	0.086	0.1472656
1631	C	0.463	0.1371677
1632	A	0.079	0.1086994
1633	T	0.515	0.08701764
1634	C	0.172	0.09673506
1635	T	0.224	0.1153385
1636	C	0.470	0.1201089
1637	A	0.236	0.1439149
1638	G	-0.107	0.1706859
1639	A	-0.049	0.191301
1640	C	0.517	0.2105353
1641	A	0.426	0.2156746
1642	T	0.473	0.1992088
1643	C	0.126	0.204416
1644	T	0.294	0.1921031
1645	T	-0.075	0.1670906
1646	T	-0.357	0.1688201
1647	T	-0.076	0.142794
1648	C	0.052	0.1410239
1649	A	0.324	0.1243012
1650	C	0.245	0.1132213
1651	T	0.438	0.1203267
1652	C	0.441	0.1241515
1653	C	0.440	0.1395762
1654	T	0.368	0.120494
1655	C	0.085	0.1019397
1656	T	-0.444	0.07293166
1657	A	0.349	0.05900709
1658	G	-0.258	0.0341143
1659	G	-0.236	0.05211394
1660	G	0.128	0.08021087
1661	A	-0.213	0.09704864
1662	A	0.123	0.09709492
1663	G	-0.243	0.0966236
1664	G	0.159	0.1034812
1665	G	0.435	0.0928371
1666	T	0	0.07626764
 1667	G	0.382	0.04515649
1668	C	-0.016	0.01270074
1669	A	-0.093	-0.0002849571
1670	A	-0.339	0.01276521
1671	T	-0.263	-0.01388761
1672	T	-0.402	-0.02000471
1673	C	0.428	-0.01416612
1674	T	0.429	-0.03284155
1675	G	0.395	-0.03175069
1676	G	0.054	-0.05233194
1677	G	0.311	-0.05571084
1678	C	0.437	-0.06380784
1679	T	0.140	-0.09036141
1680	T	-0.022	-0.07539666
1681	T	-0.430	-0.07415795
1682	A	-0.540	-0.06383725
1683	A	-0.278	-0.04787057
1684	T	-0.078	-0.02183696
1685	G	-0.396	-0.0003226036
1686	A	-0.429	0.01603438
1687	C	-0.073	0.006414561
1688	A	-0.394	-0.0071241
1689	T	-0.183	-0.01346274
1690	A	-0.453	-0.006195846
1691	T	-0.338	-0.01055567
1692	G	-0.066	-0.03905385
1693	A	-0.307	-0.06155642
1694	C	0.419	-0.07820842
1695	G	0.417	-0.07568288
1696	G	0.272	-0.04319556
1697	G	0.353	-0.0179021
1698	G	0.389	-0.002137304
1699	C	0.338	0.003727161
1700	A	0.055	0.02461591
1701	G	0.159	0.04253742
1702	G	0.050	0.05996689
1703	C	0.217	0.0795465
1704	A	0.257	0.1129408
1705	G	0.188	0.1403305
1706	T	-0.360	0.1575717
1707	A	-0.489	0.1564449
1708	G	-0.488	0.1266885
1709	A	-0.360	0.09400161
1710	G	0.369	0.06814822
1711	G	0.429	0.05020529
1712	T	0.362	0.03186526
1713	G	-0.232	0.01823915
1714	T	0.155	0.0316062
1715	T	0.428	0.02641266
1716	G	0.093	0.01117828
1717	C	0.365	-0.01129147
1718	G	0.482	-0.03688808
1719	C	0.428	-0.03386629
1720	A	0.415	-0.01425454
1721	T	-0.339	0.016356
1722	T	-0.414	0.02481764
1723	T	-0.497	0.04056374
1724	T	-0.451	0.02936938
1725	A	-0.148	0.02780724
1726	G	-0.123	0.02747766
1727	G	-0.042	0.05225734
1728	C	0.429	0.05429559
1729	A	0.014	0.05197599
1730	A	-0.376	0.0366642
1731	T	-0.411	0.01750755
1732	A	-0.458	-0.006106839
1733	C	0.273	-0.03501862
1734	A	0.188	-0.06515087
1735	T	0.367	-0.06926755
1736	G	-0.251	-0.04508938
1737	T	0.080	-0.0152322
1738	G	0.056	-0.003171946
1739	C	0.386	0.002697632
1740	T	0.353	0.003935914
1741	G	0.461	-0.002401404
1742	C	0.212	-0.01389351
1743	T	0.363	-0.0291324
1744	A	-0.335	-0.02719076
1745	G	-0.171	-0.02157969
1746	A	-0.179	-0.008944757
1747	A	-0.381	-0.0171271
1748	A	-0.427	-0.02386678
1749	G	-0.454	-0.03530208
1750	T	0.262	-0.01643204
1751	T	0.338	-0.001347532
1752	G	-0.113	-0.01176917
1753	A	0.015	-0.02311106
1754	G	-0.089	-0.05078509
1755	G	-0.220	-0.08596177
1756	T	0.107	-0.1083197
1757	A	-0.412	-0.1145552
1758	T	-0.321	-0.1161442
1759	A	-0.254	-0.1198715
1760	G	-0.105	-0.1147107
1761	G	0.044	-0.0951651
1762	G	0	-0.07352567
 1763	A	0.047	-0.03937835
1764	C	0.276	-0.06485878
1765	T	0.503	-0.08054599
1766	T	-0.235	-0.08220746
1767	T	0.068	-0.08785439
1768	T	-0.421	-0.08573581
1769	T	-0.523	-0.09150806
1770	A	-0.413	-0.08877885
1771	G	0.188	-0.08433885
1772	G	-0.380	-0.07329067
1773	A	-0.275	-0.07858899
1774	A	-0.034	-0.0793447
1775	C	0.166	-0.08782497
1776	A	0.178	-0.07811361
1777	C	0.501	-0.09837464
1778	A	-0.450	-0.1195416
1779	A	-0.101	-0.1545031
1780	T	-0.160	-0.1612791
1781	T	-0.142	-0.1694995
1782	T	-0.029	-0.1558298
1783	T	-0.382	-0.1256951
1784	T	0.184	-0.09428984
1785	A	-0.288	-0.09226087
1786	T	-0.012	-0.06961616
1787	T	-0.402	-0.06379462
1788	G	-0.126	-0.07435236
1789	A	-0.192	-0.09794079
1790	C	0.271	-0.1150017
1791	A	-0.519	-0.1476599
1792	A	-0.315	-0.1427813
1793	G	-0.475	-0.1399722
1794	T	-0.425	-0.1242769
1795	A	-0.161	-0.125173
1796	A	-0.038	-0.1383712
1797	C	0.320	-0.137869
1798	C	0.465	-0.1628123
1799	T	0.245	-0.1671077
1800	T	0.253	-0.1765221
1801	T	-0.112	-0.1698902
1802	C	-0.330	-0.1828917
1803	A	-0.494	-0.1916925
1804	A	-0.299	-0.2149193
1805	G	-0.413	-0.2117388
1806	A	-0.314	-0.1927565
1807	A	-0.022	-0.1719964
1808	C	0.279	-0.1650868
1809	A	-0.167	-0.1697311
1810	A	-0.399	-0.1852974
1811	T	-0.367	-0.2132071
1812	A	-0.514	-0.247181
1813	A	-0.408	-0.271386
1814	A	-0.276	-0.2959508
1815	G	-0.216	-0.3079257
1816	A	-0.490	-0.3148585
1817	A	-0.439	-0.294575
1818	A	-0.378	-0.268284
1819	A	-0.430	-0.2358886
1820	T	0.215	-0.2092515
1821	C	0.105	-0.1945496
1822	A	-0.232	-0.1921332
1823	G	-0.291	-0.1876821
1824	A	-0.474	-0.1802481
1825	A	-0.461	-0.1545888
1826	A	-0.485	-0.1205627
1827	G	-0.432	-0.1243317
1828	A	-0.433	-0.1225426
1829	A	-0.447	-0.1219603
1830	A	-0.524	-0.0999875
1831	A	0.073	-0.07053536
1832	C	0.436	-0.05044625
1833	C	0.494	-0.03506121
1834	T	0.431	-0.04134087
1835	A	0.389	-0.04122165
1836	T	0.346	-0.0247559
1837	G	-0.042	-0.01186067
1838	T	-0.191	0.008686832
1839	T	0.350	0.03928376
1840	C	0.438	0.04822094
1841	A	-0.514	0.08244973
1842	T	-0.225	0.09711934
1843	A	-0.200	0.09804966
1844	G	0.124	0.103453
1845	C	0.385	0.0827631
1846	A	0.184	0.057134
1847	G	0	0.03344532
 1848	C	0.039	0.03275128
1849	A	0.108	0.03067021
1850	T	0.229	0.006021532
1851	C	0.069	-0.009850629
1852	A	0.100	-0.01838481
1853	T	0.395	-0.04966845
1854	T	-0.235	-0.07797256
1855	C	0.526	-0.06612077
1856	A	-0.023	-0.07544559
1857	T	-0.421	-0.06339324
1858	A	-0.373	-0.07303995
1859	A	-0.505	-0.08477023
1860	T	-0.281	-0.09831316
1861	A	-0.169	-0.1112438
1862	G	0.412	-0.1311414
1863	C	0.330	-0.1501847
1864	G	-0.343	-0.1591173
1865	A	-0.487	-0.1523956
1866	A	-0.430	-0.1463718
1867	A	-0.525	-0.1487753
1868	A	-0.353	-0.1359307
1869	C	-0.182	-0.1461281
1870	A	-0.487	-0.1295526
1871	A	0.136	-0.1108868
1872	C	-0.145	-0.1030465
1873	T	0.056	-0.09825983
1874	C	-0.195	-0.08775784
1875	A	-0.362	-0.06622562
1876	A	-0.517	-0.07334316
1877	A	-0.424	-0.08195473
1878	T	-0.021	-0.05443094
1879	G	0.257	-0.03064562
1880	G	0.269	-0.02229358
1881	C	0.328	-0.0134108
1882	C	0.124	0.001725518
1883	A	0.240	0.00869705
1884	T	0.441	0.03530901
1885	C	0.100	0.03138309
1886	A	-0.153	0.03112209
1887	A	-0.371	0.01566977
1888	C	0.012	0.02009787
1889	T	0.433	0.01798465
1890	G	0.213	0.02038387
1891	A	0.089	0.02212855
1892	C	0.427	0.008622239
1893	G	0.178	-0.01841962
1894	A	-0.196	-0.04333797
1895	A	-0.276	-0.04969694
1896	C	0.069	-0.0601318
1897	G	0.012	-0.05993537
1898	T	0.258	-0.07656807
1899	A	0.026	-0.08245565
1900	T	-0.152	-0.06662122
1901	G	-0.375	-0.04156658
1902	A	-0.071	-0.04781329
1903	A	-0.421	-0.07876425
1904	T	-0.450	-0.09925629
1905	A	-0.375	-0.1075504
1906	A	-0.399	-0.1066781
1907	A	-0.499	-0.1143008
1908	A	-0.428	-0.0999203
1909	T	0.150	-0.09099765
1910	G	-0.167	-0.1035543
1911	T	0.246	-0.1132828
1912	G	-0.024	-0.1284531
1913	G	-0.064	-0.1219343
1914	T	0.289	-0.1268137
1915	C	0.329	-0.1224199
1916	T	-0.161	-0.1328576
1917	A	-0.432	-0.1143922
1918	T	-0.360	-
1919	T	-0.142	-
1920	C	0.451	-
1921	A	-0.034	-
1922	T	0.206	-
1923	G	-0.026	-
1924	T	-0.281	-
1925	G	-0.259	-
1926	A	-0.166	-
1927	T	0.209	-
1928	G	-0.289	-
1929	G	-0.252	-
1930	A	-0.363	-
1931	A	0.095	-
