1	G	0.269	-
2	G	0.044	-
3	C	0.532	-
4	T	0.389	-
5	A	-0.116	-
6	C	0.209	-
7	G	0.106	-
8	C	0.406	-
9	A	0.026	-
10	A	0.069	-
11	G	-0.028	-
12	A	-0.255	0.1718257
13	C	0.445	0.1721662
14	C	0.528	0.1586863
15	T	0.105	0.1529247
16	T	-0.013	0.1308256
17	C	0.422	0.113914
18	A	-0.133	0.08143599
19	G	-0.327	0.05561647
20	T	0.445	0.0379559
21	T	0.085	0.04173384
22	C	0.294	0.05166112
23	C	0.446	0.06711121
24	G	0.277	0.09613643
25	G	-0.265	0.09467934
26	A	0.399	0.0886936
27	T	-0.119	0.1019973
28	T	-0.505	0.1191946
29	A	-0.537	0.1188498
30	G	-0.487	0.137648
31	G	0	0.1701378
 32	A	0.113	0.1665074
33	G	0.298	0.1810874
34	G	0.327	0.1841023
35	C	0.412	0.1635938
36	C	0.412	0.1665473
37	C	0.390	0.1952765
38	C	0.411	0.188082
39	G	0.381	0.2162646
40	C	0.414	0.2301366
41	C	0.298	0.2404608
42	C	0.419	0.2699749
43	C	0.361	0.2639828
44	C	0.420	0.2709306
45	C	0.363	0.2358718
46	G	-0.024	0.2405856
47	G	0.345	0.2308559
48	C	0.395	0.2237
49	C	0.234	0.2209168
50	C	0.528	0.2176611
51	G	-0.186	0.2065011
52	A	-0.300	0.1722028
53	G	0.191	0.1511528
54	G	-0.137	0.1184294
55	G	0.272	0.08275245
56	A	-0.508	0.05609071
57	G	0.435	0.02766784
58	G	0.188	0.04568335
59	G	0.247	0.03870648
60	G	0.326	0.0397393
61	C	0.336	0.04823983
62	G	0.125	0.04305748
63	G	-0.374	0.06916522
64	A	-0.185	0.08998126
65	G	-0.333	0.09089387
66	A	-0.459	0.1131484
67	G	-0.192	0.1110625
68	A	-0.289	0.1546529
69	C	0.389	0.1404
70	C	0.184	0.1281436
71	C	0.419	0.1007703
72	G	0.429	0.07869777
73	C	0.409	0.04178156
74	T	0.414	0.01478121
75	C	0.178	0.02930447
76	C	0.212	0.0305443
77	T	0.374	0.06148043
78	G	0.224	0.09403138
79	C	0.494	0.1057412
80	G	0.107	0.09442604
81	A	-0.093	0.05385126
82	C	-0.381	0.03957761
83	T	-0.180	0.03368509
84	T	-0.512	0.03181596
85	A	-0.495	0.03018722
86	G	-0.040	0.03100026
87	G	-0.157	0.04493622
88	G	0.378	0.01962926
89	C	0.289	-0.0154153
90	G	0.076	-0.0475017
91	A	-0.549	-0.09230852
92	T	-0.543	-0.1096061
93	G	-0.143	-0.1014232
94	C	0.283	-0.06958236
95	C	0.386	-0.05001453
96	A	0.372	-0.009510926
97	C	0.433	0.01925412
98	C	0.498	0.024429
99	T	-0.369	0.02672357
100	T	-0.431	-0.011616
101	A	-0.513	-0.01470574
102	A	-0.536	-0.008288791
103	A	-0.290	0.02624682
104	G	0.094	0.06956473
105	G	0.350	0.09390586
106	G	0.269	0.08521288
107	C	0.418	0.06207245
108	T	0.165	0.03668932
109	T	0.078	0.00511023
110	G	-0.104	-0.03306264
111	A	-0.503	-0.008689813
112	C	0.218	0.02552375
113	C	0.224	0.06618971
114	T	0.244	0.1001567
115	C	0.452	0.09385345
116	C	0.416	0.07196582
117	T	0.083	0.05273891
118	C	-0.145	0.06099247
119	G	-0.211	0.05799052
120	A	-0.293	0.06714521
121	A	-0.379	0.07927907
122	G	0.190	0.1037287
123	C	0.354	0.1053509
124	C	0.422	0.07763046
125	A	0.244	0.05136324
126	G	-0.435	0.0194005
127	A	-0.408	-0.00946693
128	A	-0.091	-0.008954017
129	C	0.459	-0.01259687
130	T	0.349	-0.005248513
131	G	0.376	0.01526192
132	C	0.357	0.0383871
133	G	0.458	0.04924323
134	G	-0.466	0.03778584
135	A	-0.419	0.003896104
136	A	-0.379	-0.03748768
137	G	-0.490	-0.07157142
138	A	-0.211	-0.07034937
139	G	0.427	-0.07261555
140	G	0	-0.0866116
 141	A	0.023	-0.1266291
142	T	0.260	-0.1487993
143	G	0.238	-0.1456297
144	G	-0.129	-0.1404933
145	A	-0.072	-0.1411398
146	G	-0.424	-0.1138253
147	A	-0.529	-0.1009707
148	A	-0.538	-0.09467538
149	A	-0.406	-0.0956109
150	G	-0.460	-0.1056417
151	A	-0.413	-0.135919
152	A	-0.461	-0.1586442
153	A	-0.160	-0.1727248
154	C	0.449	-0.1674617
155	G	0.475	-0.1652067
156	C	0.443	-0.1460087
157	T	0.162	-0.157797
158	A	-0.123	-0.1531546
159	G	-0.234	-0.1331282
160	A	-0.512	-0.1052649
161	T	-0.441	-0.1000611
162	A	-0.268	-0.0807755
163	G	-0.522	-0.07364998
164	A	-0.300	-0.06702994
165	C	0.381	-0.07826803
166	C	0.290	-0.08361742
167	C	0.312	-0.08882255
168	A	-0.343	-0.09438368
169	G	-0.317	-0.08287268
170	G	-0.068	-0.05747642
171	A	0.101	-0.05064852
172	T	-0.287	-0.05223974
173	T	-0.017	-0.05270857
174	C	-0.249	-0.04913283
175	G	-0.309	-0.03259
176	A	-0.418	-0.01078739
177	A	0.326	-0.008865826
178	C	0.355	-0.00433387
179	C	0.315	-0.0269787
180	C	0.426	-0.007052174
181	A	0.460	-0.003195696
182	C	-0.077	-0.01155893
183	A	-0.548	-0.0224668
184	A	-0.452	-0.02140375
185	C	-0.186	-0.0220187
186	A	-0.142	-0.03226509
187	G	0.201	-0.04059165
188	C	0.425	-0.04609274
189	T	0.394	-0.0596739
190	T	-0.208	-0.05725398
191	G	0.114	-0.05444003
192	G	-0.229	-0.05049846
193	A	-0.261	-0.08217837
194	T	-0.149	-0.06357362
195	G	-0.262	-0.05922405
196	C	-0.031	-0.03360792
197	A	-0.485	-0.0437641
198	A	-0.500	-0.03395834
199	A	-0.545	-0.05484112
200	G	0.013	-0.08223347
201	C	0.411	-0.08360769
202	T	0.380	-0.0910869
203	C	0.517	-0.0854873
204	A	-0.267	-0.06360134
205	T	0.350	-0.06479843
206	T	-0.448	-0.08010125
207	T	0.136	-0.09145264
208	T	-0.419	-0.09560257
209	G	0.083	-0.08436301
210	A	-0.279	-0.07035336
211	A	-0.204	-0.02970336
212	T	0.363	-0.02392785
213	T	-0.380	-0.0511879
214	C	0.243	-0.06187877
215	T	0.274	-0.07380816
216	G	-0.288	-0.05591529
217	A	-0.500	-0.04823277
218	A	-0.523	-0.01985846
219	G	-0.126	-0.02517359
220	A	-0.226	-0.02121454
221	G	-0.178	-0.03809108
222	C	0.389	-0.03494687
223	T	0.146	-0.01419413
224	G	-0.215	-0.02189852
225	G	0.134	-0.003162135
226	G	0.243	-0.01166933
227	A	0.143	-0.03102603
228	G	0.526	-0.02408073
229	T	0.203	0.01731027
230	T	0.014	0.03404375
231	T	-0.328	0.03147419
232	A	-0.304	0.02990458
233	G	-0.206	0.0563858
234	C	0.272	0.05691206
235	A	0.186	0.0373361
236	G	0.050	0.03029806
237	T	0.047	0.01117175
238	G	-0.170	-0.007670857
239	G	-0.129	-0.03315533
240	A	0.451	-0.07500477
241	C	-0.138	-0.08386216
242	G	-0.185	-0.1053294
243	A	-0.262	-0.1094581
244	C	0.430	-0.1107523
245	C	0.402	-0.1197364
246	A	-0.303	-0.153831
247	A	-0.377	-0.1648732
248	A	-0.305	-0.1487015
249	C	-0.190	-0.1348378
250	A	-0.442	-0.1325516
251	A	-0.435	-0.1378416
252	A	0	-0.1794125
 253	A	-0.479	-0.1910541
254	A	-0.423	-0.1885942
255	A	-0.334	-0.1753736
256	A	-0.413	-0.1776117
257	T	-0.511	-0.1791278
258	A	-0.067	-0.1538593
259	C	0.422	-0.1395354
260	C	0.366	-0.1407915
261	A	-0.118	-0.1549461
262	G	-0.250	-0.150652
263	A	-0.505	-0.1546411
264	A	-0.406	-0.1386379
265	G	-0.129	-0.09819062
266	A	0.041	-0.07902654
267	C	0.379	-0.06970293
268	G	0.367	-0.05843289
269	G	0.277	-0.039153
270	T	-0.047	-0.01951509
271	G	-0.334	-0.01916383
272	A	-0.515	-0.02090866
273	A	-0.343	-0.03382766
274	A	-0.527	-0.03329535
275	G	0.368	-0.02952357
276	C	0.450	-0.03255835
277	A	0.017	-0.04894879
278	G	-0.120	-0.06155066
279	C	-0.154	-0.08465779
280	A	-0.067	-0.09303348
281	G	0.383	-0.1181514
282	C	0.430	-0.1290222
283	T	0.326	-0.1319074
284	G	-0.415	-0.1156823
285	G	-0.238	-0.1199851
286	A	-0.418	-0.1150062
287	A	-0.476	-0.1509506
288	A	-0.506	-0.1846035
289	T	-0.248	-0.1946957
290	G	-0.152	-0.1984214
291	A	0.174	-0.2007515
292	G	-0.300	-0.2176417
293	A	-0.297	-0.2486011
294	G	-0.401	-0.2854141
295	A	-0.142	-0.3139626
296	A	-0.442	-0.3036292
297	A	-0.413	-0.3071423
298	A	-0.458	-0.3030919
299	A	-0.323	-0.2901347
300	T	-0.215	-0.2853621
301	T	-0.205	-0.2934301
302	A	-0.207	-0.3003946
303	A	-0.456	-0.3139767
304	G	-0.328	-0.3086117
305	A	-0.416	-0.2947907
306	A	-0.330	-0.2620381
307	A	-0.177	-0.2358097
308	T	-0.319	-0.2165618
309	A	-0.325	-0.1900109
310	G	-0.178	-0.157947
311	A	-0.396	-0.1348269
312	A	-0.434	-0.1100346
313	A	-0.312	-0.09639387
314	A	-0.137	-0.08640877
315	T	-0.176	-0.08525337
316	G	0.020	-0.08667085
317	C	0.352	-0.08259777
318	T	0.460	-0.07448937
319	G	0	-0.07594937
 320	T	0.197	-0.07187116
321	T	0.278	-0.04455498
322	T	0.208	-0.02400168
323	C	0.355	-0.001433635
324	A	0.107	0.02547732
325	T	0.021	0.04311886
326	G	-0.429	0.04833076
327	T	-0.360	0.06434815
328	A	-0.322	0.07531111
329	T	-0.143	0.0622348
330	T	-0.211	0.04544169
331	A	-0.225	0.03352273
332	G	0.303	0.04269164
333	G	0.294	0.04403977
334	G	0.122	0.05481617
335	A	0.184	0.02971417
336	G	0.093	0.0056556
337	T	-0.017	-0.01379633
338	G	0.191	-0.01244207
339	C	0.272	-0.01429437
340	A	0.051	-0.007800809
341	C	0.074	-0.0221422
342	A	-0.274	-0.02301707
343	T	0.408	-0.03281777
344	C	0.309	-0.04433921
345	T	0.456	-0.04954177
346	T	-0.222	-0.04579347
347	T	-0.445	-0.06017651
348	A	-0.425	-0.07497296
349	A	-0.398	-0.09079156
350	A	-0.403	-0.113407
351	G	-0.173	-0.1415628
352	A	-0.473	-0.1630748
353	G	-0.231	-0.147931
354	A	-0.450	-0.11915
355	A	0.038	-0.1234763
356	G	0.174	-0.142115
357	T	0.208	-0.1834275
358	G	-0.146	-0.1689297
359	A	-0.246	-0.1650253
360	A	-0.381	-0.155439
361	G	-0.328	-0.1215894
362	A	-0.375	-0.09108727
363	A	-0.443	-0.07584566
364	C	0.422	-0.06589905
365	C	0.387	-0.06829492
366	T	0.309	-0.05227728
367	T	-0.118	-0.03551244
368	T	-0.493	-0.0233067
369	T	0.111	-0.01632144
370	T	-0.355	-0.01067713
371	G	-0.205	-0.01359604
372	G	0.379	-0.004953304
373	C	0.298	-0.002436739
374	T	0.177	0.02407826
375	A	-0.244	0.04142756
376	G	-0.286	0.04038569
377	G	-0.082	0.03971726
378	C	0.423	0.03614687
379	G	0.455	0.0554073
380	C	0.369	0.08420739
381	T	-0.016	0.097403
382	T	-0.314	0.1304166
383	T	-0.183	0.1295112
384	C	-0.270	0.1165642
385	T	0.234	0.1083847
386	G	-0.044	0.119421
387	G	0.398	0.1370569
388	G	0.372	0.1609122
389	G	0.226	0.1654451
390	A	0.324	0.1283458
391	C	0.168	0.1026154
392	C	0.414	0.1030264
393	T	0.403	0.08663478
394	T	-0.226	0.0940106
395	G	0.082	0.1062924
396	G	0.109	0.1146762
397	C	0.431	0.08738144
398	A	0.160	0.07232023
399	G	0.262	0.05104821
400	T	0.021	0.04419164
401	T	-0.429	0.05330621
402	A	-0.136	0.05987638
403	T	0.378	0.0706276
404	C	-0.393	0.07248817
405	A	-0.144	0.07363356
406	A	0.099	0.07926979
407	C	-0.077	0.05750405
408	A	-0.393	0.03271392
409	A	-0.390	-0.0002070348
410	G	-0.090	-0.0159539
411	T	0.214	-0.03298721
412	C	0.436	-0.03457753
413	A	0.475	-0.02586327
414	C	0.415	-0.02822113
415	T	0.457	-0.02447048
416	C	0.430	-0.02532848
417	T	-0.096	-0.03120027
418	G	-0.418	-0.05743981
419	A	-0.460	-0.0527862
420	A	-0.326	-0.0450689
421	A	-0.201	-0.01753494
422	C	-0.129	-0.01139966
423	T	-0.014	-0.04040283
424	A	-0.229	-0.07562188
425	A	-0.190	-0.104979
426	C	0.465	-0.1182745
427	A	-0.413	-0.1363755
428	G	-0.279	-0.1481763
429	A	-0.504	-0.1294002
430	A	0.029	-0.111201
431	G	-0.215	-0.0827434
432	G	0.242	-0.0699766
433	T	0.050	-0.07617895
434	G	-0.452	-0.09070173
435	A	-0.373	-0.1120194
436	G	-0.199	-0.09744089
437	G	0.110	-0.07077407
438	A	0.041	-0.08520189
439	G	0.158	-0.07365772
440	G	0.335	-0.07862559
441	G	0	-0.07839285
 442	A	0.194	-0.1027078
443	G	-0.032	-0.09195773
444	T	-0.344	-0.1231516
445	A	-0.463	-0.1436409
446	A	-0.505	-0.1435896
447	T	0.106	-0.1461112
448	C	0.422	-0.1545092
449	C	0.133	-0.1413553
450	A	-0.147	-0.1351622
451	G	-0.393	-0.1420576
452	A	-0.498	-0.1366862
453	A	-0.530	-0.1156085
454	A	0.031	-0.1186986
455	G	-0.474	-0.1276098
456	G	-0.420	-0.1306685
457	A	-0.451	-0.0948532
458	A	-0.431	-0.0884598
459	A	-0.393	-0.109009
460	C	0.412	-0.1159061
461	T	0.183	-0.1187384
462	G	0	-0.1060091
 463	C	0.459	-0.09131657
464	C	0.484	-0.05930075
465	A	0.123	-0.02463783
466	T	-0.237	-0.006950335
467	T	-0.414	0.02750975
468	T	0.360	0.04835703
469	T	-0.358	0.05481969
470	T	-0.366	0.05415517
471	G	0.263	0.0599596
472	C	0.068	0.02568603
473	T	0.145	0.006432557
474	A	-0.055	-0.009525487
475	G	0.237	-0.04787644
476	G	0.267	-0.08588383
477	G	0.438	-0.1034279
478	C	0.317	-0.07926731
479	A	0.058	-0.05271127
480	A	-0.302	-0.04790157
481	G	-0.446	-0.01919397
482	A	-0.259	-0.008260357
483	A	-0.375	-0.020735
484	A	-0.259	-0.008771387
485	G	-0.367	-0.01508678
486	T	-0.423	-0.01265771
487	A	-0.389	-0.04581132
488	G	-0.280	-0.05597963
489	A	0.318	-0.06083863
490	C	0.196	-0.08828324
491	C	0.470	-0.103168
492	T	0.302	-0.09628674
493	A	-0.115	-0.07686104
494	G	-0.022	-0.04842822
495	C	0.343	-0.03351697
496	A	0	-0.02225179
 497	A	0	0.0148626
 498	T	-0.524	0.04406286
499	G	0.033	0.03747417
500	C	0.326	0.05149473
501	A	-0.313	0.04187337
502	A	-0.283	0.01644215
503	T	-0.144	-0.01939054
504	G	0	-0.04522211
 505	C	0.394	-0.04915411
506	C	-0.032	-0.06132738
507	A	0	-0.09559042
 508	T	0.486	-0.08282103
509	C	0.248	-0.06511938
510	A	-0.540	-0.02945703
511	A	0.042	-0.01947502
512	G	0.096	-0.02288293
513	G	-0.388	0.009617326
514	A	-0.353	0.0373368
515	G	-0.292	0.06399215
516	T	-0.205	0.06399215
517	T	-0.302	0.04590009
518	A	-0.444	0.03902632
519	G	0.293	0.0596784
520	C	0.407	0.04273633
521	T	0.295	0.02838497
522	G	0.262	0.06698501
523	G	0.248	0.0837731
524	C	0.434	0.07727327
525	T	0.354	0.101853
526	C	0.468	0.1389584
527	T	0	0.1431353
 528	A	-0.021	0.1360447
529	G	-0.190	0.1641518
530	C	0.474	0.1880563
531	G	0.096	0.1947578
532	T	-0.081	0.1580486
533	T	0.346	0.1323012
534	C	0.428	0.1277241
535	T	-0.052	0.1363065
536	C	0.176	0.100185
537	C	0.499	0.08479066
538	G	-0.195	0.06564305
539	A	-0.368	0.08712487
540	A	0.343	0.1101599
541	C	0.105	0.1366281
542	T	0.447	0.1321908
543	T	-0.437	0.108288
544	T	-0.296	0.1062814
545	G	0.157	0.09119976
546	C	0.445	0.05835398
547	A	-0.396	0.04878787
548	A	0	0.03106409
 549	C	0.028	0.008638122
550	T	0.494	0.02808851
551	C	0.508	0.0561963
552	A	0.417	0.05986764
553	T	0.372	0.04828134
554	T	-0.452	0.0429293
555	T	-0.127	0.07476417
556	T	0	0.09347834
 557	A	-0.327	0.1044923
558	T	-0.272	0.1048114
559	A	-0.230	0.1236044
560	T	-0.015	0.1365822
561	T	0.251	0.1379581
562	A	0.277	0.12596
563	C	0.427	0.1251977
564	A	-0.161	0.1105104
565	T	0.324	0.08705497
566	T	0.295	0.08633167
567	G	0.133	0.07859132
568	T	0.410	0.06142897
569	C	0.452	0.06482584
570	T	0.035	0.06457536
571	G	0.298	0.0608618
572	C	0.060	0.06401939
573	G	0.218	0.07207408
574	T	0.490	0.06953856
575	C	0.080	0.041514
576	A	-0.166	0.03506117
577	A	-0.469	0.01037965
578	G	-0.305	-0.01320513
579	A	-0.394	-0.034621
580	A	-0.249	-0.06251653
581	A	-0.278	-0.08625789
582	T	-0.316	-0.09345857
583	T	0.056	-0.1169142
584	T	0.436	-0.1116873
585	C	0.219	-0.1018946
586	A	-0.216	-0.1119951
587	A	-0.309	-0.1176635
588	G	-0.242	-0.1216989
589	T	-0.247	-0.1004063
590	A	-0.358	-0.0803014
591	A	-0.230	-0.08449853
592	A	-0.093	-0.08020966
593	T	-0.130	-0.07211264
594	G	-0.240	-0.07380308
595	C	0.180	-0.08823644
596	C	0.443	-0.1245884
597	T	0.258	-0.1394185
598	T	-0.050	-0.1249618
599	G	-0.259	-0.09879188
600	A	0.020	-0.09561575
601	G	0.156	-0.07644697
602	A	-0.491	-0.07211505
603	T	-0.150	-0.07606266
604	T	-0.092	-0.09259277
605	T	-0.355	-0.1043069
606	T	-0.275	-0.109746
607	A	-0.399	-0.1138573
608	T	-0.121	-0.1358784
609	A	0.115	-0.1647561
610	T	0.292	-0.1749024
611	G	-0.169	-0.1636264
612	T	0.193	-0.1607356
613	A	-0.259	-0.1467273
614	T	-0.321	-0.1077426
615	A	-0.473	-0.08317037
616	A	-0.399	-0.06240469
617	A	-0.366	-0.03069169
618	A	0.085	-0.01090534
619	T	-0.063	0.0160154
620	G	-0.406	0.04022514
621	T	-0.283	0.05035649
622	A	0	0.04749705
 623	G	0.086	0.04960162
624	T	0.478	0.03612618
625	C	0.405	0.0651404
626	T	0.414	0.08342159
627	C	0.385	0.1165307
628	T	0.374	0.1462106
629	G	0.179	0.1773569
630	G	0.219	0.188543
631	C	0.435	0.2059387
632	C	0.348	0.2419679
633	A	0.226	0.2734634
634	G	-0.121	0.2848966
635	G	-0.116	0.2895018
636	C	0.407	0.2806144
637	G	0.098	0.2786322
638	G	0.288	0.278139
639	G	0.283	0.28006
640	G	0.350	0.2837408
641	T	0.343	0.2952757
642	G	0.336	0.2896107
643	G	0.422	0.253473
644	C	0.440	0.2213824
645	T	0.262	0.1981135
646	C	0.192	0.2090735
647	A	0.274	0.2327297
648	C	0.359	0.2322776
649	G	0.403	0.2414782
650	C	0.429	0.2390122
651	C	0.458	0.2365955
652	T	0.445	0.2394164
653	G	0.089	0.2384046
654	T	-0.395	0.2452019
655	A	-0.389	0.2419221
656	A	-0.308	0.2024435
657	T	0.130	0.1828609
658	C	0.427	0.1807843
659	C	0.397	0.1647063
660	C	0.310	0.1409962
661	A	0.231	0.1413913
662	G	0.227	0.1117109
663	C	0.415	0.1050449
664	A	0.319	0.1023582
665	C	0.493	0.09778297
666	T	0.347	0.1098965
667	T	-0.467	0.1133819
668	T	-0.187	0.1354947
669	G	0.144	0.149082
670	G	-0.095	0.1453637
671	G	-0.185	0.1191722
672	A	0.412	0.09573158
673	G	-0.252	0.08035076
674	G	0.305	0.05785376
675	C	0.383	0.02093076
676	T	-0.015	-0.009085635
677	G	-0.117	-0.04000016
678	A	-0.309	-0.04190594
679	G	0.199	-0.01760755
680	G	0.443	-0.000518113
681	C	0.342	0.0161915
682	G	-0.204	0.01521735
683	A	-0.228	0.01593313
684	G	-0.122	-0.02103695
685	T	-0.289	-0.01562047
686	A	-0.434	-0.02148773
687	G	-0.370	-0.03629844
688	A	-0.217	-0.03278491
689	T	0.303	-0.03252735
690	C	0.091	-0.02455674
691	A	0.205	-0.04865213
692	C	0.529	-0.08509352
693	G	-0.117	-0.118234
694	A	-0.169	-0.1061252
695	T	-0.437	-0.09744515
696	G	-0.128	-0.1115826
697	T	0.170	-0.1186668
698	C	0.042	-0.106274
699	A	0.065	-0.09750272
700	G	-0.111	-0.0874143
701	G	-0.125	-0.1174124
702	A	-0.354	-0.143804
703	G	-0.395	-0.1573122
704	A	-0.420	-0.1728061
705	T	0.073	-0.1486313
706	C	-0.028	-0.1217948
707	A	-0.447	-0.09027243
708	A	-0.452	-0.07053252
709	G	-0.149	-0.05610469
710	A	-0.168	-0.06927707
711	C	0.014	-0.09587791
712	C	-0.386	-0.1121005
713	A	-0.515	-0.1057028
714	T	-0.105	-0.09663979
715	C	0.172	-0.0767833
716	C	0.438	-0.04117126
717	T	0.448	-0.02382499
718	G	0.287	-0.0225691
719	G	0.325	-0.01473689
720	C	0.502	-0.009653104
721	T	-0.260	-0.02647006
722	A	-0.546	-0.04195641
723	A	-0.484	-0.03331539
724	C	0.021	0.0003541304
725	A	-0.145	0.04192165
726	T	0.061	0.06535843
727	G	0.398	0.06207801
728	G	0.472	0.05900205
729	T	0	0.05238631
 730	G	-0.267	0.06110783
731	A	-0.335	0.06980731
732	A	-0.535	0.06121027
733	A	-0.525	0.05864827
734	C	0.213	0.1041345
735	C	0.387	0.1162978
736	C	0.440	0.102371
737	C	0.433	0.09106233
738	G	0.097	0.07408753
739	T	0.367	0.03816788
740	C	0.295	4.148696e-05
741	T	0.487	-0.0164266
742	C	0.525	-0.02341464
743	T	0.304	-0.01295833
744	A	-0.319	0.0271348
745	C	0.499	0.03089693
746	T	-0.204	0.0008945391
747	A	-0.298	-0.0356969
748	A	-0.406	-0.0722975
749	A	-0.328	-0.111421
750	A	-0.427	-0.1298137
751	A	-0.404	-0.1635772
752	A	-0.378	-0.1843431
753	T	-0.428	-0.213409
754	A	-0.095	-0.226377
755	C	0.386	-0.2288614
756	A	-0.438	-0.1961446
757	A	-0.477	-0.1995167
758	A	-0.453	-0.1865116
759	A	-0.401	-0.1640644
760	A	-0.465	-0.1356767
761	A	-0.325	-0.108203
762	T	-0.409	-0.09460622
763	T	-0.181	-0.081438
764	A	-0.180	-0.08241109
765	G	0.227	-0.07565661
766	C	0.247	-0.07596949
767	C	0.433	-0.08671688
768	G	0.421	-0.06202197
769	G	0.094	-0.02424501
770	G	0.217	-0.01031918
771	C	0.246	0.01534686
772	A	0.303	0.04528295
773	T	-0.114	0.07033543
774	G	-0.101	0.1019806
775	A	-0.401	0.1289944
776	T	-0.272	0.1490153
777	G	-0.102	0.136583
778	G	0.139	0.1034944
779	T	0.129	0.06519101
780	G	0.391	0.03725092
781	G	-0.133	0.04329432
782	G	0.189	0.04743093
783	C	0.222	0.05534337
784	G	0.250	0.06134063
785	C	0.318	0.07335406
786	C	0.439	0.09621954
787	T	0.279	0.1223818
788	G	-0.058	0.1525177
789	T	-0.513	0.141347
790	A	-0.447	0.126424
791	G	-0.220	0.1394472
792	T	0.233	0.1407761
793	C	0.312	0.1505048
794	C	0.428	0.1528275
795	C	0.441	0.1321888
796	A	0.161	0.1340057
797	G	0.424	0.1282363
798	C	0.200	0.125064
799	T	0.420	0.1303952
800	A	-0.359	0.1481223
801	C	-0.204	0.1515049
802	T	0.428	0.1587213
803	C	0.422	0.1445625
804	G	0.090	0.123897
805	G	0.242	0.1243398
806	G	-0.252	0.109467
807	A	0.292	0.09671899
808	G	0.186	0.09147533
809	G	0.366	0.06583155
810	C	0.402	0.04349625
811	T	0.349	0.008403117
812	G	-0.435	0.03201129
813	A	-0.281	0.02629816
814	G	-0.546	0.002929422
815	A	-0.241	-0.01241595
816	C	0.322	-0.002017604
817	A	0.086	-0.005441343
818	G	0.147	-0.006015604
819	G	0.041	-0.0350863
820	A	-0.165	-0.05370443
821	G	-0.313	-0.06296634
822	A	-0.386	-0.06166739
823	A	0.183	-0.06725256
824	T	-0.335	-0.030502
825	G	-0.108	-0.01825647
826	G	0.069	0.01415657
827	T	0.329	0.021954
828	G	0.163	0.001245961
829	T	-0.265	-0.01640155
830	G	-0.376	-0.007106113
831	A	-0.242	-0.004540896
832	A	0.153	0.003485713
833	C	0.432	0.007598452
834	C	0.220	0.01198776
835	C	0.409	0.008843061
836	G	0	0.03605793
 837	G	0.199	0.05986941
838	G	-0.062	0.05004352
839	A	-0.153	0.05537339
840	G	-0.319	0.04712964
841	G	0.361	0.0600938
842	C	0.100	0.08061483
843	A	0.019	0.07509488
844	G	-0.218	0.05780879
845	A	-0.285	0.02806366
846	G	0.111	0.03440766
847	C	0.290	0.03406592
848	T	0.439	0.04036623
849	T	-0.156	0.03439229
850	G	0.452	0.03045642
851	C	-0.025	0.0224736
852	A	0.032	0.01991107
853	G	0.095	0.005312874
854	T	-0.369	0.01795953
855	G	-0.243	0.03428748
856	A	-0.251	0.06279927
857	G	0.366	0.09169748
858	C	0.401	0.1045106
859	C	0.144	0.09839105
860	G	0.061	0.07440257
861	A	-0.153	0.09809979
862	G	-0.337	0.09617605
863	A	-0.378	0.1023401
864	T	0.025	0.1081393
865	C	0.391	0.1124486
866	G	0.394	0.1207306
867	C	0.437	0.1484567
868	G	0.378	0.177436
869	C	0.405	0.1781297
870	C	0.149	0.1498121
871	A	-0.112	0.1481441
872	C	0.388	0.1635365
873	T	0.407	0.1890315
874	G	0.115	0.2096652
875	C	0.166	0.240818
876	A	0.194	0.2486819
877	C	-0.178	0.2495224
878	T	0.393	0.2550101
879	C	0.414	0.2333832
880	C	0.382	0.2057435
881	A	-0.249	0.1825597
882	G	0.106	0.1681144
883	C	0.415	0.1628591
884	C	0.433	0.1507625
885	T	0.137	0.1413844
886	G	0.338	0.1527243
887	G	0.206	0.1364021
888	G	0.410	0.1167253
889	C	0.521	0.1154684
890	G	-0.060	0.1004811
891	A	-0.256	0.1023488
892	C	-0.127	0.09766144
893	A	-0.182	0.114601
894	G	-0.233	0.1289076
895	A	0.110	0.1286024
896	G	0.192	0.1308283
897	C	0.376	0.1416193
898	G	-0.209	0.1452707
899	A	-0.257	0.1244937
900	G	-0.207	0.0888614
901	A	0.049	0.04631031
902	C	0.457	0.02999389
903	T	0.274	0.02122293
904	C	0.140	0.007789322
905	C	0.435	0.005473887
906	G	0.408	-0.002349939
907	T	0.484	-0.0251195
908	C	0.385	-0.05144507
909	T	0.422	-0.08580168
910	C	-0.271	-0.09468455
911	A	-0.409	-0.101453
912	A	-0.457	-0.1104063
913	A	-0.435	-0.1305157
914	A	-0.458	-0.1683834
915	A	-0.436	-0.1983075
916	A	-0.235	-0.2209454
917	A	-0.413	-0.259481
918	A	-0.413	-0.2958489
919	A	-0.413	-0.3393145
920	A	-0.413	-0.3775341
921	A	-0.413	-0.4048582
922	A	-0.413	-0.3940948
923	A	-0.413	-0.3545299
924	A	-0.413	-0.3150972
925	A	-0.413	-0.2809967
926	A	-0.413	-0.2514993
927	A	-0.380	-0.2314146
928	A	-0.450	-0.2390568
929	A	-0.427	-0.2402171
930	A	-0.515	-0.2395583
931	A	-0.493	-0.237041
932	A	-0.205	-0.2320685
933	G	-0.023	-0.2342375
934	T	0.500	-0.1986578
935	C	0.449	-0.1955324
936	T	0.348	-0.1683634
937	C	0.219	-0.1356148
938	A	0.025	-0.09669054
939	G	-0.411	-0.08170936
940	A	-0.440	-0.07784357
941	A	-0.398	-0.07727518
942	G	-0.355	-0.03829383
943	A	-0.299	-0.01339866
944	A	-0.463	0.003039039
945	G	0.404	0.007714165
946	T	-0.341	0.009260774
947	G	0.211	-0.01158114
948	T	0.339	-0.04163267
949	C	0.481	-0.06902953
950	A	-0.036	-0.07435896
951	A	-0.361	-0.0702713
952	G	-0.414	-0.06760261
953	T	0.381	-0.05319736
954	T	0.079	-0.02907566
955	G	0.172	-0.0120749
956	A	0.083	-0.004231817
957	C	0.536	-0.03241873
958	T	-0.030	-0.04023751
959	A	-0.342	-0.0731553
960	A	-0.410	-0.1060803
961	A	-0.097	-0.149934
962	T	-0.317	-0.1370427
963	G	-0.378	-0.10291
964	A	-0.066	-0.06817748
965	T	0.199	-0.0737704
966	T	0.091	-0.06930449
967	T	-0.282	-0.06622631
968	T	-0.243	-0.06034133
969	T	-0.521	-0.07080559
970	A	-0.545	-0.0574385
971	A	-0.417	-0.04563963
972	G	-0.526	-0.0198575
973	T	0.260	0.001306957
974	C	0.423	0.01693969
975	C	0.384	0.03715973
976	C	0.252	0.04073293
977	T	0.181	0.03902467
978	T	0.242	0.017649
979	C	0.219	0.01390009
980	C	0.295	0.01241343
981	A	0.277	0.02880039
982	C	-0.070	0.061071
983	T	0.182	0.09929161
984	C	0.389	0.1221946
985	T	0.041	0.0941543
986	A	0.086	0.05855365
987	C	0.015	0.04477707
988	T	0.160	0.01899146
989	A	-0.399	-0.009452452
990	T	-0.369	-0.03654541
991	A	-0.277	-0.04355336
992	T	-0.144	-0.0363294
993	C	0.196	-0.03586292
994	A	0.461	-0.01674791
995	C	0	-0.01368139
 996	A	-0.384	-0.02966728
997	A	-0.395	-0.02636249
998	T	0.067	-0.03477918
999	A	-0.340	-0.05602611
1000	A	-0.472	-0.05023524
1001	T	-0.380	-0.03545307
1002	T	0.058	-0.02578003
1003	T	0.461	-0.01290004
1004	C	0.288	-0.0001836957
1005	C	0.368	-0.00288887
1006	C	0.253	-0.01944334
1007	C	0.022	-0.02957517
1008	T	0.117	0.0008828348
1009	A	-0.107	0.0013304
1010	T	-0.473	0.001819061
1011	T	0.293	0.02493963
1012	T	-0.059	0.03705006
1013	T	-0.146	0.03390789
1014	A	0.018	0.03074102
1015	C	0.148	-0.007287109
1016	C	0.134	-0.002422848
1017	T	0.080	-0.005793152
1018	T	-0.233	0.002501196
1019	A	0.316	-0.01177666
1020	T	-0.385	-0.02156922
1021	T	0.078	-0.02640135
1022	T	0.191	-0.00844823
1023	A	-0.193	-0.03120227
1024	A	-0.452	-0.0422594
1025	T	-0.014	-0.04026879
1026	T	-0.412	-0.02304239
1027	T	0.400	-0.01123213
1028	T	0.291	0.001187787
1029	C	0.443	0.01634817
1030	A	-0.306	0.03956565
1031	C	-0.107	0.03317321
1032	A	-0.218	0.05877221
1033	A	-0.060	0.06781122
1034	C	-0.230	0.07780374
1035	A	-0.313	0.1044074
1036	A	-0.100	0.1365004
1037	C	0.414	0.1225546
1038	C	0.419	0.1362234
1039	C	0.420	0.103181
1040	T	0.429	0.07599193
1041	G	0.300	0.04286588
1042	C	0.169	0.04986523
1043	A	0.203	0.06326814
1044	G	0.286	0.0808011
1045	C	0.421	0.0855918
1046	C	0.418	0.1067641
1047	T	0.285	0.1280722
1048	G	-0.335	0.1464139
1049	T	-0.098	0.1386203
1050	A	-0.359	0.1375778
1051	A	-0.334	0.1380846
1052	G	-0.317	0.1384294
1053	T	-0.145	0.1416208
1054	A	0.201	0.1382358
1055	G	0.184	0.1271556
1056	G	0.049	0.1104026
1057	T	0.256	0.092085
1058	G	0.176	0.07676061
1059	A	0.321	0.07396322
1060	C	0.235	0.1059929
1061	T	0.395	0.1301707
1062	C	0.431	0.149632
1063	C	0.437	0.1768911
1064	T	0.374	0.1778278
1065	C	0.091	0.1805613
1066	C	-0.051	0.1778507
1067	A	-0.098	0.1836953
1068	T	0	0.1937655
 1069	G	0.065	0.1701515
1070	G	0.221	0.1699068
1071	T	0.401	0.1641287
1072	C	0.457	0.1717723
1073	A	0.087	0.1601137
1074	G	0.292	0.1593994
1075	C	-0.296	0.140378
1076	A	-0.082	0.1297033
1077	G	0.138	0.1349728
1078	G	0.319	0.1537747
1079	T	0.281	0.1801169
1080	G	-0.286	0.1684153
1081	G	0.170	0.1476155
1082	T	0.188	0.1362087
1083	C	0.411	0.1385695
1084	A	0.127	0.1231029
1085	G	0.415	0.1073487
1086	T	0	0.1077276
 1087	G	0.128	0.1114314
1088	G	0.212	0.1078312
1089	T	0.381	0.08634807
1090	C	0.506	0.08488142
1091	G	-0.269	0.06696216
1092	A	-0.412	0.0941226
1093	A	-0.041	0.08496575
1094	C	0.455	0.06693057
1095	T	0.102	0.05516153
1096	A	-0.274	0.04578799
1097	T	0.301	0.04549638
1098	T	-0.211	0.03417247
1099	T	-0.165	0.01909007
1100	A	-0.355	0.02038803
1101	G	0.285	0.00569993
1102	G	-0.130	-0.01070133
1103	A	0.338	0.01514015
1104	C	-0.040	0.05147602
1105	T	-0.226	0.07168803
1106	A	0.140	0.07224977
1107	T	-0.088	0.07522233
1108	C	0.408	0.07649294
1109	T	-0.260	0.07806903
1110	G	-0.218	0.1008269
1111	A	0.242	0.1229732
1112	T	0.043	0.1483322
1113	G	0.129	0.1539637
1114	C	0.325	0.1738169
1115	T	0.422	0.1739452
1116	C	0.423	0.1875487
1117	T	0.468	0.2091522
1118	T	0.170	0.1961587
1119	T	-0.245	0.200652
1120	C	0.337	0.1867197
1121	C	0.312	0.1797187
1122	T	0.344	0.1776949
1123	C	0.227	0.1613159
1124	T	0.415	0.1413078
1125	G	0.325	0.1316997
1126	C	0.341	0.1103678
1127	T	0.272	0.07451505
1128	C	0.270	0.04259587
1129	A	-0.158	0.0068177
1130	C	0.015	-0.01449491
1131	C	0.088	-0.024197
1132	A	-0.421	-0.04600617
1133	T	-0.264	-0.05644313
1134	T	-0.134	-0.08683647
1135	G	-0.416	-0.1164763
1136	C	-0.091	-0.1538693
1137	A	-0.165	-0.1866223
1138	A	-0.401	-0.2229754
1139	T	-0.310	-0.2527479
1140	A	-0.354	-0.2860889
1141	C	-0.319	-0.2987393
1142	A	-0.468	-0.3073119
1143	A	-0.163	-0.3230292
1144	T	0.072	-0.3036182
1145	G	-0.354	-0.3017954
1146	A	-0.453	-0.3185109
1147	G	-0.444	-0.3113346
1148	A	-0.427	-0.3199146
1149	A	-0.494	-0.3300245
1150	A	-0.412	-0.332356
1151	A	-0.496	-0.3207274
1152	A	-0.449	-0.3147218
1153	T	-0.181	-0.289683
1154	G	-0.273	-0.276484
1155	C	0.024	-0.2920508
1156	A	-0.222	-0.3058148
1157	A	-0.518	-0.3086263
1158	A	-0.251	-0.2818904
1159	T	-0.288	-0.2461723
1160	G	-0.397	-0.2143579
1161	A	-0.455	-0.1795278
1162	A	-0.042	-0.1569825
1163	T	-0.216	-0.1278388
1164	C	0.256	-0.1037183
1165	T	-0.165	-0.1018258
1166	A	-0.521	-0.07422497
1167	A	-0.244	-0.08251196
1168	G	-0.419	-0.05703326
1169	T	0.161	-0.02830061
1170	A	0.376	-0.001405696
1171	C	0.304	0.003920609
1172	A	0.306	0.03504313
1173	G	0.106	0.07647491
1174	T	0.173	0.06367109
1175	G	0.105	0.05528691
1176	T	-0.138	0.02617813
1177	T	0.361	0.03006346
1178	C	-0.165	0.04402537
1179	T	0.363	0.04633398
1180	C	0.141	0.04879437
1181	T	0.366	0.04075488
1182	G	-0.166	0.003643922
1183	G	0.317	-0.02155143
1184	G	0.497	-0.04955047
1185	A	-0.337	-0.07104677
1186	A	-0.409	-0.09790225
1187	T	-0.413	-0.1230243
1188	A	-0.075	-0.1153322
1189	T	-0.200	-0.1304762
1190	G	-0.191	-0.1283302
1191	A	-0.362	-0.1632272
1192	A	-0.023	-0.1900174
1193	G	-0.476	-0.2240117
1194	A	-0.275	-0.2381282
1195	T	-0.337	-0.2602057
1196	A	-0.387	-0.2692588
1197	G	-0.444	-0.2407363
1198	A	-0.472	-0.2112321
1199	A	0.038	-0.1771594
1200	C	0.013	-0.1543136
1201	T	-0.116	-0.1398962
1202	A	-0.439	-0.1493597
1203	A	-0.474	-0.1528066
1204	A	-0.415	-0.1571978
1205	A	-0.490	-0.1551823
1206	A	-0.189	-0.1532563
1207	C	0.289	-0.1456592
1208	T	0.318	-0.1194604
1209	G	0.269	-0.09800989
1210	C	0.370	-0.08665732
1211	C	0.449	-0.07515396
1212	T	0.130	-0.06522092
1213	G	-0.408	-0.06251619
1214	A	-0.442	-0.03497728
1215	G	-0.124	-0.004116757
1216	A	-0.430	-0.004065583
1217	G	-0.230	0.03293394
1218	A	-0.162	0.05795746
1219	T	0.214	0.0528075
1220	C	0.049	0.06054342
1221	A	-0.210	0.0634449
1222	G	0.303	0.05146843
1223	G	0.241	0.0142699
1224	G	-0.054	-0.0028764
1225	C	0.194	0.009970426
1226	A	0.235	0.02197234
1227	G	-0.413	0.04528473
1228	G	0.360	0.05369873
1229	C	0.385	0.06598082
1230	T	0.170	0.07372803
1231	T	0.496	0.07202446
1232	C	0.336	0.09053751
1233	T	0.094	0.1092496
1234	A	-0.405	0.1146682
1235	G	-0.263	0.1257343
1236	A	-0.113	0.1296985
1237	A	-0.166	0.1011209
1238	A	0.411	0.07695761
1239	G	-0.237	0.10244
1240	T	0.051	0.079678
1241	T	0.015	0.043665
1242	G	0.175	0.03623035
1243	T	0.475	0.03579531
1244	G	0.219	0.04077179
1245	T	0.427	0.04305321
1246	C	0.496	0.05217887
1247	T	0.037	0.03978491
1248	A	-0.463	0.02918539
1249	A	-0.320	0.04127713
1250	C	0.172	0.01615065
1251	T	-0.163	0.03955595
1252	A	-0.442	0.03391721
1253	G	0	0.0332537
 1254	T	0.486	0.0072097
1255	C	0.450	-0.01758732
1256	T	0.147	-0.04851454
1257	T	-0.195	-0.08599289
1258	G	-0.548	-0.1260713
1259	A	-0.357	-0.1436494
1260	G	0.111	-0.1438304
1261	G	-0.166	-0.1163953
1262	T	0.301	-0.1066568
1263	T	-0.078	-0.1002506
1264	T	0	-0.07240943
 1265	A	-0.423	-0.06739135
1266	C	-0.095	-0.08854591
1267	A	-0.491	-0.1164262
1268	T	-0.434	-0.1254458
1269	A	-0.425	-0.1143274
1270	A	-0.367	-0.08492576
1271	A	-0.467	-0.05026128
1272	C	0.310	-0.03837628
1273	C	0.396	-0.03934032
1274	A	-0.015	-0.07344028
1275	C	0.197	-0.05542484
1276	A	0.115	-0.06564193
1277	C	0	-0.03944228
 1278	C	-0.190	-0.02625065
1279	A	-0.060	-0.002997487
1280	G	0.059	0.0335436
1281	G	0.127	0.06479803
1282	C	0.439	0.09341995
1283	T	0.385	0.1083523
1284	G	-0.188	0.08424077
1285	A	-0.483	0.04893473
1286	T	0.336	0.02581449
1287	G	-0.234	0.02154493
1288	G	0.179	0.02050053
1289	G	0.208	0.03851457
1290	A	0.042	0.0639477
1291	C	0.406	0.0854567
1292	T	0.293	0.09145763
1293	G	0.291	0.09774802
1294	G	-0.123	0.07861785
1295	G	-0.243	0.03967154
1296	A	-0.415	0.03162393
1297	A	-0.547	0.03945785
1298	G	0.099	0.03463028
1299	G	0.091	0.04096149
1300	G	0.414	0.03875331
1301	C	0.394	0.0209494
1302	C	0.434	0.01020411
1303	C	0.197	-0.01997607
1304	A	0.272	-0.05339289
1305	C	0	-0.07728324
 1306	T	-0.510	-0.06825883
1307	A	-0.373	-0.0452767
1308	A	-0.302	-0.03619514
1309	G	0.225	-0.02159062
1310	C	-0.089	-0.01536423
1311	A	0.128	-0.01618923
1312	G	-0.201	-0.01974323
1313	T	-0.204	-0.01770627
1314	G	-0.287	-0.02439027
1315	A	-0.475	-0.0106724
1316	G	-0.258	-0.04379871
1317	A	0.083	-0.06336667
1318	C	0.284	-0.05825406
1319	C	-0.207	-0.05173675
1320	A	-0.211	-0.02618927
1321	T	0.242	-0.0247278
1322	T	0.072	-0.01553848
1323	C	0.332	-0.02606522
1324	C	0.441	-0.008762565
1325	C	0.280	0.01909435
1326	T	0.513	0.05088448
1327	T	-0.489	0.090008
1328	T	-0.450	0.1171721
1329	T	-0.392	0.110396
1330	G	-0.223	0.09254925
1331	G	0.284	0.09770012
1332	A	0.258	0.1096473
1333	G	0.121	0.1162508
1334	A	-0.113	0.1149899
1335	G	0.196	0.1166494
1336	T	0.436	0.1162092
1337	C	0.443	0.1191146
1338	C	0.424	0.1141874
1339	T	0.366	0.1487919
1340	T	-0.072	0.1878713
1341	G	-0.125	0.2153074
1342	C	-0.088	0.221912
1343	A	0.062	0.1926487
1344	T	0.394	0.1738564
1345	C	0.043	0.1662151
1346	C	0.370	0.1510985
1347	C	0.431	0.1499708
1348	C	0.347	0.1406801
1349	T	0.400	0.1398604
1350	C	0.306	0.1421949
1351	C	0.448	0.135011
1352	C	0.238	0.1314142
1353	A	-0.072	0.1397957
1354	G	-0.388	0.1297071
1355	A	-0.173	0.104742
1356	T	-0.053	0.07788628
1357	T	-0.461	0.08675378
1358	T	0.170	0.06016909
1359	C	0.222	0.04385162
1360	C	0.424	0.02873766
1361	T	0.478	-0.01019864
1362	C	0.201	-0.01610864
1363	T	-0.154	-0.02202434
1364	T	0.067	-0.01711695
1365	T	-0.320	0.005734787
1366	G	-0.511	0.01225896
1367	A	-0.223	0.001223874
1368	G	0.247	-0.006819317
1369	G	-0.240	-0.004679752
1370	G	0.055	-0.006629057
1371	G	0	-0.0251961
 1372	A	-0.495	-0.05017745
1373	A	0.170	-0.07575753
1374	G	0.312	-0.06695467
1375	G	0.350	-0.04621001
1376	T	0.453	-0.06194212
1377	G	-0.238	-0.05477512
1378	A	-0.427	-0.0491113
1379	G	-0.238	-0.06115699
1380	A	-0.412	-0.09452177
1381	G	0.125	-0.106536
1382	A	-0.204	-0.1089613
1383	G	-0.150	-0.1012976
1384	G	-0.110	-0.07256557
1385	A	0.403	-0.07076343
1386	G	0.322	-0.08059711
1387	G	-0.294	-0.08959503
1388	T	-0.155	-0.1228618
1389	A	-0.380	-0.1125014
1390	A	-0.500	-0.09580473
1391	A	-0.520	-0.09589769
1392	A	-0.517	-0.08313343
1393	G	0	-0.08463505
 1394	G	0.176	-0.06895383
1395	G	0.165	-0.04837061
1396	G	0.211	-0.02279944
1397	T	0.086	-0.04946453
1398	G	0.144	-0.0850624
1399	A	-0.311	-0.093259
1400	G	0	-0.1046921
 1401	G	-0.043	-0.111101
1402	A	-0.240	-0.1108101
1403	A	-0.118	-0.06949696
1404	T	0.091	-0.04250531
1405	G	0.156	-0.02311505
1406	G	0.323	-0.04044609
1407	A	0.477	-0.05744879
1408	G	-0.209	-0.07974092
1409	A	-0.496	-0.07766611
1410	A	-0.483	-0.06777502
1411	T	-0.418	-0.03411872
1412	A	-0.528	-0.02468902
1413	A	-0.493	-0.003098622
1414	C	0.430	0.02303864
1415	T	0.103	0.04215233
1416	C	0.445	0.05979043
1417	A	-0.222	0.04416152
1418	T	-0.225	0.01145783
1419	T	-0.300	-0.01415291
1420	C	0.134	0.005289043
1421	T	0.371	0.02115574
1422	G	0.462	0.05339735
1423	G	0.216	0.07996104
1424	T	0.453	0.1202059
1425	T	0.360	0.1494727
1426	C	0.320	0.1337754
1427	T	0.497	0.118943
1428	T	-0.203	0.08939515
1429	G	-0.428	0.1027795
1430	T	-0.111	0.1281973
1431	T	0.237	0.1525104
1432	T	-0.131	0.1525703
1433	C	0.258	0.1570615
1434	C	0.192	0.1167445
1435	C	0.397	0.08848609
1436	C	0.179	0.0497677
1437	T	0.069	0.01113357
1438	T	-0.237	-0.02402596
1439	T	-0.233	-0.06352565
1440	T	0.085	-0.06526539
1441	C	0.358	-0.05519222
1442	C	0.258	-0.03902039
1443	A	0.135	-0.06625139
1444	C	0.474	-0.07156039
1445	A	-0.464	-0.0800691
1446	T	-0.433	-0.08220575
1447	A	-0.437	-0.1052681
1448	A	-0.528	-0.1065556
1449	A	-0.487	-0.09621286
1450	A	-0.411	-0.08295963
1451	G	-0.243	-0.05364171
1452	T	-0.197	-0.06287934
1453	A	0.260	-0.09995421
1454	T	-0.388	-0.1134712
1455	A	-0.253	-0.1256333
1456	T	0.062	-0.1316855
1457	T	0.143	-0.1004336
1458	T	-0.133	-0.07615842
1459	G	0.150	-0.04224668
1460	T	0.307	-0.03387977
1461	C	0.067	-0.03504368
1462	T	0.440	-0.03950303
1463	T	-0.126	-0.0186385
1464	G	-0.493	-0.02267572
1465	T	-0.052	-0.01891307
1466	G	-0.144	0.01506015
1467	T	0.335	0.0405565
1468	T	0.254	0.04819581
1469	C	0.125	0.06119233
1470	C	0.342	0.08741716
1471	A	-0.335	0.09897194
1472	T	-0.514	0.08651818
1473	A	-0.514	0.07148025
1474	C	0.236	0.0595893
1475	A	-0.290	0.08108508
1476	C	0.347	0.1025554
1477	C	0.392	0.0959428
1478	A	0.332	0.08110646
1479	G	0.238	0.06227166
1480	T	0.441	0.04655875
1481	C	0.469	0.02470953
1482	C	0.415	-0.0001951652
1483	A	0.020	-0.004452817
1484	T	-0.278	0.03119292
1485	A	0.167	0.04297783
1486	C	0.367	0.02929185
1487	T	0	0.06281328
 1488	G	-0.204	0.06753424
1489	A	-0.485	0.0694022
1490	T	-0.097	0.05860677
1491	G	-0.107	0.05017219
1492	T	-0.377	0.01394814
1493	G	-0.230	-0.01722755
1494	A	-0.433	-0.02219307
1495	T	0.305	-0.01229636
1496	G	-0.242	-0.01197749
1497	G	-0.077	-0.01372983
1498	T	0.480	-0.009896661
1499	G	0.455	0.01002451
1500	T	0.435	0.01325064
1501	T	0.084	0.05275251
1502	T	0.044	0.07853522
1503	T	-0.391	0.1028966
1504	T	-0.247	0.09958374
1505	T	0.301	0.1138193
1506	A	0.248	0.1185011
1507	T	-0.271	0.08740867
1508	G	0.126	0.1004553
1509	C	0.455	0.0822645
1510	T	0.458	0.04126989
1511	T	-0.130	0.003950196
1512	C	0.423	-0.01691948
1513	C	0.495	-0.02058975
1514	T	0.452	-0.002563383
1515	T	-0.453	-0.002365991
1516	T	0.097	-0.008418078
1517	T	-0.326	-0.002799904
1518	G	-0.409	-0.01012525
1519	A	0.057	0.02450914
1520	A	-0.496	0.0120524
1521	T	-0.461	-0.01793986
1522	A	-0.402	-0.01566408
1523	A	-0.044	0.01307392
1524	A	0	-0.01460803
 1525	C	0.458	-0.05562003
1526	A	-0.386	-0.09494773
1527	T	-0.386	-0.09821525
1528	T	0.430	-0.1260563
1529	T	0.079	-0.1263544
1530	C	0.525	-
1531	A	-0.159	-
1532	T	-0.234	-
1533	T	0.510	-
1534	C	0.530	-
1535	T	-0.213	-
1536	T	-0.447	-
1537	A	-0.451	-
1538	A	-0.528	-
1539	A	-0.542	-
1540	A	-0.332	-
