1	G	0.152	-
2	T	0.073	-
3	T	-0.079	-
4	T	-0.415	-
5	G	0.037	-
6	T	0.382	0.1128116
7	G	0.403	0.07340528
8	G	0.342	0.04071319
9	G	-0.144	0.02450642
10	G	0.093	0.07940717
11	C	0.276	0.1005437
12	T	0.230	0.1009531
13	G	-0.320	0.1038372
14	G	-0.319	0.07166378
15	A	-0.274	0.09362628
16	T	0.243	0.111211
17	C	0.291	0.08669429
18	C	0.387	0.07339143
19	C	0.438	0.08949485
20	A	-0.043	0.1447897
21	C	0.119	0.2013188
22	T	0.304	0.1532098
23	G	-0.017	0.1269456
24	G	0.070	0.1168405
25	G	-0.127	0.09152475
26	C	0.344	0.05429087
27	A	0.403	0.07993495
28	G	-0.333	0.08830837
29	G	-0.023	0.1263084
30	A	0.266	0.1443532
31	C	0.134	0.1924737
32	A	-0.490	0.1600561
33	T	0.427	0.1285879
34	C	0.405	0.126603
35	T	0.438	0.08313807
36	G	0.287	0.03650216
37	C	0.450	0.05176616
38	C	-0.044	0.1265176
39	T	0.026	0.1193945
40	A	-0.357	0.1186596
41	T	-0.545	0.09147374
42	A	-0.293	0.03903957
43	C	0.317	-0.01557376
44	C	0.406	-0.03257817
45	C	0.341	-0.07899025
46	T	0.396	-0.09252467
47	G	0.112	-0.08834942
48	G	-0.341	-0.06303267
49	A	-0.204	-0.1228568
50	A	-0.248	-0.1550124
51	T	-0.530	-0.2223822
52	A	-0.519	-0.2893053
53	A	-0.495	-0.3081306
54	G	0.010	-0.2667886
55	A	-0.400	-0.2269697
56	A	0.020	-0.2004286
57	T	-0.466	-0.1651777
58	A	-0.406	-0.1086626
59	T	-0.113	-0.03060462
60	A	0.154	0.007672467
61	C	0.272	0.07078522
62	A	0.069	0.0699705
63	G	-0.107	0.1254383
64	T	0.158	0.1705002
65	C	0.441	0.1762017
66	T	0.469	0.1618111
67	C	0.357	0.1730325
68	T	0.010	0.2021129
69	T	0.198	0.21982
70	C	0.133	0.2283557
71	T	-0.045	0.1896445
72	A	-0.018	0.1625962
73	G	0.407	0.1068614
74	C	0.418	0.140782
75	A	0.104	0.1320226
76	C	0.260	0.1517733
77	T	-0.022	0.1407091
78	G	0.145	0.1787861
79	A	-0.311	0.1606281
80	C	0.417	0.1647687
81	A	0.093	0.191853
82	G	0.370	0.2021819
83	T	-0.177	0.2385347
84	T	0.438	0.2466656
85	G	0.189	0.2667726
86	T	0.468	0.1894581
87	C	0.429	0.1382687
88	T	0.384	0.08028431
89	C	0.413	0.07414464
90	T	0.242	0.05416206
91	T	-0.070	0.07693423
92	T	-0.510	0.05865106
93	A	-0.520	-0.005289358
94	T	-0.324	-0.07363044
95	G	-0.251	-0.1057962
96	T	0.198	-0.1350492
97	C	0.462	-0.1471166
98	G	0.248	-0.0754707
99	G	-0.337	-0.03034222
100	A	-0.435	-0.01142407
101	T	0.027	-0.01156283
102	G	-0.108	-0.04139199
103	A	-0.215	-0.08676975
104	G	0.349	-0.1266287
105	C	0.020	-0.06618825
106	T	-0.097	-0.02184052
107	A	-0.253	-0.02192165
108	A	-0.159	0.01914518
109	C	-0.081	0.07323977
110	A	-0.229	0.08063635
111	G	0.387	0.1052118
112	C	0.096	0.1374776
113	A	0.026	0.1819496
114	G	0.384	0.2311687
115	C	0.433	0.26626
116	C	0.438	0.3024136
117	A	0.315	0.2772004
118	C	0.289	0.2329863
119	T	0.280	0.2215209
120	C	0.431	0.2140303
121	C	0.339	0.2220327
122	C	0.204	0.1962445
123	A	0.085	0.2002476
124	T	-0.433	0.2091229
125	A	-0.111	0.1780587
126	C	0.294	0.1263139
127	T	0.529	0.1272489
128	G	0.128	0.1175783
129	T	0.363	0.1439232
130	C	0.395	0.2135022
131	G	-0.092	0.2244811
132	G	-0.189	0.2271147
133	A	0.350	0.2226618
134	T	0.088	0.2444556
135	C	0.401	0.2062143
136	C	0.401	0.1723707
137	T	0.020	0.1985434
138	G	0.326	0.2506165
139	C	0.476	0.252106
140	T	0.390	0.2566411
141	T	-0.095	0.2397464
142	C	-0.010	0.2308558
143	C	0.221	0.2685663
144	C	0.435	0.2390882
145	T	0.368	0.1545102
146	T	0.142	0.0897093
147	G	0.198	0.125632
148	C	0.294	0.1515554
149	C	0.473	0.1595803
150	A	-0.027	0.1023232
151	T	-0.538	0.03251404
152	A	-0.387	-0.01427963
153	G	0.335	-0.05901862
154	C	0.300	-0.123184
155	T	0.318	-0.1481823
156	G	-0.251	-0.1134658
157	A	-0.469	-0.0336955
158	T	-0.418	0.03555867
159	T	-0.338	-0.003340083
160	A	-0.475	0.006039667
161	A	0.173	-0.01032467
162	C	0.389	0.02100908
163	C	0.418	0.03589133
164	C	0.443	0.03885883
165	A	-0.130	0.03050608
166	G	0.413	0.04484808
167	G	0.121	0.01376367
168	G	0.124	0.01556042
169	T	-0.290	-0.00689725
170	A	-0.383	-0.01034717
171	A	-0.438	0.01582808
172	G	-0.303	-0.02819042
173	A	-0.199	-0.01215258
174	C	0.410	-0.01534213
175	A	0.149	-0.008646292
176	C	0.402	0.05894988
177	T	0.183	0.1121777
178	G	-0.114	0.1307699
179	G	0.314	0.1273598
180	G	0.086	0.06913786
181	A	-0.210	0.05430404
182	A	0.428	0.008565542
183	T	0.200	0.01108621
184	T	-0.080	0.03800404
185	G	-0.240	0.04765154
186	G	-0.287	0.07081508
187	A	-0.028	0.06652925
188	A	-0.146	0.0084515
189	A	0.213	-0.004909058
190	C	0.208	0.02238329
191	T	0.429	0.04137301
192	T	0.364	0.06537001
193	G	-0.261	0.1048662
194	G	-0.268	0.1087073
195	A	0.040	0.04573257
196	G	0.247	-0.007996092
197	T	-0.012	-0.06180009
198	G	0	-0.1288558
 199	G	0.445	-0.07780876
200	A	-0.100	-0.03899101
201	A	-0.542	-0.005180617
202	A	-0.436	-0.02246895
203	G	-0.215	-0.04650283
204	A	-0.440	-0.07465975
205	C	0.350	-0.0982795
206	T	0.196	-0.0807015
207	C	0.445	-0.04441842
208	T	0.039	-0.02783592
209	G	-0.301	-0.005477633
210	A	-0.337	0.04504312
211	T	0.161	0.01172183
212	C	0.110	0.008480833
213	A	-0.106	-0.01917183
214	T	-0.237	0.002200833
215	A	0.052	0.05791975
216	G	0.165	0.1025617
217	T	-0.048	0.1186357
218	G	0.158	0.08906467
219	G	0.113	0.1249543
220	T	0.296	0.136093
221	C	0.367	0.1404533
222	T	0.197	0.1332458
223	C	0.354	0.157083
224	T	-0.244	0.1409891
225	G	0.323	0.09991263
226	G	-0.103	0.03531497
227	A	0.104	-0.01549487
228	G	0.079	-0.005975533
229	C	0.237	0.001372633
230	C	-0.035	0.05808905
231	A	-0.378	0.05554938
232	A	-0.479	0.04880263
233	A	-0.242	0.01878972
234	T	0.312	-0.02403724
235	C	0.442	-0.04738125
236	C	0.436	-0.01037126
237	C	0.293	0.02585197
238	A	-0.184	0.06328264
239	T	-0.255	0.06377264
240	T	-0.434	0.04437086
241	C	-0.042	0.04814694
242	C	0.409	0.01519253
243	A	0.055	-0.02221238
244	T	-0.029	-0.01722755
245	G	-0.236	-0.03613722
246	G	0.079	0.03049553
247	C	0.488	0.07109546
248	A	0.040	0.06070629
249	A	-0.155	0.05944777
250	T	-0.125	0.04099553
251	G	-0.482	0.05461389
252	T	0.364	0.02212442
253	T	0.444	-0.05380999
254	C	0.284	-0.04622042
255	T	0.040	-0.01506608
256	G	-0.251	0.03154717
257	G	-0.073	0.08156767
258	A	-0.310	0.04626561
259	A	-0.422	0.02153452
260	G	0.132	-0.004819292
261	G	0.218	-0.04605851
262	T	0.434	-0.06515201
263	G	0.118	-0.05905687
264	G	-0.058	-0.06882854
265	A	0.147	-0.07608354
266	T	-0.031	-0.09773387
267	G	-0.454	-0.1500775
268	A	-0.480	-0.20431
269	T	0	-0.2481246
 270	A	-0.427	-0.2121023
271	A	-0.510	-0.2146836
272	G	-0.127	-0.1889126
273	A	-0.409	-0.1491415
274	G	-0.216	-0.07257793
275	A	-0.407	-0.05027127
276	C	0.373	0.02127582
277	A	0.116	0.1012413
278	G	0.277	0.1413786
279	C	0.023	0.1920047
280	A	0.438	0.2166718
281	G	0.267	0.2546034
282	C	0.430	0.1860013
283	C	0.449	0.1566344
284	G	0.353	0.125707
285	G	0.197	0.09876468
286	C	0.079	0.03374335
287	A	0.047	-0.01468048
288	G	-0.449	-0.09338832
289	A	-0.235	-0.1466701
290	A	-0.093	-0.1462134
291	G	-0.300	-0.1267839
292	G	-0.341	-0.1199012
293	A	-0.313	-0.1270265
294	A	-0.513	-0.09341258
295	A	-0.189	-0.0997735
296	G	0.359	-0.115287
297	C	0.430	-0.07037208
298	A	0.162	-0.01745983
299	G	-0.038	-0.01269841
300	T	-0.046	-0.002961575
301	G	-0.312	0.008015908
302	A	-0.279	-0.04817843
303	T	0.238	-0.07662007
304	C	0.292	-0.05660333
305	T	-0.256	-0.01680462
306	G	-0.396	0.029246
307	A	-0.058	0.03459825
308	A	-0.314	0.018919
309	C	0.089	-0.04383
310	A	0.402	-0.0385165
311	C	0.439	-0.01289522
312	C	0.506	0.01461175
313	T	-0.248	0.00102285
314	A	-0.468	0.005784017
315	A	-0.514	-0.04301225
316	C	0.356	-0.061266
317	G	0.051	-0.06158675
318	G	-0.066	-0.06136692
319	G	-0.221	-0.03584985
320	A	-0.257	-0.03141902
321	A	-0.495	-0.01206018
322	T	0.183	-0.06888843
323	C	0.435	-0.08066232
324	C	0.508	-0.09825554
325	T	0.058	-0.05378171
326	A	-0.414	-0.005135542
327	A	-0.281	0.05327537
328	A	-0.325	0.02724879
329	C	-0.090	-0.01004332
330	A	-0.278	-0.08271366
331	G	0.312	-0.1255545
332	T	0.325	-0.1321725
333	G	0.205	-0.140592
334	G	-0.129	-0.1308189
335	A	-0.011	-0.08552728
336	G	-0.363	-0.0475067
337	A	-0.455	-0.09853728
338	A	-0.494	-0.1313918
339	A	-0.383	-0.156412
340	G	-0.207	-0.1330185
341	G	0.453	-0.1509447
342	A	0.178	-0.1321251
343	G	-0.299	-0.09413073
344	A	-0.068	-0.02451548
345	G	-0.095	-0.01112032
346	C	0.151	-0.01320232
347	A	-0.226	-0.08763457
348	A	-0.137	-0.141717
349	A	0	-0.1565993
 350	C	0.341	-0.1869386
351	A	-0.222	-0.2212959
352	T	-0.232	-0.2686592
353	T	-0.439	-0.2125097
354	A	-0.470	-0.1600252
355	A	-0.478	-0.122975
356	A	-0.432	-0.1252788
357	A	-0.507	-0.1049085
358	A	-0.416	-0.05300355
359	C	0.446	0.00891845
360	T	0.492	0.04626607
361	C	0.444	0.0861374
362	A	0.313	0.08898265
363	T	0.022	0.0954184
364	G	0.389	0.09516957
365	G	0.303	0.01890648
366	A	-0.022	-0.05517802
367	T	0	-0.1297075
 368	A	-0.398	-0.1943201
369	G	-0.430	-0.2340903
370	A	-0.419	-0.2926962
371	A	-0.468	-0.3261022
372	A	-0.396	-0.3144512
373	A	-0.449	-0.3250391
374	A	-0.461	-0.3203199
375	A	-0.455	-0.3119345
376	A	-0.313	-0.3109445
377	G	-0.097	-0.314012
378	A	0.117	-0.3151229
379	G	-0.127	-0.3099249
380	G	-0.341	-0.3061854
381	A	-0.329	-0.3060912
382	A	-0.407	-0.3247803
383	A	-0.505	-0.3166473
384	A	-0.409	-0.3060462
385	G	-0.387	-0.2831876
386	A	-0.417	-0.2134422
387	A	-0.453	-0.1453375
388	A	-0.537	-0.1276472
389	A	0	-0.1009293
 390	C	0.244	-0.09868767
391	C	0.147	-0.05880634
392	A	0.495	-0.01860934
393	T	0.487	0.01419609
394	T	-0.195	0.06935592
395	T	-0.184	0.03475542
396	G	-0.382	-0.006842575
397	G	0.091	-0.001358908
398	A	0.065	-0.007710658
399	A	-0.060	-0.008387158
400	G	0.124	-0.001636575
401	T	-0.415	0.01900676
402	G	-0.254	0.03061867
403	T	0.213	-0.00795165
404	T	0.419	-0.03405965
405	C	0.479	-0.05990517
406	A	-0.114	-0.08384033
407	T	0.063	-0.07728992
408	T	-0.243	-0.0406765
409	G	-0.371	-0.07396792
410	A	-0.247	-0.09134867
411	G	-0.370	-0.1410229
412	T	-0.162	-0.1280443
413	T	-0.336	-0.1154451
414	G	0.184	-0.06164504
415	A	-0.186	0.003915625
416	T	0.210	0.03704629
417	G	-0.116	0.04334271
418	C	0.041	0.08383829
419	A	0.214	0.1480888
420	C	0.401	0.1112608
421	T	0.415	0.09229613
422	G	0.149	0.05658062
423	G	-0.294	0.05939302
424	A	0.323	0.03545731
425	T	0.434	-0.01079752
426	A	-0.257	-0.07828502
427	A	-0.414	-0.1567638
428	T	-0.218	-0.1902384
429	T	-0.082	-0.184596
430	T	-0.245	-0.2149563
431	A	-0.340	-0.2178171
432	A	-0.407	-0.1595898
433	T	-0.526	-0.1170739
434	A	-0.252	-0.07505894
435	A	-0.227	-0.03580875
436	G	-0.041	0.02431258
437	C	0.400	0.04785063
438	T	0.441	0.07681994
439	G	0.096	0.1302349
440	T	0.286	0.160654
441	C	0.388	0.1543113
442	T	0.475	0.1417235
443	G	-0.058	0.1072054
444	T	-0.060	0.08079813
445	T	0.114	0.09957273
446	C	0.112	0.08564307
447	T	-0.303	0.06966657
448	G	-0.192	0.06842232
449	A	-0.014	0.1059599
450	T	0.124	0.1439292
451	C	0.321	0.1258678
452	C	0.118	0.110007
453	G	0.196	0.1764605
454	T	0.460	0.2112204
455	C	0.392	0.1737907
456	T	0.395	0.1876811
457	T	-0.102	0.1801234
458	G	-0.077	0.2074031
459	C	0.494	0.1625567
460	T	0.224	0.1473954
461	T	-0.463	0.1546912
462	C	0.291	0.1568584
463	C	0.230	0.147033
464	C	0.446	0.1190481
465	T	-0.341	0.03428992
466	G	0.278	-0.02863375
467	C	0.479	0.03324725
468	T	0.421	0.04048792
469	T	-0.220	0.04334533
470	T	-0.413	-0.01802175
471	T	-0.522	0.03903808
472	A	-0.530	0.03887483
473	G	0.279	0.0005937917
474	C	0.378	-0.02463979
475	A	0.265	0.01322871
476	G	-0.290	0.06466846
477	G	0.343	0.08685721
478	G	0.276	0.1353047
479	T	0.020	0.1025969
480	G	0.118	0.03149789
481	C	0.234	-0.01718761
482	C	0.204	-0.006726692
483	A	-0.256	-0.07991552
484	T	0.051	-0.1474914
485	A	-0.113	-0.112729
486	T	-0.475	-0.09216048
487	G	-0.319	-0.09544373
488	A	-0.164	-0.07429432
489	A	-0.535	-0.01202798
490	A	-0.534	-0.04617417
491	G	0.437	-0.06542925
492	C	0.365	-0.04044683
493	T	0.194	0.002451083
494	C	0.457	0.005349083
495	C	0.490	0.06452767
496	T	-0.358	0.1167007
497	A	-0.344	0.1038423
498	C	-0.175	0.1013977
499	A	0.195	0.07746954
500	T	-0.129	0.05462062
501	G	0.174	-0.01583579
502	G	0.091	-0.007075708
503	A	0.283	0.01642534
504	T	0.336	0.01629593
505	G	-0.092	-0.02296524
506	A	0.183	0.02091576
507	A	-0.354	-0.02772074
508	C	-0.253	0.001519683
509	A	-0.062	0.008743517
510	T	-0.176	0.0075686
511	T	-0.275	0.02328506
512	C	0.396	0.04415081
513	A	-0.408	0.07925628
514	T	0.442	0.110958
515	C	0.369	0.1583664
516	C	0.321	0.1673894
517	C	0.096	0.1743072
518	A	0.434	0.1680287
519	T	0.066	0.2342239
520	C	0.126	0.2318209
521	C	0.506	0.1829606
522	G	-0.068	0.1915307
523	T	-0.192	0.1817039
524	A	0.321	0.133473
525	C	0.385	0.1069361
526	C	0.413	0.1225565
527	A	-0.216	0.1000178
528	C	0.424	0.119101
529	T	-0.021	0.1324192
530	T	-0.144	0.1440835
531	A	-0.252	0.1481648
532	C	0.314	-
533	T	0.236	-
534	G	0.160	-
535	G	-0.032	-
536	C	0.461	-
537	C	0.434	-
